   0  -1.7976+308  1.7976+308 -1.7976+308  1.7976+308
   0   EPSL= 1.0000E-07  EPSU = 1.0000E-07  EPSS = 1.0000E-04
   0   DS  =-1.0000E-03  DSMIN= 1.0000E-04  DSMAX= 5.0000E-02
   0   NDIM=   4   IPS =  17   IRS = 413   ILP =   1
   0   NTST=1000   NCOL=   4   IAD =   3   ISP =   1
   0   ISW =   1   IPLT=   0   NBC =   4   NINT=   0
   0   NMX=  250   NPR=   25   MXBF=  10   IID =   3   IADS=   1
   0   ITMX=   8   ITNW=   6   NWTN=   3   JAC =   0   NUZR=   0
   0   NPAR=  16   THL = {}    THU = {}
   0   e = 'gms1'
   0   User-specified constants, where different from above:
   0   NDIM=   2
   0   User-specified parameters:         11   3   4   5   6
   0   Active continuation parameter:     11
   0
   0    PT  TY  LAB     PERIOD            L2-NORM            MAX U(1)           MAX U(2)           PAR(3)             PAR(4)             PAR(5)             PAR(6)          
   1     1   0    0   4.8743736168E+00   6.1004171489E-01   9.1444334963E-01   2.9325735099E-01   5.3736391197E-01   2.8496298451E-01   2.8499649915E-01   2.8877486043E-01
   1     2   0    0   4.8664080664E+00   6.1004938294E-01   9.1428112987E-01   2.9322551704E-01   5.3736946589E-01   2.8504459570E-01   2.8504459570E-01   2.8878072436E-01
   1     3   0    0   4.8541051061E+00   6.1006085100E-01   9.1418833136E-01   2.9321046240E-01   5.3737777196E-01   2.8507284201E-01   2.8507284201E-01   2.8878949449E-01
   1     4   0    0   4.8533724254E+00   6.1006153234E-01   9.1418317859E-01   2.9320957743E-01   5.3737826543E-01   2.8507452149E-01   2.8507452149E-01   2.8879001555E-01
   1     5   0    0   4.8522735578E+00   6.1006255386E-01   9.1417478876E-01   2.9320823356E-01   5.3737900528E-01   2.8507703980E-01   2.8507703980E-01   2.8879079677E-01
   1     6   0    0   4.8500763661E+00   6.1006459516E-01   9.1415796813E-01   2.9320554682E-01   5.3738048372E-01   2.8508207313E-01   2.8508207313E-01   2.8879235790E-01
   1     7   0    0   4.8467819377E+00   6.1006765275E-01   9.1413265018E-01   2.9320151961E-01   5.3738269821E-01   2.8508961494E-01   2.8508961494E-01   2.8879469627E-01
   1     8   0    0   4.8418433538E+00   6.1007222933E-01   9.1409441968E-01   2.9319548383E-01   5.3738601282E-01   2.8510090920E-01   2.8510090920E-01   2.8879819639E-01
   1     9   0    0   4.8344423629E+00   6.1007907210E-01   9.1403655520E-01   2.9318644276E-01   5.3739096864E-01   2.8511780908E-01   2.8511780908E-01   2.8880342976E-01
   1    10   0    0   4.8233563765E+00   6.1008928638E-01   9.1394867202E-01   2.9317291140E-01   5.3739836610E-01   2.8514306548E-01   2.8514306548E-01   2.8881124194E-01
   1    11   0    0   4.8067622997E+00   6.1010449521E-01   9.1381409743E-01   2.9315267420E-01   5.3740938042E-01   2.8518073987E-01   2.8518073987E-01   2.8882287464E-01
   1    12   0    0   4.7819498072E+00   6.1012705380E-01   9.1360631619E-01   2.9312245806E-01   5.3742571674E-01   2.8523677833E-01   2.8523677833E-01   2.8884013012E-01
   1    13   0    0   4.7458147125E+00   6.1015950634E-01   9.1328941707E-01   2.9307854058E-01   5.3744921649E-01   2.8531774977E-01   2.8531774977E-01   2.8886495611E-01
   1    14   0    0   4.7098834730E+00   6.1019129212E-01   9.1295734174E-01   2.9303496829E-01   5.3747223177E-01   2.8539750222E-01   2.8539750222E-01   2.8888927473E-01
   1    15   0    0   4.6741578435E+00   6.1022240281E-01   9.1261002440E-01   2.9299173090E-01   5.3749475670E-01   2.8547603223E-01   2.8547603223E-01   2.8891307933E-01
   1    16   0    0   4.6386387874E+00   6.1025283075E-01   9.1224747693E-01   2.9294881900E-01   5.3751678591E-01   2.8555333814E-01   2.8555333814E-01   2.8893636377E-01
   1    17   0    0   4.6033272199E+00   6.1028256828E-01   9.1186965073E-01   2.9290622157E-01   5.3753831400E-01   2.8562941844E-01   2.8562941844E-01   2.8895912191E-01
   1    18   0    0   4.5682240068E+00   6.1031160778E-01   9.1147656399E-01   2.9286392884E-01   5.3755933562E-01   2.8570427169E-01   2.8570427169E-01   2.8898134764E-01
   1    19   0    0   4.5333299634E+00   6.1033994162E-01   9.1106810223E-01   2.9282192810E-01   5.3757984539E-01   2.8577789660E-01   2.8577789660E-01   2.8900303486E-01
   1    20   0    0   4.4986458535E+00   6.1036756219E-01   9.1064449730E-01   2.9278021345E-01   5.3759983799E-01   2.8585029199E-01   2.8585029199E-01   2.8902417748E-01
   1    21   0    0   4.4641723885E+00   6.1039446192E-01   9.1020564218E-01   2.9273877183E-01   5.3761930806E-01   2.8592145681E-01   2.8592145681E-01   2.8904476946E-01
   1    22   0    0   4.4299102263E+00   6.1042063328E-01   9.0975166852E-01   2.9269759465E-01   5.3763825030E-01   2.8599139011E-01   2.8599139011E-01   2.8906480474E-01
   1    23   0    0   4.3958599707E+00   6.1044606875E-01   9.0928234587E-01   2.9265666639E-01   5.3765665944E-01   2.8606009110E-01   2.8606009110E-01   2.8908427735E-01
   1    24   0    0   4.3620221698E+00   6.1047076087E-01   9.0879781055E-01   2.9261597825E-01   5.3767453021E-01   2.8612755909E-01   2.8612755909E-01   2.8910318131E-01
   1    25   4  414   4.3283973152E+00   6.1049470225E-01   9.0829730010E-01   2.9257550566E-01   5.3769185740E-01   2.8619379356E-01   2.8619379356E-01   2.8912151073E-01
   1    26   0    0   4.2949858413E+00   6.1051788555E-01   9.0778238989E-01   2.9253526425E-01   5.3770863584E-01   2.8625879409E-01   2.8625879409E-01   2.8913925972E-01
   1    27   0    0   4.2617881240E+00   6.1054030350E-01   9.0725232928E-01   2.9249522902E-01   5.3772486042E-01   2.8632256045E-01   2.8632256045E-01   2.8915642252E-01
   1    28   0    0   4.2288044797E+00   6.1056194893E-01   9.0670786359E-01   2.9245539991E-01   5.3774052607E-01   2.8638509253E-01   2.8638509253E-01   2.8917299337E-01
   1    29   0    0   4.1960351643E+00   6.1058281477E-01   9.0614758648E-01   2.9241574236E-01   5.3775562782E-01   2.8644639041E-01   2.8644639041E-01   2.8918896666E-01
   1    30   0    0   4.1634803722E+00   6.1060289406E-01   9.0557224179E-01   2.9237625640E-01   5.3777016076E-01   2.8650645431E-01   2.8650645431E-01   2.8920433681E-01
   1    31   0    0   4.1311402354E+00   6.1062217997E-01   9.0498185927E-01   2.9233693036E-01   5.3778412007E-01   2.8656528465E-01   2.8656528465E-01   2.8921909839E-01
   1    32   0    0   4.0990148222E+00   6.1064066583E-01   9.0437647529E-01   2.9229775266E-01   5.3779750105E-01   2.8662288205E-01   2.8662288205E-01   2.8923324607E-01
   1    33   0    0   4.0671041363E+00   6.1065834513E-01   9.0375612248E-01   2.9225871165E-01   5.3781029911E-01   2.8667924733E-01   2.8667924733E-01   2.8924677466E-01
   1    34   0    0   4.0354081160E+00   6.1067521156E-01   9.0312096839E-01   2.9221979750E-01   5.3782250980E-01   2.8673438152E-01   2.8673438152E-01   2.8925967912E-01
   1    35   0    0   4.0039266327E+00   6.1069125901E-01   9.0247078544E-01   2.9218099501E-01   5.3783412882E-01   2.8678828589E-01   2.8678828589E-01   2.8927195457E-01
   1    36   0    0   3.9726594902E+00   6.1070648161E-01   9.0180574156E-01   2.9214229450E-01   5.3784515204E-01   2.8684096198E-01   2.8684096198E-01   2.8928359633E-01
   1    37   0    0   3.9416064236E+00   6.1072087377E-01   9.0112587447E-01   2.9210368458E-01   5.3785557552E-01   2.8689241158E-01   2.8689241158E-01   2.8929459993E-01
   1    38   0    0   3.9107670978E+00   6.1073443019E-01   9.0043121838E-01   2.9206515393E-01   5.3786539551E-01   2.8694263679E-01   2.8694263679E-01   2.8930496113E-01
   1    39   0    0   3.8801411075E+00   6.1074714590E-01   8.9972181014E-01   2.9202669141E-01   5.3787460854E-01   2.8699164001E-01   2.8699164001E-01   2.8931467594E-01
   1    40   0    0   3.8497279752E+00   6.1075901630E-01   8.9899739361E-01   2.9198828260E-01   5.3788321137E-01   2.8703942402E-01   2.8703942402E-01   2.8932374067E-01
   1    41   0    0   3.8195271504E+00   6.1077003718E-01   8.9825858237E-01   2.9194992372E-01   5.3789120104E-01   2.8708599193E-01   2.8708599193E-01   2.8933215195E-01
   1    42   0    0   3.7895380090E+00   6.1078020480E-01   8.9750511829E-01   2.9191160074E-01   5.3789857495E-01   2.8713134729E-01   2.8713134729E-01   2.8933990675E-01
   1    43   0    0   3.7597598518E+00   6.1078951590E-01   8.9673730213E-01   2.9187330647E-01   5.3790533082E-01   2.8717549406E-01   2.8717549406E-01   2.8934700242E-01
   1    44   0    0   3.7301919040E+00   6.1079796778E-01   8.9595461710E-01   2.9183502492E-01   5.3791146676E-01   2.8721843668E-01   2.8721843668E-01   2.8935343677E-01
   1    45   0    0   3.7008333137E+00   6.1080555833E-01   8.9515735624E-01   2.9179674965E-01   5.3791698134E-01   2.8726018012E-01   2.8726018012E-01   2.8935920804E-01
   1    46   0    0   3.6716831514E+00   6.1081228611E-01   8.9434555186E-01   2.9175847174E-01   5.3792187357E-01   2.8730072991E-01   2.8730072991E-01   2.8936431501E-01
   1    47   0    0   3.6427404088E+00   6.1081815040E-01   8.9351918907E-01   2.9172018227E-01   5.3792614301E-01   2.8734009216E-01   2.8734009216E-01   2.8936875701E-01
   1    48   0    0   3.6140039983E+00   6.1082315128E-01   8.9267828985E-01   2.9168187334E-01   5.3792978975E-01   2.8737827367E-01   2.8737827367E-01   2.8937253400E-01
   1    49   0    0   3.5854727516E+00   6.1082728970E-01   8.9182266274E-01   2.9164353560E-01   5.3793281456E-01   2.8741528196E-01   2.8741528196E-01   2.8937564662E-01
   1    50   4  415   3.5571454193E+00   6.1083056757E-01   8.9095268802E-01   2.9160516604E-01   5.3793521886E-01   2.8745112533E-01   2.8745112533E-01   2.8937809626E-01
   1    51   0    0   3.5290206701E+00   6.1083298787E-01   8.9006816001E-01   2.9156675670E-01   5.3793700483E-01   2.8748581291E-01   2.8748581291E-01   2.8937988511E-01
   1    52   0    0   3.5010970897E+00   6.1083455471E-01   8.8916567978E-01   2.9152827163E-01   5.3793817549E-01   2.8751935479E-01   2.8751935479E-01   2.8938101628E-01
   1    53   0    0   3.4733731805E+00   6.1083527347E-01   8.8825196194E-01   2.9148976854E-01   5.3793873475E-01   2.8755176206E-01   2.8755176206E-01   2.8938149384E-01
   1    54   0    0   3.4458473608E+00   6.1083515091E-01   8.8732359581E-01   2.9145121281E-01   5.3793868752E-01   2.8758304692E-01   2.8758304692E-01   2.8938132294E-01
   1    55   0    0   3.4185179640E+00   6.1083419532E-01   8.8638409555E-01   2.9141263268E-01   5.3793803980E-01   2.8761322277E-01   2.8761322277E-01   2.8938050990E-01
   1    56   0    0   3.3913832383E+00   6.1083241661E-01   8.8542626476E-01   2.9137396573E-01   5.3793679876E-01   2.8764230430E-01   2.8764230430E-01   2.8937906234E-01
   1    57   0    0   3.3644413463E+00   6.1082982654E-01   8.8445358361E-01   2.9133524336E-01   5.3793497291E-01   2.8767030768E-01   2.8767030768E-01   2.8937698926E-01
   1    58   0    0   3.3376903641E+00   6.1082643884E-01   8.8346514417E-01   2.9129646093E-01   5.3793257214E-01   2.8769725061E-01   2.8769725061E-01   2.8937430123E-01
   1    59   0    0   3.3111282815E+00   6.1082226941E-01   8.8246245598E-01   2.9125763509E-01   5.3792960794E-01   2.8772315252E-01   2.8772315252E-01   2.8937101049E-01
   1    60   0    0   3.2847530013E+00   6.1081733655E-01   8.8144457729E-01   2.9121876450E-01   5.3792609349E-01   2.8774803469E-01   2.8774803469E-01   2.8936713112E-01
   1    61   0    0   3.2585623395E+00   6.1081166119E-01   8.8041151131E-01   2.9117985760E-01   5.3792204388E-01   2.8777192048E-01   2.8777192048E-01   2.8936267926E-01
   1    62   0    0   3.2325540248E+00   6.1080526709E-01   8.7936277713E-01   2.9114092152E-01   5.3791747624E-01   2.8779483547E-01   2.8779483547E-01   2.8935767324E-01
   1    63   0    0   3.2067256991E+00   6.1079818121E-01   8.7829833284E-01   2.9110196929E-01   5.3791240997E-01   2.8781680774E-01   2.8781680774E-01   2.8935213386E-01
   1    64   0    0   3.1810749176E+00   6.1079043396E-01   8.7721859222E-01   2.9106301993E-01   5.3790686698E-01   2.8783786803E-01   2.8783786803E-01   2.8934608460E-01
   1    65   0    0   3.1555991492E+00   6.1078205956E-01   8.7612203598E-01   2.9102408176E-01   5.3790087191E-01   2.8785805010E-01   2.8785805010E-01   2.8933955188E-01
   1    66   0    0   3.1302957775E+00   6.1077309646E-01   8.7500902015E-01   2.9098518003E-01   5.3789445243E-01   2.8787739096E-01   2.8787739096E-01   2.8933256540E-01
   1    67   0    0   3.1051621013E+00   6.1076358772E-01   8.7387904656E-01   2.9094633767E-01   5.3788763955E-01   2.8789593124E-01   2.8789593124E-01   2.8932515845E-01
   1    68   0    0   3.0801953368E+00   6.1075358156E-01   8.7273214218E-01   2.9090758533E-01   5.3788046796E-01   2.8791371555E-01   2.8791371555E-01   2.8931736827E-01
   1    69   0    0   3.0553926190E+00   6.1074313183E-01   8.7156773534E-01   2.9086895420E-01   5.3787297642E-01   2.8793079290E-01   2.8793079290E-01   2.8930923649E-01
   1    70   0    0   3.0307510047E+00   6.1073229869E-01   8.7038563693E-01   2.9083048308E-01   5.3786520823E-01   2.8794721720E-01   2.8794721720E-01   2.8930080961E-01
   1    71   0    0   3.0062674761E+00   6.1072114924E-01   8.6918490057E-01   2.9079221161E-01   5.3785721167E-01   2.8796304773E-01   2.8796304773E-01   2.8929213951E-01
   1    72   0    0   2.9819389451E+00   6.1070975834E-01   8.6796524319E-01   2.9075418991E-01   5.3784904061E-01   2.8797834981E-01   2.8797834981E-01   2.8928328407E-01
   1    73   0    0   2.9577622596E+00   6.1069820946E-01   8.6672605644E-01   2.9071647304E-01   5.3784075511E-01   2.8799319544E-01   2.8799319544E-01   2.8927430783E-01
   1    74   0    0   2.9337342112E+00   6.1068659569E-01   8.6546677733E-01   2.9067912407E-01   5.3783242217E-01   2.8800766407E-01   2.8800766407E-01   2.8926528278E-01
   1    75   4  416   2.9098515454E+00   6.1067502089E-01   8.6418667627E-01   2.9064221376E-01   5.3782411650E-01   2.8802184347E-01   2.8802184347E-01   2.8925628923E-01
   1    76   0    0   2.8861109744E+00   6.1066360095E-01   8.6288435184E-01   2.9060581880E-01   5.3781592148E-01   2.8803583076E-01   2.8803583076E-01   2.8924741679E-01
   1    77   0    0   2.8625091944E+00   6.1065246527E-01   8.6156024129E-01   2.9057003709E-01   5.3780793025E-01   2.8804973352E-01   2.8804973352E-01   2.8923876556E-01
   1    78   0    0   2.8390429068E+00   6.1064175850E-01   8.6021278531E-01   2.9053496746E-01   5.3780024686E-01   2.8806367108E-01   2.8806367108E-01   2.8923044740E-01
   1    79   0    0   2.8157088463E+00   6.1063164242E-01   8.5884111036E-01   2.9050072639E-01   5.3779298772E-01   2.8807777606E-01   2.8807777606E-01   2.8922258743E-01
   1    80   0    0   2.7925038168E+00   6.1062229822E-01   8.5744383683E-01   2.9046744321E-01   5.3778628320E-01   2.8809219602E-01   2.8809219602E-01   2.8921532580E-01
   1    81   0    0   2.7694247382E+00   6.1061392904E-01   8.5601988891E-01   2.9043526645E-01   5.3778027946E-01   2.8810709550E-01   2.8810709550E-01   2.8920881964E-01
   1    82   0    0   2.7464687056E+00   6.1060676297E-01   8.5456838484E-01   2.9040436552E-01   5.3777514061E-01   2.8812265824E-01   2.8812265824E-01   2.8920324536E-01
   1    83   0    0   2.7236330668E+00   6.1060105646E-01   8.5308698150E-01   2.9037492518E-01   5.3777105115E-01   2.8813908979E-01   2.8813908979E-01   2.8919880134E-01
   1    84   0    0   2.7009155221E+00   6.1059709827E-01   8.5157454041E-01   2.9034716214E-01   5.3776821884E-01   2.8815662057E-01   2.8815662057E-01   2.8919571092E-01
   1    85   0    0   2.6783142532E+00   6.1059521401E-01   8.5002936230E-01   2.9032131972E-01   5.3776687794E-01   2.8817550930E-01   2.8817550930E-01   2.8919422602E-01
   1    86   0    0   2.6558280900E+00   6.1059577144E-01   8.4844950744E-01   2.9029767380E-01   5.3776729301E-01   2.8819604695E-01   2.8819604695E-01   2.8919463112E-01
   1    87   0    0   2.6334567270E+00   6.1059918642E-01   8.4683296440E-01   2.9027653842E-01   5.3776976323E-01   2.8821856130E-01   2.8821856130E-01   2.8919724793E-01
   1    88   0    0   2.6112010028E+00   6.1060592977E-01   8.4517561753E-01   2.9025826219E-01   5.3777462728E-01   2.8824342208E-01   2.8824342208E-01   2.8920244073E-01
   1    89   0    0   2.5890632622E+00   6.1061653494E-01   8.4347892756E-01   2.9024326879E-01   5.3778226888E-01   2.8827104668E-01   2.8827104668E-01   2.8921062226E-01
   1    90   0    0   2.5670478231E+00   6.1063160655E-01   8.4173844945E-01   2.9023201240E-01   5.3779312289E-01   2.8830190648E-01   2.8830190648E-01   2.8922226036E-01
   1    91   0    0   2.5451615774E+00   6.1065182954E-01   8.3995335879E-01   2.9022502745E-01   5.3780768195E-01   2.8833653363E-01   2.8833653363E-01   2.8923788506E-01
   1    92   0    0   2.5234147580E+00   6.1067797870E-01   8.3811720401E-01   2.9022289690E-01   5.3782650322E-01   2.8837552787E-01   2.8837552787E-01   2.8925809599E-01
   1    93   0    0   2.5018219087E+00   6.1071092781E-01   8.3622903092E-01   2.9022630687E-01   5.3785021501E-01   2.8841956312E-01   2.8841956312E-01   2.8928356947E-01
   1    94   0    0   2.4804030915E+00   6.1075165735E-01   8.3428616596E-01   2.9023602243E-01   5.3787952221E-01   2.8846939258E-01   2.8846939258E-01   2.8931506448E-01
   1    95   0    0   2.4591853513E+00   6.1080125879E-01   8.3228591942E-01   2.9025289886E-01   5.3791520944E-01   2.8852585118E-01   2.8852585118E-01   2.8935342609E-01
   1    96   0    0   2.4382044314E+00   6.1086093278E-01   8.3022622692E-01   2.9027788344E-01   5.3795813957E-01   2.8858985304E-01   2.8858985304E-01   2.8939958407E-01
   1    97   0    0   2.4175066621E+00   6.1093197714E-01   8.2810532348E-01   2.9031200540E-01   5.3800924512E-01   2.8866238093E-01   2.8866238093E-01   2.8945454367E-01
   1    98   0    0   2.3971508399E+00   6.1101575960E-01   8.2592345525E-01   2.9035636164E-01   5.3806950851E-01   2.8874446387E-01   2.8874446387E-01   2.8951936463E-01
   1    99   0    0   2.3772097435E+00   6.1111366955E-01   8.2368140901E-01   2.9041207358E-01   5.3813992726E-01   2.8883713867E-01   2.8883713867E-01   2.8959512392E-01
   1   100   4  417   2.3577707246E+00   6.1122704405E-01   8.2138259009E-01   2.9048023682E-01   5.3822146076E-01   2.8894139220E-01   2.8894139220E-01   2.8968285858E-01
   1   101   0    0   2.3389346226E+00   6.1135706751E-01   8.1903187536E-01   2.9056183721E-01   5.3831495799E-01   2.8905808422E-01   2.8905808422E-01   2.8978348813E-01
   1   102   0    0   2.3208122311E+00   6.1150465205E-01   8.1663780513E-01   2.9065766270E-01   5.3842107151E-01   2.8918785694E-01   2.8918785694E-01   2.8989772202E-01
   1   103   0    0   2.3035178717E+00   6.1167031683E-01   8.1421128475E-01   2.9076820059E-01   5.3854017067E-01   2.8933104572E-01   2.8933104572E-01   2.9002596618E-01
   1   104   0    0   2.2871604251E+00   6.1185409427E-01   8.1176537365E-01   2.9089355868E-01   5.3867227440E-01   2.8948761237E-01   2.8948761237E-01   2.9016825027E-01
   1   105   0    0   2.2718332607E+00   6.1205549271E-01   8.0931445736E-01   2.9103342844E-01   5.3881702447E-01   2.8965712294E-01   2.8965712294E-01   2.9032419862E-01
   1   106   0    0   2.2576053381E+00   6.1227353267E-01   8.0687289049E-01   2.9118710489E-01   5.3897371188E-01   2.8983878183E-01   2.8983878183E-01   2.9049305793E-01
   1   107   0    0   2.2445157130E+00   6.1250685090E-01   8.0445412733E-01   2.9135356340E-01   5.3914135196E-01   2.9003151612E-01   2.9003151612E-01   2.9067377762E-01
   1   108   0    0   2.2325726031E+00   6.1275384475E-01   8.0206924564E-01   2.9153156835E-01   5.3931878832E-01   2.9023408800E-01   2.9023408800E-01   2.9086512134E-01
   1   109   0    0   2.2217566425E+00   6.1301282042E-01   7.9972683588E-01   2.9171979152E-01   5.3950479961E-01   2.9044520738E-01   2.9044520738E-01   2.9106578157E-01
   1   110   0    0   2.2120268196E+00   6.1328211616E-01   7.9743259160E-01   2.9191691101E-01   5.3969818808E-01   2.9066362322E-01   2.9066362322E-01   2.9127447499E-01
   1   111   0    0   2.2033273107E+00   6.1356018659E-01   7.9518994157E-01   2.9212168321E-01   5.3989784030E-01   2.9088818410E-01   2.9088818410E-01   2.9149000773E-01
   1   112   0    0   2.1955938195E+00   6.1384564870E-01   7.9300019914E-01   2.9233298267E-01   5.4010276004E-01   2.9111786952E-01   2.9111786952E-01   2.9171131111E-01
   1   113   0    0   2.1887586848E+00   6.1413729767E-01   7.9086323662E-01   2.9254981927E-01   5.4031207965E-01   2.9135179861E-01   2.9135179861E-01   2.9193745388E-01
   1   114   0    0   2.1827545675E+00   6.1443410289E-01   7.8877772837E-01   2.9277133761E-01   5.4052505708E-01   2.9158922459E-01   2.9158922459E-01   2.9216763931E-01
   1   115   0    0   2.1775168576E+00   6.1473519297E-01   7.8674095907E-01   2.9299680569E-01   5.4074106507E-01   2.9182952153E-01   2.9182952153E-01   2.9240119361E-01
   1   116   0    0   2.1729850748E+00   6.1503983608E-01   7.8475185221E-01   2.9322560938E-01   5.4095957690E-01   2.9207216823E-01   2.9207216823E-01   2.9263755078E-01
   1   117   0    0   2.1691035476E+00   6.1534741945E-01   7.8280700073E-01   2.9345722422E-01   5.4118015165E-01   2.9231673190E-01   2.9231673190E-01   2.9287623680E-01
   1   118   0    0   2.1658216100E+00   6.1565743011E-01   7.8090428303E-01   2.9369121143E-01   5.4140242030E-01   2.9256285323E-01   2.9256285323E-01   2.9311685476E-01
   1   119   0    0   2.1630934995E+00   6.1596943792E-01   7.7903955159E-01   2.9392719419E-01   5.4162607348E-01   2.9281023331E-01   2.9281023331E-01   2.9335907175E-01
   1   120   0    0   2.1608780838E+00   6.1628308098E-01   7.7721077361E-01   2.9416485864E-01   5.4185085098E-01   2.9305862262E-01   2.9305862262E-01   2.9360260759E-01
   1   121   0    0   2.1591385010E+00   6.1659805349E-01   7.7541524917E-01   2.9440393550E-01   5.4207653302E-01   2.9330781190E-01   2.9330781190E-01   2.9384722549E-01
   1   122   0    0   2.1578417679E+00   6.1691409575E-01   7.7365069952E-01   2.9464419529E-01   5.4230293296E-01   2.9355762469E-01   2.9355762469E-01   2.9409272421E-01
   1   123   0    0   2.1569583887E+00   6.1723098587E-01   7.7191470038E-01   2.9488543983E-01   5.4252989147E-01   2.9380791126E-01   2.9380791126E-01   2.9433893181E-01
   1   124   0    0   2.1564619836E+00   6.1754853316E-01   7.7020494730E-01   2.9512749761E-01   5.4275727165E-01   2.9405854373E-01   2.9405854373E-01   2.9458570041E-01
   1   125   5  418   2.1563264448E+00   6.1782818740E-01   7.6872171284E-01   2.9534091077E-01   5.4295747785E-01   2.9427914144E-01   2.9427914144E-01   2.9480306375E-01
   1   126   0    0   2.1564953515E+00   6.1814650161E-01   7.6705642982E-01   2.9558408012E-01   5.4318531472E-01   2.9453010759E-01   2.9453010759E-01   2.9505052336E-01
   1   127   0    0   2.1569896979E+00   6.1846509146E-01   7.6541178181E-01   2.9582771143E-01   5.4341329959E-01   2.9478117121E-01   2.9478117121E-01   2.9529824785E-01
   1   128   0    0   2.1577922361E+00   6.1878380536E-01   7.6378634399E-01   2.9607167187E-01   5.4364132394E-01   2.9503222752E-01   2.9503222752E-01   2.9554611938E-01
   1   129   0    0   2.1588874617E+00   6.1910254304E-01   7.6217854116E-01   2.9631586919E-01   5.4386931601E-01   2.9528321078E-01   2.9528321078E-01   2.9579405996E-01
   1   130   0    0   2.1602614197E+00   6.1942121483E-01   7.6058681999E-01   2.9656022035E-01   5.4409721168E-01   2.9553406233E-01   2.9553406233E-01   2.9604199976E-01
   1   131   0    0   2.1619015336E+00   6.1973973996E-01   7.5901002876E-01   2.9680465124E-01   5.4432495328E-01   2.9578472944E-01   2.9578472944E-01   2.9628987583E-01
   1   132   0    0   2.1637964563E+00   6.2005804520E-01   7.5744679594E-01   2.9704909363E-01   5.4455248855E-01   2.9603516432E-01   2.9603516432E-01   2.9653763105E-01
   1   133   0    0   2.1659359380E+00   6.2037606371E-01   7.5589628392E-01   2.9729348653E-01   5.4477976985E-01   2.9628532339E-01   2.9628532339E-01   2.9678521322E-01
   1   134   0    0   2.1683107119E+00   6.2069373409E-01   7.5435667096E-01   2.9753777063E-01   5.4500675347E-01   2.9653516658E-01   2.9653516658E-01   2.9703257433E-01
   1   135   0    0   2.1709123927E+00   6.2101099955E-01   7.5282726268E-01   2.9778189418E-01   5.4523339902E-01   2.9678465677E-01   2.9678465677E-01   2.9727966994E-01
   1   136   0    0   2.1737333878E+00   6.2132780726E-01   7.5130704501E-01   2.9802580793E-01   5.4545966899E-01   2.9703375940E-01   2.9703375940E-01   2.9752645864E-01
   1   137   0    0   2.1767668191E+00   6.2164410779E-01   7.4979513636E-01   2.9826946602E-01   5.4568552830E-01   2.9728244199E-01   2.9728244199E-01   2.9777290164E-01
   1   138   0    0   2.1800064538E+00   6.2195985459E-01   7.4829062820E-01   2.9851282510E-01   5.4591094399E-01   2.9753067393E-01   2.9753067393E-01   2.9801896239E-01
   1   139   0    0   2.1834466436E+00   6.2227500360E-01   7.4679270865E-01   2.9875584430E-01   5.4613588489E-01   2.9777842612E-01   2.9777842612E-01   2.9826460624E-01
   1   140   0    0   2.1870822709E+00   6.2258951290E-01   7.4530053306E-01   2.9899848457E-01   5.4636032138E-01   2.9802567075E-01   2.9802567075E-01   2.9850980017E-01
   1   141   0    0   2.1909087001E+00   6.2290334240E-01   7.4381336979E-01   2.9924070886E-01   5.4658422516E-01   2.9827238115E-01   2.9827238115E-01   2.9875451257E-01
   1   142   0    0   2.1949217361E+00   6.2321645357E-01   7.4233049773E-01   2.9948248155E-01   5.4680756909E-01   2.9851853157E-01   2.9851853157E-01   2.9899871303E-01
   1   143   0    0   2.1991175854E+00   6.2352880923E-01   7.4085122474E-01   2.9972376829E-01   5.4703032699E-01   2.9876409703E-01   2.9876409703E-01   2.9924237215E-01
   1   144   0    0   2.2034928227E+00   6.2384037330E-01   7.3937489005E-01   2.9996453591E-01   5.4725247352E-01   2.9900905323E-01   2.9900905323E-01   2.9948546141E-01
   1   145   0    0   2.2080443605E+00   6.2415111071E-01   7.3790085923E-01   3.0020475215E-01   5.4747398403E-01   2.9925337640E-01   2.9925337640E-01   2.9972795300E-01
   1   146   0    0   2.2127694219E+00   6.2446098715E-01   7.3642851815E-01   3.0044438557E-01   5.4769483447E-01   2.9949704323E-01   2.9949704323E-01   2.9996981975E-01
   1   147   0    0   2.2176655158E+00   6.2476996900E-01   7.3495727756E-01   3.0068340542E-01   5.4791500131E-01   2.9974003075E-01   2.9974003075E-01   3.0021103495E-01
   1   148   0    0   2.2227304153E+00   6.2507802319E-01   7.3348649000E-01   3.0092178126E-01   5.4813446138E-01   2.9998231628E-01   2.9998231628E-01   3.0045157234E-01
   1   149   0    0   2.2279621373E+00   6.2538511706E-01   7.3201575577E-01   3.0115948386E-01   5.4835319187E-01   3.0022387737E-01   3.0022387737E-01   3.0069140594E-01
   1   150   4  419   2.2333589249E+00   6.2569121831E-01   7.3054445991E-01   3.0139648362E-01   5.4857117021E-01   3.0046469167E-01   3.0046469167E-01   3.0093051005E-01
   1   151   0    0   2.2389192302E+00   6.2599629485E-01   7.2907213105E-01   3.0163275161E-01   5.4878837403E-01   3.0070473698E-01   3.0070473698E-01   3.0116885910E-01
   1   152   0    0   2.2446417001E+00   6.2630031479E-01   7.2759815318E-01   3.0186825862E-01   5.4900478109E-01   3.0094399111E-01   3.0094399111E-01   3.0140642768E-01
   1   153   0    0   2.2505251616E+00   6.2660324628E-01   7.2612207923E-01   3.0210297605E-01   5.4922036920E-01   3.0118243185E-01   3.0118243185E-01   3.0164319038E-01
   1   154   0    0   2.2565686100E+00   6.2690505751E-01   7.2464342554E-01   3.0233687524E-01   5.4943511623E-01   3.0142003697E-01   3.0142003697E-01   3.0187912181E-01
   1   155   0    0   2.2627711965E+00   6.2720571661E-01   7.2316169764E-01   3.0256992744E-01   5.4964900001E-01   3.0165678413E-01   3.0165678413E-01   3.0211419651E-01
   1   156   0    0   2.2691322179E+00   6.2750519157E-01   7.2167642775E-01   3.0280210391E-01   5.4986199829E-01   3.0189265085E-01   3.0189265085E-01   3.0234838891E-01
   1   157   0    0   2.2756511058E+00   6.2780345022E-01   7.2018699002E-01   3.0303337521E-01   5.5007408873E-01   3.0212761451E-01   3.0212761451E-01   3.0258167330E-01
   1   158   0    0   2.2823274176E+00   6.2810046015E-01   7.1869323845E-01   3.0326371336E-01   5.5028524882E-01   3.0236165225E-01   3.0236165225E-01   3.0281402374E-01
   1   159   0    0   2.2891608274E+00   6.2839618866E-01   7.1719455444E-01   3.0349308851E-01   5.5049545587E-01   3.0259474101E-01   3.0259474101E-01   3.0304541408E-01
   1   160   0    0   2.2961511169E+00   6.2869060270E-01   7.1569064654E-01   3.0372147167E-01   5.5070468695E-01   3.0282685743E-01   3.0282685743E-01   3.0327581785E-01
   1   161   0    0   2.3032981681E+00   6.2898366883E-01   7.1418072895E-01   3.0394883176E-01   5.5091291889E-01   3.0305797787E-01   3.0305797787E-01   3.0350520828E-01
   1   162   0    0   2.3106019543E+00   6.2927535315E-01   7.1266451491E-01   3.0417513907E-01   5.5112012818E-01   3.0328807834E-01   3.0328807834E-01   3.0373355824E-01
   1   163   0    0   2.3180625333E+00   6.2956562127E-01   7.1114044407E-01   3.0440035892E-01   5.5132629099E-01   3.0351713449E-01   3.0351713449E-01   3.0396084016E-01
   1   164   0    0   2.3256800391E+00   6.2985443826E-01   7.0961028835E-01   3.0462446803E-01   5.5153138313E-01   3.0374512157E-01   3.0374512157E-01   3.0418702605E-01
   1   165   0    0   2.3334546747E+00   6.3014176856E-01   7.0807247171E-01   3.0484743069E-01   5.5173537997E-01   3.0397201442E-01   3.0397201442E-01   3.0441208743E-01
   1   166   0    0   2.3413867040E+00   6.3042757599E-01   7.0652759236E-01   3.0506921845E-01   5.5193825646E-01   3.0419778739E-01   3.0419778739E-01   3.0463599529E-01
   1   167   0    0   2.3494764451E+00   6.3071182365E-01   7.0497305932E-01   3.0528979066E-01   5.5213998704E-01   3.0442241436E-01   3.0442241436E-01   3.0485872006E-01
   1   168   0    0   2.3577242612E+00   6.3099447388E-01   7.0340947452E-01   3.0550911758E-01   5.5234054566E-01   3.0464586868E-01   3.0464586868E-01   3.0508023156E-01
   1   169   0    0   2.3661305535E+00   6.3127548823E-01   7.0183632434E-01   3.0572716472E-01   5.5253990569E-01   3.0486812314E-01   3.0486812314E-01   3.0530049895E-01
   1   170   0    0   2.3746957525E+00   6.3155482736E-01   7.0025320740E-01   3.0594389727E-01   5.5273803991E-01   3.0508914994E-01   3.0508914994E-01   3.0551949070E-01
   1   171   0    0   2.3834203091E+00   6.3183245103E-01   6.9865959474E-01   3.0615927913E-01   5.5293492047E-01   3.0530892064E-01   3.0530892064E-01   3.0573717455E-01
   1   172   0    0   2.3923046854E+00   6.3210831801E-01   6.9705501525E-01   3.0637327355E-01   5.5313051883E-01   3.0552740617E-01   3.0552740617E-01   3.0595351746E-01
   1   173   0    0   2.4013493450E+00   6.3238238603E-01   6.9543890666E-01   3.0658584256E-01   5.5332480573E-01   3.0574457670E-01   3.0574457670E-01   3.0616848553E-01
   1   174   0    0   2.4105547425E+00   6.3265461171E-01   6.9381077664E-01   3.0679694745E-01   5.5351775115E-01   3.0596040171E-01   3.0596040171E-01   3.0638204400E-01
   1   175   4  420   2.4199213122E+00   6.3292495051E-01   6.9216976535E-01   3.0700654709E-01   5.5370932426E-01   3.0617484987E-01   3.0617484987E-01   3.0659415716E-01
   1   176   0    0   2.4294494556E+00   6.3319335663E-01   6.9051598627E-01   3.0721460302E-01   5.5389949335E-01   3.0638788900E-01   3.0638788900E-01   3.0680478833E-01
   1   177   0    0   2.4391395291E+00   6.3345978296E-01   6.8884854601E-01   3.0742107174E-01   5.5408822582E-01   3.0659948609E-01   3.0659948609E-01   3.0701389975E-01
   1   178   0    0   2.4489918289E+00   6.3372418102E-01   6.8716700895E-01   3.0762591034E-01   5.5427548808E-01   3.0680960716E-01   3.0680960716E-01   3.0722145258E-01
   1   179   0    0   2.4590065757E+00   6.3398650083E-01   6.8547049133E-01   3.0782907282E-01   5.5446124553E-01   3.0701821727E-01   3.0701821727E-01   3.0742740678E-01
   1   180   0    0   2.4691838977E+00   6.3424669086E-01   6.8375852105E-01   3.0803051348E-01   5.5464546248E-01   3.0722528044E-01   3.0722528044E-01   3.0763172108E-01
   1   181   0    0   2.4795238117E+00   6.3450469791E-01   6.8203064093E-01   3.0823018521E-01   5.5482810207E-01   3.0743075960E-01   3.0743075960E-01   3.0783435289E-01
   1   182   0    0   2.4900262029E+00   6.3476046705E-01   6.8028582354E-01   3.0842803713E-01   5.5500912625E-01   3.0763461652E-01   3.0763461652E-01   3.0803525823E-01
   1   183   0    0   2.5006908015E+00   6.3501394149E-01   6.7852356470E-01   3.0862401883E-01   5.5518849565E-01   3.0783681172E-01   3.0783681172E-01   3.0823439162E-01
   1   184   0    0   2.5115171586E+00   6.3526506244E-01   6.7674292148E-01   3.0881807640E-01   5.5536616954E-01   3.0803730446E-01   3.0803730446E-01   3.0843170604E-01
   1   185   0    0   2.5225046177E+00   6.3551376904E-01   6.7494360432E-01   3.0901015680E-01   5.5554210570E-01   3.0823605257E-01   3.0823605257E-01   3.0862715279E-01
   1   186   0    0   2.5336522847E+00   6.3575999821E-01   6.7312460335E-01   3.0920020214E-01   5.5571626039E-01   3.0843301243E-01   3.0843301243E-01   3.0882068140E-01
   1   187   0    0   2.5449589937E+00   6.3600368449E-01   6.7128532164E-01   3.0938815418E-01   5.5588858821E-01   3.0862813885E-01   3.0862813885E-01   3.0901223953E-01
   1   188   0    0   2.5564232696E+00   6.3624475989E-01   6.6942446393E-01   3.0957394962E-01   5.5605904197E-01   3.0882138496E-01   3.0882138496E-01   3.0920177283E-01
   1   189   0    0   2.5680432861E+00   6.3648315373E-01   6.6754135552E-01   3.0975752542E-01   5.5622757263E-01   3.0901270209E-01   3.0901270209E-01   3.0938922480E-01
   1   190   0    0   2.5798168194E+00   6.3671879246E-01   6.6563399469E-01   3.0993881051E-01   5.5639412911E-01   3.0920203967E-01   3.0920203967E-01   3.0957453667E-01
   1   191   0    0   2.5917411965E+00   6.3695159944E-01   6.6370352508E-01   3.1011774445E-01   5.5655865820E-01   3.0938934506E-01   3.0938934506E-01   3.0975764723E-01
   1   192   0    0   2.6038132377E+00   6.3718149474E-01   6.6174782311E-01   3.1029425026E-01   5.5672110435E-01   3.0957456340E-01   3.0957456340E-01   3.0993849262E-01
   1   193   0    0   2.6160291925E+00   6.3740839485E-01   6.5976678638E-01   3.1046825655E-01   5.5688140954E-01   3.0975763744E-01   3.0975763744E-01   3.1011700620E-01
   1   194   0    0   2.6283846681E+00   6.3763221246E-01   6.5775722164E-01   3.1063967546E-01   5.5703951307E-01   3.0993850732E-01   3.0993850732E-01   3.1029311827E-01
   1   195   0    0   2.6408745495E+00   6.3785285613E-01   6.5571891184E-01   3.1080842842E-01   5.5719535135E-01   3.1011711038E-01   3.1011711038E-01   3.1046675589E-01
   1   196   0    0   2.6534929107E+00   6.3807022994E-01   6.5365051029E-01   3.1097442834E-01   5.5734885764E-01   3.1029338091E-01   3.1029338091E-01   3.1063784254E-01
   1   197   0    0   2.6662329148E+00   6.3828423313E-01   6.5155068951E-01   3.1113758419E-01   5.5749996184E-01   3.1046724983E-01   3.1046724983E-01   3.1080629790E-01
   1   198   0    0   2.6790867035E+00   6.3849475969E-01   6.4941793229E-01   3.1129779981E-01   5.5764859012E-01   3.1063864440E-01   3.1063864440E-01   3.1097203747E-01
   1   199   0    0   2.6920452725E+00   6.3870169785E-01   6.4725068438E-01   3.1145497416E-01   5.5779466464E-01   3.1080748787E-01   3.1080748787E-01   3.1113497220E-01
   1   200   4  421   2.7050983331E+00   6.3890492957E-01   6.4504721335E-01   3.1160900039E-01   5.5793810318E-01   3.1097369903E-01   3.1097369903E-01   3.1129500808E-01
   1   201   0    0   2.7182341573E+00   6.3910432997E-01   6.4280575004E-01   3.1175976591E-01   5.5807881865E-01   3.1113719176E-01   3.1113719176E-01   3.1145204567E-01
   1   202   0    0   2.7314394055E+00   6.3929976658E-01   6.4052377261E-01   3.1190714877E-01   5.5821671871E-01   3.1129787451E-01   3.1129787451E-01   3.1160597956E-01
   1   203   0    0   2.7446989344E+00   6.3949109865E-01   6.3820046559E-01   3.1205102804E-01   5.5835170516E-01   3.1145564964E-01   3.1145564964E-01   3.1175669777E-01
   1   204   0    0   2.7579955830E+00   6.3967817628E-01   6.3583302402E-01   3.1219126671E-01   5.5848367337E-01   3.1161041277E-01   3.1161041277E-01   3.1190408107E-01
   1   205   0    0   2.7713099365E+00   6.3986083942E-01   6.3341966968E-01   3.1232772447E-01   5.5861251160E-01   3.1176205196E-01   3.1176205196E-01   3.1204800224E-01
   1   206   0    0   2.7846200652E+00   6.4003891685E-01   6.3095679494E-01   3.1246024411E-01   5.5873810025E-01   3.1191044681E-01   3.1191044681E-01   3.1218832522E-01
   1   207   0    0   2.7979012380E+00   6.4021222496E-01   6.2844231766E-01   3.1258866575E-01   5.5886031102E-01   3.1205546741E-01   3.1205546741E-01   3.1232490415E-01
   1   208   0    0   2.8111256102E+00   6.4038056641E-01   6.2587260454E-01   3.1271281209E-01   5.5897900594E-01   3.1219697322E-01   3.1219697322E-01   3.1245758233E-01
   1   209   0    0   2.8242618877E+00   6.4054372872E-01   6.2324631874E-01   3.1283250472E-01   5.5909403640E-01   3.1233481175E-01   3.1233481175E-01   3.1258619109E-01
   1   210   0    0   2.8372749695E+00   6.4070148264E-01   6.2055945506E-01   3.1294754068E-01   5.5920524202E-01   3.1246881713E-01   3.1246881713E-01   3.1271054852E-01
   1   211   0    0   2.8501255752E+00   6.4085358054E-01   6.1780942298E-01   3.1305770975E-01   5.5931244945E-01   3.1259880853E-01   3.1259880853E-01   3.1283045820E-01
   1   212   0    0   2.8627698680E+00   6.4099975466E-01   6.1499122799E-01   3.1316277608E-01   5.5941547122E-01   3.1272458851E-01   3.1272458851E-01   3.1294570780E-01
   1   213   0    0   2.8751590886E+00   6.4113971542E-01   6.1210202705E-01   3.1326249773E-01   5.5951410449E-01   3.1284594122E-01   3.1284594122E-01   3.1305606777E-01
   1   214   0    0   2.8872392234E+00   6.4127314984E-01   6.0913810589E-01   3.1335661205E-01   5.5960812994E-01   3.1296263071E-01   3.1296263071E-01   3.1316129008E-01
   1   215   0    0   2.8989507410E+00   6.4139972023E-01   6.0609573146E-01   3.1344483889E-01   5.5969731090E-01   3.1307439924E-01   3.1307439924E-01   3.1326110721E-01
   1   216   0    0   2.9102284414E+00   6.4151906343E-01   6.0297117969E-01   3.1352688050E-01   5.5978139272E-01   3.1318096592E-01   3.1318096592E-01   3.1335523151E-01
   1   217   0    0   2.9210014777E+00   6.4163079079E-01   5.9976086939E-01   3.1360242257E-01   5.5986010284E-01   3.1328202589E-01   3.1328202589E-01   3.1344335523E-01
   1   218   0    0   2.9311936239E+00   6.4173448937E-01   5.9646145476E-01   3.1367113602E-01   5.5993315159E-01   3.1337725021E-01   3.1337725021E-01   3.1352515146E-01
   1   219   0    0   2.9407238757E+00   6.4182972474E-01   5.9307001827E-01   3.1373268059E-01   5.6000023413E-01   3.1346628702E-01   3.1346628702E-01   3.1360027637E-01
   1   220   0    0   2.9495074772E+00   6.4191604595E-01   5.8958419045E-01   3.1378670958E-01   5.6006103399E-01   3.1354876426E-01   3.1354876426E-01   3.1366837307E-01
   1   221   0    0   2.9574574617E+00   6.4199299305E-01   5.8600252405E-01   3.1383287788E-01   5.6011522830E-01   3.1362429456E-01   3.1362429456E-01   3.1372907764E-01
   1   222   0    0   2.9644867698E+00   6.4206010759E-01   5.8232447120E-01   3.1387085027E-01   5.6016249522E-01   3.1369248249E-01   3.1369248249E-01   3.1378202739E-01
   1   223   0    0   2.9705109552E+00   6.4211694627E-01   5.7855079334E-01   3.1390031391E-01   5.6020252349E-01   3.1375293463E-01   3.1375293463E-01   3.1382687165E-01
   1   224   0    0   2.9754514072E+00   6.4216309723E-01   5.7468360312E-01   3.1392099109E-01   5.6023502389E-01   3.1380527223E-01   3.1380527223E-01   3.1386328465E-01
   1   225   4  422   2.9792389117E+00   6.4219819826E-01   5.7072665726E-01   3.1393265418E-01   5.6025974204E-01   3.1384914598E-01   3.1384914598E-01   3.1389097994E-01
   1   226   0    0   2.9818172575E+00   6.4222195539E-01   5.6668528128E-01   3.1393513888E-01   5.6027647150E-01   3.1388425175E-01   3.1388425175E-01   3.1390972503E-01
   1   227   0    0   2.9831465045E+00   6.4223415976E-01   5.6256633957E-01   3.1392835609E-01   5.6028506555E-01   3.1391034594E-01   3.1391034594E-01   3.1391935474E-01
   1   228   5  423   2.9833366852E+00   6.4223590347E-01   5.6029823669E-01   3.1392077759E-01   5.6028629343E-01   3.1392068363E-01   3.1392077759E-01   3.1392073061E-01
   1   229   0    0   2.9826968845E+00   6.4223003491E-01   5.6445442031E-01   3.1393260214E-01   5.6028216093E-01   3.1389957296E-01   3.1393260214E-01   3.1391610007E-01
   1   230   0    0   2.9807939789E+00   6.4221254013E-01   5.6853900153E-01   3.1393515143E-01   5.6026984143E-01   3.1386934143E-01   3.1393515143E-01   3.1390229608E-01
   1   231   0    0   2.9776579017E+00   6.4218357550E-01   5.7254274639E-01   3.1392846343E-01   5.6024944476E-01   3.1383020019E-01   3.1392846343E-01   3.1387944228E-01
   1   232   0    0   2.9733363604E+00   6.4214339039E-01   5.7645946316E-01   3.1391266256E-01   5.6022114607E-01   3.1378242212E-01   3.1391266256E-01   3.1384773588E-01
   1   233   0    0   2.9678919319E+00   6.4209231210E-01   5.8028453738E-01   3.1388794359E-01   5.6018517522E-01   3.1372633396E-01   3.1388794359E-01   3.1380743573E-01
   1   234   0    0   2.9613985858E+00   6.4203072789E-01   5.8401495136E-01   3.1385455874E-01   5.6014180417E-01   3.1366230050E-01   3.1385455874E-01   3.1375884814E-01
   1   235   0    0   2.9539380492E+00   6.4195906637E-01   5.8764920069E-01   3.1381280353E-01   5.6009133387E-01   3.1359070917E-01   3.1381280353E-01   3.1370231210E-01
   1   236   0    0   2.9455963639E+00   6.4187777988E-01   5.9118713432E-01   3.1376300271E-01   5.6003408192E-01   3.1351195589E-01   3.1376300271E-01   3.1363818547E-01
   1   237   0    0   2.9364608785E+00   6.4178732930E-01   5.9462974882E-01   3.1370549760E-01   5.5997037186E-01   3.1342643374E-01   3.1370549760E-01   3.1356683289E-01
   1   238   0    0   2.9266178040E+00   6.4168817185E-01   5.9797896526E-01   3.1364063537E-01   5.5990052460E-01   3.1333452414E-01   3.1364063537E-01   3.1348861613E-01
   1   239   0    0   2.9161503623E+00   6.4158075188E-01   6.0123741076E-01   3.1356876059E-01   5.5982485196E-01   3.1323659036E-01   3.1356876059E-01   3.1340388688E-01
   1   240   0    0   2.9051374900E+00   6.4146549463E-01   6.0440821933E-01   3.1349020907E-01   5.5974365229E-01   3.1313297420E-01   3.1349020907E-01   3.1331298174E-01
   1   241   0    0   2.8936530182E+00   6.4134280228E-01   6.0749486015E-01   3.1340530352E-01   5.5965720768E-01   3.1302399390E-01   3.1340530352E-01   3.1321621913E-01
   1   242   0    0   2.8817652362E+00   6.4121305197E-01   6.1050099597E-01   3.1331435093E-01   5.5956578261E-01   3.1290994304E-01   3.1331435093E-01   3.1311389772E-01
   1   243   0    0   2.8695367476E+00   6.4107659519E-01   6.1343037079E-01   3.1321764111E-01   5.5946962348E-01   3.1279109195E-01   3.1321764111E-01   3.1300629594E-01
   1   244   0    0   2.8570245365E+00   6.4093375822E-01   6.1628672402E-01   3.1311544623E-01   5.5936895897E-01   3.1266768785E-01   3.1311544623E-01   3.1289367231E-01
   1   245   0    0   2.8442801772E+00   6.4078484317E-01   6.1907372732E-01   3.1300802097E-01   5.5926400071E-01   3.1253995801E-01   3.1300802097E-01   3.1277626628E-01
   1   246   0    0   2.8313501344E+00   6.4063012942E-01   6.2179494001E-01   3.1289560315E-01   5.5915494438E-01   3.1240810927E-01   3.1289560315E-01   3.1265429935E-01
   1   247   0    0   2.8182761147E+00   6.4046987531E-01   6.2445377934E-01   3.1277841460E-01   5.5904197083E-01   3.1227233129E-01   3.1277841460E-01   3.1252797640E-01
   1   248   0    0   2.8050954401E+00   6.4030431985E-01   6.2705350222E-01   3.1265666216E-01   5.5892524733E-01   3.1213279778E-01   3.1265666216E-01   3.1239748704E-01
   1   249   0    0   2.7918414249E+00   6.4013368438E-01   6.2959719568E-01   3.1253053878E-01   5.5880492873E-01   3.1198966830E-01   3.1253053878E-01   3.1226300695E-01
   1   250   9  424   2.7785437424E+00   6.3995817428E-01   6.3208777365E-01   3.1240022460E-01   5.5868115862E-01   3.1184308992E-01   3.1240022460E-01   3.1212469918E-01
