   8.1801144e+08
   6.1399969e+08
   4.7248473e+08
   3.7126606e+08
   2.9697061e+08
   2.4121513e+08
   1.9856266e+08
   1.6538207e+08
   1.3918544e+08
   1.1822929e+08
   1.0126722e+08
   8.7392157e+07
   7.5933285e+07
   6.6387305e+07
   5.8371595e+07
   5.1591768e+07
   4.5818827e+07
   4.0872829e+07
   3.6611057e+07
   3.2919342e+07
   2.9705615e+07
   2.6895076e+07
   2.4426534e+07
   2.2249604e+07
   2.0322542e+07
   1.8610570e+07
   1.7084557e+07
   1.5719973e+07
   1.4496070e+07
   1.3395215e+07
   1.2402359e+07
   1.1504608e+07
   1.0690868e+07
   9.9515611e+06
   9.2783900e+06
   8.6641405e+06
   8.1025219e+06
   7.5880312e+06
   7.1158411e+06
   6.6817045e+06
   6.2818755e+06
   5.9130414e+06
   5.5722654e+06
   5.2569380e+06
   4.9647351e+06
   4.6935823e+06
   4.4416243e+06
   4.2071982e+06
   3.9888107e+06
   3.7851183e+06
   3.5949103e+06
   3.4170933e+06
   3.2506785e+06
   3.0947701e+06
   2.9485552e+06
   2.8112952e+06
   2.6823179e+06
   2.5610104e+06
   2.4468136e+06
   2.3392164e+06
   2.2377511e+06
   2.1419889e+06
   2.0515367e+06
   1.9660332e+06
   1.8851464e+06
   1.8085702e+06
   1.7360229e+06
   1.6672442e+06
   1.6019940e+06
   1.5400500e+06
   1.4812065e+06
   1.4252732e+06
   1.3720733e+06
   1.3214427e+06
   1.2732292e+06
   1.2272911e+06
   1.1834965e+06
   1.1417226e+06
   1.1018550e+06
   1.0637867e+06
   1.0274181e+06
   9.9265594e+05
   9.5941313e+05
   9.2760810e+05
   8.9716447e+05
   8.6801067e+05
   8.4007959e+05
   8.1330824e+05
   7.8763749e+05
   7.6301176e+05
   7.3937881e+05
   7.1668947e+05
   6.9489748e+05
   6.7395925e+05
   6.5383370e+05
   6.3448209e+05
   6.1586788e+05
   5.9795654e+05
   5.8071549e+05
   5.6411393e+05
   5.4812272e+05
   5.3271431e+05
   5.1786262e+05
   5.0354296e+05
   4.8973191e+05
   4.7640729e+05
   4.6354808e+05
   4.5113432e+05
   4.3914705e+05
   4.2756830e+05
   4.1638097e+05
   4.0556881e+05
   3.9511639e+05
   3.8500902e+05
   3.7523270e+05
   3.6577414e+05
   3.5662067e+05
   3.4776019e+05
   3.3918121e+05
   3.3087275e+05
   3.2282435e+05
   3.1502602e+05
   3.0746822e+05
   3.0014186e+05
   2.9303824e+05
   2.8614906e+05
   2.7946637e+05
   2.7298259e+05
   2.6669045e+05
   2.6058301e+05
   2.5465363e+05
   2.4889593e+05
   2.4330382e+05
   2.3787147e+05
   2.3259328e+05
   2.2746389e+05
   2.2247816e+05
   2.1763115e+05
   2.1291815e+05
   2.0833460e+05
   2.0387615e+05
   1.9953862e+05
   1.9531799e+05
   1.9121041e+05
   1.8721216e+05
   1.8331968e+05
   1.7952955e+05
   1.7583847e+05
   1.7224327e+05
   1.6874090e+05
   1.6532843e+05
   1.6200304e+05
   1.5876200e+05
   1.5560270e+05
   1.5252262e+05
   1.4951932e+05
   1.4659047e+05
   1.4373380e+05
   1.4094715e+05
   1.3822841e+05
   1.3557556e+05
   1.3298665e+05
   1.3045979e+05
   1.2799317e+05
   1.2558503e+05
   1.2323367e+05
   1.2093747e+05
   1.1869484e+05
   1.1650426e+05
   1.1436424e+05
   1.1227337e+05
   1.1023026e+05
   1.0823359e+05
   1.0628206e+05
   1.0437443e+05
   1.0250950e+05
   1.0068610e+05
   9.8903092e+04
   9.7159398e+04
   9.5453955e+04
   9.3785740e+04
   9.2153763e+04
   9.0557064e+04
   8.8994713e+04
   8.7465810e+04
   8.5969483e+04
   8.4504884e+04
   8.3071196e+04
   8.1667623e+04
   8.0293396e+04
   7.8947766e+04
   7.7630009e+04
   7.6339423e+04
   7.5075326e+04
   7.3837056e+04
   7.2623971e+04
   7.1435448e+04
   7.0270883e+04
   6.9129687e+04
   6.8011291e+04
   6.6915141e+04
   6.5840700e+04
   6.4787444e+04
   6.3754866e+04
   6.2742473e+04
   6.1749786e+04
   6.0776339e+04
   5.9821679e+04
   5.8885367e+04
   5.7966973e+04
   5.7066083e+04
   5.6182290e+04
   5.5315203e+04
   5.4464437e+04
   5.3629621e+04
   5.2810391e+04
   5.2006395e+04
   5.1217290e+04
   5.0442742e+04
   4.9682425e+04
   4.8936023e+04
   4.8203226e+04
   4.7483736e+04
   4.6777260e+04
   4.6083513e+04
   4.5402216e+04
   4.4733101e+04
   4.4075904e+04
   4.3430367e+04
   4.2796242e+04
   4.2173283e+04
   4.1561255e+04
   4.0959924e+04
   4.0369065e+04
   3.9788458e+04
   3.9217889e+04
   3.8657147e+04
   3.8106028e+04
   3.7564334e+04
   3.7031870e+04
   3.6508447e+04
   3.5993878e+04
   3.5487985e+04
   3.4990590e+04
   3.4501522e+04
   3.4020612e+04
   3.3547697e+04
   3.3082618e+04
   3.2625217e+04
   3.2175342e+04
   3.1732844e+04
   3.1297579e+04
   3.0869403e+04
   3.0448178e+04
   3.0033769e+04
   2.9626042e+04
   2.9224870e+04
   2.8830124e+04
   2.8441682e+04
   2.8059422e+04
   2.7683228e+04
   2.7312983e+04
   2.6948574e+04
   2.6589892e+04
   2.6236829e+04
   2.5889278e+04
   2.5547138e+04
   2.5210307e+04
   2.4878687e+04
   2.4552181e+04
   2.4230695e+04
   2.3914136e+04
   2.3602416e+04
   2.3295444e+04
   2.2993135e+04
   2.2695404e+04
   2.2402168e+04
   2.2113347e+04
   2.1828861e+04
   2.1548633e+04
   2.1272586e+04
   2.1000647e+04
   2.0732741e+04
   2.0468800e+04
   2.0208751e+04
   1.9952528e+04
   1.9700063e+04
   1.9451290e+04
   1.9206146e+04
   1.8964567e+04
   1.8726492e+04
   1.8491861e+04
   1.8260614e+04
   1.8032694e+04
   1.7808043e+04
   1.7586607e+04
   1.7368330e+04
   1.7153159e+04
   1.6941043e+04
   1.6731929e+04
   1.6525767e+04
   1.6322508e+04
   1.6122104e+04
   1.5924507e+04
   1.5729671e+04
   1.5537550e+04
   1.5348100e+04
   1.5161276e+04
   1.4977037e+04
   1.4795339e+04
   1.4616141e+04
   1.4439403e+04
   1.4265086e+04
   1.4093149e+04
   1.3923555e+04
   1.3756267e+04
   1.3591247e+04
   1.3428459e+04
   1.3267868e+04
   1.3109439e+04
   1.2953138e+04
   1.2798932e+04
   1.2646787e+04
   1.2496671e+04
   1.2348552e+04
   1.2202400e+04
   1.2058184e+04
   1.1915874e+04
   1.1775440e+04
   1.1636854e+04
   1.1500087e+04
   1.1365111e+04
   1.1231899e+04
   1.1100424e+04
   1.0970660e+04
   1.0842580e+04
   1.0716160e+04
   1.0591374e+04
   1.0468198e+04
   1.0346607e+04
   1.0226579e+04
   1.0108088e+04
   9.9911141e+03
   9.8756329e+03
   9.7616229e+03
   9.6490623e+03
   9.5379298e+03
   9.4282045e+03
   9.3198657e+03
   9.2128933e+03
   9.1072672e+03
   9.0029680e+03
   8.8999765e+03
   8.7982737e+03
   8.6978410e+03
   8.5986603e+03
   8.5007135e+03
   8.4039830e+03
   8.3084515e+03
   8.2141018e+03
   8.1209173e+03
   8.0288814e+03
   7.9379778e+03
   7.8481907e+03
   7.7595043e+03
   7.6719033e+03
   7.5853723e+03
   7.4998966e+03
   7.4154614e+03
   7.3320523e+03
   7.2496550e+03
   7.1682556e+03
   7.0878404e+03
   7.0083958e+03
   6.9299085e+03
   6.8523653e+03
   6.7757535e+03
   6.7000604e+03
   6.6252734e+03
   6.5513803e+03
   6.4783690e+03
   6.4062276e+03
   6.3349444e+03
   6.2645079e+03
   6.1949068e+03
   6.1261299e+03
   6.0581662e+03
   5.9910049e+03
   5.9246354e+03
   5.8590471e+03
   5.7942299e+03
   5.7301734e+03
   5.6668678e+03
   5.6043032e+03
   5.5424699e+03
   5.4813584e+03
   5.4209592e+03
   5.3612631e+03
   5.3022610e+03
   5.2439439e+03
   5.1863030e+03
   5.1293296e+03
   5.0730152e+03
   5.0173512e+03
   4.9623294e+03
   4.9079415e+03
   4.8541796e+03
   4.8010357e+03
   4.7485019e+03
   4.6965705e+03
   4.6452340e+03
   4.5944848e+03
   4.5443157e+03
   4.4947192e+03
   4.4456883e+03
   4.3972160e+03
   4.3492952e+03
   4.3019192e+03
   4.2550811e+03
   4.2087744e+03
   4.1629925e+03
   4.1177289e+03
   4.0729774e+03
   4.0287315e+03
   3.9849852e+03
   3.9417323e+03
   3.8989668e+03
   3.8566830e+03
   3.8148748e+03
   3.7735366e+03
   3.7326627e+03
   3.6922475e+03
   3.6522855e+03
   3.6127713e+03
   3.5736995e+03
   3.5350650e+03
   3.4968624e+03
   3.4590866e+03
   3.4217327e+03
   3.3847956e+03
   3.3482704e+03
   3.3121522e+03
   3.2764364e+03
   3.2411181e+03
   3.2061928e+03
   3.1716559e+03
   3.1375028e+03
   3.1037291e+03
   3.0703305e+03
   3.0373025e+03
   3.0046410e+03
   2.9723417e+03
   2.9404004e+03
   2.9088131e+03
   2.8775758e+03
   2.8466844e+03
   2.8161350e+03
   2.7859238e+03
   2.7560469e+03
   2.7265006e+03
   2.6972811e+03
   2.6683848e+03
   2.6398081e+03
   2.6115474e+03
   2.5835991e+03
   2.5559599e+03
   2.5286262e+03
   2.5015948e+03
   2.4748622e+03
   2.4484252e+03
   2.4222806e+03
   2.3964251e+03
   2.3708556e+03
   2.3455690e+03
   2.3205622e+03
   2.2958322e+03
   2.2713760e+03
   2.2471906e+03
   2.2232732e+03
   2.1996208e+03
   2.1762307e+03
   2.1531000e+03
   2.1302259e+03
   2.1076059e+03
   2.0852371e+03
   2.0631170e+03
   2.0412429e+03
   2.0196122e+03
   1.9982224e+03
   1.9770711e+03
   1.9561557e+03
   1.9354737e+03
   1.9150228e+03
   1.8948007e+03
   1.8748048e+03
   1.8550331e+03
   1.8354831e+03
   1.8161526e+03
   1.7970394e+03
   1.7781413e+03
   1.7594561e+03
   1.7409817e+03
   1.7227161e+03
   1.7046571e+03
   1.6868026e+03
   1.6691508e+03
   1.6516995e+03
   1.6344468e+03
   1.6173908e+03
   1.6005295e+03
   1.5838612e+03
   1.5673838e+03
   1.5510957e+03
   1.5349949e+03
   1.5190797e+03
   1.5033484e+03
   1.4877991e+03
   1.4724303e+03
   1.4572402e+03
   1.4422271e+03
   1.4273894e+03
   1.4127255e+03
   1.3982338e+03
   1.3839128e+03
   1.3697608e+03
   1.3557765e+03
   1.3419581e+03
   1.3283044e+03
   1.3148137e+03
   1.3014848e+03
   1.2883161e+03
   1.2753063e+03
   1.2624540e+03
   1.2497578e+03
   1.2372165e+03
   1.2248286e+03
   1.2125930e+03
   1.2005083e+03
   1.1885733e+03
   1.1767867e+03
   1.1651474e+03
   1.1536541e+03
   1.1423058e+03
   1.1311011e+03
   1.1200390e+03
   1.1091184e+03
   1.0983382e+03
   1.0876973e+03
   1.0771946e+03
   1.0668291e+03
   1.0565998e+03
   1.0465057e+03
   1.0365458e+03
   1.0267191e+03
   1.0170246e+03
   1.0074616e+03
   9.9802897e+02
   9.8872591e+02
   9.7955152e+02
   9.7050496e+02
   9.6158538e+02
   9.5279196e+02
   9.4412392e+02
   9.3558046e+02
   9.2716081e+02
   9.1886425e+02
   9.1069002e+02
   9.0263744e+02
   8.9470580e+02
   8.8689444e+02
   8.7920270e+02
   8.7162994e+02
   8.6417556e+02
   8.5683894e+02
   8.4961953e+02
   8.4251674e+02
   8.3553005e+02
   8.2865893e+02
   8.2190288e+02
   8.1526142e+02
   8.0873408e+02
   8.0232043e+02
   7.9602003e+02
   7.8983250e+02
   7.8375744e+02
   7.7779449e+02
   7.7194332e+02
   7.6620360e+02
   7.6057505e+02
   7.5505737e+02
   7.4965032e+02
   7.4435367e+02
   7.3916721e+02
   7.3409075e+02
   7.2912414e+02
   7.2426723e+02
   7.1951991e+02
   7.1488209e+02
   7.1035371e+02
   7.0593473e+02
   7.0162513e+02
   6.9742494e+02
   6.9333420e+02
   6.8935297e+02
   6.8548135e+02
   6.8171948e+02
   6.7806751e+02
   6.7452562e+02
   6.7109404e+02
   6.6777302e+02
   6.6456285e+02
   6.6146383e+02
   6.5847634e+02
   6.5560074e+02
   6.5283747e+02
   6.5018700e+02
   6.4764982e+02
   6.4522647e+02
   6.4291755e+02
   6.4072367e+02
   6.3864550e+02
   6.3668376e+02
   6.3483920e+02
   6.3311265e+02
   6.3150495e+02
   6.3001702e+02
   6.2864983e+02
   6.2740438e+02
   6.2628176e+02
   6.2528310e+02
   6.2440960e+02
   6.2366253e+02
   6.2304320e+02
   6.2255302e+02
   6.2219345e+02
   6.2196603e+02
   6.2187239e+02
   6.2191422e+02
   6.2209330e+02
   6.2241152e+02
   6.2287083e+02
   6.2347328e+02
   6.2422104e+02
   6.2511636e+02
   6.2616162e+02
   6.2735929e+02
   6.2871198e+02
   6.3022241e+02
   6.3189343e+02
   6.3372804e+02
   6.3572936e+02
   6.3790068e+02
   6.4024545e+02
   6.4276726e+02
   6.4546989e+02
   6.4835730e+02
   6.5143365e+02
   6.5470328e+02
   6.5817078e+02
   6.6184092e+02
   6.6571874e+02
   6.6980952e+02
   6.7411879e+02
   6.7865238e+02
   6.8341641e+02
   6.8841731e+02
   6.9366183e+02
   6.9915709e+02
   7.0491057e+02
   7.1093014e+02
   7.1722412e+02
   7.2380124e+02
   7.3067073e+02
   7.3784231e+02
   7.4532625e+02
   7.5313339e+02
   7.6127520e+02
   7.6976378e+02
   7.7861195e+02
   7.8783330e+02
   7.9744219e+02
   8.0745388e+02
   8.1788454e+02
   8.2875135e+02
   8.4007257e+02
   8.5186762e+02
   8.6415716e+02
   8.7696322e+02
   8.9030929e+02
   9.0422044e+02
   9.1872348e+02
   9.3384705e+02
   9.4962186e+02
   9.6608081e+02
   9.8325921e+02
   1.0011950e+03
   1.0199290e+03
   1.0395053e+03
   1.0599713e+03
   1.0813782e+03
   1.1037815e+03
   1.1272413e+03
   1.1518229e+03
   1.1775973e+03
   1.2046415e+03
   1.2330399e+03
   1.2628846e+03
   1.2942764e+03
   1.3273262e+03
   1.3621557e+03
   1.3988991e+03
   1.4377049e+03
   1.4787375e+03
   1.5221796e+03
   1.5682347e+03
   1.6171302e+03
   1.6691210e+03
   1.7244937e+03
   1.7835720e+03
   1.8467226e+03
   1.9143623e+03
   1.9869676e+03
   2.0650852e+03
   2.1493456e+03
   2.2404798e+03
   2.3393401e+03
   2.4469264e+03
   2.5644194e+03
   2.6932237e+03
   2.8350234e+03
   2.9918549e+03
   3.1662047e+03
   3.3611405e+03
   3.5804918e+03
   3.8291020e+03
   4.1131876e+03
   4.4408618e+03
   4.8229179e+03
   5.2740355e+03
   5.8147020e+03
   6.4744012e+03
   7.2971594e+03
   8.3517727e+03
   9.7520782e+03
   1.1701028e+04
   1.4599111e+04
   1.9361970e+04
   2.8641331e+04
   5.4647542e+04
   5.5493999e+05
  -6.8606183e+04
  -3.2431628e+04
  -2.1289320e+04
  -1.5875809e+04
  -1.2676723e+04
  -1.0564226e+04
  -9.0652170e+03
  -7.9464351e+03
  -7.0795689e+03
  -6.3882007e+03
  -5.8239811e+03
  -5.3548260e+03
  -4.9586072e+03
  -4.6195689e+03
  -4.3261876e+03
  -4.0698409e+03
  -3.8439483e+03
  -3.6434005e+03
  -3.4641703e+03
  -3.3030404e+03
  -3.1574093e+03
  -3.0251512e+03
  -2.9045117e+03
  -2.7940301e+03
  -2.6924806e+03
  -2.5988266e+03
  -2.5121859e+03
  -2.4318027e+03
  -2.3570260e+03
  -2.2872919e+03
  -2.2221094e+03
  -2.1610493e+03
  -2.1037344e+03
  -2.0498323e+03
  -1.9990485e+03
  -1.9511213e+03
  -1.9058177e+03
  -1.8629290e+03
  -1.8222680e+03
  -1.7836665e+03
  -1.7469725e+03
  -1.7120488e+03
  -1.6787707e+03
  -1.6470251e+03
  -1.6167090e+03
  -1.5877282e+03
  -1.5599966e+03
  -1.5334355e+03
  -1.5079724e+03
  -1.4835407e+03
  -1.4600791e+03
  -1.4375310e+03
  -1.4158441e+03
  -1.3949698e+03
  -1.3748635e+03
  -1.3554832e+03
  -1.3367904e+03
  -1.3187490e+03
  -1.3013253e+03
  -1.2844880e+03
  -1.2682079e+03
  -1.2524575e+03
  -1.2372113e+03
  -1.2224450e+03
  -1.2081364e+03
  -1.1942641e+03
  -1.1808082e+03
  -1.1677501e+03
  -1.1550721e+03
  -1.1427576e+03
  -1.1307909e+03
  -1.1191572e+03
  -1.1078426e+03
  -1.0968338e+03
  -1.0861182e+03
  -1.0756842e+03
  -1.0655203e+03
  -1.0556161e+03
  -1.0459613e+03
  -1.0365464e+03
  -1.0273622e+03
  -1.0184002e+03
  -1.0096520e+03
  -1.0011098e+03
  -9.9276607e+02
  -9.8461377e+02
  -9.7664607e+02
  -9.6885647e+02
  -9.6123880e+02
  -9.5378714e+02
  -9.4649585e+02
  -9.3935952e+02
  -9.3237299e+02
  -9.2553131e+02
  -9.1882977e+02
  -9.1226382e+02
  -9.0582913e+02
  -8.9952152e+02
  -8.9333702e+02
  -8.8727178e+02
  -8.8132214e+02
  -8.7548457e+02
  -8.6975566e+02
  -8.6413218e+02
  -8.5861098e+02
  -8.5318906e+02
  -8.4786351e+02
  -8.4263156e+02
  -8.3749051e+02
  -8.3243778e+02
  -8.2747089e+02
  -8.2258744e+02
  -8.1778511e+02
  -8.1306168e+02
  -8.0841500e+02
  -8.0384298e+02
  -7.9934364e+02
  -7.9491505e+02
  -7.9055532e+02
  -7.8626267e+02
  -7.8203535e+02
  -7.7787168e+02
  -7.7377003e+02
  -7.6972884e+02
  -7.6574657e+02
  -7.6182177e+02
  -7.5795300e+02
  -7.5413889e+02
  -7.5037810e+02
  -7.4666935e+02
  -7.4301139e+02
  -7.3940299e+02
  -7.3584299e+02
  -7.3233025e+02
  -7.2886366e+02
  -7.2544216e+02
  -7.2206471e+02
  -7.1873030e+02
  -7.1543795e+02
  -7.1218672e+02
  -7.0897570e+02
  -7.0580397e+02
  -7.0267069e+02
  -6.9957500e+02
  -6.9651610e+02
  -6.9349317e+02
  -6.9050547e+02
  -6.8755222e+02
  -6.8463271e+02
  -6.8174622e+02
  -6.7889206e+02
  -6.7606957e+02
  -6.7327809e+02
  -6.7051699e+02
  -6.6778565e+02
  -6.6508347e+02
  -6.6240986e+02
  -6.5976426e+02
  -6.5714611e+02
  -6.5455487e+02
  -6.5199001e+02
  -6.4945103e+02
  -6.4693742e+02
  -6.4444870e+02
  -6.4198439e+02
  -6.3954404e+02
  -6.3712718e+02
  -6.3473340e+02
  -6.3236224e+02
  -6.3001331e+02
  -6.2768618e+02
  -6.2538047e+02
  -6.2309579e+02
  -6.2083176e+02
  -6.1858801e+02
  -6.1636417e+02
  -6.1415991e+02
  -6.1197488e+02
  -6.0980874e+02
  -6.0766116e+02
  -6.0553183e+02
  -6.0342043e+02
  -6.0132667e+02
  -5.9925024e+02
  -5.9719085e+02
  -5.9514822e+02
  -5.9312207e+02
  -5.9111213e+02
  -5.8911813e+02
  -5.8713982e+02
  -5.8517695e+02
  -5.8322926e+02
  -5.8129651e+02
  -5.7937847e+02
  -5.7747490e+02
  -5.7558558e+02
  -5.7371029e+02
  -5.7184881e+02
  -5.7000093e+02
  -5.6816643e+02
  -5.6634513e+02
  -5.6453681e+02
  -5.6274129e+02
  -5.6095837e+02
  -5.5918787e+02
  -5.5742960e+02
  -5.5568339e+02
  -5.5394906e+02
  -5.5222644e+02
  -5.5051536e+02
  -5.4881566e+02
  -5.4712718e+02
  -5.4544975e+02
  -5.4378323e+02
  -5.4212746e+02
  -5.4048229e+02
  -5.3884758e+02
  -5.3722319e+02
  -5.3560897e+02
  -5.3400479e+02
  -5.3241052e+02
  -5.3082602e+02
  -5.2925116e+02
  -5.2768582e+02
  -5.2612987e+02
  -5.2458319e+02
  -5.2304567e+02
  -5.2151718e+02
  -5.1999760e+02
  -5.1848684e+02
  -5.1698477e+02
  -5.1549129e+02
  -5.1400629e+02
  -5.1252966e+02
  -5.1106131e+02
  -5.0960113e+02
  -5.0814902e+02
  -5.0670489e+02
  -5.0526865e+02
  -5.0384019e+02
  -5.0241942e+02
  -5.0100627e+02
  -4.9960063e+02
  -4.9820242e+02
  -4.9681155e+02
  -4.9542795e+02
  -4.9405152e+02
  -4.9268219e+02
  -4.9131988e+02
  -4.8996451e+02
  -4.8861600e+02
  -4.8727428e+02
  -4.8593928e+02
  -4.8461091e+02
  -4.8328911e+02
  -4.8197381e+02
  -4.8066494e+02
  -4.7936243e+02
  -4.7806622e+02
  -4.7677623e+02
  -4.7549240e+02
  -4.7421468e+02
  -4.7294299e+02
  -4.7167728e+02
  -4.7041749e+02
  -4.6916355e+02
  -4.6791541e+02
  -4.6667300e+02
  -4.6543628e+02
  -4.6420519e+02
  -4.6297967e+02
  -4.6175967e+02
  -4.6054514e+02
  -4.5933602e+02
  -4.5813226e+02
  -4.5693381e+02
  -4.5574062e+02
  -4.5455265e+02
  -4.5336984e+02
  -4.5219215e+02
  -4.5101953e+02
  -4.4985193e+02
  -4.4868931e+02
  -4.4753162e+02
  -4.4637883e+02
  -4.4523088e+02
  -4.4408773e+02
  -4.4294935e+02
  -4.4181569e+02
  -4.4068670e+02
  -4.3956236e+02
  -4.3844262e+02
  -4.3732744e+02
  -4.3621678e+02
  -4.3511061e+02
  -4.3400888e+02
  -4.3291157e+02
  -4.3181863e+02
  -4.3073003e+02
  -4.2964574e+02
  -4.2856571e+02
  -4.2748992e+02
  -4.2641833e+02
  -4.2535091e+02
  -4.2428762e+02
  -4.2322844e+02
  -4.2217333e+02
  -4.2112226e+02
  -4.2007519e+02
  -4.1903211e+02
  -4.1799298e+02
  -4.1695776e+02
  -4.1592643e+02
  -4.1489897e+02
  -4.1387533e+02
  -4.1285550e+02
  -4.1183945e+02
  -4.1082714e+02
  -4.0981856e+02
  -4.0881367e+02
  -4.0781245e+02
  -4.0681487e+02
  -4.0582091e+02
  -4.0483054e+02
  -4.0384374e+02
  -4.0286048e+02
  -4.0188074e+02
  -4.0090449e+02
  -3.9993171e+02
  -3.9896238e+02
  -3.9799648e+02
  -3.9703397e+02
  -3.9607484e+02
  -3.9511907e+02
  -3.9416663e+02
  -3.9321751e+02
  -3.9227167e+02
  -3.9132910e+02
  -3.9038979e+02
  -3.8945370e+02
  -3.8852082e+02
  -3.8759112e+02
  -3.8666460e+02
  -3.8574122e+02
  -3.8482097e+02
  -3.8390383e+02
  -3.8298977e+02
  -3.8207879e+02
  -3.8117087e+02
  -3.8026597e+02
  -3.7936409e+02
  -3.7846522e+02
  -3.7756932e+02
  -3.7667638e+02
  -3.7578639e+02
  -3.7489933e+02
  -3.7401518e+02
  -3.7313392e+02
  -3.7225554e+02
  -3.7138002e+02
  -3.7050735e+02
  -3.6963751e+02
  -3.6877048e+02
  -3.6790625e+02
  -3.6704480e+02
  -3.6618612e+02
  -3.6533019e+02
  -3.6447700e+02
  -3.6362653e+02
  -3.6277877e+02
  -3.6193370e+02
  -3.6109130e+02
  -3.6025157e+02
  -3.5941449e+02
  -3.5858005e+02
  -3.5774823e+02
  -3.5691902e+02
  -3.5609240e+02
  -3.5526836e+02
  -3.5444689e+02
  -3.5362798e+02
  -3.5281161e+02
  -3.5199776e+02
  -3.5118644e+02
  -3.5037761e+02
  -3.4957128e+02
  -3.4876743e+02
  -3.4796604e+02
  -3.4716711e+02
  -3.4637062e+02
  -3.4557656e+02
  -3.4478491e+02
  -3.4399568e+02
  -3.4320884e+02
  -3.4242438e+02
  -3.4164230e+02
  -3.4086258e+02
  -3.4008521e+02
  -3.3931017e+02
  -3.3853747e+02
  -3.3776708e+02
  -3.3699900e+02
  -3.3623321e+02
  -3.3546971e+02
  -3.3470848e+02
  -3.3394952e+02
  -3.3319281e+02
  -3.3243834e+02
  -3.3168611e+02
  -3.3093610e+02
  -3.3018830e+02
  -3.2944271e+02
  -3.2869931e+02
  -3.2795810e+02
  -3.2721906e+02
  -3.2648219e+02
  -3.2574747e+02
  -3.2501489e+02
  -3.2428446e+02
  -3.2355615e+02
  -3.2282996e+02
  -3.2210588e+02
  -3.2138390e+02
  -3.2066401e+02
  -3.1994620e+02
  -3.1923047e+02
  -3.1851680e+02
  -3.1780519e+02
  -3.1709563e+02
  -3.1638811e+02
  -3.1568261e+02
  -3.1497914e+02
  -3.1427768e+02
  -3.1357823e+02
  -3.1288078e+02
  -3.1218532e+02
  -3.1149183e+02
  -3.1080032e+02
  -3.1011078e+02
  -3.0942319e+02
  -3.0873756e+02
  -3.0805386e+02
  -3.0737210e+02
  -3.0669227e+02
  -3.0601435e+02
  -3.0533835e+02
  -3.0466425e+02
  -3.0399205e+02
  -3.0332173e+02
  -3.0265330e+02
  -3.0198674e+02
  -3.0132205e+02
  -3.0065922e+02
  -2.9999824e+02
  -2.9933910e+02
  -2.9868181e+02
  -2.9802635e+02
  -2.9737271e+02
  -2.9672089e+02
  -2.9607088e+02
  -2.9542267e+02
  -2.9477626e+02
  -2.9413164e+02
  -2.9348881e+02
  -2.9284775e+02
  -2.9220846e+02
  -2.9157094e+02
  -2.9093517e+02
  -2.9030116e+02
  -2.8966889e+02
  -2.8903835e+02
  -2.8840955e+02
  -2.8778248e+02
  -2.8715712e+02
  -2.8653348e+02
  -2.8591154e+02
  -2.8529131e+02
  -2.8467277e+02
  -2.8405592e+02
  -2.8344075e+02
  -2.8282725e+02
  -2.8221543e+02
  -2.8160527e+02
  -2.8099677e+02
  -2.8038992e+02
  -2.7978472e+02
  -2.7918116e+02
  -2.7857923e+02
  -2.7797894e+02
  -2.7738027e+02
  -2.7678321e+02
  -2.7618777e+02
  -2.7559394e+02
  -2.7500170e+02
  -2.7441107e+02
  -2.7382202e+02
  -2.7323456e+02
  -2.7264867e+02
  -2.7206437e+02
  -2.7148162e+02
  -2.7090045e+02
  -2.7032083e+02
  -2.6974276e+02
  -2.6916624e+02
  -2.6859126e+02
  -2.6801782e+02
  -2.6744591e+02
  -2.6687553e+02
  -2.6630667e+02
  -2.6573932e+02
  -2.6517348e+02
  -2.6460915e+02
  -2.6404633e+02
  -2.6348499e+02
  -2.6292515e+02
  -2.6236680e+02
  -2.6180992e+02
  -2.6125453e+02
  -2.6070060e+02
  -2.6014814e+02
  -2.5959714e+02
  -2.5904760e+02
  -2.5849951e+02
  -2.5795287e+02
  -2.5740767e+02
  -2.5686390e+02
  -2.5632157e+02
  -2.5578067e+02
  -2.5524120e+02
  -2.5470314e+02
  -2.5416649e+02
  -2.5363126e+02
  -2.5309743e+02
  -2.5256501e+02
  -2.5203398e+02
  -2.5150434e+02
  -2.5097609e+02
  -2.5044922e+02
  -2.4992373e+02
  -2.4939961e+02
  -2.4887687e+02
  -2.4835549e+02
  -2.4783547e+02
  -2.4731680e+02
  -2.4679949e+02
  -2.4628353e+02
  -2.4576891e+02
  -2.4525563e+02
  -2.4474369e+02
  -2.4423308e+02
  -2.4372379e+02
  -2.4321583e+02
  -2.4270919e+02
  -2.4220386e+02
  -2.4169984e+02
  -2.4119713e+02
  -2.4069571e+02
  -2.4019560e+02
  -2.3969678e+02
  -2.3919925e+02
  -2.3870301e+02
  -2.3820805e+02
  -2.3771437e+02
  -2.3722196e+02
  -2.3673082e+02
  -2.3624095e+02
  -2.3575234e+02
  -2.3526499e+02
  -2.3477889e+02
  -2.3429404e+02
  -2.3381044e+02
  -2.3332809e+02
  -2.3284697e+02
  -2.3236709e+02
  -2.3188843e+02
  -2.3141101e+02
  -2.3093481e+02
  -2.3045983e+02
  -2.2998607e+02
  -2.2951352e+02
  -2.2904218e+02
  -2.2857205e+02
  -2.2810311e+02
  -2.2763538e+02
  -2.2716884e+02
  -2.2670349e+02
  -2.2623933e+02
  -2.2577635e+02
  -2.2531455e+02
  -2.2485393e+02
  -2.2439448e+02
  -2.2393620e+02
  -2.2347908e+02
  -2.2302313e+02
  -2.2256834e+02
  -2.2211470e+02
  -2.2166222e+02
  -2.2121088e+02
  -2.2076069e+02
  -2.2031164e+02
  -2.1986373e+02
  -2.1941695e+02
  -2.1897131e+02
  -2.1852679e+02
  -2.1808340e+02
  -2.1764113e+02
  -2.1719998e+02
  -2.1675994e+02
  -2.1632101e+02
  -2.1588319e+02
  -2.1544648e+02
  -2.1501087e+02
  -2.1457635e+02
  -2.1414294e+02
  -2.1371061e+02
  -2.1327937e+02
  -2.1284922e+02
  -2.1242014e+02
  -2.1199215e+02
  -2.1156524e+02
  -2.1113939e+02
  -2.1071462e+02
  -2.1029091e+02
  -2.0986826e+02
  -2.0944668e+02
  -2.0902615e+02
  -2.0860668e+02
  -2.0818825e+02
  -2.0777088e+02
  -2.0735455e+02
  -2.0693926e+02
  -2.0652500e+02
  -2.0611179e+02
  -2.0569960e+02
  -2.0528845e+02
  -2.0487832e+02
  -2.0446922e+02
  -2.0406113e+02
  -2.0365407e+02
  -2.0324801e+02
  -2.0284297e+02
  -2.0243894e+02
  -2.0203592e+02
  -2.0163389e+02
  -2.0123287e+02
  -2.0083284e+02
  -2.0043381e+02
  -2.0003577e+02
  -1.9963871e+02
  -1.9924264e+02
  -1.9884756e+02
  -1.9845345e+02
  -1.9806033e+02
  -1.9766817e+02
  -1.9727699e+02
  -1.9688677e+02
  -1.9649752e+02
  -1.9610924e+02
  -1.9572191e+02
  -1.9533554e+02
  -1.9495013e+02
  -1.9456567e+02
  -1.9418215e+02
  -1.9379959e+02
  -1.9341796e+02
  -1.9303728e+02
  -1.9265754e+02
  -1.9227873e+02
  -1.9190086e+02
  -1.9152391e+02
  -1.9114789e+02
  -1.9077280e+02
  -1.9039863e+02
  -1.9002538e+02
  -1.8965305e+02
  -1.8928163e+02
  -1.8891112e+02
  -1.8854153e+02
  -1.8817284e+02
  -1.8780505e+02
  -1.8743816e+02
  -1.8707218e+02
  -1.8670709e+02
  -1.8634289e+02
  -1.8597958e+02
  -1.8561717e+02
  -1.8525564e+02
  -1.8489499e+02
  -1.8453523e+02
  -1.8417634e+02
  -1.8381833e+02
  -1.8346119e+02
  -1.8310493e+02
  -1.8274953e+02
  -1.8239500e+02
  -1.8204133e+02
  -1.8168853e+02
  -1.8133658e+02
  -1.8098549e+02
  -1.8063525e+02
  -1.8028587e+02
  -1.7993734e+02
  -1.7958965e+02
  -1.7924280e+02
  -1.7889680e+02
  -1.7855164e+02
  -1.7820732e+02
  -1.7786383e+02
  -1.7752117e+02
  -1.7717935e+02
  -1.7683835e+02
  -1.7649818e+02
  -1.7615883e+02
  -1.7582030e+02
  -1.7548259e+02
  -1.7514570e+02
  -1.7480962e+02
  -1.7447435e+02
  -1.7413990e+02
  -1.7380625e+02
  -1.7347340e+02
  -1.7314136e+02
  -1.7281012e+02
  -1.7247968e+02
  -1.7215003e+02
  -1.7182118e+02
  -1.7149312e+02
  -1.7116584e+02
  -1.7083936e+02
  -1.7051366e+02
  -1.7018874e+02
  -1.6986461e+02
  -1.6954125e+02
  -1.6921867e+02
  -1.6889686e+02
  -1.6857583e+02
  -1.6825556e+02
  -1.6793606e+02
  -1.6761733e+02
  -1.6729936e+02
  -1.6698216e+02
  -1.6666571e+02
  -1.6635002e+02
  -1.6603508e+02
  -1.6572090e+02
  -1.6540746e+02
  -1.6509478e+02
  -1.6478284e+02
  -1.6447165e+02
  -1.6416120e+02
  -1.6385149e+02
  -1.6354252e+02
  -1.6323428e+02
  -1.6292678e+02
  -1.6262002e+02
  -1.6231398e+02
  -1.6200867e+02
  -1.6170408e+02
  -1.6140022e+02
  -1.6109709e+02
  -1.6079467e+02
  -1.6049297e+02
  -1.6019199e+02
  -1.5989172e+02
  -1.5959216e+02
  -1.5929332e+02
  -1.5899518e+02
  -1.5869775e+02
  -1.5840102e+02
  -1.5810500e+02
  -1.5780967e+02
  -1.5751505e+02
  -1.5722112e+02
  -1.5692788e+02
  -1.5663534e+02
  -1.5634349e+02
  -1.5605233e+02
  -1.5576186e+02
  -1.5547207e+02
  -1.5518297e+02
  -1.5489454e+02
  -1.5460680e+02
  -1.5431973e+02
  -1.5403334e+02
  -1.5374763e+02
  -1.5346258e+02
  -1.5317821e+02
  -1.5289451e+02
  -1.5261147e+02
  -1.5232910e+02
  -1.5204739e+02
  -1.5176634e+02
  -1.5148595e+02
  -1.5120622e+02
  -1.5092714e+02
  -1.5064872e+02
  -1.5037095e+02
  -1.5009383e+02
  -1.4981736e+02
  -1.4954154e+02
  -1.4926636e+02
  -1.4899183e+02
  -1.4871793e+02
  -1.4844468e+02
  -1.4817206e+02
  -1.4790009e+02
  -1.4762874e+02
  -1.4735803e+02
  -1.4708795e+02
  -1.4681850e+02
  -1.4654968e+02
  -1.4628148e+02
  -1.4601391e+02
  -1.4574696e+02
  -1.4548064e+02
  -1.4521493e+02
  -1.4494984e+02
  -1.4468536e+02
  -1.4442150e+02
  -1.4415825e+02
  -1.4389562e+02
  -1.4363359e+02
  -1.4337217e+02
  -1.4311135e+02
  -1.4285114e+02
  -1.4259154e+02
  -1.4233253e+02
  -1.4207412e+02
  -1.4181632e+02
  -1.4155910e+02
  -1.4130249e+02
  -1.4104646e+02
  -1.4079103e+02
  -1.4053618e+02
  -1.4028193e+02
  -1.4002826e+02
  -1.3977518e+02
  -1.3952268e+02
  -1.3927076e+02
  -1.3901942e+02
  -1.3876866e+02
  -1.3851848e+02
  -1.3826887e+02
  -1.3801984e+02
  -1.3777138e+02
  -1.3752349e+02
  -1.3727617e+02
  -1.3702942e+02
  -1.3678323e+02
  -1.3653761e+02
  -1.3629256e+02
  -1.3604806e+02
  -1.3580413e+02
  -1.3556075e+02
  -1.3531793e+02
  -1.3507567e+02
  -1.3483396e+02
  -1.3459281e+02
  -1.3435220e+02
  -1.3411215e+02
  -1.3387264e+02
  -1.3363368e+02
  -1.3339527e+02
  -1.3315740e+02
  -1.3292007e+02
  -1.3268328e+02
  -1.3244704e+02
  -1.3221133e+02
  -1.3197616e+02
  -1.3174152e+02
  -1.3150742e+02
  -1.3127385e+02
  -1.3104081e+02
  -1.3080830e+02
  -1.3057632e+02
  -1.3034487e+02
  -1.3011394e+02
  -1.2988353e+02
  -1.2965365e+02
  -1.2942429e+02
  -1.2919545e+02
  -1.2896713e+02
  -1.2873932e+02
  -1.2851203e+02
  -1.2828526e+02
  -1.2805899e+02
  -1.2783324e+02
  -1.2760800e+02
  -1.2738327e+02
  -1.2715904e+02
  -1.2693532e+02
  -1.2671211e+02
  -1.2648940e+02
  -1.2626719e+02
  -1.2604548e+02
  -1.2582428e+02
  -1.2560357e+02
  -1.2538335e+02
  -1.2516364e+02
  -1.2494441e+02
  -1.2472568e+02
  -1.2450744e+02
  -1.2428969e+02
  -1.2407243e+02
  -1.2385566e+02
  -1.2363937e+02
  -1.2342357e+02
  -1.2320826e+02
  -1.2299342e+02
  -1.2277907e+02
  -1.2256520e+02
  -1.2235180e+02
  -1.2213888e+02
  -1.2192644e+02
  -1.2171448e+02
  -1.2150298e+02
  -1.2129196e+02
  -1.2108141e+02
  -1.2087134e+02
  -1.2066172e+02
  -1.2045258e+02
  -1.2024391e+02
  -1.2003569e+02
  -1.1982795e+02
  -1.1962066e+02
  -1.1941384e+02
  -1.1920747e+02
  -1.1900157e+02
  -1.1879612e+02
  -1.1859113e+02
  -1.1838659e+02
  -1.1818251e+02
  -1.1797888e+02
  -1.1777571e+02
  -1.1757298e+02
  -1.1737070e+02
  -1.1716887e+02
  -1.1696749e+02
  -1.1676656e+02
  -1.1656606e+02
  -1.1636602e+02
  -1.1616641e+02
  -1.1596725e+02
  -1.1576852e+02
  -1.1557024e+02
  -1.1537239e+02
  -1.1517498e+02
  -1.1497800e+02
  -1.1478146e+02
  -1.1458535e+02
  -1.1438967e+02
  -1.1419443e+02
  -1.1399961e+02
  -1.1380523e+02
  -1.1361127e+02
  -1.1341773e+02
  -1.1322462e+02
  -1.1303194e+02
  -1.1283968e+02
  -1.1264784e+02
  -1.1245642e+02
  -1.1226543e+02
  -1.1207485e+02
  -1.1188468e+02
  -1.1169494e+02
  -1.1150561e+02
  -1.1131669e+02
  -1.1112819e+02
  -1.1094010e+02
  -1.1075242e+02
  -1.1056515e+02
  -1.1037829e+02
  -1.1019184e+02
  -1.1000580e+02
  -1.0982016e+02
  -1.0963492e+02
  -1.0945009e+02
  -1.0926567e+02
  -1.0908164e+02
  -1.0889801e+02
  -1.0871479e+02
  -1.0853196e+02
  -1.0834953e+02
  -1.0816750e+02
  -1.0798586e+02
  -1.0780461e+02
  -1.0762376e+02
  -1.0744331e+02
  -1.0726324e+02
  -1.0708356e+02
  -1.0690428e+02
  -1.0672538e+02
  -1.0654687e+02
  -1.0636874e+02
  -1.0619100e+02
  -1.0601365e+02
  -1.0583667e+02
  -1.0566009e+02
  -1.0548388e+02
  -1.0530805e+02
  -1.0513260e+02
  -1.0495753e+02
  -1.0478284e+02
  -1.0460852e+02
  -1.0443458e+02
  -1.0426102e+02
  -1.0408783e+02
  -1.0391501e+02
  -1.0374256e+02
  -1.0357048e+02
  -1.0339878e+02
  -1.0322744e+02
  -1.0305647e+02
  -1.0288586e+02
  -1.0271563e+02
  -1.0254575e+02
  -1.0237625e+02
  -1.0220710e+02
  -1.0203832e+02
  -1.0186990e+02
  -1.0170184e+02
  -1.0153414e+02
  -1.0136679e+02
  -1.0119981e+02
  -1.0103318e+02
  -1.0086691e+02
  -1.0070099e+02
  -1.0053543e+02
  -1.0037022e+02
  -1.0020536e+02
  -1.0004085e+02
  -9.9876697e+01
  -9.9712890e+01
  -9.9549432e+01
  -9.9386322e+01
  -9.9223559e+01
  -9.9061142e+01
  -9.8899070e+01
  -9.8737342e+01
  -9.8575958e+01
  -9.8414916e+01
