   9.3368743e+08
   7.0093073e+08
   5.3946100e+08
   4.2395850e+08
   3.3917036e+08
   2.7553438e+08
   2.2684864e+08
   1.8897088e+08
   1.5906280e+08
   1.3513529e+08
   1.1576627e+08
   9.9920710e+07
   8.6833178e+07
   7.5929323e+07
   6.6772489e+07
   5.9026694e+07
   5.2430572e+07
   4.6778731e+07
   4.1908264e+07
   3.7688838e+07
   3.4015346e+07
   3.0802391e+07
   2.7980106e+07
   2.5490959e+07
   2.3287286e+07
   2.1329371e+07
   1.9583944e+07
   1.8022991e+07
   1.6622815e+07
   1.5363273e+07
   1.4227177e+07
   1.3199794e+07
   1.2268453e+07
   1.1422210e+07
   1.0651584e+07
   9.9483334e+06
   9.3052683e+06
   8.7161005e+06
   8.1753130e+06
   7.6780518e+06
   7.2200354e+06
   6.7974770e+06
   6.4070197e+06
   6.0456801e+06
   5.7108012e+06
   5.4000114e+06
   5.1111890e+06
   4.8424327e+06
   4.5920349e+06
   4.3584591e+06
   4.1403206e+06
   3.9363686e+06
   3.7454724e+06
   3.5666070e+06
   3.3988427e+06
   3.2413343e+06
   3.0933128e+06
   2.9540771e+06
   2.8229871e+06
   2.6994581e+06
   2.5829548e+06
   2.4729865e+06
   2.3691033e+06
   2.2708916e+06
   2.1779712e+06
   2.0899920e+06
   2.0066312e+06
   1.9275909e+06
   1.8525962e+06
   1.7813924e+06
   1.7137443e+06
   1.6494335e+06
   1.5882578e+06
   1.5300293e+06
   1.4745734e+06
   1.4217279e+06
   1.3713417e+06
   1.3232742e+06
   1.2773941e+06
   1.2335791e+06
   1.1917148e+06
   1.1516945e+06
   1.1134183e+06
   1.0767927e+06
   1.0417302e+06
   1.0081487e+06
   9.7597132e+05
   9.4512584e+05
   9.1554445e+05
   8.8716343e+05
   8.5992286e+05
   8.3376639e+05
   8.0864093e+05
   7.8449650e+05
   7.6128599e+05
   7.3896494e+05
   7.1749145e+05
   6.9682591e+05
   6.7693093e+05
   6.5777116e+05
   6.3931319e+05
   6.2152540e+05
   6.0437784e+05
   5.8784217e+05
   5.7189154e+05
   5.5650048e+05
   5.4164484e+05
   5.2730171e+05
   5.1344934e+05
   5.0006709e+05
   4.8713531e+05
   4.7463536e+05
   4.6254951e+05
   4.5086087e+05
   4.3955340e+05
   4.2861181e+05
   4.1802153e+05
   4.0776869e+05
   3.9784007e+05
   3.8822306e+05
   3.7890563e+05
   3.6987631e+05
   3.6112414e+05
   3.5263866e+05
   3.4440988e+05
   3.3642825e+05
   3.2868465e+05
   3.2117034e+05
   3.1387698e+05
   3.0679658e+05
   2.9992150e+05
   2.9324442e+05
   2.8675833e+05
   2.8045651e+05
   2.7433253e+05
   2.6838022e+05
   2.6259367e+05
   2.5696721e+05
   2.5149538e+05
   2.4617298e+05
   2.4099498e+05
   2.3595657e+05
   2.3105313e+05
   2.2628021e+05
   2.2163355e+05
   2.1710905e+05
   2.1270276e+05
   2.0841088e+05
   2.0422978e+05
   2.0015593e+05
   1.9618596e+05
   1.9231661e+05
   1.8854476e+05
   1.8486738e+05
   1.8128158e+05
   1.7778455e+05
   1.7437359e+05
   1.7104611e+05
   1.6779959e+05
   1.6463163e+05
   1.6153988e+05
   1.5852210e+05
   1.5557611e+05
   1.5269982e+05
   1.4989121e+05
   1.4714832e+05
   1.4446927e+05
   1.4185223e+05
   1.3929544e+05
   1.3679721e+05
   1.3435588e+05
   1.3196988e+05
   1.2963765e+05
   1.2735772e+05
   1.2512864e+05
   1.2294904e+05
   1.2081755e+05
   1.1873289e+05
   1.1669378e+05
   1.1469901e+05
   1.1274740e+05
   1.1083781e+05
   1.0896912e+05
   1.0714026e+05
   1.0535019e+05
   1.0359791e+05
   1.0188244e+05
   1.0020283e+05
   9.8558158e+04
   9.6947544e+04
   9.5370119e+04
   9.3825048e+04
   9.2311518e+04
   9.0828741e+04
   8.9375953e+04
   8.7952411e+04
   8.6557396e+04
   8.5190207e+04
   8.3850166e+04
   8.2536614e+04
   8.1248910e+04
   7.9986433e+04
   7.8748578e+04
   7.7534759e+04
   7.6344404e+04
   7.5176959e+04
   7.4031886e+04
   7.2908661e+04
   7.1806774e+04
   7.0725730e+04
   6.9665047e+04
   6.8624258e+04
   6.7602906e+04
   6.6600549e+04
   6.5616754e+04
   6.4651103e+04
   6.3703187e+04
   6.2772608e+04
   6.1858979e+04
   6.0961924e+04
   6.0081075e+04
   5.9216077e+04
   5.8366580e+04
   5.7532246e+04
   5.6712745e+04
   5.5907755e+04
   5.5116963e+04
   5.4340064e+04
   5.3576761e+04
   5.2826763e+04
   5.2089788e+04
   5.1365561e+04
   5.0653812e+04
   4.9954280e+04
   4.9266709e+04
   4.8590851e+04
   4.7926463e+04
   4.7273307e+04
   4.6631153e+04
   4.5999775e+04
   4.5378952e+04
   4.4768471e+04
   4.4168122e+04
   4.3577700e+04
   4.2997005e+04
   4.2425843e+04
   4.1864024e+04
   4.1311361e+04
   4.0767674e+04
   4.0232785e+04
   3.9706521e+04
   3.9188713e+04
   3.8679197e+04
   3.8177811e+04
   3.7684397e+04
   3.7198802e+04
   3.6720875e+04
   3.6250470e+04
   3.5787442e+04
   3.5331651e+04
   3.4882960e+04
   3.4441236e+04
   3.4006346e+04
   3.3578162e+04
   3.3156560e+04
   3.2741416e+04
   3.2332612e+04
   3.1930028e+04
   3.1533551e+04
   3.1143069e+04
   3.0758472e+04
   3.0379652e+04
   3.0006505e+04
   2.9638927e+04
   2.9276818e+04
   2.8920079e+04
   2.8568615e+04
   2.8222331e+04
   2.7881134e+04
   2.7544935e+04
   2.7213644e+04
   2.6887175e+04
   2.6565444e+04
   2.6248367e+04
   2.5935863e+04
   2.5627852e+04
   2.5324257e+04
   2.5025000e+04
   2.4730008e+04
   2.4439207e+04
   2.4152524e+04
   2.3869890e+04
   2.3591236e+04
   2.3316493e+04
   2.3045597e+04
   2.2778482e+04
   2.2515084e+04
   2.2255341e+04
   2.1999192e+04
   2.1746578e+04
   2.1497439e+04
   2.1251718e+04
   2.1009358e+04
   2.0770305e+04
   2.0534503e+04
   2.0301900e+04
   2.0072444e+04
   1.9846083e+04
   1.9622768e+04
   1.9402448e+04
   1.9185076e+04
   1.8970605e+04
   1.8758987e+04
   1.8550178e+04
   1.8344132e+04
   1.8140807e+04
   1.7940157e+04
   1.7742143e+04
   1.7546721e+04
   1.7353852e+04
   1.7163494e+04
   1.6975610e+04
   1.6790161e+04
   1.6607109e+04
   1.6426416e+04
   1.6248047e+04
   1.6071965e+04
   1.5898136e+04
   1.5726525e+04
   1.5557099e+04
   1.5389823e+04
   1.5224666e+04
   1.5061595e+04
   1.4900579e+04
   1.4741587e+04
   1.4584589e+04
   1.4429555e+04
   1.4276455e+04
   1.4125261e+04
   1.3975944e+04
   1.3828477e+04
   1.3682832e+04
   1.3538983e+04
   1.3396903e+04
   1.3256566e+04
   1.3117947e+04
   1.2981021e+04
   1.2845763e+04
   1.2712149e+04
   1.2580155e+04
   1.2449758e+04
   1.2320936e+04
   1.2193665e+04
   1.2067923e+04
   1.1943688e+04
   1.1820940e+04
   1.1699656e+04
   1.1579817e+04
   1.1461401e+04
   1.1344389e+04
   1.1228762e+04
   1.1114499e+04
   1.1001581e+04
   1.0889991e+04
   1.0779708e+04
   1.0670717e+04
   1.0562997e+04
   1.0456533e+04
   1.0351306e+04
   1.0247299e+04
   1.0144497e+04
   1.0042882e+04
   9.9424384e+03
   9.8431501e+03
   9.7450015e+03
   9.6479772e+03
   9.5520620e+03
   9.4572411e+03
   9.3634996e+03
   9.2708231e+03
   9.1791975e+03
   9.0886086e+03
   8.9990428e+03
   8.9104864e+03
   8.8229261e+03
   8.7363487e+03
   8.6507413e+03
   8.5660911e+03
   8.4823856e+03
   8.3996125e+03
   8.3177595e+03
   8.2368147e+03
   8.1567663e+03
   8.0776027e+03
   7.9993124e+03
   7.9218842e+03
   7.8453070e+03
   7.7695698e+03
   7.6946620e+03
   7.6205729e+03
   7.5472920e+03
   7.4748091e+03
   7.4031141e+03
   7.3321969e+03
   7.2620479e+03
   7.1926571e+03
   7.1240153e+03
   7.0561128e+03
   6.9889406e+03
   6.9224894e+03
   6.8567503e+03
   6.7917144e+03
   6.7273730e+03
   6.6637175e+03
   6.6007394e+03
   6.5384303e+03
   6.4767822e+03
   6.4157867e+03
   6.3554360e+03
   6.2957221e+03
   6.2366374e+03
   6.1781740e+03
   6.1203246e+03
   6.0630816e+03
   6.0064378e+03
   5.9503858e+03
   5.8949187e+03
   5.8400293e+03
   5.7857107e+03
   5.7319561e+03
   5.6787589e+03
   5.6261122e+03
   5.5740097e+03
   5.5224448e+03
   5.4714112e+03
   5.4209026e+03
   5.3709128e+03
   5.3214358e+03
   5.2724654e+03
   5.2239959e+03
   5.1760213e+03
   5.1285358e+03
   5.0815338e+03
   5.0350097e+03
   4.9889579e+03
   4.9433730e+03
   4.8982495e+03
   4.8535821e+03
   4.8093657e+03
   4.7655950e+03
   4.7222650e+03
   4.6793706e+03
   4.6369068e+03
   4.5948688e+03
   4.5532517e+03
   4.5120507e+03
   4.4712612e+03
   4.4308784e+03
   4.3908979e+03
   4.3513151e+03
   4.3121255e+03
   4.2733247e+03
   4.2349085e+03
   4.1968724e+03
   4.1592124e+03
   4.1219241e+03
   4.0850035e+03
   4.0484466e+03
   4.0122492e+03
   3.9764075e+03
   3.9409175e+03
   3.9057754e+03
   3.8709774e+03
   3.8365196e+03
   3.8023985e+03
   3.7686103e+03
   3.7351514e+03
   3.7020182e+03
   3.6692073e+03
   3.6367151e+03
   3.6045382e+03
   3.5726733e+03
   3.5411169e+03
   3.5098657e+03
   3.4789166e+03
   3.4482662e+03
   3.4179114e+03
   3.3878490e+03
   3.3580760e+03
   3.3285892e+03
   3.2993858e+03
   3.2704625e+03
   3.2418166e+03
   3.2134451e+03
   3.1853451e+03
   3.1575138e+03
   3.1299483e+03
   3.1026460e+03
   3.0756040e+03
   3.0488196e+03
   3.0222903e+03
   2.9960133e+03
   2.9699860e+03
   2.9442059e+03
   2.9186704e+03
   2.8933771e+03
   2.8683233e+03
   2.8435068e+03
   2.8189250e+03
   2.7945756e+03
   2.7704561e+03
   2.7465644e+03
   2.7228980e+03
   2.6994547e+03
   2.6762322e+03
   2.6532283e+03
   2.6304409e+03
   2.6078677e+03
   2.5855066e+03
   2.5633554e+03
   2.5414122e+03
   2.5196748e+03
   2.4981411e+03
   2.4768092e+03
   2.4556770e+03
   2.4347427e+03
   2.4140041e+03
   2.3934595e+03
   2.3731069e+03
   2.3529444e+03
   2.3329701e+03
   2.3131823e+03
   2.2935791e+03
   2.2741587e+03
   2.2549193e+03
   2.2358593e+03
   2.2169768e+03
   2.1982701e+03
   2.1797376e+03
   2.1613775e+03
   2.1431883e+03
   2.1251683e+03
   2.1073159e+03
   2.0896294e+03
   2.0721074e+03
   2.0547481e+03
   2.0375502e+03
   2.0205121e+03
   2.0036322e+03
   1.9869092e+03
   1.9703414e+03
   1.9539275e+03
   1.9376660e+03
   1.9215555e+03
   1.9055946e+03
   1.8897819e+03
   1.8741160e+03
   1.8585956e+03
   1.8432193e+03
   1.8279858e+03
   1.8128938e+03
   1.7979419e+03
   1.7831290e+03
   1.7684537e+03
   1.7539148e+03
   1.7395111e+03
   1.7252413e+03
   1.7111042e+03
   1.6970985e+03
   1.6832233e+03
   1.6694771e+03
   1.6558590e+03
   1.6423677e+03
   1.6290022e+03
   1.6157612e+03
   1.6026438e+03
   1.5896487e+03
   1.5767750e+03
   1.5640215e+03
   1.5513872e+03
   1.5388711e+03
   1.5264721e+03
   1.5141892e+03
   1.5020214e+03
   1.4899676e+03
   1.4780270e+03
   1.4661985e+03
   1.4544811e+03
   1.4428739e+03
   1.4313760e+03
   1.4199865e+03
   1.4087043e+03
   1.3975286e+03
   1.3864585e+03
   1.3754931e+03
   1.3646315e+03
   1.3538729e+03
   1.3432163e+03
   1.3326610e+03
   1.3222061e+03
   1.3118507e+03
   1.3015940e+03
   1.2914353e+03
   1.2813737e+03
   1.2714084e+03
   1.2615386e+03
   1.2517636e+03
   1.2420826e+03
   1.2324947e+03
   1.2229994e+03
   1.2135958e+03
   1.2042832e+03
   1.1950609e+03
   1.1859281e+03
   1.1768841e+03
   1.1679284e+03
   1.1590600e+03
   1.1502785e+03
   1.1415830e+03
   1.1329729e+03
   1.1244476e+03
   1.1160065e+03
   1.1076488e+03
   1.0993739e+03
   1.0911812e+03
   1.0830701e+03
   1.0750399e+03
   1.0670901e+03
   1.0592201e+03
   1.0514292e+03
   1.0437169e+03
   1.0360826e+03
   1.0285257e+03
   1.0210457e+03
   1.0136419e+03
   1.0063139e+03
   9.9906116e+02
   9.9188305e+02
   9.8477909e+02
   9.7774873e+02
   9.7079148e+02
   9.6390681e+02
   9.5709422e+02
   9.5035322e+02
   9.4368332e+02
   9.3708402e+02
   9.3055486e+02
   9.2409536e+02
   9.1770505e+02
   9.1138348e+02
   9.0513020e+02
   8.9894475e+02
   8.9282669e+02
   8.8677560e+02
   8.8079104e+02
   8.7487259e+02
   8.6901983e+02
   8.6323236e+02
   8.5750977e+02
   8.5185166e+02
   8.4625763e+02
   8.4072731e+02
   8.3526031e+02
   8.2985626e+02
   8.2451479e+02
   8.1923552e+02
   8.1401812e+02
   8.0886222e+02
   8.0376748e+02
   7.9873356e+02
   7.9376013e+02
   7.8884685e+02
   7.8399341e+02
   7.7919948e+02
   7.7446475e+02
   7.6978893e+02
   7.6517170e+02
   7.6061278e+02
   7.5611187e+02
   7.5166870e+02
   7.4728298e+02
   7.4295444e+02
   7.3868282e+02
   7.3446786e+02
   7.3030929e+02
   7.2620688e+02
   7.2216038e+02
   7.1816955e+02
   7.1423416e+02
   7.1035398e+02
   7.0652880e+02
   7.0275839e+02
   6.9904256e+02
   6.9538109e+02
   6.9177379e+02
   6.8822047e+02
   6.8472094e+02
   6.8127502e+02
   6.7788254e+02
   6.7454333e+02
   6.7125724e+02
   6.6802410e+02
   6.6484376e+02
   6.6171609e+02
   6.5864094e+02
   6.5561818e+02
   6.5264769e+02
   6.4972935e+02
   6.4686306e+02
   6.4404869e+02
   6.4128616e+02
   6.3857537e+02
   6.3591623e+02
   6.3330868e+02
   6.3075262e+02
   6.2824800e+02
   6.2579477e+02
   6.2339286e+02
   6.2104223e+02
   6.1874285e+02
   6.1649468e+02
   6.1429770e+02
   6.1215190e+02
   6.1005726e+02
   6.0801380e+02
   6.0602150e+02
   6.0408040e+02
   6.0219051e+02
   6.0035186e+02
   5.9856449e+02
   5.9682846e+02
   5.9514381e+02
   5.9351061e+02
   5.9192893e+02
   5.9039886e+02
   5.8892049e+02
   5.8749392e+02
   5.8611926e+02
   5.8479662e+02
   5.8352615e+02
   5.8230797e+02
   5.8114224e+02
   5.8002912e+02
   5.7896877e+02
   5.7796139e+02
   5.7700715e+02
   5.7610627e+02
   5.7525896e+02
   5.7446545e+02
   5.7372597e+02
   5.7304078e+02
   5.7241014e+02
   5.7183433e+02
   5.7131364e+02
   5.7084836e+02
   5.7043883e+02
   5.7008536e+02
   5.6978831e+02
   5.6954804e+02
   5.6936492e+02
   5.6923934e+02
   5.6917172e+02
   5.6916247e+02
   5.6921204e+02
   5.6932088e+02
   5.6948948e+02
   5.6971833e+02
   5.7000794e+02
   5.7035884e+02
   5.7077160e+02
   5.7124678e+02
   5.7178498e+02
   5.7238682e+02
   5.7305294e+02
   5.7378399e+02
   5.7458068e+02
   5.7544370e+02
   5.7637380e+02
   5.7737175e+02
   5.7843832e+02
   5.7957434e+02
   5.8078067e+02
   5.8205816e+02
   5.8340775e+02
   5.8483035e+02
   5.8632696e+02
   5.8789857e+02
   5.8954623e+02
   5.9127101e+02
   5.9307405e+02
   5.9495648e+02
   5.9691952e+02
   5.9896439e+02
   6.0109238e+02
   6.0330483e+02
   6.0560309e+02
   6.0798861e+02
   6.1046285e+02
   6.1302735e+02
   6.1568367e+02
   6.1843347e+02
   6.2127843e+02
   6.2422032e+02
   6.2726097e+02
   6.3040225e+02
   6.3364613e+02
   6.3699464e+02
   6.4044988e+02
   6.4401404e+02
   6.4768938e+02
   6.5147825e+02
   6.5538310e+02
   6.5940645e+02
   6.6355093e+02
   6.6781928e+02
   6.7221432e+02
   6.7673901e+02
   6.8139640e+02
   6.8618969e+02
   6.9112217e+02
   6.9619729e+02
   7.0141864e+02
   7.0678994e+02
   7.1231507e+02
   7.1799807e+02
   7.2384316e+02
   7.2985473e+02
   7.3603734e+02
   7.4239576e+02
   7.4893499e+02
   7.5566020e+02
   7.6257682e+02
   7.6969052e+02
   7.7700721e+02
   7.8453308e+02
   7.9227461e+02
   8.0023855e+02
   8.0843201e+02
   8.1686240e+02
   8.2553749e+02
   8.3446545e+02
   8.4365481e+02
   8.5311456e+02
   8.6285412e+02
   8.7288338e+02
   8.8321274e+02
   8.9385316e+02
   9.0481614e+02
   9.1611382e+02
   9.2775897e+02
   9.3976508e+02
   9.5214636e+02
   9.6491782e+02
   9.7809534e+02
   9.9169569e+02
   1.0057366e+03
   1.0202370e+03
   1.0352166e+03
   1.0506967e+03
   1.0666998e+03
   1.0832496e+03
   1.1003715e+03
   1.1180927e+03
   1.1364417e+03
   1.1554495e+03
   1.1751488e+03
   1.1955746e+03
   1.2167645e+03
   1.2387587e+03
   1.2616004e+03
   1.2853358e+03
   1.3100149e+03
   1.3356912e+03
   1.3624228e+03
   1.3902721e+03
   1.4193067e+03
   1.4495999e+03
   1.4812311e+03
   1.5142868e+03
   1.5488610e+03
   1.5850562e+03
   1.6229848e+03
   1.6627694e+03
   1.7045447e+03
   1.7484592e+03
   1.7946761e+03
   1.8433760e+03
   1.8947589e+03
   1.9490473e+03
   2.0064885e+03
   2.0673594e+03
   2.1319701e+03
   2.2006693e+03
   2.2738507e+03
   2.3519606e+03
   2.4355062e+03
   2.5250674e+03
   2.6213095e+03
   2.7249999e+03
   2.8370286e+03
   2.9584330e+03
   3.0904309e+03
   3.2344601e+03
   3.3922317e+03
   3.5657974e+03
   3.7576391e+03
   3.9707878e+03
   4.2089843e+03
   4.4768997e+03
   4.7804444e+03
   5.1272076e+03
   5.5270992e+03
   5.9933104e+03
   6.5437938e+03
   7.2036258e+03
   8.0089284e+03
   9.0137033e+03
   1.0302458e+04
   1.2015287e+04
   1.4402574e+04
   1.7960119e+04
   2.3827407e+04
   3.5334194e+04
   6.8131299e+04
   9.1078599e+05
  -8.0404265e+04
  -3.8569276e+04
  -2.5398543e+04
  -1.8949555e+04
  -1.5122852e+04
  -1.2589347e+04
  -1.0788321e+04
  -9.4422832e+03
  -8.3981908e+03
  -7.5647189e+03
  -6.8839977e+03
  -6.3175785e+03
  -5.8389171e+03
  -5.4290975e+03
  -5.0742754e+03
  -4.7640853e+03
  -4.4906121e+03
  -4.2477077e+03
  -4.0305240e+03
  -3.8351863e+03
  -3.6585608e+03
  -3.4980857e+03
  -3.3516462e+03
  -3.2174814e+03
  -3.0941127e+03
  -2.9802900e+03
  -2.8749489e+03
  -2.7771774e+03
  -2.6861897e+03
  -2.6013052e+03
  -2.5219310e+03
  -2.4475490e+03
  -2.3777036e+03
  -2.3119932e+03
  -2.2500622e+03
  -2.1915944e+03
  -2.1363081e+03
  -2.0839513e+03
  -2.0342977e+03
  -1.9871438e+03
  -1.9423061e+03
  -1.8996184e+03
  -1.8589303e+03
  -1.8201047e+03
  -1.7830171e+03
  -1.7475535e+03
  -1.7136100e+03
  -1.6810910e+03
  -1.6499089e+03
  -1.6199833e+03
  -1.5912397e+03
  -1.5636097e+03
  -1.5370299e+03
  -1.5114416e+03
  -1.4867906e+03
  -1.4630263e+03
  -1.4401017e+03
  -1.4179733e+03
  -1.3966002e+03
  -1.3759444e+03
  -1.3559706e+03
  -1.3366453e+03
  -1.3179377e+03
  -1.2998184e+03
  -1.2822602e+03
  -1.2652374e+03
  -1.2487258e+03
  -1.2327027e+03
  -1.2171467e+03
  -1.2020376e+03
  -1.1873563e+03
  -1.1730849e+03
  -1.1592065e+03
  -1.1457048e+03
  -1.1325648e+03
  -1.1197720e+03
  -1.1073127e+03
  -1.0951740e+03
  -1.0833436e+03
  -1.0718099e+03
  -1.0605616e+03
  -1.0495883e+03
  -1.0388799e+03
  -1.0284268e+03
  -1.0182199e+03
  -1.0082506e+03
  -9.9851053e+02
  -9.8899178e+02
  -9.7968680e+02
  -9.7058838e+02
  -9.6168961e+02
  -9.5298391e+02
  -9.4446495e+02
  -9.3612671e+02
  -9.2796338e+02
  -9.1996942e+02
  -9.1213952e+02
  -9.0446859e+02
  -8.9695172e+02
  -8.8958424e+02
  -8.8236162e+02
  -8.7527955e+02
  -8.6833386e+02
  -8.6152056e+02
  -8.5483579e+02
  -8.4827586e+02
  -8.4183721e+02
  -8.3551641e+02
  -8.2931016e+02
  -8.2321528e+02
  -8.1722870e+02
  -8.1134746e+02
  -8.0556873e+02
  -7.9988975e+02
  -7.9430787e+02
  -7.8882052e+02
  -7.8342524e+02
  -7.7811963e+02
  -7.7290140e+02
  -7.6776831e+02
  -7.6271821e+02
  -7.5774901e+02
  -7.5285870e+02
  -7.4804533e+02
  -7.4330701e+02
  -7.3864191e+02
  -7.3404828e+02
  -7.2952439e+02
  -7.2506858e+02
  -7.2067926e+02
  -7.1635486e+02
  -7.1209387e+02
  -7.0789483e+02
  -7.0375632e+02
  -6.9967696e+02
  -6.9565541e+02
  -6.9169039e+02
  -6.8778062e+02
  -6.8392490e+02
  -6.8012202e+02
  -6.7637084e+02
  -6.7267024e+02
  -6.6901913e+02
  -6.6541646e+02
  -6.6186119e+02
  -6.5835233e+02
  -6.5488890e+02
  -6.5146997e+02
  -6.4809460e+02
  -6.4476191e+02
  -6.4147102e+02
  -6.3822110e+02
  -6.3501131e+02
  -6.3184085e+02
  -6.2870894e+02
  -6.2561481e+02
  -6.2255774e+02
  -6.1953699e+02
  -6.1655186e+02
  -6.1360166e+02
  -6.1068572e+02
  -6.0780340e+02
  -6.0495406e+02
  -6.0213707e+02
  -5.9935184e+02
  -5.9659777e+02
  -5.9387428e+02
  -5.9118082e+02
  -5.8851684e+02
  -5.8588181e+02
  -5.8327519e+02
  -5.8069649e+02
  -5.7814520e+02
  -5.7562084e+02
  -5.7312293e+02
  -5.7065101e+02
  -5.6820463e+02
  -5.6578335e+02
  -5.6338673e+02
  -5.6101435e+02
  -5.5866579e+02
  -5.5634067e+02
  -5.5403857e+02
  -5.5175911e+02
  -5.4950192e+02
  -5.4726663e+02
  -5.4505288e+02
  -5.4286031e+02
  -5.4068858e+02
  -5.3853735e+02
  -5.3640629e+02
  -5.3429507e+02
  -5.3220339e+02
  -5.3013093e+02
  -5.2807738e+02
  -5.2604245e+02
  -5.2402586e+02
  -5.2202730e+02
  -5.2004651e+02
  -5.1808322e+02
  -5.1613715e+02
  -5.1420804e+02
  -5.1229563e+02
  -5.1039968e+02
  -5.0851994e+02
  -5.0665617e+02
  -5.0480812e+02
  -5.0297557e+02
  -5.0115829e+02
  -4.9935606e+02
  -4.9756865e+02
  -4.9579586e+02
  -4.9403747e+02
  -4.9229328e+02
  -4.9056308e+02
  -4.8884668e+02
  -4.8714388e+02
  -4.8545449e+02
  -4.8377833e+02
  -4.8211521e+02
  -4.8046494e+02
  -4.7882736e+02
  -4.7720229e+02
  -4.7558955e+02
  -4.7398899e+02
  -4.7240043e+02
  -4.7082372e+02
  -4.6925869e+02
  -4.6770520e+02
  -4.6616309e+02
  -4.6463220e+02
  -4.6311240e+02
  -4.6160354e+02
  -4.6010547e+02
  -4.5861806e+02
  -4.5714116e+02
  -4.5567465e+02
  -4.5421840e+02
  -4.5277226e+02
  -4.5133612e+02
  -4.4990985e+02
  -4.4849332e+02
  -4.4708642e+02
  -4.4568902e+02
  -4.4430101e+02
  -4.4292227e+02
  -4.4155269e+02
  -4.4019216e+02
  -4.3884056e+02
  -4.3749780e+02
  -4.3616376e+02
  -4.3483835e+02
  -4.3352145e+02
  -4.3221297e+02
  -4.3091280e+02
  -4.2962086e+02
  -4.2833704e+02
  -4.2706126e+02
  -4.2579341e+02
  -4.2453341e+02
  -4.2328117e+02
  -4.2203659e+02
  -4.2079960e+02
  -4.1957010e+02
  -4.1834801e+02
  -4.1713326e+02
  -4.1592575e+02
  -4.1472540e+02
  -4.1353215e+02
  -4.1234590e+02
  -4.1116659e+02
  -4.0999413e+02
  -4.0882846e+02
  -4.0766949e+02
  -4.0651717e+02
  -4.0537141e+02
  -4.0423215e+02
  -4.0309931e+02
  -4.0197284e+02
  -4.0085266e+02
  -3.9973870e+02
  -3.9863091e+02
  -3.9752922e+02
  -3.9643356e+02
  -3.9534388e+02
  -3.9426011e+02
  -3.9318219e+02
  -3.9211006e+02
  -3.9104367e+02
  -3.8998296e+02
  -3.8892786e+02
  -3.8787833e+02
  -3.8683431e+02
  -3.8579574e+02
  -3.8476257e+02
  -3.8373475e+02
  -3.8271223e+02
  -3.8169495e+02
  -3.8068286e+02
  -3.7967592e+02
  -3.7867407e+02
  -3.7767727e+02
  -3.7668547e+02
  -3.7569861e+02
  -3.7471666e+02
  -3.7373957e+02
  -3.7276729e+02
  -3.7179978e+02
  -3.7083700e+02
  -3.6987889e+02
  -3.6892542e+02
  -3.6797655e+02
  -3.6703223e+02
  -3.6609242e+02
  -3.6515708e+02
  -3.6422618e+02
  -3.6329966e+02
  -3.6237750e+02
  -3.6145965e+02
  -3.6054608e+02
  -3.5963675e+02
  -3.5873162e+02
  -3.5783065e+02
  -3.5693381e+02
  -3.5604107e+02
  -3.5515238e+02
  -3.5426772e+02
  -3.5338704e+02
  -3.5251032e+02
  -3.5163752e+02
  -3.5076861e+02
  -3.4990356e+02
  -3.4904233e+02
  -3.4818489e+02
  -3.4733121e+02
  -3.4648126e+02
  -3.4563501e+02
  -3.4479243e+02
  -3.4395349e+02
  -3.4311816e+02
  -3.4228641e+02
  -3.4145820e+02
  -3.4063353e+02
  -3.3981234e+02
  -3.3899463e+02
  -3.3818035e+02
  -3.3736949e+02
  -3.3656201e+02
  -3.3575789e+02
  -3.3495711e+02
  -3.3415963e+02
  -3.3336544e+02
  -3.3257450e+02
  -3.3178680e+02
  -3.3100230e+02
  -3.3022099e+02
  -3.2944283e+02
  -3.2866781e+02
  -3.2789590e+02
  -3.2712708e+02
  -3.2636133e+02
  -3.2559862e+02
  -3.2483893e+02
  -3.2408224e+02
  -3.2332853e+02
  -3.2257777e+02
  -3.2182994e+02
  -3.2108503e+02
  -3.2034300e+02
  -3.1960385e+02
  -3.1886755e+02
  -3.1813408e+02
  -3.1740342e+02
  -3.1667555e+02
  -3.1595045e+02
  -3.1522810e+02
  -3.1450848e+02
  -3.1379158e+02
  -3.1307737e+02
  -3.1236584e+02
  -3.1165696e+02
  -3.1095073e+02
  -3.1024711e+02
  -3.0954610e+02
  -3.0884768e+02
  -3.0815182e+02
  -3.0745852e+02
  -3.0676775e+02
  -3.0607950e+02
  -3.0539375e+02
  -3.0471049e+02
  -3.0402969e+02
  -3.0335134e+02
  -3.0267544e+02
  -3.0200195e+02
  -3.0133087e+02
  -3.0066218e+02
  -2.9999586e+02
  -2.9933190e+02
  -2.9867028e+02
  -2.9801100e+02
  -2.9735403e+02
  -2.9669935e+02
  -2.9604697e+02
  -2.9539685e+02
  -2.9474900e+02
  -2.9410338e+02
  -2.9346000e+02
  -2.9281883e+02
  -2.9217986e+02
  -2.9154309e+02
  -2.9090848e+02
  -2.9027604e+02
  -2.8964575e+02
  -2.8901760e+02
  -2.8839157e+02
  -2.8776765e+02
  -2.8714583e+02
  -2.8652609e+02
  -2.8590843e+02
  -2.8529283e+02
  -2.8467928e+02
  -2.8406777e+02
  -2.8345828e+02
  -2.8285081e+02
  -2.8224534e+02
  -2.8164186e+02
  -2.8104036e+02
  -2.8044083e+02
  -2.7984325e+02
  -2.7924763e+02
  -2.7865393e+02
  -2.7806216e+02
  -2.7747231e+02
  -2.7688435e+02
  -2.7629829e+02
  -2.7571411e+02
  -2.7513180e+02
  -2.7455136e+02
  -2.7397276e+02
  -2.7339600e+02
  -2.7282108e+02
  -2.7224797e+02
  -2.7167668e+02
  -2.7110719e+02
  -2.7053949e+02
  -2.6997357e+02
  -2.6940942e+02
  -2.6884704e+02
  -2.6828641e+02
  -2.6772752e+02
  -2.6717038e+02
  -2.6661495e+02
  -2.6606124e+02
  -2.6550925e+02
  -2.6495895e+02
  -2.6441034e+02
  -2.6386341e+02
  -2.6331816e+02
  -2.6277457e+02
  -2.6223264e+02
  -2.6169236e+02
  -2.6115371e+02
  -2.6061670e+02
  -2.6008131e+02
  -2.5954753e+02
  -2.5901537e+02
  -2.5848480e+02
  -2.5795582e+02
  -2.5742842e+02
  -2.5690260e+02
  -2.5637835e+02
  -2.5585566e+02
  -2.5533452e+02
  -2.5481492e+02
  -2.5429686e+02
  -2.5378034e+02
  -2.5326533e+02
  -2.5275184e+02
  -2.5223986e+02
  -2.5172937e+02
  -2.5122038e+02
  -2.5071288e+02
  -2.5020686e+02
  -2.4970231e+02
  -2.4919922e+02
  -2.4869759e+02
  -2.4819742e+02
  -2.4769869e+02
  -2.4720140e+02
  -2.4670554e+02
  -2.4621110e+02
  -2.4571809e+02
  -2.4522648e+02
  -2.4473629e+02
  -2.4424749e+02
  -2.4376008e+02
  -2.4327406e+02
  -2.4278942e+02
  -2.4230616e+02
  -2.4182426e+02
  -2.4134372e+02
  -2.4086454e+02
  -2.4038671e+02
  -2.3991023e+02
  -2.3943508e+02
  -2.3896126e+02
  -2.3848877e+02
  -2.3801760e+02
  -2.3754774e+02
  -2.3707920e+02
  -2.3661195e+02
  -2.3614600e+02
  -2.3568135e+02
  -2.3521798e+02
  -2.3475589e+02
  -2.3429508e+02
  -2.3383553e+02
  -2.3337726e+02
  -2.3292023e+02
  -2.3246447e+02
  -2.3200995e+02
  -2.3155667e+02
  -2.3110464e+02
  -2.3065383e+02
  -2.3020426e+02
  -2.2975590e+02
  -2.2930876e+02
  -2.2886284e+02
  -2.2841812e+02
  -2.2797460e+02
  -2.2753228e+02
  -2.2709116e+02
  -2.2665122e+02
  -2.2621246e+02
  -2.2577489e+02
  -2.2533848e+02
  -2.2490325e+02
  -2.2446917e+02
  -2.2403626e+02
  -2.2360450e+02
  -2.2317389e+02
  -2.2274442e+02
  -2.2231610e+02
  -2.2188891e+02
  -2.2146285e+02
  -2.2103792e+02
  -2.2061412e+02
  -2.2019143e+02
  -2.1976985e+02
  -2.1934939e+02
  -2.1893003e+02
  -2.1851177e+02
  -2.1809460e+02
  -2.1767853e+02
  -2.1726355e+02
  -2.1684965e+02
  -2.1643683e+02
  -2.1602508e+02
  -2.1561441e+02
  -2.1520480e+02
  -2.1479626e+02
  -2.1438878e+02
  -2.1398235e+02
  -2.1357697e+02
  -2.1317264e+02
  -2.1276935e+02
  -2.1236710e+02
  -2.1196589e+02
  -2.1156571e+02
  -2.1116656e+02
  -2.1076843e+02
  -2.1037132e+02
  -2.0997523e+02
  -2.0958015e+02
  -2.0918607e+02
  -2.0879301e+02
  -2.0840094e+02
  -2.0800987e+02
  -2.0761980e+02
  -2.0723072e+02
  -2.0684262e+02
  -2.0645551e+02
  -2.0606937e+02
  -2.0568421e+02
  -2.0530003e+02
  -2.0491681e+02
  -2.0453456e+02
  -2.0415327e+02
  -2.0377294e+02
  -2.0339357e+02
  -2.0301515e+02
  -2.0263767e+02
  -2.0226114e+02
  -2.0188556e+02
  -2.0151091e+02
  -2.0113719e+02
  -2.0076441e+02
  -2.0039255e+02
  -2.0002163e+02
  -1.9965162e+02
  -1.9928253e+02
  -1.9891436e+02
  -1.9854710e+02
  -1.9818075e+02
  -1.9781530e+02
  -1.9745076e+02
  -1.9708712e+02
  -1.9672437e+02
  -1.9636252e+02
  -1.9600156e+02
  -1.9564149e+02
  -1.9528230e+02
  -1.9492399e+02
  -1.9456656e+02
  -1.9421001e+02
  -1.9385432e+02
  -1.9349951e+02
  -1.9314557e+02
  -1.9279248e+02
  -1.9244026e+02
  -1.9208890e+02
  -1.9173839e+02
  -1.9138874e+02
  -1.9103993e+02
  -1.9069197e+02
  -1.9034485e+02
  -1.8999858e+02
  -1.8965314e+02
  -1.8930853e+02
  -1.8896476e+02
  -1.8862182e+02
  -1.8827971e+02
  -1.8793842e+02
  -1.8759795e+02
  -1.8725830e+02
  -1.8691947e+02
  -1.8658145e+02
  -1.8624424e+02
  -1.8590784e+02
  -1.8557224e+02
  -1.8523745e+02
  -1.8490346e+02
  -1.8457027e+02
  -1.8423787e+02
  -1.8390626e+02
  -1.8357544e+02
  -1.8324541e+02
  -1.8291617e+02
  -1.8258771e+02
  -1.8226003e+02
  -1.8193312e+02
  -1.8160699e+02
  -1.8128164e+02
  -1.8095705e+02
  -1.8063323e+02
  -1.8031018e+02
  -1.7998789e+02
  -1.7966636e+02
  -1.7934558e+02
  -1.7902557e+02
  -1.7870630e+02
  -1.7838779e+02
  -1.7807002e+02
  -1.7775300e+02
  -1.7743673e+02
  -1.7712120e+02
  -1.7680640e+02
  -1.7649234e+02
  -1.7617902e+02
  -1.7586643e+02
  -1.7555457e+02
  -1.7524344e+02
  -1.7493303e+02
  -1.7462334e+02
  -1.7431438e+02
  -1.7400614e+02
  -1.7369861e+02
  -1.7339179e+02
  -1.7308569e+02
  -1.7278030e+02
  -1.7247562e+02
  -1.7217164e+02
  -1.7186837e+02
  -1.7156579e+02
  -1.7126392e+02
  -1.7096274e+02
  -1.7066226e+02
  -1.7036247e+02
  -1.7006337e+02
  -1.6976496e+02
  -1.6946724e+02
  -1.6917020e+02
  -1.6887385e+02
  -1.6857817e+02
  -1.6828318e+02
  -1.6798886e+02
  -1.6769521e+02
  -1.6740224e+02
  -1.6710994e+02
  -1.6681830e+02
  -1.6652733e+02
  -1.6623703e+02
  -1.6594739e+02
  -1.6565841e+02
  -1.6537008e+02
  -1.6508242e+02
  -1.6479541e+02
  -1.6450905e+02
  -1.6422334e+02
  -1.6393828e+02
  -1.6365387e+02
  -1.6337010e+02
  -1.6308698e+02
  -1.6280450e+02
  -1.6252265e+02
  -1.6224145e+02
  -1.6196088e+02
  -1.6168094e+02
  -1.6140164e+02
  -1.6112296e+02
  -1.6084492e+02
  -1.6056750e+02
  -1.6029070e+02
  -1.6001453e+02
  -1.5973898e+02
  -1.5946405e+02
  -1.5918973e+02
  -1.5891604e+02
  -1.5864295e+02
  -1.5837048e+02
  -1.5809862e+02
  -1.5782736e+02
  -1.5755672e+02
  -1.5728668e+02
  -1.5701724e+02
  -1.5674840e+02
  -1.5648017e+02
  -1.5621253e+02
  -1.5594549e+02
  -1.5567904e+02
  -1.5541319e+02
  -1.5514792e+02
  -1.5488325e+02
  -1.5461917e+02
  -1.5435567e+02
  -1.5409276e+02
  -1.5383043e+02
  -1.5356868e+02
  -1.5330751e+02
  -1.5304692e+02
  -1.5278691e+02
  -1.5252747e+02
  -1.5226861e+02
  -1.5201031e+02
  -1.5175259e+02
  -1.5149543e+02
  -1.5123885e+02
  -1.5098283e+02
  -1.5072737e+02
  -1.5047247e+02
  -1.5021814e+02
  -1.4996436e+02
  -1.4971114e+02
  -1.4945848e+02
  -1.4920637e+02
  -1.4895482e+02
  -1.4870381e+02
  -1.4845336e+02
  -1.4820345e+02
  -1.4795410e+02
  -1.4770528e+02
  -1.4745701e+02
  -1.4720929e+02
  -1.4696210e+02
  -1.4671546e+02
  -1.4646935e+02
  -1.4622377e+02
  -1.4597874e+02
  -1.4573423e+02
  -1.4549026e+02
  -1.4524682e+02
  -1.4500391e+02
  -1.4476152e+02
  -1.4451967e+02
  -1.4427833e+02
  -1.4403752e+02
  -1.4379723e+02
  -1.4355747e+02
  -1.4331822e+02
  -1.4307949e+02
  -1.4284127e+02
  -1.4260357e+02
  -1.4236639e+02
  -1.4212972e+02
  -1.4189355e+02
  -1.4165790e+02
  -1.4142275e+02
  -1.4118811e+02
  -1.4095398e+02
  -1.4072035e+02
  -1.4048722e+02
  -1.4025460e+02
  -1.4002247e+02
  -1.3979084e+02
  -1.3955971e+02
  -1.3932908e+02
  -1.3909894e+02
  -1.3886929e+02
  -1.3864014e+02
  -1.3841147e+02
  -1.3818330e+02
  -1.3795561e+02
  -1.3772841e+02
  -1.3750170e+02
  -1.3727547e+02
  -1.3704972e+02
  -1.3682445e+02
  -1.3659966e+02
  -1.3637536e+02
  -1.3615153e+02
  -1.3592817e+02
  -1.3570530e+02
  -1.3548289e+02
  -1.3526096e+02
  -1.3503950e+02
  -1.3481851e+02
  -1.3459799e+02
  -1.3437794e+02
  -1.3415835e+02
  -1.3393923e+02
  -1.3372057e+02
  -1.3350238e+02
  -1.3328464e+02
  -1.3306737e+02
  -1.3285056e+02
  -1.3263420e+02
  -1.3241831e+02
  -1.3220286e+02
  -1.3198787e+02
  -1.3177334e+02
  -1.3155926e+02
  -1.3134562e+02
  -1.3113244e+02
  -1.3091971e+02
  -1.3070742e+02
  -1.3049558e+02
  -1.3028418e+02
  -1.3007323e+02
  -1.2986272e+02
  -1.2965266e+02
  -1.2944303e+02
  -1.2923384e+02
  -1.2902509e+02
  -1.2881678e+02
  -1.2860891e+02
  -1.2840146e+02
  -1.2819446e+02
  -1.2798788e+02
  -1.2778174e+02
  -1.2757602e+02
  -1.2737074e+02
  -1.2716588e+02
  -1.2696145e+02
  -1.2675745e+02
  -1.2655387e+02
