  -9.4102709e-09
  -1.0350333e-08
  -1.1290217e-08
  -1.2229921e-08
  -1.3169444e-08
  -1.4108785e-08
  -1.5047945e-08
  -1.5986921e-08
  -1.6925713e-08
  -1.7864320e-08
  -1.8802741e-08
  -1.9740975e-08
  -2.0679021e-08
  -2.1616879e-08
  -2.2554547e-08
  -2.3492025e-08
  -2.4429312e-08
  -2.5366406e-08
  -2.6303306e-08
  -2.7240013e-08
  -2.8176524e-08
  -2.9112840e-08
  -3.0048958e-08
  -3.0984878e-08
  -3.1920600e-08
  -3.2856121e-08
  -3.3791442e-08
  -3.4726561e-08
  -3.5661477e-08
  -3.6596189e-08
  -3.7530696e-08
  -3.8464998e-08
  -3.9399093e-08
  -4.0332981e-08
  -4.1266659e-08
  -4.2200128e-08
  -4.3133386e-08
  -4.4066433e-08
  -4.4999266e-08
  -4.5931886e-08
  -4.6864291e-08
  -4.7796480e-08
  -4.8728453e-08
  -4.9660207e-08
  -5.0591743e-08
  -5.1523058e-08
  -5.2454153e-08
  -5.3385025e-08
  -5.4315675e-08
  -5.5246100e-08
  -5.6176299e-08
  -5.7106273e-08
  -5.8036019e-08
  -5.8965536e-08
  -5.9894824e-08
  -6.0823881e-08
  -6.1752706e-08
  -6.2681299e-08
  -6.3609657e-08
  -6.4537781e-08
  -6.5465668e-08
  -6.6393317e-08
  -6.7320728e-08
  -6.8247900e-08
  -6.9174831e-08
  -7.0101519e-08
  -7.1027965e-08
  -7.1954167e-08
  -7.2880123e-08
  -7.3805833e-08
  -7.4731295e-08
  -7.5656508e-08
  -7.6581471e-08
  -7.7506183e-08
  -7.8430643e-08
  -7.9354849e-08
  -8.0278800e-08
  -8.1202495e-08
  -8.2125933e-08
  -8.3049112e-08
  -8.3972032e-08
  -8.4894691e-08
  -8.5817088e-08
  -8.6739222e-08
  -8.7661091e-08
  -8.8582695e-08
  -8.9504031e-08
  -9.0425099e-08
  -9.1345897e-08
  -9.2266425e-08
  -9.3186680e-08
  -9.4106662e-08
  -9.5026370e-08
  -9.5945801e-08
  -9.6864955e-08
  -9.7783831e-08
  -9.8702427e-08
  -9.9620742e-08
  -1.0053877e-07
  -1.0145652e-07
  -1.0237399e-07
  -1.0329116e-07
  -1.0420805e-07
  -1.0512465e-07
  -1.0604096e-07
  -1.0695698e-07
  -1.0787270e-07
  -1.0878813e-07
  -1.0970327e-07
  -1.1061810e-07
  -1.1153264e-07
  -1.1244688e-07
  -1.1336081e-07
  -1.1427445e-07
  -1.1518778e-07
  -1.1610080e-07
  -1.1701352e-07
  -1.1792592e-07
  -1.1883802e-07
  -1.1974981e-07
  -1.2066128e-07
  -1.2157244e-07
  -1.2248328e-07
  -1.2339381e-07
  -1.2430401e-07
  -1.2521390e-07
  -1.2612347e-07
  -1.2703271e-07
  -1.2794163e-07
  -1.2885022e-07
  -1.2975848e-07
  -1.3066641e-07
  -1.3157402e-07
  -1.3248129e-07
  -1.3338822e-07
  -1.3429483e-07
  -1.3520109e-07
  -1.3610702e-07
  -1.3701260e-07
  -1.3791785e-07
  -1.3882275e-07
  -1.3972731e-07
  -1.4063152e-07
  -1.4153538e-07
  -1.4243889e-07
  -1.4334205e-07
  -1.4424486e-07
  -1.4514732e-07
  -1.4604942e-07
  -1.4695116e-07
  -1.4785254e-07
  -1.4875356e-07
  -1.4965422e-07
  -1.5055451e-07
  -1.5145444e-07
  -1.5235400e-07
  -1.5325319e-07
  -1.5415201e-07
  -1.5505046e-07
  -1.5594853e-07
  -1.5684623e-07
  -1.5774355e-07
  -1.5864048e-07
  -1.5953704e-07
  -1.6043322e-07
  -1.6132901e-07
  -1.6222441e-07
  -1.6311942e-07
  -1.6401405e-07
  -1.6490828e-07
  -1.6580212e-07
  -1.6669556e-07
  -1.6758861e-07
  -1.6848126e-07
  -1.6937350e-07
  -1.7026535e-07
  -1.7115679e-07
  -1.7204782e-07
  -1.7293844e-07
  -1.7382866e-07
  -1.7471846e-07
  -1.7560785e-07
  -1.7649682e-07
  -1.7738537e-07
  -1.7827351e-07
  -1.7916122e-07
  -1.8004851e-07
  -1.8093537e-07
  -1.8182181e-07
  -1.8270782e-07
  -1.8359340e-07
  -1.8447854e-07
  -1.8536325e-07
  -1.8624752e-07
  -1.8713135e-07
  -1.8801474e-07
  -1.8889769e-07
  -1.8978019e-07
  -1.9066225e-07
  -1.9154386e-07
  -1.9242501e-07
  -1.9330571e-07
  -1.9418596e-07
  -1.9506575e-07
  -1.9594508e-07
  -1.9682395e-07
  -1.9770236e-07
  -1.9858030e-07
  -1.9945777e-07
  -2.0033477e-07
  -2.0121130e-07
  -2.0208736e-07
  -2.0296294e-07
  -2.0383804e-07
  -2.0471266e-07
  -2.0558680e-07
  -2.0646045e-07
  -2.0733362e-07
  -2.0820629e-07
  -2.0907848e-07
  -2.0995017e-07
  -2.1082137e-07
  -2.1169206e-07
  -2.1256226e-07
  -2.1343195e-07
  -2.1430114e-07
  -2.1516983e-07
  -2.1603800e-07
  -2.1690566e-07
  -2.1777281e-07
  -2.1863944e-07
  -2.1950555e-07
  -2.2037114e-07
  -2.2123621e-07
  -2.2210075e-07
  -2.2296476e-07
  -2.2382825e-07
  -2.2469120e-07
  -2.2555361e-07
  -2.2641549e-07
  -2.2727683e-07
  -2.2813762e-07
  -2.2899787e-07
  -2.2985757e-07
  -2.3071673e-07
  -2.3157533e-07
  -2.3243337e-07
  -2.3329086e-07
  -2.3414779e-07
  -2.3500416e-07
  -2.3585996e-07
  -2.3671519e-07
  -2.3756986e-07
  -2.3842395e-07
  -2.3927747e-07
  -2.4013041e-07
  -2.4098277e-07
  -2.4183455e-07
  -2.4268574e-07
  -2.4353634e-07
  -2.4438636e-07
  -2.4523578e-07
  -2.4608460e-07
  -2.4693283e-07
  -2.4778045e-07
  -2.4862748e-07
  -2.4947389e-07
  -2.5031970e-07
  -2.5116489e-07
  -2.5200947e-07
  -2.5285343e-07
  -2.5369678e-07
  -2.5453950e-07
  -2.5538159e-07
  -2.5622305e-07
  -2.5706389e-07
  -2.5790409e-07
  -2.5874365e-07
  -2.5958258e-07
  -2.6042086e-07
  -2.6125849e-07
  -2.6209548e-07
  -2.6293182e-07
  -2.6376750e-07
  -2.6460253e-07
  -2.6543689e-07
  -2.6627060e-07
  -2.6710363e-07
  -2.6793600e-07
  -2.6876770e-07
  -2.6959872e-07
  -2.7042907e-07
  -2.7125873e-07
  -2.7208771e-07
  -2.7291601e-07
  -2.7374361e-07
  -2.7457052e-07
  -2.7539674e-07
  -2.7622226e-07
  -2.7704707e-07
  -2.7787118e-07
  -2.7869459e-07
  -2.7951728e-07
  -2.8033925e-07
  -2.8116051e-07
  -2.8198105e-07
  -2.8280087e-07
  -2.8361995e-07
  -2.8443831e-07
  -2.8525593e-07
  -2.8607282e-07
  -2.8688897e-07
  -2.8770437e-07
  -2.8851903e-07
  -2.8933293e-07
  -2.9014609e-07
  -2.9095848e-07
  -2.9177012e-07
  -2.9258099e-07
  -2.9339110e-07
  -2.9420044e-07
  -2.9500900e-07
  -2.9581679e-07
  -2.9662379e-07
  -2.9743002e-07
  -2.9823545e-07
  -2.9904010e-07
  -2.9984395e-07
  -3.0064700e-07
  -3.0144925e-07
  -3.0225070e-07
  -3.0305134e-07
  -3.0385117e-07
  -3.0465018e-07
  -3.0544838e-07
  -3.0624575e-07
  -3.0704230e-07
  -3.0783801e-07
  -3.0863289e-07
  -3.0942694e-07
  -3.1022015e-07
  -3.1101251e-07
  -3.1180402e-07
  -3.1259468e-07
  -3.1338449e-07
  -3.1417343e-07
  -3.1496152e-07
  -3.1574873e-07
  -3.1653508e-07
  -3.1732055e-07
  -3.1810514e-07
  -3.1888886e-07
  -3.1967168e-07
  -3.2045362e-07
  -3.2123466e-07
  -3.2201480e-07
  -3.2279405e-07
  -3.2357238e-07
  -3.2434981e-07
  -3.2512633e-07
  -3.2590192e-07
  -3.2667660e-07
  -3.2745035e-07
  -3.2822317e-07
  -3.2899505e-07
  -3.2976600e-07
  -3.3053601e-07
  -3.3130507e-07
  -3.3207318e-07
  -3.3284034e-07
  -3.3360654e-07
  -3.3437178e-07
  -3.3513605e-07
  -3.3589934e-07
  -3.3666167e-07
  -3.3742301e-07
  -3.3818337e-07
  -3.3894274e-07
  -3.3970112e-07
  -3.4045851e-07
  -3.4121489e-07
  -3.4197027e-07
  -3.4272463e-07
  -3.4347799e-07
  -3.4423032e-07
  -3.4498163e-07
  -3.4573192e-07
  -3.4648117e-07
  -3.4722938e-07
  -3.4797656e-07
  -3.4872269e-07
  -3.4946777e-07
  -3.5021179e-07
  -3.5095476e-07
  -3.5169666e-07
  -3.5243749e-07
  -3.5317725e-07
  -3.5391594e-07
  -3.5465354e-07
  -3.5539005e-07
  -3.5612547e-07
  -3.5685979e-07
  -3.5759302e-07
  -3.5832513e-07
  -3.5905614e-07
  -3.5978603e-07
  -3.6051480e-07
  -3.6124245e-07
  -3.6196896e-07
  -3.6269434e-07
  -3.6341858e-07
  -3.6414167e-07
  -3.6486361e-07
  -3.6558440e-07
  -3.6630403e-07
  -3.6702249e-07
  -3.6773979e-07
  -3.6845591e-07
  -3.6917084e-07
  -3.6988460e-07
  -3.7059716e-07
  -3.7130852e-07
  -3.7201869e-07
  -3.7272765e-07
  -3.7343539e-07
  -3.7414192e-07
  -3.7484723e-07
  -3.7555132e-07
  -3.7625416e-07
  -3.7695578e-07
  -3.7765614e-07
  -3.7835526e-07
  -3.7905313e-07
  -3.7974974e-07
  -3.8044508e-07
  -3.8113915e-07
  -3.8183195e-07
  -3.8252346e-07
  -3.8321369e-07
  -3.8390263e-07
  -3.8459026e-07
  -3.8527660e-07
  -3.8596162e-07
  -3.8664533e-07
  -3.8732772e-07
  -3.8800879e-07
  -3.8868852e-07
  -3.8936691e-07
  -3.9004396e-07
  -3.9071966e-07
  -3.9139401e-07
  -3.9206700e-07
  -3.9273862e-07
  -3.9340886e-07
  -3.9407773e-07
  -3.9474521e-07
  -3.9541131e-07
  -3.9607600e-07
  -3.9673930e-07
  -3.9740118e-07
  -3.9806165e-07
  -3.9872070e-07
  -3.9937833e-07
  -4.0003452e-07
  -4.0068927e-07
  -4.0134257e-07
  -4.0199443e-07
  -4.0264483e-07
  -4.0329376e-07
  -4.0394122e-07
  -4.0458721e-07
  -4.0523171e-07
  -4.0587472e-07
  -4.0651624e-07
  -4.0715626e-07
  -4.0779477e-07
  -4.0843176e-07
  -4.0906723e-07
  -4.0970117e-07
  -4.1033358e-07
  -4.1096444e-07
  -4.1159376e-07
  -4.1222153e-07
  -4.1284773e-07
  -4.1347236e-07
  -4.1409542e-07
  -4.1471690e-07
  -4.1533679e-07
  -4.1595509e-07
  -4.1657178e-07
  -4.1718687e-07
  -4.1780034e-07
  -4.1841218e-07
  -4.1902240e-07
  -4.1963098e-07
  -4.2023792e-07
  -4.2084321e-07
  -4.2144683e-07
  -4.2204880e-07
  -4.2264909e-07
  -4.2324771e-07
  -4.2384463e-07
  -4.2443987e-07
  -4.2503340e-07
  -4.2562523e-07
  -4.2621534e-07
  -4.2680372e-07
  -4.2739038e-07
  -4.2797530e-07
  -4.2855848e-07
  -4.2913990e-07
  -4.2971957e-07
  -4.3029746e-07
  -4.3087359e-07
  -4.3144793e-07
  -4.3202048e-07
  -4.3259123e-07
  -4.3316017e-07
  -4.3372731e-07
  -4.3429262e-07
  -4.3485611e-07
  -4.3541775e-07
  -4.3597756e-07
  -4.3653551e-07
  -4.3709160e-07
  -4.3764583e-07
  -4.3819818e-07
  -4.3874864e-07
  -4.3929722e-07
  -4.3984389e-07
  -4.4038866e-07
  -4.4093150e-07
  -4.4147243e-07
  -4.4201142e-07
  -4.4254847e-07
  -4.4308358e-07
  -4.4361672e-07
  -4.4414790e-07
  -4.4467711e-07
  -4.4520433e-07
  -4.4572957e-07
  -4.4625280e-07
  -4.4677403e-07
  -4.4729323e-07
  -4.4781042e-07
  -4.4832557e-07
  -4.4883868e-07
  -4.4934974e-07
  -4.4985874e-07
  -4.5036567e-07
  -4.5087052e-07
  -4.5137329e-07
  -4.5187396e-07
  -4.5237253e-07
  -4.5286899e-07
  -4.5336332e-07
  -4.5385553e-07
  -4.5434559e-07
  -4.5483351e-07
  -4.5531927e-07
  -4.5580286e-07
  -4.5628427e-07
  -4.5676350e-07
  -4.5724054e-07
  -4.5771537e-07
  -4.5818799e-07
  -4.5865838e-07
  -4.5912655e-07
  -4.5959247e-07
  -4.6005614e-07
  -4.6051755e-07
  -4.6097669e-07
  -4.6143355e-07
  -4.6188812e-07
  -4.6234040e-07
  -4.6279036e-07
  -4.6323800e-07
  -4.6368332e-07
  -4.6412630e-07
  -4.6456693e-07
  -4.6500520e-07
  -4.6544111e-07
  -4.6587463e-07
  -4.6630577e-07
  -4.6673451e-07
  -4.6716084e-07
  -4.6758476e-07
  -4.6800624e-07
  -4.6842529e-07
  -4.6884189e-07
  -4.6925602e-07
  -4.6966769e-07
  -4.7007688e-07
  -4.7048358e-07
  -4.7088777e-07
  -4.7128945e-07
  -4.7168862e-07
  -4.7208524e-07
  -4.7247933e-07
  -4.7287086e-07
  -4.7325983e-07
  -4.7364621e-07
  -4.7403002e-07
  -4.7441122e-07
  -4.7478982e-07
  -4.7516580e-07
  -4.7553914e-07
  -4.7590985e-07
  -4.7627790e-07
  -4.7664329e-07
  -4.7700600e-07
  -4.7736603e-07
  -4.7772335e-07
  -4.7807797e-07
  -4.7842987e-07
  -4.7877904e-07
  -4.7912547e-07
  -4.7946914e-07
  -4.7981004e-07
  -4.8014817e-07
  -4.8048350e-07
  -4.8081604e-07
  -4.8114576e-07
  -4.8147266e-07
  -4.8179672e-07
  -4.8211793e-07
  -4.8243628e-07
  -4.8275176e-07
  -4.8306436e-07
  -4.8337405e-07
  -4.8368084e-07
  -4.8398471e-07
  -4.8428565e-07
  -4.8458364e-07
  -4.8487867e-07
  -4.8517074e-07
  -4.8545982e-07
  -4.8574590e-07
  -4.8602898e-07
  -4.8630904e-07
  -4.8658607e-07
  -4.8686005e-07
  -4.8713097e-07
  -4.8739882e-07
  -4.8766359e-07
  -4.8792527e-07
  -4.8818383e-07
  -4.8843927e-07
  -4.8869158e-07
  -4.8894074e-07
  -4.8918673e-07
  -4.8942956e-07
  -4.8966919e-07
  -4.8990563e-07
  -4.9013885e-07
  -4.9036884e-07
  -4.9059559e-07
  -4.9081908e-07
  -4.9103931e-07
  -4.9125626e-07
  -4.9146991e-07
  -4.9168025e-07
  -4.9188727e-07
  -4.9209096e-07
  -4.9229129e-07
  -4.9248826e-07
  -4.9268185e-07
  -4.9287205e-07
  -4.9305884e-07
  -4.9324221e-07
  -4.9342215e-07
  -4.9359864e-07
  -4.9377166e-07
  -4.9394121e-07
  -4.9410727e-07
  -4.9426982e-07
  -4.9442885e-07
  -4.9458434e-07
  -4.9473629e-07
  -4.9488467e-07
  -4.9502947e-07
  -4.9517067e-07
  -4.9530827e-07
  -4.9544225e-07
  -4.9557258e-07
  -4.9569926e-07
  -4.9582228e-07
  -4.9594161e-07
  -4.9605724e-07
  -4.9616915e-07
  -4.9627734e-07
  -4.9638178e-07
  -4.9648246e-07
  -4.9657937e-07
  -4.9667248e-07
  -4.9676179e-07
  -4.9684728e-07
  -4.9692892e-07
  -4.9700672e-07
  -4.9708064e-07
  -4.9715068e-07
  -4.9721681e-07
  -4.9727903e-07
  -4.9733732e-07
  -4.9739165e-07
  -4.9744202e-07
  -4.9748841e-07
  -4.9753080e-07
  -4.9756917e-07
  -4.9760352e-07
  -4.9763381e-07
  -4.9766004e-07
  -4.9768219e-07
  -4.9770024e-07
  -4.9771418e-07
  -4.9772399e-07
  -4.9772965e-07
  -4.9773115e-07
  -4.9772846e-07
  -4.9772157e-07
  -4.9771047e-07
  -4.9769514e-07
  -4.9767555e-07
  -4.9765170e-07
  -4.9762357e-07
  -4.9759113e-07
  -4.9755437e-07
  -4.9751327e-07
  -4.9746782e-07
  -4.9741800e-07
  -4.9736379e-07
  -4.9730517e-07
  -4.9724212e-07
  -4.9717463e-07
  -4.9710268e-07
  -4.9702624e-07
  -4.9694531e-07
  -4.9685987e-07
  -4.9676989e-07
  -4.9667535e-07
  -4.9657625e-07
  -4.9647256e-07
  -4.9636425e-07
  -4.9625133e-07
  -4.9613375e-07
  -4.9601152e-07
  -4.9588460e-07
  -4.9575297e-07
  -4.9561663e-07
  -4.9547555e-07
  -4.9532971e-07
  -4.9517910e-07
  -4.9502369e-07
  -4.9486346e-07
  -4.9469839e-07
  -4.9452847e-07
  -4.9435368e-07
  -4.9417400e-07
  -4.9398940e-07
  -4.9379987e-07
  -4.9360538e-07
  -4.9340593e-07
  -4.9320148e-07
  -4.9299202e-07
  -4.9277753e-07
  -4.9255799e-07
  -4.9233338e-07
  -4.9210367e-07
  -4.9186885e-07
  -4.9162890e-07
  -4.9138379e-07
  -4.9113352e-07
  -4.9087804e-07
  -4.9061736e-07
  -4.9035144e-07
  -4.9008026e-07
  -4.8980380e-07
  -4.8952205e-07
  -4.8923498e-07
  -4.8894257e-07
  -4.8864480e-07
  -4.8834165e-07
  -4.8803309e-07
  -4.8771911e-07
  -4.8739969e-07
  -4.8707479e-07
  -4.8674441e-07
  -4.8640852e-07
  -4.8606710e-07
  -4.8572012e-07
  -4.8536757e-07
  -4.8500942e-07
  -4.8464566e-07
  -4.8427625e-07
  -4.8390118e-07
  -4.8352042e-07
  -4.8313396e-07
  -4.8274176e-07
  -4.8234382e-07
  -4.8194010e-07
  -4.8153058e-07
  -4.8111525e-07
  -4.8069407e-07
  -4.8026703e-07
  -4.7983410e-07
  -4.7939526e-07
  -4.7895049e-07
  -4.7849976e-07
  -4.7804305e-07
  -4.7758034e-07
  -4.7711161e-07
  -4.7663683e-07
  -4.7615597e-07
  -4.7566902e-07
  -4.7517595e-07
  -4.7467674e-07
  -4.7417136e-07
  -4.7365980e-07
  -4.7314202e-07
  -4.7261800e-07
  -4.7208772e-07
  -4.7155116e-07
  -4.7100829e-07
  -4.7045909e-07
  -4.6990353e-07
  -4.6934158e-07
  -4.6877323e-07
  -4.6819846e-07
  -4.6761722e-07
  -4.6702951e-07
  -4.6643530e-07
  -4.6583455e-07
  -4.6522726e-07
  -4.6461338e-07
  -4.6399291e-07
  -4.6336580e-07
  -4.6273205e-07
  -4.6209161e-07
  -4.6144448e-07
  -4.6079061e-07
  -4.6013000e-07
  -4.5946260e-07
  -4.5878840e-07
  -4.5810737e-07
  -4.5741949e-07
  -4.5672473e-07
  -4.5602306e-07
  -4.5531445e-07
  -4.5459890e-07
  -4.5387635e-07
  -4.5314680e-07
  -4.5241021e-07
  -4.5166656e-07
  -4.5091583e-07
  -4.5015798e-07
  -4.4939299e-07
  -4.4862083e-07
  -4.4784148e-07
  -4.4705491e-07
  -4.4626110e-07
  -4.4546001e-07
  -4.4465162e-07
  -4.4383591e-07
  -4.4301285e-07
  -4.4218240e-07
  -4.4134455e-07
  -4.4049927e-07
  -4.3964652e-07
  -4.3878629e-07
  -4.3791854e-07
  -4.3704325e-07
  -4.3616040e-07
  -4.3526994e-07
  -4.3437186e-07
  -4.3346613e-07
  -4.3255273e-07
  -4.3163161e-07
  -4.3070276e-07
  -4.2976615e-07
  -4.2882175e-07
  -4.2786953e-07
  -4.2690947e-07
  -4.2594153e-07
  -4.2496569e-07
  -4.2398192e-07
  -4.2299019e-07
  -4.2199048e-07
  -4.2098276e-07
  -4.1996699e-07
  -4.1894315e-07
  -4.1791121e-07
  -4.1687115e-07
  -4.1582293e-07
  -4.1476652e-07
  -4.1370190e-07
  -4.1262904e-07
  -4.1154791e-07
  -4.1045848e-07
  -4.0936072e-07
  -4.0825460e-07
  -4.0714010e-07
  -4.0601718e-07
  -4.0488582e-07
  -4.0374599e-07
  -4.0259765e-07
  -4.0144078e-07
  -4.0027536e-07
  -3.9910134e-07
  -3.9791870e-07
  -3.9672742e-07
  -3.9552746e-07
  -3.9431879e-07
  -3.9310138e-07
  -3.9187521e-07
  -3.9064024e-07
  -3.8939644e-07
  -3.8814379e-07
  -3.8688226e-07
  -3.8561181e-07
  -3.8433242e-07
  -3.8304405e-07
  -3.8174668e-07
  -3.8044028e-07
  -3.7912481e-07
  -3.7780025e-07
  -3.7646657e-07
  -3.7512373e-07
  -3.7377171e-07
  -3.7241048e-07
  -3.7104000e-07
  -3.6966025e-07
  -3.6827119e-07
  -3.6687280e-07
  -3.6546505e-07
  -3.6404790e-07
  -3.6262132e-07
  -3.6118529e-07
  -3.5973978e-07
  -3.5828475e-07
  -3.5682017e-07
  -3.5534602e-07
  -3.5386226e-07
  -3.5236887e-07
  -3.5086580e-07
  -3.4935304e-07
  -3.4783055e-07
  -3.4629830e-07
  -3.4475626e-07
  -3.4320440e-07
  -3.4164269e-07
  -3.4007110e-07
  -3.3848960e-07
  -3.3689815e-07
  -3.3529673e-07
  -3.3368531e-07
  -3.3206386e-07
  -3.3043234e-07
  -3.2879073e-07
  -3.2713899e-07
  -3.2547709e-07
  -3.2380501e-07
  -3.2212271e-07
  -3.2043016e-07
  -3.1872734e-07
  -3.1701420e-07
  -3.1529073e-07
  -3.1355689e-07
  -3.1181264e-07
  -3.1005797e-07
  -3.0829283e-07
  -3.0651720e-07
  -3.0473105e-07
  -3.0293435e-07
  -3.0112707e-07
  -2.9930917e-07
  -2.9748062e-07
  -2.9564140e-07
  -2.9379148e-07
  -2.9193082e-07
  -2.9005940e-07
  -2.8817718e-07
  -2.8628413e-07
  -2.8438023e-07
  -2.8246545e-07
  -2.8053974e-07
  -2.7860309e-07
  -2.7665547e-07
  -2.7469683e-07
  -2.7272717e-07
  -2.7074643e-07
  -2.6875460e-07
  -2.6675164e-07
  -2.6473753e-07
  -2.6271223e-07
  -2.6067571e-07
  -2.5862795e-07
  -2.5656892e-07
  -2.5449858e-07
  -2.5241691e-07
  -2.5032388e-07
  -2.4821945e-07
  -2.4610360e-07
  -2.4397630e-07
  -2.4183753e-07
  -2.3968724e-07
  -2.3752541e-07
  -2.3535202e-07
  -2.3316703e-07
  -2.3097042e-07
  -2.2876216e-07
  -2.2654221e-07
  -2.2431055e-07
  -2.2206716e-07
  -2.1981199e-07
  -2.1754504e-07
  -2.1526625e-07
  -2.1297562e-07
  -2.1067311e-07
  -2.0835869e-07
  -2.0603234e-07
  -2.0369402e-07
  -2.0134371e-07
  -1.9898139e-07
  -1.9660702e-07
  -1.9422057e-07
  -1.9182203e-07
  -1.8941136e-07
  -1.8698854e-07
  -1.8455354e-07
  -1.8210633e-07
  -1.7964689e-07
  -1.7717519e-07
  -1.7469121e-07
  -1.7219491e-07
  -1.6968627e-07
  -1.6716528e-07
  -1.6463189e-07
  -1.6208608e-07
  -1.5952784e-07
  -1.5695713e-07
  -1.5437393e-07
  -1.5177822e-07
  -1.4916996e-07
  -1.4654915e-07
  -1.4391574e-07
  -1.4126972e-07
  -1.3861106e-07
  -1.3593973e-07
  -1.3325573e-07
  -1.3055901e-07
  -1.2784957e-07
  -1.2512736e-07
  -1.2239238e-07
  -1.1964460e-07
  -1.1688399e-07
  -1.1411054e-07
  -1.1132421e-07
  -1.0852500e-07
  -1.0571288e-07
  -1.0288782e-07
  -1.0004980e-07
  -9.7198805e-08
  -9.4334814e-08
  -9.1457803e-08
  -8.8567753e-08
  -8.5664643e-08
  -8.2748453e-08
  -7.9819163e-08
  -7.6876754e-08
  -7.3921205e-08
  -7.0952499e-08
  -6.7970615e-08
  -6.4975535e-08
  -6.1967241e-08
  -5.8945714e-08
  -5.5910937e-08
  -5.2862891e-08
  -4.9801560e-08
  -4.6726927e-08
  -4.3638973e-08
  -4.0537684e-08
  -3.7423041e-08
  -3.4295030e-08
  -3.1153635e-08
  -2.7998839e-08
  -2.4830628e-08
  -2.1648988e-08
  -1.8453902e-08
  -1.5245358e-08
  -1.2023340e-08
  -8.7878358e-09
  -5.5388313e-09
  -2.2763136e-09
   9.9973009e-10
   4.2893122e-09
   7.5924450e-09
   1.0909140e-08
   1.4239409e-08
   1.7583263e-08
   2.0940712e-08
   2.4311768e-08
   2.7696440e-08
   3.1094739e-08
   3.4506672e-08
   3.7932250e-08
   4.1371481e-08
   4.4824374e-08
   4.8290936e-08
   5.1771175e-08
   5.5265099e-08
   5.8772713e-08
   6.2294025e-08
   6.5829040e-08
   6.9377765e-08
   7.2940204e-08
   7.6516362e-08
   8.0106244e-08
   8.3709854e-08
   8.7327196e-08
   9.0958272e-08
   9.4603085e-08
   9.8261639e-08
   1.0193393e-07
   1.0561997e-07
   1.0931976e-07
   1.1303329e-07
   1.1676056e-07
   1.2050158e-07
   1.2425635e-07
   1.2802485e-07
   1.3180710e-07
   1.3560309e-07
   1.3941282e-07
   1.4323628e-07
   1.4707348e-07
   1.5092440e-07
   1.5478904e-07
   1.5866740e-07
   1.6255948e-07
   1.6646526e-07
   1.7038474e-07
   1.7431791e-07
   1.7826478e-07
   1.8222532e-07
   1.8619953e-07
   1.9018740e-07
   1.9418892e-07
   1.9820409e-07
   2.0223289e-07
   2.0627530e-07
   2.1033133e-07
   2.1440096e-07
   2.1848417e-07
   2.2258095e-07
   2.2669129e-07
   2.3081517e-07
   2.3495259e-07
   2.3910351e-07
   2.4326794e-07
   2.4744585e-07
   2.5163722e-07
   2.5584204e-07
   2.6006028e-07
   2.6429194e-07
   2.6853699e-07
   2.7279541e-07
   2.7706718e-07
   2.8135228e-07
   2.8565068e-07
   2.8996238e-07
   2.9428733e-07
   2.9862553e-07
   3.0297693e-07
   3.0734153e-07
   3.1171930e-07
   3.1611020e-07
   3.2051422e-07
   3.2493132e-07
   3.2936148e-07
   3.3380467e-07
   3.3826085e-07
   3.4273001e-07
   3.4721211e-07
   3.5170712e-07
   3.5621500e-07
   3.6073573e-07
   3.6526927e-07
   3.6981559e-07
   3.7437465e-07
   3.7894642e-07
   3.8353086e-07
   3.8812794e-07
   3.9273762e-07
   3.9735986e-07
   4.0199463e-07
   4.0664188e-07
   4.1130157e-07
   4.1597367e-07
   4.2065813e-07
   4.2535492e-07
   4.3006398e-07
   4.3478528e-07
   4.3951877e-07
   4.4426441e-07
   4.4902215e-07
   4.5379195e-07
   4.5857375e-07
   4.6336752e-07
   4.6817320e-07
   4.7299075e-07
   4.7782011e-07
   4.8266124e-07
   4.8751408e-07
   4.9237859e-07
   4.9725470e-07
   5.0214237e-07
   5.0704155e-07
   5.1195217e-07
   5.1687418e-07
   5.2180753e-07
   5.2675217e-07
   5.3170802e-07
   5.3667504e-07
   5.4165316e-07
   5.4664233e-07
   5.5164248e-07
   5.5665355e-07
   5.6167549e-07
   5.6670823e-07
   5.7175170e-07
   5.7680584e-07
   5.8187058e-07
   5.8694587e-07
   5.9203163e-07
   5.9712780e-07
   6.0223430e-07
   6.0735108e-07
   6.1247805e-07
   6.1761515e-07
   6.2276232e-07
   6.2791947e-07
   6.3308653e-07
   6.3826344e-07
   6.4345011e-07
   6.4864648e-07
   6.5385246e-07
   6.5906798e-07
   6.6429297e-07
   6.6952734e-07
   6.7477103e-07
   6.8002394e-07
   6.8528600e-07
   6.9055712e-07
   6.9583723e-07
   7.0112625e-07
   7.0642409e-07
   7.1173067e-07
   7.1704590e-07
   7.2236969e-07
   7.2770197e-07
   7.3304265e-07
   7.3839163e-07
   7.4374884e-07
   7.4911417e-07
   7.5448755e-07
   7.5986888e-07
   7.6525807e-07
   7.7065502e-07
   7.7605966e-07
   7.8147188e-07
   7.8689158e-07
   7.9231869e-07
   7.9775309e-07
   8.0319469e-07
   8.0864341e-07
   8.1409913e-07
   8.1956176e-07
   8.2503121e-07
   8.3050737e-07
   8.3599015e-07
   8.4147943e-07
   8.4697513e-07
   8.5247714e-07
   8.5798535e-07
   8.6349967e-07
   8.6901998e-07
   8.7454619e-07
   8.8007819e-07
   8.8561587e-07
   8.9115912e-07
   8.9670784e-07
   9.0226192e-07
   9.0782126e-07
   9.1338573e-07
   9.1895524e-07
   9.2452967e-07
   9.3010891e-07
   9.3569285e-07
   9.4128137e-07
   9.4687437e-07
   9.5247172e-07
   9.5807333e-07
   9.6367906e-07
   9.6928881e-07
   9.7490246e-07
   9.8051989e-07
   9.8614099e-07
   9.9176564e-07
   9.9739371e-07
   1.0030251e-06
   1.0086597e-06
   1.0142973e-06
   1.0199380e-06
   1.0255814e-06
   1.0312275e-06
   1.0368763e-06
   1.0425275e-06
   1.0481811e-06
   1.0538368e-06
   1.0594947e-06
   1.0651546e-06
   1.0708163e-06
   1.0764797e-06
   1.0821447e-06
   1.0878112e-06
   1.0934790e-06
   1.0991481e-06
   1.1048183e-06
   1.1104894e-06
   1.1161613e-06
   1.1218340e-06
   1.1275073e-06
   1.1331810e-06
   1.1388550e-06
   1.1445292e-06
   1.1502035e-06
   1.1558777e-06
   1.1615517e-06
   1.1672254e-06
   1.1728986e-06
   1.1785712e-06
   1.1842431e-06
   1.1899142e-06
   1.1955843e-06
   1.2012532e-06
   1.2069209e-06
   1.2125872e-06
   1.2182520e-06
   1.2239151e-06
   1.2295764e-06
   1.2352358e-06
   1.2408932e-06
   1.2465483e-06
   1.2522012e-06
   1.2578515e-06
   1.2634993e-06
   1.2691444e-06
   1.2747866e-06
   1.2804257e-06
   1.2860618e-06
   1.2916945e-06
   1.2973239e-06
   1.3029497e-06
   1.3085719e-06
   1.3141902e-06
   1.3198046e-06
   1.3254149e-06
   1.3310209e-06
   1.3366226e-06
   1.3422198e-06
   1.3478124e-06
   1.3534002e-06
   1.3589831e-06
   1.3645610e-06
   1.3701337e-06
   1.3757011e-06
   1.3812630e-06
   1.3868194e-06
   1.3923700e-06
   1.3979148e-06
   1.4034536e-06
   1.4089863e-06
   1.4145127e-06
   1.4200327e-06
   1.4255462e-06
   1.4310531e-06
   1.4365531e-06
   1.4420462e-06
   1.4475323e-06
   1.4530111e-06
   1.4584826e-06
   1.4639466e-06
   1.4694031e-06
   1.4748518e-06
   1.4802926e-06
   1.4857255e-06
   1.4911502e-06
   1.4965666e-06
   1.5019747e-06
   1.5073742e-06
   1.5127651e-06
   1.5181472e-06
   1.5235204e-06
   1.5288845e-06
   1.5342395e-06
   1.5395852e-06
   1.5449214e-06
   1.5502481e-06
   1.5555650e-06
   1.5608722e-06
   1.5661694e-06
   1.5714566e-06
   1.5767335e-06
   1.5820002e-06
   1.5872564e-06
   1.5925020e-06
   1.5977369e-06
   1.6029610e-06
   1.6081742e-06
   1.6133763e-06
   1.6185672e-06
   1.6237468e-06
   1.6289150e-06
   1.6340717e-06
   1.6392166e-06
   1.6443498e-06
   1.6494711e-06
   1.6545804e-06
   1.6596775e-06
   1.6647624e-06
   1.6698349e-06
   1.6748949e-06
   1.6799423e-06
   1.6849769e-06
   1.6899988e-06
   1.6950077e-06
   1.7000036e-06
   1.7049863e-06
   1.7099557e-06
   1.7149117e-06
   1.7198542e-06
   1.7247832e-06
   1.7296984e-06
   1.7345998e-06
   1.7394873e-06
   1.7443607e-06
   1.7492200e-06
   1.7540651e-06
   1.7588958e-06
   1.7637121e-06
   1.7685139e-06
   1.7733010e-06
   1.7780733e-06
   1.7828308e-06
   1.7875734e-06
   1.7923009e-06
   1.7970133e-06
   1.8017105e-06
   1.8063923e-06
   1.8110588e-06
   1.8157097e-06
   1.8203450e-06
   1.8249646e-06
   1.8295684e-06
   1.8341564e-06
   1.8387283e-06
   1.8432843e-06
   1.8478241e-06
   1.8523476e-06
   1.8568549e-06
   1.8613458e-06
   1.8658202e-06
   1.8702780e-06
   1.8747193e-06
   1.8791437e-06
   1.8835514e-06
   1.8879423e-06
   1.8923161e-06
   1.8966730e-06
   1.9010127e-06
   1.9053353e-06
   1.9096406e-06
   1.9139286e-06
   1.9181993e-06
   1.9224524e-06
   1.9266880e-06
   1.9309060e-06
   1.9351064e-06
   1.9392890e-06
   1.9434538e-06
   1.9476008e-06
   1.9517298e-06
   1.9558409e-06
   1.9599339e-06
   1.9640088e-06
   1.9680656e-06
   1.9721041e-06
   1.9761243e-06
   1.9801262e-06
   1.9841097e-06
   1.9880748e-06
   1.9920213e-06
   1.9959494e-06
   1.9998588e-06
   2.0037495e-06
   2.0076216e-06
   2.0114750e-06
   2.0153095e-06
   2.0191252e-06
   2.0229220e-06
   2.0266999e-06
   2.0304589e-06
   2.0341988e-06
   2.0379197e-06
   2.0416215e-06
   2.0453042e-06
   2.0489677e-06
   2.0526121e-06
   2.0562372e-06
   2.0598430e-06
   2.0634296e-06
   2.0669968e-06
   2.0705446e-06
   2.0740731e-06
   2.0775822e-06
   2.0810718e-06
   2.0845419e-06
   2.0879926e-06
   2.0914237e-06
   2.0948353e-06
   2.0982273e-06
   2.1015998e-06
   2.1049526e-06
   2.1082858e-06
   2.1115994e-06
   2.1148933e-06
   2.1181675e-06
   2.1214221e-06
   2.1246569e-06
   2.1278721e-06
   2.1310675e-06
   2.1342431e-06
   2.1373990e-06
   2.1405352e-06
   2.1436516e-06
   2.1467482e-06
   2.1498250e-06
   2.1528821e-06
   2.1559193e-06
   2.1589368e-06
   2.1619345e-06
   2.1649123e-06
   2.1678704e-06
   2.1708087e-06
   2.1737272e-06
   2.1766259e-06
   2.1795048e-06
   2.1823640e-06
   2.1852034e-06
   2.1880230e-06
   2.1908228e-06
   2.1936029e-06
   2.1963632e-06
   2.1991038e-06
   2.2018247e-06
   2.2045259e-06
   2.2072074e-06
   2.2098692e-06
   2.2125113e-06
   2.2151338e-06
   2.2177366e-06
   2.2203199e-06
   2.2228835e-06
   2.2254275e-06
   2.2279520e-06
   2.2304569e-06
   2.2329424e-06
   2.2354083e-06
   2.2378547e-06
   2.2402817e-06
   2.2426893e-06
   2.2450775e-06
   2.2474463e-06
   2.2497957e-06
   2.2521259e-06
   2.2544367e-06
   2.2567283e-06
   2.2590006e-06
   2.2612538e-06
   2.2634878e-06
   2.2657027e-06
   2.2678984e-06
   2.2700751e-06
   2.2722328e-06
   2.2743715e-06
   2.2764912e-06
   2.2785920e-06
   2.2806739e-06
   2.2827370e-06
   2.2847812e-06
   2.2868067e-06
   2.2888135e-06
   2.2908016e-06
   2.2927710e-06
   2.2947219e-06
   2.2966541e-06
   2.2985679e-06
   2.3004632e-06
   2.3023401e-06
   2.3041986e-06
   2.3060388e-06
   2.3078607e-06
   2.3096643e-06
   2.3114498e-06
   2.3132171e-06
   2.3149663e-06
   2.3166975e-06
   2.3184107e-06
   2.3201060e-06
   2.3217833e-06
   2.3234429e-06
   2.3250846e-06
   2.3267086e-06
   2.3283149e-06
   2.3299037e-06
   2.3314748e-06
   2.3330284e-06
   2.3345646e-06
   2.3360834e-06
   2.3375848e-06
   2.3390689e-06
   2.3405358e-06
   2.3419855e-06
   2.3434182e-06
   2.3448337e-06
   2.3462323e-06
   2.3476139e-06
   2.3489786e-06
   2.3503266e-06
   2.3516577e-06
   2.3529722e-06
   2.3542701e-06
   2.3555513e-06
   2.3568161e-06
   2.3580644e-06
   2.3592963e-06
   2.3605120e-06
   2.3617113e-06
   2.3628945e-06
   2.3640615e-06
   2.3652125e-06
   2.3663475e-06
   2.3674666e-06
   2.3685698e-06
   2.3696571e-06
   2.3707288e-06
   2.3717848e-06
   2.3728252e-06
   2.3738500e-06
   2.3748594e-06
   2.3758534e-06
   2.3768321e-06
   2.3777955e-06
   2.3787438e-06
   2.3796769e-06
   2.3805949e-06
   2.3814980e-06
   2.3823861e-06
   2.3832594e-06
   2.3841179e-06
   2.3849617e-06
   2.3857909e-06
   2.3866055e-06
   2.3874057e-06
   2.3881914e-06
   2.3889627e-06
   2.3897198e-06
   2.3904626e-06
   2.3911913e-06
   2.3919060e-06
   2.3926066e-06
   2.3932934e-06
   2.3939662e-06
   2.3946253e-06
   2.3952707e-06
   2.3959025e-06
   2.3965206e-06
   2.3971253e-06
   2.3977166e-06
   2.3982945e-06
   2.3988592e-06
   2.3994107e-06
   2.3999490e-06
   2.4004743e-06
   2.4009866e-06
   2.4014859e-06
   2.4019725e-06
   2.4024463e-06
   2.4029074e-06
   2.4033558e-06
   2.4037918e-06
   2.4042152e-06
   2.4046263e-06
   2.4050251e-06
   2.4054116e-06
   2.4057859e-06
   2.4061481e-06
   2.4064983e-06
   2.4068365e-06
   2.4071629e-06
   2.4074774e-06
   2.4077802e-06
   2.4080713e-06
   2.4083509e-06
   2.4086189e-06
   2.4088755e-06
   2.4091207e-06
   2.4093546e-06
   2.4095773e-06
   2.4097889e-06
   2.4099893e-06
   2.4101788e-06
   2.4103573e-06
   2.4105250e-06
   2.4106818e-06
   2.4108280e-06
   2.4109635e-06
   2.4110884e-06
   2.4112029e-06
   2.4113069e-06
   2.4114005e-06
   2.4114839e-06
   2.4115571e-06
   2.4116201e-06
   2.4116730e-06
   2.4117160e-06
   2.4117490e-06
   2.4117722e-06
   2.4117856e-06
   2.4117893e-06
   2.4117833e-06
   2.4117678e-06
   2.4117428e-06
   2.4117083e-06
   2.4116645e-06
   2.4116114e-06
   2.4115491e-06
   2.4114776e-06
   2.4113971e-06
   2.4113075e-06
   2.4112090e-06
   2.4111016e-06
   2.4109855e-06
   2.4108606e-06
   2.4107270e-06
   2.4105848e-06
   2.4104341e-06
   2.4102750e-06
   2.4101074e-06
   2.4099316e-06
   2.4097475e-06
   2.4095552e-06
   2.4093547e-06
   2.4091462e-06
   2.4089298e-06
   2.4087054e-06
   2.4084731e-06
   2.4082331e-06
   2.4079854e-06
   2.4077300e-06
   2.4074670e-06
   2.4071964e-06
   2.4069185e-06
   2.4066331e-06
   2.4063404e-06
   2.4060404e-06
   2.4057333e-06
   2.4054190e-06
   2.4050976e-06
   2.4047692e-06
   2.4044339e-06
   2.4040917e-06
   2.4037427e-06
   2.4033869e-06
   2.4030244e-06
   2.4026553e-06
   2.4022797e-06
   2.4018975e-06
   2.4015089e-06
   2.4011139e-06
   2.4007126e-06
