   1.8740910e+07
   1.4073349e+07
   1.0834699e+07
   8.5175723e+06
   6.8162788e+06
   5.5391548e+06
   4.5618755e+06
   3.8013950e+06
   3.2008027e+06
   2.7202109e+06
   2.3310987e+06
   2.0127060e+06
   1.7496778e+06
   1.5304913e+06
   1.3463848e+06
   1.1906163e+06
   1.0579401e+06
   9.4423368e+05
   8.4622666e+05
   7.6130242e+05
   6.8735047e+05
   6.2265592e+05
   5.6581556e+05
   5.1567376e+05
   4.7127302e+05
   4.3181538e+05
   3.9663232e+05
   3.6516089e+05
   3.3692477e+05
   3.1151910e+05
   2.8859832e+05
   2.6786624e+05
   2.4906802e+05
   2.3198359e+05
   2.1642227e+05
   2.0221824e+05
   1.8922687e+05
   1.7732163e+05
   1.6639151e+05
   1.5633881e+05
   1.4707735e+05
   1.3853089e+05
   1.3063186e+05
   1.2332018e+05
   1.1654234e+05
   1.1025058e+05
   1.0440215e+05
   9.8958749e+04
   9.3885975e+04
   8.9152865e+04
   8.4731508e+04
   8.0596698e+04
   7.6725635e+04
   7.3097658e+04
   6.9694017e+04
   6.6497670e+04
   6.3493103e+04
   6.0666174e+04
   5.8003973e+04
   5.5494698e+04
   5.3127547e+04
   5.0892619e+04
   4.8780829e+04
   4.6783831e+04
   4.4893946e+04
   4.3104104e+04
   4.1407787e+04
   3.9798979e+04
   3.8272123e+04
   3.6822077e+04
   3.5444084e+04
   3.4133734e+04
   3.2886937e+04
   3.1699896e+04
   3.0569084e+04
   2.9491217e+04
   2.8463241e+04
   2.7482310e+04
   2.6545772e+04
   2.5651149e+04
   2.4796129e+04
   2.3978550e+04
   2.3196392e+04
   2.2447762e+04
   2.1730888e+04
   2.1044108e+04
   2.0385865e+04
   1.9754697e+04
   1.9149229e+04
   1.8568170e+04
   1.8010308e+04
   1.7474499e+04
   1.6959667e+04
   1.6464800e+04
   1.5988942e+04
   1.5531193e+04
   1.5090701e+04
   1.4666664e+04
   1.4258323e+04
   1.3864962e+04
   1.3485902e+04
   1.3120501e+04
   1.2768151e+04
   1.2428279e+04
   1.2100337e+04
   1.1783809e+04
   1.1478204e+04
   1.1183058e+04
   1.0897928e+04
   1.0622395e+04
   1.0356060e+04
   1.0098544e+04
   9.8494858e+03
   9.6085431e+03
   9.3753892e+03
   9.1497132e+03
   8.9312190e+03
   8.7196244e+03
   8.5146604e+03
   8.3160704e+03
   8.1236097e+03
   7.9370446e+03
   7.7561522e+03
   7.5807196e+03
   7.4105431e+03
   7.2454284e+03
   7.0851896e+03
   6.9296489e+03
   6.7786361e+03
   6.6319886e+03
   6.4895505e+03
   6.3511726e+03
   6.2167121e+03
   6.0860320e+03
   5.9590011e+03
   5.8354935e+03
   5.7153887e+03
   5.5985708e+03
   5.4849288e+03
   5.3743562e+03
   5.2667505e+03
   5.1620136e+03
   5.0600509e+03
   4.9607718e+03
   4.8640891e+03
   4.7699190e+03
   4.6781809e+03
   4.5887973e+03
   4.5016935e+03
   4.4167979e+03
   4.3340413e+03
   4.2533573e+03
   4.1746817e+03
   4.0979529e+03
   4.0231115e+03
   3.9501002e+03
   3.8788637e+03
   3.8093489e+03
   3.7415044e+03
   3.6752807e+03
   3.6106301e+03
   3.5475064e+03
   3.4858652e+03
   3.4256635e+03
   3.3668600e+03
   3.3094145e+03
   3.2532885e+03
   3.1984444e+03
   3.1448464e+03
   3.0924593e+03
   3.0412496e+03
   2.9911846e+03
   2.9422328e+03
   2.8943637e+03
   2.8475478e+03
   2.8017565e+03
   2.7569623e+03
   2.7131383e+03
   2.6702588e+03
   2.6282985e+03
   2.5872334e+03
   2.5470398e+03
   2.5076950e+03
   2.4691770e+03
   2.4314643e+03
   2.3945363e+03
   2.3583728e+03
   2.3229544e+03
   2.2882622e+03
   2.2542779e+03
   2.2209837e+03
   2.1883624e+03
   2.1563973e+03
   2.1250722e+03
   2.0943713e+03
   2.0642793e+03
   2.0347814e+03
   2.0058633e+03
   1.9775108e+03
   1.9497104e+03
   1.9224490e+03
   1.8957137e+03
   1.8694920e+03
   1.8437718e+03
   1.8185414e+03
   1.7937894e+03
   1.7695046e+03
   1.7456761e+03
   1.7222936e+03
   1.6993468e+03
   1.6768256e+03
   1.6547206e+03
   1.6330222e+03
   1.6117212e+03
   1.5908089e+03
   1.5702765e+03
   1.5501155e+03
   1.5303178e+03
   1.5108754e+03
   1.4917804e+03
   1.4730253e+03
   1.4546027e+03
   1.4365054e+03
   1.4187264e+03
   1.4012588e+03
   1.3840960e+03
   1.3672316e+03
   1.3506592e+03
   1.3343726e+03
   1.3183658e+03
   1.3026331e+03
   1.2871686e+03
   1.2719668e+03
   1.2570223e+03
   1.2423298e+03
   1.2278842e+03
   1.2136803e+03
   1.1997133e+03
   1.1859784e+03
   1.1724710e+03
   1.1591863e+03
   1.1461201e+03
   1.1332679e+03
   1.1206255e+03
   1.1081888e+03
   1.0959537e+03
   1.0839163e+03
   1.0720727e+03
   1.0604191e+03
   1.0489519e+03
   1.0376674e+03
   1.0265622e+03
   1.0156329e+03
   1.0048760e+03
   9.9428836e+02
   9.8386670e+02
   9.7360793e+02
   9.6350899e+02
   9.5356689e+02
   9.4377871e+02
   9.3414160e+02
   9.2465276e+02
   9.1530948e+02
   9.0610908e+02
   8.9704895e+02
   8.8812655e+02
   8.7933937e+02
   8.7068498e+02
   8.6216099e+02
   8.5376506e+02
   8.4549492e+02
   8.3734831e+02
   8.2932306e+02
   8.2141703e+02
   8.1362812e+02
   8.0595428e+02
   7.9839350e+02
   7.9094382e+02
   7.8360332e+02
   7.7637011e+02
   7.6924235e+02
   7.6221823e+02
   7.5529600e+02
   7.4847391e+02
   7.4175028e+02
   7.3512344e+02
   7.2859178e+02
   7.2215369e+02
   7.1580761e+02
   7.0955203e+02
   7.0338544e+02
   6.9730638e+02
   6.9131341e+02
   6.8540513e+02
   6.7958014e+02
   6.7383711e+02
   6.6817471e+02
   6.6259163e+02
   6.5708661e+02
   6.5165840e+02
   6.4630578e+02
   6.4102754e+02
   6.3582252e+02
   6.3068956e+02
   6.2562752e+02
   6.2063532e+02
   6.1571184e+02
   6.1085605e+02
   6.0606688e+02
   6.0134331e+02
   5.9668435e+02
   5.9208900e+02
   5.8755630e+02
   5.8308530e+02
   5.7867507e+02
   5.7432470e+02
   5.7003330e+02
   5.6579998e+02
   5.6162390e+02
   5.5750419e+02
   5.5344004e+02
   5.4943062e+02
   5.4547515e+02
   5.4157284e+02
   5.3772292e+02
   5.3392463e+02
   5.3017724e+02
   5.2648002e+02
   5.2283226e+02
   5.1923325e+02
   5.1568232e+02
   5.1217878e+02
   5.0872198e+02
   5.0531126e+02
   5.0194599e+02
   4.9862555e+02
   4.9534931e+02
   4.9211668e+02
   4.8892707e+02
   4.8577988e+02
   4.8267456e+02
   4.7961054e+02
   4.7658727e+02
   4.7360422e+02
   4.7066085e+02
   4.6775664e+02
   4.6489107e+02
   4.6206366e+02
   4.5927391e+02
   4.5652133e+02
   4.5380545e+02
   4.5112579e+02
   4.4848192e+02
   4.4587337e+02
   4.4329970e+02
   4.4076048e+02
   4.3825529e+02
   4.3578371e+02
   4.3334532e+02
   4.3093973e+02
   4.2856654e+02
   4.2622536e+02
   4.2391581e+02
   4.2163752e+02
   4.1939012e+02
   4.1717325e+02
   4.1498655e+02
   4.1282968e+02
   4.1070231e+02
   4.0860408e+02
   4.0653468e+02
   4.0449379e+02
   4.0248108e+02
   4.0049625e+02
   3.9853899e+02
   3.9660901e+02
   3.9470601e+02
   3.9282970e+02
   3.9097980e+02
   3.8915604e+02
   3.8735814e+02
   3.8558584e+02
   3.8383888e+02
   3.8211700e+02
   3.8041996e+02
   3.7874749e+02
   3.7709938e+02
   3.7547537e+02
   3.7387524e+02
   3.7229876e+02
   3.7074571e+02
   3.6921587e+02
   3.6770904e+02
   3.6622499e+02
   3.6476353e+02
   3.6332446e+02
   3.6190759e+02
   3.6051272e+02
   3.5913966e+02
   3.5778824e+02
   3.5645827e+02
   3.5514958e+02
   3.5386201e+02
   3.5259538e+02
   3.5134953e+02
   3.5012432e+02
   3.4891957e+02
   3.4773514e+02
   3.4657089e+02
   3.4542667e+02
   3.4430235e+02
   3.4319778e+02
   3.4211284e+02
   3.4104741e+02
   3.4000135e+02
   3.3897454e+02
   3.3796688e+02
   3.3697824e+02
   3.3600853e+02
   3.3505762e+02
   3.3412543e+02
   3.3321186e+02
   3.3231680e+02
   3.3144017e+02
   3.3058188e+02
   3.2974184e+02
   3.2891998e+02
   3.2811623e+02
   3.2733050e+02
   3.2656273e+02
   3.2581284e+02
   3.2508079e+02
   3.2436651e+02
   3.2366994e+02
   3.2299104e+02
   3.2232975e+02
   3.2168604e+02
   3.2105985e+02
   3.2045116e+02
   3.1985993e+02
   3.1928613e+02
   3.1872974e+02
   3.1819073e+02
   3.1766909e+02
   3.1716479e+02
   3.1667784e+02
   3.1620822e+02
   3.1575593e+02
   3.1532097e+02
   3.1490335e+02
   3.1450308e+02
   3.1412017e+02
   3.1375463e+02
   3.1340650e+02
   3.1307579e+02
   3.1276253e+02
   3.1246677e+02
   3.1218854e+02
   3.1192788e+02
   3.1168484e+02
   3.1145947e+02
   3.1125184e+02
   3.1106201e+02
   3.1089003e+02
   3.1073599e+02
   3.1059997e+02
   3.1048203e+02
   3.1038229e+02
   3.1030081e+02
   3.1023772e+02
   3.1019310e+02
   3.1016707e+02
   3.1015976e+02
   3.1017127e+02
   3.1020173e+02
   3.1025129e+02
   3.1032009e+02
   3.1040826e+02
   3.1051597e+02
   3.1064338e+02
   3.1079066e+02
   3.1095797e+02
   3.1114552e+02
   3.1135348e+02
   3.1158206e+02
   3.1183146e+02
   3.1210190e+02
   3.1239361e+02
   3.1270681e+02
   3.1304176e+02
   3.1339870e+02
   3.1377789e+02
   3.1417961e+02
   3.1460414e+02
   3.1505178e+02
   3.1552282e+02
   3.1601758e+02
   3.1653639e+02
   3.1707959e+02
   3.1764753e+02
   3.1824057e+02
   3.1885910e+02
   3.1950351e+02
   3.2017420e+02
   3.2087160e+02
   3.2159614e+02
   3.2234828e+02
   3.2312848e+02
   3.2393725e+02
   3.2477507e+02
   3.2564248e+02
   3.2654002e+02
   3.2746825e+02
   3.2842777e+02
   3.2941917e+02
   3.3044308e+02
   3.3150017e+02
   3.3259110e+02
   3.3371658e+02
   3.3487734e+02
   3.3607415e+02
   3.3730778e+02
   3.3857905e+02
   3.3988882e+02
   3.4123797e+02
   3.4262741e+02
   3.4405810e+02
   3.4553103e+02
   3.4704724e+02
   3.4860778e+02
   3.5021379e+02
   3.5186642e+02
   3.5356688e+02
   3.5531643e+02
   3.5711639e+02
   3.5896812e+02
   3.6087304e+02
   3.6283265e+02
   3.6484850e+02
   3.6692220e+02
   3.6905544e+02
   3.7125000e+02
   3.7350770e+02
   3.7583049e+02
   3.7822037e+02
   3.8067945e+02
   3.8320995e+02
   3.8581416e+02
   3.8849451e+02
   3.9125354e+02
   3.9409391e+02
   3.9701840e+02
   4.0002995e+02
   4.0313163e+02
   4.0632667e+02
   4.0961848e+02
   4.1301063e+02
   4.1650689e+02
   4.2011121e+02
   4.2382779e+02
   4.2766103e+02
   4.3161559e+02
   4.3569638e+02
   4.3990860e+02
   4.4425775e+02
   4.4874964e+02
   4.5339044e+02
   4.5818669e+02
   4.6314533e+02
   4.6827372e+02
   4.7357970e+02
   4.7907161e+02
   4.8475832e+02
   4.9064931e+02
   4.9675468e+02
   5.0308522e+02
   5.0965249e+02
   5.1646883e+02
   5.2354752e+02
   5.3090278e+02
   5.3854990e+02
   5.4650533e+02
   5.5478682e+02
   5.6341348e+02
   5.7240600e+02
   5.8178676e+02
   5.9158003e+02
   6.0181215e+02
   6.1251177e+02
   6.2371013e+02
   6.3544132e+02
   6.4774262e+02
   6.6065492e+02
   6.7422312e+02
   6.8849666e+02
   7.0353008e+02
   7.1938376e+02
   7.3612464e+02
   7.5382718e+02
   7.7257446e+02
   7.9245942e+02
   8.1358640e+02
   8.3607293e+02
   8.6005192e+02
   8.8567417e+02
   9.1311157e+02
   9.4256090e+02
   9.7424847e+02
   1.0084359e+03
   1.0454273e+03
   1.0855783e+03
   1.1293073e+03
   1.1771099e+03
   1.2295781e+03
   1.2874243e+03
   1.3515137e+03
   1.4229078e+03
   1.5029234e+03
   1.5932140e+03
   1.6958848e+03
   1.8136588e+03
   1.9501205e+03
   2.1100866e+03
   2.3001847e+03
   2.5297929e+03
   2.8126321e+03
   3.1696082e+03
   3.6342243e+03
   4.2637517e+03
   5.1648509e+03
   6.5614453e+03
   9.0169490e+03
   1.4470348e+04
   3.7010743e+04
  -6.5101073e+04
  -1.7231604e+04
  -9.9012514e+03
  -6.9322155e+03
  -5.3247293e+03
  -4.3169661e+03
  -3.6261106e+03
  -3.1230168e+03
  -2.7403190e+03
  -2.4394350e+03
  -2.1966768e+03
  -1.9966963e+03
  -1.8291114e+03
  -1.6866483e+03
  -1.5640590e+03
  -1.4574620e+03
  -1.3639248e+03
  -1.2811904e+03
  -1.2074936e+03
  -1.1414339e+03
  -1.0818859e+03
  -1.0279347e+03
  -9.7882952e+02
  -9.3394773e+02
  -8.9276912e+02
  -8.5485547e+02
  -8.1983509e+02
  -7.8739061e+02
  -7.5724941e+02
  -7.2917604e+02
  -7.0296604e+02
  -6.7844105e+02
  -6.5544476e+02
  -6.3383957e+02
  -6.1350395e+02
  -5.9433007e+02
  -5.7622200e+02
  -5.5909404e+02
  -5.4286948e+02
  -5.2747936e+02
  -5.1286158e+02
  -4.9896003e+02
  -4.8572392e+02
  -4.7310713e+02
  -4.6106770e+02
  -4.4956738e+02
  -4.3857122e+02
  -4.2804720e+02
  -4.1796599e+02
  -4.0830060e+02
  -3.9902619e+02
  -3.9011989e+02
  -3.8156053e+02
  -3.7332855e+02
  -3.6540584e+02
  -3.5777558e+02
  -3.5042215e+02
  -3.4333102e+02
  -3.3648867e+02
  -3.2988248e+02
  -3.2350065e+02
  -3.1733217e+02
  -3.1136674e+02
  -3.0559470e+02
  -3.0000700e+02
  -2.9459513e+02
  -2.8935110e+02
  -2.8426740e+02
  -2.7933696e+02
  -2.7455312e+02
  -2.6990957e+02
  -2.6540040e+02
  -2.6101999e+02
  -2.5676305e+02
  -2.5262457e+02
  -2.4859979e+02
  -2.4468421e+02
  -2.4087358e+02
  -2.3716384e+02
  -2.3355116e+02
  -2.3003187e+02
  -2.2660251e+02
  -2.2325978e+02
  -2.2000053e+02
  -2.1682176e+02
  -2.1372062e+02
  -2.1069440e+02
  -2.0774048e+02
  -2.0485640e+02
  -2.0203979e+02
  -1.9928838e+02
  -1.9660000e+02
  -1.9397260e+02
  -1.9140418e+02
  -1.8889286e+02
  -1.8643681e+02
  -1.8403429e+02
  -1.8168364e+02
  -1.7938325e+02
  -1.7713159e+02
  -1.7492718e+02
  -1.7276860e+02
  -1.7065449e+02
  -1.6858354e+02
  -1.6655450e+02
  -1.6456616e+02
  -1.6261734e+02
  -1.6070694e+02
  -1.5883386e+02
  -1.5699707e+02
  -1.5519558e+02
  -1.5342840e+02
  -1.5169461e+02
  -1.4999331e+02
  -1.4832364e+02
  -1.4668476e+02
  -1.4507585e+02
  -1.4349615e+02
  -1.4194489e+02
  -1.4042136e+02
  -1.3892483e+02
  -1.3745464e+02
  -1.3601013e+02
  -1.3459065e+02
  -1.3319560e+02
  -1.3182437e+02
  -1.3047639e+02
  -1.2915110e+02
  -1.2784796e+02
  -1.2656645e+02
  -1.2530604e+02
  -1.2406626e+02
  -1.2284662e+02
  -1.2164667e+02
  -1.2046594e+02
  -1.1930401e+02
  -1.1816044e+02
  -1.1703484e+02
  -1.1592680e+02
  -1.1483593e+02
  -1.1376185e+02
  -1.1270421e+02
  -1.1166264e+02
  -1.1063681e+02
  -1.0962637e+02
  -1.0863100e+02
  -1.0765038e+02
  -1.0668420e+02
  -1.0573216e+02
  -1.0479398e+02
  -1.0386936e+02
  -1.0295803e+02
  -1.0205972e+02
  -1.0117416e+02
  -1.0030111e+02
  -9.9440316e+01
  -9.8591530e+01
  -9.7754520e+01
  -9.6929054e+01
  -9.6114909e+01
  -9.5311866e+01
  -9.4519712e+01
  -9.3738240e+01
  -9.2967245e+01
  -9.2206532e+01
  -9.1455907e+01
  -9.0715181e+01
  -8.9984172e+01
  -8.9262699e+01
  -8.8550589e+01
  -8.7847671e+01
  -8.7153777e+01
  -8.6468745e+01
  -8.5792416e+01
  -8.5124635e+01
  -8.4465250e+01
  -8.3814113e+01
  -8.3171078e+01
  -8.2536006e+01
  -8.1908756e+01
  -8.1289194e+01
  -8.0677188e+01
  -8.0072609e+01
  -7.9475329e+01
  -7.8885226e+01
  -7.8302179e+01
  -7.7726069e+01
  -7.7156781e+01
  -7.6594202e+01
  -7.6038220e+01
  -7.5488727e+01
  -7.4945618e+01
  -7.4408788e+01
  -7.3878136e+01
  -7.3353562e+01
  -7.2834969e+01
  -7.2322261e+01
  -7.1815345e+01
  -7.1314129e+01
  -7.0818524e+01
  -7.0328441e+01
  -6.9843795e+01
  -6.9364501e+01
  -6.8890477e+01
  -6.8421641e+01
  -6.7957915e+01
  -6.7499219e+01
  -6.7045479e+01
  -6.6596619e+01
  -6.6152566e+01
  -6.5713247e+01
  -6.5278593e+01
  -6.4848535e+01
  -6.4423003e+01
  -6.4001932e+01
  -6.3585257e+01
  -6.3172913e+01
  -6.2764837e+01
  -6.2360969e+01
  -6.1961246e+01
  -6.1565611e+01
  -6.1174004e+01
  -6.0786368e+01
  -6.0402647e+01
  -6.0022786e+01
  -5.9646731e+01
  -5.9274429e+01
  -5.8905826e+01
  -5.8540873e+01
  -5.8179518e+01
  -5.7821713e+01
  -5.7467408e+01
  -5.7116555e+01
  -5.6769109e+01
  -5.6425022e+01
  -5.6084250e+01
  -5.5746748e+01
  -5.5412472e+01
  -5.5081380e+01
  -5.4753428e+01
  -5.4428576e+01
  -5.4106783e+01
  -5.3788008e+01
  -5.3472212e+01
  -5.3159357e+01
  -5.2849404e+01
  -5.2542315e+01
  -5.2238055e+01
  -5.1936586e+01
  -5.1637873e+01
  -5.1341881e+01
  -5.1048575e+01
  -5.0757922e+01
  -5.0469887e+01
  -5.0184439e+01
  -4.9901545e+01
  -4.9621173e+01
  -4.9343291e+01
  -4.9067870e+01
  -4.8794878e+01
  -4.8524286e+01
  -4.8256064e+01
  -4.7990184e+01
  -4.7726618e+01
  -4.7465336e+01
  -4.7206312e+01
  -4.6949519e+01
  -4.6694929e+01
  -4.6442517e+01
  -4.6192256e+01
  -4.5944122e+01
  -4.5698088e+01
  -4.5454131e+01
  -4.5212226e+01
  -4.4972348e+01
  -4.4734475e+01
  -4.4498583e+01
  -4.4264648e+01
  -4.4032650e+01
  -4.3802564e+01
  -4.3574370e+01
  -4.3348045e+01
  -4.3123569e+01
  -4.2900920e+01
  -4.2680078e+01
  -4.2461023e+01
  -4.2243734e+01
  -4.2028191e+01
  -4.1814375e+01
  -4.1602267e+01
  -4.1391848e+01
  -4.1183099e+01
  -4.0976002e+01
  -4.0770539e+01
  -4.0566691e+01
  -4.0364441e+01
  -4.0163772e+01
  -3.9964667e+01
  -3.9767108e+01
  -3.9571079e+01
  -3.9376564e+01
  -3.9183546e+01
  -3.8992009e+01
  -3.8801938e+01
  -3.8613316e+01
  -3.8426129e+01
  -3.8240362e+01
  -3.8055999e+01
  -3.7873026e+01
  -3.7691428e+01
  -3.7511191e+01
  -3.7332301e+01
  -3.7154744e+01
  -3.6978505e+01
  -3.6803572e+01
  -3.6629931e+01
  -3.6457569e+01
  -3.6286472e+01
  -3.6116628e+01
  -3.5948024e+01
  -3.5780648e+01
  -3.5614487e+01
  -3.5449529e+01
  -3.5285761e+01
  -3.5123173e+01
  -3.4961751e+01
  -3.4801485e+01
  -3.4642364e+01
  -3.4484374e+01
  -3.4327507e+01
  -3.4171750e+01
  -3.4017092e+01
  -3.3863523e+01
  -3.3711033e+01
  -3.3559610e+01
  -3.3409245e+01
  -3.3259926e+01
  -3.3111645e+01
  -3.2964391e+01
  -3.2818154e+01
  -3.2672924e+01
  -3.2528692e+01
  -3.2385449e+01
  -3.2243184e+01
  -3.2101889e+01
  -3.1961555e+01
  -3.1822172e+01
  -3.1683731e+01
  -3.1546224e+01
  -3.1409643e+01
  -3.1273977e+01
  -3.1139220e+01
  -3.1005361e+01
  -3.0872394e+01
  -3.0740310e+01
  -3.0609101e+01
  -3.0478758e+01
  -3.0349274e+01
  -3.0220641e+01
  -3.0092851e+01
  -2.9965897e+01
  -2.9839771e+01
  -2.9714466e+01
  -2.9589973e+01
  -2.9466287e+01
  -2.9343399e+01
  -2.9221302e+01
  -2.9099990e+01
  -2.8979456e+01
  -2.8859692e+01
  -2.8740691e+01
  -2.8622448e+01
  -2.8504955e+01
  -2.8388206e+01
  -2.8272193e+01
  -2.8156912e+01
  -2.8042355e+01
  -2.7928516e+01
  -2.7815390e+01
  -2.7702968e+01
  -2.7591247e+01
  -2.7480219e+01
  -2.7369879e+01
  -2.7260220e+01
  -2.7151237e+01
  -2.7042925e+01
  -2.6935277e+01
  -2.6828288e+01
  -2.6721952e+01
  -2.6616263e+01
  -2.6511218e+01
  -2.6406808e+01
  -2.6303031e+01
  -2.6199880e+01
  -2.6097349e+01
  -2.5995435e+01
  -2.5894131e+01
  -2.5793433e+01
  -2.5693336e+01
  -2.5593834e+01
  -2.5494924e+01
  -2.5396599e+01
  -2.5298855e+01
  -2.5201688e+01
  -2.5105092e+01
  -2.5009064e+01
  -2.4913598e+01
  -2.4818690e+01
  -2.4724335e+01
  -2.4630530e+01
  -2.4537268e+01
  -2.4444547e+01
  -2.4352362e+01
  -2.4260709e+01
  -2.4169583e+01
  -2.4078979e+01
  -2.3988895e+01
  -2.3899326e+01
  -2.3810268e+01
  -2.3721716e+01
  -2.3633667e+01
  -2.3546117e+01
  -2.3459062e+01
  -2.3372499e+01
  -2.3286422e+01
  -2.3200829e+01
  -2.3115716e+01
  -2.3031078e+01
  -2.2946913e+01
  -2.2863217e+01
  -2.2779986e+01
  -2.2697216e+01
  -2.2614904e+01
  -2.2533047e+01
  -2.2451641e+01
  -2.2370683e+01
  -2.2290168e+01
  -2.2210095e+01
  -2.2130459e+01
  -2.2051257e+01
  -2.1972486e+01
  -2.1894143e+01
  -2.1816225e+01
  -2.1738727e+01
  -2.1661648e+01
  -2.1584984e+01
  -2.1508732e+01
  -2.1432889e+01
  -2.1357452e+01
  -2.1282418e+01
  -2.1207784e+01
  -2.1133546e+01
  -2.1059703e+01
  -2.0986251e+01
  -2.0913188e+01
  -2.0840510e+01
  -2.0768214e+01
  -2.0696299e+01
  -2.0624760e+01
  -2.0553597e+01
  -2.0482804e+01
  -2.0412381e+01
  -2.0342325e+01
  -2.0272632e+01
  -2.0203301e+01
  -2.0134328e+01
  -2.0065711e+01
  -1.9997447e+01
  -1.9929535e+01
  -1.9861971e+01
  -1.9794753e+01
  -1.9727879e+01
  -1.9661346e+01
  -1.9595152e+01
  -1.9529294e+01
  -1.9463770e+01
  -1.9398578e+01
  -1.9333715e+01
  -1.9269180e+01
  -1.9204969e+01
  -1.9141081e+01
  -1.9077514e+01
  -1.9014264e+01
  -1.8951330e+01
  -1.8888711e+01
  -1.8826403e+01
  -1.8764404e+01
  -1.8702713e+01
  -1.8641327e+01
  -1.8580244e+01
  -1.8519462e+01
  -1.8458980e+01
  -1.8398794e+01
  -1.8338904e+01
  -1.8279307e+01
  -1.8220000e+01
  -1.8160983e+01
  -1.8102253e+01
  -1.8043809e+01
  -1.7985648e+01
  -1.7927768e+01
  -1.7870168e+01
  -1.7812845e+01
  -1.7755799e+01
  -1.7699026e+01
  -1.7642526e+01
  -1.7586297e+01
  -1.7530336e+01
  -1.7474642e+01
  -1.7419213e+01
  -1.7364047e+01
  -1.7309144e+01
  -1.7254500e+01
  -1.7200115e+01
  -1.7145986e+01
  -1.7092112e+01
  -1.7038492e+01
  -1.6985123e+01
  -1.6932005e+01
  -1.6879134e+01
  -1.6826511e+01
  -1.6774133e+01
  -1.6721999e+01
  -1.6670106e+01
  -1.6618455e+01
  -1.6567042e+01
  -1.6515867e+01
  -1.6464928e+01
  -1.6414224e+01
  -1.6363753e+01
  -1.6313513e+01
  -1.6263503e+01
  -1.6213722e+01
  -1.6164169e+01
  -1.6114841e+01
  -1.6065737e+01
  -1.6016857e+01
  -1.5968198e+01
  -1.5919760e+01
  -1.5871540e+01
  -1.5823538e+01
  -1.5775752e+01
  -1.5728180e+01
  -1.5680823e+01
  -1.5633677e+01
  -1.5586743e+01
  -1.5540018e+01
  -1.5493501e+01
  -1.5447191e+01
  -1.5401087e+01
  -1.5355188e+01
  -1.5309492e+01
  -1.5263998e+01
  -1.5218705e+01
  -1.5173611e+01
  -1.5128716e+01
  -1.5084018e+01
  -1.5039516e+01
  -1.4995208e+01
  -1.4951095e+01
  -1.4907174e+01
  -1.4863444e+01
  -1.4819905e+01
  -1.4776554e+01
  -1.4733392e+01
  -1.4690416e+01
  -1.4647626e+01
  -1.4605021e+01
  -1.4562599e+01
  -1.4520360e+01
  -1.4478302e+01
  -1.4436424e+01
  -1.4394726e+01
  -1.4353205e+01
  -1.4311862e+01
  -1.4270696e+01
  -1.4229704e+01
  -1.4188886e+01
  -1.4148241e+01
  -1.4107769e+01
  -1.4067467e+01
  -1.4027336e+01
  -1.3987373e+01
  -1.3947579e+01
  -1.3907952e+01
  -1.3868491e+01
  -1.3829195e+01
  -1.3790064e+01
  -1.3751095e+01
  -1.3712290e+01
  -1.3673646e+01
  -1.3635162e+01
  -1.3596838e+01
  -1.3558673e+01
  -1.3520665e+01
  -1.3482815e+01
  -1.3445121e+01
  -1.3407581e+01
  -1.3370197e+01
  -1.3332965e+01
  -1.3295886e+01
  -1.3258959e+01
  -1.3222183e+01
  -1.3185557e+01
  -1.3149080e+01
  -1.3112752e+01
  -1.3076571e+01
  -1.3040536e+01
  -1.3004648e+01
  -1.2968905e+01
  -1.2933306e+01
  -1.2897851e+01
  -1.2862538e+01
  -1.2827367e+01
  -1.2792338e+01
  -1.2757449e+01
  -1.2722699e+01
  -1.2688088e+01
  -1.2653616e+01
  -1.2619281e+01
  -1.2585082e+01
  -1.2551019e+01
  -1.2517092e+01
  -1.2483298e+01
  -1.2449639e+01
  -1.2416112e+01
  -1.2382718e+01
  -1.2349455e+01
  -1.2316323e+01
  -1.2283321e+01
  -1.2250448e+01
  -1.2217704e+01
  -1.2185089e+01
  -1.2152600e+01
  -1.2120238e+01
  -1.2088003e+01
  -1.2055892e+01
  -1.2023907e+01
  -1.1992045e+01
  -1.1960306e+01
  -1.1928691e+01
  -1.1897197e+01
  -1.1865825e+01
  -1.1834573e+01
  -1.1803442e+01
  -1.1772430e+01
  -1.1741537e+01
  -1.1710763e+01
  -1.1680106e+01
  -1.1649566e+01
  -1.1619142e+01
  -1.1588835e+01
  -1.1558642e+01
  -1.1528564e+01
  -1.1498601e+01
  -1.1468750e+01
  -1.1439013e+01
  -1.1409388e+01
  -1.1379874e+01
  -1.1350472e+01
  -1.1321180e+01
  -1.1291998e+01
  -1.1262926e+01
  -1.1233962e+01
  -1.1205107e+01
  -1.1176360e+01
  -1.1147720e+01
  -1.1119186e+01
  -1.1090759e+01
  -1.1062437e+01
  -1.1034220e+01
  -1.1006108e+01
  -1.0978100e+01
  -1.0950196e+01
  -1.0922394e+01
  -1.0894695e+01
  -1.0867098e+01
  -1.0839602e+01
  -1.0812207e+01
  -1.0784912e+01
  -1.0757718e+01
  -1.0730623e+01
  -1.0703627e+01
  -1.0676729e+01
  -1.0649929e+01
  -1.0623227e+01
  -1.0596622e+01
  -1.0570113e+01
  -1.0543700e+01
  -1.0517383e+01
  -1.0491161e+01
  -1.0465033e+01
  -1.0439000e+01
  -1.0413061e+01
  -1.0387214e+01
  -1.0361461e+01
  -1.0335799e+01
  -1.0310230e+01
  -1.0284752e+01
  -1.0259365e+01
  -1.0234069e+01
  -1.0208863e+01
  -1.0183747e+01
  -1.0158719e+01
  -1.0133781e+01
  -1.0108931e+01
  -1.0084169e+01
  -1.0059494e+01
  -1.0034907e+01
  -1.0010406e+01
  -9.9859921e+00
  -9.9616637e+00
  -9.9374208e+00
  -9.9132629e+00
  -9.8891897e+00
  -9.8652007e+00
  -9.8412957e+00
  -9.8174741e+00
  -9.7937356e+00
  -9.7700797e+00
  -9.7465062e+00
  -9.7230146e+00
  -9.6996044e+00
  -9.6762755e+00
  -9.6530273e+00
  -9.6298594e+00
  -9.6067716e+00
  -9.5837634e+00
  -9.5608345e+00
  -9.5379845e+00
  -9.5152129e+00
  -9.4925196e+00
  -9.4699040e+00
  -9.4473659e+00
  -9.4249048e+00
  -9.4025205e+00
  -9.3802125e+00
  -9.3579806e+00
  -9.3358243e+00
  -9.3137433e+00
  -9.2917373e+00
  -9.2698060e+00
  -9.2479489e+00
  -9.2261657e+00
  -9.2044562e+00
  -9.1828199e+00
  -9.1612566e+00
  -9.1397659e+00
  -9.1183474e+00
  -9.0970010e+00
  -9.0757261e+00
  -9.0545225e+00
  -9.0333899e+00
  -9.0123279e+00
  -8.9913363e+00
  -8.9704147e+00
  -8.9495628e+00
  -8.9287803e+00
  -8.9080669e+00
  -8.8874222e+00
  -8.8668460e+00
  -8.8463380e+00
  -8.8258978e+00
  -8.8055251e+00
  -8.7852197e+00
  -8.7649813e+00
  -8.7448095e+00
  -8.7247040e+00
  -8.7046646e+00
  -8.6846910e+00
  -8.6647829e+00
  -8.6449399e+00
  -8.6251618e+00
  -8.6054484e+00
  -8.5857993e+00
  -8.5662142e+00
  -8.5466929e+00
  -8.5272351e+00
  -8.5078405e+00
  -8.4885088e+00
  -8.4692398e+00
  -8.4500331e+00
  -8.4308886e+00
  -8.4118059e+00
  -8.3927848e+00
  -8.3738250e+00
  -8.3549262e+00
  -8.3360882e+00
  -8.3173107e+00
  -8.2985935e+00
  -8.2799363e+00
  -8.2613388e+00
  -8.2428007e+00
  -8.2243219e+00
  -8.2059021e+00
  -8.1875409e+00
  -8.1692383e+00
  -8.1509938e+00
  -8.1328073e+00
  -8.1146785e+00
  -8.0966072e+00
  -8.0785931e+00
  -8.0606360e+00
  -8.0427356e+00
  -8.0248917e+00
  -8.0071041e+00
  -7.9893725e+00
  -7.9716967e+00
  -7.9540764e+00
  -7.9365114e+00
  -7.9190016e+00
  -7.9015465e+00
  -7.8841461e+00
  -7.8668001e+00
  -7.8495082e+00
  -7.8322703e+00
  -7.8150860e+00
  -7.7979553e+00
  -7.7808778e+00
  -7.7638534e+00
  -7.7468817e+00
  -7.7299627e+00
  -7.7130960e+00
  -7.6962815e+00
  -7.6795190e+00
  -7.6628081e+00
  -7.6461488e+00
  -7.6295408e+00
  -7.6129839e+00
  -7.5964779e+00
  -7.5800225e+00
  -7.5636176e+00
  -7.5472630e+00
  -7.5309584e+00
  -7.5147036e+00
  -7.4984985e+00
  -7.4823428e+00
  -7.4662364e+00
  -7.4501790e+00
  -7.4341704e+00
  -7.4182105e+00
  -7.4022990e+00
  -7.3864357e+00
  -7.3706205e+00
  -7.3548532e+00
  -7.3391335e+00
  -7.3234612e+00
  -7.3078362e+00
  -7.2922584e+00
  -7.2767274e+00
  -7.2612431e+00
  -7.2458053e+00
  -7.2304138e+00
  -7.2150685e+00
  -7.1997692e+00
  -7.1845156e+00
  -7.1693076e+00
  -7.1541451e+00
  -7.1390277e+00
  -7.1239554e+00
  -7.1089280e+00
  -7.0939453e+00
  -7.0790070e+00
  -7.0641132e+00
  -7.0492634e+00
  -7.0344577e+00
  -7.0196957e+00
  -7.0049775e+00
  -6.9903026e+00
  -6.9756711e+00
  -6.9610827e+00
  -6.9465372e+00
  -6.9320345e+00
  -6.9175745e+00
  -6.9031569e+00
  -6.8887816e+00
  -6.8744484e+00
  -6.8601571e+00
  -6.8459077e+00
  -6.8316999e+00
  -6.8175335e+00
  -6.8034084e+00
  -6.7893245e+00
  -6.7752816e+00
  -6.7612795e+00
  -6.7473181e+00
  -6.7333971e+00
  -6.7195166e+00
  -6.7056762e+00
  -6.6918758e+00
  -6.6781154e+00
  -6.6643947e+00
  -6.6507135e+00
  -6.6370718e+00
  -6.6234694e+00
  -6.6099061e+00
  -6.5963818e+00
  -6.5828963e+00
  -6.5694495e+00
  -6.5560412e+00
  -6.5426713e+00
  -6.5293397e+00
  -6.5160461e+00
  -6.5027905e+00
  -6.4895727e+00
  -6.4763925e+00
  -6.4632499e+00
  -6.4501447e+00
  -6.4370766e+00
  -6.4240457e+00
  -6.4110518e+00
  -6.3980946e+00
  -6.3851741e+00
  -6.3722902e+00
  -6.3594427e+00
  -6.3466314e+00
  -6.3338562e+00
  -6.3211171e+00
  -6.3084138e+00
  -6.2957462e+00
  -6.2831143e+00
  -6.2705177e+00
  -6.2579566e+00
  -6.2454306e+00
  -6.2329396e+00
  -6.2204836e+00
  -6.2080624e+00
  -6.1956759e+00
  -6.1833239e+00
  -6.1710064e+00
  -6.1587231e+00
  -6.1464740e+00
  -6.1342590e+00
  -6.1220778e+00
  -6.1099305e+00
  -6.0978168e+00
  -6.0857366e+00
  -6.0736899e+00
  -6.0616764e+00
  -6.0496961e+00
  -6.0377489e+00
  -6.0258346e+00
  -6.0139531e+00
  -6.0021043e+00
  -5.9902881e+00
  -5.9785043e+00
  -5.9667529e+00
  -5.9550337e+00
  -5.9433466e+00
  -5.9316914e+00
  -5.9200682e+00
  -5.9084766e+00
  -5.8969168e+00
  -5.8853884e+00
  -5.8738914e+00
  -5.8624258e+00
  -5.8509913e+00
  -5.8395879e+00
  -5.8282155e+00
  -5.8168739e+00
  -5.8055630e+00
  -5.7942828e+00
  -5.7830331e+00
  -5.7718137e+00
  -5.7606247e+00
  -5.7494659e+00
  -5.7383372e+00
  -5.7272384e+00
  -5.7161695e+00
  -5.7051304e+00
  -5.6941209e+00
  -5.6831410e+00
  -5.6721905e+00
  -5.6612694e+00
  -5.6503775e+00
  -5.6395148e+00
  -5.6286810e+00
  -5.6178762e+00
  -5.6071003e+00
  -5.5963530e+00
  -5.5856344e+00
  -5.5749443e+00
  -5.5642827e+00
  -5.5536493e+00
  -5.5430442e+00
  -5.5324672e+00
  -5.5219183e+00
  -5.5113972e+00
  -5.5009040e+00
  -5.4904386e+00
  -5.4800007e+00
  -5.4695904e+00
  -5.4592076e+00
  -5.4488521e+00
  -5.4385239e+00
  -5.4282228e+00
  -5.4179488e+00
  -5.4077018e+00
  -5.3974816e+00
  -5.3872882e+00
  -5.3771216e+00
  -5.3669815e+00
  -5.3568679e+00
  -5.3467808e+00
  -5.3367200e+00
  -5.3266854e+00
  -5.3166770e+00
  -5.3066946e+00
  -5.2967382e+00
  -5.2868077e+00
  -5.2769030e+00
  -5.2670239e+00
  -5.2571705e+00
  -5.2473426e+00
  -5.2375402e+00
  -5.2277631e+00
  -5.2180113e+00
  -5.2082846e+00
  -5.1985831e+00
  -5.1889065e+00
  -5.1792549e+00
  -5.1696282e+00
  -5.1600261e+00
  -5.1504488e+00
  -5.1408961e+00
  -5.1313678e+00
  -5.1218640e+00
  -5.1123845e+00
  -5.1029293e+00
  -5.0934983e+00
  -5.0840913e+00
  -5.0747084e+00
  -5.0653494e+00
  -5.0560143e+00
  -5.0467029e+00
  -5.0374153e+00
  -5.0281512e+00
  -5.0189107e+00
  -5.0096937e+00
  -5.0005000e+00
  -4.9913296e+00
  -4.9821825e+00
  -4.9730585e+00
  -4.9639576e+00
  -4.9548797e+00
  -4.9458246e+00
  -4.9367925e+00
  -4.9277831e+00
  -4.9187964e+00
  -4.9098323e+00
  -4.9008908e+00
  -4.8919717e+00
  -4.8830750e+00
  -4.8742006e+00
  -4.8653485e+00
  -4.8565186e+00
  -4.8477107e+00
  -4.8389249e+00
  -4.8301611e+00
  -4.8214191e+00
  -4.8126989e+00
  -4.8040005e+00
  -4.7953238e+00
  -4.7866686e+00
  -4.7780350e+00
  -4.7694228e+00
  -4.7608321e+00
  -4.7522626e+00
  -4.7437144e+00
  -4.7351874e+00
  -4.7266815e+00
  -4.7181966e+00
  -4.7097327e+00
  -4.7012897e+00
  -4.6928675e+00
  -4.6844662e+00
  -4.6760855e+00
  -4.6677255e+00
  -4.6593860e+00
  -4.6510671e+00
  -4.6427685e+00
  -4.6344904e+00
  -4.6262326e+00
  -4.6179950e+00
  -4.6097776e+00
  -4.6015803e+00
  -4.5934030e+00
  -4.5852458e+00
  -4.5771085e+00
  -4.5689910e+00
  -4.5608933e+00
  -4.5528153e+00
  -4.5447571e+00
  -4.5367184e+00
  -4.5286992e+00
  -4.5206996e+00
  -4.5127194e+00
  -4.5047585e+00
  -4.4968169e+00
  -4.4888946e+00
  -4.4809914e+00
  -4.4731074e+00
  -4.4652424e+00
  -4.4573963e+00
  -4.4495693e+00
  -4.4417611e+00
  -4.4339717e+00
  -4.4262011e+00
  -4.4184492e+00
  -4.4107159e+00
  -4.4030012e+00
  -4.3953050e+00
  -4.3876272e+00
  -4.3799679e+00
  -4.3723269e+00
  -4.3647043e+00
  -4.3570998e+00
  -4.3495135e+00
  -4.3419454e+00
  -4.3343953e+00
  -4.3268632e+00
  -4.3193491e+00
  -4.3118529e+00
  -4.3043745e+00
  -4.2969139e+00
  -4.2894710e+00
  -4.2820458e+00
  -4.2746382e+00
  -4.2672482e+00
  -4.2598757e+00
  -4.2525206e+00
  -4.2451830e+00
  -4.2378627e+00
  -4.2305596e+00
  -4.2232739e+00
  -4.2160053e+00
  -4.2087539e+00
  -4.2015195e+00
  -4.1943022e+00
  -4.1871019e+00
  -4.1799185e+00
  -4.1727519e+00
  -4.1656022e+00
  -4.1584693e+00
  -4.1513531e+00
  -4.1442535e+00
  -4.1371706e+00
  -4.1301043e+00
  -4.1230544e+00
  -4.1160211e+00
  -4.1090041e+00
  -4.1020035e+00
  -4.0950193e+00
  -4.0880513e+00
  -4.0810995e+00
  -4.0741639e+00
  -4.0672445e+00
