  -1.3202038e-09
  -1.4533895e-09
  -1.5867918e-09
  -1.7204120e-09
  -1.8542511e-09
  -1.9883104e-09
  -2.1225912e-09
  -2.2570947e-09
  -2.3918221e-09
  -2.5267747e-09
  -2.6619536e-09
  -2.7973603e-09
  -2.9329958e-09
  -3.0688616e-09
  -3.2049589e-09
  -3.3412889e-09
  -3.4778529e-09
  -3.6146524e-09
  -3.7516885e-09
  -3.8889625e-09
  -4.0264759e-09
  -4.1642299e-09
  -4.3022258e-09
  -4.4404650e-09
  -4.5789489e-09
  -4.7176788e-09
  -4.8566561e-09
  -4.9958821e-09
  -5.1353583e-09
  -5.2750859e-09
  -5.4150665e-09
  -5.5553014e-09
  -5.6957920e-09
  -5.8365398e-09
  -5.9775462e-09
  -6.1188125e-09
  -6.2603403e-09
  -6.4021311e-09
  -6.5441861e-09
  -6.6865070e-09
  -6.8290953e-09
  -6.9719523e-09
  -7.1150796e-09
  -7.2584786e-09
  -7.4021510e-09
  -7.5460982e-09
  -7.6903217e-09
  -7.8348231e-09
  -7.9796040e-09
  -8.1246657e-09
  -8.2700101e-09
  -8.4156385e-09
  -8.5615526e-09
  -8.7077539e-09
  -8.8542442e-09
  -9.0010249e-09
  -9.1480976e-09
  -9.2954641e-09
  -9.4431259e-09
  -9.5910847e-09
  -9.7393421e-09
  -9.8878999e-09
  -1.0036760e-08
  -1.0185923e-08
  -1.0335392e-08
  -1.0485167e-08
  -1.0635252e-08
  -1.0785646e-08
  -1.0936354e-08
  -1.1087375e-08
  -1.1238711e-08
  -1.1390365e-08
  -1.1542338e-08
  -1.1694633e-08
  -1.1847250e-08
  -1.2000191e-08
  -1.2153459e-08
  -1.2307055e-08
  -1.2460981e-08
  -1.2615239e-08
  -1.2769831e-08
  -1.2924758e-08
  -1.3080023e-08
  -1.3235627e-08
  -1.3391572e-08
  -1.3547860e-08
  -1.3704493e-08
  -1.3861473e-08
  -1.4018803e-08
  -1.4176482e-08
  -1.4334515e-08
  -1.4492903e-08
  -1.4651647e-08
  -1.4810750e-08
  -1.4970213e-08
  -1.5130040e-08
  -1.5290231e-08
  -1.5450789e-08
  -1.5611716e-08
  -1.5773014e-08
  -1.5934684e-08
  -1.6096730e-08
  -1.6259153e-08
  -1.6421956e-08
  -1.6585140e-08
  -1.6748707e-08
  -1.6912660e-08
  -1.7077001e-08
  -1.7241732e-08
  -1.7406855e-08
  -1.7572373e-08
  -1.7738287e-08
  -1.7904600e-08
  -1.8071314e-08
  -1.8238432e-08
  -1.8405955e-08
  -1.8573886e-08
  -1.8742227e-08
  -1.8910981e-08
  -1.9080149e-08
  -1.9249734e-08
  -1.9419739e-08
  -1.9590166e-08
  -1.9761017e-08
  -1.9932295e-08
  -2.0104001e-08
  -2.0276139e-08
  -2.0448711e-08
  -2.0621719e-08
  -2.0795166e-08
  -2.0969054e-08
  -2.1143385e-08
  -2.1318163e-08
  -2.1493389e-08
  -2.1669067e-08
  -2.1845198e-08
  -2.2021786e-08
  -2.2198832e-08
  -2.2376340e-08
  -2.2554312e-08
  -2.2732751e-08
  -2.2911659e-08
  -2.3091039e-08
  -2.3270894e-08
  -2.3451226e-08
  -2.3632038e-08
  -2.3813333e-08
  -2.3995113e-08
  -2.4177382e-08
  -2.4360141e-08
  -2.4543394e-08
  -2.4727144e-08
  -2.4911393e-08
  -2.5096145e-08
  -2.5281401e-08
  -2.5467165e-08
  -2.5653441e-08
  -2.5840229e-08
  -2.6027535e-08
  -2.6215360e-08
  -2.6403707e-08
  -2.6592580e-08
  -2.6781981e-08
  -2.6971914e-08
  -2.7162382e-08
  -2.7353386e-08
  -2.7544932e-08
  -2.7737021e-08
  -2.7929656e-08
  -2.8122842e-08
  -2.8316580e-08
  -2.8510875e-08
  -2.8705729e-08
  -2.8901145e-08
  -2.9097128e-08
  -2.9293679e-08
  -2.9490802e-08
  -2.9688501e-08
  -2.9886778e-08
  -3.0085638e-08
  -3.0285082e-08
  -3.0485116e-08
  -3.0685742e-08
  -3.0886963e-08
  -3.1088783e-08
  -3.1291205e-08
  -3.1494233e-08
  -3.1697870e-08
  -3.1902120e-08
  -3.2106986e-08
  -3.2312472e-08
  -3.2518582e-08
  -3.2725318e-08
  -3.2932684e-08
  -3.3140685e-08
  -3.3349324e-08
  -3.3558604e-08
  -3.3768529e-08
  -3.3979103e-08
  -3.4190329e-08
  -3.4402212e-08
  -3.4614755e-08
  -3.4827962e-08
  -3.5041837e-08
  -3.5256383e-08
  -3.5471604e-08
  -3.5687505e-08
  -3.5904089e-08
  -3.6121361e-08
  -3.6339324e-08
  -3.6557981e-08
  -3.6777338e-08
  -3.6997399e-08
  -3.7218166e-08
  -3.7439645e-08
  -3.7661840e-08
  -3.7884754e-08
  -3.8108392e-08
  -3.8332758e-08
  -3.8557856e-08
  -3.8783691e-08
  -3.9010266e-08
  -3.9237587e-08
  -3.9465657e-08
  -3.9694481e-08
  -3.9924063e-08
  -4.0154407e-08
  -4.0385519e-08
  -4.0617401e-08
  -4.0850060e-08
  -4.1083500e-08
  -4.1317724e-08
  -4.1552738e-08
  -4.1788546e-08
  -4.2025152e-08
  -4.2262563e-08
  -4.2500781e-08
  -4.2739813e-08
  -4.2979662e-08
  -4.3220333e-08
  -4.3461831e-08
  -4.3704162e-08
  -4.3947330e-08
  -4.4191339e-08
  -4.4436195e-08
  -4.4681903e-08
  -4.4928467e-08
  -4.5175894e-08
  -4.5424187e-08
  -4.5673352e-08
  -4.5923393e-08
  -4.6174317e-08
  -4.6426129e-08
  -4.6678833e-08
  -4.6932434e-08
  -4.7186939e-08
  -4.7442352e-08
  -4.7698678e-08
  -4.7955924e-08
  -4.8214094e-08
  -4.8473195e-08
  -4.8733230e-08
  -4.8994207e-08
  -4.9256130e-08
  -4.9519005e-08
  -4.9782838e-08
  -5.0047635e-08
  -5.0313400e-08
  -5.0580140e-08
  -5.0847861e-08
  -5.1116568e-08
  -5.1386267e-08
  -5.1656964e-08
  -5.1928665e-08
  -5.2201376e-08
  -5.2475103e-08
  -5.2749852e-08
  -5.3025629e-08
  -5.3302440e-08
  -5.3580292e-08
  -5.3859189e-08
  -5.4139140e-08
  -5.4420149e-08
  -5.4702223e-08
  -5.4985369e-08
  -5.5269592e-08
  -5.5554900e-08
  -5.5841299e-08
  -5.6128795e-08
  -5.6417395e-08
  -5.6707105e-08
  -5.6997932e-08
  -5.7289882e-08
  -5.7582963e-08
  -5.7877182e-08
  -5.8172543e-08
  -5.8469056e-08
  -5.8766726e-08
  -5.9065561e-08
  -5.9365567e-08
  -5.9666752e-08
  -5.9969122e-08
  -6.0272684e-08
  -6.0577447e-08
  -6.0883416e-08
  -6.1190600e-08
  -6.1499004e-08
  -6.1808638e-08
  -6.2119508e-08
  -6.2431621e-08
  -6.2744985e-08
  -6.3059608e-08
  -6.3375497e-08
  -6.3692659e-08
  -6.4011103e-08
  -6.4330835e-08
  -6.4651865e-08
  -6.4974198e-08
  -6.5297845e-08
  -6.5622811e-08
  -6.5949106e-08
  -6.6276737e-08
  -6.6605712e-08
  -6.6936039e-08
  -6.7267727e-08
  -6.7600783e-08
  -6.7935217e-08
  -6.8271035e-08
  -6.8608247e-08
  -6.8946861e-08
  -6.9286886e-08
  -6.9628329e-08
  -6.9971200e-08
  -7.0315507e-08
  -7.0661258e-08
  -7.1008463e-08
  -7.1357130e-08
  -7.1707269e-08
  -7.2058887e-08
  -7.2411994e-08
  -7.2766599e-08
  -7.3122711e-08
  -7.3480338e-08
  -7.3839491e-08
  -7.4200179e-08
  -7.4562410e-08
  -7.4926194e-08
  -7.5291540e-08
  -7.5658458e-08
  -7.6026958e-08
  -7.6397048e-08
  -7.6768739e-08
  -7.7142040e-08
  -7.7516961e-08
  -7.7893512e-08
  -7.8271702e-08
  -7.8651542e-08
  -7.9033041e-08
  -7.9416210e-08
  -7.9801058e-08
  -8.0187597e-08
  -8.0575835e-08
  -8.0965783e-08
  -8.1357452e-08
  -8.1750852e-08
  -8.2145993e-08
  -8.2542887e-08
  -8.2941543e-08
  -8.3341972e-08
  -8.3744185e-08
  -8.4148193e-08
  -8.4554007e-08
  -8.4961637e-08
  -8.5371095e-08
  -8.5782391e-08
  -8.6195536e-08
  -8.6610543e-08
  -8.7027422e-08
  -8.7446183e-08
  -8.7866840e-08
  -8.8289403e-08
  -8.8713883e-08
  -8.9140293e-08
  -8.9568643e-08
  -8.9998946e-08
  -9.0431213e-08
  -9.0865456e-08
  -9.1301687e-08
  -9.1739918e-08
  -9.2180161e-08
  -9.2622429e-08
  -9.3066732e-08
  -9.3513084e-08
  -9.3961497e-08
  -9.4411982e-08
  -9.4864554e-08
  -9.5319223e-08
  -9.5776004e-08
  -9.6234907e-08
  -9.6695947e-08
  -9.7159135e-08
  -9.7624485e-08
  -9.8092009e-08
  -9.8561722e-08
  -9.9033634e-08
  -9.9507761e-08
  -9.9984114e-08
  -1.0046271e-07
  -1.0094355e-07
  -1.0142667e-07
  -1.0191206e-07
  -1.0239975e-07
  -1.0288975e-07
  -1.0338206e-07
  -1.0387671e-07
  -1.0437372e-07
  -1.0487308e-07
  -1.0537482e-07
  -1.0587895e-07
  -1.0638548e-07
  -1.0689444e-07
  -1.0740582e-07
  -1.0791966e-07
  -1.0843595e-07
  -1.0895472e-07
  -1.0947599e-07
  -1.0999975e-07
  -1.1052604e-07
  -1.1105486e-07
  -1.1158623e-07
  -1.1212016e-07
  -1.1265668e-07
  -1.1319578e-07
  -1.1373750e-07
  -1.1428184e-07
  -1.1482881e-07
  -1.1537845e-07
  -1.1593075e-07
  -1.1648573e-07
  -1.1704342e-07
  -1.1760382e-07
  -1.1816695e-07
  -1.1873283e-07
  -1.1930147e-07
  -1.1987289e-07
  -1.2044710e-07
  -1.2102412e-07
  -1.2160396e-07
  -1.2218665e-07
  -1.2277219e-07
  -1.2336060e-07
  -1.2395191e-07
  -1.2454612e-07
  -1.2514324e-07
  -1.2574331e-07
  -1.2634633e-07
  -1.2695232e-07
  -1.2756129e-07
  -1.2817327e-07
  -1.2878826e-07
  -1.2940629e-07
  -1.3002737e-07
  -1.3065152e-07
  -1.3127876e-07
  -1.3190909e-07
  -1.3254254e-07
  -1.3317913e-07
  -1.3381886e-07
  -1.3446177e-07
  -1.3510785e-07
  -1.3575714e-07
  -1.3640965e-07
  -1.3706539e-07
  -1.3772438e-07
  -1.3838664e-07
  -1.3905218e-07
  -1.3972102e-07
  -1.4039319e-07
  -1.4106868e-07
  -1.4174753e-07
  -1.4242975e-07
  -1.4311535e-07
  -1.4380436e-07
  -1.4449678e-07
  -1.4519264e-07
  -1.4589195e-07
  -1.4659473e-07
  -1.4730100e-07
  -1.4801076e-07
  -1.4872405e-07
  -1.4944087e-07
  -1.5016125e-07
  -1.5088519e-07
  -1.5161272e-07
  -1.5234386e-07
  -1.5307860e-07
  -1.5381699e-07
  -1.5455902e-07
  -1.5530472e-07
  -1.5605411e-07
  -1.5680719e-07
  -1.5756399e-07
  -1.5832452e-07
  -1.5908880e-07
  -1.5985683e-07
  -1.6062865e-07
  -1.6140426e-07
  -1.6218368e-07
  -1.6296692e-07
  -1.6375401e-07
  -1.6454494e-07
  -1.6533975e-07
  -1.6613844e-07
  -1.6694103e-07
  -1.6774753e-07
  -1.6855796e-07
  -1.6937233e-07
  -1.7019066e-07
  -1.7101296e-07
  -1.7183923e-07
  -1.7266951e-07
  -1.7350379e-07
  -1.7434210e-07
  -1.7518444e-07
  -1.7603083e-07
  -1.7688128e-07
  -1.7773580e-07
  -1.7859441e-07
  -1.7945710e-07
  -1.8032391e-07
  -1.8119483e-07
  -1.8206988e-07
  -1.8294907e-07
  -1.8383241e-07
  -1.8471990e-07
  -1.8561157e-07
  -1.8650741e-07
  -1.8740743e-07
  -1.8831165e-07
  -1.8922006e-07
  -1.9013269e-07
  -1.9104953e-07
  -1.9197060e-07
  -1.9289589e-07
  -1.9382542e-07
  -1.9475918e-07
  -1.9569719e-07
  -1.9663945e-07
  -1.9758597e-07
  -1.9853674e-07
  -1.9949176e-07
  -2.0045105e-07
  -2.0141460e-07
  -2.0238242e-07
  -2.0335450e-07
  -2.0433085e-07
  -2.0531146e-07
  -2.0629633e-07
  -2.0728546e-07
  -2.0827885e-07
  -2.0927649e-07
  -2.1027838e-07
  -2.1128452e-07
  -2.1229490e-07
  -2.1330951e-07
  -2.1432835e-07
  -2.1535140e-07
  -2.1637866e-07
  -2.1741013e-07
  -2.1844578e-07
  -2.1948561e-07
  -2.2052960e-07
  -2.2157774e-07
  -2.2263002e-07
  -2.2368643e-07
  -2.2474693e-07
  -2.2581153e-07
  -2.2688019e-07
  -2.2795290e-07
  -2.2902964e-07
  -2.3011039e-07
  -2.3119512e-07
  -2.3228381e-07
  -2.3337644e-07
  -2.3447297e-07
  -2.3557338e-07
  -2.3667764e-07
  -2.3778572e-07
  -2.3889758e-07
  -2.4001320e-07
  -2.4113253e-07
  -2.4225554e-07
  -2.4338220e-07
  -2.4451247e-07
  -2.4564629e-07
  -2.4678363e-07
  -2.4792445e-07
  -2.4906870e-07
  -2.5021633e-07
  -2.5136730e-07
  -2.5252154e-07
  -2.5367901e-07
  -2.5483965e-07
  -2.5600341e-07
  -2.5717023e-07
  -2.5834004e-07
  -2.5951279e-07
  -2.6068840e-07
  -2.6186682e-07
  -2.6304797e-07
  -2.6423179e-07
  -2.6541819e-07
  -2.6660710e-07
  -2.6779845e-07
  -2.6899215e-07
  -2.7018813e-07
  -2.7138630e-07
  -2.7258656e-07
  -2.7378883e-07
  -2.7499303e-07
  -2.7619904e-07
  -2.7740678e-07
  -2.7861615e-07
  -2.7982704e-07
  -2.8103934e-07
  -2.8225295e-07
  -2.8346776e-07
  -2.8468366e-07
  -2.8590052e-07
  -2.8711822e-07
  -2.8833665e-07
  -2.8955567e-07
  -2.9077516e-07
  -2.9199499e-07
  -2.9321502e-07
  -2.9443510e-07
  -2.9565511e-07
  -2.9687489e-07
  -2.9809430e-07
  -2.9931319e-07
  -3.0053139e-07
  -3.0174875e-07
  -3.0296511e-07
  -3.0418031e-07
  -3.0539416e-07
  -3.0660651e-07
  -3.0781717e-07
  -3.0902597e-07
  -3.1023272e-07
  -3.1143723e-07
  -3.1263931e-07
  -3.1383877e-07
  -3.1503540e-07
  -3.1622901e-07
  -3.1741939e-07
  -3.1860633e-07
  -3.1978962e-07
  -3.2096903e-07
  -3.2214434e-07
  -3.2331533e-07
  -3.2448177e-07
  -3.2564342e-07
  -3.2680005e-07
  -3.2795141e-07
  -3.2909726e-07
  -3.3023734e-07
  -3.3137141e-07
  -3.3249921e-07
  -3.3362047e-07
  -3.3473492e-07
  -3.3584230e-07
  -3.3694234e-07
  -3.3803475e-07
  -3.3911925e-07
  -3.4019556e-07
  -3.4126339e-07
  -3.4232244e-07
  -3.4337242e-07
  -3.4441303e-07
  -3.4544395e-07
  -3.4646489e-07
  -3.4747553e-07
  -3.4847555e-07
  -3.4946464e-07
  -3.5044247e-07
  -3.5140872e-07
  -3.5236306e-07
  -3.5330514e-07
  -3.5423465e-07
  -3.5515124e-07
  -3.5605456e-07
  -3.5694428e-07
  -3.5782004e-07
  -3.5868150e-07
  -3.5952830e-07
  -3.6036009e-07
  -3.6117651e-07
  -3.6197720e-07
  -3.6276179e-07
  -3.6352994e-07
  -3.6428126e-07
  -3.6501539e-07
  -3.6573197e-07
  -3.6643062e-07
  -3.6711097e-07
  -3.6777265e-07
  -3.6841530e-07
  -3.6903852e-07
  -3.6964196e-07
  -3.7022524e-07
  -3.7078798e-07
  -3.7132981e-07
  -3.7185035e-07
  -3.7234924e-07
  -3.7282610e-07
  -3.7328056e-07
  -3.7371225e-07
  -3.7412081e-07
  -3.7450586e-07
  -3.7486704e-07
  -3.7520399e-07
  -3.7551636e-07
  -3.7580378e-07
  -3.7606590e-07
  -3.7630237e-07
  -3.7651284e-07
  -3.7669697e-07
  -3.7685443e-07
  -3.7698487e-07
  -3.7708797e-07
  -3.7716340e-07
  -3.7721085e-07
  -3.7722999e-07
  -3.7722052e-07
  -3.7718214e-07
  -3.7711455e-07
  -3.7701747e-07
  -3.7689060e-07
  -3.7673368e-07
  -3.7654644e-07
  -3.7632862e-07
  -3.7607996e-07
  -3.7580022e-07
  -3.7548917e-07
  -3.7514658e-07
  -3.7477223e-07
  -3.7436593e-07
  -3.7392746e-07
  -3.7345664e-07
  -3.7295329e-07
  -3.7241725e-07
  -3.7184836e-07
  -3.7124647e-07
  -3.7061146e-07
  -3.6994318e-07
  -3.6924154e-07
  -3.6850643e-07
  -3.6773777e-07
  -3.6693548e-07
  -3.6609949e-07
  -3.6522975e-07
  -3.6432623e-07
  -3.6338890e-07
  -3.6241774e-07
  -3.6141275e-07
  -3.6037395e-07
  -3.5930137e-07
  -3.5819504e-07
  -3.5705501e-07
  -3.5588135e-07
  -3.5467415e-07
  -3.5343348e-07
  -3.5215947e-07
  -3.5085223e-07
  -3.4951189e-07
  -3.4813860e-07
  -3.4673252e-07
  -3.4529382e-07
  -3.4382270e-07
  -3.4231935e-07
  -3.4078398e-07
  -3.3921683e-07
  -3.3761813e-07
  -3.3598813e-07
  -3.3432711e-07
  -3.3263534e-07
  -3.3091311e-07
  -3.2916072e-07
  -3.2737848e-07
  -3.2556674e-07
  -3.2372581e-07
  -3.2185606e-07
  -3.1995785e-07
  -3.1803154e-07
  -3.1607752e-07
  -3.1409618e-07
  -3.1208793e-07
  -3.1005318e-07
  -3.0799235e-07
  -3.0590588e-07
  -3.0379420e-07
  -3.0165777e-07
  -2.9949704e-07
  -2.9731249e-07
  -2.9510457e-07
  -2.9287379e-07
  -2.9062061e-07
  -2.8834554e-07
  -2.8604909e-07
  -2.8373174e-07
  -2.8139403e-07
  -2.7903646e-07
  -2.7665956e-07
  -2.7426385e-07
  -2.7184987e-07
  -2.6941815e-07
  -2.6696922e-07
  -2.6450364e-07
  -2.6202193e-07
  -2.5952465e-07
  -2.5701235e-07
  -2.5448557e-07
  -2.5194486e-07
  -2.4939077e-07
  -2.4682385e-07
  -2.4424466e-07
  -2.4165374e-07
  -2.3905165e-07
  -2.3643893e-07
  -2.3381613e-07
  -2.3118379e-07
  -2.2854247e-07
  -2.2589270e-07
  -2.2323501e-07
  -2.2056995e-07
  -2.1789805e-07
  -2.1521984e-07
  -2.1253584e-07
  -2.0984658e-07
  -2.0715257e-07
  -2.0445432e-07
  -2.0175235e-07
  -1.9904715e-07
  -1.9633922e-07
  -1.9362906e-07
  -1.9091715e-07
  -1.8820398e-07
  -1.8549001e-07
  -1.8277572e-07
  -1.8006156e-07
  -1.7734800e-07
  -1.7463548e-07
  -1.7192445e-07
  -1.6921534e-07
  -1.6650857e-07
  -1.6380457e-07
  -1.6110376e-07
  -1.5840653e-07
  -1.5571329e-07
  -1.5302442e-07
  -1.5034032e-07
  -1.4766136e-07
  -1.4498789e-07
  -1.4232030e-07
  -1.3965891e-07
  -1.3700409e-07
  -1.3435617e-07
  -1.3171547e-07
  -1.2908232e-07
  -1.2645702e-07
  -1.2383989e-07
  -1.2123122e-07
  -1.1863129e-07
  -1.1604039e-07
  -1.1345880e-07
  -1.1088676e-07
  -1.0832456e-07
  -1.0577242e-07
  -1.0323060e-07
  -1.0069932e-07
  -9.8178821e-08
  -9.5669312e-08
  -9.3171006e-08
  -9.0684107e-08
  -8.8208812e-08
  -8.5745308e-08
  -8.3293779e-08
  -8.0854399e-08
  -7.8427336e-08
  -7.6012749e-08
  -7.3610793e-08
  -7.1221616e-08
  -6.8845356e-08
  -6.6482149e-08
  -6.4132121e-08
  -6.1795394e-08
  -5.9472081e-08
  -5.7162292e-08
  -5.4866128e-08
  -5.2583687e-08
  -5.0315058e-08
  -4.8060327e-08
  -4.5819572e-08
  -4.3592868e-08
  -4.1380282e-08
  -3.9181878e-08
  -3.6997713e-08
  -3.4827839e-08
  -3.2672305e-08
  -3.0531153e-08
  -2.8404421e-08
  -2.6292143e-08
  -2.4194346e-08
  -2.2111057e-08
  -2.0042293e-08
  -1.7988073e-08
  -1.5948406e-08
  -1.3923300e-08
  -1.1912761e-08
  -9.9167866e-09
  -7.9353741e-09
  -5.9685160e-09
  -4.0162015e-09
  -2.0784163e-09
  -1.5514308e-10
   1.7536390e-09
   3.6479537e-09
   5.5278279e-09
   7.3932912e-09
   9.2443763e-09
   1.1081118e-08
   1.2903555e-08
   1.4711728e-08
   1.6505678e-08
   1.8285453e-08
   2.0051098e-08
   2.1802665e-08
   2.3540205e-08
   2.5263772e-08
   2.6973422e-08
   2.8669213e-08
   3.0351205e-08
   3.2019458e-08
   3.3674038e-08
   3.5315007e-08
   3.6942433e-08
   3.8556383e-08
   4.0156926e-08
   4.1744133e-08
   4.3318076e-08
   4.4878828e-08
   4.6426463e-08
   4.7961056e-08
   4.9482684e-08
   5.0991423e-08
   5.2487353e-08
   5.3970552e-08
   5.5441100e-08
   5.6899079e-08
   5.8344568e-08
   5.9777652e-08
   6.1198411e-08
   6.2606931e-08
   6.4003294e-08
   6.5387585e-08
   6.6759889e-08
   6.8120291e-08
   6.9468877e-08
   7.0805733e-08
   7.2130945e-08
   7.3444600e-08
   7.4746784e-08
   7.6037585e-08
   7.7317089e-08
   7.8585385e-08
   7.9842559e-08
   8.1088699e-08
   8.2323892e-08
   8.3548226e-08
   8.4761789e-08
   8.5964667e-08
   8.7156950e-08
   8.8338723e-08
   8.9510074e-08
   9.0671090e-08
   9.1821859e-08
   9.2962466e-08
   9.4092999e-08
   9.5213545e-08
   9.6324188e-08
   9.7425015e-08
   9.8516112e-08
   9.9597564e-08
   1.0066946e-07
   1.0173187e-07
   1.0278490e-07
   1.0382862e-07
   1.0486312e-07
   1.0588847e-07
   1.0690478e-07
   1.0791210e-07
   1.0891054e-07
   1.0990016e-07
   1.1088106e-07
   1.1185331e-07
   1.1281699e-07
   1.1377219e-07
   1.1471898e-07
   1.1565744e-07
   1.1658765e-07
   1.1750969e-07
   1.1842363e-07
   1.1932956e-07
   1.2022755e-07
   1.2111767e-07
   1.2200001e-07
   1.2287463e-07
   1.2374161e-07
   1.2460103e-07
   1.2545296e-07
   1.2629747e-07
   1.2713464e-07
   1.2796453e-07
   1.2878723e-07
   1.2960279e-07
   1.3041129e-07
   1.3121280e-07
   1.3200739e-07
   1.3279513e-07
   1.3357609e-07
   1.3435032e-07
   1.3511791e-07
   1.3587892e-07
   1.3663341e-07
   1.3738145e-07
   1.3812310e-07
   1.3885843e-07
   1.3958750e-07
   1.4031038e-07
   1.4102713e-07
   1.4173781e-07
   1.4244248e-07
   1.4314120e-07
   1.4383404e-07
   1.4452105e-07
   1.4520229e-07
   1.4587783e-07
   1.4654772e-07
   1.4721201e-07
   1.4787078e-07
   1.4852407e-07
   1.4917193e-07
   1.4981443e-07
   1.5045163e-07
   1.5108357e-07
   1.5171030e-07
   1.5233190e-07
   1.5294840e-07
   1.5355985e-07
   1.5416633e-07
   1.5476786e-07
   1.5536451e-07
   1.5595633e-07
   1.5654336e-07
   1.5712566e-07
   1.5770327e-07
   1.5827625e-07
   1.5884464e-07
   1.5940849e-07
   1.5996785e-07
   1.6052276e-07
   1.6107327e-07
   1.6161944e-07
   1.6216129e-07
   1.6269888e-07
   1.6323226e-07
   1.6376146e-07
   1.6428653e-07
   1.6480752e-07
   1.6532446e-07
   1.6583740e-07
   1.6634639e-07
   1.6685145e-07
   1.6735264e-07
   1.6785000e-07
   1.6834356e-07
   1.6883336e-07
   1.6931945e-07
   1.6980187e-07
   1.7028064e-07
   1.7075582e-07
   1.7122743e-07
   1.7169553e-07
   1.7216013e-07
   1.7262129e-07
   1.7307903e-07
   1.7353339e-07
   1.7398441e-07
   1.7443213e-07
   1.7487657e-07
   1.7531778e-07
   1.7575578e-07
   1.7619061e-07
   1.7662231e-07
   1.7705091e-07
   1.7747643e-07
   1.7789892e-07
   1.7831840e-07
   1.7873491e-07
   1.7914847e-07
   1.7955913e-07
   1.7996690e-07
   1.8037183e-07
   1.8077393e-07
   1.8117324e-07
   1.8156979e-07
   1.8196361e-07
   1.8235473e-07
   1.8274317e-07
   1.8312897e-07
   1.8351215e-07
   1.8389274e-07
   1.8427076e-07
   1.8464625e-07
   1.8501923e-07
   1.8538973e-07
   1.8575777e-07
   1.8612338e-07
   1.8648658e-07
   1.8684740e-07
   1.8720587e-07
   1.8756201e-07
   1.8791585e-07
   1.8826740e-07
   1.8861670e-07
   1.8896376e-07
   1.8930861e-07
   1.8965128e-07
   1.8999178e-07
   1.9033015e-07
   1.9066639e-07
   1.9100054e-07
   1.9133262e-07
   1.9166265e-07
   1.9199064e-07
   1.9231663e-07
   1.9264063e-07
   1.9296266e-07
   1.9328274e-07
   1.9360090e-07
   1.9391716e-07
   1.9423153e-07
   1.9454404e-07
   1.9485470e-07
   1.9516353e-07
   1.9547055e-07
   1.9577579e-07
   1.9607926e-07
   1.9638098e-07
   1.9668097e-07
   1.9697924e-07
   1.9727581e-07
   1.9757071e-07
   1.9786395e-07
   1.9815554e-07
   1.9844551e-07
   1.9873387e-07
   1.9902063e-07
   1.9930583e-07
   1.9958946e-07
   1.9987155e-07
   2.0015211e-07
   2.0043117e-07
   2.0070873e-07
   2.0098481e-07
   2.0125942e-07
   2.0153259e-07
   2.0180433e-07
   2.0207465e-07
   2.0234357e-07
   2.0261109e-07
   2.0287725e-07
   2.0314204e-07
   2.0340549e-07
   2.0366761e-07
   2.0392842e-07
   2.0418792e-07
   2.0444613e-07
   2.0470306e-07
   2.0495873e-07
   2.0521315e-07
   2.0546634e-07
   2.0571830e-07
   2.0596905e-07
   2.0621861e-07
   2.0646698e-07
   2.0671417e-07
   2.0696021e-07
   2.0720509e-07
   2.0744884e-07
   2.0769146e-07
   2.0793298e-07
   2.0817339e-07
   2.0841271e-07
   2.0865095e-07
   2.0888812e-07
   2.0912424e-07
   2.0935932e-07
   2.0959336e-07
   2.0982637e-07
   2.1005838e-07
   2.1028938e-07
   2.1051939e-07
   2.1074842e-07
   2.1097648e-07
   2.1120358e-07
   2.1142973e-07
   2.1165493e-07
   2.1187921e-07
   2.1210256e-07
   2.1232501e-07
   2.1254655e-07
   2.1276720e-07
   2.1298696e-07
   2.1320586e-07
   2.1342388e-07
   2.1364105e-07
   2.1385738e-07
   2.1407287e-07
   2.1428752e-07
   2.1450136e-07
   2.1471438e-07
   2.1492661e-07
   2.1513803e-07
   2.1534867e-07
   2.1555853e-07
   2.1576762e-07
   2.1597595e-07
   2.1618353e-07
   2.1639036e-07
   2.1659645e-07
   2.1680180e-07
   2.1700644e-07
   2.1721036e-07
   2.1741357e-07
   2.1761608e-07
   2.1781790e-07
   2.1801903e-07
   2.1821949e-07
   2.1841927e-07
   2.1861839e-07
   2.1881684e-07
   2.1901465e-07
   2.1921182e-07
   2.1940835e-07
   2.1960424e-07
   2.1979952e-07
   2.1999417e-07
   2.2018822e-07
   2.2038166e-07
   2.2057450e-07
   2.2076675e-07
   2.2095842e-07
   2.2114951e-07
   2.2134002e-07
   2.2152997e-07
   2.2171935e-07
   2.2190818e-07
   2.2209647e-07
   2.2228420e-07
   2.2247140e-07
   2.2265807e-07
   2.2284421e-07
   2.2302983e-07
   2.2321494e-07
   2.2339953e-07
   2.2358363e-07
   2.2376722e-07
   2.2395032e-07
   2.2413293e-07
   2.2431505e-07
   2.2449670e-07
   2.2467787e-07
   2.2485858e-07
   2.2503882e-07
   2.2521861e-07
   2.2539794e-07
   2.2557683e-07
   2.2575527e-07
   2.2593327e-07
   2.2611083e-07
   2.2628797e-07
   2.2646468e-07
   2.2664097e-07
   2.2681685e-07
   2.2699231e-07
   2.2716737e-07
   2.2734203e-07
   2.2751628e-07
   2.2769015e-07
   2.2786362e-07
   2.2803670e-07
   2.2820941e-07
   2.2838174e-07
   2.2855369e-07
   2.2872528e-07
   2.2889650e-07
   2.2906736e-07
   2.2923786e-07
   2.2940801e-07
   2.2957781e-07
   2.2974726e-07
   2.2991637e-07
   2.3008514e-07
   2.3025358e-07
   2.3042169e-07
   2.3058946e-07
   2.3075692e-07
   2.3092406e-07
   2.3109087e-07
   2.3125738e-07
   2.3142358e-07
   2.3158946e-07
   2.3175505e-07
   2.3192034e-07
   2.3208533e-07
   2.3225002e-07
   2.3241443e-07
   2.3257855e-07
   2.3274239e-07
   2.3290594e-07
   2.3306922e-07
   2.3323223e-07
   2.3339496e-07
   2.3355743e-07
   2.3371963e-07
   2.3388157e-07
   2.3404325e-07
   2.3420467e-07
   2.3436584e-07
   2.3452676e-07
   2.3468743e-07
   2.3484786e-07
   2.3500805e-07
   2.3516799e-07
   2.3532770e-07
   2.3548718e-07
   2.3564642e-07
   2.3580544e-07
   2.3596423e-07
   2.3612279e-07
   2.3628114e-07
   2.3643926e-07
   2.3659717e-07
   2.3675487e-07
   2.3691236e-07
   2.3706964e-07
   2.3722671e-07
   2.3738358e-07
   2.3754024e-07
   2.3769671e-07
   2.3785298e-07
   2.3800906e-07
   2.3816494e-07
   2.3832064e-07
   2.3847615e-07
   2.3863147e-07
   2.3878661e-07
   2.3894157e-07
   2.3909635e-07
   2.3925095e-07
   2.3940538e-07
   2.3955963e-07
   2.3971372e-07
   2.3986763e-07
   2.4002138e-07
   2.4017497e-07
   2.4032839e-07
   2.4048166e-07
   2.4063476e-07
   2.4078771e-07
   2.4094050e-07
   2.4109314e-07
   2.4124563e-07
   2.4139797e-07
   2.4155017e-07
   2.4170221e-07
   2.4185412e-07
   2.4200588e-07
   2.4215750e-07
   2.4230899e-07
   2.4246034e-07
   2.4261155e-07
   2.4276263e-07
   2.4291358e-07
   2.4306440e-07
   2.4321509e-07
   2.4336565e-07
   2.4351609e-07
   2.4366641e-07
   2.4381660e-07
   2.4396668e-07
   2.4411663e-07
   2.4426647e-07
   2.4441619e-07
   2.4456580e-07
   2.4471530e-07
   2.4486469e-07
   2.4501396e-07
   2.4516313e-07
   2.4531219e-07
   2.4546115e-07
   2.4561000e-07
   2.4575875e-07
   2.4590740e-07
   2.4605595e-07
   2.4620440e-07
   2.4635276e-07
   2.4650102e-07
   2.4664918e-07
   2.4679726e-07
   2.4694524e-07
   2.4709313e-07
   2.4724093e-07
   2.4738864e-07
   2.4753627e-07
   2.4768381e-07
   2.4783127e-07
   2.4797864e-07
   2.4812593e-07
   2.4827314e-07
   2.4842028e-07
   2.4856733e-07
   2.4871431e-07
   2.4886121e-07
   2.4900804e-07
   2.4915479e-07
   2.4930147e-07
   2.4944808e-07
   2.4959462e-07
   2.4974109e-07
   2.4988749e-07
   2.5003382e-07
   2.5018009e-07
   2.5032630e-07
   2.5047243e-07
   2.5061851e-07
   2.5076452e-07
   2.5091048e-07
   2.5105637e-07
   2.5120220e-07
   2.5134798e-07
   2.5149370e-07
   2.5163936e-07
   2.5178497e-07
   2.5193052e-07
   2.5207602e-07
   2.5222147e-07
   2.5236686e-07
   2.5251221e-07
   2.5265751e-07
   2.5280275e-07
   2.5294795e-07
   2.5309310e-07
   2.5323821e-07
   2.5338326e-07
   2.5352828e-07
   2.5367325e-07
   2.5381818e-07
   2.5396306e-07
   2.5410791e-07
   2.5425271e-07
   2.5439748e-07
   2.5454220e-07
   2.5468689e-07
   2.5483154e-07
   2.5497615e-07
   2.5512073e-07
   2.5526527e-07
   2.5540977e-07
   2.5555425e-07
   2.5569869e-07
   2.5584310e-07
   2.5598747e-07
   2.5613182e-07
   2.5627613e-07
   2.5642042e-07
   2.5656467e-07
   2.5670890e-07
   2.5685310e-07
   2.5699728e-07
   2.5714143e-07
   2.5728555e-07
   2.5742965e-07
   2.5757372e-07
   2.5771777e-07
   2.5786180e-07
   2.5800580e-07
   2.5814978e-07
   2.5829374e-07
   2.5843768e-07
   2.5858161e-07
   2.5872551e-07
   2.5886939e-07
   2.5901325e-07
   2.5915710e-07
   2.5930093e-07
   2.5944474e-07
   2.5958854e-07
   2.5973232e-07
   2.5987609e-07
   2.6001984e-07
   2.6016358e-07
   2.6030730e-07
   2.6045101e-07
   2.6059471e-07
   2.6073840e-07
   2.6088208e-07
   2.6102574e-07
   2.6116940e-07
   2.6131304e-07
   2.6145668e-07
   2.6160031e-07
   2.6174393e-07
   2.6188754e-07
   2.6203114e-07
   2.6217474e-07
   2.6231833e-07
   2.6246191e-07
   2.6260549e-07
   2.6274906e-07
   2.6289263e-07
   2.6303620e-07
   2.6317976e-07
   2.6332331e-07
   2.6346687e-07
   2.6361042e-07
   2.6375397e-07
   2.6389752e-07
   2.6404106e-07
   2.6418461e-07
   2.6432815e-07
   2.6447169e-07
   2.6461524e-07
   2.6475878e-07
   2.6490233e-07
   2.6504588e-07
   2.6518942e-07
   2.6533297e-07
   2.6547653e-07
   2.6562008e-07
   2.6576364e-07
   2.6590720e-07
   2.6605077e-07
   2.6619434e-07
   2.6633791e-07
   2.6648149e-07
   2.6662508e-07
   2.6676867e-07
   2.6691226e-07
   2.6705587e-07
   2.6719947e-07
   2.6734309e-07
   2.6748671e-07
   2.6763034e-07
   2.6777398e-07
   2.6791762e-07
   2.6806128e-07
   2.6820494e-07
   2.6834861e-07
   2.6849229e-07
   2.6863598e-07
   2.6877968e-07
   2.6892339e-07
   2.6906711e-07
   2.6921084e-07
   2.6935458e-07
   2.6949833e-07
   2.6964210e-07
   2.6978587e-07
   2.6992966e-07
   2.7007346e-07
   2.7021727e-07
   2.7036109e-07
   2.7050493e-07
   2.7064878e-07
   2.7079264e-07
   2.7093652e-07
   2.7108041e-07
   2.7122432e-07
   2.7136824e-07
   2.7151217e-07
   2.7165612e-07
   2.7180009e-07
   2.7194406e-07
   2.7208806e-07
   2.7223207e-07
   2.7237610e-07
   2.7252014e-07
   2.7266420e-07
   2.7280827e-07
   2.7295236e-07
   2.7309647e-07
   2.7324060e-07
   2.7338474e-07
   2.7352890e-07
   2.7367308e-07
   2.7381728e-07
   2.7396149e-07
   2.7410573e-07
   2.7424998e-07
   2.7439425e-07
   2.7453853e-07
   2.7468284e-07
   2.7482717e-07
   2.7497152e-07
   2.7511588e-07
   2.7526027e-07
   2.7540467e-07
   2.7554910e-07
   2.7569354e-07
   2.7583801e-07
   2.7598249e-07
   2.7612700e-07
   2.7627153e-07
   2.7641608e-07
   2.7656064e-07
   2.7670524e-07
   2.7684985e-07
   2.7699448e-07
   2.7713914e-07
   2.7728381e-07
   2.7742851e-07
   2.7757323e-07
   2.7771798e-07
   2.7786274e-07
   2.7800753e-07
   2.7815234e-07
   2.7829718e-07
   2.7844203e-07
   2.7858691e-07
   2.7873182e-07
   2.7887674e-07
   2.7902169e-07
   2.7916666e-07
   2.7931166e-07
   2.7945668e-07
   2.7960173e-07
   2.7974679e-07
   2.7989189e-07
   2.8003700e-07
   2.8018214e-07
   2.8032731e-07
   2.8047250e-07
   2.8061771e-07
   2.8076295e-07
   2.8090821e-07
   2.8105350e-07
   2.8119882e-07
   2.8134416e-07
   2.8148952e-07
   2.8163491e-07
   2.8178032e-07
   2.8192576e-07
   2.8207123e-07
   2.8221672e-07
   2.8236224e-07
   2.8250778e-07
   2.8265335e-07
   2.8279894e-07
   2.8294456e-07
   2.8309021e-07
   2.8323588e-07
   2.8338158e-07
   2.8352731e-07
   2.8367306e-07
   2.8381884e-07
   2.8396465e-07
   2.8411048e-07
   2.8425634e-07
   2.8440222e-07
   2.8454814e-07
   2.8469407e-07
   2.8484004e-07
   2.8498604e-07
   2.8513206e-07
   2.8527810e-07
   2.8542418e-07
   2.8557028e-07
   2.8571641e-07
   2.8586257e-07
   2.8600875e-07
   2.8615497e-07
   2.8630121e-07
   2.8644747e-07
   2.8659377e-07
   2.8674009e-07
   2.8688644e-07
   2.8703282e-07
   2.8717923e-07
   2.8732566e-07
   2.8747213e-07
   2.8761862e-07
   2.8776514e-07
   2.8791168e-07
   2.8805826e-07
   2.8820486e-07
   2.8835149e-07
   2.8849815e-07
   2.8864484e-07
   2.8879156e-07
   2.8893831e-07
   2.8908508e-07
   2.8923188e-07
   2.8937871e-07
   2.8952557e-07
   2.8967246e-07
   2.8981938e-07
   2.8996632e-07
   2.9011330e-07
   2.9026030e-07
   2.9040733e-07
   2.9055439e-07
   2.9070148e-07
   2.9084860e-07
   2.9099574e-07
   2.9114292e-07
   2.9129012e-07
   2.9143736e-07
   2.9158462e-07
   2.9173191e-07
   2.9187923e-07
   2.9202658e-07
   2.9217396e-07
   2.9232137e-07
   2.9246880e-07
   2.9261627e-07
   2.9276377e-07
   2.9291129e-07
   2.9305884e-07
   2.9320642e-07
   2.9335404e-07
   2.9350168e-07
   2.9364935e-07
   2.9379705e-07
   2.9394478e-07
   2.9409253e-07
   2.9424032e-07
   2.9438814e-07
   2.9453598e-07
   2.9468386e-07
   2.9483176e-07
   2.9497969e-07
   2.9512766e-07
   2.9527565e-07
   2.9542367e-07
   2.9557172e-07
   2.9571980e-07
   2.9586791e-07
   2.9601605e-07
   2.9616422e-07
   2.9631241e-07
   2.9646064e-07
   2.9660890e-07
   2.9675718e-07
   2.9690550e-07
   2.9705384e-07
   2.9720222e-07
   2.9735062e-07
   2.9749905e-07
   2.9764751e-07
   2.9779600e-07
   2.9794452e-07
   2.9809307e-07
   2.9824165e-07
   2.9839026e-07
   2.9853890e-07
   2.9868756e-07
   2.9883626e-07
   2.9898498e-07
   2.9913374e-07
   2.9928252e-07
   2.9943134e-07
   2.9958018e-07
   2.9972905e-07
   2.9987795e-07
   3.0002688e-07
   3.0017584e-07
   3.0032483e-07
   3.0047385e-07
   3.0062290e-07
