  -2.8131979e-08
  -3.0960513e-08
  -3.3791824e-08
  -3.6625911e-08
  -3.9462768e-08
  -4.2302394e-08
  -4.5144783e-08
  -4.7989931e-08
  -5.0837835e-08
  -5.3688489e-08
  -5.6541888e-08
  -5.9398028e-08
  -6.2256903e-08
  -6.5118507e-08
  -6.7982835e-08
  -7.0849880e-08
  -7.3719635e-08
  -7.6592095e-08
  -7.9467253e-08
  -8.2345100e-08
  -8.5225630e-08
  -8.8108834e-08
  -9.0994706e-08
  -9.3883236e-08
  -9.6774415e-08
  -9.9668236e-08
  -1.0256469e-07
  -1.0546376e-07
  -1.0836545e-07
  -1.1126974e-07
  -1.1417662e-07
  -1.1708608e-07
  -1.1999811e-07
  -1.2291271e-07
  -1.2582985e-07
  -1.2874952e-07
  -1.3167172e-07
  -1.3459642e-07
  -1.3752363e-07
  -1.4045332e-07
  -1.4338548e-07
  -1.4632010e-07
  -1.4925715e-07
  -1.5219664e-07
  -1.5513854e-07
  -1.5808284e-07
  -1.6102951e-07
  -1.6397856e-07
  -1.6692995e-07
  -1.6988367e-07
  -1.7283971e-07
  -1.7579805e-07
  -1.7875866e-07
  -1.8172154e-07
  -1.8468666e-07
  -1.8765400e-07
  -1.9062355e-07
  -1.9359527e-07
  -1.9656917e-07
  -1.9954520e-07
  -2.0252336e-07
  -2.0550362e-07
  -2.0848595e-07
  -2.1147034e-07
  -2.1445676e-07
  -2.1744519e-07
  -2.2043561e-07
  -2.2342799e-07
  -2.2642231e-07
  -2.2941854e-07
  -2.3241665e-07
  -2.3541663e-07
  -2.3841844e-07
  -2.4142205e-07
  -2.4442745e-07
  -2.4743460e-07
  -2.5044347e-07
  -2.5345404e-07
  -2.5646627e-07
  -2.5948015e-07
  -2.6249562e-07
  -2.6551268e-07
  -2.6853127e-07
  -2.7155138e-07
  -2.7457298e-07
  -2.7759601e-07
  -2.8062047e-07
  -2.8364630e-07
  -2.8667349e-07
  -2.8970198e-07
  -2.9273175e-07
  -2.9576276e-07
  -2.9879498e-07
  -3.0182836e-07
  -3.0486288e-07
  -3.0789849e-07
  -3.1093515e-07
  -3.1397283e-07
  -3.1701148e-07
  -3.2005107e-07
  -3.2309155e-07
  -3.2613289e-07
  -3.2917504e-07
  -3.3221795e-07
  -3.3526160e-07
  -3.3830592e-07
  -3.4135088e-07
  -3.4439644e-07
  -3.4744255e-07
  -3.5048915e-07
  -3.5353622e-07
  -3.5658369e-07
  -3.5963152e-07
  -3.6267966e-07
  -3.6572807e-07
  -3.6877669e-07
  -3.7182547e-07
  -3.7487437e-07
  -3.7792332e-07
  -3.8097229e-07
  -3.8402121e-07
  -3.8707004e-07
  -3.9011871e-07
  -3.9316717e-07
  -3.9621538e-07
  -3.9926327e-07
  -4.0231078e-07
  -4.0535786e-07
  -4.0840446e-07
  -4.1145050e-07
  -4.1449594e-07
  -4.1754071e-07
  -4.2058475e-07
  -4.2362800e-07
  -4.2667040e-07
  -4.2971189e-07
  -4.3275240e-07
  -4.3579187e-07
  -4.3883023e-07
  -4.4186742e-07
  -4.4490337e-07
  -4.4793802e-07
  -4.5097130e-07
  -4.5400313e-07
  -4.5703346e-07
  -4.6006221e-07
  -4.6308931e-07
  -4.6611469e-07
  -4.6913827e-07
  -4.7216000e-07
  -4.7517978e-07
  -4.7819755e-07
  -4.8121324e-07
  -4.8422676e-07
  -4.8723805e-07
  -4.9024702e-07
  -4.9325360e-07
  -4.9625771e-07
  -4.9925928e-07
  -5.0225821e-07
  -5.0525443e-07
  -5.0824786e-07
  -5.1123842e-07
  -5.1422603e-07
  -5.1721059e-07
  -5.2019203e-07
  -5.2317027e-07
  -5.2614521e-07
  -5.2911677e-07
  -5.3208487e-07
  -5.3504941e-07
  -5.3801031e-07
  -5.4096747e-07
  -5.4392082e-07
  -5.4687025e-07
  -5.4981567e-07
  -5.5275700e-07
  -5.5569414e-07
  -5.5862700e-07
  -5.6155547e-07
  -5.6447948e-07
  -5.6739891e-07
  -5.7031368e-07
  -5.7322368e-07
  -5.7612883e-07
  -5.7902901e-07
  -5.8192413e-07
  -5.8481410e-07
  -5.8769880e-07
  -5.9057814e-07
  -5.9345201e-07
  -5.9632031e-07
  -5.9918294e-07
  -6.0203979e-07
  -6.0489076e-07
  -6.0773575e-07
  -6.1057463e-07
  -6.1340731e-07
  -6.1623368e-07
  -6.1905363e-07
  -6.2186705e-07
  -6.2467383e-07
  -6.2747386e-07
  -6.3026702e-07
  -6.3305321e-07
  -6.3583231e-07
  -6.3860421e-07
  -6.4136879e-07
  -6.4412594e-07
  -6.4687554e-07
  -6.4961747e-07
  -6.5235163e-07
  -6.5507789e-07
  -6.5779612e-07
  -6.6050623e-07
  -6.6320808e-07
  -6.6590155e-07
  -6.6858652e-07
  -6.7126288e-07
  -6.7393049e-07
  -6.7658925e-07
  -6.7923901e-07
  -6.8187967e-07
  -6.8451109e-07
  -6.8713315e-07
  -6.8974572e-07
  -6.9234868e-07
  -6.9494190e-07
  -6.9752526e-07
  -7.0009862e-07
  -7.0266187e-07
  -7.0521485e-07
  -7.0775746e-07
  -7.1028956e-07
  -7.1281102e-07
  -7.1532170e-07
  -7.1782148e-07
  -7.2031023e-07
  -7.2278780e-07
  -7.2525408e-07
  -7.2770892e-07
  -7.3015219e-07
  -7.3258376e-07
  -7.3500350e-07
  -7.3741126e-07
  -7.3980692e-07
  -7.4219033e-07
  -7.4456136e-07
  -7.4691988e-07
  -7.4926574e-07
  -7.5159881e-07
  -7.5391896e-07
  -7.5622604e-07
  -7.5851991e-07
  -7.6080045e-07
  -7.6306750e-07
  -7.6532093e-07
  -7.6756060e-07
  -7.6978637e-07
  -7.7199810e-07
  -7.7419565e-07
  -7.7637888e-07
  -7.7854765e-07
  -7.8070182e-07
  -7.8284124e-07
  -7.8496578e-07
  -7.8707530e-07
  -7.8916965e-07
  -7.9124869e-07
  -7.9331229e-07
  -7.9536029e-07
  -7.9739255e-07
  -7.9940895e-07
  -8.0140932e-07
  -8.0339354e-07
  -8.0536145e-07
  -8.0731293e-07
  -8.0924781e-07
  -8.1116597e-07
  -8.1306726e-07
  -8.1495154e-07
  -8.1681867e-07
  -8.1866850e-07
  -8.2050089e-07
  -8.2231571e-07
  -8.2411280e-07
  -8.2589204e-07
  -8.2765327e-07
  -8.2939636e-07
  -8.3112116e-07
  -8.3282754e-07
  -8.3451536e-07
  -8.3618447e-07
  -8.3783473e-07
  -8.3946601e-07
  -8.4107817e-07
  -8.4267106e-07
  -8.4424455e-07
  -8.4579850e-07
  -8.4733278e-07
  -8.4884723e-07
  -8.5034174e-07
  -8.5181615e-07
  -8.5327034e-07
  -8.5470417e-07
  -8.5611750e-07
  -8.5751020e-07
  -8.5888212e-07
  -8.6023315e-07
  -8.6156315e-07
  -8.6287198e-07
  -8.6415950e-07
  -8.6542560e-07
  -8.6667013e-07
  -8.6789297e-07
  -8.6909399e-07
  -8.7027306e-07
  -8.7143005e-07
  -8.7256482e-07
  -8.7367726e-07
  -8.7476724e-07
  -8.7583464e-07
  -8.7687932e-07
  -8.7790116e-07
  -8.7890004e-07
  -8.7987585e-07
  -8.8082844e-07
  -8.8175772e-07
  -8.8266355e-07
  -8.8354581e-07
  -8.8440439e-07
  -8.8523918e-07
  -8.8605005e-07
  -8.8683688e-07
  -8.8759958e-07
  -8.8833801e-07
  -8.8905208e-07
  -8.8974166e-07
  -8.9040665e-07
  -8.9104694e-07
  -8.9166242e-07
  -8.9225299e-07
  -8.9281853e-07
  -8.9335895e-07
  -8.9387413e-07
  -8.9436399e-07
  -8.9482840e-07
  -8.9526729e-07
  -8.9568054e-07
  -8.9606806e-07
  -8.9642975e-07
  -8.9676552e-07
  -8.9707527e-07
  -8.9735892e-07
  -8.9761636e-07
  -8.9784752e-07
  -8.9805230e-07
  -8.9823061e-07
  -8.9838236e-07
  -8.9850749e-07
  -8.9860589e-07
  -8.9867749e-07
  -8.9872221e-07
  -8.9873996e-07
  -8.9873068e-07
  -8.9869429e-07
  -8.9863071e-07
  -8.9853986e-07
  -8.9842168e-07
  -8.9827610e-07
  -8.9810305e-07
  -8.9790245e-07
  -8.9767425e-07
  -8.9741839e-07
  -8.9713479e-07
  -8.9682340e-07
  -8.9648416e-07
  -8.9611701e-07
  -8.9572190e-07
  -8.9529877e-07
  -8.9484757e-07
  -8.9436824e-07
  -8.9386074e-07
  -8.9332503e-07
  -8.9276104e-07
  -8.9216875e-07
  -8.9154810e-07
  -8.9089906e-07
  -8.9022158e-07
  -8.8951563e-07
  -8.8878118e-07
  -8.8801818e-07
  -8.8722660e-07
  -8.8640643e-07
  -8.8555761e-07
  -8.8468014e-07
  -8.8377398e-07
  -8.8283910e-07
  -8.8187549e-07
  -8.8088313e-07
  -8.7986200e-07
  -8.7881207e-07
  -8.7773334e-07
  -8.7662579e-07
  -8.7548942e-07
  -8.7432420e-07
  -8.7313014e-07
  -8.7190722e-07
  -8.7065544e-07
  -8.6937481e-07
  -8.6806531e-07
  -8.6672695e-07
  -8.6535974e-07
  -8.6396367e-07
  -8.6253875e-07
  -8.6108500e-07
  -8.5960241e-07
  -8.5809101e-07
  -8.5655081e-07
  -8.5498181e-07
  -8.5338405e-07
  -8.5175753e-07
  -8.5010228e-07
  -8.4841832e-07
  -8.4670567e-07
  -8.4496436e-07
  -8.4319442e-07
  -8.4139588e-07
  -8.3956877e-07
  -8.3771311e-07
  -8.3582895e-07
  -8.3391633e-07
  -8.3197527e-07
  -8.3000583e-07
  -8.2800803e-07
  -8.2598193e-07
  -8.2392757e-07
  -8.2184500e-07
  -8.1973426e-07
  -8.1759540e-07
  -8.1542849e-07
  -8.1323356e-07
  -8.1101067e-07
  -8.0875989e-07
  -8.0648127e-07
  -8.0417487e-07
  -8.0184075e-07
  -7.9947898e-07
  -7.9708961e-07
  -7.9467272e-07
  -7.9222838e-07
  -7.8975665e-07
  -7.8725761e-07
  -7.8473132e-07
  -7.8217786e-07
  -7.7959732e-07
  -7.7698976e-07
  -7.7435526e-07
  -7.7169391e-07
  -7.6900578e-07
  -7.6629096e-07
  -7.6354954e-07
  -7.6078160e-07
  -7.5798723e-07
  -7.5516651e-07
  -7.5231954e-07
  -7.4944641e-07
  -7.4654722e-07
  -7.4362205e-07
  -7.4067100e-07
  -7.3769418e-07
  -7.3469167e-07
  -7.3166359e-07
  -7.2861002e-07
  -7.2553108e-07
  -7.2242686e-07
  -7.1929748e-07
  -7.1614303e-07
  -7.1296363e-07
  -7.0975938e-07
  -7.0653040e-07
  -7.0327679e-07
  -6.9999867e-07
  -6.9669614e-07
  -6.9336933e-07
  -6.9001835e-07
  -6.8664332e-07
  -6.8324435e-07
  -6.7982157e-07
  -6.7637508e-07
  -6.7290502e-07
  -6.6941150e-07
  -6.6589466e-07
  -6.6235460e-07
  -6.5879146e-07
  -6.5520536e-07
  -6.5159642e-07
  -6.4796478e-07
  -6.4431057e-07
  -6.4063391e-07
  -6.3693493e-07
  -6.3321376e-07
  -6.2947054e-07
  -6.2570540e-07
  -6.2191846e-07
  -6.1810987e-07
  -6.1427976e-07
  -6.1042827e-07
  -6.0655552e-07
  -6.0266166e-07
  -5.9874683e-07
  -5.9481115e-07
  -5.9085478e-07
  -5.8687785e-07
  -5.8288050e-07
  -5.7886287e-07
  -5.7482510e-07
  -5.7076734e-07
  -5.6668972e-07
  -5.6259239e-07
  -5.5847550e-07
  -5.5433917e-07
  -5.5018357e-07
  -5.4600883e-07
  -5.4181510e-07
  -5.3760252e-07
  -5.3337124e-07
  -5.2912141e-07
  -5.2485317e-07
  -5.2056667e-07
  -5.1626205e-07
  -5.1193947e-07
  -5.0759907e-07
  -5.0324100e-07
  -4.9886540e-07
  -4.9447243e-07
  -4.9006224e-07
  -4.8563496e-07
  -4.8119076e-07
  -4.7672979e-07
  -4.7225218e-07
  -4.6775809e-07
  -4.6324767e-07
  -4.5872108e-07
  -4.5417845e-07
  -4.4961994e-07
  -4.4504570e-07
  -4.4045588e-07
  -4.3585063e-07
  -4.3123010e-07
  -4.2659444e-07
  -4.2194380e-07
  -4.1727833e-07
  -4.1259818e-07
  -4.0790349e-07
  -4.0319443e-07
  -3.9847114e-07
  -3.9373377e-07
  -3.8898246e-07
  -3.8421737e-07
  -3.7943865e-07
  -3.7464645e-07
  -3.6984091e-07
  -3.6502219e-07
  -3.6019043e-07
  -3.5534578e-07
  -3.5048839e-07
  -3.4561841e-07
  -3.4073599e-07
  -3.3584126e-07
  -3.3093439e-07
  -3.2601551e-07
  -3.2108478e-07
  -3.1614234e-07
  -3.1118833e-07
  -3.0622290e-07
  -3.0124621e-07
  -2.9625838e-07
  -2.9125957e-07
  -2.8624992e-07
  -2.8122958e-07
  -2.7619868e-07
  -2.7115737e-07
  -2.6610580e-07
  -2.6104411e-07
  -2.5597243e-07
  -2.5089092e-07
  -2.4579970e-07
  -2.4069893e-07
  -2.3558874e-07
  -2.3046926e-07
  -2.2534065e-07
  -2.2020304e-07
  -2.1505656e-07
  -2.0990136e-07
  -2.0473757e-07
  -1.9956533e-07
  -1.9438477e-07
  -1.8919603e-07
  -1.8399924e-07
  -1.7879455e-07
  -1.7358207e-07
  -1.6836195e-07
  -1.6313432e-07
  -1.5789931e-07
  -1.5265706e-07
  -1.4740768e-07
  -1.4215132e-07
  -1.3688811e-07
  -1.3161816e-07
  -1.2634162e-07
  -1.2105860e-07
  -1.1576924e-07
  -1.1047366e-07
  -1.0517199e-07
  -9.9864350e-08
  -9.4550871e-08
  -8.9231673e-08
  -8.3906881e-08
  -7.8576617e-08
  -7.3241002e-08
  -6.7900159e-08
  -6.2554208e-08
  -5.7203268e-08
  -5.1847459e-08
  -4.6486901e-08
  -4.1121709e-08
  -3.5752002e-08
  -3.0377897e-08
  -2.4999508e-08
  -1.9616951e-08
  -1.4230340e-08
  -8.8397900e-09
  -3.4454124e-09
   1.9526800e-09
   7.3543758e-09
   1.2759564e-08
   1.8168135e-08
   2.3579979e-08
   2.8994988e-08
   3.4413053e-08
   3.9834068e-08
   4.5257927e-08
   5.0684522e-08
   5.6113751e-08
   6.1545507e-08
   6.6979689e-08
   7.2416193e-08
   7.7854917e-08
   8.3295760e-08
   8.8738621e-08
   9.4183401e-08
   9.9630001e-08
   1.0507832e-07
   1.1052827e-07
   1.1597974e-07
   1.2143264e-07
   1.2688688e-07
   1.3234236e-07
   1.3779899e-07
   1.4325667e-07
   1.4871531e-07
   1.5417483e-07
   1.5963512e-07
   1.6509611e-07
   1.7055769e-07
   1.7601978e-07
   1.8148230e-07
   1.8694516e-07
   1.9240826e-07
   1.9787153e-07
   2.0333488e-07
   2.0879822e-07
   2.1426147e-07
   2.1972456e-07
   2.2518739e-07
   2.3064989e-07
   2.3611197e-07
   2.4157355e-07
   2.4703457e-07
   2.5249493e-07
   2.5795456e-07
   2.6341338e-07
   2.6887132e-07
   2.7432830e-07
   2.7978425e-07
   2.8523909e-07
   2.9069275e-07
   2.9614516e-07
   3.0159624e-07
   3.0704593e-07
   3.1249414e-07
   3.1794082e-07
   3.2338589e-07
   3.2882929e-07
   3.3427095e-07
   3.3971079e-07
   3.4514876e-07
   3.5058478e-07
   3.5601880e-07
   3.6145075e-07
   3.6688056e-07
   3.7230817e-07
   3.7773352e-07
   3.8315655e-07
   3.8857720e-07
   3.9399540e-07
   3.9941109e-07
   4.0482423e-07
   4.1023474e-07
   4.1564257e-07
   4.2104767e-07
   4.2644997e-07
   4.3184942e-07
   4.3724597e-07
   4.4263956e-07
   4.4803014e-07
   4.5341765e-07
   4.5880204e-07
   4.6418326e-07
   4.6956126e-07
   4.7493598e-07
   4.8030738e-07
   4.8567541e-07
   4.9104001e-07
   4.9640114e-07
   5.0175875e-07
   5.0711279e-07
   5.1246322e-07
   5.1780999e-07
   5.2315306e-07
   5.2849237e-07
   5.3382789e-07
   5.3915957e-07
   5.4448737e-07
   5.4981124e-07
   5.5513115e-07
   5.6044705e-07
   5.6575889e-07
   5.7106665e-07
   5.7637028e-07
   5.8166973e-07
   5.8696498e-07
   5.9225598e-07
   5.9754269e-07
   6.0282508e-07
   6.0810311e-07
   6.1337675e-07
   6.1864595e-07
   6.2391069e-07
   6.2917093e-07
   6.3442662e-07
   6.3967775e-07
   6.4492428e-07
   6.5016617e-07
   6.5540339e-07
   6.6063591e-07
   6.6586370e-07
   6.7108673e-07
   6.7630497e-07
   6.8151838e-07
   6.8672694e-07
   6.9193062e-07
   6.9712939e-07
   7.0232322e-07
   7.0751208e-07
   7.1269596e-07
   7.1787481e-07
   7.2304862e-07
   7.2821736e-07
   7.3338099e-07
   7.3853951e-07
   7.4369288e-07
   7.4884108e-07
   7.5398409e-07
   7.5912188e-07
   7.6425443e-07
   7.6938171e-07
   7.7450371e-07
   7.7962040e-07
   7.8473177e-07
   7.8983778e-07
   7.9493843e-07
   8.0003368e-07
   8.0512353e-07
   8.1020795e-07
   8.1528692e-07
   8.2036042e-07
   8.2542844e-07
   8.3049096e-07
   8.3554796e-07
   8.4059942e-07
   8.4564533e-07
   8.5068567e-07
   8.5572042e-07
   8.6074957e-07
   8.6577310e-07
   8.7079100e-07
   8.7580326e-07
   8.8080985e-07
   8.8581077e-07
   8.9080600e-07
   8.9579553e-07
   9.0077934e-07
   9.0575743e-07
   9.1072977e-07
   9.1569637e-07
   9.2065720e-07
   9.2561225e-07
   9.3056152e-07
   9.3550499e-07
   9.4044265e-07
   9.4537450e-07
   9.5030052e-07
   9.5522070e-07
   9.6013503e-07
   9.6504351e-07
   9.6994612e-07
   9.7484286e-07
   9.7973372e-07
   9.8461869e-07
   9.8949776e-07
   9.9437093e-07
   9.9923818e-07
   1.0040995e-06
   1.0089549e-06
   1.0138044e-06
   1.0186480e-06
   1.0234856e-06
   1.0283172e-06
   1.0331429e-06
   1.0379626e-06
   1.0427764e-06
   1.0475842e-06
   1.0523860e-06
   1.0571819e-06
   1.0619718e-06
   1.0667557e-06
   1.0715336e-06
   1.0763055e-06
   1.0810714e-06
   1.0858313e-06
   1.0905852e-06
   1.0953331e-06
   1.1000750e-06
   1.1048109e-06
   1.1095408e-06
   1.1142647e-06
   1.1189825e-06
   1.1236944e-06
   1.1284002e-06
   1.1331000e-06
   1.1377938e-06
   1.1424816e-06
   1.1471634e-06
   1.1518392e-06
   1.1565089e-06
   1.1611727e-06
   1.1658304e-06
   1.1704821e-06
   1.1751278e-06
   1.1797674e-06
   1.1844011e-06
   1.1890288e-06
   1.1936504e-06
   1.1982660e-06
   1.2028757e-06
   1.2074793e-06
   1.2120770e-06
   1.2166686e-06
   1.2212542e-06
   1.2258339e-06
   1.2304075e-06
   1.2349752e-06
   1.2395369e-06
   1.2440926e-06
   1.2486424e-06
   1.2531861e-06
   1.2577239e-06
   1.2622557e-06
   1.2667816e-06
   1.2713015e-06
   1.2758155e-06
   1.2803235e-06
   1.2848255e-06
   1.2893216e-06
   1.2938118e-06
   1.2982961e-06
   1.3027744e-06
   1.3072468e-06
   1.3117133e-06
   1.3161739e-06
   1.3206286e-06
   1.3250774e-06
   1.3295202e-06
   1.3339572e-06
   1.3383884e-06
   1.3428136e-06
   1.3472330e-06
   1.3516465e-06
   1.3560542e-06
   1.3604560e-06
   1.3648519e-06
   1.3692421e-06
   1.3736264e-06
   1.3780048e-06
   1.3823775e-06
   1.3867444e-06
   1.3911054e-06
   1.3954607e-06
   1.3998101e-06
   1.4041538e-06
   1.4084917e-06
   1.4128239e-06
   1.4171503e-06
   1.4214709e-06
   1.4257858e-06
   1.4300950e-06
   1.4343984e-06
   1.4386962e-06
   1.4429882e-06
   1.4472745e-06
   1.4515551e-06
   1.4558300e-06
   1.4600993e-06
   1.4643629e-06
   1.4686208e-06
   1.4728731e-06
   1.4771198e-06
   1.4813608e-06
   1.4855961e-06
   1.4898259e-06
   1.4940501e-06
   1.4982686e-06
   1.5024816e-06
   1.5066890e-06
   1.5108908e-06
   1.5150871e-06
   1.5192778e-06
   1.5234630e-06
   1.5276426e-06
   1.5318167e-06
   1.5359853e-06
   1.5401484e-06
   1.5443060e-06
   1.5484581e-06
   1.5526048e-06
   1.5567459e-06
   1.5608817e-06
   1.5650119e-06
   1.5691368e-06
   1.5732562e-06
   1.5773702e-06
   1.5814788e-06
   1.5855820e-06
   1.5896798e-06
   1.5937722e-06
   1.5978593e-06
   1.6019410e-06
   1.6060173e-06
   1.6100884e-06
   1.6141541e-06
   1.6182145e-06
   1.6222696e-06
   1.6263194e-06
   1.6303639e-06
   1.6344031e-06
   1.6384371e-06
   1.6424659e-06
   1.6464893e-06
   1.6505076e-06
   1.6545207e-06
   1.6585285e-06
   1.6625311e-06
   1.6665286e-06
   1.6705209e-06
   1.6745080e-06
   1.6784899e-06
   1.6824667e-06
   1.6864384e-06
   1.6904050e-06
   1.6943664e-06
   1.6983228e-06
   1.7022740e-06
   1.7062202e-06
   1.7101613e-06
   1.7140974e-06
   1.7180284e-06
   1.7219544e-06
   1.7258753e-06
   1.7297913e-06
   1.7337022e-06
   1.7376082e-06
   1.7415091e-06
   1.7454051e-06
   1.7492962e-06
   1.7531823e-06
   1.7570635e-06
   1.7609397e-06
   1.7648111e-06
   1.7686775e-06
   1.7725390e-06
   1.7763957e-06
   1.7802475e-06
   1.7840945e-06
   1.7879366e-06
   1.7917738e-06
   1.7956063e-06
   1.7994339e-06
   1.8032568e-06
   1.8070748e-06
   1.8108881e-06
   1.8146966e-06
   1.8185004e-06
   1.8222994e-06
   1.8260937e-06
   1.8298832e-06
   1.8336681e-06
   1.8374482e-06
   1.8412237e-06
   1.8449945e-06
   1.8487606e-06
   1.8525221e-06
   1.8562789e-06
   1.8600311e-06
   1.8637787e-06
   1.8675217e-06
   1.8712601e-06
   1.8749939e-06
   1.8787231e-06
   1.8824478e-06
   1.8861679e-06
   1.8898835e-06
   1.8935945e-06
   1.8973011e-06
   1.9010031e-06
   1.9047006e-06
   1.9083937e-06
   1.9120823e-06
   1.9157664e-06
   1.9194461e-06
   1.9231213e-06
   1.9267921e-06
   1.9304585e-06
   1.9341205e-06
   1.9377781e-06
   1.9414313e-06
   1.9450802e-06
   1.9487247e-06
   1.9523648e-06
   1.9560006e-06
   1.9596321e-06
   1.9632593e-06
   1.9668821e-06
   1.9705007e-06
   1.9741150e-06
   1.9777250e-06
   1.9813308e-06
   1.9849323e-06
   1.9885296e-06
   1.9921226e-06
   1.9957115e-06
   1.9992961e-06
   2.0028766e-06
   2.0064528e-06
   2.0100249e-06
   2.0135929e-06
   2.0171567e-06
   2.0207163e-06
   2.0242719e-06
   2.0278233e-06
   2.0313706e-06
   2.0349138e-06
   2.0384530e-06
   2.0419881e-06
   2.0455191e-06
   2.0490460e-06
   2.0525690e-06
   2.0560879e-06
   2.0596028e-06
   2.0631137e-06
   2.0666205e-06
   2.0701235e-06
   2.0736224e-06
   2.0771174e-06
   2.0806084e-06
   2.0840955e-06
   2.0875786e-06
   2.0910579e-06
   2.0945332e-06
   2.0980046e-06
   2.1014722e-06
   2.1049358e-06
   2.1083957e-06
   2.1118516e-06
   2.1153037e-06
   2.1187520e-06
   2.1221965e-06
   2.1256371e-06
   2.1290739e-06
   2.1325070e-06
   2.1359363e-06
   2.1393618e-06
   2.1427835e-06
   2.1462015e-06
   2.1496158e-06
   2.1530263e-06
   2.1564331e-06
   2.1598362e-06
   2.1632356e-06
   2.1666314e-06
   2.1700234e-06
   2.1734118e-06
   2.1767965e-06
   2.1801776e-06
   2.1835551e-06
   2.1869289e-06
   2.1902991e-06
   2.1936657e-06
   2.1970288e-06
   2.2003882e-06
   2.2037441e-06
   2.2070964e-06
   2.2104451e-06
   2.2137903e-06
   2.2171320e-06
   2.2204702e-06
   2.2238048e-06
   2.2271359e-06
   2.2304636e-06
   2.2337878e-06
   2.2371084e-06
   2.2404257e-06
   2.2437395e-06
   2.2470498e-06
   2.2503567e-06
   2.2536602e-06
   2.2569603e-06
   2.2602569e-06
   2.2635502e-06
   2.2668401e-06
   2.2701266e-06
   2.2734098e-06
   2.2766896e-06
   2.2799661e-06
   2.2832392e-06
   2.2865090e-06
   2.2897755e-06
   2.2930387e-06
   2.2962986e-06
   2.2995552e-06
   2.3028085e-06
   2.3060586e-06
   2.3093054e-06
   2.3125489e-06
   2.3157892e-06
   2.3190263e-06
   2.3222602e-06
   2.3254909e-06
   2.3287183e-06
   2.3319426e-06
   2.3351637e-06
   2.3383816e-06
   2.3415964e-06
   2.3448080e-06
   2.3480164e-06
   2.3512217e-06
   2.3544239e-06
   2.3576230e-06
   2.3608190e-06
   2.3640119e-06
   2.3672017e-06
   2.3703884e-06
   2.3735720e-06
   2.3767526e-06
   2.3799301e-06
   2.3831046e-06
   2.3862760e-06
   2.3894445e-06
   2.3926099e-06
   2.3957723e-06
   2.3989317e-06
   2.4020881e-06
   2.4052415e-06
   2.4083920e-06
   2.4115395e-06
   2.4146840e-06
   2.4178256e-06
   2.4209643e-06
   2.4241000e-06
   2.4272328e-06
   2.4303628e-06
   2.4334898e-06
   2.4366139e-06
   2.4397351e-06
   2.4428535e-06
   2.4459690e-06
   2.4490816e-06
   2.4521914e-06
   2.4552983e-06
   2.4584025e-06
   2.4615037e-06
   2.4646022e-06
   2.4676979e-06
   2.4707908e-06
   2.4738809e-06
   2.4769682e-06
   2.4800527e-06
   2.4831345e-06
   2.4862135e-06
   2.4892897e-06
   2.4923633e-06
   2.4954341e-06
   2.4985021e-06
   2.5015675e-06
   2.5046301e-06
   2.5076901e-06
   2.5107474e-06
   2.5138019e-06
   2.5168539e-06
   2.5199031e-06
   2.5229497e-06
   2.5259936e-06
   2.5290349e-06
   2.5320736e-06
   2.5351097e-06
   2.5381431e-06
   2.5411739e-06
   2.5442021e-06
   2.5472278e-06
   2.5502508e-06
   2.5532713e-06
   2.5562892e-06
   2.5593045e-06
   2.5623173e-06
   2.5653275e-06
   2.5683352e-06
   2.5713404e-06
   2.5743431e-06
   2.5773432e-06
   2.5803408e-06
   2.5833360e-06
   2.5863286e-06
   2.5893188e-06
   2.5923064e-06
   2.5952917e-06
   2.5982744e-06
   2.6012547e-06
   2.6042326e-06
   2.6072080e-06
   2.6101810e-06
   2.6131516e-06
   2.6161197e-06
   2.6190855e-06
   2.6220488e-06
   2.6250098e-06
   2.6279683e-06
   2.6309245e-06
   2.6338783e-06
   2.6368298e-06
   2.6397789e-06
   2.6427256e-06
   2.6456700e-06
   2.6486121e-06
   2.6515519e-06
   2.6544893e-06
   2.6574244e-06
   2.6603572e-06
   2.6632878e-06
   2.6662160e-06
   2.6691419e-06
   2.6720656e-06
   2.6749870e-06
   2.6779061e-06
   2.6808230e-06
   2.6837376e-06
   2.6866500e-06
   2.6895602e-06
   2.6924681e-06
   2.6953738e-06
   2.6982773e-06
   2.7011786e-06
   2.7040777e-06
   2.7069746e-06
   2.7098693e-06
   2.7127618e-06
   2.7156522e-06
   2.7185404e-06
   2.7214264e-06
   2.7243103e-06
   2.7271920e-06
   2.7300716e-06
   2.7329491e-06
   2.7358244e-06
   2.7386977e-06
   2.7415688e-06
   2.7444378e-06
   2.7473047e-06
   2.7501695e-06
   2.7530323e-06
   2.7558929e-06
   2.7587515e-06
   2.7616080e-06
   2.7644625e-06
   2.7673149e-06
   2.7701653e-06
   2.7730136e-06
   2.7758599e-06
   2.7787041e-06
   2.7815464e-06
   2.7843866e-06
   2.7872248e-06
   2.7900611e-06
   2.7928953e-06
   2.7957275e-06
   2.7985578e-06
   2.8013861e-06
   2.8042124e-06
   2.8070367e-06
   2.8098591e-06
   2.8126795e-06
   2.8154980e-06
   2.8183146e-06
   2.8211292e-06
   2.8239419e-06
   2.8267527e-06
   2.8295616e-06
   2.8323685e-06
   2.8351736e-06
   2.8379767e-06
   2.8407780e-06
   2.8435774e-06
   2.8463749e-06
   2.8491705e-06
   2.8519643e-06
   2.8547562e-06
   2.8575462e-06
   2.8603344e-06
   2.8631208e-06
   2.8659053e-06
   2.8686880e-06
   2.8714689e-06
   2.8742479e-06
   2.8770252e-06
   2.8798006e-06
   2.8825742e-06
   2.8853461e-06
   2.8881161e-06
   2.8908844e-06
   2.8936508e-06
   2.8964155e-06
   2.8991785e-06
   2.9019397e-06
   2.9046991e-06
   2.9074567e-06
   2.9102127e-06
   2.9129669e-06
   2.9157193e-06
   2.9184700e-06
   2.9212190e-06
   2.9239663e-06
   2.9267119e-06
   2.9294558e-06
   2.9321979e-06
   2.9349384e-06
   2.9376772e-06
   2.9404143e-06
   2.9431497e-06
   2.9458834e-06
   2.9486155e-06
   2.9513459e-06
   2.9540747e-06
   2.9568018e-06
   2.9595272e-06
   2.9622510e-06
   2.9649732e-06
   2.9676938e-06
   2.9704127e-06
   2.9731300e-06
   2.9758457e-06
   2.9785598e-06
   2.9812722e-06
   2.9839831e-06
   2.9866924e-06
   2.9894001e-06
   2.9921062e-06
   2.9948107e-06
   2.9975136e-06
   3.0002150e-06
   3.0029148e-06
   3.0056131e-06
   3.0083098e-06
   3.0110049e-06
   3.0136986e-06
   3.0163906e-06
   3.0190812e-06
   3.0217702e-06
   3.0244577e-06
   3.0271436e-06
   3.0298281e-06
   3.0325110e-06
   3.0351925e-06
   3.0378724e-06
   3.0405508e-06
   3.0432278e-06
   3.0459033e-06
   3.0485773e-06
   3.0512498e-06
   3.0539208e-06
   3.0565904e-06
   3.0592585e-06
   3.0619252e-06
   3.0645904e-06
   3.0672542e-06
   3.0699165e-06
   3.0725774e-06
   3.0752368e-06
   3.0778948e-06
   3.0805514e-06
   3.0832066e-06
   3.0858604e-06
   3.0885127e-06
   3.0911637e-06
   3.0938132e-06
   3.0964614e-06
   3.0991081e-06
   3.1017535e-06
   3.1043975e-06
   3.1070401e-06
   3.1096814e-06
   3.1123212e-06
   3.1149598e-06
   3.1175969e-06
   3.1202327e-06
   3.1228671e-06
   3.1255002e-06
   3.1281320e-06
   3.1307624e-06
   3.1333915e-06
   3.1360192e-06
   3.1386457e-06
   3.1412708e-06
   3.1438946e-06
   3.1465171e-06
   3.1491382e-06
   3.1517581e-06
   3.1543767e-06
   3.1569939e-06
   3.1596099e-06
   3.1622246e-06
   3.1648380e-06
   3.1674502e-06
   3.1700610e-06
   3.1726706e-06
   3.1752790e-06
   3.1778860e-06
   3.1804918e-06
   3.1830964e-06
   3.1856997e-06
   3.1883018e-06
   3.1909026e-06
   3.1935022e-06
   3.1961005e-06
   3.1986977e-06
   3.2012936e-06
   3.2038882e-06
   3.2064817e-06
   3.2090740e-06
   3.2116650e-06
   3.2142548e-06
   3.2168435e-06
   3.2194309e-06
   3.2220172e-06
   3.2246022e-06
   3.2271861e-06
   3.2297688e-06
   3.2323503e-06
   3.2349307e-06
   3.2375098e-06
   3.2400878e-06
   3.2426647e-06
   3.2452404e-06
   3.2478149e-06
   3.2503883e-06
   3.2529605e-06
   3.2555316e-06
   3.2581016e-06
   3.2606704e-06
   3.2632381e-06
   3.2658047e-06
   3.2683701e-06
   3.2709344e-06
   3.2734976e-06
   3.2760597e-06
   3.2786207e-06
   3.2811806e-06
   3.2837393e-06
   3.2862970e-06
   3.2888536e-06
   3.2914091e-06
   3.2939635e-06
   3.2965168e-06
   3.2990690e-06
   3.3016202e-06
   3.3041703e-06
   3.3067193e-06
   3.3092673e-06
   3.3118142e-06
   3.3143600e-06
   3.3169048e-06
   3.3194485e-06
   3.3219912e-06
   3.3245328e-06
   3.3270734e-06
   3.3296129e-06
   3.3321515e-06
   3.3346889e-06
   3.3372254e-06
   3.3397608e-06
   3.3422953e-06
   3.3448286e-06
   3.3473610e-06
   3.3498924e-06
   3.3524228e-06
   3.3549521e-06
   3.3574805e-06
   3.3600078e-06
   3.3625342e-06
   3.3650596e-06
   3.3675840e-06
   3.3701074e-06
   3.3726298e-06
   3.3751513e-06
   3.3776717e-06
   3.3801912e-06
   3.3827098e-06
   3.3852273e-06
   3.3877439e-06
   3.3902596e-06
   3.3927743e-06
   3.3952880e-06
   3.3978008e-06
   3.4003127e-06
   3.4028236e-06
   3.4053335e-06
   3.4078426e-06
   3.4103506e-06
   3.4128578e-06
   3.4153641e-06
   3.4178694e-06
   3.4203738e-06
   3.4228772e-06
   3.4253798e-06
   3.4278815e-06
   3.4303822e-06
   3.4328820e-06
   3.4353810e-06
   3.4378790e-06
   3.4403761e-06
   3.4428724e-06
   3.4453677e-06
   3.4478622e-06
   3.4503558e-06
   3.4528485e-06
   3.4553403e-06
   3.4578313e-06
   3.4603214e-06
   3.4628106e-06
   3.4652989e-06
   3.4677864e-06
   3.4702730e-06
   3.4727587e-06
   3.4752436e-06
   3.4777277e-06
   3.4802109e-06
   3.4826932e-06
   3.4851748e-06
   3.4876554e-06
   3.4901353e-06
   3.4926143e-06
   3.4950924e-06
   3.4975697e-06
   3.5000463e-06
   3.5025219e-06
   3.5049968e-06
   3.5074708e-06
   3.5099441e-06
   3.5124165e-06
   3.5148881e-06
   3.5173589e-06
   3.5198289e-06
   3.5222980e-06
   3.5247664e-06
   3.5272340e-06
   3.5297008e-06
   3.5321668e-06
   3.5346320e-06
   3.5370965e-06
   3.5395601e-06
   3.5420230e-06
   3.5444851e-06
   3.5469464e-06
   3.5494069e-06
   3.5518667e-06
   3.5543257e-06
   3.5567839e-06
   3.5592414e-06
   3.5616981e-06
   3.5641540e-06
   3.5666092e-06
   3.5690637e-06
   3.5715174e-06
   3.5739703e-06
   3.5764225e-06
   3.5788740e-06
   3.5813247e-06
   3.5837747e-06
   3.5862239e-06
   3.5886725e-06
   3.5911202e-06
   3.5935673e-06
   3.5960136e-06
   3.5984592e-06
   3.6009041e-06
   3.6033483e-06
   3.6057918e-06
   3.6082345e-06
   3.6106766e-06
   3.6131179e-06
   3.6155585e-06
   3.6179984e-06
   3.6204376e-06
   3.6228762e-06
   3.6253140e-06
   3.6277511e-06
   3.6301875e-06
   3.6326233e-06
   3.6350583e-06
   3.6374927e-06
   3.6399264e-06
   3.6423594e-06
   3.6447918e-06
   3.6472234e-06
   3.6496544e-06
   3.6520847e-06
   3.6545144e-06
   3.6569434e-06
   3.6593717e-06
   3.6617994e-06
   3.6642264e-06
   3.6666527e-06
   3.6690784e-06
   3.6715034e-06
   3.6739278e-06
   3.6763515e-06
   3.6787746e-06
   3.6811971e-06
   3.6836189e-06
   3.6860401e-06
   3.6884606e-06
   3.6908805e-06
   3.6932997e-06
   3.6957184e-06
   3.6981364e-06
   3.7005537e-06
   3.7029705e-06
   3.7053866e-06
   3.7078021e-06
   3.7102170e-06
   3.7126313e-06
   3.7150449e-06
   3.7174580e-06
   3.7198704e-06
   3.7222823e-06
   3.7246935e-06
   3.7271041e-06
   3.7295141e-06
   3.7319236e-06
   3.7343324e-06
   3.7367406e-06
   3.7391482e-06
   3.7415553e-06
   3.7439617e-06
   3.7463676e-06
   3.7487729e-06
   3.7511776e-06
   3.7535817e-06
   3.7559852e-06
   3.7583882e-06
   3.7607906e-06
   3.7631924e-06
   3.7655937e-06
   3.7679943e-06
   3.7703944e-06
   3.7727940e-06
   3.7751929e-06
   3.7775914e-06
   3.7799892e-06
   3.7823865e-06
   3.7847833e-06
   3.7871794e-06
   3.7895751e-06
   3.7919702e-06
   3.7943647e-06
   3.7967587e-06
   3.7991521e-06
   3.8015450e-06
   3.8039374e-06
   3.8063292e-06
   3.8087205e-06
   3.8111113e-06
   3.8135015e-06
   3.8158912e-06
   3.8182803e-06
   3.8206689e-06
   3.8230570e-06
   3.8254446e-06
   3.8278317e-06
   3.8302182e-06
   3.8326042e-06
   3.8349897e-06
   3.8373747e-06
   3.8397592e-06
   3.8421431e-06
   3.8445266e-06
   3.8469095e-06
   3.8492919e-06
   3.8516739e-06
   3.8540553e-06
   3.8564362e-06
   3.8588166e-06
   3.8611966e-06
   3.8635760e-06
   3.8659549e-06
   3.8683334e-06
   3.8707113e-06
   3.8730888e-06
   3.8754657e-06
   3.8778422e-06
   3.8802182e-06
   3.8825937e-06
   3.8849688e-06
   3.8873433e-06
   3.8897174e-06
   3.8920910e-06
   3.8944641e-06
   3.8968368e-06
   3.8992090e-06
   3.9015807e-06
   3.9039520e-06
   3.9063227e-06
   3.9086930e-06
   3.9110629e-06
   3.9134323e-06
   3.9158012e-06
   3.9181697e-06
   3.9205377e-06
   3.9229053e-06
   3.9252724e-06
   3.9276390e-06
   3.9300052e-06
   3.9323710e-06
   3.9347363e-06
   3.9371011e-06
   3.9394656e-06
   3.9418295e-06
   3.9441931e-06
   3.9465562e-06
   3.9489188e-06
   3.9512810e-06
   3.9536428e-06
   3.9560042e-06
   3.9583651e-06
   3.9607256e-06
   3.9630856e-06
   3.9654452e-06
   3.9678044e-06
   3.9701632e-06
   3.9725216e-06
   3.9748795e-06
   3.9772370e-06
   3.9795941e-06
   3.9819508e-06
   3.9843070e-06
   3.9866629e-06
   3.9890183e-06
   3.9913733e-06
   3.9937279e-06
   3.9960821e-06
   3.9984359e-06
   4.0007893e-06
