   4.2817057e+08
   3.2172087e+08
   2.4783017e+08
   1.9494343e+08
   1.5609732e+08
   1.2692489e+08
   1.0459280e+08
   8.7207990e+07
   7.3472864e+07
   6.2477732e+07
   5.3571992e+07
   4.6281962e+07
   4.0257203e+07
   3.5234676e+07
   3.1014326e+07
   2.7442171e+07
   2.4398382e+07
   2.1788759e+07
   1.9538559e+07
   1.7587967e+07
   1.5888724e+07
   1.4401608e+07
   1.3094520e+07
   1.1941016e+07
   1.0919181e+07
   1.0010749e+07
   9.2004109e+06
   8.4752736e+06
   7.8244250e+06
   7.2385882e+06
   6.7098427e+06
   6.2313984e+06
   5.7974116e+06
   5.4028352e+06
   5.0432940e+06
   4.7149832e+06
   4.4145834e+06
   4.1391898e+06
   3.8862527e+06
   3.6535286e+06
   3.4390373e+06
   3.2410272e+06
   3.0579448e+06
   2.8884089e+06
   2.7311892e+06
   2.5851868e+06
   2.4494186e+06
   2.3230031e+06
   2.2051482e+06
   2.0951412e+06
   1.9923394e+06
   1.8961621e+06
   1.8060840e+06
   1.7216291e+06
   1.6423651e+06
   1.5678991e+06
   1.4978733e+06
   1.4319615e+06
   1.3698659e+06
   1.3113141e+06
   1.2560568e+06
   1.2038653e+06
   1.1545298e+06
   1.1078576e+06
   1.0636712e+06
   1.0218073e+06
   9.8211510e+05
   9.4445560e+05
   9.0870024e+05
   8.7473011e+05
   8.4243512e+05
   8.1171321e+05
   7.8246971e+05
   7.5461670e+05
   7.2807245e+05
   7.0276096e+05
   6.7861143e+05
   6.5555792e+05
   6.3353890e+05
   6.1249696e+05
   5.9237847e+05
   5.7313328e+05
   5.5471450e+05
   5.3707820e+05
   5.2018325e+05
   5.0399108e+05
   4.8846549e+05
   4.7357251e+05
   4.5928023e+05
   4.4555863e+05
   4.3237951e+05
   4.1971629e+05
   4.0754396e+05
   3.9583895e+05
   3.8457902e+05
   3.7374320e+05
   3.6331170e+05
   3.5326582e+05
   3.4358789e+05
   3.3426121e+05
   3.2526997e+05
   3.1659921e+05
   3.0823477e+05
   3.0016323e+05
   2.9237187e+05
   2.8484863e+05
   2.7758207e+05
   2.7056131e+05
   2.6377606e+05
   2.5721650e+05
   2.5087332e+05
   2.4473766e+05
   2.3880110e+05
   2.3305563e+05
   2.2749360e+05
   2.2210775e+05
   2.1689115e+05
   2.1183720e+05
   2.0693960e+05
   2.0219234e+05
   1.9758970e+05
   1.9312621e+05
   1.8879664e+05
   1.8459601e+05
   1.8051953e+05
   1.7656266e+05
   1.7272103e+05
   1.6899049e+05
   1.6536702e+05
   1.6184683e+05
   1.5842624e+05
   1.5510177e+05
   1.5187005e+05
   1.4872786e+05
   1.4567213e+05
   1.4269990e+05
   1.3980833e+05
   1.3699470e+05
   1.3425640e+05
   1.3159092e+05
   1.2899586e+05
   1.2646891e+05
   1.2400783e+05
   1.2161050e+05
   1.1927486e+05
   1.1699894e+05
   1.1478084e+05
   1.1261873e+05
   1.1051086e+05
   1.0845553e+05
   1.0645111e+05
   1.0449604e+05
   1.0258880e+05
   1.0072794e+05
   9.8912059e+04
   9.7139798e+04
   9.5409857e+04
   9.3720978e+04
   9.2071948e+04
   9.0461597e+04
   8.8888797e+04
   8.7352458e+04
   8.5851527e+04
   8.4384990e+04
   8.2951866e+04
   8.1551206e+04
   8.0182096e+04
   7.8843652e+04
   7.7535018e+04
   7.6255367e+04
   7.5003901e+04
   7.3779847e+04
   7.2582457e+04
   7.1411009e+04
   7.0264802e+04
   6.9143159e+04
   6.8045425e+04
   6.6970966e+04
   6.5919166e+04
   6.4889431e+04
   6.3881184e+04
   6.2893867e+04
   6.1926938e+04
   6.0979874e+04
   6.0052166e+04
   5.9143322e+04
   5.8252863e+04
   5.7380326e+04
   5.6525262e+04
   5.5687236e+04
   5.4865823e+04
   5.4060615e+04
   5.3271212e+04
   5.2497228e+04
   5.1738289e+04
   5.0994028e+04
   5.0264094e+04
   4.9548142e+04
   4.8845838e+04
   4.8156859e+04
   4.7480888e+04
   4.6817621e+04
   4.6166760e+04
   4.5528015e+04
   4.4901105e+04
   4.4285758e+04
   4.3681707e+04
   4.3088693e+04
   4.2506466e+04
   4.1934781e+04
   4.1373400e+04
   4.0822092e+04
   4.0280630e+04
   3.9748797e+04
   3.9226378e+04
   3.8713166e+04
   3.8208958e+04
   3.7713558e+04
   3.7226774e+04
   3.6748418e+04
   3.6278310e+04
   3.5816271e+04
   3.5362129e+04
   3.4915715e+04
   3.4476867e+04
   3.4045423e+04
   3.3621228e+04
   3.3204130e+04
   3.2793981e+04
   3.2390637e+04
   3.1993957e+04
   3.1603804e+04
   3.1220043e+04
   3.0842544e+04
   3.0471180e+04
   3.0105826e+04
   2.9746361e+04
   2.9392666e+04
   2.9044627e+04
   2.8702129e+04
   2.8365064e+04
   2.8033324e+04
   2.7706803e+04
   2.7385400e+04
   2.7069014e+04
   2.6757547e+04
   2.6450905e+04
   2.6148993e+04
   2.5851722e+04
   2.5559001e+04
   2.5270744e+04
   2.4986867e+04
   2.4707285e+04
   2.4431918e+04
   2.4160687e+04
   2.3893515e+04
   2.3630324e+04
   2.3371042e+04
   2.3115596e+04
   2.2863916e+04
   2.2615931e+04
   2.2371574e+04
   2.2130779e+04
   2.1893481e+04
   2.1659617e+04
   2.1429125e+04
   2.1201944e+04
   2.0978015e+04
   2.0757279e+04
   2.0539680e+04
   2.0325163e+04
   2.0113672e+04
   1.9905154e+04
   1.9699558e+04
   1.9496833e+04
   1.9296927e+04
   1.9099793e+04
   1.8905382e+04
   1.8713647e+04
   1.8524543e+04
   1.8338024e+04
   1.8154046e+04
   1.7972567e+04
   1.7793543e+04
   1.7616933e+04
   1.7442697e+04
   1.7270794e+04
   1.7101187e+04
   1.6933836e+04
   1.6768704e+04
   1.6605754e+04
   1.6444951e+04
   1.6286259e+04
   1.6129643e+04
   1.5975070e+04
   1.5822506e+04
   1.5671919e+04
   1.5523277e+04
   1.5376548e+04
   1.5231701e+04
   1.5088708e+04
   1.4947537e+04
   1.4808160e+04
   1.4670549e+04
   1.4534675e+04
   1.4400511e+04
   1.4268031e+04
   1.4137208e+04
   1.4008016e+04
   1.3880429e+04
   1.3754423e+04
   1.3629974e+04
   1.3507057e+04
   1.3385649e+04
   1.3265727e+04
   1.3147268e+04
   1.3030249e+04
   1.2914650e+04
   1.2800447e+04
   1.2687622e+04
   1.2576151e+04
   1.2466016e+04
   1.2357197e+04
   1.2249673e+04
   1.2143426e+04
   1.2038436e+04
   1.1934685e+04
   1.1832155e+04
   1.1730828e+04
   1.1630686e+04
   1.1531712e+04
   1.1433889e+04
   1.1337200e+04
   1.1241629e+04
   1.1147160e+04
   1.1053777e+04
   1.0961464e+04
   1.0870205e+04
   1.0779987e+04
   1.0690794e+04
   1.0602612e+04
   1.0515426e+04
   1.0429222e+04
   1.0343987e+04
   1.0259706e+04
   1.0176367e+04
   1.0093957e+04
   1.0012462e+04
   9.9318704e+03
   9.8521689e+03
   9.7733455e+03
   9.6953881e+03
   9.6182849e+03
   9.5420243e+03
   9.4665947e+03
   9.3919848e+03
   9.3181835e+03
   9.2451800e+03
   9.1729634e+03
   9.1015231e+03
   9.0308489e+03
   8.9609304e+03
   8.8917575e+03
   8.8233204e+03
   8.7556093e+03
   8.6886145e+03
   8.6223267e+03
   8.5567365e+03
   8.4918349e+03
   8.4276127e+03
   8.3640611e+03
   8.3011714e+03
   8.2389350e+03
   8.1773435e+03
   8.1163885e+03
   8.0560618e+03
   7.9963554e+03
   7.9372612e+03
   7.8787716e+03
   7.8208787e+03
   7.7635751e+03
   7.7068532e+03
   7.6507056e+03
   7.5951252e+03
   7.5401048e+03
   7.4856373e+03
   7.4317159e+03
   7.3783338e+03
   7.3254841e+03
   7.2731604e+03
   7.2213561e+03
   7.1700647e+03
   7.1192800e+03
   7.0689957e+03
   7.0192057e+03
   6.9699040e+03
   6.9210845e+03
   6.8727415e+03
   6.8248691e+03
   6.7774616e+03
   6.7305135e+03
   6.6840191e+03
   6.6379730e+03
   6.5923699e+03
   6.5472045e+03
   6.5024714e+03
   6.4581657e+03
   6.4142822e+03
   6.3708159e+03
   6.3277618e+03
   6.2851152e+03
   6.2428712e+03
   6.2010251e+03
   6.1595722e+03
   6.1185080e+03
   6.0778280e+03
   6.0375276e+03
   5.9976024e+03
   5.9580482e+03
   5.9188607e+03
   5.8800355e+03
   5.8415687e+03
   5.8034560e+03
   5.7656934e+03
   5.7282770e+03
   5.6912027e+03
   5.6544668e+03
   5.6180653e+03
   5.5819946e+03
   5.5462508e+03
   5.5108303e+03
   5.4757295e+03
   5.4409448e+03
   5.4064727e+03
   5.3723096e+03
   5.3384522e+03
   5.3048971e+03
   5.2716409e+03
   5.2386804e+03
   5.2060122e+03
   5.1736332e+03
   5.1415402e+03
   5.1097300e+03
   5.0781996e+03
   5.0469460e+03
   5.0159661e+03
   4.9852570e+03
   4.9548157e+03
   4.9246393e+03
   4.8947251e+03
   4.8650701e+03
   4.8356717e+03
   4.8065270e+03
   4.7776334e+03
   4.7489882e+03
   4.7205888e+03
   4.6924325e+03
   4.6645167e+03
   4.6368390e+03
   4.6093969e+03
   4.5821878e+03
   4.5552094e+03
   4.5284592e+03
   4.5019348e+03
   4.4756339e+03
   4.4495541e+03
   4.4236933e+03
   4.3980490e+03
   4.3726191e+03
   4.3474014e+03
   4.3223937e+03
   4.2975939e+03
   4.2729997e+03
   4.2486092e+03
   4.2244202e+03
   4.2004307e+03
   4.1766387e+03
   4.1530421e+03
   4.1296391e+03
   4.1064276e+03
   4.0834058e+03
   4.0605716e+03
   4.0379234e+03
   4.0154591e+03
   3.9931770e+03
   3.9710752e+03
   3.9491521e+03
   3.9274057e+03
   3.9058343e+03
   3.8844363e+03
   3.8632099e+03
   3.8421535e+03
   3.8212653e+03
   3.8005437e+03
   3.7799872e+03
   3.7595940e+03
   3.7393627e+03
   3.7192916e+03
   3.6993792e+03
   3.6796240e+03
   3.6600244e+03
   3.6405790e+03
   3.6212862e+03
   3.6021447e+03
   3.5831530e+03
   3.5643096e+03
   3.5456131e+03
   3.5270622e+03
   3.5086554e+03
   3.4903915e+03
   3.4722690e+03
   3.4542866e+03
   3.4364431e+03
   3.4187370e+03
   3.4011672e+03
   3.3837324e+03
   3.3664312e+03
   3.3492626e+03
   3.3322251e+03
   3.3153177e+03
   3.2985391e+03
   3.2818881e+03
   3.2653636e+03
   3.2489644e+03
   3.2326893e+03
   3.2165373e+03
   3.2005071e+03
   3.1845978e+03
   3.1688081e+03
   3.1531371e+03
   3.1375836e+03
   3.1221466e+03
   3.1068250e+03
   3.0916178e+03
   3.0765239e+03
   3.0615425e+03
   3.0466724e+03
   3.0319126e+03
   3.0172622e+03
   3.0027203e+03
   2.9882858e+03
   2.9739578e+03
   2.9597353e+03
   2.9456175e+03
   2.9316034e+03
   2.9176922e+03
   2.9038828e+03
   2.8901745e+03
   2.8765663e+03
   2.8630574e+03
   2.8496469e+03
   2.8363340e+03
   2.8231178e+03
   2.8099975e+03
   2.7969722e+03
   2.7840413e+03
   2.7712037e+03
   2.7584589e+03
   2.7458058e+03
   2.7332439e+03
   2.7207723e+03
   2.7083902e+03
   2.6960969e+03
   2.6838916e+03
   2.6717737e+03
   2.6597423e+03
   2.6477967e+03
   2.6359363e+03
   2.6241603e+03
   2.6124680e+03
   2.6008588e+03
   2.5893319e+03
   2.5778866e+03
   2.5665223e+03
   2.5552383e+03
   2.5440340e+03
   2.5329087e+03
   2.5218617e+03
   2.5108925e+03
   2.5000003e+03
   2.4891846e+03
   2.4784448e+03
   2.4677802e+03
   2.4571902e+03
   2.4466742e+03
   2.4362316e+03
   2.4258619e+03
   2.4155645e+03
   2.4053387e+03
   2.3951841e+03
   2.3851000e+03
   2.3750859e+03
   2.3651412e+03
   2.3552654e+03
   2.3454580e+03
   2.3357184e+03
   2.3260460e+03
   2.3164404e+03
   2.3069011e+03
   2.2974275e+03
   2.2880191e+03
   2.2786754e+03
   2.2693959e+03
   2.2601801e+03
   2.2510275e+03
   2.2419377e+03
   2.2329102e+03
   2.2239444e+03
   2.2150400e+03
   2.2061964e+03
   2.1974132e+03
   2.1886899e+03
   2.1800261e+03
   2.1714214e+03
   2.1628753e+03
   2.1543873e+03
   2.1459570e+03
   2.1375841e+03
   2.1292680e+03
   2.1210084e+03
   2.1128048e+03
   2.1046568e+03
   2.0965640e+03
   2.0885261e+03
   2.0805425e+03
   2.0726130e+03
   2.0647371e+03
   2.0569144e+03
   2.0491446e+03
   2.0414272e+03
   2.0337619e+03
   2.0261484e+03
   2.0185862e+03
   2.0110749e+03
   2.0036143e+03
   1.9962040e+03
   1.9888436e+03
   1.9815327e+03
   1.9742710e+03
   1.9670582e+03
   1.9598939e+03
   1.9527778e+03
   1.9457096e+03
   1.9386888e+03
   1.9317153e+03
   1.9247886e+03
   1.9179085e+03
   1.9110746e+03
   1.9042866e+03
   1.8975442e+03
   1.8908471e+03
   1.8841949e+03
   1.8775875e+03
   1.8710244e+03
   1.8645055e+03
   1.8580303e+03
   1.8515986e+03
   1.8452102e+03
   1.8388646e+03
   1.8325617e+03
   1.8263012e+03
   1.8200828e+03
   1.8139062e+03
   1.8077711e+03
   1.8016773e+03
   1.7956245e+03
   1.7896124e+03
   1.7836409e+03
   1.7777096e+03
   1.7718182e+03
   1.7659666e+03
   1.7601544e+03
   1.7543815e+03
   1.7486475e+03
   1.7429523e+03
   1.7372956e+03
   1.7316771e+03
   1.7260966e+03
   1.7205540e+03
   1.7150489e+03
   1.7095811e+03
   1.7041505e+03
   1.6987567e+03
   1.6933996e+03
   1.6880789e+03
   1.6827944e+03
   1.6775460e+03
   1.6723333e+03
   1.6671563e+03
   1.6620146e+03
   1.6569081e+03
   1.6518366e+03
   1.6467998e+03
   1.6417976e+03
   1.6368298e+03
   1.6318962e+03
   1.6269965e+03
   1.6221307e+03
   1.6172985e+03
   1.6124996e+03
   1.6077341e+03
   1.6030015e+03
   1.5983019e+03
   1.5936349e+03
   1.5890005e+03
   1.5843984e+03
   1.5798285e+03
   1.5752905e+03
   1.5707844e+03
   1.5663100e+03
   1.5618671e+03
   1.5574555e+03
   1.5530751e+03
   1.5487257e+03
   1.5444071e+03
   1.5401193e+03
   1.5358620e+03
   1.5316351e+03
   1.5274384e+03
   1.5232719e+03
   1.5191353e+03
   1.5150285e+03
   1.5109513e+03
   1.5069037e+03
   1.5028855e+03
   1.4988965e+03
   1.4949366e+03
   1.4910057e+03
   1.4871036e+03
   1.4832302e+03
   1.4793855e+03
   1.4755691e+03
   1.4717811e+03
   1.4680213e+03
   1.4642896e+03
   1.4605858e+03
   1.4569099e+03
   1.4532617e+03
   1.4496411e+03
   1.4460480e+03
   1.4424822e+03
   1.4389438e+03
   1.4354325e+03
   1.4319482e+03
   1.4284909e+03
   1.4250604e+03
   1.4216567e+03
   1.4182796e+03
   1.4149290e+03
   1.4116049e+03
   1.4083071e+03
   1.4050356e+03
   1.4017902e+03
   1.3985709e+03
   1.3953775e+03
   1.3922101e+03
   1.3890684e+03
   1.3859524e+03
   1.3828621e+03
   1.3797973e+03
   1.3767580e+03
   1.3737441e+03
   1.3707554e+03
   1.3677920e+03
   1.3648538e+03
   1.3619406e+03
   1.3590525e+03
   1.3561893e+03
   1.3533509e+03
   1.3505374e+03
   1.3477487e+03
   1.3449846e+03
   1.3422451e+03
   1.3395302e+03
   1.3368398e+03
   1.3341738e+03
   1.3315323e+03
   1.3289151e+03
   1.3263221e+03
   1.3237534e+03
   1.3212089e+03
   1.3186885e+03
   1.3161922e+03
   1.3137200e+03
   1.3112717e+03
   1.3088475e+03
   1.3064471e+03
   1.3040707e+03
   1.3017181e+03
   1.2993893e+03
   1.2970843e+03
   1.2948031e+03
   1.2925456e+03
   1.2903119e+03
   1.2881018e+03
   1.2859153e+03
   1.2837525e+03
   1.2816133e+03
   1.2794977e+03
   1.2774057e+03
   1.2753372e+03
   1.2732923e+03
   1.2712709e+03
   1.2692731e+03
   1.2672988e+03
   1.2653480e+03
   1.2634208e+03
   1.2615170e+03
   1.2596368e+03
   1.2577800e+03
   1.2559468e+03
   1.2541372e+03
   1.2523510e+03
   1.2505884e+03
   1.2488494e+03
   1.2471339e+03
   1.2454421e+03
   1.2437738e+03
   1.2421291e+03
   1.2405082e+03
   1.2389108e+03
   1.2373372e+03
   1.2357873e+03
   1.2342612e+03
   1.2327589e+03
   1.2312804e+03
   1.2298258e+03
   1.2283950e+03
   1.2269883e+03
   1.2256055e+03
   1.2242468e+03
   1.2229121e+03
   1.2216017e+03
   1.2203154e+03
   1.2190533e+03
   1.2178156e+03
   1.2166023e+03
   1.2154135e+03
   1.2142491e+03
   1.2131093e+03
   1.2119942e+03
   1.2109038e+03
   1.2098383e+03
   1.2087976e+03
   1.2077820e+03
   1.2067914e+03
   1.2058259e+03
   1.2048857e+03
   1.2039709e+03
   1.2030815e+03
   1.2022177e+03
   1.2013796e+03
   1.2005672e+03
   1.1997807e+03
   1.1990202e+03
   1.1982859e+03
   1.1975778e+03
   1.1968961e+03
   1.1962408e+03
   1.1956123e+03
   1.1950105e+03
   1.1944356e+03
   1.1938879e+03
   1.1933673e+03
   1.1928741e+03
   1.1924085e+03
   1.1919706e+03
   1.1915606e+03
   1.1911786e+03
   1.1908248e+03
   1.1904994e+03
   1.1902026e+03
   1.1899346e+03
   1.1896956e+03
   1.1894857e+03
   1.1893053e+03
   1.1891544e+03
   1.1890334e+03
   1.1889424e+03
   1.1888816e+03
   1.1888514e+03
   1.1888519e+03
   1.1888834e+03
   1.1889461e+03
   1.1890403e+03
   1.1891663e+03
   1.1893242e+03
   1.1895145e+03
   1.1897374e+03
   1.1899932e+03
   1.1902821e+03
   1.1906045e+03
   1.1909607e+03
   1.1913511e+03
   1.1917758e+03
   1.1922354e+03
   1.1927300e+03
   1.1932602e+03
   1.1938261e+03
   1.1944283e+03
   1.1950671e+03
   1.1957428e+03
   1.1964559e+03
   1.1972068e+03
   1.1979959e+03
   1.1988235e+03
   1.1996903e+03
   1.2005965e+03
   1.2015428e+03
   1.2025294e+03
   1.2035570e+03
   1.2046260e+03
   1.2057369e+03
   1.2068902e+03
   1.2080865e+03
   1.2093263e+03
   1.2106102e+03
   1.2119387e+03
   1.2133125e+03
   1.2147321e+03
   1.2161981e+03
   1.2177112e+03
   1.2192721e+03
   1.2208813e+03
   1.2225396e+03
   1.2242477e+03
   1.2260063e+03
   1.2278161e+03
   1.2296779e+03
   1.2315925e+03
   1.2335606e+03
   1.2355831e+03
   1.2376608e+03
   1.2397945e+03
   1.2419852e+03
   1.2442338e+03
   1.2465411e+03
   1.2489082e+03
   1.2513360e+03
   1.2538256e+03
   1.2563779e+03
   1.2589940e+03
   1.2616751e+03
   1.2644222e+03
   1.2672365e+03
   1.2701192e+03
   1.2730715e+03
   1.2760947e+03
   1.2791901e+03
   1.2823589e+03
   1.2856026e+03
   1.2889226e+03
   1.2923203e+03
   1.2957972e+03
   1.2993549e+03
   1.3029949e+03
   1.3067188e+03
   1.3105284e+03
   1.3144254e+03
   1.3184114e+03
   1.3224885e+03
   1.3266585e+03
   1.3309233e+03
   1.3352849e+03
   1.3397455e+03
   1.3443072e+03
   1.3489721e+03
   1.3537426e+03
   1.3586210e+03
   1.3636099e+03
   1.3687116e+03
   1.3739288e+03
   1.3792641e+03
   1.3847205e+03
   1.3903007e+03
   1.3960077e+03
   1.4018446e+03
   1.4078145e+03
   1.4139209e+03
   1.4201670e+03
   1.4265565e+03
   1.4330929e+03
   1.4397802e+03
   1.4466222e+03
   1.4536230e+03
   1.4607868e+03
   1.4681182e+03
   1.4756215e+03
   1.4833016e+03
   1.4911634e+03
   1.4992120e+03
   1.5074527e+03
   1.5158911e+03
   1.5245329e+03
   1.5333841e+03
   1.5424509e+03
   1.5517399e+03
   1.5612579e+03
   1.5710118e+03
   1.5810090e+03
   1.5912572e+03
   1.6017645e+03
   1.6125392e+03
   1.6235900e+03
   1.6349261e+03
   1.6465570e+03
   1.6584928e+03
   1.6707439e+03
   1.6833213e+03
   1.6962365e+03
   1.7095014e+03
   1.7231289e+03
   1.7371320e+03
   1.7515248e+03
   1.7663219e+03
   1.7815387e+03
   1.7971914e+03
   1.8132970e+03
   1.8298736e+03
   1.8469401e+03
   1.8645164e+03
   1.8826238e+03
   1.9012845e+03
   1.9205220e+03
   1.9403614e+03
   1.9608292e+03
   1.9819532e+03
   2.0037634e+03
   2.0262912e+03
   2.0495702e+03
   2.0736362e+03
   2.0985271e+03
   2.1242834e+03
   2.1509485e+03
   2.1785686e+03
   2.2071929e+03
   2.2368745e+03
   2.2676700e+03
   2.2996402e+03
   2.3328505e+03
   2.3673713e+03
   2.4032783e+03
   2.4406532e+03
   2.4795845e+03
   2.5201677e+03
   2.5625064e+03
   2.6067131e+03
   2.6529102e+03
   2.7012310e+03
   2.7518209e+03
   2.8048391e+03
   2.8604601e+03
   2.9188752e+03
   2.9802955e+03
   3.0449535e+03
   3.1131065e+03
   3.1850400e+03
   3.2610714e+03
   3.3415545e+03
   3.4268855e+03
   3.5175086e+03
   3.6139245e+03
   3.7166989e+03
   3.8264737e+03
   3.9439805e+03
   4.0700562e+03
   4.2056635e+03
   4.3519146e+03
   4.5101022e+03
   4.6817370e+03
   4.8685960e+03
   5.0727839e+03
   5.2968120e+03
   5.5437020e+03
   5.8171217e+03
   6.1215683e+03
   6.4626164e+03
   6.8472614e+03
   7.2844025e+03
   7.7855386e+03
   8.3657912e+03
   9.0454540e+03
   9.8524101e+03
   1.0826047e+04
   1.2023870e+04
   1.3533278e+04
   1.5493882e+04
   1.8143350e+04
   2.1921822e+04
   2.7745875e+04
   3.7892359e+04
   6.0010351e+04
   1.4575507e+05
  -3.3127233e+05
  -7.7071380e+04
  -4.3462303e+04
  -3.0193828e+04
  -2.3090415e+04
  -1.8665514e+04
  -1.5644598e+04
  -1.3451058e+04
  -1.1786012e+04
  -1.0479063e+04
  -9.4259589e+03
  -8.5593337e+03
  -7.8337217e+03
  -7.2173260e+03
  -6.6872410e+03
  -6.2265476e+03
  -5.8224775e+03
  -5.4652139e+03
  -5.1470848e+03
  -4.8620084e+03
  -4.6051007e+03
  -4.3723946e+03
  -4.1606347e+03
  -3.9671242e+03
  -3.7896101e+03
  -3.6261957e+03
  -3.4752725e+03
  -3.3354678e+03
  -3.2056030e+03
  -3.0846600e+03
  -2.9717555e+03
  -2.8661187e+03
  -2.7670746e+03
  -2.6740290e+03
  -2.5864571e+03
  -2.5038935e+03
  -2.4259241e+03
  -2.3521793e+03
  -2.2823280e+03
  -2.2160728e+03
  -2.1531458e+03
  -2.0933051e+03
  -2.0363317e+03
  -1.9820267e+03
  -1.9302093e+03
  -1.8807145e+03
  -1.8333918e+03
  -1.7881032e+03
  -1.7447222e+03
  -1.7031326e+03
  -1.6632274e+03
  -1.6249079e+03
  -1.5880832e+03
  -1.5526688e+03
  -1.5185868e+03
  -1.4857647e+03
  -1.4541354e+03
  -1.4236361e+03
  -1.3942087e+03
  -1.3657988e+03
  -1.3383556e+03
  -1.3118318e+03
  -1.2861829e+03
  -1.2613674e+03
  -1.2373463e+03
  -1.2140830e+03
  -1.1915431e+03
  -1.1696942e+03
  -1.1485060e+03
  -1.1279496e+03
  -1.1079981e+03
  -1.0886258e+03
  -1.0698088e+03
  -1.0515241e+03
  -1.0337502e+03
  -1.0164666e+03
  -9.9965395e+02
  -9.8329395e+02
  -9.6736913e+02
  -9.5186296e+02
  -9.3675971e+02
  -9.2204443e+02
  -9.0770292e+02
  -8.9372163e+02
  -8.8008766e+02
  -8.6678874e+02
  -8.5381314e+02
  -8.4114967e+02
  -8.2878768e+02
  -8.1671695e+02
  -8.0492775e+02
  -7.9341077e+02
  -7.8215707e+02
  -7.7115815e+02
  -7.6040583e+02
  -7.4989228e+02
  -7.3961000e+02
  -7.2955181e+02
  -7.1971081e+02
  -7.1008037e+02
  -7.0065415e+02
  -6.9142603e+02
  -6.8239015e+02
  -6.7354088e+02
  -6.6487280e+02
  -6.5638068e+02
  -6.4805951e+02
  -6.3990446e+02
  -6.3191087e+02
  -6.2407427e+02
  -6.1639034e+02
  -6.0885490e+02
  -6.0146396e+02
  -5.9421362e+02
  -5.8710016e+02
  -5.8011997e+02
  -5.7326957e+02
  -5.6654558e+02
  -5.5994477e+02
  -5.5346399e+02
  -5.4710020e+02
  -5.4085047e+02
  -5.3471196e+02
  -5.2868192e+02
  -5.2275769e+02
  -5.1693671e+02
  -5.1121647e+02
  -5.0559456e+02
  -5.0006865e+02
  -4.9463647e+02
  -4.8929583e+02
  -4.8404459e+02
  -4.7888069e+02
  -4.7380214e+02
  -4.6880698e+02
  -4.6389334e+02
  -4.5905939e+02
  -4.5430334e+02
  -4.4962348e+02
  -4.4501813e+02
  -4.4048566e+02
  -4.3602450e+02
  -4.3163311e+02
  -4.2731000e+02
  -4.2305371e+02
  -4.1886284e+02
  -4.1473601e+02
  -4.1067189e+02
  -4.0666917e+02
  -4.0272661e+02
  -3.9884295e+02
  -3.9501702e+02
  -3.9124764e+02
  -3.8753368e+02
  -3.8387403e+02
  -3.8026762e+02
  -3.7671339e+02
  -3.7321033e+02
  -3.6975744e+02
  -3.6635374e+02
  -3.6299829e+02
  -3.5969017e+02
  -3.5642848e+02
  -3.5321233e+02
  -3.5004088e+02
  -3.4691328e+02
  -3.4382872e+02
  -3.4078640e+02
  -3.3778556e+02
  -3.3482542e+02
  -3.3190525e+02
  -3.2902433e+02
  -3.2618195e+02
  -3.2337741e+02
  -3.2061005e+02
  -3.1787921e+02
  -3.1518425e+02
  -3.1252453e+02
  -3.0989944e+02
  -3.0730838e+02
  -3.0475076e+02
  -3.0222602e+02
  -2.9973358e+02
  -2.9727290e+02
  -2.9484344e+02
  -2.9244468e+02
  -2.9007610e+02
  -2.8773720e+02
  -2.8542749e+02
  -2.8314649e+02
  -2.8089372e+02
  -2.7866872e+02
  -2.7647104e+02
  -2.7430024e+02
  -2.7215589e+02
  -2.7003756e+02
  -2.6794483e+02
  -2.6587731e+02
  -2.6383458e+02
  -2.6181627e+02
  -2.5982198e+02
  -2.5785135e+02
  -2.5590400e+02
  -2.5397957e+02
  -2.5207772e+02
  -2.5019809e+02
  -2.4834035e+02
  -2.4650417e+02
  -2.4468921e+02
  -2.4289516e+02
  -2.4112170e+02
  -2.3936853e+02
  -2.3763534e+02
  -2.3592185e+02
  -2.3422775e+02
  -2.3255276e+02
  -2.3089661e+02
  -2.2925901e+02
  -2.2763971e+02
  -2.2603843e+02
  -2.2445492e+02
  -2.2288891e+02
  -2.2134017e+02
  -2.1980845e+02
  -2.1829349e+02
  -2.1679508e+02
  -2.1531297e+02
  -2.1384694e+02
  -2.1239676e+02
  -2.1096221e+02
  -2.0954307e+02
  -2.0813914e+02
  -2.0675021e+02
  -2.0537606e+02
  -2.0401650e+02
  -2.0267133e+02
  -2.0134035e+02
  -2.0002337e+02
  -1.9872021e+02
  -1.9743068e+02
  -1.9615460e+02
  -1.9489179e+02
  -1.9364206e+02
  -1.9240526e+02
  -1.9118121e+02
  -1.8996974e+02
  -1.8877070e+02
  -1.8758390e+02
  -1.8640921e+02
  -1.8524646e+02
  -1.8409550e+02
  -1.8295617e+02
  -1.8182833e+02
  -1.8071184e+02
  -1.7960654e+02
  -1.7851229e+02
  -1.7742896e+02
  -1.7635641e+02
  -1.7529450e+02
  -1.7424311e+02
  -1.7320209e+02
  -1.7217132e+02
  -1.7115068e+02
  -1.7014004e+02
  -1.6913927e+02
  -1.6814825e+02
  -1.6716687e+02
  -1.6619501e+02
  -1.6523255e+02
  -1.6427938e+02
  -1.6333539e+02
  -1.6240046e+02
  -1.6147449e+02
  -1.6055737e+02
  -1.5964899e+02
  -1.5874926e+02
  -1.5785806e+02
  -1.5697530e+02
  -1.5610088e+02
  -1.5523469e+02
  -1.5437665e+02
  -1.5352666e+02
  -1.5268463e+02
  -1.5185045e+02
  -1.5102405e+02
  -1.5020533e+02
  -1.4939420e+02
  -1.4859058e+02
  -1.4779438e+02
  -1.4700551e+02
  -1.4622390e+02
  -1.4544945e+02
  -1.4468210e+02
  -1.4392175e+02
  -1.4316833e+02
  -1.4242176e+02
  -1.4168197e+02
  -1.4094888e+02
  -1.4022241e+02
  -1.3950249e+02
  -1.3878906e+02
  -1.3808203e+02
  -1.3738133e+02
  -1.3668691e+02
  -1.3599868e+02
  -1.3531658e+02
  -1.3464055e+02
  -1.3397051e+02
  -1.3330641e+02
  -1.3264817e+02
  -1.3199575e+02
  -1.3134906e+02
  -1.3070805e+02
  -1.3007267e+02
  -1.2944285e+02
  -1.2881852e+02
  -1.2819964e+02
  -1.2758615e+02
  -1.2697798e+02
  -1.2637508e+02
  -1.2577740e+02
  -1.2518488e+02
  -1.2459747e+02
  -1.2401512e+02
  -1.2343776e+02
  -1.2286536e+02
  -1.2229785e+02
  -1.2173519e+02
  -1.2117732e+02
  -1.2062421e+02
  -1.2007579e+02
  -1.1953203e+02
  -1.1899287e+02
  -1.1845826e+02
  -1.1792816e+02
  -1.1740253e+02
  -1.1688132e+02
  -1.1636448e+02
  -1.1585197e+02
  -1.1534375e+02
  -1.1483977e+02
  -1.1433999e+02
  -1.1384437e+02
  -1.1335287e+02
  -1.1286545e+02
  -1.1238205e+02
  -1.1190266e+02
  -1.1142722e+02
  -1.1095570e+02
  -1.1048806e+02
  -1.1002425e+02
  -1.0956425e+02
  -1.0910802e+02
  -1.0865551e+02
  -1.0820670e+02
  -1.0776154e+02
  -1.0732000e+02
  -1.0688205e+02
  -1.0644765e+02
  -1.0601676e+02
  -1.0558936e+02
  -1.0516541e+02
  -1.0474487e+02
  -1.0432772e+02
  -1.0391392e+02
  -1.0350343e+02
  -1.0309624e+02
  -1.0269230e+02
  -1.0229158e+02
  -1.0189406e+02
  -1.0149971e+02
  -1.0110849e+02
  -1.0072038e+02
  -1.0033534e+02
  -9.9953346e+01
  -9.9574373e+01
  -9.9198391e+01
  -9.8825371e+01
  -9.8455286e+01
  -9.8088109e+01
  -9.7723813e+01
  -9.7362371e+01
  -9.7003756e+01
  -9.6647943e+01
  -9.6294906e+01
  -9.5944619e+01
  -9.5597057e+01
  -9.5252195e+01
  -9.4910008e+01
  -9.4570472e+01
  -9.4233563e+01
  -9.3899257e+01
  -9.3567529e+01
  -9.3238358e+01
  -9.2911719e+01
  -9.2587590e+01
  -9.2265948e+01
  -9.1946771e+01
  -9.1630036e+01
  -9.1315722e+01
  -9.1003806e+01
  -9.0694268e+01
  -9.0387086e+01
  -9.0082239e+01
  -8.9779707e+01
  -8.9479468e+01
  -8.9181503e+01
  -8.8885790e+01
  -8.8592311e+01
  -8.8301046e+01
  -8.8011974e+01
  -8.7725077e+01
  -8.7440336e+01
  -8.7157731e+01
  -8.6877243e+01
  -8.6598855e+01
  -8.6322548e+01
  -8.6048304e+01
  -8.5776104e+01
  -8.5505931e+01
  -8.5237768e+01
  -8.4971596e+01
  -8.4707399e+01
  -8.4445159e+01
  -8.4184860e+01
  -8.3926485e+01
  -8.3670016e+01
  -8.3415439e+01
  -8.3162736e+01
  -8.2911891e+01
  -8.2662888e+01
  -8.2415713e+01
  -8.2170348e+01
  -8.1926779e+01
  -8.1684990e+01
  -8.1444966e+01
  -8.1206693e+01
  -8.0970154e+01
  -8.0735336e+01
  -8.0502224e+01
  -8.0270803e+01
  -8.0041059e+01
  -7.9812978e+01
  -7.9586546e+01
  -7.9361749e+01
  -7.9138573e+01
  -7.8917005e+01
  -7.8697032e+01
  -7.8478638e+01
  -7.8261813e+01
  -7.8046542e+01
  -7.7832812e+01
  -7.7620611e+01
  -7.7409926e+01
  -7.7200744e+01
  -7.6993052e+01
  -7.6786839e+01
  -7.6582092e+01
  -7.6378799e+01
  -7.6176948e+01
  -7.5976526e+01
  -7.5777523e+01
  -7.5579927e+01
  -7.5383725e+01
  -7.5188906e+01
  -7.4995459e+01
  -7.4803373e+01
  -7.4612637e+01
  -7.4423239e+01
  -7.4235168e+01
  -7.4048414e+01
  -7.3862966e+01
  -7.3678813e+01
  -7.3495945e+01
  -7.3314350e+01
  -7.3134020e+01
  -7.2954943e+01
  -7.2777109e+01
  -7.2600508e+01
  -7.2425131e+01
  -7.2250966e+01
  -7.2078005e+01
  -7.1906238e+01
  -7.1735655e+01
  -7.1566246e+01
  -7.1398002e+01
  -7.1230914e+01
  -7.1064972e+01
  -7.0900167e+01
  -7.0736489e+01
  -7.0573931e+01
  -7.0412482e+01
  -7.0252135e+01
  -7.0092879e+01
  -6.9934707e+01
  -6.9777609e+01
  -6.9621578e+01
  -6.9466603e+01
  -6.9312678e+01
  -6.9159794e+01
  -6.9007942e+01
  -6.8857114e+01
  -6.8707302e+01
  -6.8558499e+01
  -6.8410695e+01
  -6.8263883e+01
  -6.8118055e+01
  -6.7973203e+01
  -6.7829320e+01
  -6.7686397e+01
  -6.7544428e+01
  -6.7403404e+01
  -6.7263319e+01
  -6.7124164e+01
  -6.6985933e+01
  -6.6848618e+01
  -6.6712212e+01
  -6.6576707e+01
  -6.6442097e+01
  -6.6308374e+01
  -6.6175533e+01
  -6.6043564e+01
  -6.5912463e+01
  -6.5782221e+01
  -6.5652832e+01
  -6.5524290e+01
  -6.5396588e+01
  -6.5269719e+01
  -6.5143676e+01
  -6.5018454e+01
  -6.4894046e+01
  -6.4770445e+01
  -6.4647645e+01
  -6.4525639e+01
  -6.4404423e+01
  -6.4283989e+01
  -6.4164331e+01
  -6.4045443e+01
  -6.3927319e+01
  -6.3809954e+01
  -6.3693341e+01
  -6.3577474e+01
  -6.3462348e+01
  -6.3347957e+01
  -6.3234295e+01
  -6.3121356e+01
  -6.3009135e+01
  -6.2897627e+01
  -6.2786825e+01
  -6.2676724e+01
  -6.2567319e+01
  -6.2458604e+01
  -6.2350574e+01
  -6.2243223e+01
  -6.2136547e+01
  -6.2030540e+01
  -6.1925197e+01
  -6.1820512e+01
  -6.1716481e+01
  -6.1613099e+01
  -6.1510360e+01
  -6.1408259e+01
  -6.1306792e+01
  -6.1205954e+01
  -6.1105739e+01
  -6.1006143e+01
  -6.0907162e+01
  -6.0808789e+01
  -6.0711021e+01
  -6.0613853e+01
  -6.0517280e+01
  -6.0421298e+01
  -6.0325902e+01
  -6.0231087e+01
  -6.0136850e+01
  -6.0043184e+01
  -5.9950087e+01
  -5.9857554e+01
  -5.9765580e+01
  -5.9674160e+01
  -5.9583292e+01
  -5.9492970e+01
  -5.9403190e+01
  -5.9313947e+01
  -5.9225239e+01
  -5.9137060e+01
  -5.9049407e+01
  -5.8962275e+01
  -5.8875661e+01
  -5.8789560e+01
  -5.8703968e+01
  -5.8618882e+01
  -5.8534297e+01
  -5.8450210e+01
  -5.8366616e+01
  -5.8283513e+01
  -5.8200896e+01
  -5.8118761e+01
  -5.8037104e+01
  -5.7955923e+01
  -5.7875212e+01
  -5.7794969e+01
  -5.7715190e+01
  -5.7635872e+01
  -5.7557009e+01
  -5.7478600e+01
  -5.7400641e+01
  -5.7323128e+01
  -5.7246057e+01
  -5.7169426e+01
  -5.7093230e+01
  -5.7017467e+01
  -5.6942132e+01
  -5.6867223e+01
  -5.6792737e+01
  -5.6718669e+01
  -5.6645018e+01
  -5.6571779e+01
  -5.6498949e+01
  -5.6426525e+01
  -5.6354504e+01
  -5.6282882e+01
  -5.6211657e+01
  -5.6140826e+01
  -5.6070385e+01
  -5.6000332e+01
  -5.5930663e+01
  -5.5861375e+01
  -5.5792465e+01
  -5.5723931e+01
  -5.5655769e+01
  -5.5587977e+01
  -5.5520551e+01
  -5.5453488e+01
  -5.5386787e+01
  -5.5320443e+01
  -5.5254455e+01
  -5.5188819e+01
  -5.5123532e+01
  -5.5058592e+01
  -5.4993996e+01
  -5.4929742e+01
  -5.4865826e+01
  -5.4802245e+01
  -5.4738999e+01
  -5.4676082e+01
  -5.4613494e+01
  -5.4551231e+01
  -5.4489291e+01
  -5.4427671e+01
  -5.4366369e+01
  -5.4305382e+01
  -5.4244708e+01
  -5.4184344e+01
  -5.4124287e+01
  -5.4064535e+01
  -5.4005087e+01
  -5.3945938e+01
  -5.3887088e+01
  -5.3828533e+01
  -5.3770271e+01
  -5.3712300e+01
  -5.3654618e+01
  -5.3597222e+01
  -5.3540109e+01
  -5.3483278e+01
  -5.3426727e+01
  -5.3370452e+01
  -5.3314452e+01
  -5.3258725e+01
  -5.3203268e+01
  -5.3148079e+01
  -5.3093157e+01
  -5.3038498e+01
  -5.2984101e+01
  -5.2929963e+01
  -5.2876083e+01
  -5.2822458e+01
  -5.2769086e+01
  -5.2715966e+01
  -5.2663094e+01
  -5.2610470e+01
  -5.2558091e+01
  -5.2505955e+01
  -5.2454060e+01
  -5.2402404e+01
  -5.2350985e+01
  -5.2299802e+01
  -5.2248851e+01
  -5.2198132e+01
  -5.2147642e+01
  -5.2097380e+01
  -5.2047343e+01
  -5.1997530e+01
  -5.1947939e+01
  -5.1898568e+01
  -5.1849415e+01
  -5.1800478e+01
