   7.9725106e+08
   5.9839739e+08
   4.6046327e+08
   3.6180787e+08
   2.8939541e+08
   2.3505418e+08
   1.9348449e+08
   1.6114692e+08
   1.3561641e+08
   1.1519357e+08
   9.8663532e+07
   8.5142159e+07
   7.3975633e+07
   6.4673401e+07
   5.6862538e+07
   5.0256122e+07
   4.4630963e+07
   3.9811686e+07
   3.5659199e+07
   3.2062232e+07
   2.8931057e+07
   2.6192776e+07
   2.3787755e+07
   2.1666890e+07
   1.9789502e+07
   1.8121700e+07
   1.6635092e+07
   1.5305777e+07
   1.4113534e+07
   1.3041183e+07
   1.2074057e+07
   1.1199592e+07
   1.0406978e+07
   9.6868832e+06
   9.0312208e+06
   8.4329622e+06
   7.8859778e+06
   7.3849058e+06
   6.9250423e+06
   6.5022496e+06
   6.1128778e+06
   5.7536993e+06
   5.4218527e+06
   5.1147958e+06
   4.8302640e+06
   4.5662366e+06
   4.3209058e+06
   4.0926516e+06
   3.8800194e+06
   3.6817003e+06
   3.4965146e+06
   3.3233974e+06
   3.1613852e+06
   3.0096055e+06
   2.8672665e+06
   2.7336486e+06
   2.6080969e+06
   2.4900146e+06
   2.3788570e+06
   2.2741262e+06
   2.1753665e+06
   2.0821606e+06
   1.9941253e+06
   1.9109089e+06
   1.8321878e+06
   1.7576641e+06
   1.6870632e+06
   1.6201317e+06
   1.5566358e+06
   1.4963589e+06
   1.4391008e+06
   1.3846759e+06
   1.3329122e+06
   1.2836500e+06
   1.2367410e+06
   1.1920470e+06
   1.1494398e+06
   1.1087997e+06
   1.0700152e+06
   1.0329824e+06
   9.9760402e+05
   9.6378944e+05
   9.3145375e+05
   9.0051755e+05
   8.7090647e+05
   8.4255083e+05
   8.1538527e+05
   7.8934848e+05
   7.6438286e+05
   7.4043431e+05
   7.1745196e+05
   6.9538796e+05
   6.7419725e+05
   6.5383739e+05
   6.3426839e+05
   6.1545254e+05
   5.9735425e+05
   5.7993993e+05
   5.6317785e+05
   5.4703802e+05
   5.3149208e+05
   5.1651322e+05
   5.0207604e+05
   4.8815649e+05
   4.7473181e+05
   4.6178039e+05
   4.4928177e+05
   4.3721651e+05
   4.2556618e+05
   4.1431327e+05
   4.0344114e+05
   3.9293399e+05
   3.8277678e+05
   3.7295521e+05
   3.6345568e+05
   3.5426523e+05
   3.4537154e+05
   3.3676284e+05
   3.2842794e+05
   3.2035615e+05
   3.1253730e+05
   3.0496166e+05
   2.9761996e+05
   2.9050334e+05
   2.8360334e+05
   2.7691188e+05
   2.7042123e+05
   2.6412401e+05
   2.5801315e+05
   2.5208190e+05
   2.4632378e+05
   2.4073260e+05
   2.3530243e+05
   2.3002760e+05
   2.2490266e+05
   2.1992240e+05
   2.1508180e+05
   2.1037608e+05
   2.0580063e+05
   2.0135104e+05
   1.9702307e+05
   1.9281265e+05
   1.8871587e+05
   1.8472898e+05
   1.8084838e+05
   1.7707058e+05
   1.7339227e+05
   1.6981024e+05
   1.6632140e+05
   1.6292279e+05
   1.5961155e+05
   1.5638494e+05
   1.5324032e+05
   1.5017514e+05
   1.4718693e+05
   1.4427336e+05
   1.4143212e+05
   1.3866103e+05
   1.3595798e+05
   1.3332092e+05
   1.3074789e+05
   1.2823698e+05
   1.2578636e+05
   1.2339427e+05
   1.2105901e+05
   1.1877891e+05
   1.1655240e+05
   1.1437793e+05
   1.1225402e+05
   1.1017924e+05
   1.0815220e+05
   1.0617157e+05
   1.0423603e+05
   1.0234435e+05
   1.0049531e+05
   9.8687747e+04
   9.6920516e+04
   9.5192524e+04
   9.3502712e+04
   9.1850049e+04
   9.0233543e+04
   8.8652230e+04
   8.7105177e+04
   8.5591480e+04
   8.4110263e+04
   8.2660680e+04
   8.1241907e+04
   7.9853148e+04
   7.8493631e+04
   7.7162606e+04
   7.5859348e+04
   7.4583153e+04
   7.3333338e+04
   7.2109239e+04
   7.0910214e+04
   6.9735639e+04
   6.8584908e+04
   6.7457434e+04
   6.6352645e+04
   6.5269988e+04
   6.4208925e+04
   6.3168933e+04
   6.2149503e+04
   6.1150144e+04
   6.0170376e+04
   5.9209733e+04
   5.8267763e+04
   5.7344025e+04
   5.6438092e+04
   5.5549549e+04
   5.4677991e+04
   5.3823024e+04
   5.2984267e+04
   5.2161347e+04
   5.1353902e+04
   5.0561580e+04
   4.9784040e+04
   4.9020946e+04
   4.8271975e+04
   4.7536810e+04
   4.6815144e+04
   4.6106678e+04
   4.5411120e+04
   4.4728185e+04
   4.4057597e+04
   4.3399087e+04
   4.2752392e+04
   4.2117257e+04
   4.1493431e+04
   4.0880672e+04
   4.0278744e+04
   3.9687415e+04
   3.9106461e+04
   3.8535663e+04
   3.7974806e+04
   3.7423681e+04
   3.6882087e+04
   3.6349824e+04
   3.5826699e+04
   3.5312523e+04
   3.4807112e+04
   3.4310286e+04
   3.3821871e+04
   3.3341695e+04
   3.2869591e+04
   3.2405395e+04
   3.1948950e+04
   3.1500100e+04
   3.1058693e+04
   3.0624581e+04
   3.0197619e+04
   2.9777666e+04
   2.9364585e+04
   2.8958241e+04
   2.8558501e+04
   2.8165238e+04
   2.7778326e+04
   2.7397642e+04
   2.7023067e+04
   2.6654482e+04
   2.6291774e+04
   2.5934830e+04
   2.5583541e+04
   2.5237801e+04
   2.4897503e+04
   2.4562547e+04
   2.4232832e+04
   2.3908260e+04
   2.3588736e+04
   2.3274166e+04
   2.2964458e+04
   2.2659523e+04
   2.2359274e+04
   2.2063625e+04
   2.1772491e+04
   2.1485791e+04
   2.1203445e+04
   2.0925373e+04
   2.0651500e+04
   2.0381750e+04
   2.0116049e+04
   1.9854324e+04
   1.9596506e+04
   1.9342526e+04
   1.9092315e+04
   1.8845807e+04
   1.8602937e+04
   1.8363642e+04
   1.8127860e+04
   1.7895529e+04
   1.7666590e+04
   1.7440984e+04
   1.7218655e+04
   1.6999544e+04
   1.6783599e+04
   1.6570764e+04
   1.6360987e+04
   1.6154216e+04
   1.5950401e+04
   1.5749491e+04
   1.5551438e+04
   1.5356194e+04
   1.5163712e+04
   1.4973946e+04
   1.4786851e+04
   1.4602384e+04
   1.4420499e+04
   1.4241157e+04
   1.4064313e+04
   1.3889929e+04
   1.3717963e+04
   1.3548376e+04
   1.3381131e+04
   1.3216188e+04
   1.3053511e+04
   1.2893064e+04
   1.2734810e+04
   1.2578716e+04
   1.2424745e+04
   1.2272866e+04
   1.2123044e+04
   1.1975247e+04
   1.1829444e+04
   1.1685602e+04
   1.1543692e+04
   1.1403683e+04
   1.1265545e+04
   1.1129250e+04
   1.0994769e+04
   1.0862073e+04
   1.0731136e+04
   1.0601931e+04
   1.0474430e+04
   1.0348609e+04
   1.0224440e+04
   1.0101900e+04
   9.9809634e+03
   9.8616061e+03
   9.7438043e+03
   9.6275346e+03
   9.5127742e+03
   9.3995003e+03
   9.2876909e+03
   9.1773243e+03
   9.0683789e+03
   8.9608338e+03
   8.8546683e+03
   8.7498621e+03
   8.6463953e+03
   8.5442483e+03
   8.4434018e+03
   8.3438368e+03
   8.2455348e+03
   8.1484774e+03
   8.0526467e+03
   7.9580250e+03
   7.8645950e+03
   7.7723394e+03
   7.6812415e+03
   7.5912849e+03
   7.5024532e+03
   7.4147304e+03
   7.3281010e+03
   7.2425494e+03
   7.1580605e+03
   7.0746193e+03
   6.9922111e+03
   6.9108214e+03
   6.8304362e+03
   6.7510413e+03
   6.6726231e+03
   6.5951679e+03
   6.5186626e+03
   6.4430940e+03
   6.3684493e+03
   6.2947156e+03
   6.2218807e+03
   6.1499323e+03
   6.0788581e+03
   6.0086465e+03
   5.9392857e+03
   5.8707641e+03
   5.8030706e+03
   5.7361939e+03
   5.6701230e+03
   5.6048472e+03
   5.5403559e+03
   5.4766386e+03
   5.4136850e+03
   5.3514850e+03
   5.2900286e+03
   5.2293061e+03
   5.1693076e+03
   5.1100238e+03
   5.0514452e+03
   4.9935626e+03
   4.9363670e+03
   4.8798494e+03
   4.8240010e+03
   4.7688131e+03
   4.7142772e+03
   4.6603849e+03
   4.6071278e+03
   4.5544980e+03
   4.5024872e+03
   4.4510877e+03
   4.4002915e+03
   4.3500911e+03
   4.3004789e+03
   4.2514474e+03
   4.2029893e+03
   4.1550974e+03
   4.1077646e+03
   4.0609838e+03
   4.0147481e+03
   3.9690508e+03
   3.9238851e+03
   3.8792444e+03
   3.8351222e+03
   3.7915121e+03
   3.7484078e+03
   3.7058031e+03
   3.6636918e+03
   3.6220679e+03
   3.5809253e+03
   3.5402584e+03
   3.5000611e+03
   3.4603280e+03
   3.4210532e+03
   3.3822314e+03
   3.3438570e+03
   3.3059246e+03
   3.2684290e+03
   3.2313650e+03
   3.1947273e+03
   3.1585109e+03
   3.1227108e+03
   3.0873221e+03
   3.0523398e+03
   3.0177592e+03
   2.9835757e+03
   2.9497844e+03
   2.9163808e+03
   2.8833604e+03
   2.8507188e+03
   2.8184514e+03
   2.7865541e+03
   2.7550224e+03
   2.7238523e+03
   2.6930394e+03
   2.6625798e+03
   2.6324694e+03
   2.6027041e+03
   2.5732802e+03
   2.5441936e+03
   2.5154405e+03
   2.4870173e+03
   2.4589201e+03
   2.4311454e+03
   2.4036895e+03
   2.3765488e+03
   2.3497198e+03
   2.3231991e+03
   2.2969832e+03
   2.2710689e+03
   2.2454526e+03
   2.2201313e+03
   2.1951016e+03
   2.1703604e+03
   2.1459045e+03
   2.1217308e+03
   2.0978363e+03
   2.0742180e+03
   2.0508728e+03
   2.0277979e+03
   2.0049904e+03
   1.9824474e+03
   1.9601662e+03
   1.9381439e+03
   1.9163778e+03
   1.8948652e+03
   1.8736035e+03
   1.8525900e+03
   1.8318222e+03
   1.8112976e+03
   1.7910136e+03
   1.7709677e+03
   1.7511575e+03
   1.7315806e+03
   1.7122347e+03
   1.6931173e+03
   1.6742263e+03
   1.6555592e+03
   1.6371140e+03
   1.6188883e+03
   1.6008800e+03
   1.5830870e+03
   1.5655071e+03
   1.5481383e+03
   1.5309785e+03
   1.5140257e+03
   1.4972779e+03
   1.4807331e+03
   1.4643894e+03
   1.4482450e+03
   1.4322978e+03
   1.4165461e+03
   1.4009881e+03
   1.3856219e+03
   1.3704459e+03
   1.3554581e+03
   1.3406571e+03
   1.3260410e+03
   1.3116082e+03
   1.2973570e+03
   1.2832860e+03
   1.2693934e+03
   1.2556778e+03
   1.2421375e+03
   1.2287712e+03
   1.2155773e+03
   1.2025543e+03
   1.1897009e+03
   1.1770156e+03
   1.1644971e+03
   1.1521440e+03
   1.1399549e+03
   1.1279286e+03
   1.1160638e+03
   1.1043592e+03
   1.0928136e+03
   1.0814258e+03
   1.0701945e+03
   1.0591187e+03
   1.0481972e+03
   1.0374288e+03
   1.0268125e+03
   1.0163471e+03
   1.0060318e+03
   9.9586536e+02
   9.8584687e+02
   9.7597533e+02
   9.6624979e+02
   9.5666933e+02
   9.4723303e+02
   9.3794002e+02
   9.2878943e+02
   9.1978044e+02
   9.1091223e+02
   9.0218402e+02
   8.9359504e+02
   8.8514456e+02
   8.7683186e+02
   8.6865625e+02
   8.6061707e+02
   8.5271369e+02
   8.4494548e+02
   8.3731185e+02
   8.2981226e+02
   8.2244614e+02
   8.1521301e+02
   8.0811237e+02
   8.0114377e+02
   7.9430677e+02
   7.8760097e+02
   7.8102600e+02
   7.7458152e+02
   7.6826720e+02
   7.6208275e+02
   7.5602793e+02
   7.5010249e+02
   7.4430625e+02
   7.3863903e+02
   7.3310071e+02
   7.2769118e+02
   7.2241038e+02
   7.1725826e+02
   7.1223484e+02
   7.0734014e+02
   7.0257425e+02
   6.9793726e+02
   6.9342934e+02
   6.8905066e+02
   6.8480146e+02
   6.8068201e+02
   6.7669261e+02
   6.7283362e+02
   6.6910544e+02
   6.6550852e+02
   6.6204335e+02
   6.5871048e+02
   6.5551049e+02
   6.5244403e+02
   6.4951181e+02
   6.4671457e+02
   6.4405314e+02
   6.4152837e+02
   6.3914122e+02
   6.3689266e+02
   6.3478377e+02
   6.3281568e+02
   6.3098960e+02
   6.2930679e+02
   6.2776862e+02
   6.2637652e+02
   6.2513201e+02
   6.2403669e+02
   6.2309225e+02
   6.2230049e+02
   6.2166329e+02
   6.2118263e+02
   6.2086061e+02
   6.2069945e+02
   6.2070145e+02
   6.2086907e+02
   6.2120488e+02
   6.2171158e+02
   6.2239203e+02
   6.2324920e+02
   6.2428626e+02
   6.2550651e+02
   6.2691342e+02
   6.2851066e+02
   6.3030208e+02
   6.3229171e+02
   6.3448380e+02
   6.3688284e+02
   6.3949352e+02
   6.4232079e+02
   6.4536987e+02
   6.4864623e+02
   6.5215565e+02
   6.5590420e+02
   6.5989828e+02
   6.6414464e+02
   6.6865039e+02
   6.7342304e+02
   6.7847048e+02
   6.8380109e+02
   6.8942366e+02
   6.9534753e+02
   7.0158253e+02
   7.0813908e+02
   7.1502820e+02
   7.2226155e+02
   7.2985150e+02
   7.3781115e+02
   7.4615441e+02
   7.5489602e+02
   7.6405167e+02
   7.7363802e+02
   7.8367282e+02
   7.9417494e+02
   8.0516452e+02
   8.1666303e+02
   8.2869339e+02
   8.4128013e+02
   8.5444945e+02
   8.6822944e+02
   8.8265021e+02
   8.9774407e+02
   9.1354576e+02
   9.3009265e+02
   9.4742499e+02
   9.6558623e+02
   9.8462329e+02
   1.0045869e+03
   1.0255321e+03
   1.0475186e+03
   1.0706113e+03
   1.0948807e+03
   1.1204040e+03
   1.1472654e+03
   1.1755570e+03
   1.2053802e+03
   1.2368462e+03
   1.2700775e+03
   1.3052099e+03
   1.3423932e+03
   1.3817942e+03
   1.4235984e+03
   1.4680133e+03
   1.5152709e+03
   1.5656325e+03
   1.6193925e+03
   1.6768843e+03
   1.7384871e+03
   1.8046335e+03
   1.8758198e+03
   1.9526178e+03
   2.0356897e+03
   2.1258071e+03
   2.2238742e+03
   2.3309574e+03
   2.4483237e+03
   2.5774904e+03
   2.7202893e+03
   2.8789531e+03
   3.0562319e+03
   3.2555513e+03
   3.4812339e+03
   3.7388135e+03
   4.0354909e+03
   4.3808132e+03
   4.7877136e+03
   5.2741589e+03
   5.8658622e+03
   6.6009623e+03
   7.5385595e+03
   8.7754121e+03
   1.0481612e+04
   1.2986300e+04
   1.7020293e+04
   2.4597829e+04
   4.4038954e+04
   2.0350382e+05
  -7.8585860e+04
  -3.3103070e+04
  -2.1036352e+04
  -1.5453860e+04
  -1.2236253e+04
  -1.0143694e+04
  -8.6740922e+03
  -7.5854292e+03
  -6.7466760e+03
  -6.0807120e+03
  -5.5391870e+03
  -5.0902495e+03
  -4.7120621e+03
  -4.3891534e+03
  -4.1102552e+03
  -3.8669665e+03
  -3.6528956e+03
  -3.4630936e+03
  -3.2936690e+03
  -3.1415195e+03
  -3.0041418e+03
  -2.8794933e+03
  -2.7658914e+03
  -2.6619370e+03
  -2.5664575e+03
  -2.4784625e+03
  -2.3971101e+03
  -2.3216798e+03
  -2.2515514e+03
  -2.1861884e+03
  -2.1251239e+03
  -2.0679500e+03
  -2.0143087e+03
  -1.9638845e+03
  -1.9163983e+03
  -1.8716022e+03
  -1.8292752e+03
  -1.7892200e+03
  -1.7512595e+03
  -1.7152345e+03
  -1.6810016e+03
  -1.6484309e+03
  -1.6174049e+03
  -1.5878167e+03
  -1.5595691e+03
  -1.5325732e+03
  -1.5067481e+03
  -1.4820193e+03
  -1.4583187e+03
  -1.4355835e+03
  -1.4137561e+03
  -1.3927830e+03
  -1.3726150e+03
  -1.3532067e+03
  -1.3345158e+03
  -1.3165031e+03
  -1.2991322e+03
  -1.2823693e+03
  -1.2661827e+03
  -1.2505430e+03
  -1.2354228e+03
  -1.2207963e+03
  -1.2066394e+03
  -1.1929297e+03
  -1.1796460e+03
  -1.1667684e+03
  -1.1542782e+03
  -1.1421580e+03
  -1.1303912e+03
  -1.1189623e+03
  -1.1078565e+03
  -1.0970600e+03
  -1.0865597e+03
  -1.0763433e+03
  -1.0663990e+03
  -1.0567158e+03
  -1.0472831e+03
  -1.0380910e+03
  -1.0291300e+03
  -1.0203912e+03
  -1.0118661e+03
  -1.0035466e+03
  -9.9542486e+02
  -9.8749369e+02
  -9.7974607e+02
  -9.7217535e+02
  -9.6477518e+02
  -9.5753952e+02
  -9.5046260e+02
  -9.4353890e+02
  -9.3676316e+02
  -9.3013035e+02
  -9.2363565e+02
  -9.1727447e+02
  -9.1104239e+02
  -9.0493520e+02
  -8.9894886e+02
  -8.9307948e+02
  -8.8732337e+02
  -8.8167695e+02
  -8.7613681e+02
  -8.7069967e+02
  -8.6536238e+02
  -8.6012190e+02
  -8.5497534e+02
  -8.4991989e+02
  -8.4495287e+02
  -8.4007169e+02
  -8.3527385e+02
  -8.3055697e+02
  -8.2591874e+02
  -8.2135692e+02
  -8.1686939e+02
  -8.1245407e+02
  -8.0810897e+02
  -8.0383218e+02
  -7.9962184e+02
  -7.9547615e+02
  -7.9139341e+02
  -7.8737193e+02
  -7.8341012e+02
  -7.7950641e+02
  -7.7565930e+02
  -7.7186735e+02
  -7.6812914e+02
  -7.6444332e+02
  -7.6080857e+02
  -7.5722363e+02
  -7.5368726e+02
  -7.5019827e+02
  -7.4675552e+02
  -7.4335788e+02
  -7.4000427e+02
  -7.3669364e+02
  -7.3342498e+02
  -7.3019731e+02
  -7.2700966e+02
  -7.2386113e+02
  -7.2075080e+02
  -7.1767780e+02
  -7.1464130e+02
  -7.1164047e+02
  -7.0867452e+02
  -7.0574268e+02
  -7.0284418e+02
  -6.9997832e+02
  -6.9714437e+02
  -6.9434165e+02
  -6.9156950e+02
  -6.8882726e+02
  -6.8611431e+02
  -6.8343003e+02
  -6.8077381e+02
  -6.7814510e+02
  -6.7554331e+02
  -6.7296790e+02
  -6.7041834e+02
  -6.6789411e+02
  -6.6539470e+02
  -6.6291961e+02
  -6.6046838e+02
  -6.5804053e+02
  -6.5563561e+02
  -6.5325318e+02
  -6.5089280e+02
  -6.4855405e+02
  -6.4623653e+02
  -6.4393984e+02
  -6.4166359e+02
  -6.3940740e+02
  -6.3717089e+02
  -6.3495372e+02
  -6.3275552e+02
  -6.3057596e+02
  -6.2841470e+02
  -6.2627142e+02
  -6.2414580e+02
  -6.2203752e+02
  -6.1994629e+02
  -6.1787181e+02
  -6.1581379e+02
  -6.1377195e+02
  -6.1174601e+02
  -6.0973571e+02
  -6.0774079e+02
  -6.0576098e+02
  -6.0379604e+02
  -6.0184572e+02
  -5.9990979e+02
  -5.9798800e+02
  -5.9608015e+02
  -5.9418599e+02
  -5.9230532e+02
  -5.9043791e+02
  -5.8858357e+02
  -5.8674209e+02
  -5.8491327e+02
  -5.8309692e+02
  -5.8129284e+02
  -5.7950085e+02
  -5.7772077e+02
  -5.7595242e+02
  -5.7419562e+02
  -5.7245021e+02
  -5.7071602e+02
  -5.6899288e+02
  -5.6728064e+02
  -5.6557914e+02
  -5.6388822e+02
  -5.6220774e+02
  -5.6053755e+02
  -5.5887751e+02
  -5.5722747e+02
  -5.5558730e+02
  -5.5395687e+02
  -5.5233603e+02
  -5.5072467e+02
  -5.4912265e+02
  -5.4752985e+02
  -5.4594615e+02
  -5.4437142e+02
  -5.4280556e+02
  -5.4124845e+02
  -5.3969998e+02
  -5.3816003e+02
  -5.3662849e+02
  -5.3510527e+02
  -5.3359026e+02
  -5.3208335e+02
  -5.3058445e+02
  -5.2909345e+02
  -5.2761027e+02
  -5.2613481e+02
  -5.2466698e+02
  -5.2320667e+02
  -5.2175382e+02
  -5.2030833e+02
  -5.1887010e+02
  -5.1743907e+02
  -5.1601515e+02
  -5.1459825e+02
  -5.1318830e+02
  -5.1178522e+02
  -5.1038893e+02
  -5.0899935e+02
  -5.0761643e+02
  -5.0624007e+02
  -5.0487021e+02
  -5.0350678e+02
  -5.0214972e+02
  -5.0079895e+02
  -4.9945440e+02
  -4.9811602e+02
  -4.9678374e+02
  -4.9545750e+02
  -4.9413723e+02
  -4.9282287e+02
  -4.9151437e+02
  -4.9021166e+02
  -4.8891469e+02
  -4.8762340e+02
  -4.8633774e+02
  -4.8505766e+02
  -4.8378308e+02
  -4.8251398e+02
  -4.8125029e+02
  -4.7999195e+02
  -4.7873894e+02
  -4.7749118e+02
  -4.7624863e+02
  -4.7501126e+02
  -4.7377900e+02
  -4.7255181e+02
  -4.7132965e+02
  -4.7011248e+02
  -4.6890024e+02
  -4.6769290e+02
  -4.6649041e+02
  -4.6529273e+02
  -4.6409982e+02
  -4.6291163e+02
  -4.6172814e+02
  -4.6054929e+02
  -4.5937506e+02
  -4.5820539e+02
  -4.5704027e+02
  -4.5587963e+02
  -4.5472346e+02
  -4.5357172e+02
  -4.5242436e+02
  -4.5128136e+02
  -4.5014267e+02
  -4.4900828e+02
  -4.4787814e+02
  -4.4675221e+02
  -4.4563048e+02
  -4.4451290e+02
  -4.4339945e+02
  -4.4229009e+02
  -4.4118479e+02
  -4.4008353e+02
  -4.3898627e+02
  -4.3789298e+02
  -4.3680364e+02
  -4.3571822e+02
  -4.3463669e+02
  -4.3355902e+02
  -4.3248518e+02
  -4.3141515e+02
  -4.3034890e+02
  -4.2928640e+02
  -4.2822764e+02
  -4.2717258e+02
  -4.2612120e+02
  -4.2507347e+02
  -4.2402937e+02
  -4.2298888e+02
  -4.2195196e+02
  -4.2091861e+02
  -4.1988879e+02
  -4.1886249e+02
  -4.1783967e+02
  -4.1682032e+02
  -4.1580442e+02
  -4.1479194e+02
  -4.1378287e+02
  -4.1277717e+02
  -4.1177484e+02
  -4.1077584e+02
  -4.0978017e+02
  -4.0878780e+02
  -4.0779870e+02
  -4.0681287e+02
  -4.0583027e+02
  -4.0485090e+02
  -4.0387473e+02
  -4.0290175e+02
  -4.0193193e+02
  -4.0096526e+02
  -4.0000172e+02
  -3.9904129e+02
  -3.9808395e+02
  -3.9712969e+02
  -3.9617849e+02
  -3.9523034e+02
  -3.9428521e+02
  -3.9334309e+02
  -3.9240396e+02
  -3.9146781e+02
  -3.9053461e+02
  -3.8960437e+02
  -3.8867705e+02
  -3.8775265e+02
  -3.8683114e+02
  -3.8591252e+02
  -3.8499677e+02
  -3.8408387e+02
  -3.8317380e+02
  -3.8226657e+02
  -3.8136214e+02
  -3.8046050e+02
  -3.7956165e+02
  -3.7866557e+02
  -3.7777224e+02
  -3.7688165e+02
  -3.7599379e+02
  -3.7510864e+02
  -3.7422619e+02
  -3.7334642e+02
  -3.7246934e+02
  -3.7159491e+02
  -3.7072313e+02
  -3.6985398e+02
  -3.6898746e+02
  -3.6812356e+02
  -3.6726225e+02
  -3.6640352e+02
  -3.6554737e+02
  -3.6469379e+02
  -3.6384275e+02
  -3.6299426e+02
  -3.6214829e+02
  -3.6130484e+02
  -3.6046390e+02
  -3.5962545e+02
  -3.5878948e+02
  -3.5795598e+02
  -3.5712495e+02
  -3.5629637e+02
  -3.5547022e+02
  -3.5464650e+02
  -3.5382521e+02
  -3.5300632e+02
  -3.5218982e+02
  -3.5137572e+02
  -3.5056399e+02
  -3.4975463e+02
  -3.4894763e+02
  -3.4814297e+02
  -3.4734065e+02
  -3.4654066e+02
  -3.4574298e+02
  -3.4494762e+02
  -3.4415455e+02
  -3.4336377e+02
  -3.4257527e+02
  -3.4178904e+02
  -3.4100508e+02
  -3.4022336e+02
  -3.3944389e+02
  -3.3866666e+02
  -3.3789165e+02
  -3.3711885e+02
  -3.3634827e+02
  -3.3557988e+02
  -3.3481368e+02
  -3.3404966e+02
  -3.3328782e+02
  -3.3252814e+02
  -3.3177062e+02
  -3.3101525e+02
  -3.3026201e+02
  -3.2951091e+02
  -3.2876193e+02
  -3.2801507e+02
  -3.2727031e+02
  -3.2652765e+02
  -3.2578709e+02
  -3.2504860e+02
  -3.2431220e+02
  -3.2357786e+02
  -3.2284558e+02
  -3.2211535e+02
  -3.2138717e+02
  -3.2066102e+02
  -3.1993691e+02
  -3.1921482e+02
  -3.1849474e+02
  -3.1777667e+02
  -3.1706060e+02
  -3.1634652e+02
  -3.1563443e+02
  -3.1492432e+02
  -3.1421618e+02
  -3.1351000e+02
  -3.1280578e+02
  -3.1210351e+02
  -3.1140319e+02
  -3.1070480e+02
  -3.1000834e+02
  -3.0931381e+02
  -3.0862119e+02
  -3.0793048e+02
  -3.0724167e+02
  -3.0655476e+02
  -3.0586974e+02
  -3.0518660e+02
  -3.0450533e+02
  -3.0382594e+02
  -3.0314841e+02
  -3.0247274e+02
  -3.0179892e+02
  -3.0112694e+02
  -3.0045680e+02
  -2.9978849e+02
  -2.9912201e+02
  -2.9845735e+02
  -2.9779450e+02
  -2.9713345e+02
  -2.9647421e+02
  -2.9581676e+02
  -2.9516110e+02
  -2.9450723e+02
  -2.9385513e+02
  -2.9320480e+02
  -2.9255623e+02
  -2.9190943e+02
  -2.9126438e+02
  -2.9062107e+02
  -2.8997951e+02
  -2.8933968e+02
  -2.8870159e+02
  -2.8806522e+02
  -2.8743056e+02
  -2.8679762e+02
  -2.8616639e+02
  -2.8553686e+02
  -2.8490902e+02
  -2.8428288e+02
  -2.8365842e+02
  -2.8303564e+02
  -2.8241454e+02
  -2.8179510e+02
  -2.8117733e+02
  -2.8056122e+02
  -2.7994676e+02
  -2.7933394e+02
  -2.7872277e+02
  -2.7811324e+02
  -2.7750534e+02
  -2.7689906e+02
  -2.7629441e+02
  -2.7569137e+02
  -2.7508995e+02
  -2.7449013e+02
  -2.7389191e+02
  -2.7329529e+02
  -2.7270025e+02
  -2.7210681e+02
  -2.7151494e+02
  -2.7092465e+02
  -2.7033593e+02
  -2.6974878e+02
  -2.6916319e+02
  -2.6857915e+02
  -2.6799667e+02
  -2.6741573e+02
  -2.6683633e+02
  -2.6625847e+02
  -2.6568214e+02
  -2.6510734e+02
  -2.6453406e+02
  -2.6396230e+02
  -2.6339206e+02
  -2.6282332e+02
  -2.6225608e+02
  -2.6169034e+02
  -2.6112610e+02
  -2.6056335e+02
  -2.6000208e+02
  -2.5944230e+02
  -2.5888399e+02
  -2.5832715e+02
  -2.5777178e+02
  -2.5721787e+02
  -2.5666542e+02
  -2.5611442e+02
  -2.5556487e+02
  -2.5501677e+02
  -2.5447010e+02
  -2.5392488e+02
  -2.5338108e+02
  -2.5283871e+02
  -2.5229777e+02
  -2.5175824e+02
  -2.5122013e+02
  -2.5068343e+02
  -2.5014813e+02
  -2.4961424e+02
  -2.4908174e+02
  -2.4855064e+02
  -2.4802092e+02
  -2.4749259e+02
  -2.4696564e+02
  -2.4644007e+02
  -2.4591587e+02
  -2.4539303e+02
  -2.4487156e+02
  -2.4435145e+02
  -2.4383270e+02
  -2.4331530e+02
  -2.4279924e+02
  -2.4228453e+02
  -2.4177116e+02
  -2.4125913e+02
  -2.4074843e+02
  -2.4023905e+02
  -2.3973100e+02
  -2.3922427e+02
  -2.3871885e+02
  -2.3821475e+02
  -2.3771195e+02
  -2.3721046e+02
  -2.3671027e+02
  -2.3621138e+02
  -2.3571377e+02
  -2.3521746e+02
  -2.3472243e+02
  -2.3422869e+02
  -2.3373622e+02
  -2.3324502e+02
  -2.3275509e+02
  -2.3226643e+02
  -2.3177904e+02
  -2.3129290e+02
  -2.3080802e+02
  -2.3032438e+02
  -2.2984200e+02
  -2.2936086e+02
  -2.2888096e+02
  -2.2840229e+02
  -2.2792486e+02
  -2.2744866e+02
  -2.2697369e+02
  -2.2649993e+02
  -2.2602740e+02
  -2.2555608e+02
  -2.2508597e+02
  -2.2461707e+02
  -2.2414937e+02
  -2.2368288e+02
  -2.2321758e+02
  -2.2275348e+02
  -2.2229056e+02
  -2.2182884e+02
  -2.2136829e+02
  -2.2090893e+02
  -2.2045074e+02
  -2.1999373e+02
  -2.1953789e+02
  -2.1908321e+02
  -2.1862969e+02
  -2.1817734e+02
  -2.1772614e+02
  -2.1727609e+02
  -2.1682720e+02
  -2.1637945e+02
  -2.1593284e+02
  -2.1548737e+02
  -2.1504304e+02
  -2.1459984e+02
  -2.1415777e+02
  -2.1371683e+02
  -2.1327701e+02
  -2.1283831e+02
  -2.1240073e+02
  -2.1196426e+02
  -2.1152890e+02
  -2.1109464e+02
  -2.1066150e+02
  -2.1022945e+02
  -2.0979850e+02
  -2.0936864e+02
  -2.0893987e+02
  -2.0851220e+02
  -2.0808560e+02
  -2.0766009e+02
  -2.0723566e+02
  -2.0681230e+02
  -2.0639001e+02
  -2.0596880e+02
  -2.0554865e+02
  -2.0512956e+02
  -2.0471154e+02
  -2.0429457e+02
  -2.0387865e+02
  -2.0346379e+02
  -2.0304997e+02
  -2.0263720e+02
  -2.0222547e+02
  -2.0181478e+02
  -2.0140512e+02
  -2.0099650e+02
  -2.0058891e+02
  -2.0018234e+02
  -1.9977680e+02
  -1.9937228e+02
  -1.9896878e+02
  -1.9856630e+02
  -1.9816482e+02
  -1.9776436e+02
  -1.9736490e+02
  -1.9696645e+02
  -1.9656900e+02
  -1.9617254e+02
  -1.9577709e+02
  -1.9538262e+02
  -1.9498914e+02
  -1.9459665e+02
  -1.9420515e+02
  -1.9381462e+02
  -1.9342507e+02
  -1.9303650e+02
  -1.9264890e+02
  -1.9226228e+02
  -1.9187661e+02
  -1.9149192e+02
  -1.9110818e+02
  -1.9072541e+02
  -1.9034359e+02
  -1.8996272e+02
  -1.8958281e+02
  -1.8920384e+02
  -1.8882582e+02
  -1.8844874e+02
  -1.8807260e+02
  -1.8769740e+02
  -1.8732313e+02
  -1.8694979e+02
  -1.8657739e+02
  -1.8620591e+02
  -1.8583536e+02
  -1.8546572e+02
  -1.8509701e+02
  -1.8472921e+02
  -1.8436233e+02
  -1.8399635e+02
  -1.8363129e+02
  -1.8326713e+02
  -1.8290388e+02
  -1.8254152e+02
  -1.8218007e+02
  -1.8181951e+02
  -1.8145984e+02
  -1.8110107e+02
  -1.8074318e+02
  -1.8038618e+02
  -1.8003006e+02
  -1.7967482e+02
  -1.7932046e+02
  -1.7896698e+02
  -1.7861436e+02
  -1.7826262e+02
  -1.7791175e+02
  -1.7756175e+02
  -1.7721260e+02
  -1.7686432e+02
  -1.7651690e+02
  -1.7617033e+02
  -1.7582462e+02
  -1.7547976e+02
  -1.7513575e+02
  -1.7479258e+02
  -1.7445026e+02
  -1.7410878e+02
  -1.7376814e+02
  -1.7342833e+02
  -1.7308937e+02
  -1.7275123e+02
  -1.7241392e+02
  -1.7207744e+02
  -1.7174179e+02
  -1.7140696e+02
  -1.7107295e+02
  -1.7073976e+02
  -1.7040738e+02
  -1.7007582e+02
  -1.6974507e+02
  -1.6941513e+02
  -1.6908600e+02
  -1.6875767e+02
  -1.6843014e+02
  -1.6810342e+02
  -1.6777749e+02
  -1.6745236e+02
  -1.6712802e+02
  -1.6680447e+02
  -1.6648171e+02
  -1.6615974e+02
  -1.6583855e+02
  -1.6551815e+02
  -1.6519852e+02
  -1.6487968e+02
  -1.6456161e+02
  -1.6424431e+02
  -1.6392779e+02
  -1.6361203e+02
  -1.6329704e+02
  -1.6298282e+02
  -1.6266936e+02
  -1.6235666e+02
  -1.6204472e+02
  -1.6173354e+02
  -1.6142311e+02
  -1.6111343e+02
  -1.6080450e+02
  -1.6049633e+02
  -1.6018889e+02
  -1.5988220e+02
  -1.5957626e+02
  -1.5927105e+02
  -1.5896658e+02
  -1.5866285e+02
  -1.5835985e+02
  -1.5805758e+02
  -1.5775605e+02
  -1.5745524e+02
  -1.5715515e+02
  -1.5685579e+02
  -1.5655715e+02
  -1.5625923e+02
  -1.5596203e+02
  -1.5566554e+02
  -1.5536977e+02
  -1.5507471e+02
  -1.5478036e+02
  -1.5448671e+02
  -1.5419377e+02
  -1.5390154e+02
  -1.5361001e+02
  -1.5331917e+02
  -1.5302904e+02
  -1.5273960e+02
  -1.5245085e+02
  -1.5216280e+02
  -1.5187544e+02
  -1.5158876e+02
  -1.5130277e+02
  -1.5101747e+02
  -1.5073285e+02
  -1.5044890e+02
  -1.5016564e+02
  -1.4988306e+02
  -1.4960115e+02
  -1.4931991e+02
  -1.4903934e+02
  -1.4875945e+02
  -1.4848022e+02
  -1.4820165e+02
  -1.4792376e+02
  -1.4764652e+02
  -1.4736994e+02
  -1.4709402e+02
  -1.4681876e+02
  -1.4654415e+02
  -1.4627020e+02
  -1.4599690e+02
  -1.4572424e+02
  -1.4545224e+02
  -1.4518088e+02
  -1.4491016e+02
  -1.4464009e+02
  -1.4437065e+02
  -1.4410186e+02
  -1.4383370e+02
  -1.4356618e+02
  -1.4329929e+02
  -1.4303303e+02
  -1.4276740e+02
  -1.4250240e+02
  -1.4223803e+02
  -1.4197428e+02
  -1.4171116e+02
  -1.4144865e+02
  -1.4118677e+02
  -1.4092550e+02
  -1.4066485e+02
  -1.4040482e+02
  -1.4014539e+02
  -1.3988658e+02
  -1.3962838e+02
  -1.3937079e+02
  -1.3911380e+02
  -1.3885741e+02
  -1.3860163e+02
  -1.3834645e+02
  -1.3809187e+02
  -1.3783789e+02
  -1.3758451e+02
  -1.3733172e+02
  -1.3707952e+02
  -1.3682791e+02
  -1.3657689e+02
  -1.3632646e+02
  -1.3607662e+02
  -1.3582737e+02
  -1.3557869e+02
  -1.3533060e+02
  -1.3508309e+02
  -1.3483615e+02
  -1.3458980e+02
  -1.3434402e+02
  -1.3409881e+02
  -1.3385417e+02
  -1.3361011e+02
  -1.3336661e+02
  -1.3312369e+02
  -1.3288132e+02
  -1.3263953e+02
  -1.3239829e+02
  -1.3215762e+02
  -1.3191751e+02
  -1.3167795e+02
  -1.3143895e+02
  -1.3120051e+02
  -1.3096262e+02
  -1.3072529e+02
  -1.3048850e+02
  -1.3025227e+02
  -1.3001658e+02
  -1.2978144e+02
  -1.2954684e+02
  -1.2931279e+02
  -1.2907928e+02
  -1.2884630e+02
  -1.2861387e+02
  -1.2838198e+02
  -1.2815062e+02
  -1.2791979e+02
  -1.2768950e+02
  -1.2745974e+02
  -1.2723051e+02
  -1.2700181e+02
  -1.2677364e+02
  -1.2654600e+02
  -1.2631887e+02
  -1.2609227e+02
  -1.2586620e+02
  -1.2564064e+02
  -1.2541560e+02
  -1.2519108e+02
  -1.2496707e+02
  -1.2474358e+02
  -1.2452061e+02
  -1.2429814e+02
  -1.2407619e+02
  -1.2385474e+02
  -1.2363381e+02
  -1.2341337e+02
  -1.2319345e+02
  -1.2297403e+02
  -1.2275511e+02
  -1.2253669e+02
  -1.2231877e+02
  -1.2210135e+02
  -1.2188442e+02
  -1.2166799e+02
  -1.2145206e+02
  -1.2123662e+02
  -1.2102167e+02
  -1.2080721e+02
  -1.2059324e+02
  -1.2037975e+02
  -1.2016676e+02
  -1.1995424e+02
  -1.1974222e+02
  -1.1953067e+02
  -1.1931961e+02
  -1.1910902e+02
  -1.1889892e+02
  -1.1868929e+02
  -1.1848013e+02
  -1.1827146e+02
  -1.1806325e+02
  -1.1785552e+02
  -1.1764826e+02
  -1.1744146e+02
  -1.1723514e+02
  -1.1702928e+02
  -1.1682389e+02
  -1.1661897e+02
  -1.1641450e+02
  -1.1621050e+02
  -1.1600696e+02
  -1.1580388e+02
  -1.1560126e+02
  -1.1539910e+02
  -1.1519739e+02
  -1.1499614e+02
  -1.1479534e+02
  -1.1459499e+02
  -1.1439509e+02
  -1.1419565e+02
  -1.1399665e+02
  -1.1379810e+02
  -1.1359999e+02
  -1.1340234e+02
  -1.1320512e+02
  -1.1300835e+02
  -1.1281202e+02
  -1.1261613e+02
  -1.1242068e+02
  -1.1222567e+02
  -1.1203109e+02
  -1.1183695e+02
  -1.1164325e+02
  -1.1144998e+02
  -1.1125714e+02
  -1.1106473e+02
  -1.1087275e+02
  -1.1068120e+02
  -1.1049008e+02
  -1.1029939e+02
  -1.1010912e+02
  -1.0991927e+02
  -1.0972985e+02
  -1.0954085e+02
  -1.0935227e+02
  -1.0916411e+02
  -1.0897637e+02
  -1.0878905e+02
  -1.0860215e+02
  -1.0841566e+02
  -1.0822958e+02
  -1.0804392e+02
  -1.0785867e+02
  -1.0767383e+02
  -1.0748940e+02
  -1.0730538e+02
  -1.0712177e+02
  -1.0693856e+02
  -1.0675576e+02
  -1.0657337e+02
  -1.0639138e+02
  -1.0620979e+02
  -1.0602860e+02
  -1.0584781e+02
  -1.0566743e+02
  -1.0548744e+02
  -1.0530784e+02
  -1.0512865e+02
  -1.0494985e+02
  -1.0477144e+02
  -1.0459343e+02
  -1.0441581e+02
  -1.0423857e+02
  -1.0406173e+02
  -1.0388528e+02
  -1.0370922e+02
  -1.0353354e+02
  -1.0335825e+02
  -1.0318334e+02
  -1.0300882e+02
  -1.0283468e+02
  -1.0266093e+02
  -1.0248755e+02
  -1.0231455e+02
  -1.0214194e+02
  -1.0196970e+02
  -1.0179783e+02
  -1.0162635e+02
  -1.0145523e+02
  -1.0128450e+02
  -1.0111413e+02
  -1.0094414e+02
  -1.0077452e+02
  -1.0060527e+02
  -1.0043638e+02
  -1.0026787e+02
  -1.0009972e+02
  -9.9931941e+01
  -9.9764525e+01
  -9.9597474e+01
  -9.9430786e+01
  -9.9264460e+01
  -9.9098496e+01
  -9.8932893e+01
  -9.8767649e+01
  -9.8602764e+01
  -9.8438237e+01
  -9.8274066e+01
  -9.8110252e+01
  -9.7946792e+01
  -9.7783687e+01
  -9.7620934e+01
  -9.7458534e+01
  -9.7296485e+01
  -9.7134787e+01
  -9.6973438e+01
  -9.6812438e+01
  -9.6651785e+01
  -9.6491479e+01
  -9.6331519e+01
  -9.6171904e+01
  -9.6012633e+01
  -9.5853706e+01
  -9.5695121e+01
  -9.5536877e+01
  -9.5378974e+01
  -9.5221410e+01
  -9.5064185e+01
  -9.4907298e+01
  -9.4750749e+01
  -9.4594535e+01
  -9.4438657e+01
  -9.4283113e+01
  -9.4127903e+01
  -9.3973026e+01
  -9.3818480e+01
  -9.3664266e+01
  -9.3510382e+01
  -9.3356827e+01
  -9.3203600e+01
  -9.3050701e+01
  -9.2898129e+01
