   1.3660742e+08
   1.0266919e+08
   7.9107735e+07
   6.2241163e+07
   4.9850475e+07
   4.0543932e+07
   3.3418466e+07
   2.7870651e+07
   2.3486828e+07
   1.9976973e+07
   1.7133642e+07
   1.4805790e+07
   1.2881660e+07
   1.1277358e+07
   9.9290740e+06
   8.7876888e+06
   7.8149729e+06
   6.9808720e+06
   6.2615368e+06
   5.6378785e+06
   5.0944962e+06
   4.6188712e+06
   4.2007570e+06
   3.8317119e+06
   3.5047394e+06
   3.2140069e+06
   2.9546260e+06
   2.7224792e+06
   2.5140813e+06
   2.3264692e+06
   2.1571126e+06
   2.0038422e+06
   1.8647911e+06
   1.7383463e+06
   1.6231099e+06
   1.5178657e+06
   1.4215528e+06
   1.3332426e+06
   1.2521200e+06
   1.1774678e+06
   1.1086528e+06
   1.0451148e+06
   9.8635696e+05
   9.3193764e+05
   8.8146320e+05
   8.3458214e+05
   7.9097991e+05
   7.5037445e+05
   7.1251234e+05
   6.7716547e+05
   6.4412812e+05
   6.1321445e+05
   5.8425629e+05
   5.5710122e+05
   5.3161086e+05
   5.0765938e+05
   4.8513222e+05
   4.6392490e+05
   4.4394200e+05
   4.2509629e+05
   4.0730788e+05
   3.9050353e+05
   3.7461601e+05
   3.5958354e+05
   3.4534925e+05
   3.3186078e+05
   3.1906983e+05
   3.0693180e+05
   2.9540548e+05
   2.8445275e+05
   2.7403830e+05
   2.6412941e+05
   2.5469570e+05
   2.4570897e+05
   2.3714300e+05
   2.2897342e+05
   2.2117749e+05
   2.1373407e+05
   2.0662341e+05
   1.9982707e+05
   1.9332784e+05
   1.8710964e+05
   1.8115738e+05
   1.7545699e+05
   1.6999524e+05
   1.6475974e+05
   1.5973888e+05
   1.5492174e+05
   1.5029807e+05
   1.4585823e+05
   1.4159314e+05
   1.3749428e+05
   1.3355360e+05
   1.2976352e+05
   1.2611691e+05
   1.2260701e+05
   1.1922747e+05
   1.1597227e+05
   1.1283573e+05
   1.0981248e+05
   1.0689744e+05
   1.0408578e+05
   1.0137296e+05
   9.8754664e+04
   9.6226791e+04
   9.3785463e+04
   9.1426995e+04
   8.9147893e+04
   8.6944835e+04
   8.4814666e+04
   8.2754388e+04
   8.0761148e+04
   7.8832233e+04
   7.6965061e+04
   7.5157174e+04
   7.3406229e+04
   7.1709995e+04
   7.0066344e+04
   6.8473249e+04
   6.6928772e+04
   6.5431068e+04
   6.3978374e+04
   6.2569005e+04
   6.1201352e+04
   5.9873879e+04
   5.8585114e+04
   5.7333653e+04
   5.6118151e+04
   5.4937320e+04
   5.3789929e+04
   5.2674798e+04
   5.1590797e+04
   5.0536843e+04
   4.9511899e+04
   4.8514969e+04
   4.7545099e+04
   4.6601373e+04
   4.5682914e+04
   4.4788878e+04
   4.3918456e+04
   4.3070869e+04
   4.2245371e+04
   4.1441245e+04
   4.0657799e+04
   3.9894372e+04
   3.9150324e+04
   3.8425043e+04
   3.7717938e+04
   3.7028441e+04
   3.6356005e+04
   3.5700103e+04
   3.5060228e+04
   3.4435892e+04
   3.3826623e+04
   3.3231968e+04
   3.2651490e+04
   3.2084766e+04
   3.1531390e+04
   3.0990970e+04
   3.0463126e+04
   2.9947494e+04
   2.9443721e+04
   2.8951467e+04
   2.8470401e+04
   2.8000208e+04
   2.7540581e+04
   2.7091222e+04
   2.6651845e+04
   2.6222174e+04
   2.5801940e+04
   2.5390885e+04
   2.4988759e+04
   2.4595318e+04
   2.4210330e+04
   2.3833566e+04
   2.3464808e+04
   2.3103843e+04
   2.2750465e+04
   2.2404475e+04
   2.2065681e+04
   2.1733894e+04
   2.1408934e+04
   2.1090626e+04
   2.0778799e+04
   2.0473288e+04
   2.0173934e+04
   1.9880581e+04
   1.9593080e+04
   1.9311283e+04
   1.9035051e+04
   1.8764245e+04
   1.8498732e+04
   1.8238382e+04
   1.7983072e+04
   1.7732677e+04
   1.7487081e+04
   1.7246168e+04
   1.7009826e+04
   1.6777948e+04
   1.6550427e+04
   1.6327162e+04
   1.6108052e+04
   1.5893002e+04
   1.5681917e+04
   1.5474705e+04
   1.5271279e+04
   1.5071550e+04
   1.4875436e+04
   1.4682855e+04
   1.4493727e+04
   1.4307974e+04
   1.4125521e+04
   1.3946295e+04
   1.3770225e+04
   1.3597241e+04
   1.3427276e+04
   1.3260263e+04
   1.3096139e+04
   1.2934840e+04
   1.2776307e+04
   1.2620480e+04
   1.2467301e+04
   1.2316713e+04
   1.2168663e+04
   1.2023097e+04
   1.1879962e+04
   1.1739207e+04
   1.1600784e+04
   1.1464644e+04
   1.1330740e+04
   1.1199026e+04
   1.1069457e+04
   1.0941989e+04
   1.0816580e+04
   1.0693189e+04
   1.0571775e+04
   1.0452298e+04
   1.0334719e+04
   1.0219001e+04
   1.0105108e+04
   9.9930019e+03
   9.8826494e+03
   9.7740156e+03
   9.6670672e+03
   9.5617714e+03
   9.4580964e+03
   9.3560110e+03
   9.2554847e+03
   9.1564878e+03
   9.0589913e+03
   8.9629666e+03
   8.8683862e+03
   8.7752228e+03
   8.6834499e+03
   8.5930416e+03
   8.5039726e+03
   8.4162181e+03
   8.3297539e+03
   8.2445563e+03
   8.1606022e+03
   8.0778688e+03
   7.9963341e+03
   7.9159764e+03
   7.8367745e+03
   7.7587075e+03
   7.6817553e+03
   7.6058980e+03
   7.5311162e+03
   7.4573908e+03
   7.3847033e+03
   7.3130353e+03
   7.2423692e+03
   7.1726873e+03
   7.1039728e+03
   7.0362087e+03
   6.9693788e+03
   6.9034670e+03
   6.8384576e+03
   6.7743351e+03
   6.7110846e+03
   6.6486913e+03
   6.5871406e+03
   6.5264185e+03
   6.4665111e+03
   6.4074047e+03
   6.3490861e+03
   6.2915421e+03
   6.2347600e+03
   6.1787273e+03
   6.1234317e+03
   6.0688610e+03
   6.0150035e+03
   5.9618477e+03
   5.9093821e+03
   5.8575956e+03
   5.8064774e+03
   5.7560166e+03
   5.7062029e+03
   5.6570260e+03
   5.6084757e+03
   5.5605421e+03
   5.5132155e+03
   5.4664865e+03
   5.4203456e+03
   5.3747837e+03
   5.3297917e+03
   5.2853610e+03
   5.2414827e+03
   5.1981485e+03
   5.1553499e+03
   5.1130788e+03
   5.0713271e+03
   5.0300870e+03
   4.9893507e+03
   4.9491106e+03
   4.9093593e+03
   4.8700894e+03
   4.8312937e+03
   4.7929653e+03
   4.7550970e+03
   4.7176822e+03
   4.6807142e+03
   4.6441863e+03
   4.6080922e+03
   4.5724254e+03
   4.5371799e+03
   4.5023494e+03
   4.4679279e+03
   4.4339097e+03
   4.4002888e+03
   4.3670596e+03
   4.3342164e+03
   4.3017539e+03
   4.2696665e+03
   4.2379490e+03
   4.2065961e+03
   4.1756028e+03
   4.1449640e+03
   4.1146747e+03
   4.0847301e+03
   4.0551254e+03
   4.0258559e+03
   3.9969169e+03
   3.9683039e+03
   3.9400125e+03
   3.9120382e+03
   3.8843768e+03
   3.8570239e+03
   3.8299754e+03
   3.8032272e+03
   3.7767753e+03
   3.7506156e+03
   3.7247443e+03
   3.6991575e+03
   3.6738514e+03
   3.6488224e+03
   3.6240667e+03
   3.5995807e+03
   3.5753610e+03
   3.5514040e+03
   3.5277063e+03
   3.5042646e+03
   3.4810754e+03
   3.4581356e+03
   3.4354419e+03
   3.4129912e+03
   3.3907804e+03
   3.3688063e+03
   3.3470661e+03
   3.3255566e+03
   3.3042750e+03
   3.2832185e+03
   3.2623841e+03
   3.2417692e+03
   3.2213709e+03
   3.2011866e+03
   3.1812136e+03
   3.1614493e+03
   3.1418911e+03
   3.1225365e+03
   3.1033830e+03
   3.0844281e+03
   3.0656694e+03
   3.0471046e+03
   3.0287312e+03
   3.0105470e+03
   2.9925497e+03
   2.9747371e+03
   2.9571069e+03
   2.9396569e+03
   2.9223851e+03
   2.9052893e+03
   2.8883674e+03
   2.8716174e+03
   2.8550373e+03
   2.8386251e+03
   2.8223789e+03
   2.8062966e+03
   2.7903764e+03
   2.7746165e+03
   2.7590149e+03
   2.7435700e+03
   2.7282798e+03
   2.7131426e+03
   2.6981568e+03
   2.6833205e+03
   2.6686321e+03
   2.6540899e+03
   2.6396923e+03
   2.6254377e+03
   2.6113244e+03
   2.5973510e+03
   2.5835159e+03
   2.5698175e+03
   2.5562543e+03
   2.5428249e+03
   2.5295278e+03
   2.5163616e+03
   2.5033248e+03
   2.4904161e+03
   2.4776341e+03
   2.4649774e+03
   2.4524447e+03
   2.4400347e+03
   2.4277461e+03
   2.4155775e+03
   2.4035278e+03
   2.3915956e+03
   2.3797799e+03
   2.3680792e+03
   2.3564925e+03
   2.3450186e+03
   2.3336564e+03
   2.3224046e+03
   2.3112621e+03
   2.3002279e+03
   2.2893008e+03
   2.2784798e+03
   2.2677638e+03
   2.2571518e+03
   2.2466427e+03
   2.2362354e+03
   2.2259291e+03
   2.2157226e+03
   2.2056151e+03
   2.1956055e+03
   2.1856929e+03
   2.1758764e+03
   2.1661551e+03
   2.1565279e+03
   2.1469941e+03
   2.1375528e+03
   2.1282030e+03
   2.1189439e+03
   2.1097747e+03
   2.1006945e+03
   2.0917025e+03
   2.0827979e+03
   2.0739799e+03
   2.0652477e+03
   2.0566004e+03
   2.0480375e+03
   2.0395579e+03
   2.0311612e+03
   2.0228464e+03
   2.0146129e+03
   2.0064599e+03
   1.9983868e+03
   1.9903929e+03
   1.9824774e+03
   1.9746397e+03
   1.9668791e+03
   1.9591949e+03
   1.9515866e+03
   1.9440535e+03
   1.9365949e+03
   1.9292103e+03
   1.9218989e+03
   1.9146603e+03
   1.9074938e+03
   1.9003988e+03
   1.8933748e+03
   1.8864211e+03
   1.8795373e+03
   1.8727228e+03
   1.8659770e+03
   1.8592994e+03
   1.8526895e+03
   1.8461468e+03
   1.8396706e+03
   1.8332607e+03
   1.8269163e+03
   1.8206372e+03
   1.8144227e+03
   1.8082723e+03
   1.8021858e+03
   1.7961625e+03
   1.7902020e+03
   1.7843039e+03
   1.7784678e+03
   1.7726932e+03
   1.7669796e+03
   1.7613268e+03
   1.7557342e+03
   1.7502015e+03
   1.7447282e+03
   1.7393140e+03
   1.7339586e+03
   1.7286614e+03
   1.7234222e+03
   1.7182406e+03
   1.7131162e+03
   1.7080487e+03
   1.7030377e+03
   1.6980829e+03
   1.6931840e+03
   1.6883407e+03
   1.6835525e+03
   1.6788193e+03
   1.6741407e+03
   1.6695164e+03
   1.6649461e+03
   1.6604295e+03
   1.6559664e+03
   1.6515564e+03
   1.6471993e+03
   1.6428949e+03
   1.6386428e+03
   1.6344428e+03
   1.6302947e+03
   1.6261983e+03
   1.6221532e+03
   1.6181593e+03
   1.6142163e+03
   1.6103240e+03
   1.6064822e+03
   1.6026907e+03
   1.5989494e+03
   1.5952579e+03
   1.5916161e+03
   1.5880239e+03
   1.5844809e+03
   1.5809872e+03
   1.5775425e+03
   1.5741466e+03
   1.5707994e+03
   1.5675007e+03
   1.5642504e+03
   1.5610483e+03
   1.5578944e+03
   1.5547885e+03
   1.5517304e+03
   1.5487201e+03
   1.5457574e+03
   1.5428422e+03
   1.5399745e+03
   1.5371541e+03
   1.5343809e+03
   1.5316549e+03
   1.5289761e+03
   1.5263442e+03
   1.5237593e+03
   1.5212212e+03
   1.5187301e+03
   1.5162857e+03
   1.5138881e+03
   1.5115372e+03
   1.5092329e+03
   1.5069754e+03
   1.5047645e+03
   1.5026003e+03
   1.5004827e+03
   1.4984117e+03
   1.4963874e+03
   1.4944098e+03
   1.4924789e+03
   1.4905947e+03
   1.4887572e+03
   1.4869666e+03
   1.4852228e+03
   1.4835259e+03
   1.4818759e+03
   1.4802730e+03
   1.4787173e+03
   1.4772087e+03
   1.4757474e+03
   1.4743335e+03
   1.4729671e+03
   1.4716484e+03
   1.4703773e+03
   1.4691542e+03
   1.4679790e+03
   1.4668520e+03
   1.4657733e+03
   1.4647430e+03
   1.4637615e+03
   1.4628287e+03
   1.4619449e+03
   1.4611104e+03
   1.4603252e+03
   1.4595897e+03
   1.4589041e+03
   1.4582685e+03
   1.4576833e+03
   1.4571487e+03
   1.4566649e+03
   1.4562323e+03
   1.4558510e+03
   1.4555215e+03
   1.4552440e+03
   1.4550189e+03
   1.4548464e+03
   1.4547269e+03
   1.4546608e+03
   1.4546485e+03
   1.4546902e+03
   1.4547864e+03
   1.4549375e+03
   1.4551440e+03
   1.4554062e+03
   1.4557245e+03
   1.4560996e+03
   1.4565317e+03
   1.4570215e+03
   1.4575693e+03
   1.4581758e+03
   1.4588415e+03
   1.4595669e+03
   1.4603525e+03
   1.4611990e+03
   1.4621070e+03
   1.4630770e+03
   1.4641098e+03
   1.4652060e+03
   1.4663662e+03
   1.4675912e+03
   1.4688816e+03
   1.4702383e+03
   1.4716619e+03
   1.4731533e+03
   1.4747132e+03
   1.4763425e+03
   1.4780421e+03
   1.4798128e+03
   1.4816555e+03
   1.4835711e+03
   1.4855607e+03
   1.4876252e+03
   1.4897655e+03
   1.4919829e+03
   1.4942782e+03
   1.4966528e+03
   1.4991075e+03
   1.5016438e+03
   1.5042627e+03
   1.5069655e+03
   1.5097534e+03
   1.5126279e+03
   1.5155903e+03
   1.5186419e+03
   1.5217842e+03
   1.5250186e+03
   1.5283468e+03
   1.5317703e+03
   1.5352908e+03
   1.5389098e+03
   1.5426291e+03
   1.5464505e+03
   1.5503758e+03
   1.5544070e+03
   1.5585459e+03
   1.5627946e+03
   1.5671552e+03
   1.5716297e+03
   1.5762205e+03
   1.5809298e+03
   1.5857599e+03
   1.5907133e+03
   1.5957924e+03
   1.6010000e+03
   1.6063386e+03
   1.6118111e+03
   1.6174202e+03
   1.6231690e+03
   1.6290605e+03
   1.6350979e+03
   1.6412845e+03
   1.6476236e+03
   1.6541187e+03
   1.6607735e+03
   1.6675917e+03
   1.6745772e+03
   1.6817341e+03
   1.6890665e+03
   1.6965788e+03
   1.7042754e+03
   1.7121611e+03
   1.7202405e+03
   1.7285188e+03
   1.7370012e+03
   1.7456930e+03
   1.7545999e+03
   1.7637278e+03
   1.7730825e+03
   1.7826706e+03
   1.7924985e+03
   1.8025731e+03
   1.8129014e+03
   1.8234909e+03
   1.8343493e+03
   1.8454846e+03
   1.8569052e+03
   1.8686197e+03
   1.8806375e+03
   1.8929678e+03
   1.9056208e+03
   1.9186067e+03
   1.9319364e+03
   1.9456213e+03
   1.9596732e+03
   1.9741046e+03
   1.9889286e+03
   2.0041586e+03
   2.0198091e+03
   2.0358951e+03
   2.0524323e+03
   2.0694373e+03
   2.0869274e+03
   2.1049210e+03
   2.1234373e+03
   2.1424966e+03
   2.1621202e+03
   2.1823306e+03
   2.2031516e+03
   2.2246082e+03
   2.2467270e+03
   2.2695359e+03
   2.2930646e+03
   2.3173444e+03
   2.3424088e+03
   2.3682929e+03
   2.3950342e+03
   2.4226726e+03
   2.4512504e+03
   2.4808128e+03
   2.5114078e+03
   2.5430868e+03
   2.5759044e+03
   2.6099193e+03
   2.6451942e+03
   2.6817962e+03
   2.7197975e+03
   2.7592755e+03
   2.8003136e+03
   2.8430014e+03
   2.8874358e+03
   2.9337213e+03
   2.9819711e+03
   3.0323078e+03
   3.0848644e+03
   3.1397856e+03
   3.1972290e+03
   3.2573665e+03
   3.3203861e+03
   3.3864937e+03
   3.4559155e+03
   3.5289002e+03
   3.6057224e+03
   3.6866853e+03
   3.7721253e+03
   3.8624162e+03
   3.9579748e+03
   4.0592669e+03
   4.1668153e+03
   4.2812081e+03
   4.4031099e+03
   4.5332741e+03
   4.6725586e+03
   4.8219443e+03
   4.9825583e+03
   5.1557018e+03
   5.3428856e+03
   5.5458733e+03
   5.7667373e+03
   6.0079286e+03
   6.2723685e+03
   6.5635660e+03
   6.8857742e+03
   7.2441980e+03
   7.6452766e+03
   8.0970721e+03
   8.6098154e+03
   9.1966879e+03
   9.8749677e+03
   1.0667756e+04
   1.1606653e+04
   1.2736068e+04
   1.4120437e+04
   1.5856945e+04
   1.8099362e+04
   2.1106246e+04
   2.5348522e+04
   3.1783870e+04
   4.2704741e+04
   6.5307382e+04
   1.3987650e+05
  -9.3226387e+05
  -1.0691303e+05
  -5.6518916e+04
  -3.8325663e+04
  -2.8943150e+04
  -2.3218953e+04
  -1.9362720e+04
  -1.6588497e+04
  -1.4497018e+04
  -1.2863943e+04
  -1.1553515e+04
  -1.0478765e+04
  -9.5814052e+03
  -8.8209032e+03
  -8.1682013e+03
  -7.6019239e+03
  -7.1059962e+03
  -6.6680968e+03
  -6.2786231e+03
  -5.9299800e+03
  -5.6160819e+03
  -5.3319951e+03
  -5.0736776e+03
  -4.8377866e+03
  -4.6215332e+03
  -4.4225726e+03
  -4.2389190e+03
  -4.0688791e+03
  -3.9110007e+03
  -3.7640308e+03
  -3.6268829e+03
  -3.4986099e+03
  -3.3783828e+03
  -3.2654728e+03
  -3.1592361e+03
  -3.0591026e+03
  -2.9645652e+03
  -2.8751714e+03
  -2.7905162e+03
  -2.7102359e+03
  -2.6340032e+03
  -2.5615226e+03
  -2.4925267e+03
  -2.4267726e+03
  -2.3640399e+03
  -2.3041274e+03
  -2.2468515e+03
  -2.1920440e+03
  -2.1395509e+03
  -2.0892306e+03
  -2.0409528e+03
  -1.9945976e+03
  -1.9500540e+03
  -1.9072195e+03
  -1.8659993e+03
  -1.8263053e+03
  -1.7880556e+03
  -1.7511744e+03
  -1.7155907e+03
  -1.6812386e+03
  -1.6480564e+03
  -1.6159866e+03
  -1.5849753e+03
  -1.5549720e+03
  -1.5259293e+03
  -1.4978030e+03
  -1.4705513e+03
  -1.4441349e+03
  -1.4185169e+03
  -1.3936626e+03
  -1.3695391e+03
  -1.3461154e+03
  -1.3233624e+03
  -1.3012523e+03
  -1.2797590e+03
  -1.2588579e+03
  -1.2385253e+03
  -1.2187392e+03
  -1.1994783e+03
  -1.1807226e+03
  -1.1624532e+03
  -1.1446520e+03
  -1.1273016e+03
  -1.1103858e+03
  -1.0938889e+03
  -1.0777962e+03
  -1.0620933e+03
  -1.0467668e+03
  -1.0318038e+03
  -1.0171919e+03
  -1.0029193e+03
  -9.8897490e+02
  -9.7534778e+02
  -9.6202767e+02
  -9.4900470e+02
  -9.3626940e+02
  -9.2381273e+02
  -9.1162599e+02
  -8.9970085e+02
  -8.8802930e+02
  -8.7660368e+02
  -8.6541661e+02
  -8.5446100e+02
  -8.4373006e+02
  -8.3321723e+02
  -8.2291621e+02
  -8.1282096e+02
  -8.0292562e+02
  -7.9322460e+02
  -7.8371248e+02
  -7.7438405e+02
  -7.6523429e+02
  -7.5625834e+02
  -7.4745154e+02
  -7.3880938e+02
  -7.3032750e+02
  -7.2200170e+02
  -7.1382794e+02
  -7.0580228e+02
  -6.9792094e+02
  -6.9018026e+02
  -6.8257670e+02
  -6.7510684e+02
  -6.6776735e+02
  -6.6055505e+02
  -6.5346682e+02
  -6.4649967e+02
  -6.3965068e+02
  -6.3291703e+02
  -6.2629601e+02
  -6.1978496e+02
  -6.1338131e+02
  -6.0708259e+02
  -6.0088638e+02
  -5.9479033e+02
  -5.8879219e+02
  -5.8288975e+02
  -5.7708086e+02
  -5.7136346e+02
  -5.6573553e+02
  -5.6019511e+02
  -5.5474030e+02
  -5.4936925e+02
  -5.4408016e+02
  -5.3887129e+02
  -5.3374094e+02
  -5.2868745e+02
  -5.2370923e+02
  -5.1880470e+02
  -5.1397236e+02
  -5.0921071e+02
  -5.0451832e+02
  -4.9989379e+02
  -4.9533575e+02
  -4.9084287e+02
  -4.8641386e+02
  -4.8204746e+02
  -4.7774243e+02
  -4.7349758e+02
  -4.6931174e+02
  -4.6518377e+02
  -4.6111257e+02
  -4.5709705e+02
  -4.5313615e+02
  -4.4922885e+02
  -4.4537414e+02
  -4.4157105e+02
  -4.3781860e+02
  -4.3411588e+02
  -4.3046198e+02
  -4.2685599e+02
  -4.2329705e+02
  -4.1978433e+02
  -4.1631697e+02
  -4.1289419e+02
  -4.0951518e+02
  -4.0617918e+02
  -4.0288542e+02
  -3.9963318e+02
  -3.9642173e+02
  -3.9325037e+02
  -3.9011840e+02
  -3.8702516e+02
  -3.8396999e+02
  -3.8095223e+02
  -3.7797126e+02
  -3.7502647e+02
  -3.7211724e+02
  -3.6924300e+02
  -3.6640316e+02
  -3.6359715e+02
  -3.6082443e+02
  -3.5808445e+02
  -3.5537668e+02
  -3.5270061e+02
  -3.5005571e+02
  -3.4744150e+02
  -3.4485749e+02
  -3.4230320e+02
  -3.3977816e+02
  -3.3728191e+02
  -3.3481401e+02
  -3.3237401e+02
  -3.2996148e+02
  -3.2757600e+02
  -3.2521715e+02
  -3.2288453e+02
  -3.2057774e+02
  -3.1829639e+02
  -3.1604010e+02
  -3.1380848e+02
  -3.1160118e+02
  -3.0941783e+02
  -3.0725807e+02
  -3.0512156e+02
  -3.0300795e+02
  -3.0091692e+02
  -2.9884813e+02
  -2.9680127e+02
  -2.9477600e+02
  -2.9277204e+02
  -2.9078906e+02
  -2.8882677e+02
  -2.8688487e+02
  -2.8496309e+02
  -2.8306113e+02
  -2.8117872e+02
  -2.7931558e+02
  -2.7747144e+02
  -2.7564605e+02
  -2.7383914e+02
  -2.7205046e+02
  -2.7027975e+02
  -2.6852679e+02
  -2.6679131e+02
  -2.6507309e+02
  -2.6337189e+02
  -2.6168749e+02
  -2.6001966e+02
  -2.5836817e+02
  -2.5673282e+02
  -2.5511338e+02
  -2.5350965e+02
  -2.5192143e+02
  -2.5034850e+02
  -2.4879067e+02
  -2.4724774e+02
  -2.4571952e+02
  -2.4420582e+02
  -2.4270645e+02
  -2.4122123e+02
  -2.3974998e+02
  -2.3829252e+02
  -2.3684868e+02
  -2.3541828e+02
  -2.3400116e+02
  -2.3259714e+02
  -2.3120607e+02
  -2.2982778e+02
  -2.2846212e+02
  -2.2710892e+02
  -2.2576804e+02
  -2.2443932e+02
  -2.2312262e+02
  -2.2181778e+02
  -2.2052466e+02
  -2.1924313e+02
  -2.1797304e+02
  -2.1671425e+02
  -2.1546662e+02
  -2.1423004e+02
  -2.1300435e+02
  -2.1178944e+02
  -2.1058517e+02
  -2.0939142e+02
  -2.0820806e+02
  -2.0703498e+02
  -2.0587205e+02
  -2.0471916e+02
  -2.0357618e+02
  -2.0244301e+02
  -2.0131953e+02
  -2.0020562e+02
  -1.9910119e+02
  -1.9800611e+02
  -1.9692028e+02
  -1.9584361e+02
  -1.9477598e+02
  -1.9371729e+02
  -1.9266744e+02
  -1.9162633e+02
  -1.9059387e+02
  -1.8956995e+02
  -1.8855449e+02
  -1.8754738e+02
  -1.8654854e+02
  -1.8555787e+02
  -1.8457529e+02
  -1.8360070e+02
  -1.8263403e+02
  -1.8167517e+02
  -1.8072405e+02
  -1.7978059e+02
  -1.7884469e+02
  -1.7791628e+02
  -1.7699528e+02
  -1.7608161e+02
  -1.7517519e+02
  -1.7427594e+02
  -1.7338379e+02
  -1.7249866e+02
  -1.7162048e+02
  -1.7074917e+02
  -1.6988467e+02
  -1.6902689e+02
  -1.6817577e+02
  -1.6733125e+02
  -1.6649324e+02
  -1.6566170e+02
  -1.6483653e+02
  -1.6401769e+02
  -1.6320511e+02
  -1.6239872e+02
  -1.6159846e+02
  -1.6080427e+02
  -1.6001608e+02
  -1.5923383e+02
  -1.5845747e+02
  -1.5768693e+02
  -1.5692216e+02
  -1.5616310e+02
  -1.5540969e+02
  -1.5466187e+02
  -1.5391959e+02
  -1.5318280e+02
  -1.5245143e+02
  -1.5172544e+02
  -1.5100477e+02
  -1.5028937e+02
  -1.4957919e+02
  -1.4887418e+02
  -1.4817428e+02
  -1.4747945e+02
  -1.4678964e+02
  -1.4610480e+02
  -1.4542488e+02
  -1.4474984e+02
  -1.4407962e+02
  -1.4341418e+02
  -1.4275348e+02
  -1.4209746e+02
  -1.4144610e+02
  -1.4079933e+02
  -1.4015712e+02
  -1.3951942e+02
  -1.3888620e+02
  -1.3825740e+02
  -1.3763300e+02
  -1.3701294e+02
  -1.3639719e+02
  -1.3578570e+02
  -1.3517844e+02
  -1.3457537e+02
  -1.3397645e+02
  -1.3338163e+02
  -1.3279089e+02
  -1.3220419e+02
  -1.3162148e+02
  -1.3104274e+02
  -1.3046792e+02
  -1.2989699e+02
  -1.2932992e+02
  -1.2876666e+02
  -1.2820719e+02
  -1.2765148e+02
  -1.2709947e+02
  -1.2655116e+02
  -1.2600649e+02
  -1.2546544e+02
  -1.2492798e+02
  -1.2439407e+02
  -1.2386369e+02
  -1.2333680e+02
  -1.2281336e+02
  -1.2229336e+02
  -1.2177676e+02
  -1.2126353e+02
  -1.2075364e+02
  -1.2024706e+02
  -1.1974376e+02
  -1.1924372e+02
  -1.1874690e+02
  -1.1825328e+02
  -1.1776283e+02
  -1.1727553e+02
  -1.1679134e+02
  -1.1631024e+02
  -1.1583220e+02
  -1.1535720e+02
  -1.1488521e+02
  -1.1441620e+02
  -1.1395015e+02
  -1.1348704e+02
  -1.1302684e+02
  -1.1256953e+02
  -1.1211507e+02
  -1.1166345e+02
  -1.1121465e+02
  -1.1076863e+02
  -1.1032538e+02
  -1.0988488e+02
  -1.0944709e+02
  -1.0901201e+02
  -1.0857959e+02
  -1.0814984e+02
  -1.0772271e+02
  -1.0729819e+02
  -1.0687626e+02
  -1.0645690e+02
  -1.0604009e+02
  -1.0562580e+02
  -1.0521402e+02
  -1.0480472e+02
  -1.0439788e+02
  -1.0399349e+02
  -1.0359153e+02
  -1.0319197e+02
  -1.0279479e+02
  -1.0239998e+02
  -1.0200752e+02
  -1.0161739e+02
  -1.0122957e+02
  -1.0084404e+02
  -1.0046079e+02
  -1.0007979e+02
  -9.9701030e+01
  -9.9324489e+01
  -9.8950151e+01
  -9.8577998e+01
  -9.8208013e+01
  -9.7840180e+01
  -9.7474481e+01
  -9.7110899e+01
  -9.6749419e+01
  -9.6390024e+01
  -9.6032697e+01
  -9.5677423e+01
  -9.5324185e+01
  -9.4972969e+01
  -9.4623758e+01
  -9.4276537e+01
  -9.3931291e+01
  -9.3588004e+01
  -9.3246662e+01
  -9.2907250e+01
  -9.2569753e+01
  -9.2234156e+01
  -9.1900446e+01
  -9.1568607e+01
  -9.1238626e+01
  -9.0910489e+01
  -9.0584182e+01
  -9.0259690e+01
  -8.9937001e+01
  -8.9616101e+01
  -8.9296976e+01
  -8.8979614e+01
  -8.8664000e+01
  -8.8350123e+01
  -8.8037969e+01
  -8.7727526e+01
  -8.7418780e+01
  -8.7111720e+01
  -8.6806333e+01
  -8.6502606e+01
  -8.6200527e+01
  -8.5900085e+01
  -8.5601268e+01
  -8.5304063e+01
  -8.5008458e+01
  -8.4714443e+01
  -8.4422005e+01
  -8.4131134e+01
  -8.3841817e+01
  -8.3554044e+01
  -8.3267803e+01
  -8.2983084e+01
  -8.2699876e+01
  -8.2418167e+01
  -8.2137947e+01
  -8.1859205e+01
  -8.1581931e+01
  -8.1306114e+01
  -8.1031744e+01
  -8.0758811e+01
  -8.0487305e+01
  -8.0217215e+01
  -7.9948531e+01
  -7.9681244e+01
  -7.9415344e+01
  -7.9150821e+01
  -7.8887665e+01
  -7.8625866e+01
  -7.8365416e+01
  -7.8106305e+01
  -7.7848524e+01
  -7.7592062e+01
  -7.7336912e+01
  -7.7083065e+01
  -7.6830510e+01
  -7.6579239e+01
  -7.6329244e+01
  -7.6080515e+01
  -7.5833044e+01
  -7.5586822e+01
  -7.5341841e+01
  -7.5098093e+01
  -7.4855568e+01
  -7.4614258e+01
  -7.4374156e+01
  -7.4135253e+01
  -7.3897541e+01
  -7.3661011e+01
  -7.3425657e+01
  -7.3191470e+01
  -7.2958441e+01
  -7.2726564e+01
  -7.2495831e+01
  -7.2266233e+01
  -7.2037764e+01
  -7.1810416e+01
  -7.1584181e+01
  -7.1359052e+01
  -7.1135022e+01
  -7.0912083e+01
  -7.0690229e+01
  -7.0469451e+01
  -7.0249743e+01
  -7.0031098e+01
  -6.9813509e+01
  -6.9596969e+01
  -6.9381470e+01
  -6.9167007e+01
  -6.8953573e+01
  -6.8741160e+01
  -6.8529762e+01
  -6.8319373e+01
  -6.8109986e+01
  -6.7901594e+01
  -6.7694192e+01
  -6.7487772e+01
  -6.7282328e+01
  -6.7077854e+01
  -6.6874344e+01
  -6.6671792e+01
  -6.6470191e+01
  -6.6269536e+01
  -6.6069820e+01
  -6.5871038e+01
  -6.5673182e+01
  -6.5476249e+01
  -6.5280231e+01
  -6.5085123e+01
  -6.4890919e+01
  -6.4697614e+01
  -6.4505201e+01
  -6.4313675e+01
  -6.4123032e+01
  -6.3933264e+01
  -6.3744366e+01
  -6.3556334e+01
  -6.3369162e+01
  -6.3182844e+01
  -6.2997374e+01
  -6.2812749e+01
  -6.2628962e+01
  -6.2446009e+01
  -6.2263883e+01
  -6.2082581e+01
  -6.1902097e+01
  -6.1722425e+01
  -6.1543562e+01
  -6.1365501e+01
  -6.1188239e+01
  -6.1011770e+01
  -6.0836089e+01
  -6.0661191e+01
  -6.0487073e+01
  -6.0313728e+01
  -6.0141153e+01
  -5.9969342e+01
  -5.9798291e+01
  -5.9627996e+01
  -5.9458451e+01
  -5.9289653e+01
  -5.9121597e+01
  -5.8954278e+01
  -5.8787692e+01
  -5.8621834e+01
  -5.8456701e+01
  -5.8292288e+01
  -5.8128590e+01
  -5.7965603e+01
  -5.7803324e+01
  -5.7641748e+01
  -5.7480870e+01
  -5.7320687e+01
  -5.7161194e+01
  -5.7002388e+01
  -5.6844264e+01
  -5.6686818e+01
  -5.6530047e+01
  -5.6373946e+01
  -5.6218512e+01
  -5.6063740e+01
  -5.5909627e+01
  -5.5756169e+01
  -5.5603362e+01
  -5.5451202e+01
  -5.5299685e+01
  -5.5148809e+01
  -5.4998568e+01
  -5.4848960e+01
  -5.4699981e+01
  -5.4551627e+01
  -5.4403894e+01
  -5.4256779e+01
  -5.4110279e+01
  -5.3964389e+01
  -5.3819107e+01
  -5.3674429e+01
  -5.3530351e+01
  -5.3386871e+01
  -5.3243984e+01
  -5.3101687e+01
  -5.2959977e+01
  -5.2818851e+01
  -5.2678305e+01
  -5.2538337e+01
  -5.2398942e+01
  -5.2260117e+01
  -5.2121860e+01
  -5.1984167e+01
  -5.1847035e+01
  -5.1710461e+01
  -5.1574442e+01
  -5.1438974e+01
  -5.1304055e+01
  -5.1169681e+01
  -5.1035850e+01
  -5.0902558e+01
  -5.0769803e+01
  -5.0637581e+01
  -5.0505890e+01
  -5.0374726e+01
  -5.0244087e+01
  -5.0113970e+01
  -4.9984372e+01
  -4.9855290e+01
  -4.9726721e+01
  -4.9598663e+01
  -4.9471112e+01
  -4.9344067e+01
  -4.9217523e+01
  -4.9091479e+01
  -4.8965932e+01
  -4.8840879e+01
  -4.8716317e+01
  -4.8592243e+01
  -4.8468656e+01
  -4.8345552e+01
  -4.8222929e+01
  -4.8100784e+01
  -4.7979115e+01
  -4.7857919e+01
  -4.7737194e+01
  -4.7616936e+01
  -4.7497144e+01
  -4.7377815e+01
  -4.7258947e+01
  -4.7140537e+01
  -4.7022583e+01
  -4.6905082e+01
  -4.6788031e+01
  -4.6671430e+01
  -4.6555274e+01
  -4.6439562e+01
  -4.6324292e+01
  -4.6209461e+01
  -4.6095066e+01
  -4.5981106e+01
  -4.5867578e+01
  -4.5754481e+01
  -4.5641811e+01
  -4.5529566e+01
  -4.5417745e+01
  -4.5306345e+01
  -4.5195363e+01
  -4.5084799e+01
  -4.4974648e+01
  -4.4864911e+01
  -4.4755583e+01
  -4.4646664e+01
  -4.4538151e+01
  -4.4430041e+01
  -4.4322334e+01
  -4.4215026e+01
  -4.4108117e+01
  -4.4001602e+01
  -4.3895482e+01
  -4.3789753e+01
  -4.3684414e+01
  -4.3579463e+01
  -4.3474897e+01
  -4.3370715e+01
  -4.3266915e+01
  -4.3163495e+01
  -4.3060453e+01
  -4.2957786e+01
  -4.2855494e+01
  -4.2753575e+01
  -4.2652025e+01
  -4.2550844e+01
  -4.2450030e+01
  -4.2349581e+01
  -4.2249495e+01
  -4.2149769e+01
  -4.2050404e+01
  -4.1951396e+01
  -4.1852743e+01
  -4.1754445e+01
  -4.1656499e+01
  -4.1558904e+01
  -4.1461657e+01
  -4.1364758e+01
  -4.1268203e+01
  -4.1171993e+01
  -4.1076124e+01
  -4.0980596e+01
  -4.0885407e+01
  -4.0790554e+01
  -4.0696037e+01
  -4.0601853e+01
  -4.0508001e+01
  -4.0414480e+01
  -4.0321288e+01
  -4.0228422e+01
  -4.0135883e+01
  -4.0043667e+01
  -3.9951774e+01
  -3.9860201e+01
  -3.9768948e+01
  -3.9678013e+01
  -3.9587394e+01
  -3.9497090e+01
  -3.9407099e+01
  -3.9317420e+01
  -3.9228051e+01
  -3.9138990e+01
  -3.9050237e+01
  -3.8961790e+01
  -3.8873647e+01
  -3.8785807e+01
  -3.8698268e+01
  -3.8611029e+01
  -3.8524089e+01
  -3.8437446e+01
  -3.8351099e+01
  -3.8265046e+01
  -3.8179286e+01
  -3.8093818e+01
  -3.8008639e+01
  -3.7923750e+01
  -3.7839148e+01
  -3.7754832e+01
  -3.7670801e+01
  -3.7587053e+01
  -3.7503588e+01
  -3.7420403e+01
  -3.7337498e+01
  -3.7254871e+01
  -3.7172521e+01
  -3.7090446e+01
  -3.7008646e+01
  -3.6927118e+01
  -3.6845863e+01
  -3.6764878e+01
  -3.6684162e+01
  -3.6603715e+01
  -3.6523534e+01
  -3.6443618e+01
  -3.6363967e+01
  -3.6284580e+01
  -3.6205454e+01
  -3.6126588e+01
  -3.6047983e+01
  -3.5969635e+01
  -3.5891545e+01
  -3.5813711e+01
  -3.5736132e+01
  -3.5658806e+01
  -3.5581733e+01
  -3.5504911e+01
  -3.5428340e+01
  -3.5352017e+01
  -3.5275943e+01
  -3.5200115e+01
  -3.5124533e+01
  -3.5049196e+01
  -3.4974102e+01
  -3.4899251e+01
  -3.4824641e+01
  -3.4750272e+01
  -3.4676141e+01
  -3.4602249e+01
  -3.4528594e+01
  -3.4455175e+01
  -3.4381990e+01
  -3.4309040e+01
  -3.4236323e+01
  -3.4163837e+01
  -3.4091582e+01
  -3.4019558e+01
  -3.3947761e+01
  -3.3876193e+01
  -3.3804851e+01
  -3.3733736e+01
  -3.3662845e+01
  -3.3592177e+01
  -3.3521733e+01
  -3.3451510e+01
  -3.3381509e+01
  -3.3311727e+01
  -3.3242164e+01
  -3.3172819e+01
  -3.3103691e+01
  -3.3034779e+01
  -3.2966083e+01
  -3.2897600e+01
  -3.2829331e+01
  -3.2761275e+01
  -3.2693429e+01
  -3.2625795e+01
  -3.2558370e+01
  -3.2491153e+01
  -3.2424145e+01
  -3.2357343e+01
  -3.2290748e+01
  -3.2224357e+01
  -3.2158171e+01
  -3.2092189e+01
  -3.2026408e+01
  -3.1960830e+01
  -3.1895452e+01
  -3.1830275e+01
  -3.1765296e+01
  -3.1700516e+01
  -3.1635933e+01
  -3.1571547e+01
  -3.1507357e+01
  -3.1443361e+01
  -3.1379560e+01
  -3.1315952e+01
  -3.1252536e+01
  -3.1189312e+01
  -3.1126279e+01
  -3.1063436e+01
  -3.1000783e+01
  -3.0938318e+01
  -3.0876040e+01
  -3.0813950e+01
  -3.0752045e+01
  -3.0690326e+01
  -3.0628791e+01
  -3.0567441e+01
  -3.0506273e+01
  -3.0445288e+01
  -3.0384484e+01
  -3.0323861e+01
  -3.0263418e+01
  -3.0203154e+01
  -3.0143069e+01
  -3.0083162e+01
  -3.0023432e+01
  -2.9963878e+01
  -2.9904500e+01
  -2.9845297e+01
  -2.9786268e+01
  -2.9727412e+01
  -2.9668730e+01
  -2.9610219e+01
  -2.9551880e+01
  -2.9493711e+01
  -2.9435713e+01
  -2.9377884e+01
  -2.9320223e+01
  -2.9262730e+01
  -2.9205405e+01
  -2.9148246e+01
  -2.9091253e+01
  -2.9034425e+01
  -2.8977762e+01
  -2.8921263e+01
  -2.8864927e+01
  -2.8808754e+01
  -2.8752742e+01
  -2.8696892e+01
  -2.8641203e+01
  -2.8585674e+01
  -2.8530304e+01
  -2.8475092e+01
  -2.8420039e+01
  -2.8365143e+01
  -2.8310405e+01
  -2.8255822e+01
  -2.8201395e+01
  -2.8147123e+01
  -2.8093005e+01
  -2.8039042e+01
  -2.7985231e+01
  -2.7931573e+01
  -2.7878067e+01
  -2.7824712e+01
  -2.7771508e+01
  -2.7718454e+01
  -2.7665550e+01
  -2.7612795e+01
  -2.7560188e+01
  -2.7507729e+01
  -2.7455418e+01
  -2.7403253e+01
  -2.7351234e+01
  -2.7299361e+01
  -2.7247632e+01
  -2.7196049e+01
  -2.7144609e+01
  -2.7093312e+01
  -2.7042158e+01
  -2.6991147e+01
  -2.6940277e+01
  -2.6889548e+01
  -2.6838960e+01
  -2.6788511e+01
  -2.6738203e+01
  -2.6688033e+01
  -2.6638002e+01
  -2.6588108e+01
  -2.6538352e+01
  -2.6488733e+01
  -2.6439250e+01
  -2.6389903e+01
  -2.6340692e+01
  -2.6291615e+01
  -2.6242672e+01
  -2.6193863e+01
  -2.6145187e+01
  -2.6096645e+01
  -2.6048234e+01
  -2.5999955e+01
  -2.5951807e+01
  -2.5903790e+01
  -2.5855904e+01
  -2.5808147e+01
  -2.5760519e+01
  -2.5713021e+01
  -2.5665650e+01
  -2.5618408e+01
  -2.5571293e+01
  -2.5524304e+01
  -2.5477442e+01
  -2.5430706e+01
  -2.5384096e+01
  -2.5337610e+01
  -2.5291250e+01
  -2.5245013e+01
  -2.5198900e+01
  -2.5152910e+01
  -2.5107042e+01
  -2.5061297e+01
  -2.5015674e+01
  -2.4970172e+01
  -2.4924791e+01
  -2.4879531e+01
  -2.4834390e+01
  -2.4789369e+01
