  -1.5741278e-09
  -1.7332453e-09
  -1.8926817e-09
  -2.0524395e-09
  -2.2125208e-09
  -2.3729281e-09
  -2.5336636e-09
  -2.6947298e-09
  -2.8561291e-09
  -3.0178638e-09
  -3.1799364e-09
  -3.3423493e-09
  -3.5051050e-09
  -3.6682059e-09
  -3.8316546e-09
  -3.9954536e-09
  -4.1596054e-09
  -4.3241125e-09
  -4.4889775e-09
  -4.6542031e-09
  -4.8197918e-09
  -4.9857462e-09
  -5.1520690e-09
  -5.3187628e-09
  -5.4858304e-09
  -5.6532744e-09
  -5.8210976e-09
  -5.9893027e-09
  -6.1578925e-09
  -6.3268697e-09
  -6.4962371e-09
  -6.6659977e-09
  -6.8361542e-09
  -7.0067094e-09
  -7.1776664e-09
  -7.3490279e-09
  -7.5207970e-09
  -7.6929765e-09
  -7.8655695e-09
  -8.0385790e-09
  -8.2120078e-09
  -8.3858593e-09
  -8.5601362e-09
  -8.7348418e-09
  -8.9099792e-09
  -9.0855515e-09
  -9.2615618e-09
  -9.4380134e-09
  -9.6149094e-09
  -9.7922530e-09
  -9.9700476e-09
  -1.0148296e-08
  -1.0327003e-08
  -1.0506170e-08
  -1.0685801e-08
  -1.0865900e-08
  -1.1046469e-08
  -1.1227513e-08
  -1.1409035e-08
  -1.1591038e-08
  -1.1773526e-08
  -1.1956503e-08
  -1.2139971e-08
  -1.2323934e-08
  -1.2508397e-08
  -1.2693362e-08
  -1.2878834e-08
  -1.3064816e-08
  -1.3251312e-08
  -1.3438325e-08
  -1.3625859e-08
  -1.3813919e-08
  -1.4002508e-08
  -1.4191629e-08
  -1.4381287e-08
  -1.4571486e-08
  -1.4762230e-08
  -1.4953522e-08
  -1.5145367e-08
  -1.5337768e-08
  -1.5530730e-08
  -1.5724257e-08
  -1.5918353e-08
  -1.6113022e-08
  -1.6308269e-08
  -1.6504097e-08
  -1.6700511e-08
  -1.6897515e-08
  -1.7095114e-08
  -1.7293311e-08
  -1.7492112e-08
  -1.7691521e-08
  -1.7891542e-08
  -1.8092179e-08
  -1.8293438e-08
  -1.8495323e-08
  -1.8697838e-08
  -1.8900988e-08
  -1.9104778e-08
  -1.9309213e-08
  -1.9514297e-08
  -1.9720035e-08
  -1.9926432e-08
  -2.0133493e-08
  -2.0341222e-08
  -2.0549625e-08
  -2.0758707e-08
  -2.0968473e-08
  -2.1178927e-08
  -2.1390075e-08
  -2.1601922e-08
  -2.1814474e-08
  -2.2027735e-08
  -2.2241710e-08
  -2.2456406e-08
  -2.2671827e-08
  -2.2887979e-08
  -2.3104867e-08
  -2.3322497e-08
  -2.3540875e-08
  -2.3760005e-08
  -2.3979893e-08
  -2.4200546e-08
  -2.4421969e-08
  -2.4644167e-08
  -2.4867147e-08
  -2.5090914e-08
  -2.5315474e-08
  -2.5540833e-08
  -2.5766998e-08
  -2.5993974e-08
  -2.6221767e-08
  -2.6450383e-08
  -2.6679830e-08
  -2.6910112e-08
  -2.7141236e-08
  -2.7373209e-08
  -2.7606036e-08
  -2.7839725e-08
  -2.8074282e-08
  -2.8309714e-08
  -2.8546026e-08
  -2.8783226e-08
  -2.9021321e-08
  -2.9260317e-08
  -2.9500221e-08
  -2.9741040e-08
  -2.9982781e-08
  -3.0225451e-08
  -3.0469057e-08
  -3.0713605e-08
  -3.0959105e-08
  -3.1205561e-08
  -3.1452983e-08
  -3.1701377e-08
  -3.1950750e-08
  -3.2201111e-08
  -3.2452466e-08
  -3.2704824e-08
  -3.2958191e-08
  -3.3212576e-08
  -3.3467987e-08
  -3.3724431e-08
  -3.3981917e-08
  -3.4240451e-08
  -3.4500044e-08
  -3.4760702e-08
  -3.5022433e-08
  -3.5285247e-08
  -3.5549151e-08
  -3.5814154e-08
  -3.6080264e-08
  -3.6347491e-08
  -3.6615842e-08
  -3.6885326e-08
  -3.7155952e-08
  -3.7427729e-08
  -3.7700666e-08
  -3.7974772e-08
  -3.8250056e-08
  -3.8526528e-08
  -3.8804195e-08
  -3.9083069e-08
  -3.9363158e-08
  -3.9644471e-08
  -3.9927019e-08
  -4.0210811e-08
  -4.0495856e-08
  -4.0782166e-08
  -4.1069748e-08
  -4.1358614e-08
  -4.1648774e-08
  -4.1940238e-08
  -4.2233016e-08
  -4.2527118e-08
  -4.2822555e-08
  -4.3119338e-08
  -4.3417476e-08
  -4.3716982e-08
  -4.4017865e-08
  -4.4320137e-08
  -4.4623808e-08
  -4.4928891e-08
  -4.5235395e-08
  -4.5543333e-08
  -4.5852715e-08
  -4.6163554e-08
  -4.6475861e-08
  -4.6789647e-08
  -4.7104925e-08
  -4.7421706e-08
  -4.7740003e-08
  -4.8059827e-08
  -4.8381192e-08
  -4.8704108e-08
  -4.9028590e-08
  -4.9354649e-08
  -4.9682298e-08
  -5.0011551e-08
  -5.0342419e-08
  -5.0674916e-08
  -5.1009056e-08
  -5.1344851e-08
  -5.1682316e-08
  -5.2021462e-08
  -5.2362306e-08
  -5.2704859e-08
  -5.3049136e-08
  -5.3395151e-08
  -5.3742919e-08
  -5.4092453e-08
  -5.4443769e-08
  -5.4796880e-08
  -5.5151802e-08
  -5.5508548e-08
  -5.5867136e-08
  -5.6227578e-08
  -5.6589892e-08
  -5.6954091e-08
  -5.7320192e-08
  -5.7688211e-08
  -5.8058163e-08
  -5.8430065e-08
  -5.8803932e-08
  -5.9179781e-08
  -5.9557628e-08
  -5.9937491e-08
  -6.0319385e-08
  -6.0703327e-08
  -6.1089336e-08
  -6.1477428e-08
  -6.1867620e-08
  -6.2259930e-08
  -6.2654376e-08
  -6.3050976e-08
  -6.3449748e-08
  -6.3850710e-08
  -6.4253881e-08
  -6.4659279e-08
  -6.5066924e-08
  -6.5476833e-08
  -6.5889027e-08
  -6.6303524e-08
  -6.6720345e-08
  -6.7139508e-08
  -6.7561035e-08
  -6.7984944e-08
  -6.8411257e-08
  -6.8839994e-08
  -6.9271175e-08
  -6.9704821e-08
  -7.0140954e-08
  -7.0579595e-08
  -7.1020766e-08
  -7.1464487e-08
  -7.1910782e-08
  -7.2359672e-08
  -7.2811180e-08
  -7.3265328e-08
  -7.3722139e-08
  -7.4181637e-08
  -7.4643843e-08
  -7.5108783e-08
  -7.5576480e-08
  -7.6046957e-08
  -7.6520239e-08
  -7.6996350e-08
  -7.7475316e-08
  -7.7957161e-08
  -7.8441909e-08
  -7.8929588e-08
  -7.9420222e-08
  -7.9913837e-08
  -8.0410459e-08
  -8.0910116e-08
  -8.1412833e-08
  -8.1918638e-08
  -8.2427558e-08
  -8.2939621e-08
  -8.3454854e-08
  -8.3973285e-08
  -8.4494944e-08
  -8.5019858e-08
  -8.5548056e-08
  -8.6079569e-08
  -8.6614424e-08
  -8.7152653e-08
  -8.7694285e-08
  -8.8239351e-08
  -8.8787882e-08
  -8.9339908e-08
  -8.9895461e-08
  -9.0454573e-08
  -9.1017276e-08
  -9.1583602e-08
  -9.2153584e-08
  -9.2727255e-08
  -9.3304648e-08
  -9.3885796e-08
  -9.4470735e-08
  -9.5059498e-08
  -9.5652120e-08
  -9.6248637e-08
  -9.6849083e-08
  -9.7453494e-08
  -9.8061908e-08
  -9.8674359e-08
  -9.9290885e-08
  -9.9911524e-08
  -1.0053631e-07
  -1.0116529e-07
  -1.0179849e-07
  -1.0243596e-07
  -1.0307774e-07
  -1.0372386e-07
  -1.0437436e-07
  -1.0502929e-07
  -1.0568868e-07
  -1.0635258e-07
  -1.0702103e-07
  -1.0769407e-07
  -1.0837175e-07
  -1.0905410e-07
  -1.0974117e-07
  -1.1043301e-07
  -1.1112965e-07
  -1.1183115e-07
  -1.1253755e-07
  -1.1324889e-07
  -1.1396522e-07
  -1.1468659e-07
  -1.1541304e-07
  -1.1614462e-07
  -1.1688139e-07
  -1.1762338e-07
  -1.1837065e-07
  -1.1912325e-07
  -1.1988123e-07
  -1.2064464e-07
  -1.2141352e-07
  -1.2218794e-07
  -1.2296794e-07
  -1.2375358e-07
  -1.2454490e-07
  -1.2534197e-07
  -1.2614484e-07
  -1.2695355e-07
  -1.2776818e-07
  -1.2858877e-07
  -1.2941538e-07
  -1.3024807e-07
  -1.3108689e-07
  -1.3193191e-07
  -1.3278318e-07
  -1.3364076e-07
  -1.3450471e-07
  -1.3537510e-07
  -1.3625198e-07
  -1.3713541e-07
  -1.3802547e-07
  -1.3892220e-07
  -1.3982568e-07
  -1.4073596e-07
  -1.4165313e-07
  -1.4257722e-07
  -1.4350833e-07
  -1.4444651e-07
  -1.4539182e-07
  -1.4634435e-07
  -1.4730415e-07
  -1.4827129e-07
  -1.4924585e-07
  -1.5022790e-07
  -1.5121751e-07
  -1.5221474e-07
  -1.5321967e-07
  -1.5423239e-07
  -1.5525294e-07
  -1.5628143e-07
  -1.5731791e-07
  -1.5836247e-07
  -1.5941517e-07
  -1.6047611e-07
  -1.6154535e-07
  -1.6262298e-07
  -1.6370907e-07
  -1.6480370e-07
  -1.6590696e-07
  -1.6701893e-07
  -1.6813968e-07
  -1.6926931e-07
  -1.7040788e-07
  -1.7155550e-07
  -1.7271223e-07
  -1.7387817e-07
  -1.7505341e-07
  -1.7623802e-07
  -1.7743210e-07
  -1.7863573e-07
  -1.7984901e-07
  -1.8107201e-07
  -1.8230484e-07
  -1.8354758e-07
  -1.8480031e-07
  -1.8606314e-07
  -1.8733616e-07
  -1.8861945e-07
  -1.8991311e-07
  -1.9121723e-07
  -1.9253191e-07
  -1.9385724e-07
  -1.9519332e-07
  -1.9654024e-07
  -1.9789810e-07
  -1.9926698e-07
  -2.0064700e-07
  -2.0203825e-07
  -2.0344082e-07
  -2.0485481e-07
  -2.0628033e-07
  -2.0771746e-07
  -2.0916631e-07
  -2.1062697e-07
  -2.1209955e-07
  -2.1358414e-07
  -2.1508084e-07
  -2.1658976e-07
  -2.1811099e-07
  -2.1964462e-07
  -2.2119077e-07
  -2.2274952e-07
  -2.2432098e-07
  -2.2590525e-07
  -2.2750242e-07
  -2.2911260e-07
  -2.3073587e-07
  -2.3237235e-07
  -2.3402211e-07
  -2.3568527e-07
  -2.3736191e-07
  -2.3905214e-07
  -2.4075604e-07
  -2.4247371e-07
  -2.4420524e-07
  -2.4595072e-07
  -2.4771024e-07
  -2.4948390e-07
  -2.5127177e-07
  -2.5307394e-07
  -2.5489051e-07
  -2.5672155e-07
  -2.5856714e-07
  -2.6042736e-07
  -2.6230229e-07
  -2.6419201e-07
  -2.6609658e-07
  -2.6801609e-07
  -2.6995058e-07
  -2.7190014e-07
  -2.7386482e-07
  -2.7584468e-07
  -2.7783977e-07
  -2.7985016e-07
  -2.8187588e-07
  -2.8391698e-07
  -2.8597351e-07
  -2.8804550e-07
  -2.9013298e-07
  -2.9223597e-07
  -2.9435451e-07
  -2.9648861e-07
  -2.9863828e-07
  -3.0080352e-07
  -3.0298435e-07
  -3.0518074e-07
  -3.0739269e-07
  -3.0962018e-07
  -3.1186319e-07
  -3.1412167e-07
  -3.1639559e-07
  -3.1868490e-07
  -3.2098953e-07
  -3.2330943e-07
  -3.2564451e-07
  -3.2799469e-07
  -3.3035988e-07
  -3.3273996e-07
  -3.3513482e-07
  -3.3754433e-07
  -3.3996835e-07
  -3.4240672e-07
  -3.4485929e-07
  -3.4732587e-07
  -3.4980627e-07
  -3.5230028e-07
  -3.5480769e-07
  -3.5732825e-07
  -3.5986172e-07
  -3.6240782e-07
  -3.6496626e-07
  -3.6753675e-07
  -3.7011897e-07
  -3.7271256e-07
  -3.7531717e-07
  -3.7793243e-07
  -3.8055792e-07
  -3.8319323e-07
  -3.8583791e-07
  -3.8849148e-07
  -3.9115347e-07
  -3.9382335e-07
  -3.9650059e-07
  -3.9918460e-07
  -4.0187481e-07
  -4.0457059e-07
  -4.0727128e-07
  -4.0997622e-07
  -4.1268469e-07
  -4.1539595e-07
  -4.1810924e-07
  -4.2082375e-07
  -4.2353865e-07
  -4.2625306e-07
  -4.2896610e-07
  -4.3167681e-07
  -4.3438423e-07
  -4.3708735e-07
  -4.3978511e-07
  -4.4247644e-07
  -4.4516021e-07
  -4.4783525e-07
  -4.5050037e-07
  -4.5315433e-07
  -4.5579582e-07
  -4.5842354e-07
  -4.6103612e-07
  -4.6363214e-07
  -4.6621015e-07
  -4.6876866e-07
  -4.7130612e-07
  -4.7382096e-07
  -4.7631155e-07
  -4.7877621e-07
  -4.8121325e-07
  -4.8362089e-07
  -4.8599735e-07
  -4.8834077e-07
  -4.9064928e-07
  -4.9292094e-07
  -4.9515380e-07
  -4.9734584e-07
  -4.9949501e-07
  -5.0159923e-07
  -5.0365637e-07
  -5.0566428e-07
  -5.0762076e-07
  -5.0952358e-07
  -5.1137049e-07
  -5.1315921e-07
  -5.1488740e-07
  -5.1655274e-07
  -5.1815287e-07
  -5.1968540e-07
  -5.2114793e-07
  -5.2253805e-07
  -5.2385334e-07
  -5.2509137e-07
  -5.2624970e-07
  -5.2732589e-07
  -5.2831751e-07
  -5.2922215e-07
  -5.3003737e-07
  -5.3076079e-07
  -5.3139003e-07
  -5.3192274e-07
  -5.3235659e-07
  -5.3268929e-07
  -5.3291860e-07
  -5.3304231e-07
  -5.3305826e-07
  -5.3296437e-07
  -5.3275859e-07
  -5.3243895e-07
  -5.3200354e-07
  -5.3145056e-07
  -5.3077824e-07
  -5.2998494e-07
  -5.2906910e-07
  -5.2802926e-07
  -5.2686405e-07
  -5.2557222e-07
  -5.2415263e-07
  -5.2260427e-07
  -5.2092623e-07
  -5.1911775e-07
  -5.1717817e-07
  -5.1510700e-07
  -5.1290387e-07
  -5.1056855e-07
  -5.0810096e-07
  -5.0550115e-07
  -5.0276935e-07
  -4.9990591e-07
  -4.9691136e-07
  -4.9378635e-07
  -4.9053172e-07
  -4.8714843e-07
  -4.8363761e-07
  -4.8000056e-07
  -4.7623869e-07
  -4.7235360e-07
  -4.6834702e-07
  -4.6422082e-07
  -4.5997703e-07
  -4.5561779e-07
  -4.5114542e-07
  -4.4656232e-07
  -4.4187106e-07
  -4.3707431e-07
  -4.3217486e-07
  -4.2717561e-07
  -4.2207958e-07
  -4.1688986e-07
  -4.1160965e-07
  -4.0624225e-07
  -4.0079101e-07
  -3.9525938e-07
  -3.8965085e-07
  -3.8396900e-07
  -3.7821742e-07
  -3.7239977e-07
  -3.6651975e-07
  -3.6058107e-07
  -3.5458748e-07
  -3.4854273e-07
  -3.4245059e-07
  -3.3631481e-07
  -3.3013916e-07
  -3.2392737e-07
  -3.1768318e-07
  -3.1141027e-07
  -3.0511231e-07
  -2.9879293e-07
  -2.9245572e-07
  -2.8610419e-07
  -2.7974184e-07
  -2.7337209e-07
  -2.6699828e-07
  -2.6062372e-07
  -2.5425162e-07
  -2.4788512e-07
  -2.4152729e-07
  -2.3518112e-07
  -2.2884950e-07
  -2.2253525e-07
  -2.1624111e-07
  -2.0996969e-07
  -2.0372356e-07
  -1.9750517e-07
  -1.9131688e-07
  -1.8516095e-07
  -1.7903956e-07
  -1.7295479e-07
  -1.6690863e-07
  -1.6090295e-07
  -1.5493958e-07
  -1.4902019e-07
  -1.4314642e-07
  -1.3731979e-07
  -1.3154171e-07
  -1.2581355e-07
  -1.2013656e-07
  -1.1451191e-07
  -1.0894069e-07
  -1.0342390e-07
  -9.7962484e-08
  -9.2557282e-08
  -8.7209071e-08
  -8.1918550e-08
  -7.6686350e-08
  -7.1513030e-08
  -6.6399083e-08
  -6.1344937e-08
  -5.6350956e-08
  -5.1417446e-08
  -4.6544652e-08
  -4.1732767e-08
  -3.6981925e-08
  -3.2292214e-08
  -2.7663669e-08
  -2.3096279e-08
  -1.8589988e-08
  -1.4144697e-08
  -9.7602671e-09
  -5.4365195e-09
  -1.1732390e-09
   3.0298242e-09
   7.1729531e-09
   1.1256462e-08
   1.5280693e-08
   1.9246019e-08
   2.3152835e-08
   2.7001562e-08
   3.0792643e-08
   3.4526544e-08
   3.8203748e-08
   4.1824757e-08
   4.5390090e-08
   4.8900281e-08
   5.2355878e-08
   5.5757443e-08
   5.9105549e-08
   6.2400779e-08
   6.5643725e-08
   6.8834990e-08
   7.1975182e-08
   7.5064916e-08
   7.8104814e-08
   8.1095501e-08
   8.4037606e-08
   8.6931763e-08
   8.9778606e-08
   9.2578772e-08
   9.5332900e-08
   9.8041628e-08
   1.0070559e-07
   1.0332544e-07
   1.0590179e-07
   1.0843529e-07
   1.1092657e-07
   1.1337626e-07
   1.1578498e-07
   1.1815337e-07
   1.2048203e-07
   1.2277159e-07
   1.2502265e-07
   1.2723583e-07
   1.2941172e-07
   1.3155092e-07
   1.3365402e-07
   1.3572161e-07
   1.3775428e-07
   1.3975258e-07
   1.4171709e-07
   1.4364837e-07
   1.4554698e-07
   1.4741347e-07
   1.4924837e-07
   1.5105223e-07
   1.5282557e-07
   1.5456891e-07
   1.5628278e-07
   1.5796767e-07
   1.5962410e-07
   1.6125255e-07
   1.6285351e-07
   1.6442747e-07
   1.6597490e-07
   1.6749627e-07
   1.6899203e-07
   1.7046264e-07
   1.7190855e-07
   1.7333019e-07
   1.7472800e-07
   1.7610241e-07
   1.7745383e-07
   1.7878268e-07
   1.8008936e-07
   1.8137427e-07
   1.8263782e-07
   1.8388037e-07
   1.8510232e-07
   1.8630403e-07
   1.8748589e-07
   1.8864823e-07
   1.8979143e-07
   1.9091583e-07
   1.9202178e-07
   1.9310961e-07
   1.9417965e-07
   1.9523223e-07
   1.9626767e-07
   1.9728629e-07
   1.9828839e-07
   1.9927428e-07
   2.0024425e-07
   2.0119860e-07
   2.0213762e-07
   2.0306159e-07
   2.0397079e-07
   2.0486548e-07
   2.0574594e-07
   2.0661244e-07
   2.0746522e-07
   2.0830454e-07
   2.0913065e-07
   2.0994380e-07
   2.1074422e-07
   2.1153216e-07
   2.1230783e-07
   2.1307147e-07
   2.1382331e-07
   2.1456355e-07
   2.1529242e-07
   2.1601012e-07
   2.1671686e-07
   2.1741285e-07
   2.1809828e-07
   2.1877335e-07
   2.1943825e-07
   2.2009318e-07
   2.2073830e-07
   2.2137382e-07
   2.2199989e-07
   2.2261671e-07
   2.2322444e-07
   2.2382324e-07
   2.2441329e-07
   2.2499474e-07
   2.2556776e-07
   2.2613250e-07
   2.2668912e-07
   2.2723776e-07
   2.2777857e-07
   2.2831170e-07
   2.2883729e-07
   2.2935547e-07
   2.2986640e-07
   2.3037019e-07
   2.3086699e-07
   2.3135691e-07
   2.3184010e-07
   2.3231667e-07
   2.3278674e-07
   2.3325044e-07
   2.3370788e-07
   2.3415918e-07
   2.3460445e-07
   2.3504381e-07
   2.3547735e-07
   2.3590520e-07
   2.3632746e-07
   2.3674422e-07
   2.3715559e-07
   2.3756168e-07
   2.3796257e-07
   2.3835836e-07
   2.3874915e-07
   2.3913503e-07
   2.3951610e-07
   2.3989243e-07
   2.4026412e-07
   2.4063125e-07
   2.4099391e-07
   2.4135217e-07
   2.4170613e-07
   2.4205586e-07
   2.4240144e-07
   2.4274294e-07
   2.4308045e-07
   2.4341403e-07
   2.4374375e-07
   2.4406970e-07
   2.4439193e-07
   2.4471052e-07
   2.4502554e-07
   2.4533705e-07
   2.4564511e-07
   2.4594979e-07
   2.4625116e-07
   2.4654927e-07
   2.4684419e-07
   2.4713597e-07
   2.4742467e-07
   2.4771035e-07
   2.4799307e-07
   2.4827288e-07
   2.4854983e-07
   2.4882398e-07
   2.4909539e-07
   2.4936409e-07
   2.4963015e-07
   2.4989361e-07
   2.5015452e-07
   2.5041293e-07
   2.5066888e-07
   2.5092243e-07
   2.5117361e-07
   2.5142247e-07
   2.5166906e-07
   2.5191341e-07
   2.5215557e-07
   2.5239559e-07
   2.5263350e-07
   2.5286933e-07
   2.5310314e-07
   2.5333496e-07
   2.5356483e-07
   2.5379277e-07
   2.5401884e-07
   2.5424307e-07
   2.5446549e-07
   2.5468613e-07
   2.5490503e-07
   2.5512223e-07
   2.5533776e-07
   2.5555164e-07
   2.5576391e-07
   2.5597461e-07
   2.5618375e-07
   2.5639138e-07
   2.5659752e-07
   2.5680220e-07
   2.5700545e-07
   2.5720730e-07
   2.5740777e-07
   2.5760690e-07
   2.5780470e-07
   2.5800121e-07
   2.5819644e-07
   2.5839044e-07
   2.5858321e-07
   2.5877478e-07
   2.5896519e-07
   2.5915445e-07
   2.5934258e-07
   2.5952961e-07
   2.5971556e-07
   2.5990045e-07
   2.6008430e-07
   2.6026714e-07
   2.6044898e-07
   2.6062986e-07
   2.6080977e-07
   2.6098875e-07
   2.6116682e-07
   2.6134399e-07
   2.6152029e-07
   2.6169573e-07
   2.6187032e-07
   2.6204410e-07
   2.6221707e-07
   2.6238925e-07
   2.6256066e-07
   2.6273132e-07
   2.6290123e-07
   2.6307043e-07
   2.6323892e-07
   2.6340673e-07
   2.6357385e-07
   2.6374032e-07
   2.6390614e-07
   2.6407133e-07
   2.6423590e-07
   2.6439988e-07
   2.6456326e-07
   2.6472607e-07
   2.6488831e-07
   2.6505001e-07
   2.6521117e-07
   2.6537181e-07
   2.6553194e-07
   2.6569157e-07
   2.6585072e-07
   2.6600939e-07
   2.6616759e-07
   2.6632535e-07
   2.6648266e-07
   2.6663955e-07
   2.6679602e-07
   2.6695208e-07
   2.6710774e-07
   2.6726301e-07
   2.6741791e-07
   2.6757245e-07
   2.6772662e-07
   2.6788045e-07
   2.6803394e-07
   2.6818711e-07
   2.6833995e-07
   2.6849249e-07
   2.6864472e-07
   2.6879666e-07
   2.6894832e-07
   2.6909970e-07
   2.6925081e-07
   2.6940166e-07
   2.6955227e-07
   2.6970263e-07
   2.6985275e-07
   2.7000265e-07
   2.7015233e-07
   2.7030179e-07
   2.7045105e-07
   2.7060011e-07
   2.7074897e-07
   2.7089765e-07
   2.7104616e-07
   2.7119449e-07
   2.7134266e-07
   2.7149067e-07
   2.7163853e-07
   2.7178624e-07
   2.7193381e-07
   2.7208125e-07
   2.7222856e-07
   2.7237575e-07
   2.7252282e-07
   2.7266978e-07
   2.7281664e-07
   2.7296339e-07
   2.7311005e-07
   2.7325662e-07
   2.7340311e-07
   2.7354952e-07
   2.7369585e-07
   2.7384212e-07
   2.7398832e-07
   2.7413446e-07
   2.7428054e-07
   2.7442658e-07
   2.7457257e-07
   2.7471852e-07
   2.7486442e-07
   2.7501030e-07
   2.7515615e-07
   2.7530197e-07
   2.7544777e-07
   2.7559356e-07
   2.7573933e-07
   2.7588510e-07
   2.7603085e-07
   2.7617661e-07
   2.7632237e-07
   2.7646813e-07
   2.7661391e-07
   2.7675969e-07
   2.7690549e-07
   2.7705131e-07
   2.7719716e-07
   2.7734303e-07
   2.7748893e-07
   2.7763486e-07
   2.7778082e-07
   2.7792683e-07
   2.7807287e-07
   2.7821896e-07
   2.7836509e-07
   2.7851128e-07
   2.7865752e-07
   2.7880381e-07
   2.7895016e-07
   2.7909657e-07
   2.7924304e-07
   2.7938958e-07
   2.7953618e-07
   2.7968286e-07
   2.7982961e-07
   2.7997643e-07
   2.8012333e-07
   2.8027031e-07
   2.8041737e-07
   2.8056451e-07
   2.8071174e-07
   2.8085906e-07
   2.8100647e-07
   2.8115397e-07
   2.8130156e-07
   2.8144925e-07
   2.8159704e-07
   2.8174493e-07
   2.8189291e-07
   2.8204100e-07
   2.8218920e-07
   2.8233750e-07
   2.8248591e-07
   2.8263443e-07
   2.8278306e-07
   2.8293181e-07
   2.8308067e-07
   2.8322964e-07
   2.8337874e-07
   2.8352795e-07
   2.8367728e-07
   2.8382674e-07
   2.8397632e-07
   2.8412602e-07
   2.8427585e-07
   2.8442581e-07
   2.8457589e-07
   2.8472611e-07
   2.8487645e-07
   2.8502693e-07
   2.8517754e-07
   2.8532829e-07
   2.8547917e-07
   2.8563019e-07
   2.8578134e-07
   2.8593264e-07
   2.8608408e-07
   2.8623565e-07
   2.8638737e-07
   2.8653923e-07
   2.8669123e-07
   2.8684338e-07
   2.8699568e-07
   2.8714812e-07
   2.8730071e-07
   2.8745344e-07
   2.8760633e-07
   2.8775937e-07
   2.8791255e-07
   2.8806589e-07
   2.8821938e-07
   2.8837302e-07
   2.8852681e-07
   2.8868076e-07
   2.8883487e-07
   2.8898913e-07
   2.8914354e-07
   2.8929812e-07
   2.8945285e-07
   2.8960773e-07
   2.8976278e-07
   2.8991799e-07
   2.9007335e-07
   2.9022887e-07
   2.9038456e-07
   2.9054041e-07
   2.9069641e-07
   2.9085258e-07
   2.9100892e-07
   2.9116541e-07
   2.9132207e-07
   2.9147889e-07
   2.9163588e-07
   2.9179303e-07
   2.9195035e-07
   2.9210783e-07
   2.9226548e-07
   2.9242329e-07
   2.9258127e-07
   2.9273941e-07
   2.9289773e-07
   2.9305621e-07
   2.9321485e-07
   2.9337367e-07
   2.9353265e-07
   2.9369180e-07
   2.9385112e-07
   2.9401061e-07
   2.9417027e-07
   2.9433010e-07
   2.9449009e-07
   2.9465026e-07
   2.9481059e-07
   2.9497110e-07
   2.9513177e-07
   2.9529262e-07
   2.9545363e-07
   2.9561482e-07
   2.9577618e-07
   2.9593770e-07
   2.9609940e-07
   2.9626127e-07
   2.9642331e-07
   2.9658552e-07
   2.9674790e-07
   2.9691045e-07
   2.9707318e-07
   2.9723607e-07
   2.9739914e-07
   2.9756238e-07
   2.9772579e-07
   2.9788937e-07
   2.9805312e-07
   2.9821704e-07
   2.9838114e-07
   2.9854541e-07
   2.9870984e-07
   2.9887445e-07
   2.9903923e-07
   2.9920419e-07
   2.9936931e-07
   2.9953461e-07
   2.9970007e-07
   2.9986571e-07
   3.0003152e-07
   3.0019750e-07
   3.0036365e-07
   3.0052997e-07
   3.0069646e-07
   3.0086312e-07
   3.0102995e-07
   3.0119696e-07
   3.0136413e-07
   3.0153147e-07
   3.0169899e-07
   3.0186667e-07
   3.0203453e-07
   3.0220255e-07
   3.0237075e-07
   3.0253911e-07
   3.0270764e-07
   3.0287634e-07
   3.0304522e-07
   3.0321426e-07
   3.0338346e-07
   3.0355284e-07
   3.0372239e-07
   3.0389210e-07
   3.0406199e-07
   3.0423204e-07
   3.0440225e-07
   3.0457264e-07
   3.0474319e-07
   3.0491391e-07
   3.0508480e-07
   3.0525585e-07
   3.0542708e-07
   3.0559846e-07
   3.0577002e-07
   3.0594174e-07
   3.0611362e-07
   3.0628567e-07
   3.0645789e-07
   3.0663027e-07
   3.0680281e-07
   3.0697553e-07
   3.0714840e-07
   3.0732144e-07
   3.0749464e-07
   3.0766801e-07
   3.0784154e-07
   3.0801523e-07
   3.0818909e-07
   3.0836311e-07
   3.0853729e-07
   3.0871164e-07
   3.0888614e-07
   3.0906081e-07
   3.0923564e-07
   3.0941063e-07
   3.0958578e-07
   3.0976109e-07
   3.0993657e-07
   3.1011220e-07
   3.1028799e-07
   3.1046394e-07
   3.1064006e-07
   3.1081633e-07
   3.1099276e-07
   3.1116934e-07
   3.1134609e-07
   3.1152299e-07
   3.1170005e-07
   3.1187727e-07
   3.1205465e-07
   3.1223218e-07
   3.1240987e-07
   3.1258771e-07
   3.1276571e-07
   3.1294387e-07
   3.1312218e-07
   3.1330065e-07
   3.1347927e-07
   3.1365805e-07
   3.1383698e-07
   3.1401606e-07
   3.1419530e-07
   3.1437469e-07
   3.1455423e-07
   3.1473392e-07
   3.1491377e-07
   3.1509377e-07
   3.1527392e-07
   3.1545422e-07
   3.1563468e-07
   3.1581528e-07
   3.1599603e-07
   3.1617694e-07
   3.1635799e-07
   3.1653920e-07
   3.1672055e-07
   3.1690205e-07
   3.1708370e-07
   3.1726550e-07
   3.1744744e-07
   3.1762953e-07
   3.1781177e-07
   3.1799416e-07
   3.1817669e-07
   3.1835937e-07
   3.1854220e-07
   3.1872517e-07
   3.1890828e-07
   3.1909154e-07
   3.1927495e-07
   3.1945850e-07
   3.1964219e-07
   3.1982602e-07
   3.2001000e-07
   3.2019413e-07
   3.2037839e-07
   3.2056280e-07
   3.2074735e-07
   3.2093204e-07
   3.2111687e-07
   3.2130184e-07
   3.2148695e-07
   3.2167221e-07
   3.2185760e-07
   3.2204313e-07
   3.2222880e-07
   3.2241461e-07
   3.2260056e-07
   3.2278665e-07
   3.2297287e-07
   3.2315924e-07
   3.2334574e-07
   3.2353237e-07
   3.2371914e-07
   3.2390605e-07
   3.2409310e-07
   3.2428028e-07
   3.2446759e-07
   3.2465504e-07
   3.2484263e-07
   3.2503035e-07
   3.2521820e-07
   3.2540619e-07
   3.2559430e-07
   3.2578256e-07
   3.2597094e-07
   3.2615946e-07
   3.2634811e-07
   3.2653689e-07
   3.2672580e-07
   3.2691484e-07
   3.2710401e-07
   3.2729331e-07
   3.2748274e-07
   3.2767230e-07
   3.2786199e-07
   3.2805181e-07
   3.2824176e-07
   3.2843184e-07
   3.2862204e-07
   3.2881237e-07
   3.2900283e-07
   3.2919341e-07
   3.2938412e-07
   3.2957496e-07
   3.2976592e-07
   3.2995701e-07
   3.3014823e-07
   3.3033956e-07
   3.3053103e-07
   3.3072261e-07
   3.3091432e-07
   3.3110616e-07
   3.3129811e-07
   3.3149019e-07
   3.3168239e-07
   3.3187472e-07
   3.3206716e-07
   3.3225973e-07
   3.3245242e-07
   3.3264523e-07
   3.3283816e-07
   3.3303121e-07
   3.3322438e-07
   3.3341766e-07
   3.3361107e-07
   3.3380460e-07
   3.3399824e-07
   3.3419201e-07
   3.3438589e-07
   3.3457989e-07
   3.3477400e-07
   3.3496824e-07
   3.3516258e-07
   3.3535705e-07
   3.3555163e-07
   3.3574633e-07
   3.3594114e-07
   3.3613607e-07
   3.3633111e-07
   3.3652626e-07
   3.3672153e-07
   3.3691692e-07
   3.3711241e-07
   3.3730802e-07
   3.3750374e-07
   3.3769958e-07
   3.3789553e-07
   3.3809158e-07
   3.3828775e-07
   3.3848403e-07
   3.3868043e-07
   3.3887693e-07
   3.3907354e-07
   3.3927026e-07
   3.3946709e-07
   3.3966403e-07
   3.3986108e-07
   3.4005824e-07
   3.4025551e-07
   3.4045288e-07
   3.4065036e-07
   3.4084795e-07
   3.4104565e-07
   3.4124345e-07
   3.4144136e-07
   3.4163937e-07
   3.4183750e-07
   3.4203572e-07
   3.4223405e-07
   3.4243249e-07
   3.4263103e-07
   3.4282968e-07
   3.4302842e-07
   3.4322728e-07
   3.4342623e-07
   3.4362529e-07
   3.4382445e-07
   3.4402372e-07
   3.4422309e-07
   3.4442255e-07
   3.4462212e-07
   3.4482179e-07
   3.4502157e-07
   3.4522144e-07
   3.4542141e-07
   3.4562148e-07
   3.4582166e-07
   3.4602193e-07
   3.4622230e-07
   3.4642277e-07
   3.4662334e-07
   3.4682400e-07
   3.4702477e-07
   3.4722563e-07
   3.4742659e-07
   3.4762765e-07
   3.4782880e-07
   3.4803005e-07
   3.4823140e-07
   3.4843284e-07
   3.4863438e-07
   3.4883601e-07
   3.4903774e-07
   3.4923956e-07
   3.4944148e-07
   3.4964349e-07
   3.4984560e-07
   3.5004780e-07
   3.5025009e-07
   3.5045248e-07
   3.5065496e-07
   3.5085753e-07
   3.5106019e-07
   3.5126295e-07
   3.5146580e-07
   3.5166873e-07
   3.5187176e-07
   3.5207488e-07
   3.5227810e-07
   3.5248140e-07
   3.5268479e-07
   3.5288827e-07
   3.5309184e-07
   3.5329550e-07
   3.5349925e-07
   3.5370309e-07
   3.5390701e-07
   3.5411103e-07
   3.5431513e-07
   3.5451932e-07
   3.5472360e-07
   3.5492796e-07
   3.5513241e-07
   3.5533695e-07
   3.5554157e-07
   3.5574628e-07
   3.5595108e-07
   3.5615596e-07
   3.5636092e-07
   3.5656597e-07
   3.5677111e-07
   3.5697633e-07
   3.5718163e-07
   3.5738702e-07
   3.5759249e-07
   3.5779805e-07
   3.5800368e-07
   3.5820941e-07
   3.5841521e-07
   3.5862109e-07
   3.5882706e-07
   3.5903311e-07
   3.5923924e-07
   3.5944545e-07
   3.5965175e-07
   3.5985812e-07
   3.6006458e-07
   3.6027111e-07
   3.6047773e-07
   3.6068442e-07
   3.6089120e-07
   3.6109805e-07
   3.6130498e-07
   3.6151199e-07
   3.6171909e-07
   3.6192625e-07
   3.6213350e-07
   3.6234082e-07
   3.6254823e-07
   3.6275571e-07
   3.6296326e-07
   3.6317090e-07
   3.6337860e-07
   3.6358639e-07
   3.6379425e-07
   3.6400219e-07
   3.6421021e-07
   3.6441829e-07
   3.6462646e-07
   3.6483470e-07
   3.6504301e-07
   3.6525140e-07
   3.6545986e-07
   3.6566840e-07
   3.6587701e-07
   3.6608569e-07
   3.6629445e-07
   3.6650328e-07
   3.6671218e-07
   3.6692116e-07
   3.6713021e-07
   3.6733933e-07
   3.6754852e-07
   3.6775778e-07
   3.6796712e-07
   3.6817652e-07
   3.6838600e-07
   3.6859555e-07
   3.6880517e-07
   3.6901486e-07
   3.6922462e-07
   3.6943445e-07
   3.6964434e-07
   3.6985431e-07
   3.7006435e-07
   3.7027445e-07
   3.7048463e-07
   3.7069487e-07
   3.7090518e-07
   3.7111556e-07
   3.7132601e-07
   3.7153653e-07
   3.7174711e-07
   3.7195776e-07
   3.7216848e-07
   3.7237926e-07
   3.7259011e-07
   3.7280103e-07
   3.7301201e-07
   3.7322306e-07
   3.7343417e-07
   3.7364535e-07
   3.7385660e-07
   3.7406791e-07
   3.7427928e-07
   3.7449072e-07
   3.7470223e-07
   3.7491379e-07
   3.7512543e-07
   3.7533712e-07
   3.7554888e-07
   3.7576071e-07
   3.7597259e-07
   3.7618454e-07
   3.7639656e-07
   3.7660863e-07
   3.7682077e-07
   3.7703297e-07
   3.7724523e-07
   3.7745755e-07
   3.7766994e-07
   3.7788238e-07
   3.7809489e-07
   3.7830746e-07
   3.7852009e-07
   3.7873278e-07
   3.7894553e-07
   3.7915834e-07
   3.7937121e-07
   3.7958414e-07
   3.7979713e-07
   3.8001018e-07
   3.8022329e-07
   3.8043646e-07
   3.8064968e-07
   3.8086297e-07
   3.8107631e-07
   3.8128971e-07
   3.8150317e-07
   3.8171669e-07
   3.8193027e-07
   3.8214390e-07
   3.8235759e-07
   3.8257134e-07
   3.8278514e-07
   3.8299901e-07
   3.8321292e-07
   3.8342690e-07
   3.8364093e-07
   3.8385501e-07
   3.8406916e-07
   3.8428335e-07
   3.8449761e-07
   3.8471192e-07
   3.8492628e-07
   3.8514070e-07
   3.8535517e-07
   3.8556970e-07
   3.8578428e-07
   3.8599892e-07
   3.8621361e-07
   3.8642835e-07
   3.8664315e-07
   3.8685800e-07
   3.8707291e-07
   3.8728787e-07
   3.8750288e-07
   3.8771794e-07
   3.8793306e-07
   3.8814823e-07
   3.8836345e-07
   3.8857872e-07
   3.8879405e-07
   3.8900942e-07
   3.8922485e-07
   3.8944033e-07
   3.8965586e-07
   3.8987145e-07
   3.9008708e-07
   3.9030276e-07
   3.9051850e-07
   3.9073428e-07
   3.9095012e-07
   3.9116600e-07
   3.9138194e-07
   3.9159792e-07
   3.9181396e-07
   3.9203004e-07
   3.9224617e-07
   3.9246235e-07
   3.9267858e-07
   3.9289486e-07
   3.9311119e-07
   3.9332757e-07
   3.9354399e-07
   3.9376047e-07
   3.9397699e-07
   3.9419356e-07
   3.9441017e-07
   3.9462684e-07
   3.9484355e-07
   3.9506031e-07
   3.9527711e-07
   3.9549396e-07
   3.9571086e-07
   3.9592781e-07
   3.9614480e-07
   3.9636184e-07
   3.9657892e-07
   3.9679605e-07
   3.9701323e-07
   3.9723045e-07
   3.9744771e-07
   3.9766503e-07
   3.9788238e-07
   3.9809979e-07
   3.9831723e-07
   3.9853472e-07
   3.9875226e-07
   3.9896984e-07
   3.9918746e-07
   3.9940513e-07
   3.9962285e-07
   3.9984060e-07
   4.0005840e-07
   4.0027625e-07
   4.0049413e-07
   4.0071206e-07
   4.0093004e-07
   4.0114805e-07
   4.0136611e-07
   4.0158421e-07
   4.0180236e-07
   4.0202054e-07
   4.0223877e-07
   4.0245704e-07
   4.0267536e-07
   4.0289371e-07
   4.0311211e-07
   4.0333054e-07
   4.0354902e-07
   4.0376754e-07
   4.0398610e-07
   4.0420471e-07
   4.0442335e-07
   4.0464203e-07
   4.0486076e-07
   4.0507952e-07
   4.0529833e-07
   4.0551717e-07
   4.0573606e-07
   4.0595498e-07
   4.0617395e-07
   4.0639295e-07
   4.0661199e-07
   4.0683108e-07
   4.0705020e-07
   4.0726936e-07
   4.0748856e-07
   4.0770780e-07
   4.0792707e-07
   4.0814639e-07
   4.0836574e-07
   4.0858514e-07
   4.0880457e-07
   4.0902404e-07
   4.0924354e-07
   4.0946309e-07
   4.0968267e-07
   4.0990229e-07
   4.1012195e-07
   4.1034164e-07
   4.1056137e-07
   4.1078114e-07
   4.1100094e-07
   4.1122078e-07
   4.1144066e-07
   4.1166058e-07
   4.1188053e-07
   4.1210052e-07
   4.1232054e-07
   4.1254060e-07
   4.1276069e-07
   4.1298083e-07
   4.1320099e-07
   4.1342119e-07
   4.1364143e-07
   4.1386170e-07
   4.1408201e-07
   4.1430236e-07
   4.1452273e-07
   4.1474315e-07
   4.1496359e-07
   4.1518407e-07
   4.1540459e-07
   4.1562514e-07
   4.1584573e-07
   4.1606634e-07
   4.1628700e-07
   4.1650768e-07
   4.1672840e-07
   4.1694916e-07
