  -1.1876480e-08
  -1.3059800e-08
  -1.4242315e-08
  -1.5424022e-08
  -1.6604916e-08
  -1.7784992e-08
  -1.8964245e-08
  -2.0142673e-08
  -2.1320269e-08
  -2.2497029e-08
  -2.3672949e-08
  -2.4848025e-08
  -2.6022251e-08
  -2.7195623e-08
  -2.8368137e-08
  -2.9539787e-08
  -3.0710569e-08
  -3.1880479e-08
  -3.3049512e-08
  -3.4217662e-08
  -3.5384926e-08
  -3.6551298e-08
  -3.7716773e-08
  -3.8881348e-08
  -4.0045016e-08
  -4.1207774e-08
  -4.2369616e-08
  -4.3530537e-08
  -4.4690532e-08
  -4.5849597e-08
  -4.7007727e-08
  -4.8164916e-08
  -4.9321160e-08
  -5.0476453e-08
  -5.1630791e-08
  -5.2784168e-08
  -5.3936579e-08
  -5.5088019e-08
  -5.6238484e-08
  -5.7387968e-08
  -5.8536465e-08
  -5.9683971e-08
  -6.0830480e-08
  -6.1975987e-08
  -6.3120487e-08
  -6.4263974e-08
  -6.5406444e-08
  -6.6547891e-08
  -6.7688309e-08
  -6.8827693e-08
  -6.9966038e-08
  -7.1103339e-08
  -7.2239589e-08
  -7.3374784e-08
  -7.4508918e-08
  -7.5641985e-08
  -7.6773980e-08
  -7.7904897e-08
  -7.9034732e-08
  -8.0163477e-08
  -8.1291128e-08
  -8.2417679e-08
  -8.3543124e-08
  -8.4667458e-08
  -8.5790675e-08
  -8.6912768e-08
  -8.8033733e-08
  -8.9153564e-08
  -9.0272254e-08
  -9.1389799e-08
  -9.2506191e-08
  -9.3621425e-08
  -9.4735496e-08
  -9.5848397e-08
  -9.6960123e-08
  -9.8070667e-08
  -9.9180024e-08
  -1.0028819e-07
  -1.0139515e-07
  -1.0250091e-07
  -1.0360545e-07
  -1.0470878e-07
  -1.0581089e-07
  -1.0691176e-07
  -1.0801140e-07
  -1.0910979e-07
  -1.1020694e-07
  -1.1130283e-07
  -1.1239746e-07
  -1.1349082e-07
  -1.1458291e-07
  -1.1567371e-07
  -1.1676323e-07
  -1.1785146e-07
  -1.1893839e-07
  -1.2002401e-07
  -1.2110832e-07
  -1.2219131e-07
  -1.2327297e-07
  -1.2435331e-07
  -1.2543230e-07
  -1.2650995e-07
  -1.2758625e-07
  -1.2866118e-07
  -1.2973476e-07
  -1.3080696e-07
  -1.3187778e-07
  -1.3294721e-07
  -1.3401526e-07
  -1.3508190e-07
  -1.3614714e-07
  -1.3721097e-07
  -1.3827337e-07
  -1.3933435e-07
  -1.4039390e-07
  -1.4145200e-07
  -1.4250866e-07
  -1.4356387e-07
  -1.4461761e-07
  -1.4566988e-07
  -1.4672068e-07
  -1.4776999e-07
  -1.4881782e-07
  -1.4986415e-07
  -1.5090897e-07
  -1.5195228e-07
  -1.5299408e-07
  -1.5403434e-07
  -1.5507308e-07
  -1.5611027e-07
  -1.5714591e-07
  -1.5818000e-07
  -1.5921253e-07
  -1.6024349e-07
  -1.6127287e-07
  -1.6230066e-07
  -1.6332686e-07
  -1.6435146e-07
  -1.6537446e-07
  -1.6639583e-07
  -1.6741559e-07
  -1.6843371e-07
  -1.6945020e-07
  -1.7046504e-07
  -1.7147822e-07
  -1.7248975e-07
  -1.7349960e-07
  -1.7450778e-07
  -1.7551427e-07
  -1.7651907e-07
  -1.7752217e-07
  -1.7852356e-07
  -1.7952324e-07
  -1.8052119e-07
  -1.8151741e-07
  -1.8251189e-07
  -1.8350461e-07
  -1.8449559e-07
  -1.8548479e-07
  -1.8647223e-07
  -1.8745788e-07
  -1.8844175e-07
  -1.8942382e-07
  -1.9040408e-07
  -1.9138253e-07
  -1.9235915e-07
  -1.9333395e-07
  -1.9430691e-07
  -1.9527801e-07
  -1.9624727e-07
  -1.9721466e-07
  -1.9818018e-07
  -1.9914381e-07
  -2.0010556e-07
  -2.0106541e-07
  -2.0202336e-07
  -2.0297938e-07
  -2.0393349e-07
  -2.0488566e-07
  -2.0583589e-07
  -2.0678417e-07
  -2.0773050e-07
  -2.0867485e-07
  -2.0961723e-07
  -2.1055763e-07
  -2.1149603e-07
  -2.1243243e-07
  -2.1336682e-07
  -2.1429919e-07
  -2.1522953e-07
  -2.1615783e-07
  -2.1708408e-07
  -2.1800828e-07
  -2.1893041e-07
  -2.1985047e-07
  -2.2076845e-07
  -2.2168433e-07
  -2.2259811e-07
  -2.2350978e-07
  -2.2441933e-07
  -2.2532675e-07
  -2.2623203e-07
  -2.2713517e-07
  -2.2803614e-07
  -2.2893496e-07
  -2.2983159e-07
  -2.3072604e-07
  -2.3161830e-07
  -2.3250835e-07
  -2.3339618e-07
  -2.3428180e-07
  -2.3516518e-07
  -2.3604632e-07
  -2.3692521e-07
  -2.3780183e-07
  -2.3867619e-07
  -2.3954826e-07
  -2.4041805e-07
  -2.4128553e-07
  -2.4215071e-07
  -2.4301356e-07
  -2.4387408e-07
  -2.4473227e-07
  -2.4558811e-07
  -2.4644159e-07
  -2.4729269e-07
  -2.4814142e-07
  -2.4898776e-07
  -2.4983171e-07
  -2.5067324e-07
  -2.5151236e-07
  -2.5234904e-07
  -2.5318329e-07
  -2.5401509e-07
  -2.5484443e-07
  -2.5567129e-07
  -2.5649568e-07
  -2.5731758e-07
  -2.5813698e-07
  -2.5895387e-07
  -2.5976824e-07
  -2.6058008e-07
  -2.6138938e-07
  -2.6219612e-07
  -2.6300031e-07
  -2.6380192e-07
  -2.6460094e-07
  -2.6539738e-07
  -2.6619121e-07
  -2.6698243e-07
  -2.6777102e-07
  -2.6855697e-07
  -2.6934028e-07
  -2.7012094e-07
  -2.7089892e-07
  -2.7167423e-07
  -2.7244685e-07
  -2.7321677e-07
  -2.7398398e-07
  -2.7474847e-07
  -2.7551022e-07
  -2.7626924e-07
  -2.7702550e-07
  -2.7777899e-07
  -2.7852972e-07
  -2.7927765e-07
  -2.8002279e-07
  -2.8076512e-07
  -2.8150463e-07
  -2.8224132e-07
  -2.8297516e-07
  -2.8370615e-07
  -2.8443427e-07
  -2.8515953e-07
  -2.8588189e-07
  -2.8660136e-07
  -2.8731793e-07
  -2.8803157e-07
  -2.8874229e-07
  -2.8945006e-07
  -2.9015488e-07
  -2.9085674e-07
  -2.9155562e-07
  -2.9225152e-07
  -2.9294442e-07
  -2.9363431e-07
  -2.9432118e-07
  -2.9500502e-07
  -2.9568581e-07
  -2.9636355e-07
  -2.9703823e-07
  -2.9770982e-07
  -2.9837833e-07
  -2.9904374e-07
  -2.9970604e-07
  -3.0036521e-07
  -3.0102125e-07
  -3.0167414e-07
  -3.0232387e-07
  -3.0297043e-07
  -3.0361381e-07
  -3.0425400e-07
  -3.0489098e-07
  -3.0552475e-07
  -3.0615528e-07
  -3.0678258e-07
  -3.0740663e-07
  -3.0802741e-07
  -3.0864491e-07
  -3.0925913e-07
  -3.0987005e-07
  -3.1047766e-07
  -3.1108194e-07
  -3.1168289e-07
  -3.1228050e-07
  -3.1287474e-07
  -3.1346562e-07
  -3.1405311e-07
  -3.1463720e-07
  -3.1521790e-07
  -3.1579517e-07
  -3.1636901e-07
  -3.1693941e-07
  -3.1750635e-07
  -3.1806983e-07
  -3.1862983e-07
  -3.1918634e-07
  -3.1973935e-07
  -3.2028884e-07
  -3.2083480e-07
  -3.2137722e-07
  -3.2191610e-07
  -3.2245141e-07
  -3.2298314e-07
  -3.2351128e-07
  -3.2403583e-07
  -3.2455676e-07
  -3.2507407e-07
  -3.2558774e-07
  -3.2609776e-07
  -3.2660412e-07
  -3.2710681e-07
  -3.2760581e-07
  -3.2810111e-07
  -3.2859271e-07
  -3.2908057e-07
  -3.2956471e-07
  -3.3004509e-07
  -3.3052172e-07
  -3.3099457e-07
  -3.3146364e-07
  -3.3192891e-07
  -3.3239038e-07
  -3.3284802e-07
  -3.3330182e-07
  -3.3375178e-07
  -3.3419788e-07
  -3.3464011e-07
  -3.3507846e-07
  -3.3551291e-07
  -3.3594345e-07
  -3.3637006e-07
  -3.3679275e-07
  -3.3721149e-07
  -3.3762627e-07
  -3.3803708e-07
  -3.3844390e-07
  -3.3884673e-07
  -3.3924555e-07
  -3.3964035e-07
  -3.4003112e-07
  -3.4041784e-07
  -3.4080050e-07
  -3.4117909e-07
  -3.4155360e-07
  -3.4192401e-07
  -3.4229031e-07
  -3.4265249e-07
  -3.4301054e-07
  -3.4336444e-07
  -3.4371418e-07
  -3.4405975e-07
  -3.4440114e-07
  -3.4473834e-07
  -3.4507132e-07
  -3.4540008e-07
  -3.4572461e-07
  -3.4604489e-07
  -3.4636092e-07
  -3.4667267e-07
  -3.4698014e-07
  -3.4728331e-07
  -3.4758218e-07
  -3.4787672e-07
  -3.4816693e-07
  -3.4845280e-07
  -3.4873430e-07
  -3.4901144e-07
  -3.4928419e-07
  -3.4955254e-07
  -3.4981649e-07
  -3.5007602e-07
  -3.5033111e-07
  -3.5058176e-07
  -3.5082795e-07
  -3.5106966e-07
  -3.5130690e-07
  -3.5153964e-07
  -3.5176787e-07
  -3.5199159e-07
  -3.5221077e-07
  -3.5242540e-07
  -3.5263548e-07
  -3.5284099e-07
  -3.5304192e-07
  -3.5323825e-07
  -3.5342998e-07
  -3.5361709e-07
  -3.5379957e-07
  -3.5397740e-07
  -3.5415058e-07
  -3.5431909e-07
  -3.5448292e-07
  -3.5464206e-07
  -3.5479650e-07
  -3.5494622e-07
  -3.5509121e-07
  -3.5523146e-07
  -3.5536695e-07
  -3.5549768e-07
  -3.5562364e-07
  -3.5574480e-07
  -3.5586117e-07
  -3.5597272e-07
  -3.5607944e-07
  -3.5618133e-07
  -3.5627837e-07
  -3.5637055e-07
  -3.5645786e-07
  -3.5654028e-07
  -3.5661780e-07
  -3.5669041e-07
  -3.5675811e-07
  -3.5682087e-07
  -3.5687869e-07
  -3.5693155e-07
  -3.5697944e-07
  -3.5702236e-07
  -3.5706028e-07
  -3.5709320e-07
  -3.5712111e-07
  -3.5714399e-07
  -3.5716183e-07
  -3.5717462e-07
  -3.5718236e-07
  -3.5718502e-07
  -3.5718259e-07
  -3.5717508e-07
  -3.5716245e-07
  -3.5714471e-07
  -3.5712183e-07
  -3.5709382e-07
  -3.5706066e-07
  -3.5702233e-07
  -3.5697882e-07
  -3.5693014e-07
  -3.5687625e-07
  -3.5681716e-07
  -3.5675285e-07
  -3.5668330e-07
  -3.5660852e-07
  -3.5652848e-07
  -3.5644318e-07
  -3.5635261e-07
  -3.5625675e-07
  -3.5615560e-07
  -3.5604914e-07
  -3.5593736e-07
  -3.5582026e-07
  -3.5569781e-07
  -3.5557002e-07
  -3.5543687e-07
  -3.5529834e-07
  -3.5515444e-07
  -3.5500514e-07
  -3.5485044e-07
  -3.5469033e-07
  -3.5452480e-07
  -3.5435383e-07
  -3.5417742e-07
  -3.5399556e-07
  -3.5380823e-07
  -3.5361543e-07
  -3.5341715e-07
  -3.5321337e-07
  -3.5300408e-07
  -3.5278929e-07
  -3.5256896e-07
  -3.5234311e-07
  -3.5211171e-07
  -3.5187476e-07
  -3.5163225e-07
  -3.5138416e-07
  -3.5113049e-07
  -3.5087123e-07
  -3.5060637e-07
  -3.5033590e-07
  -3.5005980e-07
  -3.4977808e-07
  -3.4949072e-07
  -3.4919771e-07
  -3.4889905e-07
  -3.4859472e-07
  -3.4828471e-07
  -3.4796902e-07
  -3.4764763e-07
  -3.4732055e-07
  -3.4698775e-07
  -3.4664923e-07
  -3.4630499e-07
  -3.4595500e-07
  -3.4559928e-07
  -3.4523779e-07
  -3.4487055e-07
  -3.4449753e-07
  -3.4411874e-07
  -3.4373415e-07
  -3.4334377e-07
  -3.4294759e-07
  -3.4254559e-07
  -3.4213778e-07
  -3.4172413e-07
  -3.4130465e-07
  -3.4087933e-07
  -3.4044815e-07
  -3.4001112e-07
  -3.3956821e-07
  -3.3911944e-07
  -3.3866478e-07
  -3.3820423e-07
  -3.3773778e-07
  -3.3726543e-07
  -3.3678717e-07
  -3.3630298e-07
  -3.3581288e-07
  -3.3531684e-07
  -3.3481486e-07
  -3.3430693e-07
  -3.3379305e-07
  -3.3327321e-07
  -3.3274740e-07
  -3.3221562e-07
  -3.3167786e-07
  -3.3113412e-07
  -3.3058438e-07
  -3.3002864e-07
  -3.2946689e-07
  -3.2889914e-07
  -3.2832536e-07
  -3.2774557e-07
  -3.2715974e-07
  -3.2656788e-07
  -3.2596998e-07
  -3.2536603e-07
  -3.2475603e-07
  -3.2413997e-07
  -3.2351785e-07
  -3.2288966e-07
  -3.2225540e-07
  -3.2161506e-07
  -3.2096863e-07
  -3.2031611e-07
  -3.1965751e-07
  -3.1899280e-07
  -3.1832199e-07
  -3.1764507e-07
  -3.1696203e-07
  -3.1627288e-07
  -3.1557761e-07
  -3.1487622e-07
  -3.1416869e-07
  -3.1345503e-07
  -3.1273523e-07
  -3.1200928e-07
  -3.1127719e-07
  -3.1053895e-07
  -3.0979456e-07
  -3.0904401e-07
  -3.0828729e-07
  -3.0752442e-07
  -3.0675537e-07
  -3.0598015e-07
  -3.0519876e-07
  -3.0441119e-07
  -3.0361745e-07
  -3.0281751e-07
  -3.0201139e-07
  -3.0119909e-07
  -3.0038059e-07
  -2.9955589e-07
  -2.9872500e-07
  -2.9788791e-07
  -2.9704462e-07
  -2.9619513e-07
  -2.9533943e-07
  -2.9447752e-07
  -2.9360941e-07
  -2.9273508e-07
  -2.9185454e-07
  -2.9096779e-07
  -2.9007482e-07
  -2.8917563e-07
  -2.8827023e-07
  -2.8735860e-07
  -2.8644076e-07
  -2.8551669e-07
  -2.8458640e-07
  -2.8364989e-07
  -2.8270715e-07
  -2.8175819e-07
  -2.8080300e-07
  -2.7984158e-07
  -2.7887395e-07
  -2.7790008e-07
  -2.7691999e-07
  -2.7593367e-07
  -2.7494113e-07
  -2.7394236e-07
  -2.7293736e-07
  -2.7192614e-07
  -2.7090870e-07
  -2.6988503e-07
  -2.6885513e-07
  -2.6781902e-07
  -2.6677668e-07
  -2.6572812e-07
  -2.6467335e-07
  -2.6361235e-07
  -2.6254514e-07
  -2.6147171e-07
  -2.6039207e-07
  -2.5930622e-07
  -2.5821416e-07
  -2.5711588e-07
  -2.5601141e-07
  -2.5490072e-07
  -2.5378384e-07
  -2.5266075e-07
  -2.5153147e-07
  -2.5039599e-07
  -2.4925432e-07
  -2.4810646e-07
  -2.4695242e-07
  -2.4579218e-07
  -2.4462577e-07
  -2.4345318e-07
  -2.4227442e-07
  -2.4108948e-07
  -2.3989838e-07
  -2.3870111e-07
  -2.3749768e-07
  -2.3628810e-07
  -2.3507236e-07
  -2.3385048e-07
  -2.3262245e-07
  -2.3138827e-07
  -2.3014797e-07
  -2.2890153e-07
  -2.2764896e-07
  -2.2639027e-07
  -2.2512547e-07
  -2.2385455e-07
  -2.2257752e-07
  -2.2129439e-07
  -2.2000516e-07
  -2.1870984e-07
  -2.1740843e-07
  -2.1610095e-07
  -2.1478738e-07
  -2.1346775e-07
  -2.1214205e-07
  -2.1081029e-07
  -2.0947248e-07
  -2.0812863e-07
  -2.0677874e-07
  -2.0542281e-07
  -2.0406085e-07
  -2.0269288e-07
  -2.0131889e-07
  -1.9993890e-07
  -1.9855290e-07
  -1.9716091e-07
  -1.9576294e-07
  -1.9435899e-07
  -1.9294907e-07
  -1.9153318e-07
  -1.9011134e-07
  -1.8868355e-07
  -1.8724982e-07
  -1.8581016e-07
  -1.8436457e-07
  -1.8291307e-07
  -1.8145566e-07
  -1.7999234e-07
  -1.7852314e-07
  -1.7704805e-07
  -1.7556709e-07
  -1.7408027e-07
  -1.7258758e-07
  -1.7108905e-07
  -1.6958468e-07
  -1.6807449e-07
  -1.6655847e-07
  -1.6503664e-07
  -1.6350901e-07
  -1.6197558e-07
  -1.6043638e-07
  -1.5889140e-07
  -1.5734066e-07
  -1.5578417e-07
  -1.5422194e-07
  -1.5265397e-07
  -1.5108028e-07
  -1.4950089e-07
  -1.4791579e-07
  -1.4632500e-07
  -1.4472853e-07
  -1.4312639e-07
  -1.4151860e-07
  -1.3990516e-07
  -1.3828608e-07
  -1.3666138e-07
  -1.3503106e-07
  -1.3339515e-07
  -1.3175364e-07
  -1.3010656e-07
  -1.2845391e-07
  -1.2679571e-07
  -1.2513196e-07
  -1.2346269e-07
  -1.2178789e-07
  -1.2010759e-07
  -1.1842179e-07
  -1.1673052e-07
  -1.1503377e-07
  -1.1333157e-07
  -1.1162392e-07
  -1.0991085e-07
  -1.0819235e-07
  -1.0646845e-07
  -1.0473916e-07
  -1.0300449e-07
  -1.0126446e-07
  -9.9519068e-08
  -9.7768343e-08
  -9.6012293e-08
  -9.4250932e-08
  -9.2484273e-08
  -9.0712330e-08
  -8.8935118e-08
  -8.7152651e-08
  -8.5364942e-08
  -8.3572005e-08
  -8.1773856e-08
  -7.9970508e-08
  -7.8161975e-08
  -7.6348273e-08
  -7.4529417e-08
  -7.2705420e-08
  -7.0876297e-08
  -6.9042064e-08
  -6.7202736e-08
  -6.5358327e-08
  -6.3508853e-08
  -6.1654329e-08
  -5.9794771e-08
  -5.7930193e-08
  -5.6060611e-08
  -5.4186041e-08
  -5.2306499e-08
  -5.0422000e-08
  -4.8532560e-08
  -4.6638195e-08
  -4.4738921e-08
  -4.2834754e-08
  -4.0925710e-08
  -3.9011806e-08
  -3.7093057e-08
  -3.5169480e-08
  -3.3241092e-08
  -3.1307909e-08
  -2.9369947e-08
  -2.7427224e-08
  -2.5479756e-08
  -2.3527560e-08
  -2.1570653e-08
  -1.9609051e-08
  -1.7642772e-08
  -1.5671834e-08
  -1.3696252e-08
  -1.1716045e-08
  -9.7312289e-09
  -7.7418224e-09
  -5.7478425e-09
  -3.7493067e-09
  -1.7462325e-09
   2.6136226e-10
   2.2734599e-09
   4.2900427e-09
   6.3110927e-09
   8.3365921e-09
   1.0366523e-08
   1.2400867e-08
   1.4439606e-08
   1.6482722e-08
   1.8530197e-08
   2.0582012e-08
   2.2638149e-08
   2.4698590e-08
   2.6763316e-08
   2.8832309e-08
   3.0905550e-08
   3.2983020e-08
   3.5064701e-08
   3.7150574e-08
   3.9240620e-08
   4.1334820e-08
   4.3433156e-08
   4.5535608e-08
   4.7642157e-08
   4.9752785e-08
   5.1867471e-08
   5.3986198e-08
   5.6108945e-08
   5.8235694e-08
   6.0366425e-08
   6.2501118e-08
   6.4639755e-08
   6.6782316e-08
   6.8928781e-08
   7.1079131e-08
   7.3233346e-08
   7.5391406e-08
   7.7553292e-08
   7.9718985e-08
   8.1888463e-08
   8.4061708e-08
   8.6238700e-08
   8.8419419e-08
   9.0603844e-08
   9.2791957e-08
   9.4983736e-08
   9.7179162e-08
   9.9378215e-08
   1.0158087e-07
   1.0378712e-07
   1.0599693e-07
   1.0821029e-07
   1.1042717e-07
   1.1264756e-07
   1.1487144e-07
   1.1709878e-07
   1.1932956e-07
   1.2156377e-07
   1.2380138e-07
   1.2604238e-07
   1.2828674e-07
   1.3053444e-07
   1.3278546e-07
   1.3503978e-07
   1.3729739e-07
   1.3955825e-07
   1.4182235e-07
   1.4408968e-07
   1.4636020e-07
   1.4863389e-07
   1.5091075e-07
   1.5319074e-07
   1.5547384e-07
   1.5776004e-07
   1.6004932e-07
   1.6234164e-07
   1.6463700e-07
   1.6693537e-07
   1.6923673e-07
   1.7154106e-07
   1.7384833e-07
   1.7615854e-07
   1.7847165e-07
   1.8078765e-07
   1.8310651e-07
   1.8542822e-07
   1.8775275e-07
   1.9008008e-07
   1.9241019e-07
   1.9474307e-07
   1.9707868e-07
   1.9941701e-07
   2.0175804e-07
   2.0410174e-07
   2.0644810e-07
   2.0879710e-07
   2.1114871e-07
   2.1350291e-07
   2.1585968e-07
   2.1821900e-07
   2.2058085e-07
   2.2294521e-07
   2.2531206e-07
   2.2768137e-07
   2.3005313e-07
   2.3242731e-07
   2.3480390e-07
   2.3718287e-07
   2.3956420e-07
   2.4194788e-07
   2.4433387e-07
   2.4672216e-07
   2.4911273e-07
   2.5150555e-07
   2.5390061e-07
   2.5629789e-07
   2.5869736e-07
   2.6109900e-07
   2.6350280e-07
   2.6590873e-07
   2.6831677e-07
   2.7072689e-07
   2.7313909e-07
   2.7555334e-07
   2.7796961e-07
   2.8038789e-07
   2.8280816e-07
   2.8523039e-07
   2.8765456e-07
   2.9008066e-07
   2.9250867e-07
   2.9493855e-07
   2.9737030e-07
   2.9980389e-07
   3.0223930e-07
   3.0467651e-07
   3.0711550e-07
   3.0955624e-07
   3.1199873e-07
   3.1444294e-07
   3.1688884e-07
   3.1933642e-07
   3.2178565e-07
   3.2423653e-07
   3.2668902e-07
   3.2914310e-07
   3.3159876e-07
   3.3405597e-07
   3.3651473e-07
   3.3897499e-07
   3.4143675e-07
   3.4389998e-07
   3.4636467e-07
   3.4883080e-07
   3.5129833e-07
   3.5376726e-07
   3.5623757e-07
   3.5870923e-07
   3.6118222e-07
   3.6365653e-07
   3.6613214e-07
   3.6860902e-07
   3.7108715e-07
   3.7356652e-07
   3.7604711e-07
   3.7852889e-07
   3.8101185e-07
   3.8349596e-07
   3.8598122e-07
   3.8846759e-07
   3.9095506e-07
   3.9344361e-07
   3.9593321e-07
   3.9842386e-07
   4.0091553e-07
   4.0340821e-07
   4.0590186e-07
   4.0839648e-07
   4.1089204e-07
   4.1338853e-07
   4.1588593e-07
   4.1838421e-07
   4.2088336e-07
   4.2338336e-07
   4.2588420e-07
   4.2838584e-07
   4.3088828e-07
   4.3339149e-07
   4.3589546e-07
   4.3840017e-07
   4.4090559e-07
   4.4341172e-07
   4.4591852e-07
   4.4842600e-07
   4.5093411e-07
   4.5344286e-07
   4.5595221e-07
   4.5846215e-07
   4.6097267e-07
   4.6348374e-07
   4.6599534e-07
   4.6850747e-07
   4.7102010e-07
   4.7353320e-07
   4.7604678e-07
   4.7856080e-07
   4.8107525e-07
   4.8359011e-07
   4.8610536e-07
   4.8862100e-07
   4.9113699e-07
   4.9365332e-07
   4.9616998e-07
   4.9868694e-07
   5.0120420e-07
   5.0372173e-07
   5.0623951e-07
   5.0875753e-07
   5.1127577e-07
   5.1379422e-07
   5.1631286e-07
   5.1883166e-07
   5.2135062e-07
   5.2386972e-07
   5.2638894e-07
   5.2890826e-07
   5.3142767e-07
   5.3394715e-07
   5.3646669e-07
   5.3898626e-07
   5.4150586e-07
   5.4402546e-07
   5.4654505e-07
   5.4906461e-07
   5.5158413e-07
   5.5410360e-07
   5.5662299e-07
   5.5914229e-07
   5.6166148e-07
   5.6418055e-07
   5.6669949e-07
   5.6921827e-07
   5.7173688e-07
   5.7425531e-07
   5.7677354e-07
   5.7929155e-07
   5.8180934e-07
   5.8432687e-07
   5.8684415e-07
   5.8936116e-07
   5.9187787e-07
   5.9439428e-07
   5.9691037e-07
   5.9942612e-07
   6.0194152e-07
   6.0445656e-07
   6.0697122e-07
   6.0948549e-07
   6.1199934e-07
   6.1451278e-07
   6.1702578e-07
   6.1953832e-07
   6.2205041e-07
   6.2456201e-07
   6.2707312e-07
   6.2958372e-07
   6.3209380e-07
   6.3460334e-07
   6.3711234e-07
   6.3962077e-07
   6.4212863e-07
   6.4463589e-07
   6.4714256e-07
   6.4964860e-07
   6.5215402e-07
   6.5465879e-07
   6.5716290e-07
   6.5966634e-07
   6.6216910e-07
   6.6467117e-07
   6.6717252e-07
   6.6967315e-07
   6.7217305e-07
   6.7467220e-07
   6.7717059e-07
   6.7966820e-07
   6.8216503e-07
   6.8466106e-07
   6.8715628e-07
   6.8965067e-07
   6.9214424e-07
   6.9463695e-07
   6.9712880e-07
   6.9961978e-07
   7.0210988e-07
   7.0459908e-07
   7.0708738e-07
   7.0957475e-07
   7.1206119e-07
   7.1454669e-07
   7.1703124e-07
   7.1951482e-07
   7.2199742e-07
   7.2447903e-07
   7.2695965e-07
   7.2943925e-07
   7.3191783e-07
   7.3439537e-07
   7.3687187e-07
   7.3934732e-07
   7.4182169e-07
   7.4429499e-07
   7.4676720e-07
   7.4923832e-07
   7.5170832e-07
   7.5417720e-07
   7.5664495e-07
   7.5911156e-07
   7.6157702e-07
   7.6404132e-07
   7.6650445e-07
   7.6896639e-07
   7.7142714e-07
   7.7388669e-07
   7.7634502e-07
   7.7880214e-07
   7.8125802e-07
   7.8371266e-07
   7.8616605e-07
   7.8861818e-07
   7.9106904e-07
   7.9351862e-07
   7.9596690e-07
   7.9841390e-07
   8.0085958e-07
   8.0330394e-07
   8.0574698e-07
   8.0818868e-07
   8.1062904e-07
   8.1306805e-07
   8.1550569e-07
   8.1794197e-07
   8.2037686e-07
   8.2281036e-07
   8.2524247e-07
   8.2767317e-07
   8.3010246e-07
   8.3253033e-07
   8.3495677e-07
   8.3738176e-07
   8.3980531e-07
   8.4222741e-07
   8.4464804e-07
   8.4706720e-07
   8.4948488e-07
   8.5190107e-07
   8.5431577e-07
   8.5672896e-07
   8.5914065e-07
   8.6155082e-07
   8.6395946e-07
   8.6636657e-07
   8.6877213e-07
   8.7117615e-07
   8.7357862e-07
   8.7597952e-07
   8.7837885e-07
   8.8077661e-07
   8.8317278e-07
   8.8556736e-07
   8.8796035e-07
   8.9035173e-07
   8.9274150e-07
   8.9512965e-07
   8.9751617e-07
   8.9990107e-07
   9.0228433e-07
   9.0466594e-07
   9.0704590e-07
   9.0942420e-07
   9.1180085e-07
   9.1417582e-07
   9.1654911e-07
   9.1892073e-07
   9.2129065e-07
   9.2365888e-07
   9.2602542e-07
   9.2839024e-07
   9.3075336e-07
   9.3311475e-07
   9.3547443e-07
   9.3783237e-07
   9.4018859e-07
   9.4254306e-07
   9.4489578e-07
   9.4724676e-07
   9.4959598e-07
   9.5194344e-07
   9.5428913e-07
   9.5663305e-07
   9.5897519e-07
   9.6131555e-07
   9.6365412e-07
   9.6599091e-07
   9.6832589e-07
   9.7065908e-07
   9.7299045e-07
   9.7532002e-07
   9.7764777e-07
   9.7997370e-07
   9.8229781e-07
   9.8462008e-07
   9.8694052e-07
   9.8925913e-07
   9.9157589e-07
   9.9389080e-07
   9.9620387e-07
   9.9851508e-07
   1.0008244e-06
   1.0031319e-06
   1.0054375e-06
   1.0077413e-06
   1.0100431e-06
   1.0123431e-06
   1.0146412e-06
   1.0169375e-06
   1.0192318e-06
   1.0215242e-06
   1.0238148e-06
   1.0261034e-06
   1.0283902e-06
   1.0306750e-06
   1.0329579e-06
   1.0352389e-06
   1.0375180e-06
   1.0397951e-06
   1.0420704e-06
   1.0443437e-06
   1.0466151e-06
   1.0488845e-06
   1.0511520e-06
   1.0534176e-06
   1.0556812e-06
   1.0579429e-06
   1.0602026e-06
   1.0624604e-06
   1.0647162e-06
   1.0669701e-06
   1.0692220e-06
   1.0714719e-06
   1.0737199e-06
   1.0759659e-06
   1.0782100e-06
   1.0804521e-06
   1.0826922e-06
   1.0849303e-06
   1.0871665e-06
   1.0894006e-06
   1.0916328e-06
   1.0938630e-06
   1.0960912e-06
   1.0983175e-06
   1.1005417e-06
   1.1027639e-06
   1.1049842e-06
   1.1072024e-06
   1.1094187e-06
   1.1116329e-06
   1.1138452e-06
   1.1160555e-06
   1.1182637e-06
   1.1204699e-06
   1.1226742e-06
   1.1248764e-06
   1.1270766e-06
   1.1292748e-06
   1.1314710e-06
   1.1336652e-06
   1.1358573e-06
   1.1380474e-06
   1.1402356e-06
   1.1424217e-06
   1.1446057e-06
   1.1467878e-06
   1.1489678e-06
   1.1511458e-06
   1.1533218e-06
   1.1554958e-06
   1.1576677e-06
   1.1598376e-06
   1.1620055e-06
   1.1641713e-06
   1.1663351e-06
   1.1684969e-06
   1.1706566e-06
   1.1728144e-06
   1.1749700e-06
   1.1771237e-06
   1.1792753e-06
   1.1814249e-06
   1.1835724e-06
   1.1857180e-06
   1.1878614e-06
   1.1900029e-06
   1.1921423e-06
   1.1942796e-06
   1.1964150e-06
   1.1985483e-06
   1.2006795e-06
   1.2028087e-06
   1.2049359e-06
   1.2070611e-06
   1.2091842e-06
   1.2113052e-06
   1.2134243e-06
   1.2155413e-06
   1.2176562e-06
   1.2197691e-06
   1.2218800e-06
   1.2239888e-06
   1.2260957e-06
   1.2282004e-06
   1.2303032e-06
   1.2324039e-06
   1.2345025e-06
   1.2365991e-06
   1.2386937e-06
   1.2407863e-06
   1.2428768e-06
   1.2449653e-06
   1.2470518e-06
   1.2491362e-06
   1.2512186e-06
   1.2532989e-06
   1.2553773e-06
   1.2574536e-06
   1.2595278e-06
   1.2616001e-06
   1.2636703e-06
   1.2657385e-06
   1.2678047e-06
   1.2698688e-06
   1.2719309e-06
   1.2739910e-06
   1.2760491e-06
   1.2781051e-06
   1.2801591e-06
   1.2822111e-06
   1.2842611e-06
   1.2863091e-06
   1.2883550e-06
   1.2903990e-06
   1.2924409e-06
   1.2944808e-06
   1.2965187e-06
   1.2985546e-06
   1.3005884e-06
   1.3026203e-06
   1.3046502e-06
   1.3066780e-06
   1.3087039e-06
   1.3107277e-06
   1.3127496e-06
   1.3147694e-06
   1.3167872e-06
   1.3188031e-06
   1.3208169e-06
   1.3228288e-06
   1.3248386e-06
   1.3268465e-06
   1.3288524e-06
   1.3308563e-06
   1.3328582e-06
   1.3348581e-06
   1.3368560e-06
   1.3388520e-06
   1.3408460e-06
   1.3428380e-06
   1.3448280e-06
   1.3468160e-06
   1.3488021e-06
   1.3507862e-06
   1.3527683e-06
   1.3547484e-06
   1.3567266e-06
   1.3587029e-06
   1.3606771e-06
   1.3626494e-06
   1.3646198e-06
   1.3665881e-06
   1.3685546e-06
   1.3705190e-06
   1.3724816e-06
   1.3744421e-06
   1.3764008e-06
   1.3783575e-06
   1.3803122e-06
   1.3822650e-06
   1.3842159e-06
   1.3861648e-06
   1.3881118e-06
   1.3900568e-06
   1.3920000e-06
   1.3939411e-06
   1.3958804e-06
   1.3978178e-06
   1.3997532e-06
   1.4016867e-06
   1.4036183e-06
   1.4055480e-06
   1.4074757e-06
   1.4094016e-06
   1.4113255e-06
   1.4132476e-06
   1.4151677e-06
   1.4170859e-06
   1.4190022e-06
   1.4209167e-06
   1.4228292e-06
   1.4247399e-06
   1.4266486e-06
   1.4285555e-06
   1.4304605e-06
   1.4323636e-06
   1.4342648e-06
   1.4361642e-06
   1.4380617e-06
   1.4399573e-06
   1.4418510e-06
   1.4437429e-06
   1.4456329e-06
   1.4475210e-06
   1.4494073e-06
   1.4512918e-06
   1.4531743e-06
   1.4550551e-06
   1.4569339e-06
   1.4588110e-06
   1.4606862e-06
   1.4625595e-06
   1.4644310e-06
   1.4663007e-06
   1.4681685e-06
   1.4700345e-06
   1.4718987e-06
   1.4737611e-06
   1.4756216e-06
   1.4774803e-06
   1.4793372e-06
   1.4811923e-06
   1.4830456e-06
   1.4848970e-06
   1.4867467e-06
   1.4885946e-06
   1.4904406e-06
   1.4922849e-06
   1.4941273e-06
   1.4959680e-06
   1.4978069e-06
   1.4996440e-06
   1.5014793e-06
   1.5033129e-06
   1.5051446e-06
   1.5069746e-06
   1.5088028e-06
   1.5106293e-06
   1.5124540e-06
   1.5142769e-06
   1.5160981e-06
   1.5179175e-06
   1.5197351e-06
   1.5215510e-06
   1.5233652e-06
   1.5251776e-06
   1.5269883e-06
   1.5287972e-06
   1.5306044e-06
   1.5324098e-06
   1.5342136e-06
   1.5360156e-06
   1.5378158e-06
   1.5396144e-06
   1.5414112e-06
   1.5432064e-06
   1.5449998e-06
   1.5467915e-06
   1.5485815e-06
   1.5503698e-06
   1.5521564e-06
   1.5539413e-06
   1.5557245e-06
   1.5575060e-06
   1.5592858e-06
   1.5610640e-06
   1.5628404e-06
   1.5646152e-06
   1.5663883e-06
   1.5681598e-06
   1.5699295e-06
   1.5716976e-06
   1.5734641e-06
   1.5752289e-06
   1.5769920e-06
   1.5787535e-06
   1.5805133e-06
   1.5822715e-06
   1.5840280e-06
   1.5857829e-06
   1.5875361e-06
   1.5892877e-06
   1.5910377e-06
   1.5927861e-06
   1.5945328e-06
   1.5962779e-06
   1.5980214e-06
   1.5997633e-06
   1.6015036e-06
   1.6032422e-06
   1.6049793e-06
   1.6067147e-06
   1.6084486e-06
   1.6101808e-06
   1.6119115e-06
   1.6136406e-06
   1.6153680e-06
   1.6170939e-06
   1.6188183e-06
   1.6205410e-06
   1.6222622e-06
   1.6239818e-06
   1.6256998e-06
   1.6274163e-06
   1.6291312e-06
   1.6308445e-06
   1.6325563e-06
   1.6342665e-06
   1.6359752e-06
   1.6376824e-06
   1.6393880e-06
   1.6410920e-06
   1.6427946e-06
   1.6444956e-06
   1.6461950e-06
   1.6478930e-06
   1.6495894e-06
   1.6512843e-06
   1.6529777e-06
   1.6546695e-06
   1.6563599e-06
   1.6580487e-06
   1.6597361e-06
   1.6614219e-06
   1.6631063e-06
   1.6647892e-06
   1.6664705e-06
   1.6681504e-06
   1.6698288e-06
   1.6715057e-06
   1.6731812e-06
   1.6748551e-06
   1.6765276e-06
   1.6781987e-06
   1.6798682e-06
   1.6815363e-06
   1.6832030e-06
   1.6848682e-06
   1.6865319e-06
   1.6881942e-06
   1.6898550e-06
   1.6915144e-06
   1.6931724e-06
   1.6948289e-06
   1.6964840e-06
   1.6981377e-06
   1.6997899e-06
   1.7014407e-06
   1.7030901e-06
   1.7047381e-06
   1.7063847e-06
   1.7080299e-06
   1.7096736e-06
   1.7113160e-06
   1.7129569e-06
   1.7145965e-06
   1.7162346e-06
   1.7178714e-06
   1.7195068e-06
   1.7211408e-06
   1.7227734e-06
   1.7244046e-06
   1.7260345e-06
   1.7276630e-06
   1.7292901e-06
   1.7309159e-06
   1.7325403e-06
   1.7341633e-06
   1.7357850e-06
   1.7374053e-06
   1.7390243e-06
   1.7406420e-06
   1.7422583e-06
   1.7438732e-06
   1.7454868e-06
   1.7470991e-06
   1.7487101e-06
   1.7503197e-06
   1.7519280e-06
   1.7535350e-06
   1.7551407e-06
   1.7567450e-06
   1.7583481e-06
   1.7599498e-06
   1.7615503e-06
   1.7631494e-06
   1.7647472e-06
   1.7663438e-06
   1.7679390e-06
   1.7695330e-06
   1.7711256e-06
   1.7727170e-06
   1.7743071e-06
   1.7758960e-06
   1.7774835e-06
   1.7790698e-06
   1.7806549e-06
   1.7822386e-06
   1.7838211e-06
   1.7854024e-06
   1.7869824e-06
   1.7885611e-06
   1.7901386e-06
   1.7917148e-06
   1.7932898e-06
   1.7948636e-06
   1.7964361e-06
   1.7980074e-06
   1.7995775e-06
   1.8011463e-06
   1.8027139e-06
   1.8042803e-06
   1.8058455e-06
   1.8074094e-06
   1.8089722e-06
   1.8105337e-06
   1.8120941e-06
   1.8136532e-06
   1.8152111e-06
   1.8167679e-06
   1.8183234e-06
   1.8198778e-06
   1.8214310e-06
   1.8229829e-06
   1.8245337e-06
   1.8260834e-06
   1.8276318e-06
   1.8291791e-06
   1.8307252e-06
   1.8322702e-06
   1.8338139e-06
   1.8353566e-06
   1.8368980e-06
   1.8384383e-06
   1.8399775e-06
   1.8415155e-06
   1.8430524e-06
   1.8445881e-06
   1.8461227e-06
   1.8476561e-06
   1.8491885e-06
   1.8507197e-06
   1.8522497e-06
   1.8537786e-06
   1.8553065e-06
   1.8568332e-06
   1.8583587e-06
   1.8598832e-06
   1.8614066e-06
   1.8629288e-06
   1.8644500e-06
   1.8659700e-06
   1.8674890e-06
   1.8690068e-06
   1.8705236e-06
   1.8720393e-06
   1.8735538e-06
   1.8750673e-06
   1.8765798e-06
   1.8780911e-06
   1.8796014e-06
   1.8811106e-06
   1.8826187e-06
   1.8841258e-06
   1.8856318e-06
   1.8871367e-06
   1.8886406e-06
   1.8901434e-06
   1.8916452e-06
   1.8931459e-06
   1.8946456e-06
   1.8961442e-06
   1.8976418e-06
   1.8991384e-06
   1.9006339e-06
   1.9021284e-06
   1.9036218e-06
   1.9051143e-06
   1.9066057e-06
   1.9080961e-06
   1.9095854e-06
   1.9110738e-06
   1.9125611e-06
   1.9140474e-06
   1.9155328e-06
   1.9170171e-06
   1.9185004e-06
   1.9199827e-06
   1.9214640e-06
   1.9229444e-06
   1.9244237e-06
   1.9259020e-06
   1.9273794e-06
   1.9288558e-06
   1.9303312e-06
   1.9318056e-06
   1.9332790e-06
   1.9347515e-06
   1.9362230e-06
   1.9376935e-06
   1.9391631e-06
   1.9406317e-06
   1.9420994e-06
   1.9435661e-06
   1.9450318e-06
   1.9464966e-06
   1.9479605e-06
   1.9494234e-06
   1.9508853e-06
   1.9523463e-06
   1.9538064e-06
   1.9552656e-06
   1.9567238e-06
   1.9581810e-06
   1.9596374e-06
   1.9610928e-06
   1.9625473e-06
   1.9640009e-06
   1.9654536e-06
   1.9669054e-06
   1.9683562e-06
   1.9698061e-06
   1.9712552e-06
   1.9727033e-06
   1.9741505e-06
   1.9755969e-06
   1.9770423e-06
   1.9784868e-06
   1.9799305e-06
   1.9813732e-06
   1.9828151e-06
   1.9842561e-06
   1.9856962e-06
   1.9871354e-06
   1.9885738e-06
   1.9900112e-06
   1.9914479e-06
   1.9928836e-06
   1.9943185e-06
   1.9957525e-06
   1.9971856e-06
   1.9986179e-06
   2.0000493e-06
   2.0014799e-06
   2.0029097e-06
   2.0043385e-06
   2.0057666e-06
   2.0071938e-06
   2.0086201e-06
   2.0100456e-06
   2.0114703e-06
   2.0128941e-06
   2.0143171e-06
   2.0157393e-06
   2.0171606e-06
   2.0185812e-06
   2.0200009e-06
