2.9872084443e-01
2.9872093071e-01
2.9872118952e-01
2.9872162081e-01
2.9872222445e-01
2.9872300445e-01
2.9872395810e-01
2.9872508517e-01
2.9872638535e-01
2.9872799243e-01
2.9872980264e-01
2.9873181541e-01
2.9873403014e-01
2.9873660259e-01
2.9873940112e-01
2.9874242472e-01
2.9874567230e-01
2.9874876166e-01
2.9875202788e-01
2.9875547001e-01
2.9875908703e-01
2.9876268666e-01
2.9876644237e-01
2.9877035313e-01
2.9877441785e-01
2.9877860950e-01
2.9878295096e-01
2.9878744101e-01
2.9879207839e-01
2.9879645979e-01
2.9880096292e-01
2.9880558667e-01
2.9881032990e-01
2.9881505181e-01
2.9881988428e-01
2.9882482614e-01
2.9882987621e-01
2.9883505551e-01
2.9884034141e-01
2.9884573260e-01
2.9885122772e-01
2.9885686000e-01
2.9886259462e-01
2.9886843009e-01
2.9887436486e-01
2.9888070115e-01
2.9888714333e-01
2.9889368946e-01
2.9890033760e-01
2.9890886952e-01
2.9891755656e-01
2.9892639448e-01
2.9893537893e-01
2.9894274619e-01
2.9895020390e-01
2.9895774960e-01
2.9896538081e-01
2.9897265541e-01
2.9898000167e-01
2.9898741738e-01
2.9899490032e-01
2.9900230562e-01
2.9900977130e-01
2.9901729517e-01
2.9902487502e-01
2.9903253473e-01
2.9904024626e-01
2.9904800730e-01
2.9905581551e-01
2.9906385938e-01
2.9907194771e-01
2.9908007794e-01
2.9908824747e-01
2.9909691081e-01
2.9910561195e-01
2.9911434778e-01
2.9912311517e-01
2.9913259075e-01
2.9914209537e-01
2.9915162505e-01
2.9916117581e-01
2.9917059444e-01
2.9918002583e-01
2.9918946615e-01
2.9919891160e-01
2.9920833562e-01
2.9921775714e-01
2.9922717237e-01
2.9923657753e-01
2.9924625982e-01
2.9925592327e-01
2.9926556375e-01
2.9927517716e-01
2.9928541830e-01
2.9929561891e-01
2.9930577405e-01
2.9931587883e-01
2.9932765258e-01
2.9933934273e-01
2.9935094161e-01
2.9936244162e-01
2.9937306673e-01
2.9938359341e-01
2.9939401575e-01
2.9940432793e-01
2.9941399526e-01
2.9942355363e-01
2.9943299826e-01
2.9944232449e-01
2.9945141405e-01
2.9946037928e-01
2.9946921591e-01
2.9947791972e-01
2.9948652836e-01
2.9949499460e-01
2.9950331445e-01
2.9951148396e-01
2.9951962670e-01
2.9952760633e-01
2.9953541901e-01
2.9954306097e-01
2.9955071103e-01
2.9955817418e-01
2.9956544668e-01
2.9957252493e-01
2.9957962518e-01
2.9958651093e-01
2.9959317858e-01
2.9959962466e-01
2.9960609008e-01
2.9961230860e-01
2.9961827678e-01
2.9962399128e-01
2.9962970699e-01
2.9963513689e-01
2.9964027773e-01
2.9964512638e-01
2.9964994443e-01
2.9965442759e-01
2.9965857284e-01
2.9966237742e-01
2.9966611837e-01
2.9966945206e-01
2.9967237587e-01
2.9967488753e-01
2.9967718064e-01
2.9967896623e-01
2.9968024259e-01
2.9968100852e-01
2.9968126307e-01
2.9968103793e-01
2.9968033331e-01
2.9967914984e-01
2.9967767248e-01
2.9967580747e-01
2.9967355614e-01
2.9967092014e-01
2.9966810501e-01
2.9966495612e-01
2.9966147547e-01
2.9965766531e-01
2.9965374459e-01
2.9964953125e-01
2.9964502773e-01
2.9964023667e-01
2.9963538179e-01
2.9963026842e-01
2.9962489930e-01
2.9961927734e-01
2.9961361996e-01
2.9960773321e-01
2.9960162009e-01
2.9959528372e-01
2.9958892327e-01
2.9958235865e-01
2.9957559303e-01
2.9956862972e-01
2.9956163620e-01
2.9955446037e-01
2.9954710562e-01
2.9953957542e-01
2.9953198676e-01
2.9952423472e-01
2.9951632289e-01
2.9950825497e-01
2.9950006388e-01
2.9949172537e-01
2.9948324335e-01
2.9947462182e-01
2.9946572393e-01
2.9945669060e-01
2.9944752627e-01
2.9943823548e-01
2.9942814223e-01
2.9941791477e-01
2.9940755896e-01
2.9939708079e-01
2.9938636265e-01
2.9937553188e-01
2.9936459494e-01
2.9935355838e-01
2.9934375650e-01
2.9933388703e-01
2.9932395461e-01
2.9931396393e-01
2.9930450130e-01
2.9929499512e-01
2.9928544940e-01
2.9927586817e-01
2.9926654107e-01
2.9925718809e-01
2.9924781297e-01
2.9923841947e-01
2.9922900545e-01
2.9921958059e-01
2.9921014869e-01
2.9920071356e-01
2.9919105722e-01
2.9918140557e-01
2.9917176268e-01
2.9916213263e-01
2.9915319548e-01
2.9914427621e-01
2.9913537808e-01
2.9912650434e-01
2.9911814430e-01
2.9910981165e-01
2.9910150908e-01
2.9909323930e-01
2.9908522096e-01
2.9907723869e-01
2.9906929493e-01
2.9906139212e-01
2.9905358535e-01
2.9904582368e-01
2.9903810943e-01
2.9903044490e-01
2.9902271618e-01
2.9901504341e-01
2.9900742892e-01
2.9899987503e-01
2.9899193911e-01
2.9898407645e-01
2.9897628970e-01
2.9896858145e-01
2.9895902079e-01
2.9894959282e-01
2.9894030239e-01
2.9893115427e-01
2.9892404284e-01
2.9891702504e-01
2.9891010306e-01
2.9890327906e-01
2.9889688035e-01
2.9889057396e-01
2.9888436162e-01
2.9887824501e-01
2.9887218743e-01
2.9886623015e-01
2.9886037476e-01
2.9885462283e-01
2.9884909711e-01
2.9884367327e-01
2.9883835266e-01
2.9883313662e-01
2.9882789507e-01
2.9882276628e-01
2.9881775156e-01
2.9881285217e-01
2.9880767913e-01
2.9880264422e-01
2.9879774890e-01
2.9879299456e-01
2.9878830305e-01
2.9878376026e-01
2.9877936751e-01
2.9877512604e-01
2.9877081960e-01
2.9876668397e-01
2.9876272044e-01
2.9875893021e-01
2.9875477355e-01
2.9875085083e-01
2.9874716361e-01
2.9874371333e-01
2.9874080853e-01
2.9873809810e-01
2.9873558289e-01
2.9873326367e-01
2.9873128025e-01
2.9872946803e-01
2.9872782750e-01
2.9872635909e-01
2.9872506793e-01
2.9872394826e-01
2.9872300037e-01
2.9872222449e-01
2.9872162083e-01
2.9872118953e-01
2.9872093071e-01
2.9872084443e-01
