2.5363732303e-01
2.5383322837e-01
2.5442124693e-01
2.5540228706e-01
2.5677786436e-01
2.5765935239e-01
2.5865069506e-01
2.5975231506e-01
2.6096468206e-01
2.6179247845e-01
2.6266530383e-01
2.6358330833e-01
2.6454664984e-01
2.6524730905e-01
2.6597027683e-01
2.6671561398e-01
2.6748338320e-01
2.6807579980e-01
2.6868097662e-01
2.6929894246e-01
2.6992972672e-01
2.7044476216e-01
2.7096807316e-01
2.7149967572e-01
2.7203958608e-01
2.7250593565e-01
2.7297833243e-01
2.7345678683e-01
2.7394130932e-01
2.7452930467e-01
2.7512602839e-01
2.7573149829e-01
2.7634573160e-01
2.7673816609e-01
2.7713410588e-01
2.7753355410e-01
2.7793651313e-01
2.7824432084e-01
2.7855414697e-01
2.7886599098e-01
2.7917985154e-01
2.7946843929e-01
2.7975870663e-01
2.8005064981e-01
2.8034426379e-01
2.8069401352e-01
2.8104608100e-01
2.8140044689e-01
2.8175708601e-01
2.8202799890e-01
2.8230017406e-01
2.8257359142e-01
2.8284822746e-01
2.8311623193e-01
2.8338533239e-01
2.8365549592e-01
2.8392668524e-01
2.8426687606e-01
2.8460851055e-01
2.8495148497e-01
2.8529568375e-01
2.8557693179e-01
2.8585883407e-01
2.8614131182e-01
2.8642428206e-01
2.8676985119e-01
2.8711585967e-01
2.8746213823e-01
2.8780851342e-01
2.8828011543e-01
2.8875112212e-01
2.8922108932e-01
2.8968958182e-01
2.9006405143e-01
2.9043709147e-01
2.9080850168e-01
2.9117809141e-01
2.9159492038e-01
2.9200892798e-01
2.9241988551e-01
2.9282758241e-01
2.9333122346e-01
2.9382915854e-01
2.9432109288e-01
2.9480677017e-01
2.9539875357e-01
2.9598047474e-01
2.9655165616e-01
2.9711208275e-01
2.9773286980e-01
2.9833953493e-01
2.9893198718e-01
2.9951019260e-01
3.0009671849e-01
3.0066789724e-01
3.0122382842e-01
3.0176464300e-01
3.0236603462e-01
3.0294804702e-01
3.0351097368e-01
3.0405512786e-01
3.0469010092e-01
3.0529856871e-01
3.0588114386e-01
3.0643844346e-01
3.0711686800e-01
3.0775605323e-01
3.0835725751e-01
3.0892170761e-01
3.0957960477e-01
3.1018380144e-01
3.1073645943e-01
3.1123964151e-01
3.1177815370e-01
3.1225217018e-01
3.1266472043e-01
3.1301871755e-01
3.1323066112e-01
3.1341691864e-01
3.1357842966e-01
3.1371615489e-01
3.1380896255e-01
3.1388800505e-01
3.1395382465e-01
3.1400699544e-01
3.1404328059e-01
3.1407096734e-01
3.1409050667e-01
3.1410237987e-01
3.1410722557e-01
3.1410191310e-01
3.1408762382e-01
3.1406562794e-01
3.1404722230e-01
3.1402638469e-01
3.1400355699e-01
3.1397919136e-01
3.1395570920e-01
3.1393167124e-01
3.1390744137e-01
3.1388337932e-01
3.1385957515e-01
3.1383665527e-01
3.1381495573e-01
3.1379479249e-01
3.1377716554e-01
3.1376145542e-01
3.1374786979e-01
3.1373658774e-01
3.1372742732e-01
3.1372107044e-01
3.1371760785e-01
3.1371708897e-01
3.1371933520e-01
3.1372422401e-01
3.1373169222e-01
3.1374164322e-01
3.1375509743e-01
3.1377111607e-01
3.1378945351e-01
3.1380982763e-01
3.1383107183e-01
3.1385360540e-01
3.1387710171e-01
3.1390121738e-01
3.1392865254e-01
3.1395589908e-01
3.1398242865e-01
3.1400771156e-01
3.1403628469e-01
3.1406123069e-01
3.1408162801e-01
3.1409659488e-01
3.1410510505e-01
3.1410707059e-01
3.1410182633e-01
3.1408874966e-01
3.1406076302e-01
3.1401879451e-01
3.1396189702e-01
3.1388919548e-01
3.1377570987e-01
3.1363515718e-01
3.1346617429e-01
3.1326746026e-01
3.1301734212e-01
3.1272931290e-01
3.1240178154e-01
3.1203312827e-01
3.1164002042e-01
3.1120615773e-01
3.1072995911e-01
3.1020977357e-01
3.0976730281e-01
3.0929551085e-01
3.0879348532e-01
3.0826028354e-01
3.0779845249e-01
3.0731439275e-01
3.0680754118e-01
3.0627732526e-01
3.0580711143e-01
3.0531918516e-01
3.0481318607e-01
3.0428875575e-01
3.0381143359e-01
3.0331930992e-01
3.0281215570e-01
3.0228975200e-01
3.0179119756e-01
3.0127918486e-01
3.0075357899e-01
3.0021426510e-01
2.9963406337e-01
2.9903862761e-01
2.9842793305e-01
2.9780200813e-01
2.9728997673e-01
2.9676832163e-01
2.9623715986e-01
2.9569664886e-01
2.9527285657e-01
2.9484371961e-01
2.9440937183e-01
2.9396996836e-01
2.9359136846e-01
2.9320934470e-01
2.9282403493e-01
2.9243559103e-01
2.9208060481e-01
2.9172331043e-01
2.9136385283e-01
2.9100238707e-01
2.9056942029e-01
2.9013413566e-01
2.8969684835e-01
2.8925789005e-01
2.8893514421e-01
2.8861182622e-01
2.8828807898e-01
2.8796404706e-01
2.8767546439e-01
2.8738687365e-01
2.8709837637e-01
2.8681007265e-01
2.8653111255e-01
2.8625251281e-01
2.8597435729e-01
2.8569672653e-01
2.8541326841e-01
2.8513051789e-01
2.8484854784e-01
2.8456742600e-01
2.8429611038e-01
2.8402570032e-01
2.8375624298e-01
2.8348778087e-01
2.8319207650e-01
2.8289768125e-01
2.8260463456e-01
2.8231297032e-01
2.8200399787e-01
2.8169665434e-01
2.8139096393e-01
2.8108694645e-01
2.8078067994e-01
2.8047616000e-01
2.8017339709e-01
2.7987239933e-01
2.7948681412e-01
2.7910418441e-01
2.7872451626e-01
2.7834781315e-01
2.7769185534e-01
2.7704508919e-01
2.7640750528e-01
2.7577908929e-01
2.7526074670e-01
2.7474878923e-01
2.7424320586e-01
2.7374398537e-01
2.7313266101e-01
2.7253111725e-01
2.7193933277e-01
2.7135728649e-01
2.7053561815e-01
2.6973406811e-01
2.6895257681e-01
2.6819108615e-01
2.6688751177e-01
2.6564656851e-01
2.6446796516e-01
2.6335142512e-01
2.6106447850e-01
2.5908780098e-01
2.5741904320e-01
2.5605622182e-01
2.5499700933e-01
2.5424132831e-01
2.5378827920e-01
2.5363732271e-01
