0.0000000000e+00
4.9413780872e-03
9.8827561745e-03
1.4824134262e-02
1.9765512349e-02
2.5401407918e-02
3.1037303486e-02
3.6673199055e-02
4.2309094624e-02
4.6671486379e-02
5.1033878134e-02
5.5396269890e-02
5.9758661645e-02
6.3470430082e-02
6.7182198520e-02
7.0893966957e-02
7.4605735395e-02
7.7885017067e-02
8.1164298739e-02
8.4443580410e-02
8.7722862082e-02
9.0737479433e-02
9.3752096784e-02
9.6766714135e-02
9.9781331486e-02
1.0262113389e-01
1.0546093629e-01
1.0830073869e-01
1.1114054109e-01
1.1387419158e-01
1.1660784208e-01
1.1934149257e-01
1.2207514306e-01
1.2477706468e-01
1.2747898630e-01
1.3018090792e-01
1.3288282954e-01
1.3569936788e-01
1.3851590622e-01
1.4133244456e-01
1.4414898290e-01
1.4732076395e-01
1.5049254499e-01
1.5366432604e-01
1.5683610709e-01
1.5948666040e-01
1.6213721371e-01
1.6478776703e-01
1.6743832034e-01
1.6994055514e-01
1.7244278993e-01
1.7494502472e-01
1.7744725951e-01
1.7999147591e-01
1.8253569230e-01
1.8507990869e-01
1.8762412509e-01
1.8995643652e-01
1.9228874795e-01
1.9462105938e-01
1.9695337081e-01
1.9923624247e-01
2.0151911414e-01
2.0380198580e-01
2.0608485747e-01
2.0846890032e-01
2.1085294317e-01
2.1323698603e-01
2.1562102888e-01
2.1845636801e-01
2.2129170713e-01
2.2412704626e-01
2.2696238538e-01
2.2947183335e-01
2.3198128132e-01
2.3449072929e-01
2.3700017726e-01
2.3935632684e-01
2.4171247641e-01
2.4406862599e-01
2.4642477557e-01
2.4877255860e-01
2.5112034162e-01
2.5346812465e-01
2.5581590768e-01
2.5826253294e-01
2.6070915820e-01
2.6315578346e-01
2.6560240872e-01
2.6844271451e-01
2.7128302029e-01
2.7412332608e-01
2.7696363187e-01
2.7974171516e-01
2.8251979846e-01
2.8529788175e-01
2.8807596505e-01
2.9095436548e-01
2.9383276592e-01
2.9671116636e-01
2.9958956679e-01
3.0288163363e-01
3.0617370047e-01
3.0946576731e-01
3.1275783415e-01
3.1610001153e-01
3.1944218891e-01
3.2278436629e-01
3.2612654367e-01
3.2929417340e-01
3.3246180314e-01
3.3562943288e-01
3.3879706262e-01
3.4196173397e-01
3.4512640533e-01
3.4829107669e-01
3.5145574805e-01
3.5470807994e-01
3.5796041184e-01
3.6121274373e-01
3.6446507563e-01
3.6787811148e-01
3.7129114734e-01
3.7470418319e-01
3.7811721904e-01
3.8174837224e-01
3.8537952543e-01
3.8901067863e-01
3.9264183182e-01
3.9651358989e-01
4.0038534797e-01
4.0425710604e-01
4.0812886411e-01
4.1240054189e-01
4.1667221968e-01
4.2094389746e-01
4.2521557524e-01
4.2985878055e-01
4.3450198585e-01
4.3914519116e-01
4.4378839646e-01
4.4887263142e-01
4.5395686638e-01
4.5904110135e-01
4.6412533631e-01
4.6985569072e-01
4.7558604512e-01
4.8131639953e-01
4.8704675394e-01
4.9281830742e-01
4.9858986091e-01
5.0436141439e-01
5.1013296788e-01
5.1533678544e-01
5.2054060301e-01
5.2574442057e-01
5.3094823814e-01
5.3570836711e-01
5.4046849608e-01
5.4522862506e-01
5.4998875403e-01
5.5447476808e-01
5.5896078213e-01
5.6344679618e-01
5.6793281024e-01
5.7196497038e-01
5.7599713053e-01
5.8002929068e-01
5.8406145082e-01
5.8780844345e-01
5.9155543607e-01
5.9530242870e-01
5.9904942132e-01
6.0260107354e-01
6.0615272575e-01
6.0970437796e-01
6.1325603018e-01
6.1660519719e-01
6.1995436419e-01
6.2330353120e-01
6.2665269820e-01
6.2987049643e-01
6.3308829466e-01
6.3630609289e-01
6.3952389111e-01
6.4267731126e-01
6.4583073142e-01
6.4898415157e-01
6.5213757172e-01
6.5533914060e-01
6.5854070949e-01
6.6174227838e-01
6.6494384726e-01
6.6922891135e-01
6.7351397543e-01
6.7779903952e-01
6.8208410360e-01
6.8509837791e-01
6.8811265222e-01
6.9112692653e-01
6.9414120084e-01
6.9694740405e-01
6.9975360726e-01
7.0255981047e-01
7.0536601367e-01
7.0816944058e-01
7.1097286748e-01
7.1377629439e-01
7.1657972130e-01
7.1918858526e-01
7.2179744923e-01
7.2440631319e-01
7.2701517716e-01
7.2942378744e-01
7.3183239771e-01
7.3424100799e-01
7.3664961826e-01
7.3898924528e-01
7.4132887229e-01
7.4366849930e-01
7.4600812632e-01
7.4838347488e-01
7.5075882345e-01
7.5313417202e-01
7.5550952059e-01
7.5811264775e-01
7.6071577490e-01
7.6331890206e-01
7.6592202921e-01
7.6851884664e-01
7.7111566408e-01
7.7371248151e-01
7.7630929895e-01
7.7865542783e-01
7.8100155672e-01
7.8334768561e-01
7.8569381450e-01
7.8797463364e-01
7.9025545278e-01
7.9253627192e-01
7.9481709106e-01
7.9716258831e-01
7.9950808556e-01
8.0185358282e-01
8.0419908007e-01
8.0669139263e-01
8.0918370519e-01
8.1167601774e-01
8.1416833030e-01
8.1670750617e-01
8.1924668203e-01
8.2178585790e-01
8.2432503377e-01
8.2704444791e-01
8.2976386206e-01
8.3248327620e-01
8.3520269035e-01
8.3854709766e-01
8.4189150496e-01
8.4523591227e-01
8.4858031958e-01
8.5133388269e-01
8.5408744581e-01
8.5684100892e-01
8.5959457204e-01
8.6229936309e-01
8.6500415414e-01
8.6770894519e-01
8.7041373624e-01
8.7317845614e-01
8.7594317603e-01
8.7870789593e-01
8.8147261583e-01
8.8437557018e-01
8.8727852452e-01
8.9018147887e-01
8.9308443322e-01
8.9621847841e-01
8.9935252359e-01
9.0248656877e-01
9.0562061396e-01
9.0916650649e-01
9.1271239903e-01
9.1625829156e-01
9.1980418410e-01
9.2437574272e-01
9.2894730134e-01
9.3351885996e-01
9.3809041858e-01
9.4370466250e-01
9.4931890642e-01
9.5493315034e-01
9.6054739426e-01
9.6548285068e-01
9.7041830710e-01
9.7535376352e-01
9.8028921995e-01
9.8521691496e-01
9.9014460997e-01
9.9507230499e-01
1.0000000000e+00
