3.1159998081e-01
3.1160003351e-01
3.1160019156e-01
3.1160045491e-01
3.1160082347e-01
3.1160128086e-01
3.1160183675e-01
3.1160249094e-01
3.1160324319e-01
3.1160407991e-01
3.1160501126e-01
3.1160603691e-01
3.1160715649e-01
3.1160836270e-01
3.1160966102e-01
3.1161105100e-01
3.1161253216e-01
3.1161410786e-01
3.1161577412e-01
3.1161753037e-01
3.1161937600e-01
3.1162133209e-01
3.1162337820e-01
3.1162551358e-01
3.1162773750e-01
3.1163010236e-01
3.1163255810e-01
3.1163510381e-01
3.1163773856e-01
3.1164058233e-01
3.1164352089e-01
3.1164655305e-01
3.1164967760e-01
3.1165323653e-01
3.1165690501e-01
3.1166068126e-01
3.1166456343e-01
3.1166855011e-01
3.1167263889e-01
3.1167682777e-01
3.1168111472e-01
3.1168511381e-01
3.1168919133e-01
3.1169334563e-01
3.1169757502e-01
3.1170172179e-01
3.1170593519e-01
3.1171021365e-01
3.1171455557e-01
3.1171888727e-01
3.1172327724e-01
3.1172772389e-01
3.1173222561e-01
3.1173676895e-01
3.1174136383e-01
3.1174600861e-01
3.1175070163e-01
3.1175549883e-01
3.1176034197e-01
3.1176522930e-01
3.1177015903e-01
3.1177529769e-01
3.1178047776e-01
3.1178569723e-01
3.1179095409e-01
3.1179614319e-01
3.1180136436e-01
3.1180661568e-01
3.1181189522e-01
3.1181725271e-01
3.1182263498e-01
3.1182804002e-01
3.1183346582e-01
3.1183905652e-01
3.1184466479e-01
3.1185028845e-01
3.1185592530e-01
3.1186189721e-01
3.1186787883e-01
3.1187386760e-01
3.1187986092e-01
3.1188591353e-01
3.1189196552e-01
3.1189801425e-01
3.1190405711e-01
3.1190999953e-01
3.1191593124e-01
3.1192184973e-01
3.1192775256e-01
3.1193369724e-01
3.1193962092e-01
3.1194552111e-01
3.1195139533e-01
3.1195739440e-01
3.1196336090e-01
3.1196929221e-01
3.1197518575e-01
3.1198130684e-01
3.1198738089e-01
3.1199340504e-01
3.1199937645e-01
3.1200579844e-01
3.1201215137e-01
3.1201843174e-01
3.1202463613e-01
3.1203161811e-01
3.1203849181e-01
3.1204525238e-01
3.1205189506e-01
3.1205761597e-01
3.1206323970e-01
3.1206876326e-01
3.1207418371e-01
3.1207932553e-01
3.1208436566e-01
3.1208930163e-01
3.1209413102e-01
3.1209879935e-01
3.1210335893e-01
3.1210780758e-01
3.1211214320e-01
3.1211636408e-01
3.1212046786e-01
3.1212445262e-01
3.1212831648e-01
3.1213208568e-01
3.1213572850e-01
3.1213924324e-01
3.1214262822e-01
3.1214592503e-01
3.1214908532e-01
3.1215210756e-01
3.1215499031e-01
3.1215778273e-01
3.1216042750e-01
3.1216292331e-01
3.1216526892e-01
3.1216751636e-01
3.1216960358e-01
3.1217152949e-01
3.1217329311e-01
3.1217494827e-01
3.1217642731e-01
3.1217772940e-01
3.1217885382e-01
3.1217985392e-01
3.1218065178e-01
3.1218124690e-01
3.1218163891e-01
3.1218182593e-01
3.1218181693e-01
3.1218161191e-01
3.1218121101e-01
3.1218064970e-01
3.1217991255e-01
3.1217899994e-01
3.1217791239e-01
3.1217669149e-01
3.1217530731e-01
3.1217376056e-01
3.1217205203e-01
3.1217022691e-01
3.1216824900e-01
3.1216611928e-01
3.1216383880e-01
3.1216145245e-01
3.1215892277e-01
3.1215625097e-01
3.1215343831e-01
3.1215052389e-01
3.1214747478e-01
3.1214429241e-01
3.1214097826e-01
3.1213755751e-01
3.1213400986e-01
3.1213033697e-01
3.1212654056e-01
3.1212261827e-01
3.1211857581e-01
3.1211441509e-01
3.1211013806e-01
3.1210568481e-01
3.1210111625e-01
3.1209643460e-01
3.1209164217e-01
3.1208648511e-01
3.1208121094e-01
3.1207582255e-01
3.1207032289e-01
3.1206357194e-01
3.1205667013e-01
3.1204962300e-01
3.1204243622e-01
3.1203662146e-01
3.1203072494e-01
3.1202474971e-01
3.1201869885e-01
3.1201297711e-01
3.1200719464e-01
3.1200135410e-01
3.1199545816e-01
3.1198974053e-01
3.1198397666e-01
3.1197816900e-01
3.1197232005e-01
3.1196656972e-01
3.1196078477e-01
3.1195496760e-01
3.1194912062e-01
3.1194329535e-01
3.1193744555e-01
3.1193157363e-01
3.1192568200e-01
3.1191965355e-01
3.1191360974e-01
3.1190755320e-01
3.1190148655e-01
3.1189554032e-01
3.1188958943e-01
3.1188363639e-01
3.1187768371e-01
3.1187202634e-01
3.1186637375e-01
3.1186072809e-01
3.1185509155e-01
3.1184960500e-01
3.1184413120e-01
3.1183867219e-01
3.1183322998e-01
3.1182785717e-01
3.1182250480e-01
3.1181717480e-01
3.1181186914e-01
3.1180648294e-01
3.1180112616e-01
3.1179580086e-01
3.1179050909e-01
3.1178542533e-01
3.1178037667e-01
3.1177536493e-01
3.1177039192e-01
3.1176551855e-01
3.1176068648e-01
3.1175589742e-01
3.1175115309e-01
3.1174644421e-01
3.1174178365e-01
3.1173717308e-01
3.1173261416e-01
3.1172803365e-01
3.1172350993e-01
3.1171904470e-01
3.1171463962e-01
3.1171012223e-01
3.1170567356e-01
3.1170129542e-01
3.1169698959e-01
3.1169228354e-01
3.1168767163e-01
3.1168315621e-01
3.1167873955e-01
3.1167457398e-01
3.1167050439e-01
3.1166653272e-01
3.1166266082e-01
3.1165919850e-01
3.1165582306e-01
3.1165253584e-01
3.1164933815e-01
3.1164635121e-01
3.1164344921e-01
3.1164063322e-01
3.1163790426e-01
3.1163531998e-01
3.1163282087e-01
3.1163040779e-01
3.1162808162e-01
3.1162586754e-01
3.1162374000e-01
3.1162169975e-01
3.1161974749e-01
3.1161788890e-01
3.1161611913e-01
3.1161443879e-01
3.1161284844e-01
3.1161134112e-01
3.1160992582e-01
3.1160860302e-01
3.1160737320e-01
3.1160622051e-01
3.1160516445e-01
3.1160420538e-01
3.1160334367e-01
3.1160255673e-01
3.1160187411e-01
3.1160129606e-01
3.1160082281e-01
3.1160045454e-01
3.1160019139e-01
3.1160003346e-01
3.1159998081e-01
