2.7959021924e-01
2.7960177038e-01
2.7963642474e-01
2.7969418520e-01
2.7977505652e-01
2.7985302854e-01
2.7994469396e-01
2.8005005727e-01
2.8016912363e-01
2.8027334909e-01
2.8038620813e-01
2.8050770423e-01
2.8063784111e-01
2.8075160562e-01
2.8087124568e-01
2.8099676380e-01
2.8112816260e-01
2.8124467938e-01
2.8136546321e-01
2.8149051593e-01
2.8161983943e-01
2.8173644374e-01
2.8185631747e-01
2.8197946199e-01
2.8210587872e-01
2.8222222807e-01
2.8234122006e-01
2.8246285576e-01
2.8258713628e-01
2.8270539974e-01
2.8282596443e-01
2.8294883124e-01
2.8307400109e-01
2.8321803318e-01
2.8336500101e-01
2.8351490576e-01
2.8366774851e-01
2.8378329053e-01
2.8390045745e-01
2.8401924949e-01
2.8413966677e-01
2.8424678690e-01
2.8435516104e-01
2.8446478894e-01
2.8457567021e-01
2.8466933713e-01
2.8476387933e-01
2.8485929621e-01
2.8495558702e-01
2.8504351771e-01
2.8513216316e-01
2.8522152239e-01
2.8531159421e-01
2.8539848290e-01
2.8548602189e-01
2.8557420955e-01
2.8566304396e-01
2.8575899799e-01
2.8585568976e-01
2.8595311567e-01
2.8605127160e-01
2.8614419916e-01
2.8623776311e-01
2.8633195841e-01
2.8642677935e-01
2.8651375967e-01
2.8660124926e-01
2.8668924218e-01
2.8677773189e-01
2.8686245078e-01
2.8694760685e-01
2.8703319273e-01
2.8711920043e-01
2.8720297350e-01
2.8728712642e-01
2.8737165009e-01
2.8745653480e-01
2.8755382991e-01
2.8765156524e-01
2.8774972322e-01
2.8784828515e-01
2.8794018252e-01
2.8803239457e-01
2.8812490371e-01
2.8821769156e-01
2.8830722876e-01
2.8839698858e-01
2.8848695265e-01
2.8857710204e-01
2.8867473719e-01
2.8877254082e-01
2.8887048701e-01
2.8896854925e-01
2.8907617964e-01
2.8918388088e-01
2.8929161622e-01
2.8939934853e-01
2.8951631334e-01
2.8963318206e-01
2.8974990630e-01
2.8986643769e-01
2.8999619239e-01
2.9012558037e-01
2.9025453581e-01
2.9038299378e-01
2.9050274024e-01
2.9062194336e-01
2.9074055280e-01
2.9085851937e-01
2.9098079145e-01
2.9110225943e-01
2.9122287199e-01
2.9134257941e-01
2.9147047902e-01
2.9159721447e-01
2.9172273023e-01
2.9184697306e-01
2.9198359840e-01
2.9211851950e-01
2.9225167311e-01
2.9238299933e-01
2.9253889138e-01
2.9269194960e-01
2.9284208743e-01
2.9298922460e-01
2.9315523597e-01
2.9331704554e-01
2.9347455774e-01
2.9362768581e-01
2.9381342645e-01
2.9399200911e-01
2.9416331234e-01
2.9432722995e-01
2.9447169948e-01
2.9460975228e-01
2.9474133304e-01
2.9486639357e-01
2.9498648279e-01
2.9509978967e-01
2.9520628170e-01
2.9530593097e-01
2.9540385854e-01
2.9549408030e-01
2.9557657621e-01
2.9565132960e-01
2.9572348683e-01
2.9578654645e-01
2.9584049707e-01
2.9588532967e-01
2.9592632046e-01
2.9595472477e-01
2.9597053724e-01
2.9597375500e-01
2.9596654342e-01
2.9595016491e-01
2.9592462163e-01
2.9588991711e-01
2.9584950383e-01
2.9580120488e-01
2.9574502711e-01
2.9568097908e-01
2.9561323321e-01
2.9553847985e-01
2.9545673205e-01
2.9536800537e-01
2.9527469648e-01
2.9517477749e-01
2.9506827210e-01
2.9495520792e-01
2.9481077311e-01
2.9465698686e-01
2.9449392656e-01
2.9432168356e-01
2.9418955840e-01
2.9405259772e-01
2.9391085566e-01
2.9376439261e-01
2.9362410955e-01
2.9347986700e-01
2.9333173063e-01
2.9317977255e-01
2.9305264807e-01
2.9292306456e-01
2.9279107240e-01
2.9265672559e-01
2.9253591882e-01
2.9241335590e-01
2.9228908200e-01
2.9216314487e-01
2.9204520801e-01
2.9192593299e-01
2.9180536382e-01
2.9168354663e-01
2.9156855578e-01
2.9145255697e-01
2.9133559291e-01
2.9121770790e-01
2.9110060341e-01
2.9098269351e-01
2.9086402515e-01
2.9074464668e-01
2.9060417338e-01
2.9046287834e-01
2.9032084556e-01
2.9017816103e-01
2.9006687827e-01
2.8995529666e-01
2.8984345848e-01
2.8973140631e-01
2.8962393525e-01
2.8951634500e-01
2.8940867331e-01
2.8930095786e-01
2.8920422427e-01
2.8910751256e-01
2.8901084939e-01
2.8891426113e-01
2.8882335097e-01
2.8873255170e-01
2.8864188429e-01
2.8855136922e-01
2.8845681845e-01
2.8836247883e-01
2.8826837201e-01
2.8817451893e-01
2.8807682188e-01
2.8797944542e-01
2.8788241061e-01
2.8778573748e-01
2.8769942859e-01
2.8761343841e-01
2.8752777923e-01
2.8744246267e-01
2.8735456576e-01
2.8726705873e-01
2.8717995222e-01
2.8709325618e-01
2.8700179280e-01
2.8691081139e-01
2.8682032132e-01
2.8673033115e-01
2.8663094278e-01
2.8653219089e-01
2.8643408423e-01
2.8633663061e-01
2.8623956908e-01
2.8614317747e-01
2.8604746131e-01
2.8595242548e-01
2.8586093939e-01
2.8577010024e-01
2.8567991105e-01
2.8559037444e-01
2.8549561995e-01
2.8540161250e-01
2.8530835413e-01
2.8521584660e-01
2.8511064073e-01
2.8500642699e-01
2.8490320692e-01
2.8480098175e-01
2.8467406193e-01
2.8454871306e-01
2.8442493624e-01
2.8430273219e-01
2.8414129675e-01
2.8398269194e-01
2.8382691776e-01
2.8367397382e-01
2.8353860197e-01
2.8340552628e-01
2.8327474603e-01
2.8314626041e-01
2.8301131495e-01
2.8287899484e-01
2.8274929898e-01
2.8262222627e-01
2.8248202745e-01
2.8234516367e-01
2.8221163339e-01
2.8208143505e-01
2.8193269708e-01
2.8178855548e-01
2.8164900790e-01
2.8151405208e-01
2.8135403813e-01
2.8120099160e-01
2.8105490871e-01
2.8091578585e-01
2.8074337143e-01
2.8058298725e-01
2.8043462644e-01
2.8029828266e-01
2.8013227669e-01
2.7998843141e-01
2.7986673542e-01
2.7976717910e-01
2.7968975457e-01
2.7963445571e-01
2.7960127814e-01
2.7959021924e-01
