0.0000000000e+00
4.1710709014e-03
8.3421418028e-03
1.2513212704e-02
1.6684283606e-02
1.9971117278e-02
2.3257950951e-02
2.6544784624e-02
2.9831618297e-02
3.2713299477e-02
3.5594980656e-02
3.8476661836e-02
4.1358343015e-02
4.4128173178e-02
4.6898003341e-02
4.9667833504e-02
5.2437663667e-02
5.5542235605e-02
5.8646807544e-02
6.1751379483e-02
6.4855951422e-02
6.7406827803e-02
6.9957704185e-02
7.2508580566e-02
7.5059456948e-02
7.7437027719e-02
7.9814598490e-02
8.2192169261e-02
8.4569740032e-02
8.7002536388e-02
8.9435332744e-02
9.1868129100e-02
9.4300925456e-02
9.6897811304e-02
9.9494697151e-02
1.0209158300e-01
1.0468846885e-01
1.0708717432e-01
1.0948587980e-01
1.1188458527e-01
1.1428329075e-01
1.1712662246e-01
1.1996995418e-01
1.2281328590e-01
1.2565661761e-01
1.2859581709e-01
1.3153501657e-01
1.3447421605e-01
1.3741341553e-01
1.4086555403e-01
1.4431769253e-01
1.4776983103e-01
1.5122196953e-01
1.5445135252e-01
1.5768073551e-01
1.6091011849e-01
1.6413950148e-01
1.6764524628e-01
1.7115099108e-01
1.7465673588e-01
1.7816248068e-01
1.8218216243e-01
1.8620184419e-01
1.9022152594e-01
1.9424120770e-01
1.9906762843e-01
2.0389404916e-01
2.0872046989e-01
2.1354689062e-01
2.1955189073e-01
2.2555689085e-01
2.3156189096e-01
2.3756689108e-01
2.4253960482e-01
2.4751231856e-01
2.5248503230e-01
2.5745774605e-01
2.6175422927e-01
2.6605071249e-01
2.7034719571e-01
2.7464367893e-01
2.7835197553e-01
2.8206027213e-01
2.8576856873e-01
2.8947686533e-01
2.9280986855e-01
2.9614287176e-01
2.9947587498e-01
3.0280887819e-01
3.0601297540e-01
3.0921707261e-01
3.1242116981e-01
3.1562526702e-01
3.1919600844e-01
3.2276674987e-01
3.2633749130e-01
3.2990823272e-01
3.3273157998e-01
3.3555492724e-01
3.3837827450e-01
3.4120162175e-01
3.4382077011e-01
3.4643991847e-01
3.4905906683e-01
3.5167821518e-01
3.5404974831e-01
3.5642128143e-01
3.5879281455e-01
3.6116434767e-01
3.6391135165e-01
3.6665835563e-01
3.6940535961e-01
3.7215236358e-01
3.7451874405e-01
3.7688512451e-01
3.7925150497e-01
3.8161788544e-01
3.8403081256e-01
3.8644373969e-01
3.8885666681e-01
3.9126959394e-01
3.9394894400e-01
3.9662829406e-01
3.9930764412e-01
4.0198699418e-01
4.0510134747e-01
4.0821570076e-01
4.1133005404e-01
4.1444440733e-01
4.1719456996e-01
4.1994473259e-01
4.2269489522e-01
4.2544505785e-01
4.2846797307e-01
4.3149088829e-01
4.3451380352e-01
4.3753671874e-01
4.4154458096e-01
4.4555244318e-01
4.4956030540e-01
4.5356816762e-01
4.5919845653e-01
4.6482874545e-01
4.7045903436e-01
4.7608932328e-01
4.8121217859e-01
4.8633503390e-01
4.9145788921e-01
4.9658074452e-01
5.0149129805e-01
5.0640185157e-01
5.1131240510e-01
5.1622295863e-01
5.2089051396e-01
5.2555806929e-01
5.3022562462e-01
5.3489317995e-01
5.3856633279e-01
5.4223948564e-01
5.4591263848e-01
5.4958579133e-01
5.5260970147e-01
5.5563361160e-01
5.5865752173e-01
5.6168143187e-01
5.6445129729e-01
5.6722116272e-01
5.6999102814e-01
5.7276089357e-01
5.7563237752e-01
5.7850386147e-01
5.8137534542e-01
5.8424682937e-01
5.8694678505e-01
5.8964674073e-01
5.9234669640e-01
5.9504665208e-01
5.9756874277e-01
6.0009083346e-01
6.0261292415e-01
6.0513501483e-01
6.0746956603e-01
6.0980411722e-01
6.1213866842e-01
6.1447321961e-01
6.1725015434e-01
6.2002708906e-01
6.2280402378e-01
6.2558095851e-01
6.2796855558e-01
6.3035615265e-01
6.3274374972e-01
6.3513134679e-01
6.3761483191e-01
6.4009831703e-01
6.4258180216e-01
6.4506528728e-01
6.4788271377e-01
6.5070014026e-01
6.5351756675e-01
6.5633499324e-01
6.5969136612e-01
6.6304773901e-01
6.6640411190e-01
6.6976048478e-01
6.7296568192e-01
6.7617087905e-01
6.7937607618e-01
6.8258127332e-01
6.8589356375e-01
6.8920585419e-01
6.9251814462e-01
6.9583043505e-01
6.9955883216e-01
7.0328722927e-01
7.0701562638e-01
7.1074402349e-01
7.1537913082e-01
7.2001423816e-01
7.2464934549e-01
7.2928445282e-01
7.3460858251e-01
7.3993271219e-01
7.4525684187e-01
7.5058097155e-01
7.5603546763e-01
7.6148996371e-01
7.6694445978e-01
7.7239895586e-01
7.7707337014e-01
7.8174778442e-01
7.8642219870e-01
7.9109661298e-01
7.9506194374e-01
7.9902727449e-01
8.0299260524e-01
8.0695793600e-01
8.1048326044e-01
8.1400858487e-01
8.1753390931e-01
8.2105923375e-01
8.2430193790e-01
8.2754464204e-01
8.3078734618e-01
8.3403005033e-01
8.3735856564e-01
8.4068708095e-01
8.4401559626e-01
8.4734411157e-01
8.5040224833e-01
8.5346038510e-01
8.5651852186e-01
8.5957665862e-01
8.6244610520e-01
8.6531555179e-01
8.6818499837e-01
8.7105444495e-01
8.7351964505e-01
8.7598484515e-01
8.7845004525e-01
8.8091524535e-01
8.8333195325e-01
8.8574866115e-01
8.8816536905e-01
8.9058207695e-01
8.9327870653e-01
8.9597533610e-01
8.9867196567e-01
9.0136859525e-01
9.0369956884e-01
9.0603054243e-01
9.0836151603e-01
9.1069248962e-01
9.1323489560e-01
9.1577730159e-01
9.1831970757e-01
9.2086211356e-01
9.2362184860e-01
9.2638158364e-01
9.2914131868e-01
9.3190105372e-01
9.3474750135e-01
9.3759394898e-01
9.4044039661e-01
9.4328684423e-01
9.4609727026e-01
9.4890769628e-01
9.5171812230e-01
9.5452854833e-01
9.5771154792e-01
9.6089454752e-01
9.6407754712e-01
9.6726054671e-01
9.7135297837e-01
9.7544541003e-01
9.7953784170e-01
9.8363027336e-01
9.8772270502e-01
9.9181513668e-01
9.9590756834e-01
1.0000000000e+00
