2.8645542891e-01
2.8645819777e-01
2.8646650443e-01
2.8648034902e-01
2.8649973178e-01
2.8652166573e-01
2.8654799616e-01
2.8657872338e-01
2.8661384775e-01
2.8665460383e-01
2.8670002137e-01
2.8675010065e-01
2.8680484182e-01
2.8685105586e-01
2.8690013952e-01
2.8695209235e-01
2.8700691360e-01
2.8705380455e-01
2.8710260638e-01
2.8715331785e-01
2.8720593730e-01
2.8725199988e-01
2.8729942820e-01
2.8734822014e-01
2.8739837308e-01
2.8744692412e-01
2.8749667989e-01
2.8754763638e-01
2.8759978878e-01
2.8766076190e-01
2.8772327474e-01
2.8778731466e-01
2.8785286638e-01
2.8790762980e-01
2.8796338188e-01
2.8802010902e-01
2.8807779559e-01
2.8813155566e-01
2.8818609308e-01
2.8824139052e-01
2.8829742875e-01
2.8835718421e-01
2.8841770920e-01
2.8847897355e-01
2.8854094426e-01
2.8860375716e-01
2.8866720507e-01
2.8873124597e-01
2.8879583492e-01
2.8885925139e-01
2.8892309631e-01
2.8898732079e-01
2.8905187385e-01
2.8912770081e-01
2.8920381698e-01
2.8928013199e-01
2.8935655327e-01
2.8944076770e-01
2.8952486858e-01
2.8960872708e-01
2.8969221416e-01
2.8977788546e-01
2.8986288392e-01
2.8994707183e-01
2.9003031438e-01
2.9011413153e-01
2.9019669261e-01
2.9027786713e-01
2.9035752970e-01
2.9044388389e-01
2.9052807974e-01
2.9060997090e-01
2.9068941994e-01
2.9078179522e-01
2.9087022488e-01
2.9095451943e-01
2.9103450768e-01
2.9112764486e-01
2.9121364464e-01
2.9129228974e-01
2.9136340101e-01
2.9143663075e-01
2.9149925545e-01
2.9155117271e-01
2.9159234181e-01
2.9161813111e-01
2.9163672220e-01
2.9164818463e-01
2.9165261629e-01
2.9165101564e-01
2.9164467726e-01
2.9163370619e-01
2.9161822286e-01
2.9160123189e-01
2.9158104320e-01
2.9155776527e-01
2.9153151622e-01
2.9150557036e-01
2.9147743937e-01
2.9144722853e-01
2.9141504957e-01
2.9138192596e-01
2.9134716194e-01
2.9131087786e-01
2.9127319933e-01
2.9123519813e-01
2.9119611832e-01
2.9115608947e-01
2.9111524442e-01
2.9107730302e-01
2.9103889807e-01
2.9100013592e-01
2.9096112342e-01
2.9092679745e-01
2.9089243304e-01
2.9085810134e-01
2.9082387257e-01
2.9079121230e-01
2.9075876967e-01
2.9072660264e-01
2.9069476741e-01
2.9066187613e-01
2.9062946683e-01
2.9059759616e-01
2.9056631773e-01
2.9053735265e-01
2.9050900133e-01
2.9048130100e-01
2.9045428625e-01
2.9042748835e-01
2.9040146694e-01
2.9037625030e-01
2.9035186407e-01
2.9032498558e-01
2.9029925744e-01
2.9027470681e-01
2.9025135739e-01
2.9022918751e-01
2.9020826196e-01
2.9018859601e-01
2.9017020270e-01
2.9015298280e-01
2.9013707335e-01
2.9012248237e-01
2.9010921655e-01
2.9009605800e-01
2.9008454309e-01
2.9007467681e-01
2.9006646309e-01
2.9005931003e-01
2.9005418322e-01
2.9005108474e-01
2.9005001580e-01
2.9005082415e-01
2.9005334815e-01
2.9005758698e-01
2.9006353918e-01
2.9007031521e-01
2.9007845909e-01
2.9008796825e-01
2.9009883946e-01
2.9011098707e-01
2.9012447088e-01
2.9013928512e-01
2.9015542288e-01
2.9017234922e-01
2.9019050638e-01
2.9020988376e-01
2.9023046893e-01
2.9025077765e-01
2.9027211411e-01
2.9029446262e-01
2.9031780530e-01
2.9034018834e-01
2.9036338127e-01
2.9038736421e-01
2.9041211514e-01
2.9044072841e-01
2.9047023752e-01
2.9050060095e-01
2.9053177322e-01
2.9056137795e-01
2.9059159398e-01
2.9062237587e-01
2.9065367534e-01
2.9068586716e-01
2.9071848236e-01
2.9075146272e-01
2.9078474775e-01
2.9082183071e-01
2.9085912260e-01
2.9089653421e-01
2.9093397463e-01
2.9098291049e-01
2.9103152835e-01
2.9107961873e-01
2.9112697325e-01
2.9116887086e-01
2.9120985468e-01
2.9124977999e-01
2.9128850604e-01
2.9132727231e-01
2.9136445427e-01
2.9139991144e-01
2.9143350971e-01
2.9146918699e-01
2.9150213702e-01
2.9153219611e-01
2.9155921196e-01
2.9158774095e-01
2.9161133858e-01
2.9162979803e-01
2.9164293575e-01
2.9165170273e-01
2.9165133381e-01
2.9164160409e-01
2.9162234168e-01
2.9159419976e-01
2.9155677739e-01
2.9151005417e-01
2.9145405519e-01
2.9140089559e-01
2.9134152817e-01
2.9127603916e-01
2.9120453779e-01
2.9114094604e-01
2.9107341915e-01
2.9100205688e-01
2.9092697123e-01
2.9085745289e-01
2.9078520576e-01
2.9071033291e-01
2.9063294565e-01
2.9056045334e-01
2.9048607465e-01
2.9040991136e-01
2.9033207089e-01
2.9025081452e-01
2.9016804764e-01
2.9008390264e-01
2.8999851720e-01
2.8992020514e-01
2.8984110091e-01
2.8976131612e-01
2.8968096445e-01
2.8960097891e-01
2.8952066379e-01
2.8944013238e-01
2.8935949777e-01
2.8929421275e-01
2.8922899268e-01
2.8916389560e-01
2.8909897843e-01
2.8903333905e-01
2.8896799866e-01
2.8890301181e-01
2.8883843094e-01
2.8877284760e-01
2.8870779247e-01
2.8864331373e-01
2.8857945661e-01
2.8852052742e-01
2.8846220688e-01
2.8840452446e-01
2.8834750737e-01
2.8828675821e-01
2.8822684124e-01
2.8816778216e-01
2.8810960399e-01
2.8803543538e-01
2.8796282428e-01
2.8789180383e-01
2.8782240185e-01
2.8776540926e-01
2.8770958506e-01
2.8765493906e-01
2.8760147954e-01
2.8754506345e-01
2.8749004767e-01
2.8743643819e-01
2.8738423995e-01
2.8731626235e-01
2.8725085269e-01
2.8718801667e-01
2.8712775850e-01
2.8704275993e-01
2.8696349811e-01
2.8688997708e-01
2.8682219899e-01
2.8676788483e-01
2.8671792170e-01
2.8667230956e-01
2.8663104818e-01
2.8658988761e-01
2.8655421593e-01
2.8652403265e-01
2.8649933731e-01
2.8648012712e-01
2.8646640578e-01
2.8645817308e-01
2.8645542886e-01
