0.0000000000e+00
6.8525785498e-03
1.3705157100e-02
2.0557735650e-02
2.7410314199e-02
3.3045866695e-02
3.8681419190e-02
4.4316971685e-02
4.9952524181e-02
5.4783698318e-02
5.9614872455e-02
6.4446046592e-02
6.9277220729e-02
7.3748221011e-02
7.8219221293e-02
8.2690221575e-02
8.7161221857e-02
9.1317727227e-02
9.5474232597e-02
9.9630737967e-02
1.0378724334e-01
1.0719954361e-01
1.1061184388e-01
1.1402414415e-01
1.1743644442e-01
1.2011359191e-01
1.2279073939e-01
1.2546788688e-01
1.2814503436e-01
1.3056485687e-01
1.3298467937e-01
1.3540450187e-01
1.3782432438e-01
1.4049168346e-01
1.4315904255e-01
1.4582640163e-01
1.4849376072e-01
1.5084679258e-01
1.5319982445e-01
1.5555285632e-01
1.5790588818e-01
1.6003746801e-01
1.6216904783e-01
1.6430062766e-01
1.6643220749e-01
1.6851353141e-01
1.7059485534e-01
1.7267617926e-01
1.7475750319e-01
1.7704460331e-01
1.7933170344e-01
1.8161880356e-01
1.8390590368e-01
1.8600096112e-01
1.8809601856e-01
1.9019107599e-01
1.9228613343e-01
1.9488084199e-01
1.9747555055e-01
2.0007025911e-01
2.0266496767e-01
2.0534006341e-01
2.0801515915e-01
2.1069025489e-01
2.1336535064e-01
2.1621078808e-01
2.1905622552e-01
2.2190166296e-01
2.2474710040e-01
2.2761701979e-01
2.3048693918e-01
2.3335685857e-01
2.3622677796e-01
2.3943786304e-01
2.4264894812e-01
2.4586003320e-01
2.4907111828e-01
2.5305332082e-01
2.5703552336e-01
2.6101772591e-01
2.6499992845e-01
2.7068606730e-01
2.7637220615e-01
2.8205834500e-01
2.8774448384e-01
2.9453703806e-01
3.0132959227e-01
3.0812214649e-01
3.1491470070e-01
3.1988161625e-01
3.2484853181e-01
3.2981544736e-01
3.3478236291e-01
3.3888040559e-01
3.4297844827e-01
3.4707649094e-01
3.5117453362e-01
3.5457083133e-01
3.5796712903e-01
3.6136342674e-01
3.6475972445e-01
3.6781388678e-01
3.7086804910e-01
3.7392221143e-01
3.7697637376e-01
3.7988903538e-01
3.8280169699e-01
3.8571435861e-01
3.8862702023e-01
3.9172383399e-01
3.9482064774e-01
3.9791746150e-01
4.0101427526e-01
4.0357262038e-01
4.0613096549e-01
4.0868931061e-01
4.1124765572e-01
4.1354905736e-01
4.1585045900e-01
4.1815186063e-01
4.2045326227e-01
4.2264293442e-01
4.2483260657e-01
4.2702227873e-01
4.2921195088e-01
4.3165868078e-01
4.3410541067e-01
4.3655214057e-01
4.3899887047e-01
4.4112418473e-01
4.4324949899e-01
4.4537481325e-01
4.4750012752e-01
4.4977592037e-01
4.5205171323e-01
4.5432750608e-01
4.5660329894e-01
4.5927634461e-01
4.6194939028e-01
4.6462243596e-01
4.6729548163e-01
4.6979497894e-01
4.7229447625e-01
4.7479397357e-01
4.7729347088e-01
4.7986568472e-01
4.8243789856e-01
4.8501011241e-01
4.8758232625e-01
4.9054444423e-01
4.9350656220e-01
4.9646868018e-01
4.9943079815e-01
5.0205040519e-01
5.0467001222e-01
5.0728961925e-01
5.0990922628e-01
5.1240329424e-01
5.1489736220e-01
5.1739143016e-01
5.1988549813e-01
5.2288679831e-01
5.2588809850e-01
5.2888939869e-01
5.3189069888e-01
5.3419915354e-01
5.3650760820e-01
5.3881606287e-01
5.4112451753e-01
5.4327376294e-01
5.4542300835e-01
5.4757225377e-01
5.4972149918e-01
5.5199383787e-01
5.5426617655e-01
5.5653851524e-01
5.5881085393e-01
5.6106367916e-01
5.6331650439e-01
5.6556932962e-01
5.6782215485e-01
5.7005200406e-01
5.7228185327e-01
5.7451170248e-01
5.7674155169e-01
5.7930419290e-01
5.8186683412e-01
5.8442947534e-01
5.8699211655e-01
5.9020060338e-01
5.9340909022e-01
5.9661757705e-01
5.9982606388e-01
6.0276441247e-01
6.0570276106e-01
6.0864110965e-01
6.1157945824e-01
6.1468941947e-01
6.1779938070e-01
6.2090934193e-01
6.2401930315e-01
6.2755760810e-01
6.3109591304e-01
6.3463421798e-01
6.3817252293e-01
6.4260168757e-01
6.4703085222e-01
6.5146001687e-01
6.5588918151e-01
6.6319917398e-01
6.7050916644e-01
6.7781915890e-01
6.8512915137e-01
6.9100943529e-01
6.9688971922e-01
7.0277000314e-01
7.0865028706e-01
7.1303985002e-01
7.1742941298e-01
7.2181897593e-01
7.2620853889e-01
7.2979940717e-01
7.3339027546e-01
7.3698114374e-01
7.4057201203e-01
7.4371306611e-01
7.4685412020e-01
7.4999517429e-01
7.5313622838e-01
7.5598613473e-01
7.5883604108e-01
7.6168594744e-01
7.6453585379e-01
7.6739188098e-01
7.7024790818e-01
7.7310393537e-01
7.7595996257e-01
7.7862880718e-01
7.8129765179e-01
7.8396649641e-01
7.8663534102e-01
7.8920921440e-01
7.9178308778e-01
7.9435696116e-01
7.9693083454e-01
7.9904998989e-01
8.0116914523e-01
8.0328830057e-01
8.0540745591e-01
8.0757692378e-01
8.0974639165e-01
8.1191585951e-01
8.1408532738e-01
8.1626359176e-01
8.1844185615e-01
8.2062012053e-01
8.2279838491e-01
8.2485875554e-01
8.2691912617e-01
8.2897949680e-01
8.3103986743e-01
8.3329673102e-01
8.3555359462e-01
8.3781045821e-01
8.4006732181e-01
8.4286039095e-01
8.4565346009e-01
8.4844652923e-01
8.5123959837e-01
8.5364928355e-01
8.5605896872e-01
8.5846865390e-01
8.6087833907e-01
8.6356595492e-01
8.6625357076e-01
8.6894118661e-01
8.7162880245e-01
8.7518965157e-01
8.7875050069e-01
8.8231134980e-01
8.8587219892e-01
8.9076063880e-01
8.9564907868e-01
9.0053751856e-01
9.0542595844e-01
9.1007598018e-01
9.1472600192e-01
9.1937602366e-01
9.2402604540e-01
9.2947954655e-01
9.3493304770e-01
9.4038654885e-01
9.4584005000e-01
9.5261004375e-01
9.5938003750e-01
9.6615003125e-01
9.7292002500e-01
9.7969001875e-01
9.8646001250e-01
9.9323000625e-01
1.0000000000e+00
