0.0000000000e+00
1.7456331203e-02
3.4912662405e-02
5.2368993608e-02
6.9825324810e-02
7.9079623114e-02
8.8333921419e-02
9.7588219723e-02
1.0684251803e-01
1.1271445104e-01
1.1858638405e-01
1.2445831706e-01
1.3033025007e-01
1.3448385900e-01
1.3863746794e-01
1.4279107687e-01
1.4694468580e-01
1.5008293050e-01
1.5322117521e-01
1.5635941991e-01
1.5949766461e-01
1.6198847788e-01
1.6447929115e-01
1.6697010441e-01
1.6946091768e-01
1.7154094937e-01
1.7362098106e-01
1.7570101275e-01
1.7778104445e-01
1.7960756933e-01
1.8143409420e-01
1.8326061908e-01
1.8508714396e-01
1.8746709456e-01
1.8984704515e-01
1.9222699575e-01
1.9460694634e-01
1.9598174266e-01
1.9735653898e-01
1.9873133529e-01
2.0010613161e-01
2.0120878279e-01
2.0231143397e-01
2.0341408515e-01
2.0451673633e-01
2.0549561800e-01
2.0647449967e-01
2.0745338133e-01
2.0843226300e-01
2.0940588003e-01
2.1037949705e-01
2.1135311407e-01
2.1232673110e-01
2.1328477163e-01
2.1424281216e-01
2.1520085269e-01
2.1615889322e-01
2.1703186307e-01
2.1790483292e-01
2.1877780277e-01
2.1965077262e-01
2.2047692855e-01
2.2130308448e-01
2.2212924041e-01
2.2295539634e-01
2.2405875935e-01
2.2516212236e-01
2.2626548537e-01
2.2736884838e-01
2.2821120401e-01
2.2905355963e-01
2.2989591525e-01
2.3073827087e-01
2.3168687126e-01
2.3263547164e-01
2.3358407203e-01
2.3453267241e-01
2.3556086647e-01
2.3658906053e-01
2.3761725459e-01
2.3864544864e-01
2.3982162140e-01
2.4099779417e-01
2.4217396693e-01
2.4335013969e-01
2.4448460691e-01
2.4561907414e-01
2.4675354137e-01
2.4788800859e-01
2.4914296411e-01
2.5039791962e-01
2.5165287513e-01
2.5290783065e-01
2.5440973392e-01
2.5591163719e-01
2.5741354046e-01
2.5891544374e-01
2.6096985845e-01
2.6302427317e-01
2.6507868789e-01
2.6713310261e-01
2.6972004213e-01
2.7230698165e-01
2.7489392117e-01
2.7748086069e-01
2.7974498642e-01
2.8200911215e-01
2.8427323788e-01
2.8653736360e-01
2.8900912989e-01
2.9148089617e-01
2.9395266245e-01
2.9642442873e-01
2.9925772883e-01
3.0209102893e-01
3.0492432903e-01
3.0775762912e-01
3.1115280448e-01
3.1454797984e-01
3.1794315520e-01
3.2133833056e-01
3.2564706543e-01
3.2995580030e-01
3.3426453517e-01
3.3857327005e-01
3.4440868312e-01
3.5024409619e-01
3.5607950927e-01
3.6191492234e-01
3.6935905786e-01
3.7680319337e-01
3.8424732889e-01
3.9169146441e-01
3.9801796672e-01
4.0434446904e-01
4.1067097135e-01
4.1699747367e-01
4.2265814451e-01
4.2831881536e-01
4.3397948620e-01
4.3964015704e-01
4.4516542297e-01
4.5069068890e-01
4.5621595483e-01
4.6174122075e-01
4.6704779241e-01
4.7235436406e-01
4.7766093572e-01
4.8296750737e-01
4.8848557289e-01
4.9400363840e-01
4.9952170392e-01
5.0503976943e-01
5.1049768080e-01
5.1595559217e-01
5.2141350354e-01
5.2687141492e-01
5.3241786935e-01
5.3796432379e-01
5.4351077823e-01
5.4905723266e-01
5.5565481708e-01
5.6225240149e-01
5.6884998590e-01
5.7544757031e-01
5.8280026396e-01
5.9015295760e-01
5.9750565124e-01
6.0485834489e-01
6.1152149326e-01
6.1818464164e-01
6.2484779002e-01
6.3151093840e-01
6.3647334203e-01
6.4143574566e-01
6.4639814929e-01
6.5136055292e-01
6.5531874460e-01
6.5927693628e-01
6.6323512796e-01
6.6719331963e-01
6.7049502613e-01
6.7379673262e-01
6.7709843911e-01
6.8040014561e-01
6.8324338932e-01
6.8608663303e-01
6.8892987674e-01
6.9177312046e-01
6.9428879266e-01
6.9680446487e-01
6.9932013707e-01
7.0183580927e-01
7.0413714404e-01
7.0643847882e-01
7.0873981359e-01
7.1104114836e-01
7.1325893366e-01
7.1547671897e-01
7.1769450427e-01
7.1991228958e-01
7.2206127047e-01
7.2421025135e-01
7.2635923224e-01
7.2850821313e-01
7.3037144986e-01
7.3223468659e-01
7.3409792332e-01
7.3596116005e-01
7.3741456040e-01
7.3886796074e-01
7.4032136109e-01
7.4177476143e-01
7.4302827614e-01
7.4428179085e-01
7.4553530556e-01
7.4678882027e-01
7.4793876767e-01
7.4908871508e-01
7.5023866248e-01
7.5138860989e-01
7.5250669565e-01
7.5362478142e-01
7.5474286719e-01
7.5586095295e-01
7.5698689268e-01
7.5811283242e-01
7.5923877215e-01
7.6036471188e-01
7.6132118135e-01
7.6227765083e-01
7.6323412031e-01
7.6419058978e-01
7.6505635862e-01
7.6592212746e-01
7.6678789630e-01
7.6765366515e-01
7.6850321928e-01
7.6935277341e-01
7.7020232754e-01
7.7105188167e-01
7.7197373877e-01
7.7289559586e-01
7.7381745296e-01
7.7473931006e-01
7.7555777977e-01
7.7637624949e-01
7.7719471921e-01
7.7801318893e-01
7.7891739341e-01
7.7982159789e-01
7.8072580238e-01
7.8163000686e-01
7.8265381943e-01
7.8367763201e-01
7.8470144459e-01
7.8572525716e-01
7.8669167939e-01
7.8765810162e-01
7.8862452385e-01
7.8959094608e-01
7.9065230375e-01
7.9171366142e-01
7.9277501909e-01
7.9383637676e-01
7.9523746753e-01
7.9663855830e-01
7.9803964907e-01
7.9944073985e-01
8.0138685873e-01
8.0333297761e-01
8.0527909649e-01
8.0722521537e-01
8.0905785189e-01
8.1089048841e-01
8.1272312494e-01
8.1455576146e-01
8.1668550817e-01
8.1881525487e-01
8.2094500158e-01
8.2307474829e-01
8.2579485634e-01
8.2851496440e-01
8.3123507245e-01
8.3395518051e-01
8.3787707827e-01
8.4179897602e-01
8.4572087378e-01
8.4964277154e-01
8.5650541797e-01
8.6336806439e-01
8.7023071082e-01
8.7709335724e-01
8.9245265428e-01
9.0781195132e-01
9.2317124836e-01
9.3853054540e-01
9.5389790905e-01
9.6926527270e-01
9.8463263635e-01
1.0000000000e+00
