1.0814330172e-09
6.2060912417e-10
3.0658982846e-09
1.0322618920e-08
7.4817511159e-08
2.0105536331e-07
5.2333410689e-07
1.3590692040e-06
3.6276276907e-06
6.8227921382e-06
1.2777366723e-05
2.3926947371e-05
4.4942782586e-05
6.9894239161e-05
1.0862086666e-04
1.6879972698e-04
2.6244711974e-04
3.6614223206e-04
5.1069959559e-04
7.1228012899e-04
9.9345918171e-04
1.3011508328e-03
1.7038503474e-03
2.2308452093e-03
2.9203842299e-03
3.7007992509e-03
4.6884546253e-03
5.9377873696e-03
7.5171233462e-03
9.3952897237e-03
1.1735798648e-02
1.4648877928e-02
1.8268900577e-02
2.1618706850e-02
2.5563049356e-02
3.0199664741e-02
3.5639189236e-02
4.0567848824e-02
4.6137333743e-02
5.2418915371e-02
5.9488220893e-02
6.6910678528e-02
7.5164413293e-02
8.4317464395e-02
9.4436880462e-02
1.0589171131e-01
1.1849532194e-01
1.3230233189e-01
1.4735505763e-01
1.6221432793e-01
1.7814152546e-01
1.9512729690e-01
2.1314516697e-01
2.3053146205e-01
2.4869941081e-01
2.6758774768e-01
2.8712307512e-01
3.0872654606e-01
3.3086243699e-01
3.5340559955e-01
3.7622518793e-01
3.9841403718e-01
4.2061739236e-01
4.4272006316e-01
4.6461290107e-01
4.8958766560e-01
5.1400330760e-01
5.3773700796e-01
5.6068545107e-01
5.8790307050e-01
6.1366915477e-01
6.3790485154e-01
6.6056707259e-01
6.8017954634e-01
6.9843600479e-01
7.1536125947e-01
7.3099220110e-01
7.4741101752e-01
7.6226396433e-01
7.7563919005e-01
7.8762915526e-01
8.0206095538e-01
8.1428313211e-01
8.2453044776e-01
8.3302424160e-01
8.4119278373e-01
8.4744992341e-01
8.5208009030e-01
8.5533254117e-01
8.5747324888e-01
8.5858170022e-01
8.5883283831e-01
8.5837543896e-01
8.5721108948e-01
8.5548696060e-01
8.5331822955e-01
8.5080024437e-01
8.4749423760e-01
8.4391684617e-01
8.4015136358e-01
8.3626382172e-01
8.3137359473e-01
8.2645072178e-01
8.2155011465e-01
8.1671055867e-01
8.1126053461e-01
8.0594633573e-01
8.0077377217e-01
7.9573378382e-01
7.9112363141e-01
7.8657766366e-01
7.8205188026e-01
7.7748777898e-01
7.7310482415e-01
7.6854503724e-01
7.6371364742e-01
7.5849601979e-01
7.5388629178e-01
7.4884757691e-01
7.4328298439e-01
7.3708347340e-01
7.3158157317e-01
7.2552741687e-01
7.1884885035e-01
7.1147016004e-01
7.0412457428e-01
6.9608319212e-01
6.8728868683e-01
6.7768672760e-01
6.6576597561e-01
6.5268640563e-01
6.3841013837e-01
6.2292734772e-01
6.1051670815e-01
5.9746661087e-01
5.8382155616e-01
5.6964467990e-01
5.5621744032e-01
5.4249184620e-01
5.2856417000e-01
5.1454591057e-01
4.9951298525e-01
4.8469448283e-01
4.7027719389e-01
4.5645726729e-01
4.4448533200e-01
4.3333795648e-01
4.2316379989e-01
4.1410285453e-01
4.0557920841e-01
3.9870309551e-01
3.9359543053e-01
3.9034693986e-01
3.8903793438e-01
3.8946790621e-01
3.9162992697e-01
3.9548936696e-01
4.0088390836e-01
4.0777914079e-01
4.1607017979e-01
4.2563277618e-01
4.3615713306e-01
4.4763203054e-01
4.5990336735e-01
4.7281307910e-01
4.8661404582e-01
5.0075585896e-01
5.1507833864e-01
5.2943282751e-01
5.4489319530e-01
5.6008216196e-01
5.7487247663e-01
5.8916047311e-01
6.0476432314e-01
6.1952237292e-01
6.3338101613e-01
6.4631472396e-01
6.5859881773e-01
6.6992953246e-01
6.8034071848e-01
6.8987788147e-01
7.0099778746e-01
7.1087483318e-01
7.1964102331e-01
7.2742779819e-01
7.3587902392e-01
7.4325098538e-01
7.4974291307e-01
7.5553075097e-01
7.6135773703e-01
7.6667557631e-01
7.7163506517e-01
7.7635986439e-01
7.8123440731e-01
7.8605151127e-01
7.9088448397e-01
7.9578773217e-01
8.0031373810e-01
8.0494582553e-01
8.0969204799e-01
8.1455087089e-01
8.1865024139e-01
8.2280663719e-01
8.2700148247e-01
8.3120892769e-01
8.3479662401e-01
8.3834071482e-01
8.4180646714e-01
8.4515077912e-01
8.4798031394e-01
8.5062661858e-01
8.5303507315e-01
8.5514015068e-01
8.5682681012e-01
8.5806351938e-01
8.5874703606e-01
8.5875489026e-01
8.5808317013e-01
8.5665281696e-01
8.5432879219e-01
8.5095594701e-01
8.4711368807e-01
8.4225392652e-01
8.3623875157e-01
8.2891619205e-01
8.2218105749e-01
8.1446226805e-01
8.0567008337e-01
7.9571068650e-01
7.8587761390e-01
7.7499259009e-01
7.6298760151e-01
7.4979574858e-01
7.3606447947e-01
7.2114550663e-01
7.0499260840e-01
6.8756729947e-01
6.6978976038e-01
6.5082192559e-01
6.3066325968e-01
6.0932879175e-01
5.8835312768e-01
5.6642217689e-01
5.4359689070e-01
5.1995704142e-01
4.9955548756e-01
4.7871947300e-01
4.5752848538e-01
4.3607110532e-01
4.1073921784e-01
3.8534228579e-01
3.6005581629e-01
3.3505905510e-01
3.1450799245e-01
2.9438431122e-01
2.7478205217e-01
2.5578713254e-01
2.3587571614e-01
2.1685775608e-01
1.9879848818e-01
1.8174522017e-01
1.6324338067e-01
1.4615474353e-01
1.3046984604e-01
1.1615597073e-01
1.0378410523e-01
9.2545856854e-02
8.2376860080e-02
7.3207424188e-02
6.3146613225e-02
5.4364161861e-02
4.6725649553e-02
4.0102974297e-02
3.2148239707e-02
2.5718781162e-02
2.0541504404e-02
1.6384765531e-02
1.2912944658e-02
1.0167650958e-02
8.0002584569e-03
6.2911644830e-03
4.7015024177e-03
3.5120006565e-03
2.6224897884e-03
1.9575836354e-03
1.2957643590e-03
8.5777317089e-04
5.6772899240e-04
3.7553183200e-04
1.8172032359e-04
8.8463896027e-05
4.3054658880e-05
2.0774506859e-05
3.7789580735e-06
1.0252374361e-06
2.3091910143e-07
1.1050281312e-07
2.0094315148e-08
5.4792813694e-09
1.3339622049e-09
1.1760562664e-09
