2.6113836163e-03
2.6330245362e-03
2.6983014298e-03
2.8082858942e-03
2.9647835861e-03
3.1527366874e-03
3.3851201574e-03
3.6651708845e-03
3.9967832959e-03
4.3582035854e-03
4.7732638322e-03
5.2469877812e-03
5.7850913971e-03
6.3673848393e-03
7.0211857479e-03
7.7536547066e-03
8.5727736462e-03
9.5193083235e-03
1.0578636035e-02
1.1762833232e-02
1.3085286785e-02
1.4431380235e-02
1.5918550417e-02
1.7560490116e-02
1.9372133266e-02
2.1077970724e-02
2.2932429778e-02
2.4947464862e-02
2.7135860240e-02
2.9257276200e-02
3.1539553325e-02
3.3993718484e-02
3.6631384902e-02
3.9092523234e-02
4.1711143685e-02
4.4496047900e-02
4.7456358905e-02
5.0326141192e-02
5.3358042455e-02
5.6559682337e-02
5.9938848177e-02
6.3303589049e-02
6.6840858858e-02
7.0557528116e-02
7.4460511258e-02
7.8462335143e-02
8.2655254576e-02
8.7045669349e-02
9.1639888908e-02
9.6665860293e-02
1.0192804053e-01
1.0743300812e-01
1.1318700877e-01
1.1946290797e-01
1.2602242308e-01
1.3287099752e-01
1.4001333144e-01
1.4670059949e-01
1.5363147891e-01
1.6080747785e-01
1.6822938219e-01
1.7539437651e-01
1.8277391325e-01
1.9036669664e-01
1.9817074698e-01
2.0584185829e-01
2.1370138012e-01
2.2174571187e-01
2.2997063113e-01
2.3805029526e-01
2.4628780420e-01
2.5467778598e-01
2.6321436376e-01
2.7229108155e-01
2.8151331562e-01
2.9087271961e-01
3.0036046057e-01
3.1236616077e-01
3.2453833444e-01
3.3685727433e-01
3.4930261445e-01
3.5973411904e-01
3.7022643466e-01
3.8076729466e-01
3.9134441049e-01
4.0135001716e-01
4.1136679339e-01
4.2138465427e-01
4.3139368409e-01
4.4170356289e-01
4.5198329659e-01
4.6222280280e-01
4.7241234656e-01
4.8400972910e-01
4.9551588942e-01
5.0691814925e-01
5.1820459213e-01
5.2941877023e-01
5.4049426001e-01
5.5142139823e-01
5.6219134118e-01
5.7356259212e-01
5.8473476445e-01
5.9569999709e-01
6.0645143058e-01
6.1864582304e-01
6.3053707789e-01
6.4211912410e-01
6.5338736742e-01
6.6371453794e-01
6.7375860358e-01
6.8351882968e-01
6.9299532963e-01
7.0192705166e-01
7.1059351041e-01
7.1899671531e-01
7.2713918226e-01
7.3527332345e-01
7.4313655916e-01
7.5073299481e-01
7.5806707950e-01
7.6554743774e-01
7.7274527002e-01
7.7966674849e-01
7.8631824711e-01
7.9312542659e-01
7.9964071095e-01
8.0587225773e-01
8.1182826614e-01
8.1806246075e-01
8.2398493290e-01
8.2960637289e-01
8.3493731205e-01
8.4070762127e-01
8.4612453112e-01
8.5120278359e-01
8.5595661031e-01
8.6141405327e-01
8.6641971875e-01
8.7099691495e-01
8.7516747460e-01
8.8022247911e-01
8.8460954231e-01
8.8836999739e-01
8.9153995612e-01
8.9385102798e-01
8.9575228381e-01
8.9725820589e-01
8.9838035342e-01
8.9910146465e-01
8.9948591919e-01
8.9953643985e-01
8.9925338447e-01
8.9848661027e-01
8.9724411945e-01
8.9551371739e-01
8.9327853299e-01
8.9108188705e-01
8.8852575436e-01
8.8559424744e-01
8.8226937445e-01
8.7926639292e-01
8.7597902747e-01
8.7239455125e-01
8.6849931475e-01
8.6478879159e-01
8.6081386485e-01
8.5656337424e-01
8.5202563614e-01
8.4773011704e-01
8.4318788264e-01
8.3838970014e-01
8.3332607181e-01
8.2841772380e-01
8.2326803330e-01
8.1786909424e-01
8.1221289597e-01
8.0654750687e-01
8.0063161834e-01
7.9445808523e-01
7.8801979105e-01
7.8178065940e-01
7.7530025057e-01
7.6857306863e-01
7.6159376673e-01
7.5462168645e-01
7.4740605242e-01
7.3994267834e-01
7.3222765482e-01
7.2419771391e-01
7.1590546082e-01
7.0734803263e-01
6.9852305074e-01
6.8786588133e-01
6.7683875985e-01
6.6544106691e-01
6.5367358852e-01
6.4367564012e-01
6.3342909921e-01
6.2293700327e-01
6.1220329777e-01
6.0224580707e-01
5.9209732008e-01
5.8176297074e-01
5.7124864675e-01
5.6054626867e-01
5.4967760740e-01
5.3865098855e-01
5.2747557401e-01
5.1740159748e-01
5.0722507887e-01
4.9695418527e-01
4.8659760207e-01
4.7676696809e-01
4.6687647881e-01
4.5693459465e-01
4.4695012439e-01
4.3680042005e-01
4.2662619372e-01
4.1643753577e-01
4.0624477974e-01
3.9007573289e-01
3.7396595758e-01
3.5795891895e-01
3.4209808491e-01
3.3218773262e-01
3.2236325491e-01
3.1263499900e-01
3.0301303016e-01
2.9390993709e-01
2.8492139717e-01
2.7605526069e-01
2.6731898413e-01
2.5843143783e-01
2.4969745204e-01
2.4112374032e-01
2.3271644855e-01
2.2406999608e-01
2.1561905760e-01
2.0736862853e-01
1.9932296448e-01
1.9087969595e-01
1.8268212439e-01
1.7473275997e-01
1.6703318713e-01
1.5821991322e-01
1.4975906843e-01
1.4164873216e-01
1.3388555839e-01
1.2739782559e-01
1.2116659045e-01
1.1518746337e-01
1.0945552769e-01
1.0409880139e-01
9.8966680807e-02
9.4053518282e-02
8.9353417466e-02
8.4727241747e-02
8.0313926977e-02
7.6106514606e-02
7.2097967983e-02
6.8023101989e-02
6.4158935840e-02
6.0496867342e-02
5.7028380943e-02
5.3365890318e-02
4.9923803509e-02
4.6690868013e-02
4.3656149294e-02
4.0241774164e-02
3.7082928968e-02
3.4162529532e-02
3.1464334086e-02
2.8718647475e-02
2.6206658987e-02
2.3909987378e-02
2.1811482042e-02
1.9501525458e-02
1.7435116506e-02
1.5588124283e-02
1.3938643080e-02
1.2573365448e-02
1.1345502906e-02
1.0242187953e-02
9.2517561272e-03
8.3318170086e-03
7.5115104066e-03
6.7812888192e-03
6.1326050653e-03
5.5200964593e-03
4.9839624113e-03
4.5169137536e-03
4.1125781991e-03
3.7379389350e-03
3.4247464737e-03
3.1679119396e-03
2.9632546162e-03
2.8074418848e-03
2.6979313522e-03
2.6329327643e-03
2.6113836156e-03
