1.3677105268e-08
2.4698786431e-08
7.4295013827e-08
2.3497176445e-07
8.1927696843e-07
1.7157858543e-06
3.5604709214e-06
7.3867554359e-06
1.5426500975e-05
2.5516208230e-05
4.2147488995e-05
6.9617119770e-05
1.1510337729e-04
1.6676563416e-04
2.4154039894e-04
3.4982834081e-04
5.0674711300e-04
6.7875128981e-04
9.0899950069e-04
1.2172389357e-03
1.6299052193e-03
2.0808891680e-03
2.6561745907e-03
3.3898563144e-03
4.3252478151e-03
5.4497218051e-03
6.8639704718e-03
8.6414012534e-03
1.0873201676e-02
1.3144827403e-02
1.5881747434e-02
1.9175128383e-02
2.3132024019e-02
2.6804880237e-02
3.1038209804e-02
3.5909797134e-02
4.1505537687e-02
4.6837574655e-02
5.2807492573e-02
5.9478708867e-02
6.6917416822e-02
7.5104111499e-02
8.4176613219e-02
9.4200855101e-02
1.0524004439e-01
1.1673455812e-01
1.2924421391e-01
1.4280458522e-01
1.5744055224e-01
1.7180110307e-01
1.8707236227e-01
2.0324029620e-01
2.2027800416e-01
2.3782042402e-01
2.5611208799e-01
2.7508987041e-01
2.9467942265e-01
3.1516559605e-01
3.3610071830e-01
3.5738079008e-01
3.7889786527e-01
4.0052302073e-01
4.2216729310e-01
4.4372606164e-01
4.6509998751e-01
4.8896478903e-01
5.1235263563e-01
5.3515697271e-01
5.5728682922e-01
5.8453622868e-01
6.1043485719e-01
6.3489915627e-01
6.5787959026e-01
6.7735810142e-01
6.9561060873e-01
7.1265339596e-01
7.2851380134e-01
7.4494116115e-01
7.5998742280e-01
7.7372029664e-01
7.8621214853e-01
8.0045028220e-01
8.1295129125e-01
8.2386868036e-01
8.3335052953e-01
8.4334024137e-01
8.5158122114e-01
8.5830051572e-01
8.6370206344e-01
8.6838433501e-01
8.7187756201e-01
8.7437090573e-01
8.7602659543e-01
8.7701216203e-01
8.7736499183e-01
8.7719686011e-01
8.7660035657e-01
8.7550117532e-01
8.7403664595e-01
8.7227461425e-01
8.7026493163e-01
8.6788684535e-01
8.6528857079e-01
8.6247600114e-01
8.5943832632e-01
8.5612973575e-01
8.5252076283e-01
8.4854757085e-01
8.4412608234e-01
8.3979024851e-01
8.3493961830e-01
8.2947029957e-01
8.2326065515e-01
8.1743047192e-01
8.1089911160e-01
8.0356451426e-01
7.9531435405e-01
7.8795378840e-01
7.7985822294e-01
7.7095677365e-01
7.6117592415e-01
7.5160618540e-01
7.4121609640e-01
7.2995227749e-01
7.1776357994e-01
7.0201909040e-01
6.8483432703e-01
6.6615804887e-01
6.4596269027e-01
6.2981111442e-01
6.1282028108e-01
5.9501997045e-01
5.7645620491e-01
5.5939029158e-01
5.4183049121e-01
5.2384697820e-01
5.0552272958e-01
4.8695942757e-01
4.6825895926e-01
4.4953989950e-01
4.3093009469e-01
4.1314051594e-01
3.9570724767e-01
3.7875887952e-01
3.6242317067e-01
3.4423764026e-01
3.2725282578e-01
3.1164296486e-01
2.9756381739e-01
2.8483285060e-01
2.7398341448e-01
2.6511441588e-01
2.5830225721e-01
2.5368370127e-01
2.5111893256e-01
2.5062654166e-01
2.5221001406e-01
2.5580180968e-01
2.6138306190e-01
2.6891227514e-01
2.7833069243e-01
2.8801873501e-01
2.9901912487e-01
3.1125598333e-01
3.2464137166e-01
3.4095934305e-01
3.5844782222e-01
3.7693430235e-01
3.9623575825e-01
4.1399609615e-01
4.3211891866e-01
4.5047065547e-01
4.6892229112e-01
4.8901959136e-01
5.0894399756e-01
5.2856398840e-01
5.4776424847e-01
5.7136136320e-01
5.9396540965e-01
6.1545737575e-01
6.3575687580e-01
6.5396965582e-01
6.7104028362e-01
6.8697375823e-01
7.0179143922e-01
7.1650721287e-01
7.3002972195e-01
7.4242248630e-01
7.5375479296e-01
7.6689450610e-01
7.7855442490e-01
7.8888761811e-01
7.9804072072e-01
8.0905914936e-01
8.1839790346e-01
8.2635090259e-01
8.3317111648e-01
8.3886307997e-01
8.4386402560e-01
8.4830586539e-01
8.5229570200e-01
8.5591923216e-01
8.5923984920e-01
8.6230375094e-01
8.6513964956e-01
8.6747531591e-01
8.6963818017e-01
8.7161462986e-01
8.7337956226e-01
8.7476547055e-01
8.7590927468e-01
8.7676271757e-01
8.7726564631e-01
8.7728392329e-01
8.7644048773e-01
8.7450367313e-01
8.7118576946e-01
8.6811556904e-01
8.6419576831e-01
8.5929644350e-01
8.5327147362e-01
8.4755104469e-01
8.4092024698e-01
8.3328093798e-01
8.2452796741e-01
8.1623427355e-01
8.0700681450e-01
7.9677391280e-01
7.8546236297e-01
7.7419685001e-01
7.6192666542e-01
7.4859867261e-01
7.3416257046e-01
7.1847153275e-01
7.0157113054e-01
6.8342920015e-01
6.6402449298e-01
6.4583373075e-01
6.2665732162e-01
6.0651242878e-01
5.8542967220e-01
5.6507777850e-01
5.4400729601e-01
5.2228037117e-01
4.9997262871e-01
4.7961301269e-01
4.5893325652e-01
4.3801407784e-01
4.1694327661e-01
3.9334097223e-01
3.6980395108e-01
3.4647294156e-01
3.2348871710e-01
3.0381301552e-01
2.8459306706e-01
2.6590906991e-01
2.4783327043e-01
2.2853178709e-01
2.1013070796e-01
1.9268470813e-01
1.7623163817e-01
1.5861706299e-01
1.4234265098e-01
1.2739273748e-01
1.1373200150e-01
1.0194355444e-01
9.1210766502e-02
8.1473808104e-02
7.2668584920e-02
6.3059215885e-02
5.4625077140e-02
4.7247159798e-02
4.0811863804e-02
3.3335718155e-02
2.7181136649e-02
2.2130950914e-02
1.7997815403e-02
1.4336191208e-02
1.1409166529e-02
9.0731233434e-03
7.2110590964e-03
5.4988214205e-03
4.1912526111e-03
3.1934165822e-03
2.4323167895e-03
1.6840600224e-03
1.1659066261e-03
8.0702561958e-04
5.5838932044e-04
3.0699356617e-04
1.6915439981e-04
9.3194082621e-05
5.1174232751e-05
1.6355254185e-05
5.5378199606e-06
1.8603579084e-06
5.9897899044e-07
1.8950748434e-07
6.4271626259e-08
2.3293347945e-08
1.3506339735e-08
