2.0581887329e-01
2.0588157647e-01
2.0606967206e-01
2.0638311806e-01
2.0682184403e-01
2.0737860473e-01
2.0805757845e-01
2.0885861061e-01
2.0978151567e-01
2.1085787230e-01
2.1206269756e-01
2.1339567591e-01
2.1485644901e-01
2.1664363042e-01
2.1858995360e-01
2.2069469823e-01
2.2295705749e-01
2.2532947216e-01
2.2785185711e-01
2.3052317503e-01
2.3334228696e-01
2.3606803979e-01
2.3891701679e-01
2.4188807657e-01
2.4497999027e-01
2.4801865186e-01
2.5116334304e-01
2.5441278785e-01
2.5776563099e-01
2.6125310725e-01
2.6484289269e-01
2.6853333822e-01
2.7232270687e-01
2.7597309968e-01
2.7970769243e-01
2.8352482783e-01
2.8742277929e-01
2.9125290456e-01
2.9515470999e-01
2.9912647223e-01
3.0316641102e-01
3.0726096817e-01
3.1141961604e-01
3.1564042812e-01
3.1992142750e-01
3.2435162960e-01
3.2884023841e-01
3.3338500179e-01
3.3798362262e-01
3.4289771421e-01
3.4786649772e-01
3.5288712375e-01
3.5795670308e-01
3.6476131684e-01
3.7164020371e-01
3.7858635484e-01
3.8559270753e-01
3.9088299455e-01
3.9620015627e-01
4.0154119423e-01
4.0690311602e-01
4.1202954828e-01
4.1716967053e-01
4.2232093213e-01
4.2748080249e-01
4.3258343071e-01
4.3768962127e-01
4.4279701252e-01
4.4790327421e-01
4.5306033714e-01
4.5821156909e-01
4.6335467913e-01
4.6848741967e-01
4.7378798841e-01
4.7907269320e-01
4.8433920142e-01
4.8958523937e-01
4.9523434717e-01
5.0085419542e-01
5.0644215294e-01
5.1199567766e-01
5.1784785100e-01
5.2365568435e-01
5.2941647913e-01
5.3512765440e-01
5.4056292197e-01
5.4594808405e-01
5.5128116156e-01
5.5656027436e-01
5.6189287537e-01
5.6716556819e-01
5.7237666396e-01
5.7752457589e-01
5.8289727413e-01
5.8819603679e-01
5.9341934519e-01
5.9856579693e-01
6.0428269240e-01
6.0989827621e-01
6.1541103077e-01
6.2081960278e-01
6.2622606973e-01
6.3152186516e-01
6.3670603619e-01
6.4177777634e-01
6.4637765836e-01
6.5087994564e-01
6.5528429763e-01
6.5959045942e-01
6.6372781606e-01
6.6777001722e-01
6.7171703382e-01
6.7556889794e-01
6.7933941899e-01
6.8301431541e-01
6.8659377912e-01
6.9007804686e-01
6.9352166217e-01
6.9686758190e-01
7.0011617174e-01
7.0326782888e-01
7.0640040288e-01
7.0943191866e-01
7.1236288371e-01
7.1519382450e-01
7.1801663851e-01
7.2073368587e-01
7.2334558884e-01
7.2585297585e-01
7.2835580062e-01
7.3074648610e-01
7.3302574139e-01
7.3519426738e-01
7.3735548793e-01
7.3939586234e-01
7.4131615221e-01
7.4311709381e-01
7.4490272643e-01
7.4655490786e-01
7.4807440619e-01
7.4946194174e-01
7.5082918047e-01
7.5204017198e-01
7.5309563712e-01
7.5399621238e-01
7.5480933920e-01
7.5543593504e-01
7.5587647123e-01
7.5613128112e-01
7.5620128910e-01
7.5609906738e-01
7.5582454374e-01
7.5537752466e-01
7.5482676689e-01
7.5413540646e-01
7.5330305402e-01
7.5232924478e-01
7.5129163573e-01
7.5012969922e-01
7.4884288845e-01
7.4743060647e-01
7.4597635050e-01
7.4440832183e-01
7.4272590074e-01
7.4092843581e-01
7.3910245580e-01
7.3717016036e-01
7.3513091356e-01
7.3298406271e-01
7.3081498312e-01
7.2854495190e-01
7.2617335768e-01
7.2369958508e-01
7.2120306572e-01
7.1860936134e-01
7.1591791672e-01
7.1312818437e-01
7.1030750946e-01
7.0739203771e-01
7.0438129770e-01
7.0127483717e-01
6.9811822646e-01
6.9486778035e-01
6.9152313974e-01
6.8808397706e-01
6.8455457947e-01
6.8093035659e-01
6.7721109849e-01
6.7339664192e-01
6.6938964300e-01
6.6528253232e-01
6.6107531469e-01
6.5676806566e-01
6.5178098119e-01
6.4666672034e-01
6.4142576967e-01
6.3605876842e-01
6.3114473504e-01
6.2613089045e-01
6.2101804663e-01
6.1580713926e-01
6.1098459492e-01
6.0608274469e-01
6.0110258315e-01
5.9604520485e-01
5.9115741498e-01
5.8620178287e-01
5.8117952448e-01
5.7609194877e-01
5.7103236368e-01
5.6591253437e-01
5.6073397608e-01
5.5549829842e-01
5.4987564714e-01
5.4419262535e-01
5.3845152330e-01
5.3265475768e-01
5.2728342339e-01
5.2186933778e-01
5.1641465816e-01
5.1092163247e-01
5.0577759638e-01
5.0060433182e-01
4.9540385878e-01
4.9017826252e-01
4.8510714123e-01
4.8001656505e-01
4.7490858222e-01
4.6978529288e-01
4.6470871012e-01
4.5962139852e-01
4.5452552490e-01
4.4942329828e-01
4.4425931567e-01
4.3909350127e-01
4.3392825663e-01
4.2876601705e-01
4.2332469196e-01
4.1789239037e-01
4.1247207286e-01
4.0706672541e-01
4.0012733634e-01
3.9322428342e-01
3.8636406749e-01
3.7955319862e-01
3.7432766558e-01
3.6913847879e-01
3.6398861431e-01
3.5888102870e-01
3.5406537998e-01
3.4929312285e-01
3.4456672768e-01
3.3988863372e-01
3.3535418610e-01
3.3087064409e-01
3.2644019657e-01
3.2206499189e-01
3.1775068197e-01
3.1349568031e-01
3.0930199394e-01
3.0517158025e-01
3.0096509492e-01
2.9683048932e-01
2.9276975386e-01
2.8878481461e-01
2.8458999557e-01
2.8048703875e-01
2.7647807596e-01
2.7256514851e-01
2.6880563262e-01
2.6514301905e-01
2.6157900181e-01
2.5811519024e-01
2.5456401033e-01
2.5112822693e-01
2.4780944113e-01
2.4460915512e-01
2.4120459956e-01
2.3794890842e-01
2.3484372202e-01
2.3189055016e-01
2.2914807235e-01
2.2655379780e-01
2.2410881121e-01
2.2181409863e-01
2.1986041467e-01
2.1803210212e-01
2.1632971065e-01
2.1475373639e-01
2.1334039863e-01
2.1204783323e-01
2.1087636832e-01
2.0982629378e-01
2.0888793712e-01
2.0807425301e-01
2.0738543437e-01
2.0682164167e-01
2.0638300420e-01
2.0606962144e-01
2.0588156381e-01
2.0581887329e-01
