2.6035166155e-01
2.6045766983e-01
2.6077578096e-01
2.6130625401e-01
2.6204952098e-01
2.6258025215e-01
2.6318339838e-01
2.6385912600e-01
2.6460762137e-01
2.6515203309e-01
2.6572951802e-01
2.6634014821e-01
2.6698399982e-01
2.6747832091e-01
2.6799065572e-01
2.6852103875e-01
2.6906950572e-01
2.6950740227e-01
2.6995621872e-01
2.7041597325e-01
2.7088668449e-01
2.7127325476e-01
2.7166693590e-01
2.7206773820e-01
2.7247567218e-01
2.7282406377e-01
2.7317750744e-01
2.7353600971e-01
2.7389957720e-01
2.7422071666e-01
2.7454571651e-01
2.7487458128e-01
2.7520731557e-01
2.7551578915e-01
2.7582752301e-01
2.7614252072e-01
2.7646078587e-01
2.7681029345e-01
2.7716366702e-01
2.7752091098e-01
2.7788202955e-01
2.7815140796e-01
2.7842290629e-01
2.7869652584e-01
2.7897226765e-01
2.7919887405e-01
2.7942689467e-01
2.7965632952e-01
2.7988717835e-01
2.8008857661e-01
2.8029103786e-01
2.8049456123e-01
2.8069914552e-01
2.8089265334e-01
2.8108709781e-01
2.8128247687e-01
2.8147878800e-01
2.8171725777e-01
2.8195707755e-01
2.8219823913e-01
2.8244073249e-01
2.8263861811e-01
2.8283736628e-01
2.8303696813e-01
2.8323741348e-01
2.8342426482e-01
2.8361182273e-01
2.8380007538e-01
2.8398900955e-01
2.8416594173e-01
2.8434344164e-01
2.8452149489e-01
2.8470008581e-01
2.8496952172e-01
2.8524007037e-01
2.8551166115e-01
2.8578421633e-01
2.8597065899e-01
2.8615748242e-01
2.8634465651e-01
2.8653214978e-01
2.8673200199e-01
2.8693213768e-01
2.8713251455e-01
2.8733308912e-01
2.8755924692e-01
2.8778553397e-01
2.8801188408e-01
2.8823823023e-01
2.8849173613e-01
2.8874505694e-01
2.8899809757e-01
2.8925076353e-01
2.8950382994e-01
2.8975633215e-01
2.9000817915e-01
2.9025928214e-01
2.9051429013e-01
2.9076834750e-01
2.9102136894e-01
2.9127327240e-01
2.9154752205e-01
2.9182024104e-01
2.9209133633e-01
2.9236072001e-01
2.9267080509e-01
2.9297835776e-01
2.9328326658e-01
2.9358542891e-01
2.9396408329e-01
2.9433800789e-01
2.9470704973e-01
2.9507107434e-01
2.9547296659e-01
2.9586826831e-01
2.9625686110e-01
2.9663864735e-01
2.9705229957e-01
2.9745747149e-01
2.9785410277e-01
2.9824215249e-01
2.9862060432e-01
2.9899048746e-01
2.9935180560e-01
2.9970457339e-01
3.0007585578e-01
3.0043724122e-01
3.0078877944e-01
3.0113052771e-01
3.0150101929e-01
3.0185945416e-01
3.0220593390e-01
3.0254056446e-01
3.0291127003e-01
3.0326658537e-01
3.0360668096e-01
3.0393172700e-01
3.0429921319e-01
3.0464589866e-01
3.0497205468e-01
3.0527794305e-01
3.0563031765e-01
3.0595221480e-01
3.0624405886e-01
3.0650624077e-01
3.0680063056e-01
3.0704712943e-01
3.0724630494e-01
3.0739861985e-01
3.0751322309e-01
3.0757088304e-01
3.0757176708e-01
3.0751587779e-01
3.0743215340e-01
3.0731321475e-01
3.0715885043e-01
3.0696878746e-01
3.0678654662e-01
3.0657998549e-01
3.0634886500e-01
3.0609292026e-01
3.0585712113e-01
3.0560320730e-01
3.0533097844e-01
3.0504022299e-01
3.0477334773e-01
3.0449226789e-01
3.0419682858e-01
3.0388687066e-01
3.0360068612e-01
3.0330291790e-01
3.0299345110e-01
3.0267217055e-01
3.0237224922e-01
3.0206254635e-01
3.0174298057e-01
3.0141347296e-01
3.0110035755e-01
3.0077864665e-01
3.0044828788e-01
3.0010923371e-01
2.9977354151e-01
2.9942967083e-01
2.9907759740e-01
2.9871730530e-01
2.9832645770e-01
2.9792637696e-01
2.9751708610e-01
2.9709862727e-01
2.9675422141e-01
2.9640392908e-01
2.9604780757e-01
2.9568592722e-01
2.9536654739e-01
2.9504293994e-01
2.9471518012e-01
2.9438335370e-01
2.9410628036e-01
2.9382655954e-01
2.9354425800e-01
2.9325944866e-01
2.9300151217e-01
2.9274167781e-01
2.9248001222e-01
2.9221658660e-01
2.9197135253e-01
2.9172474040e-01
2.9147681743e-01
2.9122765431e-01
2.9098184643e-01
2.9073498765e-01
2.9048715447e-01
2.9023842633e-01
2.8997587729e-01
2.8971252774e-01
2.8944847948e-01
2.8918383688e-01
2.8896286466e-01
2.8874161607e-01
2.8852015429e-01
2.8829854287e-01
2.8808934938e-01
2.8788013279e-01
2.8767094622e-01
2.8746184226e-01
2.8727472064e-01
2.8708774352e-01
2.8690094680e-01
2.8671436559e-01
2.8651507025e-01
2.8631610100e-01
2.8611749683e-01
2.8591929508e-01
2.8572676553e-01
2.8553468236e-01
2.8534307509e-01
2.8515197153e-01
2.8497288561e-01
2.8479428763e-01
2.8461619642e-01
2.8443862945e-01
2.8424823373e-01
2.8405848167e-01
2.8386939009e-01
2.8368097420e-01
2.8347073954e-01
2.8326138704e-01
2.8305293182e-01
2.8284538716e-01
2.8263744051e-01
2.8243043799e-01
2.8222438838e-01
2.8201929917e-01
2.8181812621e-01
2.8161789735e-01
2.8141861692e-01
2.8122028852e-01
2.8100069205e-01
2.8078228175e-01
2.8056506025e-01
2.8034902960e-01
2.8006345562e-01
2.7977999485e-01
2.7949864880e-01
2.7921941815e-01
2.7883915889e-01
2.7846289302e-01
2.7809061808e-01
2.7772233077e-01
2.7739010121e-01
2.7706117839e-01
2.7673555892e-01
2.7641323929e-01
2.7605996601e-01
2.7571073435e-01
2.7536553939e-01
2.7502437619e-01
2.7462445730e-01
2.7423020922e-01
2.7384162387e-01
2.7345869328e-01
2.7297953482e-01
2.7250950576e-01
2.7204859037e-01
2.7159677327e-01
2.7097972904e-01
2.7038043324e-01
2.6979884661e-01
2.6923493106e-01
2.6835721848e-01
2.6752580520e-01
2.6674054778e-01
2.6600131075e-01
2.6467353721e-01
2.6352460706e-01
2.6255374394e-01
2.6176029180e-01
2.6114370385e-01
2.6070358126e-01
2.6043962661e-01
2.6035166154e-01
