3.0576768214e-01
3.0576780096e-01
3.0576815736e-01
3.0576875114e-01
3.0576958199e-01
3.0577059830e-01
3.0577183068e-01
3.0577327854e-01
3.0577494118e-01
3.0577662048e-01
3.0577847243e-01
3.0578049630e-01
3.0578269128e-01
3.0578492764e-01
3.0578731599e-01
3.0578985547e-01
3.0579254518e-01
3.0579522475e-01
3.0579803681e-01
3.0580098047e-01
3.0580405476e-01
3.0580715729e-01
3.0581038060e-01
3.0581372371e-01
3.0581718560e-01
3.0582070985e-01
3.0582434721e-01
3.0582809660e-01
3.0583195689e-01
3.0583592991e-01
3.0584001163e-01
3.0584420083e-01
3.0584849624e-01
3.0585299342e-01
3.0585759869e-01
3.0586231058e-01
3.0586712758e-01
3.0587238490e-01
3.0587775837e-01
3.0588324601e-01
3.0588884579e-01
3.0589543767e-01
3.0590217259e-01
3.0590904725e-01
3.0591605825e-01
3.0592205213e-01
3.0592813772e-01
3.0593431287e-01
3.0594057543e-01
3.0594661313e-01
3.0595272604e-01
3.0595891218e-01
3.0596516958e-01
3.0597136576e-01
3.0597762646e-01
3.0598394977e-01
3.0599033374e-01
3.0599675648e-01
3.0600323557e-01
3.0600976902e-01
3.0601635482e-01
3.0602307536e-01
3.0602984539e-01
3.0603666278e-01
3.0604352536e-01
3.0605066595e-01
3.0605785014e-01
3.0606507551e-01
3.0607233962e-01
3.0607993209e-01
3.0608756105e-01
3.0609522371e-01
3.0610291730e-01
3.0611096725e-01
3.0611904460e-01
3.0612714617e-01
3.0613526878e-01
3.0614343577e-01
3.0615161751e-01
3.0615981078e-01
3.0616801235e-01
3.0617610609e-01
3.0618420170e-01
3.0619229610e-01
3.0620038623e-01
3.0620859317e-01
3.0621678936e-01
3.0622497163e-01
3.0623313680e-01
3.0624158239e-01
3.0625000272e-01
3.0625839432e-01
3.0626675374e-01
3.0627576877e-01
3.0628473771e-01
3.0629365628e-01
3.0630252022e-01
3.0631482703e-01
3.0632700724e-01
3.0633904967e-01
3.0635094330e-01
3.0635975224e-01
3.0636846706e-01
3.0637708338e-01
3.0638559684e-01
3.0639364032e-01
3.0640158210e-01
3.0640941859e-01
3.0641714623e-01
3.0642468804e-01
3.0643211637e-01
3.0643942795e-01
3.0644661960e-01
3.0645371646e-01
3.0646068615e-01
3.0646752565e-01
3.0647423199e-01
3.0648088864e-01
3.0648740265e-01
3.0649377117e-01
3.0649999141e-01
3.0650618420e-01
3.0651221689e-01
3.0651808677e-01
3.0652379120e-01
3.0652947557e-01
3.0653498002e-01
3.0654030196e-01
3.0654543890e-01
3.0655055142e-01
3.0655546122e-01
3.0656016586e-01
3.0656466303e-01
3.0656912066e-01
3.0657334882e-01
3.0657734526e-01
3.0658110787e-01
3.0658480584e-01
3.0658824154e-01
3.0659141298e-01
3.0659431834e-01
3.0659712532e-01
3.0659962511e-01
3.0660181606e-01
3.0660369674e-01
3.0660543421e-01
3.0660677905e-01
3.0660773014e-01
3.0660828673e-01
3.0660844983e-01
3.0660826624e-01
3.0660773607e-01
3.0660685971e-01
3.0660574042e-01
3.0660432567e-01
3.0660261635e-01
3.0660061350e-01
3.0659844768e-01
3.0659602102e-01
3.0659333485e-01
3.0659039067e-01
3.0658733230e-01
3.0658404060e-01
3.0658051723e-01
3.0657676402e-01
3.0657292971e-01
3.0656888538e-01
3.0656463298e-01
3.0656017456e-01
3.0655565570e-01
3.0655094712e-01
3.0654605099e-01
3.0654096953e-01
3.0653583668e-01
3.0653053198e-01
3.0652505778e-01
3.0651941649e-01
3.0651372054e-01
3.0650786852e-01
3.0650186297e-01
3.0649570648e-01
3.0648947617e-01
3.0648310366e-01
3.0647659169e-01
3.0646994304e-01
3.0646317641e-01
3.0645627948e-01
3.0644925522e-01
3.0644210668e-01
3.0643474080e-01
3.0642725384e-01
3.0641964917e-01
3.0641193023e-01
3.0640368636e-01
3.0639532393e-01
3.0638684720e-01
3.0637826047e-01
3.0636865082e-01
3.0635891829e-01
3.0634906902e-01
3.0633910924e-01
3.0633057747e-01
3.0632197465e-01
3.0631330474e-01
3.0630457176e-01
3.0629635201e-01
3.0628808402e-01
3.0627977118e-01
3.0627141692e-01
3.0626333737e-01
3.0625522571e-01
3.0624708506e-01
3.0623891858e-01
3.0623088055e-01
3.0622282368e-01
3.0621475099e-01
3.0620666553e-01
3.0619851838e-01
3.0619036449e-01
3.0618220701e-01
3.0617404908e-01
3.0616571229e-01
3.0615738167e-01
3.0614906062e-01
3.0614075250e-01
3.0613292394e-01
3.0612511275e-01
3.0611732179e-01
3.0610955388e-01
3.0610202699e-01
3.0609452715e-01
3.0608705697e-01
3.0607961903e-01
3.0607250997e-01
3.0606543527e-01
3.0605839719e-01
3.0605139797e-01
3.0604455846e-01
3.0603776076e-01
3.0603100699e-01
3.0602429924e-01
3.0601764960e-01
3.0601104995e-01
3.0600450232e-01
3.0599800872e-01
3.0599147103e-01
3.0598499320e-01
3.0597857730e-01
3.0597222535e-01
3.0596566047e-01
3.0595916984e-01
3.0595275568e-01
3.0594642021e-01
3.0593930705e-01
3.0593230183e-01
3.0592540765e-01
3.0591862758e-01
3.0591234476e-01
3.0590616842e-01
3.0590010096e-01
3.0589414476e-01
3.0588873688e-01
3.0588342795e-01
3.0587821973e-01
3.0587311395e-01
3.0586825578e-01
3.0586349730e-01
3.0585883997e-01
3.0585428522e-01
3.0584986312e-01
3.0584554499e-01
3.0584133216e-01
3.0583722588e-01
3.0583318599e-01
3.0582925740e-01
3.0582544133e-01
3.0582173893e-01
3.0581805381e-01
3.0581449111e-01
3.0581105195e-01
3.0580773745e-01
3.0580438959e-01
3.0580118174e-01
3.0579811502e-01
3.0579519049e-01
3.0579224092e-01
3.0578945409e-01
3.0578683109e-01
3.0578437294e-01
3.0578176199e-01
3.0577936974e-01
3.0577719741e-01
3.0577524609e-01
3.0577347711e-01
3.0577194210e-01
3.0577064188e-01
3.0576957712e-01
3.0576874840e-01
3.0576815614e-01
3.0576780066e-01
3.0576768214e-01
