3.1382042828e-01
3.1382039433e-01
3.1382029253e-01
3.1382012293e-01
3.1381988562e-01
3.1381958927e-01
3.1381922889e-01
3.1381880468e-01
3.1381831689e-01
3.1381776680e-01
3.1381715394e-01
3.1381647865e-01
3.1381574132e-01
3.1381492338e-01
3.1381404146e-01
3.1381309608e-01
3.1381208781e-01
3.1381092913e-01
3.1380969861e-01
3.1380839713e-01
3.1380702559e-01
3.1380559944e-01
3.1380410651e-01
3.1380254782e-01
3.1380092446e-01
3.1379937422e-01
3.1379777104e-01
3.1379611586e-01
3.1379440964e-01
3.1379273949e-01
3.1379102492e-01
3.1378926682e-01
3.1378746613e-01
3.1378565734e-01
3.1378380933e-01
3.1378192304e-01
3.1377999945e-01
3.1377784306e-01
3.1377564412e-01
3.1377340401e-01
3.1377112414e-01
3.1376911548e-01
3.1376707891e-01
3.1376501539e-01
3.1376292591e-01
3.1376092612e-01
3.1375890482e-01
3.1375686287e-01
3.1375480111e-01
3.1375278756e-01
3.1375075709e-01
3.1374871051e-01
3.1374664863e-01
3.1374462163e-01
3.1374258160e-01
3.1374052934e-01
3.1373846562e-01
3.1373642713e-01
3.1373437910e-01
3.1373232229e-01
3.1373025744e-01
3.1372821047e-01
3.1372615715e-01
3.1372409823e-01
3.1372203447e-01
3.1371998135e-01
3.1371792493e-01
3.1371586595e-01
3.1371380515e-01
3.1371174673e-01
3.1370968798e-01
3.1370762963e-01
3.1370557244e-01
3.1370350539e-01
3.1370144101e-01
3.1369938005e-01
3.1369732328e-01
3.1369522679e-01
3.1369313625e-01
3.1369105247e-01
3.1368897625e-01
3.1368691681e-01
3.1368486644e-01
3.1368282593e-01
3.1368079605e-01
3.1367879869e-01
3.1367681325e-01
3.1367484049e-01
3.1367288113e-01
3.1367092729e-01
3.1366898846e-01
3.1366706539e-01
3.1366515881e-01
3.1366323424e-01
3.1366132829e-01
3.1365944173e-01
3.1365757530e-01
3.1365564691e-01
3.1365374215e-01
3.1365186186e-01
3.1365000686e-01
3.1364782547e-01
3.1364568266e-01
3.1364357975e-01
3.1364151807e-01
3.1363982048e-01
3.1363815357e-01
3.1363651809e-01
3.1363491475e-01
3.1363344055e-01
3.1363199583e-01
3.1363058115e-01
3.1362919706e-01
3.1362789194e-01
3.1362661622e-01
3.1362537038e-01
3.1362415487e-01
3.1362299749e-01
3.1362186986e-01
3.1362077236e-01
3.1361970538e-01
3.1361868493e-01
3.1361769477e-01
3.1361673522e-01
3.1361580661e-01
3.1361491726e-01
3.1361405889e-01
3.1361323178e-01
3.1361243622e-01
3.1361167499e-01
3.1361094560e-01
3.1361024829e-01
3.1360958328e-01
3.1360894927e-01
3.1360834816e-01
3.1360778014e-01
3.1360724540e-01
3.1360673952e-01
3.1360626791e-01
3.1360583072e-01
3.1360542811e-01
3.1360505299e-01
3.1360471416e-01
3.1360441173e-01
3.1360414583e-01
3.1360390703e-01
3.1360370833e-01
3.1360354978e-01
3.1360343147e-01
3.1360335221e-01
3.1360331498e-01
3.1360331980e-01
3.1360336667e-01
3.1360344941e-01
3.1360356951e-01
3.1360372695e-01
3.1360392166e-01
3.1360414775e-01
3.1360440926e-01
3.1360470609e-01
3.1360503815e-01
3.1360540088e-01
3.1360579780e-01
3.1360622877e-01
3.1360669365e-01
3.1360719015e-01
3.1360771996e-01
3.1360828291e-01
3.1360887881e-01
3.1360950866e-01
3.1361017118e-01
3.1361086615e-01
3.1361159335e-01
3.1361235843e-01
3.1361315573e-01
3.1361398497e-01
3.1361484589e-01
3.1361575087e-01
3.1361668780e-01
3.1361765637e-01
3.1361865623e-01
3.1361971027e-01
3.1362079628e-01
3.1362191386e-01
3.1362306262e-01
3.1362428414e-01
3.1362553816e-01
3.1362682420e-01
3.1362814176e-01
3.1362958220e-01
3.1363105736e-01
3.1363256658e-01
3.1363410920e-01
3.1363599530e-01
3.1363792697e-01
3.1363990301e-01
3.1364192220e-01
3.1364366652e-01
3.1364544018e-01
3.1364724237e-01
3.1364907230e-01
3.1365084272e-01
3.1365263693e-01
3.1365445419e-01
3.1365629379e-01
3.1365811630e-01
3.1365995882e-01
3.1366182064e-01
3.1366370105e-01
3.1366558668e-01
3.1366748923e-01
3.1366940797e-01
3.1367134218e-01
3.1367330578e-01
3.1367528360e-01
3.1367727486e-01
3.1367927882e-01
3.1368133555e-01
3.1368340387e-01
3.1368548297e-01
3.1368757203e-01
3.1368960369e-01
3.1369164315e-01
3.1369368968e-01
3.1369574250e-01
3.1369778513e-01
3.1369983248e-01
3.1370188380e-01
3.1370393835e-01
3.1370599624e-01
3.1370805587e-01
3.1371011651e-01
3.1371217740e-01
3.1371425058e-01
3.1371632252e-01
3.1371839245e-01
3.1372045963e-01
3.1372254695e-01
3.1372462990e-01
3.1372670771e-01
3.1372877962e-01
3.1373087981e-01
3.1373297230e-01
3.1373505628e-01
3.1373713095e-01
3.1373924400e-01
3.1374134562e-01
3.1374343500e-01
3.1374551128e-01
3.1374764123e-01
3.1374975543e-01
3.1375185300e-01
3.1375393304e-01
3.1375610566e-01
3.1375825682e-01
3.1376038551e-01
3.1376249073e-01
3.1376473079e-01
3.1376694127e-01
3.1376912099e-01
3.1377126877e-01
3.1377334313e-01
3.1377538458e-01
3.1377739207e-01
3.1377936455e-01
3.1378133372e-01
3.1378326458e-01
3.1378515611e-01
3.1378700729e-01
3.1378891247e-01
3.1379077068e-01
3.1379258083e-01
3.1379434185e-01
3.1379619784e-01
3.1379799337e-01
3.1379972720e-01
3.1380139812e-01
3.1380300375e-01
3.1380454432e-01
3.1380601878e-01
3.1380742611e-01
3.1380867758e-01
3.1380986904e-01
3.1381099979e-01
3.1381206916e-01
3.1381305668e-01
3.1381398410e-01
3.1381485090e-01
3.1381565660e-01
3.1381640223e-01
3.1381708561e-01
3.1381770633e-01
3.1381826405e-01
3.1381877004e-01
3.1381920919e-01
3.1381958122e-01
3.1381988592e-01
3.1382012309e-01
3.1382029261e-01
3.1382039435e-01
3.1382042828e-01
