6.7712893503e-05
7.0733734663e-05
8.0060321592e-05
9.6524451713e-05
1.2160095974e-04
1.5003955710e-04
1.8739868825e-04
2.3590224759e-04
2.9844039565e-04
3.6474540115e-04
4.4642266924e-04
5.4691390783e-04
6.7045386283e-04
7.9982063752e-04
9.5433215343e-04
1.1388345765e-03
1.3591102271e-03
1.5892517983e-03
1.8583558347e-03
2.1729814527e-03
2.5407833892e-03
2.9269883249e-03
3.3716939101e-03
3.8836870309e-03
4.4730509499e-03
5.1033116194e-03
5.8217761220e-03
6.6406090949e-03
7.5735980049e-03
8.6621442113e-03
9.9052999845e-03
1.1324467002e-02
1.2943833877e-02
1.4552847665e-02
1.6357929902e-02
1.8381937333e-02
2.0650113562e-02
2.2867591293e-02
2.5315803404e-02
2.8017084083e-02
3.0995545638e-02
3.3716494866e-02
3.6665333041e-02
3.9859122876e-02
4.3315829062e-02
4.6609039357e-02
5.0136482932e-02
5.3912248601e-02
5.7950861318e-02
6.1956659767e-02
6.6215042037e-02
7.0738422310e-02
7.5539315757e-02
8.0538659592e-02
8.5829828063e-02
9.1424473259e-02
9.7333968346e-02
1.0546564934e-01
1.1416525311e-01
1.2345314958e-01
1.3334711520e-01
1.4117979711e-01
1.4936698621e-01
1.5791212094e-01
1.6681714448e-01
1.7548710038e-01
1.8447212334e-01
1.9376964174e-01
2.0337558585e-01
2.1269560252e-01
2.2227802439e-01
2.3211561758e-01
2.4219989314e-01
2.5241603618e-01
2.6285377894e-01
2.7350140622e-01
2.8434615156e-01
2.9704693940e-01
3.0996794717e-01
3.2308544088e-01
3.3637454308e-01
3.4875602758e-01
3.6124071877e-01
3.7380758762e-01
3.8643545870e-01
3.9855024317e-01
4.1068309026e-01
4.2281590319e-01
4.3493096100e-01
4.4769868809e-01
4.6040763358e-01
4.7303894525e-01
4.8557467558e-01
4.9985714364e-01
5.1396652079e-01
5.2788057489e-01
5.4157902445e-01
5.5531491653e-01
5.6878996444e-01
5.8198894275e-01
5.9489867579e-01
6.1161089376e-01
6.2777007414e-01
6.4336050343e-01
6.5837153491e-01
6.7020236330e-01
6.8164105384e-01
6.9268803187e-01
7.0334521659e-01
7.1379246452e-01
7.2384419969e-01
7.3350619671e-01
7.4278518406e-01
7.5240360062e-01
7.6159282668e-01
7.7036408607e-01
7.7872921519e-01
7.8718640236e-01
7.9521415798e-01
8.0282795245e-01
8.1004341324e-01
8.1773916218e-01
8.2496856948e-01
8.3175391136e-01
8.3811708994e-01
8.4541583006e-01
8.5214389169e-01
8.5833878329e-01
8.6403640350e-01
8.6974366242e-01
8.7493845250e-01
8.7966068521e-01
8.8394774273e-01
8.8894711044e-01
8.9333541406e-01
8.9717731936e-01
9.0053108742e-01
9.0302802631e-01
9.0524103354e-01
9.0719588904e-01
9.0891579126e-01
9.1044949194e-01
9.1177993317e-01
9.1292436871e-01
9.1389784942e-01
9.1475901611e-01
9.1545501980e-01
9.1599655321e-01
9.1639200610e-01
9.1665228562e-01
9.1676967285e-01
9.1674610979e-01
9.1658120554e-01
9.1629984147e-01
9.1589078347e-01
9.1534827624e-01
9.1466473707e-01
9.1385626349e-01
9.1289515747e-01
9.1176910027e-01
9.1046383760e-01
9.0890244065e-01
9.0710985789e-01
9.0506275461e-01
9.0273496075e-01
9.0028740187e-01
8.9754466173e-01
8.9447805600e-01
8.9105619858e-01
8.8764018831e-01
8.8388086872e-01
8.7974909422e-01
8.7521361968e-01
8.7085593620e-01
8.6613463544e-01
8.6102413597e-01
8.5549754161e-01
8.5047513888e-01
8.4511685377e-01
8.3940429876e-01
8.3331851971e-01
8.2747605596e-01
8.2129757543e-01
8.1476810472e-01
8.0787248474e-01
8.0102266997e-01
7.9382102753e-01
7.8625478482e-01
7.7831130595e-01
7.7055644436e-01
7.6245324973e-01
7.5399228331e-01
7.4516454664e-01
7.3611947585e-01
7.2670426347e-01
7.1691223072e-01
7.0673755987e-01
6.9506377621e-01
6.8291362499e-01
6.7028419937e-01
6.5717480350e-01
6.4557706703e-01
6.3363183756e-01
6.2134345808e-01
6.0871802430e-01
5.9673485874e-01
5.8447742253e-01
5.7195512863e-01
5.5917901029e-01
5.4671397341e-01
5.3404032819e-01
5.2117221538e-01
5.0812526348e-01
4.9627839218e-01
4.8431462466e-01
4.7224825223e-01
4.6009444945e-01
4.4785948462e-01
4.3556982101e-01
4.2324298644e-01
4.1089712317e-01
3.9656130570e-01
3.8225492237e-01
3.6800834053e-01
3.5385212697e-01
3.4161399491e-01
3.2948758505e-01
3.1749244280e-01
3.0564757557e-01
2.9448092190e-01
2.8348368741e-01
2.7267037551e-01
2.6205459643e-01
2.5059407730e-01
2.3940447756e-01
2.2849959323e-01
2.1789150702e-01
2.0733050581e-01
1.9710177059e-01
1.8721254355e-01
1.7766814975e-01
1.6720437701e-01
1.5719622573e-01
1.4764321125e-01
1.3854225810e-01
1.3045930264e-01
1.2275856448e-01
1.1543261223e-01
1.0847280756e-01
1.0197169192e-01
9.5805782921e-02
8.9964420736e-02
8.4436442258e-02
7.8904679698e-02
7.3698179982e-02
6.8802720608e-02
6.4204032481e-02
5.9341236164e-02
5.4819792772e-02
5.0619807832e-02
4.6721916650e-02
4.2278684854e-02
3.8237201153e-02
3.4565016776e-02
3.1231565140e-02
2.7758650136e-02
2.4660052499e-02
2.1897968102e-02
1.9437855107e-02
1.7068498548e-02
1.4982699712e-02
1.3147735695e-02
1.1534372928e-02
1.0102094938e-02
8.8458008178e-03
7.7443022352e-03
6.7788578961e-03
5.8630816298e-03
5.0702993646e-03
4.3841738935e-03
3.7904914977e-03
3.2153893226e-03
2.7273052972e-03
2.3131477015e-03
1.9617748098e-03
1.6180055105e-03
1.3344810963e-03
1.1006815106e-03
9.0792032517e-04
7.1873079767e-04
5.6923376983e-04
4.5117350901e-04
3.5803094754e-04
2.6884825583e-04
2.0302541507e-04
1.5482856210e-04
1.2006708642e-04
9.5740170680e-05
7.9735266894e-05
7.0655806403e-05
6.7712902837e-05
