0.0000000000e+00
5.2104708350e-03
1.0420941670e-02
1.5631412505e-02
2.0841883340e-02
2.5066399845e-02
2.9290916349e-02
3.3515432854e-02
3.7739949358e-02
4.0972471232e-02
4.4204993105e-02
4.7437514979e-02
5.0670036852e-02
5.3496722495e-02
5.6323408138e-02
5.9150093781e-02
6.1976779423e-02
6.4685374492e-02
6.7393969560e-02
7.0102564629e-02
7.2811159697e-02
7.5863630856e-02
7.8916102015e-02
8.1968573174e-02
8.5021044333e-02
8.7564769507e-02
9.0108494681e-02
9.2652219855e-02
9.5195945029e-02
9.7538146299e-02
9.9880347570e-02
1.0222254884e-01
1.0456475011e-01
1.0693490688e-01
1.0930506365e-01
1.1167522043e-01
1.1404537720e-01
1.1657565300e-01
1.1910592880e-01
1.2163620460e-01
1.2416648040e-01
1.2654197459e-01
1.2891746877e-01
1.3129296295e-01
1.3366845714e-01
1.3630425133e-01
1.3894004552e-01
1.4157583971e-01
1.4421163390e-01
1.4704097149e-01
1.4987030909e-01
1.5269964669e-01
1.5552898429e-01
1.5885762048e-01
1.6218625667e-01
1.6551489285e-01
1.6884352904e-01
1.7206914601e-01
1.7529476298e-01
1.7852037995e-01
1.8174599692e-01
1.8509700082e-01
1.8844800472e-01
1.9179900862e-01
1.9515001252e-01
1.9892275285e-01
2.0269549318e-01
2.0646823351e-01
2.1024097384e-01
2.1469795911e-01
2.1915494438e-01
2.2361192965e-01
2.2806891492e-01
2.3346921239e-01
2.3886950987e-01
2.4426980735e-01
2.4967010482e-01
2.5484047528e-01
2.6001084574e-01
2.6518121620e-01
2.7035158666e-01
2.7488729153e-01
2.7942299639e-01
2.8395870126e-01
2.8849440612e-01
2.9239446499e-01
2.9629452387e-01
3.0019458274e-01
3.0409464162e-01
3.0753574356e-01
3.1097684551e-01
3.1441794746e-01
3.1785904940e-01
3.2106772181e-01
3.2427639421e-01
3.2748506662e-01
3.3069373902e-01
3.3435950308e-01
3.3802526713e-01
3.4169103118e-01
3.4535679523e-01
3.4840215590e-01
3.5144751657e-01
3.5449287724e-01
3.5753823791e-01
3.6029002470e-01
3.6304181148e-01
3.6579359827e-01
3.6854538505e-01
3.7099742225e-01
3.7344945946e-01
3.7590149666e-01
3.7835353387e-01
3.8081360477e-01
3.8327367567e-01
3.8573374658e-01
3.8819381748e-01
3.9066954378e-01
3.9314527008e-01
3.9562099638e-01
3.9809672268e-01
4.0044908272e-01
4.0280144276e-01
4.0515380280e-01
4.0750616285e-01
4.0994327443e-01
4.1238038601e-01
4.1481749760e-01
4.1725460918e-01
4.2010378879e-01
4.2295296839e-01
4.2580214800e-01
4.2865132760e-01
4.3145145428e-01
4.3425158096e-01
4.3705170763e-01
4.3985183431e-01
4.4264487755e-01
4.4543792078e-01
4.4823096401e-01
4.5102400725e-01
4.5420647938e-01
4.5738895151e-01
4.6057142364e-01
4.6375389577e-01
4.6826946733e-01
4.7278503889e-01
4.7730061045e-01
4.8181618201e-01
4.8749296327e-01
4.9316974453e-01
4.9884652579e-01
5.0452330705e-01
5.0879851256e-01
5.1307371806e-01
5.1734892356e-01
5.2162412906e-01
5.2483636653e-01
5.2804860401e-01
5.3126084148e-01
5.3447307895e-01
5.3730329000e-01
5.4013350105e-01
5.4296371210e-01
5.4579392315e-01
5.4856800622e-01
5.5134208930e-01
5.5411617237e-01
5.5689025545e-01
5.5965817091e-01
5.6242608637e-01
5.6519400183e-01
5.6796191729e-01
5.7051426302e-01
5.7306660875e-01
5.7561895448e-01
5.7817130021e-01
5.8051861798e-01
5.8286593574e-01
5.8521325351e-01
5.8756057128e-01
5.8998330196e-01
5.9240603264e-01
5.9482876332e-01
5.9725149400e-01
5.9971026454e-01
6.0216903508e-01
6.0462780562e-01
6.0708657615e-01
6.0948329574e-01
6.1188001532e-01
6.1427673490e-01
6.1667345448e-01
6.1943871634e-01
6.2220397819e-01
6.2496924004e-01
6.2773450190e-01
6.3069232220e-01
6.3365014250e-01
6.3660796280e-01
6.3956578310e-01
6.4275561833e-01
6.4594545357e-01
6.4913528880e-01
6.5232512403e-01
6.5554398624e-01
6.5876284845e-01
6.6198171066e-01
6.6520057287e-01
6.6858853764e-01
6.7197650240e-01
6.7536446717e-01
6.7875243194e-01
6.8258079779e-01
6.8640916365e-01
6.9023752950e-01
6.9406589536e-01
6.9857232288e-01
7.0307875041e-01
7.0758517793e-01
7.1209160546e-01
7.1779103401e-01
7.2349046257e-01
7.2918989112e-01
7.3488931968e-01
7.4015319831e-01
7.4541707693e-01
7.5068095556e-01
7.5594483419e-01
7.6034133317e-01
7.6473783214e-01
7.6913433112e-01
7.7353083009e-01
7.7734834622e-01
7.8116586236e-01
7.8498337849e-01
7.8880089462e-01
7.9219608659e-01
7.9559127856e-01
7.9898647052e-01
8.0238166249e-01
8.0557057965e-01
8.0875949680e-01
8.1194841395e-01
8.1513733110e-01
8.1860338154e-01
8.2206943197e-01
8.2553548241e-01
8.2900153284e-01
8.3203661514e-01
8.3507169744e-01
8.3810677974e-01
8.4114186203e-01
8.4382140445e-01
8.4650094687e-01
8.4918048929e-01
8.5186003171e-01
8.5428419485e-01
8.5670835798e-01
8.5913252112e-01
8.6155668425e-01
8.6408241601e-01
8.6660814776e-01
8.6913387951e-01
8.7165961126e-01
8.7410611587e-01
8.7655262048e-01
8.7899912509e-01
8.8144562970e-01
8.8379225517e-01
8.8613888064e-01
8.8848550611e-01
8.9083213158e-01
8.9329834084e-01
8.9576455011e-01
8.9823075937e-01
9.0069696864e-01
9.0375225025e-01
9.0680753186e-01
9.0986281346e-01
9.1291809507e-01
9.1585135351e-01
9.1878461194e-01
9.2171787037e-01
9.2465112881e-01
9.2748416576e-01
9.3031720272e-01
9.3315023968e-01
9.3598327664e-01
9.3936650868e-01
9.4274974073e-01
9.4613297278e-01
9.4951620483e-01
9.5519396162e-01
9.6087171841e-01
9.6654947520e-01
9.7222723199e-01
9.7917042399e-01
9.8611361599e-01
9.9305680800e-01
1.0000000000e+00
