0.0000000000e+00
2.9583666305e-03
5.9167332610e-03
8.8750998916e-03
1.1833466522e-02
1.4702172666e-02
1.7570878810e-02
2.0439584954e-02
2.3308291098e-02
2.6137608958e-02
2.8966926817e-02
3.1796244676e-02
3.4625562536e-02
3.7443145995e-02
4.0260729455e-02
4.3078312914e-02
4.5895896373e-02
4.8724494611e-02
5.1553092849e-02
5.4381691086e-02
5.7210289324e-02
6.0074007224e-02
6.2937725123e-02
6.5801443023e-02
6.8665160922e-02
7.1596672131e-02
7.4528183340e-02
7.7459694549e-02
8.0391205757e-02
8.3450398845e-02
8.6509591933e-02
8.9568785020e-02
9.2627978108e-02
9.5990957554e-02
9.9353937001e-02
1.0271691645e-01
1.0607989589e-01
1.0951128912e-01
1.1294268234e-01
1.1637407556e-01
1.1980546879e-01
1.2292733108e-01
1.2604919337e-01
1.2917105566e-01
1.3229291796e-01
1.3530237489e-01
1.3831183182e-01
1.4132128875e-01
1.4433074568e-01
1.4729170393e-01
1.5025266217e-01
1.5321362042e-01
1.5617457866e-01
1.5912824871e-01
1.6208191875e-01
1.6503558880e-01
1.6798925884e-01
1.7098049261e-01
1.7397172638e-01
1.7696296015e-01
1.7995419391e-01
1.8299723931e-01
1.8604028471e-01
1.8908333010e-01
1.9212637550e-01
1.9512631053e-01
1.9812624556e-01
2.0112618059e-01
2.0412611562e-01
2.0714490902e-01
2.1016370241e-01
2.1318249581e-01
2.1620128920e-01
2.1927760649e-01
2.2235392377e-01
2.2543024105e-01
2.2850655834e-01
2.3169887853e-01
2.3489119871e-01
2.3808351890e-01
2.4127583909e-01
2.4486361731e-01
2.4845139552e-01
2.5203917374e-01
2.5562695196e-01
2.5894552825e-01
2.6226410455e-01
2.6558268085e-01
2.6890125715e-01
2.7221341599e-01
2.7552557484e-01
2.7883773368e-01
2.8214989253e-01
2.8551572793e-01
2.8888156334e-01
2.9224739874e-01
2.9561323415e-01
2.9908618495e-01
3.0255913576e-01
3.0603208657e-01
3.0950503737e-01
3.1316985168e-01
3.1683466598e-01
3.2049948029e-01
3.2416429459e-01
3.2827834101e-01
3.3239238742e-01
3.3650643384e-01
3.4062048025e-01
3.4471361735e-01
3.4880675445e-01
3.5289989156e-01
3.5699302866e-01
3.6080465956e-01
3.6461629046e-01
3.6842792135e-01
3.7223955225e-01
3.7595507064e-01
3.7967058903e-01
3.8338610743e-01
3.8710162582e-01
3.9078463056e-01
3.9446763531e-01
3.9815064006e-01
4.0183364480e-01
4.0551932347e-01
4.0920500215e-01
4.1289068082e-01
4.1657635949e-01
4.2029001145e-01
4.2400366340e-01
4.2771731535e-01
4.3143096731e-01
4.3519540727e-01
4.3895984722e-01
4.4272428718e-01
4.4648872714e-01
4.5033041352e-01
4.5417209989e-01
4.5801378626e-01
4.6185547264e-01
4.6582150362e-01
4.6978753459e-01
4.7375356557e-01
4.7771959654e-01
4.8197303660e-01
4.8622647666e-01
4.9047991671e-01
4.9473335677e-01
4.9884489930e-01
5.0295644184e-01
5.0706798437e-01
5.1117952690e-01
5.1510118718e-01
5.1902284746e-01
5.2294450774e-01
5.2686616801e-01
5.3068454886e-01
5.3450292971e-01
5.3832131056e-01
5.4213969140e-01
5.4588969495e-01
5.4963969851e-01
5.5338970206e-01
5.5713970561e-01
5.6084502227e-01
5.6455033894e-01
5.6825565561e-01
5.7196097228e-01
5.7564376514e-01
5.7932655801e-01
5.8300935088e-01
5.8669214375e-01
5.9037901123e-01
5.9406587871e-01
5.9775274619e-01
6.0143961367e-01
6.0517063296e-01
6.0890165224e-01
6.1263267153e-01
6.1636369081e-01
6.2022409705e-01
6.2408450329e-01
6.2794490953e-01
6.3180531576e-01
6.3616283287e-01
6.4052034998e-01
6.4487786709e-01
6.4923538420e-01
6.5314653657e-01
6.5705768895e-01
6.6096884133e-01
6.6487999371e-01
6.6848566959e-01
6.7209134547e-01
6.7569702135e-01
6.7930269722e-01
6.8275014947e-01
6.8619760171e-01
6.8964505395e-01
6.9309250620e-01
6.9644623086e-01
6.9979995553e-01
7.0315368019e-01
7.0650740486e-01
7.0981608712e-01
7.1312476939e-01
7.1643345165e-01
7.1974213392e-01
7.2307144784e-01
7.2640076177e-01
7.2973007569e-01
7.3305938961e-01
7.3650126816e-01
7.3994314671e-01
7.4338502526e-01
7.4682690380e-01
7.5000464343e-01
7.5318238305e-01
7.5636012268e-01
7.5953786231e-01
7.6261144172e-01
7.6568502113e-01
7.6875860055e-01
7.7183217996e-01
7.7485049548e-01
7.7786881100e-01
7.8088712652e-01
7.8390544204e-01
7.8690543306e-01
7.8990542409e-01
7.9290541511e-01
7.9590540613e-01
7.9894953028e-01
8.0199365444e-01
8.0503777859e-01
8.0808190274e-01
8.1107309078e-01
8.1406427881e-01
8.1705546685e-01
8.2004665489e-01
8.2300048043e-01
8.2595430598e-01
8.2890813152e-01
8.3186195707e-01
8.3482273862e-01
8.3778352017e-01
8.4074430172e-01
8.4370508328e-01
8.4671545904e-01
8.4972583480e-01
8.5273621056e-01
8.5574658632e-01
8.5888021091e-01
8.6201383550e-01
8.6514746009e-01
8.6828108467e-01
8.7179692221e-01
8.7531275974e-01
8.7882859727e-01
8.8234443480e-01
8.8565368276e-01
8.8896293071e-01
8.9227217867e-01
8.9558142662e-01
8.9863199465e-01
9.0168256267e-01
9.0473313070e-01
9.0778369873e-01
9.1071539494e-01
9.1364709115e-01
9.1657878736e-01
9.1951048357e-01
9.2237559363e-01
9.2524070369e-01
9.2810581375e-01
9.3097092381e-01
9.3380045596e-01
9.3662998812e-01
9.3945952027e-01
9.4228905242e-01
9.4510666856e-01
9.4792428469e-01
9.5074190083e-01
9.5355951697e-01
9.5638784845e-01
9.5921617994e-01
9.6204451142e-01
9.6487284291e-01
9.6774014778e-01
9.7060745265e-01
9.7347475752e-01
9.7634206239e-01
9.7929930240e-01
9.8225654240e-01
9.8521378240e-01
9.8817102241e-01
9.9112826681e-01
9.9408551120e-01
9.9704275560e-01
1.0000000000e+00
