0.0000000000e+00
7.2366365934e-03
1.4473273187e-02
2.1709909780e-02
2.8946546374e-02
3.5144424781e-02
4.1342303188e-02
4.7540181595e-02
5.3738060002e-02
5.9139931913e-02
6.4541803825e-02
6.9943675737e-02
7.5345547649e-02
8.0145303362e-02
8.4945059075e-02
8.9744814788e-02
9.4544570501e-02
9.8896563580e-02
1.0324855666e-01
1.0760054974e-01
1.1195254282e-01
1.1599993759e-01
1.2004733237e-01
1.2409472715e-01
1.2814212192e-01
1.3211844031e-01
1.3609475869e-01
1.4007107707e-01
1.4404739545e-01
1.4802681948e-01
1.5200624350e-01
1.5598566753e-01
1.5996509155e-01
1.6320238420e-01
1.6643967684e-01
1.6967696948e-01
1.7291426212e-01
1.7576063640e-01
1.7860701068e-01
1.8145338496e-01
1.8429975924e-01
1.8675691307e-01
1.8921406691e-01
1.9167122075e-01
1.9412837459e-01
1.9637284919e-01
1.9861732378e-01
2.0086179838e-01
2.0310627298e-01
2.0524432425e-01
2.0738237552e-01
2.0952042679e-01
2.1165847806e-01
2.1382768476e-01
2.1599689147e-01
2.1816609817e-01
2.2033530487e-01
2.2276430524e-01
2.2519330561e-01
2.2762230598e-01
2.3005130635e-01
2.3213726260e-01
2.3422321885e-01
2.3630917510e-01
2.3839513136e-01
2.4035426366e-01
2.4231339596e-01
2.4427252827e-01
2.4623166057e-01
2.4805750618e-01
2.4988335178e-01
2.5170919738e-01
2.5353504299e-01
2.5534835772e-01
2.5716167246e-01
2.5897498719e-01
2.6078830193e-01
2.6284030544e-01
2.6489230895e-01
2.6694431246e-01
2.6899631597e-01
2.7094547300e-01
2.7289463003e-01
2.7484378707e-01
2.7679294410e-01
2.7863248789e-01
2.8047203168e-01
2.8231157547e-01
2.8415111926e-01
2.8605518487e-01
2.8795925049e-01
2.8986331610e-01
2.9176738172e-01
2.9400067722e-01
2.9623397272e-01
2.9846726822e-01
3.0070056372e-01
3.0290631653e-01
3.0511206934e-01
3.0731782214e-01
3.0952357495e-01
3.1205525036e-01
3.1458692577e-01
3.1711860117e-01
3.1965027658e-01
3.2222268108e-01
3.2479508558e-01
3.2736749008e-01
3.2993989457e-01
3.3241819844e-01
3.3489650230e-01
3.3737480616e-01
3.3985311003e-01
3.4241820568e-01
3.4498330134e-01
3.4754839700e-01
3.5011349265e-01
3.5285900534e-01
3.5560451803e-01
3.5835003071e-01
3.6109554340e-01
3.6405618827e-01
3.6701683314e-01
3.6997747801e-01
3.7293812288e-01
3.7629252101e-01
3.7964691914e-01
3.8300131726e-01
3.8635571539e-01
3.9042127950e-01
3.9448684360e-01
3.9855240770e-01
4.0261797181e-01
4.0711045382e-01
4.1160293584e-01
4.1609541785e-01
4.2058789986e-01
4.2612074798e-01
4.3165359609e-01
4.3718644420e-01
4.4271929231e-01
4.4756052818e-01
4.5240176405e-01
4.5724299991e-01
4.6208423578e-01
4.6704756157e-01
4.7201088736e-01
4.7697421315e-01
4.8193753894e-01
4.8732537519e-01
4.9271321144e-01
4.9810104770e-01
5.0348888395e-01
5.0839256730e-01
5.1329625065e-01
5.1819993401e-01
5.2310361736e-01
5.2798352856e-01
5.3286343976e-01
5.3774335096e-01
5.4262326217e-01
5.4803400027e-01
5.5344473837e-01
5.5885547647e-01
5.6426621457e-01
5.6868695089e-01
5.7310768721e-01
5.7752842353e-01
5.8194915985e-01
5.8600017100e-01
5.9005118215e-01
5.9410219330e-01
5.9815320446e-01
6.0156756608e-01
6.0498192771e-01
6.0839628933e-01
6.1181065096e-01
6.1484275864e-01
6.1787486632e-01
6.2090697400e-01
6.2393908168e-01
6.2673678802e-01
6.2953449436e-01
6.3233220070e-01
6.3512990704e-01
6.3776132766e-01
6.4039274827e-01
6.4302416889e-01
6.4565558950e-01
6.4815695248e-01
6.5065831546e-01
6.5315967844e-01
6.5566104142e-01
6.5815930680e-01
6.6065757218e-01
6.6315583756e-01
6.6565410293e-01
6.6865361427e-01
6.7165312560e-01
6.7465263693e-01
6.7765214826e-01
6.7992782870e-01
6.8220350914e-01
6.8447918957e-01
6.8675487001e-01
6.8894018219e-01
6.9112549438e-01
6.9331080656e-01
6.9549611875e-01
6.9752217876e-01
6.9954823877e-01
7.0157429878e-01
7.0360035880e-01
7.0546100097e-01
7.0732164315e-01
7.0918228532e-01
7.1104292750e-01
7.1291912721e-01
7.1479532692e-01
7.1667152663e-01
7.1854772634e-01
7.2091410348e-01
7.2328048061e-01
7.2564685775e-01
7.2801323489e-01
7.2989356721e-01
7.3177389953e-01
7.3365423185e-01
7.3553456417e-01
7.3732978241e-01
7.3912500065e-01
7.4092021889e-01
7.4271543713e-01
7.4469451171e-01
7.4667358630e-01
7.4865266089e-01
7.5063173548e-01
7.5262998559e-01
7.5462823570e-01
7.5662648581e-01
7.5862473591e-01
7.6087145532e-01
7.6311817473e-01
7.6536489414e-01
7.6761161355e-01
7.6984025356e-01
7.7206889357e-01
7.7429753359e-01
7.7652617360e-01
7.7865268979e-01
7.8077920599e-01
7.8290572218e-01
7.8503223838e-01
7.8722862759e-01
7.8942501680e-01
7.9162140601e-01
7.9381779523e-01
7.9621172467e-01
7.9860565411e-01
8.0099958355e-01
8.0339351299e-01
8.0621045926e-01
8.0902740554e-01
8.1184435181e-01
8.1466129809e-01
8.1793045146e-01
8.2119960483e-01
8.2446875819e-01
8.2773791156e-01
8.3245748167e-01
8.3717705177e-01
8.4189662188e-01
8.4661619198e-01
8.5057685771e-01
8.5453752343e-01
8.5849818915e-01
8.6245885488e-01
8.6663152883e-01
8.7080420279e-01
8.7497687674e-01
8.7914955070e-01
8.8373797454e-01
8.8832639838e-01
8.9291482222e-01
8.9750324606e-01
9.0270252342e-01
9.0790180077e-01
9.1310107812e-01
9.1830035548e-01
9.2435997894e-01
9.3041960240e-01
9.3647922587e-01
9.4253884933e-01
9.4972149316e-01
9.5690413700e-01
9.6408678083e-01
9.7126942466e-01
9.7845206850e-01
9.8563471233e-01
9.9281735617e-01
1.0000000000e+00
