2.9375591989e-01
2.9375600593e-01
2.9375626403e-01
2.9375669414e-01
2.9375729621e-01
2.9375805225e-01
2.9375897295e-01
2.9376005815e-01
2.9376130769e-01
2.9376272948e-01
2.9376431697e-01
2.9376606989e-01
2.9376798798e-01
2.9377016110e-01
2.9377251267e-01
2.9377504226e-01
2.9377774941e-01
2.9378117841e-01
2.9378485400e-01
2.9378877519e-01
2.9379294092e-01
2.9379680502e-01
2.9380085647e-01
2.9380509439e-01
2.9380951782e-01
2.9381386489e-01
2.9381837564e-01
2.9382304914e-01
2.9382788440e-01
2.9383259908e-01
2.9383745623e-01
2.9384245487e-01
2.9384759400e-01
2.9385287850e-01
2.9385830164e-01
2.9386386229e-01
2.9386955922e-01
2.9387518548e-01
2.9388093637e-01
2.9388681068e-01
2.9389280716e-01
2.9389867926e-01
2.9390466163e-01
2.9391075303e-01
2.9391695221e-01
2.9392324295e-01
2.9392963831e-01
2.9393613691e-01
2.9394273731e-01
2.9394965505e-01
2.9395667802e-01
2.9396380453e-01
2.9397103281e-01
2.9397883119e-01
2.9398674046e-01
2.9399475833e-01
2.9400288245e-01
2.9401250633e-01
2.9402226802e-01
2.9403216347e-01
2.9404218852e-01
2.9405064188e-01
2.9405917981e-01
2.9406779971e-01
2.9407649895e-01
2.9408490963e-01
2.9409338835e-01
2.9410193266e-01
2.9411054010e-01
2.9411913788e-01
2.9412779280e-01
2.9413650234e-01
2.9414526394e-01
2.9415421559e-01
2.9416321556e-01
2.9417226109e-01
2.9418134937e-01
2.9419088223e-01
2.9420045538e-01
2.9421006556e-01
2.9421970945e-01
2.9423055132e-01
2.9424142664e-01
2.9425233067e-01
2.9426325864e-01
2.9427405932e-01
2.9428487401e-01
2.9429569808e-01
2.9430652688e-01
2.9431730617e-01
2.9432808092e-01
2.9433884654e-01
2.9434959843e-01
2.9436074757e-01
2.9437187179e-01
2.9438296596e-01
2.9439402498e-01
2.9440605635e-01
2.9441803312e-01
2.9442994872e-01
2.9444179662e-01
2.9445588017e-01
2.9446984648e-01
2.9448368467e-01
2.9449738401e-01
2.9450898383e-01
2.9452046776e-01
2.9453182933e-01
2.9454306220e-01
2.9455385869e-01
2.9456452179e-01
2.9457504590e-01
2.9458542552e-01
2.9459565575e-01
2.9460573077e-01
2.9461564537e-01
2.9462539444e-01
2.9463511507e-01
2.9464465492e-01
2.9465400900e-01
2.9466317242e-01
2.9467236896e-01
2.9468135487e-01
2.9469012530e-01
2.9469867550e-01
2.9470728761e-01
2.9471565398e-01
2.9472376983e-01
2.9473163056e-01
2.9473955910e-01
2.9474719992e-01
2.9475454834e-01
2.9476159988e-01
2.9476870460e-01
2.9477547013e-01
2.9478189194e-01
2.9478796575e-01
2.9479406053e-01
2.9479974960e-01
2.9480502868e-01
2.9480989383e-01
2.9481472675e-01
2.9481905803e-01
2.9482288383e-01
2.9482620078e-01
2.9482921255e-01
2.9483162234e-01
2.9483342769e-01
2.9483462672e-01
2.9483521297e-01
2.9483521267e-01
2.9483462582e-01
2.9483345299e-01
2.9483182036e-01
2.9482967410e-01
2.9482701608e-01
2.9482384862e-01
2.9482051731e-01
2.9481676683e-01
2.9481259992e-01
2.9480801965e-01
2.9480333207e-01
2.9479828405e-01
2.9479287890e-01
2.9478712017e-01
2.9478131466e-01
2.9477519581e-01
2.9476876730e-01
2.9476203302e-01
2.9475528786e-01
2.9474826872e-01
2.9474097954e-01
2.9473342444e-01
2.9472587091e-01
2.9471807680e-01
2.9471004626e-01
2.9470178358e-01
2.9469351087e-01
2.9468502608e-01
2.9467633358e-01
2.9466743787e-01
2.9465848917e-01
2.9464935263e-01
2.9464003287e-01
2.9463053465e-01
2.9462088395e-01
2.9461106532e-01
2.9460108377e-01
2.9459094446e-01
2.9458034051e-01
2.9456958054e-01
2.9455867050e-01
2.9454761646e-01
2.9453114569e-01
2.9451439787e-01
2.9449739328e-01
2.9448015260e-01
2.9446880354e-01
2.9445736912e-01
2.9444585531e-01
2.9443426814e-01
2.9442343065e-01
2.9441253987e-01
2.9440160075e-01
2.9439061829e-01
2.9437996331e-01
2.9436927704e-01
2.9435856404e-01
2.9434782888e-01
2.9433701433e-01
2.9432618669e-01
2.9431535063e-01
2.9430451084e-01
2.9429359502e-01
2.9428268492e-01
2.9427178532e-01
2.9426090094e-01
2.9425112427e-01
2.9424136720e-01
2.9423163314e-01
2.9422192549e-01
2.9421265519e-01
2.9420341518e-01
2.9419420839e-01
2.9418503772e-01
2.9417606603e-01
2.9416713471e-01
2.9415824645e-01
2.9414940390e-01
2.9414055513e-01
2.9413175797e-01
2.9412301505e-01
2.9411432896e-01
2.9410526449e-01
2.9409626855e-01
2.9408734400e-01
2.9407849370e-01
2.9406772377e-01
2.9405707525e-01
2.9404655311e-01
2.9403616219e-01
2.9402767715e-01
2.9401928759e-01
2.9401099605e-01
2.9400280505e-01
2.9399516405e-01
2.9398761688e-01
2.9398016551e-01
2.9397281184e-01
2.9396577499e-01
2.9395883344e-01
2.9395198881e-01
2.9394524267e-01
2.9393859816e-01
2.9393205511e-01
2.9392561496e-01
2.9391927911e-01
2.9391281150e-01
2.9390645931e-01
2.9390022398e-01
2.9389410689e-01
2.9388785051e-01
2.9388172585e-01
2.9387573430e-01
2.9386987723e-01
2.9386418178e-01
2.9385862212e-01
2.9385319946e-01
2.9384791493e-01
2.9384246682e-01
2.9383717632e-01
2.9383204462e-01
2.9382707288e-01
2.9382191249e-01
2.9381693914e-01
2.9381215404e-01
2.9380755834e-01
2.9380281817e-01
2.9379830057e-01
2.9379400673e-01
2.9378993778e-01
2.9378655889e-01
2.9378335404e-01
2.9378032382e-01
2.9377746881e-01
2.9377488329e-01
2.9377246147e-01
2.9377020378e-01
2.9376811060e-01
2.9376619244e-01
2.9376443763e-01
2.9376284645e-01
2.9376141915e-01
2.9376013112e-01
2.9375901440e-01
2.9375806917e-01
2.9375729560e-01
2.9375669380e-01
2.9375626387e-01
2.9375600589e-01
2.9375591989e-01
