0.0000000000e+00
1.8073119364e-02
3.6146238728e-02
5.4219358091e-02
7.2292477455e-02
8.1982993459e-02
9.1673509462e-02
1.0136402547e-01
1.1105454147e-01
1.1733680118e-01
1.2361906090e-01
1.2990132061e-01
1.3618358033e-01
1.4061114950e-01
1.4503871867e-01
1.4946628784e-01
1.5389385702e-01
1.5725121145e-01
1.6060856589e-01
1.6396592033e-01
1.6732327477e-01
1.7005361725e-01
1.7278395972e-01
1.7551430220e-01
1.7824464467e-01
1.8065779180e-01
1.8307093893e-01
1.8548408606e-01
1.8789723318e-01
1.9015884622e-01
1.9242045926e-01
1.9468207230e-01
1.9694368534e-01
1.9868194466e-01
2.0042020399e-01
2.0215846332e-01
2.0389672265e-01
2.0527439846e-01
2.0665207426e-01
2.0802975007e-01
2.0940742588e-01
2.1070423948e-01
2.1200105308e-01
2.1329786668e-01
2.1459468028e-01
2.1591556003e-01
2.1723643978e-01
2.1855731953e-01
2.1987819928e-01
2.2113154782e-01
2.2238489636e-01
2.2363824489e-01
2.2489159343e-01
2.2601272244e-01
2.2713385145e-01
2.2825498046e-01
2.2937610947e-01
2.3055379930e-01
2.3173148913e-01
2.3290917896e-01
2.3408686880e-01
2.3524802601e-01
2.3640918322e-01
2.3757034043e-01
2.3873149764e-01
2.4006694103e-01
2.4140238442e-01
2.4273782782e-01
2.4407327121e-01
2.4570237681e-01
2.4733148241e-01
2.4896058801e-01
2.5058969360e-01
2.5212889360e-01
2.5366809360e-01
2.5520729359e-01
2.5674649359e-01
2.5850640607e-01
2.6026631856e-01
2.6202623104e-01
2.6378614352e-01
2.6619916937e-01
2.6861219521e-01
2.7102522105e-01
2.7343824689e-01
2.7639145620e-01
2.7934466550e-01
2.8229787481e-01
2.8525108411e-01
2.8826739791e-01
2.9128371170e-01
2.9430002550e-01
2.9731633929e-01
3.0061717634e-01
3.0391801339e-01
3.0721885044e-01
3.1051968749e-01
3.1440017387e-01
3.1828066025e-01
3.2216114663e-01
3.2604163301e-01
3.3082650595e-01
3.3561137889e-01
3.4039625183e-01
3.4518112476e-01
3.5032903941e-01
3.5547695405e-01
3.6062486869e-01
3.6577278333e-01
3.7067101464e-01
3.7556924595e-01
3.8046747726e-01
3.8536570857e-01
3.8982602621e-01
3.9428634386e-01
3.9874666150e-01
4.0320697915e-01
4.0685834139e-01
4.1050970364e-01
4.1416106588e-01
4.1781242813e-01
4.2073997147e-01
4.2366751480e-01
4.2659505814e-01
4.2952260148e-01
4.3219496970e-01
4.3486733792e-01
4.3753970614e-01
4.4021207437e-01
4.4315701745e-01
4.4610196053e-01
4.4904690361e-01
4.5199184669e-01
4.5428823967e-01
4.5658463265e-01
4.5888102563e-01
4.6117741860e-01
4.6326406103e-01
4.6535070346e-01
4.6743734589e-01
4.6952398832e-01
4.7182696238e-01
4.7412993643e-01
4.7643291049e-01
4.7873588455e-01
4.8082088572e-01
4.8290588689e-01
4.8499088806e-01
4.8707588923e-01
4.8946522260e-01
4.9185455596e-01
4.9424388933e-01
4.9663322269e-01
4.9890541097e-01
5.0117759924e-01
5.0344978752e-01
5.0572197579e-01
5.0781013599e-01
5.0989829619e-01
5.1198645639e-01
5.1407461659e-01
5.1623143586e-01
5.1838825512e-01
5.2054507438e-01
5.2270189364e-01
5.2491741846e-01
5.2713294327e-01
5.2934846808e-01
5.3156399289e-01
5.3387373514e-01
5.3618347739e-01
5.3849321963e-01
5.4080296188e-01
5.4352403282e-01
5.4624510376e-01
5.4896617470e-01
5.5168724564e-01
5.5439093065e-01
5.5709461567e-01
5.5979830068e-01
5.6250198570e-01
5.6574970164e-01
5.6899741758e-01
5.7224513352e-01
5.7549284946e-01
5.7972837855e-01
5.8396390763e-01
5.8819943672e-01
5.9243496581e-01
5.9737299331e-01
6.0231102080e-01
6.0724904829e-01
6.1218707578e-01
6.1729126532e-01
6.2239545487e-01
6.2749964441e-01
6.3260383395e-01
6.3756606322e-01
6.4252829249e-01
6.4749052176e-01
6.5245275102e-01
6.5655706656e-01
6.6066138209e-01
6.6476569762e-01
6.6887001315e-01
6.7238606333e-01
6.7590211350e-01
6.7941816367e-01
6.8293421384e-01
6.8606227302e-01
6.8919033220e-01
6.9231839138e-01
6.9544645056e-01
6.9849793957e-01
7.0154942859e-01
7.0460091760e-01
7.0765240661e-01
7.1035180277e-01
7.1305119893e-01
7.1575059509e-01
7.1844999125e-01
7.2075228542e-01
7.2305457960e-01
7.2535687377e-01
7.2765916795e-01
7.2946166851e-01
7.3126416908e-01
7.3306666965e-01
7.3486917022e-01
7.3645806304e-01
7.3804695585e-01
7.3963584867e-01
7.4122474149e-01
7.4273749400e-01
7.4425024651e-01
7.4576299902e-01
7.4727575153e-01
7.4871571482e-01
7.5015567810e-01
7.5159564138e-01
7.5303560467e-01
7.5438192724e-01
7.5572824982e-01
7.5707457239e-01
7.5842089497e-01
7.5955070538e-01
7.6068051580e-01
7.6181032621e-01
7.6294013662e-01
7.6426167268e-01
7.6558320873e-01
7.6690474478e-01
7.6822628083e-01
7.6933343794e-01
7.7044059505e-01
7.7154775217e-01
7.7265490928e-01
7.7385826323e-01
7.7506161717e-01
7.7626497112e-01
7.7746832506e-01
7.7886644391e-01
7.8026456276e-01
7.8166268161e-01
7.8306080046e-01
7.8438864316e-01
7.8571648585e-01
7.8704432855e-01
7.8837217125e-01
7.9000813037e-01
7.9164408950e-01
7.9328004863e-01
7.9491600775e-01
7.9724694888e-01
7.9957789000e-01
8.0190883113e-01
8.0423977225e-01
8.0669985569e-01
8.0915993912e-01
8.1162002255e-01
8.1408010599e-01
8.1704739441e-01
8.2001468284e-01
8.2298197126e-01
8.2594925969e-01
8.3011781326e-01
8.3428636684e-01
8.3845492041e-01
8.4262347399e-01
8.4988909243e-01
8.5715471088e-01
8.6442032932e-01
8.7168594776e-01
8.8770932166e-01
9.0373269556e-01
9.1975606946e-01
9.3577944336e-01
9.5183458252e-01
9.6788972168e-01
9.8394486084e-01
1.0000000000e+00
