2.8581834869e-01
2.8582016879e-01
2.8582562912e-01
2.8583472974e-01
2.8584747078e-01
2.8586181515e-01
2.8587902264e-01
2.8589909339e-01
2.8592202762e-01
2.8594506034e-01
2.8597040202e-01
2.8599805288e-01
2.8602801312e-01
2.8605737154e-01
2.8608865382e-01
2.8612186015e-01
2.8615699075e-01
2.8619149589e-01
2.8622767577e-01
2.8626553056e-01
2.8630506046e-01
2.8634521949e-01
2.8638697160e-01
2.8643031694e-01
2.8647525564e-01
2.8652525087e-01
2.8657708115e-01
2.8663074657e-01
2.8668624716e-01
2.8673088479e-01
2.8677664248e-01
2.8682352014e-01
2.8687151758e-01
2.8691583845e-01
2.8696107270e-01
2.8700722005e-01
2.8705428013e-01
2.8709489335e-01
2.8713616198e-01
2.8717808561e-01
2.8722066377e-01
2.8725975361e-01
2.8729937839e-01
2.8733953755e-01
2.8738023044e-01
2.8741904641e-01
2.8745833455e-01
2.8749809408e-01
2.8753832411e-01
2.8757833879e-01
2.8761880633e-01
2.8765972551e-01
2.8770109501e-01
2.8774722822e-01
2.8779390478e-01
2.8784112218e-01
2.8788887757e-01
2.8793340469e-01
2.8797838413e-01
2.8802381283e-01
2.8806968740e-01
2.8811218864e-01
2.8815505931e-01
2.8819829600e-01
2.8824189496e-01
2.8828587171e-01
2.8833020263e-01
2.8837488300e-01
2.8841990772e-01
2.8846125595e-01
2.8850288147e-01
2.8854477954e-01
2.8858694513e-01
2.8863024908e-01
2.8867382014e-01
2.8871765199e-01
2.8876173794e-01
2.8882712979e-01
2.8889303379e-01
2.8895942432e-01
2.8902627409e-01
2.8907242291e-01
2.8911876475e-01
2.8916528945e-01
2.8921198647e-01
2.8925811021e-01
2.8930437972e-01
2.8935078404e-01
2.8939731192e-01
2.8944691718e-01
2.8949663502e-01
2.8954645101e-01
2.8959635041e-01
2.8965391590e-01
2.8971154897e-01
2.8976922601e-01
2.8982692315e-01
2.8988400278e-01
2.8994105491e-01
2.8999805588e-01
2.9005498193e-01
2.9012216262e-01
2.9018916597e-01
2.9025595278e-01
2.9032248404e-01
2.9038631979e-01
2.9044984799e-01
2.9051303473e-01
2.9057584655e-01
2.9063660208e-01
2.9069694115e-01
2.9075683440e-01
2.9081625302e-01
2.9087712919e-01
2.9093743789e-01
2.9099714938e-01
2.9105623471e-01
2.9111873641e-01
2.9118045523e-01
2.9124135863e-01
2.9130141514e-01
2.9136452730e-01
2.9142660496e-01
2.9148761382e-01
2.9154752090e-01
2.9161303396e-01
2.9167709350e-01
2.9173965944e-01
2.9180069365e-01
2.9187198452e-01
2.9194095024e-01
2.9200753507e-01
2.9207168686e-01
2.9214131347e-01
2.9220769401e-01
2.9227076797e-01
2.9233047975e-01
2.9240589738e-01
2.9247494144e-01
2.9253751159e-01
2.9259352022e-01
2.9263396098e-01
2.9267002658e-01
2.9270168669e-01
2.9272891525e-01
2.9275230322e-01
2.9277094724e-01
2.9278483175e-01
2.9279394531e-01
2.9279825788e-01
2.9279789731e-01
2.9279286387e-01
2.9278316158e-01
2.9276893060e-01
2.9275012358e-01
2.9272675561e-01
2.9269884571e-01
2.9266368845e-01
2.9262331164e-01
2.9257775576e-01
2.9252706765e-01
2.9248099543e-01
2.9243143827e-01
2.9237843454e-01
2.9232202642e-01
2.9226879119e-01
2.9221291157e-01
2.9215442628e-01
2.9209337707e-01
2.9203912561e-01
2.9198305898e-01
2.9192520906e-01
2.9186560966e-01
2.9181075590e-01
2.9175455359e-01
2.9169703118e-01
2.9163821849e-01
2.9158257808e-01
2.9152588188e-01
2.9146815696e-01
2.9140943150e-01
2.9135307387e-01
2.9129587544e-01
2.9123786271e-01
2.9117906312e-01
2.9112252959e-01
2.9106533718e-01
2.9100751161e-01
2.9094907934e-01
2.9089064234e-01
2.9083166405e-01
2.9077217218e-01
2.9071219509e-01
2.9064639872e-01
2.9058009997e-01
2.9051333772e-01
2.9044615153e-01
2.9038611711e-01
2.9032580823e-01
2.9026525381e-01
2.9020448303e-01
2.9014883638e-01
2.9009305639e-01
2.9003716562e-01
2.8998118668e-01
2.8992428230e-01
2.8986733391e-01
2.8981036501e-01
2.8975339895e-01
2.8970435049e-01
2.8965533599e-01
2.8960636995e-01
2.8955746671e-01
2.8951064950e-01
2.8946391526e-01
2.8941727603e-01
2.8937074365e-01
2.8932247967e-01
2.8927435650e-01
2.8922638653e-01
2.8917858184e-01
2.8912216096e-01
2.8906600749e-01
2.8901013953e-01
2.8895457442e-01
2.8890958370e-01
2.8886481310e-01
2.8882027080e-01
2.8877596461e-01
2.8873274894e-01
2.8868977424e-01
2.8864704690e-01
2.8860457298e-01
2.8855842711e-01
2.8851259816e-01
2.8846709278e-01
2.8842191718e-01
2.8837677324e-01
2.8833197502e-01
2.8828752766e-01
2.8824343595e-01
2.8819536913e-01
2.8814774307e-01
2.8810056271e-01
2.8805383260e-01
2.8800561585e-01
2.8795789679e-01
2.8791067923e-01
2.8786396659e-01
2.8782096390e-01
2.8777840315e-01
2.8773628636e-01
2.8769461534e-01
2.8765248714e-01
2.8761082786e-01
2.8756963891e-01
2.8752892151e-01
2.8748581351e-01
2.8744324948e-01
2.8740123049e-01
2.8735975746e-01
2.8731356463e-01
2.8726807057e-01
2.8722327615e-01
2.8717918212e-01
2.8712714906e-01
2.8707612814e-01
2.8702612009e-01
2.8697712550e-01
2.8692188646e-01
2.8686799623e-01
2.8681545522e-01
2.8676426372e-01
2.8670875228e-01
2.8665492048e-01
2.8660276840e-01
2.8655229602e-01
2.8650438300e-01
2.8645808850e-01
2.8641341240e-01
2.8637035457e-01
2.8632633415e-01
2.8628414400e-01
2.8624378392e-01
2.8620525369e-01
2.8616503037e-01
2.8612701538e-01
2.8609120845e-01
2.8605760934e-01
2.8602246923e-01
2.8599011943e-01
2.8596055961e-01
2.8593378951e-01
2.8590673170e-01
2.8588328227e-01
2.8586344094e-01
2.8584720746e-01
2.8583458163e-01
2.8582556329e-01
2.8582015234e-01
2.8581834869e-01
