0.0000000000e+00
1.8487908462e-02
3.6975816924e-02
5.5463725386e-02
7.3951633848e-02
8.3807624898e-02
9.3663615947e-02
1.0351960700e-01
1.1337559805e-01
1.1964435587e-01
1.2591311370e-01
1.3218187153e-01
1.3845062935e-01
1.4291033483e-01
1.4737004030e-01
1.5182974578e-01
1.5628945125e-01
1.5967297392e-01
1.6305649659e-01
1.6644001925e-01
1.6982354192e-01
1.7249866125e-01
1.7517378058e-01
1.7784889990e-01
1.8052401923e-01
1.8275280581e-01
1.8498159240e-01
1.8721037898e-01
1.8943916556e-01
1.9138162975e-01
1.9332409394e-01
1.9526655814e-01
1.9720902233e-01
1.9906761725e-01
2.0092621216e-01
2.0278480708e-01
2.0464340199e-01
2.0628020591e-01
2.0791700982e-01
2.0955381374e-01
2.1119061765e-01
2.1254695399e-01
2.1390329033e-01
2.1525962666e-01
2.1661596300e-01
2.1771477829e-01
2.1881359359e-01
2.1991240888e-01
2.2101122417e-01
2.2200992869e-01
2.2300863320e-01
2.2400733771e-01
2.2500604222e-01
2.2607724097e-01
2.2714843973e-01
2.2821963848e-01
2.2929083723e-01
2.3025828305e-01
2.3122572887e-01
2.3219317469e-01
2.3316062051e-01
2.3407501309e-01
2.3498940568e-01
2.3590379826e-01
2.3681819084e-01
2.3766570569e-01
2.3851322053e-01
2.3936073538e-01
2.4020825022e-01
2.4123638862e-01
2.4226452701e-01
2.4329266540e-01
2.4432080379e-01
2.4517979834e-01
2.4603879290e-01
2.4689778745e-01
2.4775678200e-01
2.4871512195e-01
2.4967346190e-01
2.5063180185e-01
2.5159014180e-01
2.5261988242e-01
2.5364962304e-01
2.5467936366e-01
2.5570910428e-01
2.5697815333e-01
2.5824720239e-01
2.5951625144e-01
2.6078530050e-01
2.6193855296e-01
2.6309180542e-01
2.6424505787e-01
2.6539831033e-01
2.6664843816e-01
2.6789856599e-01
2.6914869382e-01
2.7039882165e-01
2.7181599586e-01
2.7323317006e-01
2.7465034427e-01
2.7606751848e-01
2.7792558877e-01
2.7978365907e-01
2.8164172937e-01
2.8349979967e-01
2.8563217196e-01
2.8776454426e-01
2.8989691655e-01
2.9202928885e-01
2.9435548153e-01
2.9668167421e-01
2.9900786689e-01
3.0133405956e-01
3.0370296214e-01
3.0607186472e-01
3.0844076730e-01
3.1080966988e-01
3.1341705642e-01
3.1602444297e-01
3.1863182951e-01
3.2123921606e-01
3.2422633573e-01
3.2721345540e-01
3.3020057507e-01
3.3318769474e-01
3.3674548799e-01
3.4030328124e-01
3.4386107448e-01
3.4741886773e-01
3.5187738090e-01
3.5633589407e-01
3.6079440725e-01
3.6525292042e-01
3.7118869754e-01
3.7712447466e-01
3.8306025177e-01
3.8899602889e-01
3.9617099409e-01
4.0334595928e-01
4.1052092448e-01
4.1769588968e-01
4.2480879952e-01
4.3192170935e-01
4.3903461919e-01
4.4614752903e-01
4.5321015575e-01
4.6027278247e-01
4.6733540919e-01
4.7439803590e-01
4.8160283061e-01
4.8880762532e-01
4.9601242002e-01
5.0321721473e-01
5.1208738799e-01
5.2095756126e-01
5.2982773452e-01
5.3869790779e-01
5.4569601147e-01
5.5269411515e-01
5.5969221883e-01
5.6669032251e-01
5.7344104743e-01
5.8019177236e-01
5.8694249728e-01
5.9369322220e-01
5.9932691191e-01
6.0496060161e-01
6.1059429132e-01
6.1622798102e-01
6.2070850649e-01
6.2518903197e-01
6.2966955744e-01
6.3415008291e-01
6.3786206620e-01
6.4157404949e-01
6.4528603278e-01
6.4899801607e-01
6.5216978543e-01
6.5534155479e-01
6.5851332414e-01
6.6168509350e-01
6.6446558210e-01
6.6724607069e-01
6.7002655929e-01
6.7280704789e-01
6.7530590026e-01
6.7780475263e-01
6.8030360500e-01
6.8280245737e-01
6.8512681751e-01
6.8745117766e-01
6.8977553780e-01
6.9209989795e-01
6.9452259402e-01
6.9694529009e-01
6.9936798616e-01
7.0179068223e-01
7.0383372395e-01
7.0587676568e-01
7.0791980740e-01
7.0996284912e-01
7.1179745057e-01
7.1363205202e-01
7.1546665347e-01
7.1730125492e-01
7.1874675958e-01
7.2019226423e-01
7.2163776889e-01
7.2308327355e-01
7.2435897763e-01
7.2563468171e-01
7.2691038579e-01
7.2818608988e-01
7.2936058091e-01
7.3053507195e-01
7.3170956298e-01
7.3288405402e-01
7.3404594211e-01
7.3520783021e-01
7.3636971830e-01
7.3753160640e-01
7.3866574907e-01
7.3979989175e-01
7.4093403442e-01
7.4206817710e-01
7.4307175983e-01
7.4407534256e-01
7.4507892529e-01
7.4608250802e-01
7.4697788627e-01
7.4787326452e-01
7.4876864277e-01
7.4966402102e-01
7.5053088845e-01
7.5139775588e-01
7.5226462331e-01
7.5313149074e-01
7.5411439399e-01
7.5509729725e-01
7.5608020050e-01
7.5706310376e-01
7.5790284831e-01
7.5874259287e-01
7.5958233743e-01
7.6042208199e-01
7.6133934858e-01
7.6225661518e-01
7.6317388177e-01
7.6409114836e-01
7.6509641134e-01
7.6610167431e-01
7.6710693729e-01
7.6811220026e-01
7.6912117907e-01
7.7013015788e-01
7.7113913669e-01
7.7214811550e-01
7.7317335086e-01
7.7419858623e-01
7.7522382159e-01
7.7624905695e-01
7.7744721954e-01
7.7864538213e-01
7.7984354472e-01
7.8104170731e-01
7.8257418492e-01
7.8410666253e-01
7.8563914014e-01
7.8717161775e-01
7.8906982162e-01
7.9096802548e-01
7.9286622935e-01
7.9476443322e-01
7.9671070410e-01
7.9865697497e-01
8.0060324585e-01
8.0254951673e-01
8.0484248624e-01
8.0713545576e-01
8.0942842527e-01
8.1172139478e-01
8.1466055007e-01
8.1759970535e-01
8.2053886063e-01
8.2347801592e-01
8.2770348283e-01
8.3192894974e-01
8.3615441665e-01
8.4037988356e-01
8.4771189867e-01
8.5504391378e-01
8.6237592889e-01
8.6970794400e-01
8.8598447030e-01
9.0226099660e-01
9.1853752290e-01
9.3481404920e-01
9.5111053690e-01
9.6740702460e-01
9.8370351230e-01
1.0000000000e+00
