8.9031669453e-03
9.0404876485e-03
9.4565253598e-03
1.0163667403e-02
1.1182900963e-02
1.2625406553e-02
1.4493309838e-02
1.6846234980e-02
1.9758069380e-02
2.2561846288e-02
2.5837933748e-02
2.9648232341e-02
3.4062596688e-02
3.7806948670e-02
4.1968745539e-02
4.6586294209e-02
5.1700341174e-02
5.6727734330e-02
6.2218382611e-02
6.8205362246e-02
7.4722445690e-02
8.1787187229e-02
8.9447359257e-02
9.7735927816e-02
1.0668445489e-01
1.1647155092e-01
1.2699644607e-01
1.3828255320e-01
1.5034807223e-01
1.6166510966e-01
1.7360344946e-01
1.8616164313e-01
1.9933282570e-01
2.1210750619e-01
2.2538558838e-01
2.3914766347e-01
2.5336975991e-01
2.6917096549e-01
2.8543181676e-01
3.0210612620e-01
3.1914316266e-01
3.3628175089e-01
3.5366575386e-01
3.7123782433e-01
3.8893959179e-01
4.0623754165e-01
4.2354951832e-01
4.4082354274e-01
4.5800956101e-01
4.7930124720e-01
5.0029447758e-01
5.2091070098e-01
5.4107998361e-01
5.6094469205e-01
5.8023722589e-01
5.9891315634e-01
6.1693678062e-01
6.3566961140e-01
6.5358205098e-01
6.7065837498e-01
6.8689100364e-01
7.0209502434e-01
7.1648085270e-01
7.3005848175e-01
7.4284180530e-01
7.5612447296e-01
7.6847586387e-01
7.7992518279e-01
7.9050328975e-01
8.0166787609e-01
8.1176381420e-01
8.2083919982e-01
8.2894040280e-01
8.3749714326e-01
8.4476527330e-01
8.5080859086e-01
8.5568241197e-01
8.6010481126e-01
8.6292514900e-01
8.6418626420e-01
8.6390910125e-01
8.6257501809e-01
8.6024015308e-01
8.5688466827e-01
8.5247984676e-01
8.4782387432e-01
8.4233543945e-01
8.3598144325e-01
8.2872471928e-01
8.2160761340e-01
8.1373967787e-01
8.0508995906e-01
7.9562631392e-01
7.8638458355e-01
7.7643257169e-01
7.6574643645e-01
7.5430308346e-01
7.4242405266e-01
7.2978936279e-01
7.1638291739e-01
7.0219159577e-01
6.8638368040e-01
6.6968882995e-01
6.5210828172e-01
6.3365124289e-01
6.1765487079e-01
6.0108138101e-01
5.8395231091e-01
5.6629513396e-01
5.4968495533e-01
5.3269072072e-01
5.1534809768e-01
4.9769758493e-01
4.8114534783e-01
4.6440793655e-01
4.4752780805e-01
4.3055028756e-01
4.0927864747e-01
3.8802750573e-01
3.6689761997e-01
3.4599101265e-01
3.2945924641e-01
3.1318705842e-01
2.9722325469e-01
2.8161393533e-01
2.6546558972e-01
2.4981211542e-01
2.3469433334e-01
2.2014705002e-01
2.0532533936e-01
1.9120825772e-01
1.7781416918e-01
1.6515374869e-01
1.5258515746e-01
1.4083458304e-01
1.2989121624e-01
1.1973826389e-01
1.1053478062e-01
1.0204545789e-01
9.4243806571e-02
8.7101628667e-02
7.9955051647e-02
7.3535568195e-02
6.7804418370e-02
6.2724209876e-02
5.7288787960e-02
5.2733658434e-02
4.9004503655e-02
4.6054866915e-02
4.3555628594e-02
4.2014239687e-02
4.1402597103e-02
4.1709424337e-02
4.2635366195e-02
4.4179265905e-02
4.6359519484e-02
4.9201632485e-02
5.2142777383e-02
5.5602810878e-02
5.9608231470e-02
6.4188507810e-02
6.8912949320e-02
7.4172445950e-02
7.9994596536e-02
8.6407858403e-02
9.3979604171e-02
1.0230061795e-01
1.1140511191e-01
1.2132504795e-01
1.3099338151e-01
1.4136586487e-01
1.5245623500e-01
1.6427346290e-01
1.7658530729e-01
1.8959836239e-01
2.0330340705e-01
2.1768425480e-01
2.3110391650e-01
2.4502391023e-01
2.5941760118e-01
2.7425376785e-01
2.9374827252e-01
3.1382057376e-01
3.3437916012e-01
3.5532579497e-01
3.7229823110e-01
3.8939945772e-01
4.0657557175e-01
4.2377327476e-01
4.4225571850e-01
4.6064037979e-01
4.7886812077e-01
4.9688369701e-01
5.1628521480e-01
5.3531199183e-01
5.5391089350e-01
5.7203583202e-01
5.9625668849e-01
6.1941424286e-01
6.4144872628e-01
6.6232082566e-01
6.7853153590e-01
6.9394440048e-01
7.0856136353e-01
7.2238938080e-01
7.3633214495e-01
7.4940138203e-01
7.6161837752e-01
7.7300695688e-01
7.8500218031e-01
7.9599540342e-01
8.0602669571e-01
8.1513589689e-01
8.2495967546e-01
8.3356120598e-01
8.4100076461e-01
8.4733295283e-01
8.5352945639e-01
8.5827445776e-01
8.6162234007e-01
8.6361163971e-01
8.6426172119e-01
8.6377614815e-01
8.6214793498e-01
8.5935805935e-01
8.5594937281e-01
8.5160425496e-01
8.4628813878e-01
8.3996006429e-01
8.3390937958e-01
8.2710028420e-01
8.1950060300e-01
8.1107608817e-01
8.0279328508e-01
7.9379198318e-01
7.8404502475e-01
7.7352524128e-01
7.6289005239e-01
7.5152453619e-01
7.3940852837e-01
7.2652372958e-01
7.1164192561e-01
6.9581876853e-01
6.7904393991e-01
6.6131405127e-01
6.4584786814e-01
6.2973241054e-01
6.1298085866e-01
5.9561225445e-01
5.7798322444e-01
5.5981443432e-01
5.4114335152e-01
5.2201456978e-01
5.0564498427e-01
4.8902408423e-01
4.7219004565e-01
4.5518440608e-01
4.3745530720e-01
4.1964297187e-01
4.0180265607e-01
3.8399163784e-01
3.6619645710e-01
3.4854979342e-01
3.3111104553e-01
3.1393828995e-01
2.9813812655e-01
2.8266411012e-01
2.6755668426e-01
2.5285276585e-01
2.3711891077e-01
2.2195584710e-01
2.0739506554e-01
1.9346113273e-01
1.7484497689e-01
1.5754578351e-01
1.4156621370e-01
1.2688733670e-01
1.1668097628e-01
1.0716837144e-01
9.8324511946e-02
9.0121529954e-02
8.1935017832e-02
7.4423596419e-02
6.7546664810e-02
6.1263425087e-02
5.4109910506e-02
4.7760892340e-02
4.2140987873e-02
3.7179300330e-02
3.1379006758e-02
2.6522275726e-02
2.2478238410e-02
1.9133657662e-02
1.6463902366e-02
1.4288210663e-02
1.2544729275e-02
1.1183135926e-02
1.0163768065e-02
9.4565354746e-03
9.0404455469e-03
8.9031077842e-03
