2.8961556884e-01
2.8961648471e-01
2.8961923206e-01
2.8962381014e-01
2.8963021765e-01
2.8963731148e-01
2.8964579853e-01
2.8965567660e-01
2.8966694296e-01
2.8967886055e-01
2.8969201105e-01
2.8970639029e-01
2.8972199324e-01
2.8974171984e-01
2.8976308998e-01
2.8978608978e-01
2.8981070246e-01
2.8983148637e-01
2.8985327257e-01
2.8987604729e-01
2.8989979479e-01
2.8992260717e-01
2.8994622039e-01
2.8997061670e-01
2.8999577636e-01
2.9002263702e-01
2.9005026757e-01
2.9007863860e-01
2.9010771799e-01
2.9013832475e-01
2.9016960272e-01
2.9020150776e-01
2.9023399268e-01
2.9026556287e-01
2.9029757135e-01
2.9032996949e-01
2.9036270653e-01
2.9040238298e-01
2.9044237737e-01
2.9048259216e-01
2.9052292727e-01
2.9056576539e-01
2.9060850027e-01
2.9065100721e-01
2.9069316125e-01
2.9073695323e-01
2.9078007453e-01
2.9082238416e-01
2.9086374395e-01
2.9090440854e-01
2.9094383256e-01
2.9098188601e-01
2.9101844387e-01
2.9105712853e-01
2.9109366694e-01
2.9112791187e-01
2.9115972486e-01
2.9119422356e-01
2.9122489592e-01
2.9125155776e-01
2.9127404229e-01
2.9129543881e-01
2.9131027687e-01
2.9131835867e-01
2.9131951990e-01
2.9131187306e-01
2.9129434597e-01
2.9126683974e-01
2.9122931352e-01
2.9119173650e-01
2.9114768122e-01
2.9109720914e-01
2.9104040721e-01
2.9098798564e-01
2.9093127450e-01
2.9087036865e-01
2.9080537697e-01
2.9074535899e-01
2.9068240868e-01
2.9061662627e-01
2.9054812094e-01
2.9048431101e-01
2.9041848829e-01
2.9035075102e-01
2.9028120337e-01
2.9021165532e-01
2.9014059410e-01
2.9006813260e-01
2.8999438860e-01
2.8991976916e-01
2.8984412354e-01
2.8976758064e-01
2.8969027261e-01
2.8962138068e-01
2.8955209044e-01
2.8948249727e-01
2.8941269693e-01
2.8935067999e-01
2.8928864184e-01
2.8922664835e-01
2.8916476444e-01
2.8910613319e-01
2.8904771190e-01
2.8898955262e-01
2.8893170581e-01
2.8886677147e-01
2.8880236550e-01
2.8873855163e-01
2.8867538991e-01
2.8862085844e-01
2.8856690111e-01
2.8851355041e-01
2.8846083653e-01
2.8840596882e-01
2.8835187013e-01
2.8829856766e-01
2.8824608597e-01
2.8818870553e-01
2.8813239467e-01
2.8807717706e-01
2.8802307334e-01
2.8796980259e-01
2.8791769219e-01
2.8786675556e-01
2.8781700414e-01
2.8776793192e-01
2.8772008886e-01
2.8767348203e-01
2.8762811735e-01
2.8757753342e-01
2.8752860190e-01
2.8748132769e-01
2.8743571468e-01
2.8737991832e-01
2.8732683765e-01
2.8727647627e-01
2.8722883677e-01
2.8717405490e-01
2.8712338363e-01
2.8707682436e-01
2.8703437792e-01
2.8699472655e-01
2.8695949358e-01
2.8692867900e-01
2.8690228270e-01
2.8687744281e-01
2.8685841696e-01
2.8684520491e-01
2.8683780648e-01
2.8683612872e-01
2.8683929898e-01
2.8684731731e-01
2.8686018379e-01
2.8687636861e-01
2.8689668688e-01
2.8692113874e-01
2.8694972435e-01
2.8698181936e-01
2.8701790103e-01
2.8705796930e-01
2.8710202388e-01
2.8714310620e-01
2.8718713678e-01
2.8723411461e-01
2.8728403820e-01
2.8732288093e-01
2.8736333474e-01
2.8740539810e-01
2.8744906904e-01
2.8748895247e-01
2.8753008452e-01
2.8757246259e-01
2.8761608351e-01
2.8766102550e-01
2.8770720636e-01
2.8775462051e-01
2.8780326122e-01
2.8785234589e-01
2.8790260298e-01
2.8795402178e-01
2.8800658977e-01
2.8805548633e-01
2.8810531242e-01
2.8815605343e-01
2.8820769272e-01
2.8825598905e-01
2.8830501379e-01
2.8835474876e-01
2.8840517391e-01
2.8846310824e-01
2.8852186485e-01
2.8858140498e-01
2.8864168631e-01
2.8869746114e-01
2.8875378046e-01
2.8881060400e-01
2.8886788910e-01
2.8892700086e-01
2.8898649909e-01
2.8904633089e-01
2.8910644139e-01
2.8917507076e-01
2.8924390135e-01
2.8931284515e-01
2.8938181247e-01
2.8946435994e-01
2.8954665283e-01
2.8962853311e-01
2.8970984340e-01
2.8978670490e-01
2.8986277364e-01
2.8993791957e-01
2.9001201599e-01
2.9008789271e-01
2.9016236548e-01
2.9023530584e-01
2.9030659103e-01
2.9038481204e-01
2.9046062347e-01
2.9053387706e-01
2.9060443455e-01
2.9068774639e-01
2.9076652086e-01
2.9084055942e-01
2.9090968584e-01
2.9098741313e-01
2.9105730482e-01
2.9111916571e-01
2.9117284462e-01
2.9121914153e-01
2.9125670707e-01
2.9128551486e-01
2.9130558271e-01
2.9131564492e-01
2.9131978606e-01
2.9131808633e-01
2.9131064786e-01
2.9130001466e-01
2.9128548133e-01
2.9126714699e-01
2.9124512296e-01
2.9122259259e-01
2.9119734978e-01
2.9116949742e-01
2.9113914649e-01
2.9110945832e-01
2.9107789564e-01
2.9104455972e-01
2.9100955731e-01
2.9097213117e-01
2.9093320337e-01
2.9089290527e-01
2.9085137332e-01
2.9081252773e-01
2.9077288304e-01
2.9073255202e-01
2.9069164952e-01
2.9065163376e-01
2.9061129840e-01
2.9057075028e-01
2.9053009612e-01
2.9049633368e-01
2.9046263128e-01
2.9042904809e-01
2.9039564217e-01
2.9036217448e-01
2.9032900167e-01
2.9029617857e-01
2.9026375794e-01
2.9023061734e-01
2.9019801748e-01
2.9016600905e-01
2.9013463968e-01
2.9010645588e-01
2.9007887964e-01
2.9005194070e-01
2.9002566658e-01
2.8999809993e-01
2.8997136518e-01
2.8994548851e-01
2.8992049349e-01
2.8989144360e-01
2.8986374941e-01
2.8983743924e-01
2.8981253735e-01
2.8979121286e-01
2.8977107396e-01
2.8975213184e-01
2.8973439602e-01
2.8971713517e-01
2.8970121212e-01
2.8968663336e-01
2.8967340428e-01
2.8965986672e-01
2.8964812496e-01
2.8963818334e-01
2.8963004521e-01
2.8962371312e-01
2.8961918893e-01
2.8961647393e-01
2.8961556885e-01
