0.0000000000e+00
1.8692335687e-02
3.7384671373e-02
5.6077007060e-02
7.4769342747e-02
8.4778392266e-02
9.4787441784e-02
1.0479649130e-01
1.1480554082e-01
1.2119036548e-01
1.2757519013e-01
1.3396001478e-01
1.4034483944e-01
1.4489699081e-01
1.4944914218e-01
1.5400129356e-01
1.5855344493e-01
1.6201804099e-01
1.6548263705e-01
1.6894723311e-01
1.7241182916e-01
1.7514202174e-01
1.7787221431e-01
1.8060240688e-01
1.8333259946e-01
1.8560640537e-01
1.8788021127e-01
1.9015401718e-01
1.9242782309e-01
1.9440624104e-01
1.9638465899e-01
1.9836307695e-01
2.0034149490e-01
2.0220354161e-01
2.0406558832e-01
2.0592763503e-01
2.0778968174e-01
2.0951154092e-01
2.1123340009e-01
2.1295525926e-01
2.1467711844e-01
2.1612981013e-01
2.1758250181e-01
2.1903519350e-01
2.2048788519e-01
2.2160966156e-01
2.2273143793e-01
2.2385321430e-01
2.2497499067e-01
2.2598917148e-01
2.2700335229e-01
2.2801753310e-01
2.2903171391e-01
2.3006372784e-01
2.3109574177e-01
2.3212775571e-01
2.3315976964e-01
2.3415469925e-01
2.3514962886e-01
2.3614455846e-01
2.3713948807e-01
2.3805933286e-01
2.3897917765e-01
2.3989902243e-01
2.4081886722e-01
2.4166300741e-01
2.4250714761e-01
2.4335128781e-01
2.4419542801e-01
2.4525445929e-01
2.4631349058e-01
2.4737252187e-01
2.4843155315e-01
2.4930275262e-01
2.5017395208e-01
2.5104515154e-01
2.5191635100e-01
2.5283410670e-01
2.5375186240e-01
2.5466961810e-01
2.5558737380e-01
2.5660563367e-01
2.5762389354e-01
2.5864215341e-01
2.5966041328e-01
2.6108017443e-01
2.6249993558e-01
2.6391969672e-01
2.6533945787e-01
2.6650088826e-01
2.6766231864e-01
2.6882374903e-01
2.6998517942e-01
2.7123372217e-01
2.7248226492e-01
2.7373080767e-01
2.7497935043e-01
2.7637330462e-01
2.7776725882e-01
2.7916121301e-01
2.8055516721e-01
2.8229766182e-01
2.8404015644e-01
2.8578265106e-01
2.8752514567e-01
2.8959089470e-01
2.9165664372e-01
2.9372239275e-01
2.9578814177e-01
2.9824053282e-01
3.0069292386e-01
3.0314531491e-01
3.0559770595e-01
3.0796127836e-01
3.1032485077e-01
3.1268842319e-01
3.1505199560e-01
3.1762037248e-01
3.2018874937e-01
3.2275712625e-01
3.2532550314e-01
3.2823681647e-01
3.3114812980e-01
3.3405944313e-01
3.3697075646e-01
3.4039433521e-01
3.4381791397e-01
3.4724149273e-01
3.5066507149e-01
3.5487139780e-01
3.5907772411e-01
3.6328405042e-01
3.6749037673e-01
3.7293032402e-01
3.7837027131e-01
3.8381021860e-01
3.8925016589e-01
3.9623880340e-01
4.0322744091e-01
4.1021607842e-01
4.1720471593e-01
4.2470044901e-01
4.3219618210e-01
4.3969191518e-01
4.4718764826e-01
4.5463871291e-01
4.6208977756e-01
4.6954084221e-01
4.7699190685e-01
4.8468943551e-01
4.9238696416e-01
5.0008449282e-01
5.0778202147e-01
5.1607605176e-01
5.2437008205e-01
5.3266411234e-01
5.4095814263e-01
5.4818997733e-01
5.5542181203e-01
5.6265364673e-01
5.6988548143e-01
5.7642257919e-01
5.8295967695e-01
5.8949677472e-01
5.9603387248e-01
6.0114065919e-01
6.0624744591e-01
6.1135423263e-01
6.1646101934e-01
6.2062421835e-01
6.2478741737e-01
6.2895061638e-01
6.3311381540e-01
6.3662237484e-01
6.4013093428e-01
6.4363949372e-01
6.4714805316e-01
6.5018439219e-01
6.5322073122e-01
6.5625707026e-01
6.5929340929e-01
6.6198473590e-01
6.6467606251e-01
6.6736738911e-01
6.7005871572e-01
6.7250922921e-01
6.7495974271e-01
6.7741025620e-01
6.7986076969e-01
6.8226079592e-01
6.8466082216e-01
6.8706084839e-01
6.8946087462e-01
6.9203665498e-01
6.9461243533e-01
6.9718821569e-01
6.9976399604e-01
7.0171597409e-01
7.0366795214e-01
7.0561993018e-01
7.0757190823e-01
7.0924498477e-01
7.1091806131e-01
7.1259113786e-01
7.1426421440e-01
7.1564581530e-01
7.1702741620e-01
7.1840901710e-01
7.1979061801e-01
7.2103533663e-01
7.2228005526e-01
7.2352477389e-01
7.2476949252e-01
7.2595083891e-01
7.2713218530e-01
7.2831353169e-01
7.2949487807e-01
7.3066455145e-01
7.3183422483e-01
7.3300389820e-01
7.3417357158e-01
7.3525993532e-01
7.3634629906e-01
7.3743266281e-01
7.3851902655e-01
7.3951346197e-01
7.4050789739e-01
7.4150233280e-01
7.4249676822e-01
7.4338203542e-01
7.4426730261e-01
7.4515256981e-01
7.4603783701e-01
7.4693561432e-01
7.4783339164e-01
7.4873116895e-01
7.4962894627e-01
7.5055320929e-01
7.5147747231e-01
7.5240173533e-01
7.5332599836e-01
7.5418994537e-01
7.5505389238e-01
7.5591783939e-01
7.5678178640e-01
7.5773363734e-01
7.5868548828e-01
7.5963733921e-01
7.6058919015e-01
7.6161679422e-01
7.6264439830e-01
7.6367200238e-01
7.6469960646e-01
7.6571601434e-01
7.6673242222e-01
7.6774883010e-01
7.6876523798e-01
7.6983832666e-01
7.7091141534e-01
7.7198450402e-01
7.7305759270e-01
7.7433783870e-01
7.7561808471e-01
7.7689833072e-01
7.7817857673e-01
7.7979288765e-01
7.8140719856e-01
7.8302150948e-01
7.8463582040e-01
7.8655504062e-01
7.8847426085e-01
7.9039348107e-01
7.9231270130e-01
7.9433524811e-01
7.9635779492e-01
7.9838034174e-01
8.0040288855e-01
8.0281787932e-01
8.0523287008e-01
8.0764786085e-01
8.1006285162e-01
8.1321406406e-01
8.1636527650e-01
8.1951648894e-01
8.2266770138e-01
8.2730899134e-01
8.3195028131e-01
8.3659157127e-01
8.4123286124e-01
8.4952553850e-01
8.5781821576e-01
8.6611089302e-01
8.7440357028e-01
8.8997120866e-01
9.0553884704e-01
9.2110648543e-01
9.3667412381e-01
9.5250559285e-01
9.6833706190e-01
9.8416853095e-01
1.0000000000e+00
