0.0000000000e+00
1.2472457751e-02
2.4944915503e-02
3.7417373254e-02
4.9889831006e-02
5.8311752284e-02
6.6733673563e-02
7.5155594841e-02
8.3577516119e-02
8.9694966638e-02
9.5812417157e-02
1.0192986768e-01
1.0804731819e-01
1.1281168575e-01
1.1757605331e-01
1.2234042087e-01
1.2710478842e-01
1.3103494374e-01
1.3496509906e-01
1.3889525438e-01
1.4282540970e-01
1.4630517465e-01
1.4978493959e-01
1.5326470454e-01
1.5674446948e-01
1.6014710689e-01
1.6354974429e-01
1.6695238169e-01
1.7035501909e-01
1.7304787382e-01
1.7574072854e-01
1.7843358327e-01
1.8112643799e-01
1.8317235370e-01
1.8521826942e-01
1.8726418513e-01
1.8931010084e-01
1.9116854885e-01
1.9302699687e-01
1.9488544488e-01
1.9674389289e-01
1.9891617036e-01
2.0108844784e-01
2.0326072531e-01
2.0543300279e-01
2.0712520403e-01
2.0881740527e-01
2.1050960651e-01
2.1220180775e-01
2.1376607619e-01
2.1533034464e-01
2.1689461309e-01
2.1845888153e-01
2.2050703079e-01
2.2255518004e-01
2.2460332929e-01
2.2665147855e-01
2.2825865808e-01
2.2986583761e-01
2.3147301714e-01
2.3308019667e-01
2.3502726035e-01
2.3697432403e-01
2.3892138772e-01
2.4086845140e-01
2.4296133200e-01
2.4505421260e-01
2.4714709321e-01
2.4923997381e-01
2.5140233143e-01
2.5356468905e-01
2.5572704667e-01
2.5788940429e-01
2.6017075476e-01
2.6245210522e-01
2.6473345568e-01
2.6701480615e-01
2.6964674278e-01
2.7227867941e-01
2.7491061604e-01
2.7754255267e-01
2.8121983049e-01
2.8489710831e-01
2.8857438613e-01
2.9225166395e-01
2.9753303706e-01
3.0281441018e-01
3.0809578329e-01
3.1337715641e-01
3.1773263587e-01
3.2208811533e-01
3.2644359479e-01
3.3079907424e-01
3.3618225231e-01
3.4156543037e-01
3.4694860843e-01
3.5233178649e-01
3.5716203347e-01
3.6199228044e-01
3.6682252742e-01
3.7165277440e-01
3.7578431728e-01
3.7991586016e-01
3.8404740304e-01
3.8817894593e-01
3.9146057129e-01
3.9474219665e-01
3.9802382201e-01
4.0130544737e-01
4.0406413110e-01
4.0682281483e-01
4.0958149857e-01
4.1234018230e-01
4.1488207955e-01
4.1742397680e-01
4.1996587405e-01
4.2250777131e-01
4.2502968767e-01
4.2755160402e-01
4.3007352038e-01
4.3259543674e-01
4.3486357456e-01
4.3713171237e-01
4.3939985019e-01
4.4166798800e-01
4.4383884746e-01
4.4600970692e-01
4.4818056637e-01
4.5035142583e-01
4.5227342363e-01
4.5419542143e-01
4.5611741922e-01
4.5803941702e-01
4.6010926259e-01
4.6217910816e-01
4.6424895373e-01
4.6631879930e-01
4.6820659981e-01
4.7009440033e-01
4.7198220084e-01
4.7387000135e-01
4.7597561587e-01
4.7808123039e-01
4.8018684491e-01
4.8229245942e-01
4.8447492101e-01
4.8665738260e-01
4.8883984419e-01
4.9102230578e-01
4.9317350499e-01
4.9532470419e-01
4.9747590340e-01
4.9962710260e-01
5.0171779469e-01
5.0380848678e-01
5.0589917887e-01
5.0798987097e-01
5.1015331216e-01
5.1231675335e-01
5.1448019455e-01
5.1664363574e-01
5.1863158850e-01
5.2061954126e-01
5.2260749402e-01
5.2459544678e-01
5.2652393239e-01
5.2845241800e-01
5.3038090361e-01
5.3230938922e-01
5.3429188326e-01
5.3627437729e-01
5.3825687133e-01
5.4023936537e-01
5.4221144732e-01
5.4418352926e-01
5.4615561121e-01
5.4812769316e-01
5.5037988012e-01
5.5263206708e-01
5.5488425405e-01
5.5713644101e-01
5.5996423855e-01
5.6279203610e-01
5.6561983364e-01
5.6844763119e-01
5.7099214524e-01
5.7353665928e-01
5.7608117333e-01
5.7862568738e-01
5.8152970962e-01
5.8443373186e-01
5.8733775410e-01
5.9024177634e-01
5.9402246463e-01
5.9780315292e-01
6.0158384121e-01
6.0536452951e-01
6.1006012957e-01
6.1475572963e-01
6.1945132969e-01
6.2414692975e-01
6.2884953733e-01
6.3355214490e-01
6.3825475248e-01
6.4295736006e-01
6.4748207265e-01
6.5200678525e-01
6.5653149784e-01
6.6105621044e-01
6.6529582939e-01
6.6953544834e-01
6.7377506729e-01
6.7801468624e-01
6.8224117056e-01
6.8646765488e-01
6.9069413920e-01
6.9492062352e-01
6.9847956493e-01
7.0203850633e-01
7.0559744774e-01
7.0915638915e-01
7.1187946740e-01
7.1460254564e-01
7.1732562388e-01
7.2004870212e-01
7.2241548430e-01
7.2478226648e-01
7.2714904866e-01
7.2951583084e-01
7.3170568999e-01
7.3389554913e-01
7.3608540827e-01
7.3827526742e-01
7.4079395435e-01
7.4331264128e-01
7.4583132821e-01
7.4835001514e-01
7.5023760323e-01
7.5212519132e-01
7.5401277941e-01
7.5590036750e-01
7.5760888938e-01
7.5931741126e-01
7.6102593314e-01
7.6273445502e-01
7.6435489299e-01
7.6597533095e-01
7.6759576891e-01
7.6921620688e-01
7.7095540557e-01
7.7269460426e-01
7.7443380295e-01
7.7617300164e-01
7.7775699812e-01
7.7934099460e-01
7.8092499107e-01
7.8250898755e-01
7.8426769633e-01
7.8602640512e-01
7.8778511390e-01
7.8954382268e-01
7.9159087728e-01
7.9363793188e-01
7.9568498649e-01
7.9773204109e-01
7.9963010468e-01
8.0152816828e-01
8.0342623187e-01
8.0532429546e-01
8.0757761146e-01
8.0983092745e-01
8.1208424344e-01
8.1433755943e-01
8.1730671895e-01
8.2027587846e-01
8.2324503797e-01
8.2621419748e-01
8.2968651191e-01
8.3315882634e-01
8.3663114076e-01
8.4010345519e-01
8.4399906066e-01
8.4789466614e-01
8.5179027161e-01
8.5568587708e-01
8.6067967999e-01
8.6567348290e-01
8.7066728582e-01
8.7566108873e-01
8.8299686901e-01
8.9033264930e-01
8.9766842958e-01
9.0500420987e-01
9.1687868227e-01
9.2875315468e-01
9.4062762708e-01
9.5250209949e-01
9.6437657462e-01
9.7625104975e-01
9.8812552487e-01
1.0000000000e+00
