3.1076580451e-01
3.1076586461e-01
3.1076604489e-01
3.1076634529e-01
3.1076676567e-01
3.1076728655e-01
3.1076791946e-01
3.1076866415e-01
3.1076952037e-01
3.1077047040e-01
3.1077152755e-01
3.1077269146e-01
3.1077396172e-01
3.1077532607e-01
3.1077679412e-01
3.1077836534e-01
3.1078003922e-01
3.1078181384e-01
3.1078368978e-01
3.1078566638e-01
3.1078774298e-01
3.1078993573e-01
3.1079222851e-01
3.1079462050e-01
3.1079711089e-01
3.1079974837e-01
3.1080248612e-01
3.1080532313e-01
3.1080825839e-01
3.1081140941e-01
3.1081466399e-01
3.1081802087e-01
3.1082147873e-01
3.1082537182e-01
3.1082938211e-01
3.1083350772e-01
3.1083774675e-01
3.1084223847e-01
3.1084684664e-01
3.1085156900e-01
3.1085640319e-01
3.1086084855e-01
3.1086538081e-01
3.1086999816e-01
3.1087469874e-01
3.1087928861e-01
3.1088395178e-01
3.1088868654e-01
3.1089349115e-01
3.1089827317e-01
3.1090311909e-01
3.1090802718e-01
3.1091299572e-01
3.1091800122e-01
3.1092306315e-01
3.1092817975e-01
3.1093334923e-01
3.1093861993e-01
3.1094394081e-01
3.1094931001e-01
3.1095472561e-01
3.1096039600e-01
3.1096611221e-01
3.1097187207e-01
3.1097767340e-01
3.1098344872e-01
3.1098926032e-01
3.1099510604e-01
3.1100098375e-01
3.1100695424e-01
3.1101295295e-01
3.1101897764e-01
3.1102502608e-01
3.1103130786e-01
3.1103761016e-01
3.1104393048e-01
3.1105026632e-01
3.1105790844e-01
3.1106556507e-01
3.1107323186e-01
3.1108090446e-01
3.1108750210e-01
3.1109409808e-01
3.1110068969e-01
3.1110727420e-01
3.1111385549e-01
3.1112042423e-01
3.1112697773e-01
3.1113351331e-01
3.1114015833e-01
3.1114677912e-01
3.1115337289e-01
3.1115993687e-01
3.1116671938e-01
3.1117346373e-01
3.1118016691e-01
3.1118682592e-01
3.1119394862e-01
3.1120101291e-01
3.1120801517e-01
3.1121495181e-01
3.1122308744e-01
3.1123112003e-01
3.1123904388e-01
3.1124685338e-01
3.1125368550e-01
3.1126041941e-01
3.1126705140e-01
3.1127357786e-01
3.1127970282e-01
3.1128572545e-01
3.1129164276e-01
3.1129745185e-01
3.1130306268e-01
3.1130856321e-01
3.1131395084e-01
3.1131922303e-01
3.1132436919e-01
3.1132939544e-01
3.1133429944e-01
3.1133907894e-01
3.1134376456e-01
3.1134831948e-01
3.1135274157e-01
3.1135702878e-01
3.1136123497e-01
3.1136529853e-01
3.1136921757e-01
3.1137299024e-01
3.1137668277e-01
3.1138021962e-01
3.1138359909e-01
3.1138681953e-01
3.1138995195e-01
3.1139291428e-01
3.1139570503e-01
3.1139832280e-01
3.1140083796e-01
3.1140316669e-01
3.1140530777e-01
3.1140726006e-01
3.1140909186e-01
3.1141071663e-01
3.1141213341e-01
3.1141334141e-01
3.1141441741e-01
3.1141524489e-01
3.1141582328e-01
3.1141615219e-01
3.1141623353e-01
3.1141609183e-01
3.1141572717e-01
3.1141513978e-01
3.1141437390e-01
3.1141340686e-01
3.1141223921e-01
3.1141087158e-01
3.1140935902e-01
3.1140766081e-01
3.1140577782e-01
3.1140371103e-01
3.1140152265e-01
3.1139916204e-01
3.1139663035e-01
3.1139392883e-01
3.1139112168e-01
3.1138815447e-01
3.1138502858e-01
3.1138174551e-01
3.1137836512e-01
3.1137483578e-01
3.1137115913e-01
3.1136733687e-01
3.1136341603e-01
3.1135935634e-01
3.1135515967e-01
3.1135082793e-01
3.1134638277e-01
3.1134180772e-01
3.1133710487e-01
3.1133227638e-01
3.1132729543e-01
3.1132219196e-01
3.1131696836e-01
3.1131162708e-01
3.1130603188e-01
3.1130031844e-01
3.1129448962e-01
3.1128854833e-01
3.1128196174e-01
3.1127524958e-01
3.1126841586e-01
3.1126146470e-01
3.1125462783e-01
3.1124768875e-01
3.1124065141e-01
3.1123351986e-01
3.1122700642e-01
3.1122042266e-01
3.1121377170e-01
3.1120705669e-01
3.1120062686e-01
3.1119414499e-01
3.1118761387e-01
3.1118103633e-01
3.1117462338e-01
3.1116817218e-01
3.1116168541e-01
3.1115516572e-01
3.1114872371e-01
3.1114225506e-01
3.1113576238e-01
3.1112924829e-01
3.1112269481e-01
3.1111612513e-01
3.1110954194e-01
3.1110294797e-01
3.1109597837e-01
3.1108900300e-01
3.1108202509e-01
3.1107504790e-01
3.1106869653e-01
3.1106235091e-01
3.1105601352e-01
3.1104968680e-01
3.1104356534e-01
3.1103745851e-01
3.1103136856e-01
3.1102529774e-01
3.1101931219e-01
3.1101334976e-01
3.1100741262e-01
3.1100150294e-01
3.1099553807e-01
3.1098960593e-01
3.1098370879e-01
3.1097784886e-01
3.1097225648e-01
3.1096670248e-01
3.1096118880e-01
3.1095571739e-01
3.1095034397e-01
3.1094501574e-01
3.1093973454e-01
3.1093450222e-01
3.1092930144e-01
3.1092415356e-01
3.1091906039e-01
3.1091402371e-01
3.1090895284e-01
3.1090394430e-01
3.1089899991e-01
3.1089412150e-01
3.1088909640e-01
3.1088414731e-01
3.1087927621e-01
3.1087448505e-01
3.1086916920e-01
3.1086396064e-01
3.1085886206e-01
3.1085387608e-01
3.1084929718e-01
3.1084482199e-01
3.1084045255e-01
3.1083619085e-01
3.1083234915e-01
3.1082860266e-01
3.1082495283e-01
3.1082140109e-01
3.1081806935e-01
3.1081483138e-01
3.1081168833e-01
3.1080864136e-01
3.1080574540e-01
3.1080294406e-01
3.1080023831e-01
3.1079762911e-01
3.1079513689e-01
3.1079274144e-01
3.1079044359e-01
3.1078824412e-01
3.1078614318e-01
3.1078414216e-01
3.1078224175e-01
3.1078044260e-01
3.1077873217e-01
3.1077712585e-01
3.1077562422e-01
3.1077422779e-01
3.1077291567e-01
3.1077171340e-01
3.1077062142e-01
3.1076964013e-01
3.1076874258e-01
3.1076796399e-01
3.1076730468e-01
3.1076676490e-01
3.1076634485e-01
3.1076604470e-01
3.1076586456e-01
3.1076580451e-01
