2.5215909463e-01
2.5235570069e-01
2.5294582535e-01
2.5393038885e-01
2.5531092661e-01
2.5619691752e-01
2.5719348084e-01
2.5830104668e-01
2.5952009307e-01
2.6034989227e-01
2.6122474428e-01
2.6214480051e-01
2.6311022016e-01
2.6381778877e-01
2.6454802223e-01
2.6530098327e-01
2.6607673658e-01
2.6667697808e-01
2.6729025359e-01
2.6791659310e-01
2.6855602722e-01
2.6907429698e-01
2.6960089631e-01
2.7013584150e-01
2.7067914912e-01
2.7114107713e-01
2.7160890408e-01
2.7208264011e-01
2.7256229547e-01
2.7299749430e-01
2.7343746962e-01
2.7388222898e-01
2.7433177994e-01
2.7477928622e-01
2.7523145600e-01
2.7568829625e-01
2.7614981366e-01
2.7654263627e-01
2.7693879263e-01
2.7733828561e-01
2.7774111734e-01
2.7803100122e-01
2.7832259037e-01
2.7861588433e-01
2.7891088207e-01
2.7917829407e-01
2.7944708762e-01
2.7971726013e-01
2.7998880819e-01
2.8037812035e-01
2.8077019922e-01
2.8116502118e-01
2.8156255465e-01
2.8181787176e-01
2.8207426528e-01
2.8233171976e-01
2.8259021726e-01
2.8283238055e-01
2.8307541520e-01
2.8331929969e-01
2.8356400990e-01
2.8382671526e-01
2.8409029866e-01
2.8435471978e-01
2.8461993439e-01
2.8487659987e-01
2.8513391279e-01
2.8539182306e-01
2.8565027738e-01
2.8591614842e-01
2.8618246950e-01
2.8644917372e-01
2.8671619162e-01
2.8702775539e-01
2.8733953137e-01
2.8765140052e-01
2.8796324210e-01
2.8839406985e-01
2.8882429124e-01
2.8925358884e-01
2.8968165201e-01
2.9002791440e-01
2.9037301018e-01
2.9071679016e-01
2.9105911161e-01
2.9143566112e-01
2.9181008907e-01
2.9218223305e-01
2.9255194174e-01
2.9299846165e-01
2.9344093527e-01
2.9387915476e-01
2.9431293463e-01
2.9489180365e-01
2.9546192045e-01
2.9602299884e-01
2.9657480813e-01
2.9718328600e-01
2.9777965541e-01
2.9836378713e-01
2.9893560480e-01
2.9948612205e-01
3.0002469805e-01
3.0055137025e-01
3.0106620201e-01
3.0161684506e-01
3.0215351090e-01
3.0267635733e-01
3.0318555934e-01
3.0375834462e-01
3.0431340186e-01
3.0485105542e-01
3.0537163977e-01
3.0598315325e-01
3.0657047493e-01
3.0713423209e-01
3.0767505103e-01
3.0833995147e-01
3.0896902058e-01
3.0956355239e-01
3.1012481259e-01
3.1081512672e-01
3.1145263458e-01
3.1203997420e-01
3.1257969018e-01
3.1313519322e-01
3.1363646152e-01
3.1408678599e-01
3.1448934931e-01
3.1479547791e-01
3.1507134574e-01
3.1531875441e-01
3.1553947631e-01
3.1572262901e-01
3.1588553342e-01
3.1602957103e-01
3.1615610774e-01
3.1625499155e-01
3.1634204465e-01
3.1641818345e-01
3.1648430283e-01
3.1653900722e-01
3.1658606044e-01
3.1662616004e-01
3.1665996216e-01
3.1668801680e-01
3.1671095643e-01
3.1672926617e-01
3.1674336161e-01
3.1675399690e-01
3.1676065740e-01
3.1676353561e-01
3.1676271653e-01
3.1675859251e-01
3.1675111735e-01
3.1674010436e-01
3.1672528890e-01
3.1670525196e-01
3.1668016647e-01
3.1664948135e-01
3.1661257725e-01
3.1656219260e-01
3.1650180738e-01
3.1643027289e-01
3.1634638377e-01
3.1622099439e-01
3.1607136793e-01
3.1589485922e-01
3.1568877569e-01
3.1547098310e-01
3.1522376399e-01
3.1494494142e-01
3.1463230322e-01
3.1424810171e-01
3.1381752650e-01
3.1333745141e-01
3.1280464845e-01
3.1237587607e-01
3.1191520903e-01
3.1142121957e-01
3.1089243679e-01
3.1044427140e-01
3.0997217019e-01
3.0947532189e-01
3.0895289677e-01
3.0849989792e-01
3.0802825480e-01
3.0753746888e-01
3.0702703554e-01
3.0657336296e-01
3.0610454972e-01
3.0562027249e-01
3.0512020891e-01
3.0466544820e-01
3.0419792208e-01
3.0371741794e-01
3.0322372915e-01
3.0275919472e-01
3.0228325733e-01
3.0179578049e-01
3.0129663905e-01
3.0080021531e-01
3.0029257963e-01
2.9977366297e-01
2.9924341768e-01
2.9874821778e-01
2.9824351516e-01
2.9772933843e-01
2.9720574391e-01
2.9674114034e-01
2.9626950992e-01
2.9579095675e-01
2.9530561075e-01
2.9492093387e-01
2.9453227783e-01
2.9413974450e-01
2.9374344912e-01
2.9339305025e-01
2.9303995599e-01
2.9268427199e-01
2.9232611333e-01
2.9199133911e-01
2.9165464501e-01
2.9131614591e-01
2.9097596401e-01
2.9063239487e-01
2.9028739435e-01
2.8994110797e-01
2.8959368759e-01
2.8927997828e-01
2.8896559596e-01
2.8865066222e-01
2.8833530092e-01
2.8803740671e-01
2.8773934970e-01
2.8744123620e-01
2.8714317196e-01
2.8688252398e-01
2.8662206275e-01
2.8636185573e-01
2.8610196866e-01
2.8581647029e-01
2.8553151769e-01
2.8524718835e-01
2.8496355545e-01
2.8471118085e-01
2.8445946058e-01
2.8420843692e-01
2.8395814900e-01
2.8367662984e-01
2.8339614011e-01
2.8311672171e-01
2.8283841179e-01
2.8255304795e-01
2.8226892489e-01
2.8198606939e-01
2.8170450431e-01
2.8142135829e-01
2.8113956604e-01
2.8085914150e-01
2.8058009619e-01
2.8028894854e-01
2.7999933671e-01
2.7971126755e-01
2.7942474638e-01
2.7907115206e-01
2.7871995579e-01
2.7837116111e-01
2.7802477005e-01
2.7757535101e-01
2.7713004455e-01
2.7668884845e-01
2.7625175918e-01
2.7578100735e-01
2.7531510234e-01
2.7485403717e-01
2.7439780456e-01
2.7388465302e-01
2.7337773476e-01
2.7287703855e-01
2.7238255321e-01
2.7176358906e-01
2.7115459873e-01
2.7055555995e-01
2.6996645078e-01
2.6913325272e-01
2.6832065066e-01
2.6752858245e-01
2.6675698746e-01
2.6544941671e-01
2.6420468415e-01
2.6302249514e-01
2.6190256981e-01
2.5960821692e-01
2.5762524696e-01
2.5595128136e-01
2.5458431225e-01
2.5352232491e-01
2.5276467185e-01
2.5231044350e-01
2.5215909460e-01
