0.0000000000e+00
1.0608199865e-02
2.1216399729e-02
3.1824599594e-02
4.2432799458e-02
5.0596115825e-02
5.8759432191e-02
6.6922748558e-02
7.5086064925e-02
8.1563166335e-02
8.8040267746e-02
9.4517369156e-02
1.0099447057e-01
1.0633322319e-01
1.1167197582e-01
1.1701072844e-01
1.2234948107e-01
1.2689516233e-01
1.3144084359e-01
1.3598652485e-01
1.4053220612e-01
1.4450770523e-01
1.4848320434e-01
1.5245870345e-01
1.5643420257e-01
1.6000533463e-01
1.6357646670e-01
1.6714759876e-01
1.7071873083e-01
1.7404847231e-01
1.7737821380e-01
1.8070795528e-01
1.8403769677e-01
1.8779558999e-01
1.9155348322e-01
1.9531137645e-01
1.9906926967e-01
2.0186323027e-01
2.0465719088e-01
2.0745115148e-01
2.1024511208e-01
2.1269943618e-01
2.1515376028e-01
2.1760808437e-01
2.2006240847e-01
2.2211441335e-01
2.2416641823e-01
2.2621842311e-01
2.2827042799e-01
2.3012822732e-01
2.3198602666e-01
2.3384382600e-01
2.3570162533e-01
2.3748002742e-01
2.3925842950e-01
2.4103683158e-01
2.4281523367e-01
2.4472183401e-01
2.4662843434e-01
2.4853503468e-01
2.5044163502e-01
2.5223383125e-01
2.5402602748e-01
2.5581822372e-01
2.5761041995e-01
2.5924421967e-01
2.6087801939e-01
2.6251181911e-01
2.6414561884e-01
2.6570139302e-01
2.6725716721e-01
2.6881294140e-01
2.7036871558e-01
2.7187693188e-01
2.7338514818e-01
2.7489336448e-01
2.7640158078e-01
2.7812270167e-01
2.7984382257e-01
2.8156494346e-01
2.8328606435e-01
2.8488478985e-01
2.8648351536e-01
2.8808224086e-01
2.8968096637e-01
2.9121945731e-01
2.9275794826e-01
2.9429643920e-01
2.9583493015e-01
2.9749800040e-01
2.9916107064e-01
3.0082414089e-01
3.0248721114e-01
3.0431083179e-01
3.0613445245e-01
3.0795807311e-01
3.0978169377e-01
3.1176239396e-01
3.1374309414e-01
3.1572379433e-01
3.1770449452e-01
3.1991482790e-01
3.2212516128e-01
3.2433549466e-01
3.2654582804e-01
3.2861499730e-01
3.3068416656e-01
3.3275333581e-01
3.3482250507e-01
3.3698011289e-01
3.3913772072e-01
3.4129532854e-01
3.4345293637e-01
3.4577744909e-01
3.4810196181e-01
3.5042647454e-01
3.5275098726e-01
3.5533630255e-01
3.5792161784e-01
3.6050693313e-01
3.6309224843e-01
3.6621061586e-01
3.6932898329e-01
3.7244735072e-01
3.7556571816e-01
3.7916522132e-01
3.8276472448e-01
3.8636422764e-01
3.8996373079e-01
3.9447834133e-01
3.9899295186e-01
4.0350756239e-01
4.0802217292e-01
4.1218350692e-01
4.1634484093e-01
4.2050617493e-01
4.2466750893e-01
4.2888632584e-01
4.3310514275e-01
4.3732395965e-01
4.4154277656e-01
4.4600507939e-01
4.5046738222e-01
4.5492968505e-01
4.5939198788e-01
4.6422097227e-01
4.6904995665e-01
4.7387894104e-01
4.7870792543e-01
4.8437753984e-01
4.9004715425e-01
4.9571676866e-01
5.0138638308e-01
5.0622346182e-01
5.1106054057e-01
5.1589761931e-01
5.2073469806e-01
5.2522515441e-01
5.2971561076e-01
5.3420606711e-01
5.3869652346e-01
5.4293983382e-01
5.4718314417e-01
5.5142645453e-01
5.5566976488e-01
5.5981122051e-01
5.6395267614e-01
5.6809413177e-01
5.7223558740e-01
5.7721019332e-01
5.8218479924e-01
5.8715940516e-01
5.9213401108e-01
5.9578310804e-01
5.9943220500e-01
6.0308130195e-01
6.0673039891e-01
6.1012154096e-01
6.1351268302e-01
6.1690382507e-01
6.2029496713e-01
6.2306969950e-01
6.2584443188e-01
6.2861916426e-01
6.3139389664e-01
6.3384937450e-01
6.3630485237e-01
6.3876033024e-01
6.4121580810e-01
6.4348727698e-01
6.4575874586e-01
6.4803021474e-01
6.5030168362e-01
6.5242560699e-01
6.5454953036e-01
6.5667345373e-01
6.5879737710e-01
6.6089179522e-01
6.6298621335e-01
6.6508063148e-01
6.6717504961e-01
6.6962492455e-01
6.7207479949e-01
6.7452467444e-01
6.7697454938e-01
6.7887849460e-01
6.8078243982e-01
6.8268638505e-01
6.8459033027e-01
6.8641369997e-01
6.8823706968e-01
6.9006043938e-01
6.9188380908e-01
6.9352117260e-01
6.9515853612e-01
6.9679589964e-01
6.9843326316e-01
6.9997592820e-01
7.0151859324e-01
7.0306125829e-01
7.0460392333e-01
7.0621852180e-01
7.0783312026e-01
7.0944771872e-01
7.1106231719e-01
7.1274807870e-01
7.1443384022e-01
7.1611960173e-01
7.1780536325e-01
7.1931602619e-01
7.2082668914e-01
7.2233735208e-01
7.2384801503e-01
7.2541095885e-01
7.2697390267e-01
7.2853684650e-01
7.3009979032e-01
7.3175694659e-01
7.3341410287e-01
7.3507125914e-01
7.3672841541e-01
7.3856960926e-01
7.4041080311e-01
7.4225199695e-01
7.4409319080e-01
7.4593949858e-01
7.4778580635e-01
7.4963211413e-01
7.5147842190e-01
7.5326846490e-01
7.5505850790e-01
7.5684855090e-01
7.5863859390e-01
7.6054737932e-01
7.6245616475e-01
7.6436495017e-01
7.6627373560e-01
7.6846365976e-01
7.7065358392e-01
7.7284350808e-01
7.7503343225e-01
7.7778258384e-01
7.8053173544e-01
7.8328088703e-01
7.8603003863e-01
7.8971732555e-01
7.9340461248e-01
7.9709189940e-01
8.0077918633e-01
8.0410124913e-01
8.0742331194e-01
8.1074537474e-01
8.1406743755e-01
8.1762220695e-01
8.2117697635e-01
8.2473174575e-01
8.2828651515e-01
8.3229651832e-01
8.3630652149e-01
8.4031652466e-01
8.4432652783e-01
8.4903861893e-01
8.5375071004e-01
8.5846280115e-01
8.6317489225e-01
8.6898235643e-01
8.7478982061e-01
8.8059728478e-01
8.8640474896e-01
8.9404413734e-01
9.0168352572e-01
9.0932291410e-01
9.1696230248e-01
9.2734201467e-01
9.3772172686e-01
9.4810143905e-01
9.5848115124e-01
9.6886086343e-01
9.7924057562e-01
9.8962028781e-01
1.0000000000e+00
