1.2135593188e-02
1.2317792503e-02
1.2869590830e-02
1.3806764201e-02
1.5155975263e-02
1.6802512903e-02
1.8872667343e-02
2.1414990263e-02
2.4488011458e-02
2.7363952931e-02
3.0661000052e-02
3.4423933047e-02
3.8702296107e-02
4.2673056541e-02
4.7067548952e-02
5.1921139376e-02
5.7271121241e-02
6.2639406871e-02
6.8487703498e-02
7.4847640663e-02
8.1751154941e-02
8.9657835066e-02
9.8241449439e-02
1.0753696841e-01
1.1757685330e-01
1.2753617004e-01
1.3817466999e-01
1.4950755004e-01
1.6154506940e-01
1.7369643466e-01
1.8649253121e-01
1.9992599840e-01
2.1398323546e-01
2.2728438818e-01
2.4106442769e-01
2.5529895912e-01
2.6995921718e-01
2.8915560458e-01
3.0890986948e-01
3.2913729586e-01
3.4974656579e-01
3.6723248783e-01
3.8486105410e-01
4.0257411895e-01
4.2031404374e-01
4.3872227080e-01
4.5703759865e-01
4.7520215308e-01
4.9316172897e-01
5.1253167093e-01
5.3153636530e-01
5.5012299230e-01
5.6824553972e-01
5.8969596953e-01
6.1033753677e-01
6.3012558538e-01
6.4902801102e-01
6.6630952532e-01
6.8274724863e-01
6.9833875405e-01
7.1308786889e-01
7.2732477117e-01
7.4070273967e-01
7.5323987986e-01
7.6495717615e-01
7.7718839091e-01
7.8844624278e-01
7.9876687765e-01
8.0818677638e-01
8.1823851309e-01
8.2713276246e-01
8.3492440702e-01
8.4166423060e-01
8.4851338267e-01
8.5394483893e-01
8.5801796520e-01
8.6077876922e-01
8.6222754574e-01
8.6250480001e-01
8.6161470924e-01
8.5954921303e-01
8.5672821330e-01
8.5295100449e-01
8.4818860382e-01
8.4240508633e-01
8.3667496259e-01
8.3015210609e-01
8.2280420346e-01
8.1459634227e-01
8.0662859370e-01
7.9793903064e-01
7.8850054771e-01
7.7828577027e-01
7.6803991217e-01
7.5707424715e-01
7.4536835536e-01
7.3290337491e-01
7.1805557005e-01
7.0221980804e-01
6.8538268528e-01
6.6753795167e-01
6.5197181699e-01
6.3572042532e-01
6.1879610534e-01
6.0121745324e-01
5.8409687888e-01
5.6644646891e-01
5.4829988942e-01
5.2969739977e-01
5.1319078627e-01
4.9641017515e-01
4.7939454861e-01
4.6218659282e-01
4.4453744954e-01
4.2678908916e-01
4.0899626199e-01
3.9121598734e-01
3.7355925723e-01
3.5603224122e-01
3.3869373950e-01
3.2160159839e-01
3.0570062986e-01
2.9011594579e-01
2.7488999167e-01
2.6006184855e-01
2.4487966436e-01
2.3021634716e-01
2.1610261293e-01
2.0256340115e-01
1.8730295235e-01
1.7289558776e-01
1.5935201902e-01
1.4667317811e-01
1.3547272387e-01
1.2502555708e-01
1.1531380038e-01
1.0631547672e-01
9.7838799693e-02
9.0050148107e-02
8.2918709692e-02
7.6412843441e-02
6.9639689652e-02
6.3609500881e-02
5.8276036614e-02
5.3595613857e-02
4.8266093583e-02
4.3954381587e-02
4.0586082802e-02
3.8100835771e-02
3.6355106734e-02
3.5549434280e-02
3.5665931803e-02
3.6707191668e-02
3.8135022508e-02
4.0131011611e-02
4.2720158724e-02
4.5934194536e-02
4.9129043804e-02
5.2813315571e-02
5.7015754255e-02
6.1767817751e-02
6.6615305885e-02
7.1976547620e-02
7.7879970332e-02
8.4354741127e-02
9.1830902899e-02
1.0000894860e-01
1.0892196629e-01
1.1860098968e-01
1.2822232064e-01
1.3853671583e-01
1.4955907134e-01
1.6129962923e-01
1.7314102951e-01
1.8563591748e-01
1.9877757864e-01
2.1255325276e-01
2.2564076486e-01
2.3921962439e-01
2.5326612170e-01
2.6775214677e-01
2.8816686803e-01
3.0924543925e-01
3.3088293350e-01
3.5296556360e-01
3.6970829074e-01
3.8658160025e-01
4.0353383163e-01
4.2051379453e-01
4.3860349071e-01
4.5660903140e-01
4.7447465110e-01
4.9214802393e-01
5.1154839802e-01
5.3058945019e-01
5.4921720522e-01
5.6738458127e-01
5.9119334181e-01
6.1400347740e-01
6.3575516066e-01
6.5640748323e-01
6.7313704198e-01
6.8904243742e-01
7.0412367719e-01
7.1838637631e-01
7.3239777559e-01
7.4554656961e-01
7.5785228309e-01
7.6933708951e-01
7.8138783041e-01
7.9245257638e-01
8.0256897657e-01
8.1177469214e-01
8.2161675258e-01
8.3027538633e-01
8.3780662636e-01
8.4426165111e-01
8.5069873894e-01
8.5569510826e-01
8.5930548510e-01
8.6156992941e-01
8.6248935700e-01
8.6227924614e-01
8.6093625034e-01
8.5844557404e-01
8.5528245938e-01
8.5118469960e-01
8.4612069535e-01
8.4005252970e-01
8.3413097471e-01
8.2743680123e-01
8.1993815481e-01
8.1160096695e-01
8.0346297099e-01
7.9460892241e-01
7.8501227463e-01
7.7464639701e-01
7.6421738977e-01
7.5306973970e-01
7.4118378436e-01
7.2854157210e-01
7.1325054354e-01
6.9694609036e-01
6.7961635401e-01
6.6125736970e-01
6.4584073582e-01
6.2977727465e-01
6.1308016390e-01
5.9576837560e-01
5.7819998281e-01
5.6009392568e-01
5.4148736256e-01
5.2242449296e-01
5.0613982459e-01
4.8960497400e-01
4.7285754349e-01
4.5593844133e-01
4.3820912409e-01
4.2039439588e-01
4.0254953998e-01
3.8473188961e-01
3.6704536297e-01
3.4950312283e-01
3.3216355245e-01
3.1508378841e-01
2.9938177854e-01
2.8399839948e-01
2.6897349146e-01
2.5434350674e-01
2.3906111476e-01
2.2431034785e-01
2.1012065953e-01
1.9651542841e-01
1.8101853149e-01
1.6640236847e-01
1.5267394612e-01
1.3982980382e-01
1.2882835752e-01
1.1854264561e-01
1.0895230684e-01
1.0003317922e-01
9.1472627821e-02
8.3570554989e-02
7.6292755524e-02
6.9604115932e-02
6.2433079168e-02
5.5973073325e-02
5.0168356600e-02
4.4965396740e-02
3.8985591418e-02
3.3842846562e-02
2.9441733923e-02
2.5696969045e-02
2.2174593554e-02
1.9296159856e-02
1.6984171445e-02
1.5175061242e-02
1.3817158516e-02
1.2874104260e-02
1.2318906304e-02
1.2135594944e-02
