2.8714741236e-01
2.8714936469e-01
2.8715522168e-01
2.8716498337e-01
2.8717864978e-01
2.8719685578e-01
2.8721922372e-01
2.8724575353e-01
2.8727644498e-01
2.8730431164e-01
2.8733489994e-01
2.8736820928e-01
2.8740423879e-01
2.8743568615e-01
2.8746894668e-01
2.8750401917e-01
2.8754090203e-01
2.8757354614e-01
2.8760748521e-01
2.8764271730e-01
2.8767924005e-01
2.8771450974e-01
2.8775089961e-01
2.8778840625e-01
2.8782702556e-01
2.8787547480e-01
2.8792555126e-01
2.8797724199e-01
2.8803053125e-01
2.8807360119e-01
2.8811763946e-01
2.8816263350e-01
2.8820856889e-01
2.8825100540e-01
2.8829418811e-01
2.8833810164e-01
2.8838272890e-01
2.8842849349e-01
2.8847494503e-01
2.8852206002e-01
2.8856981284e-01
2.8862129226e-01
2.8867342600e-01
2.8872617493e-01
2.8877949706e-01
2.8883011014e-01
2.8888115094e-01
2.8893257810e-01
2.8898434834e-01
2.8904563050e-01
2.8910724886e-01
2.8916912452e-01
2.8923117625e-01
2.8929553359e-01
2.8935989655e-01
2.8942416999e-01
2.8948825809e-01
2.8956096928e-01
2.8963317310e-01
2.8970472922e-01
2.8977549943e-01
2.8984310162e-01
2.8990972152e-01
2.8997524293e-01
2.9003955352e-01
2.9010726744e-01
2.9017332549e-01
2.9023760473e-01
2.9029998859e-01
2.9036863992e-01
2.9043453373e-01
2.9049752865e-01
2.9055749440e-01
2.9062580272e-01
2.9068931653e-01
2.9074786870e-01
2.9080131425e-01
2.9086456288e-01
2.9091823441e-01
2.9096215695e-01
2.9099622162e-01
2.9101682567e-01
2.9103072508e-01
2.9103795249e-01
2.9103856864e-01
2.9103396031e-01
2.9102471081e-01
2.9101090677e-01
2.9099265057e-01
2.9097355085e-01
2.9095135197e-01
2.9092614724e-01
2.9089803918e-01
2.9087059598e-01
2.9084101570e-01
2.9080939030e-01
2.9077581779e-01
2.9074227631e-01
2.9070717104e-01
2.9067060039e-01
2.9063266738e-01
2.9058983562e-01
2.9054565431e-01
2.9050027431e-01
2.9045385135e-01
2.9041429044e-01
2.9037420622e-01
2.9033369591e-01
2.9029285761e-01
2.9025593126e-01
2.9021889122e-01
2.9018180895e-01
2.9014475536e-01
2.9011096095e-01
2.9007730170e-01
2.9004382919e-01
2.9001059377e-01
2.8996881546e-01
2.8992759443e-01
2.8988702231e-01
2.8984718561e-01
2.8981615459e-01
2.8978567557e-01
2.8975578407e-01
2.8972651326e-01
2.8969600242e-01
2.8966626757e-01
2.8963734015e-01
2.8960924870e-01
2.8958126764e-01
2.8955422242e-01
2.8952813537e-01
2.8950302628e-01
2.8947696488e-01
2.8945208934e-01
2.8942841628e-01
2.8940595995e-01
2.8938548687e-01
2.8936616370e-01
2.8934799834e-01
2.8933099748e-01
2.8931381072e-01
2.8929801841e-01
2.8928362560e-01
2.8927063643e-01
2.8925689745e-01
2.8924519225e-01
2.8923552443e-01
2.8922789671e-01
2.8922189368e-01
2.8921833377e-01
2.8921721800e-01
2.8921854666e-01
2.8922157848e-01
2.8922635831e-01
2.8923288516e-01
2.8924115760e-01
2.8924976443e-01
2.8925968695e-01
2.8927092314e-01
2.8928347049e-01
2.8929650384e-01
2.8931069782e-01
2.8932604872e-01
2.8934255215e-01
2.8936331109e-01
2.8938562961e-01
2.8940949552e-01
2.8943489412e-01
2.8945638687e-01
2.8947884600e-01
2.8950225928e-01
2.8952661273e-01
2.8954988503e-01
2.8957392903e-01
2.8959872907e-01
2.8962426777e-01
2.8965059893e-01
2.8967763210e-01
2.8970534385e-01
2.8973370861e-01
2.8976531215e-01
2.8979761846e-01
2.8983058551e-01
2.8986416813e-01
2.8989546713e-01
2.8992720389e-01
2.8995933696e-01
2.8999182298e-01
2.9003069688e-01
2.9006992450e-01
2.9010942503e-01
2.9014911519e-01
2.9019016076e-01
2.9023122197e-01
2.9027220228e-01
2.9031300441e-01
2.9035968191e-01
2.9040584432e-01
2.9045134421e-01
2.9049603629e-01
2.9053785240e-01
2.9057867981e-01
2.9061840080e-01
2.9065690143e-01
2.9069714474e-01
2.9073568972e-01
2.9077240855e-01
2.9080717997e-01
2.9084446430e-01
2.9087888303e-01
2.9091028684e-01
2.9093853815e-01
2.9096818337e-01
2.9099288230e-01
2.9101246093e-01
2.9102676824e-01
2.9103715529e-01
2.9103857745e-01
2.9103087649e-01
2.9101394882e-01
2.9099250506e-01
2.9096448476e-01
2.9092991452e-01
2.9088884813e-01
2.9084881950e-01
2.9080420556e-01
2.9075508772e-01
2.9070156286e-01
2.9065244850e-01
2.9060028160e-01
2.9054515061e-01
2.9048715300e-01
2.9043299051e-01
2.9037670653e-01
2.9031838937e-01
2.9025813333e-01
2.9019947381e-01
2.9013926050e-01
2.9007758764e-01
2.9001455403e-01
2.8993767118e-01
2.8985917977e-01
2.8977927078e-01
2.8969814216e-01
2.8963728647e-01
2.8957595672e-01
2.8951423903e-01
2.8945222035e-01
2.8939356954e-01
2.8933480219e-01
2.8927599119e-01
2.8921720885e-01
2.8916510365e-01
2.8911312647e-01
2.8906132548e-01
2.8900974771e-01
2.8893069657e-01
2.8885244655e-01
2.8877514903e-01
2.8869894483e-01
2.8865116223e-01
2.8860390405e-01
2.8855719902e-01
2.8851107392e-01
2.8846066196e-01
2.8841102378e-01
2.8836218760e-01
2.8831417892e-01
2.8826457848e-01
2.8821594352e-01
2.8816829508e-01
2.8812165166e-01
2.8807398352e-01
2.8802744732e-01
2.8798205683e-01
2.8793782382e-01
2.8789560475e-01
2.8785451511e-01
2.8781456168e-01
2.8777575016e-01
2.8773310140e-01
2.8769193473e-01
2.8765225488e-01
2.8761406567e-01
2.8756658813e-01
2.8752164733e-01
2.8747924726e-01
2.8743939083e-01
2.8739113917e-01
2.8734723914e-01
2.8730769287e-01
2.8727250168e-01
2.8724318402e-01
2.8721777517e-01
2.8719627534e-01
2.8717868459e-01
2.8716500293e-01
2.8715523035e-01
2.8714936681e-01
2.8714741230e-01
