2.3134708712e-10
1.8854763704e-10
8.4390629053e-10
3.0165295811e-09
1.9021292472e-08
4.9986781232e-08
1.2755417651e-07
3.2486633043e-07
8.4789524204e-07
1.5753183657e-06
2.9154628492e-06
5.3953471351e-06
1.0012478036e-05
1.5645129242e-05
2.4428409376e-05
3.8142234585e-05
5.9587588795e-05
8.3672479773e-05
1.1746961450e-04
1.6491524274e-04
2.3155210896e-04
3.0338538908e-04
3.9746994200e-04
5.2071285207e-04
6.8216918577e-04
8.5429737453e-04
1.0697775690e-03
1.3395193774e-03
1.6771669372e-03
2.0376767975e-03
2.4754195236e-03
3.0068546676e-03
3.6519024092e-03
4.3640216417e-03
5.2140880352e-03
6.2284777080e-03
7.4384528512e-03
9.0985348590e-03
1.1123947388e-02
1.3592695589e-02
1.6598196292e-02
1.9003556299e-02
2.1748012388e-02
2.4876447668e-02
2.8438765558e-02
3.1742464397e-02
3.5412568353e-02
3.9485439210e-02
4.3999987725e-02
4.8348570256e-02
5.3096799659e-02
5.8275131673e-02
6.3915034471e-02
6.9975918908e-02
7.6551015526e-02
8.3671909099e-02
9.1369735824e-02
1.0086268827e-01
1.1118246659e-01
1.2236667093e-01
1.3444728033e-01
1.4485139194e-01
1.5586274904e-01
1.6748585829e-01
1.7972038398e-01
1.9169185472e-01
2.0418250954e-01
2.1717870277e-01
2.3066213078e-01
2.4589293061e-01
2.6163957246e-01
2.7785983768e-01
2.9450583903e-01
3.1354717793e-01
3.3297389841e-01
3.5270113538e-01
3.7264089378e-01
3.8913604508e-01
4.0566486445e-01
4.2217867571e-01
4.3863022687e-01
4.5636328393e-01
4.7391484953e-01
4.9123401515e-01
5.0827408357e-01
5.2996526573e-01
5.5103135814e-01
5.7140451155e-01
5.9102992744e-01
6.1158816365e-01
6.3116213531e-01
6.4972714335e-01
6.6727167121e-01
6.8167542731e-01
6.9531587841e-01
7.0820362154e-01
7.2035318142e-01
7.3270735216e-01
7.4424153425e-01
7.5498446730e-01
7.6496691191e-01
7.7553980785e-01
7.8520128362e-01
7.9400195166e-01
8.0199227225e-01
8.1065913207e-01
8.1829534406e-01
8.2498343710e-01
8.3080192712e-01
8.3689084178e-01
8.4189852005e-01
8.4594361047e-01
8.4913420322e-01
8.5182370701e-01
8.5368025798e-01
8.5481461809e-01
8.5532459215e-01
8.5530757332e-01
8.5486438069e-01
8.5405346994e-01
8.5292627776e-01
8.5139945308e-01
8.4960419650e-01
8.4758416896e-01
8.4537722330e-01
8.4270941700e-01
8.3988625633e-01
8.3694200027e-01
8.3390579699e-01
8.3029128098e-01
8.2661855996e-01
8.2291497862e-01
8.1920328590e-01
8.1473416125e-01
8.1030814821e-01
8.0594759061e-01
8.0167068310e-01
7.9633733095e-01
7.9119091337e-01
7.8625190270e-01
7.8153703201e-01
7.7508131199e-01
7.6916975984e-01
7.6383311546e-01
7.5909796574e-01
7.5386908424e-01
7.4974608387e-01
7.4676590873e-01
7.4495633013e-01
7.4434940757e-01
7.4463190409e-01
7.4580174327e-01
7.4785047388e-01
7.5027635519e-01
7.5331658749e-01
7.5695645480e-01
7.6117885550e-01
7.6472385684e-01
7.6857790197e-01
7.7273106714e-01
7.7717238653e-01
7.8098065888e-01
7.8496331366e-01
7.8911193371e-01
7.9341678374e-01
7.9715109079e-01
8.0097994584e-01
8.0489394399e-01
8.0888192443e-01
8.1237225959e-01
8.1589766562e-01
8.1944615626e-01
8.2300354161e-01
8.2613492991e-01
8.2924665471e-01
8.3232285870e-01
8.3534499947e-01
8.3800491894e-01
8.4058494761e-01
8.4306381509e-01
8.4541697721e-01
8.4746419693e-01
8.4935282955e-01
8.5105321544e-01
8.5253150112e-01
8.5372714145e-01
8.5463140906e-01
8.5519739404e-01
8.5537187420e-01
8.5509512520e-01
8.5429960182e-01
8.5290858870e-01
8.5083572807e-01
8.4853721047e-01
8.4564538228e-01
8.4209381877e-01
8.3781013155e-01
8.3359989398e-01
8.2877092504e-01
8.2327048641e-01
8.1704280998e-01
8.1115297588e-01
8.0466167566e-01
7.9753051053e-01
7.8972009615e-01
7.8197415983e-01
7.7359971703e-01
7.6456614502e-01
7.5484319244e-01
7.4513825622e-01
7.3478636415e-01
7.2376593087e-01
7.1205712873e-01
6.9938383662e-01
6.8596001361e-01
6.7177372284e-01
6.5681749576e-01
6.4228388814e-01
6.2709132449e-01
6.1124778315e-01
5.9476692920e-01
5.7903711627e-01
5.6280392318e-01
5.4609330277e-01
5.2893671752e-01
5.1344688705e-01
4.9766761301e-01
4.8163176477e-01
4.6537564477e-01
4.4945870129e-01
4.3341099804e-01
4.1727365314e-01
4.0108984783e-01
3.8253129635e-01
3.6404022829e-01
3.4568705616e-01
3.2754198062e-01
3.1225682473e-01
2.9721531471e-01
2.8245690973e-01
2.6801861710e-01
2.5266784301e-01
2.3777870031e-01
2.2338585378e-01
2.0951851129e-01
1.9550560119e-01
1.8212252888e-01
1.6938314059e-01
1.5729473904e-01
1.4510961546e-01
1.3366198910e-01
1.2293992729e-01
1.1292602354e-01
1.0390635189e-01
9.5503611032e-02
8.7692328694e-02
8.0445237699e-02
7.3133617424e-02
6.6424247683e-02
6.0278809166e-02
5.4659302254e-02
4.7934806520e-02
4.1991050291e-02
3.6748513453e-02
3.2133036348e-02
2.6989907965e-02
2.2646123747e-02
1.8984611906e-02
1.5903221997e-02
1.3351533587e-02
1.1203598916e-02
9.3971962758e-03
7.8791802094e-03
6.4877483067e-03
5.3404655201e-03
4.3949738799e-03
3.6160998920e-03
2.8663250050e-03
2.2716254976e-03
1.8000417461e-03
1.4261511043e-03
1.0577230172e-03
7.8444130355e-04
5.8171654092e-04
4.3131436785e-04
2.8165650381e-04
1.8399683830e-04
1.2019365183e-04
7.8467294293e-05
3.8176016596e-05
1.8683332693e-05
9.1417353368e-06
4.4360717336e-06
8.9463014869e-07
2.4360579611e-07
5.8930359173e-08
2.2567959579e-08
4.4311918325e-09
1.2090070387e-09
3.0833743552e-10
2.3081548294e-10
