2.6385943918e-01
2.6394122836e-01
2.6418664660e-01
2.6459584604e-01
2.6516908037e-01
2.6559438828e-01
2.6607962283e-01
2.6662489351e-01
2.6723032336e-01
2.6768317180e-01
2.6816476990e-01
2.6867516939e-01
2.6921442509e-01
2.6963456741e-01
2.7007075320e-01
2.7052300841e-01
2.7099135996e-01
2.7136926948e-01
2.7175707505e-01
2.7215479080e-01
2.7256243123e-01
2.7290139211e-01
2.7324693953e-01
2.7359908182e-01
2.7395782748e-01
2.7426667647e-01
2.7458026883e-01
2.7489860996e-01
2.7522170537e-01
2.7550901118e-01
2.7579998256e-01
2.7609462336e-01
2.7639293745e-01
2.7667149136e-01
2.7695317987e-01
2.7723800606e-01
2.7752597300e-01
2.7784153612e-01
2.7816079385e-01
2.7848374992e-01
2.7881040785e-01
2.7905318498e-01
2.7929797016e-01
2.7954476439e-01
2.7979356847e-01
2.8000019198e-01
2.8020818190e-01
2.8041753813e-01
2.8062826033e-01
2.8081240176e-01
2.8099757264e-01
2.8118377208e-01
2.8137099889e-01
2.8154786131e-01
2.8172562786e-01
2.8190429657e-01
2.8208386502e-01
2.8228013783e-01
2.8247746649e-01
2.8267584557e-01
2.8287526855e-01
2.8305515453e-01
2.8323586886e-01
2.8341740401e-01
2.8359975133e-01
2.8377166048e-01
2.8394426740e-01
2.8411756166e-01
2.8429153163e-01
2.8445233691e-01
2.8461369313e-01
2.8477558803e-01
2.8493800826e-01
2.8511420377e-01
2.8529097653e-01
2.8546830492e-01
2.8564616559e-01
2.8582364078e-01
2.8600159177e-01
2.8617999054e-01
2.8635880741e-01
2.8653087297e-01
2.8670326619e-01
2.8687595682e-01
2.8704891349e-01
2.8725130534e-01
2.8745396259e-01
2.8765683021e-01
2.8785985177e-01
2.8806901408e-01
2.8827821480e-01
2.8848738944e-01
2.8869647309e-01
2.8896455511e-01
2.8923224298e-01
2.8949940078e-01
2.8976589454e-01
2.8999523414e-01
2.9022389888e-01
2.9045180839e-01
2.9067888456e-01
2.9091851887e-01
2.9115704570e-01
2.9139438173e-01
2.9163044719e-01
2.9188771675e-01
2.9214327235e-01
2.9239702411e-01
2.9264888746e-01
2.9294330590e-01
2.9323486849e-01
2.9352346406e-01
2.9380899077e-01
2.9416332311e-01
2.9451249710e-01
2.9485636699e-01
2.9519480538e-01
2.9559080462e-01
2.9597877957e-01
2.9635860042e-01
2.9673016260e-01
2.9708502957e-01
2.9743188123e-01
2.9777067517e-01
2.9810138294e-01
2.9843449924e-01
2.9875896360e-01
2.9907478035e-01
2.9938196273e-01
2.9970638010e-01
3.0002063775e-01
3.0032477835e-01
3.0061885053e-01
3.0093695306e-01
3.0124252317e-01
3.0153564603e-01
3.0181640964e-01
3.0212518703e-01
3.0241776164e-01
3.0269427158e-01
3.0295485286e-01
3.0324469016e-01
3.0351232394e-01
3.0375795968e-01
3.0398179062e-01
3.0422784000e-01
3.0444136946e-01
3.0462264830e-01
3.0477190825e-01
3.0491060026e-01
3.0500245150e-01
3.0504764018e-01
3.0504625434e-01
3.0501115444e-01
3.0494564922e-01
3.0484965569e-01
3.0472305281e-01
3.0459308094e-01
3.0444133043e-01
3.0426766960e-01
3.0407194939e-01
3.0388609975e-01
3.0368373844e-01
3.0346474273e-01
3.0322898226e-01
3.0300833162e-01
3.0277458661e-01
3.0252764757e-01
3.0226741234e-01
3.0202346261e-01
3.0176873161e-01
3.0150314435e-01
3.0122662649e-01
3.0096486987e-01
3.0069390859e-01
3.0041369113e-01
3.0012416891e-01
2.9984438648e-01
2.9955636125e-01
2.9926006457e-01
2.9895547312e-01
2.9863964562e-01
2.9831534243e-01
2.9798256287e-01
2.9764131679e-01
2.9732142711e-01
2.9699448339e-01
2.9666052400e-01
2.9631959995e-01
2.9598427127e-01
2.9564259751e-01
2.9529466632e-01
2.9494058222e-01
2.9466794515e-01
2.9439189895e-01
2.9411251221e-01
2.9382986113e-01
2.9358381301e-01
2.9333546366e-01
2.9308487694e-01
2.9283212177e-01
2.9259657187e-01
2.9235929452e-01
2.9212035655e-01
2.9187982890e-01
2.9165653309e-01
2.9143200976e-01
2.9120632414e-01
2.9097954441e-01
2.9074664580e-01
2.9051275720e-01
2.9027796075e-01
2.9004234141e-01
2.8981944377e-01
2.8959596752e-01
2.8937198978e-01
2.8914758910e-01
2.8894388419e-01
2.8873995730e-01
2.8853586878e-01
2.8833167915e-01
2.8814661552e-01
2.8796156329e-01
2.8777656686e-01
2.8759167011e-01
2.8741957489e-01
2.8724763794e-01
2.8707589281e-01
2.8690437222e-01
2.8670985887e-01
2.8651572121e-01
2.8632200238e-01
2.8612874352e-01
2.8595647776e-01
2.8578463686e-01
2.8561324576e-01
2.8544232794e-01
2.8527656798e-01
2.8511129547e-01
2.8494652800e-01
2.8478228191e-01
2.8460716793e-01
2.8443268478e-01
2.8425884786e-01
2.8408567111e-01
2.8388632706e-01
2.8368789916e-01
2.8349040259e-01
2.8329385056e-01
2.8310577709e-01
2.8291859617e-01
2.8273231543e-01
2.8254694141e-01
2.8236231648e-01
2.8217861020e-01
2.8199582655e-01
2.8181396888e-01
2.8161150263e-01
2.8141020328e-01
2.8121007335e-01
2.8101111481e-01
2.8075244892e-01
2.8049579508e-01
2.8024115477e-01
2.7998852873e-01
2.7962474708e-01
2.7926522448e-01
2.7890995860e-01
2.7855894618e-01
2.7825752203e-01
2.7795930089e-01
2.7766427982e-01
2.7737245577e-01
2.7705282279e-01
2.7673710711e-01
2.7642530443e-01
2.7611741047e-01
2.7575807513e-01
2.7540420121e-01
2.7505578176e-01
2.7471280990e-01
2.7428727902e-01
2.7387041920e-01
2.7346221729e-01
2.7306266039e-01
2.7252506343e-01
2.7200389736e-01
2.7149913077e-01
2.7101073323e-01
2.7027160171e-01
2.6957323509e-01
2.6891552802e-01
2.6829838131e-01
2.6725577893e-01
2.6635329296e-01
2.6559045024e-01
2.6496685082e-01
2.6448216778e-01
2.6413614699e-01
2.6392860706e-01
2.6385943917e-01
