0.0000000000e+00
1.7454674428e-02
3.4909348856e-02
5.2364023284e-02
6.9818697713e-02
8.0349048219e-02
9.0879398725e-02
1.0140974923e-01
1.1194009974e-01
1.1920534469e-01
1.2647058965e-01
1.3373583461e-01
1.4100107956e-01
1.4640870594e-01
1.5181633232e-01
1.5722395870e-01
1.6263158507e-01
1.6686505206e-01
1.7109851905e-01
1.7533198603e-01
1.7956545302e-01
1.8300952184e-01
1.8645359067e-01
1.8989765949e-01
1.9334172832e-01
1.9625716661e-01
1.9917260491e-01
2.0208804321e-01
2.0500348151e-01
2.0756061866e-01
2.1011775581e-01
2.1267489296e-01
2.1523203010e-01
2.1759181893e-01
2.1995160775e-01
2.2231139658e-01
2.2467118540e-01
2.2722803517e-01
2.2978488493e-01
2.3234173470e-01
2.3489858447e-01
2.3678034915e-01
2.3866211384e-01
2.4054387852e-01
2.4242564320e-01
2.4397695222e-01
2.4552826124e-01
2.4707957026e-01
2.4863087927e-01
2.4997834685e-01
2.5132581442e-01
2.5267328199e-01
2.5402074957e-01
2.5528689662e-01
2.5655304367e-01
2.5781919072e-01
2.5908533777e-01
2.6046209261e-01
2.6183884745e-01
2.6321560229e-01
2.6459235713e-01
2.6582814037e-01
2.6706392361e-01
2.6829970685e-01
2.6953549008e-01
2.7069558384e-01
2.7185567759e-01
2.7301577134e-01
2.7417586510e-01
2.7524426063e-01
2.7631265617e-01
2.7738105170e-01
2.7844944723e-01
2.7960467859e-01
2.8075990994e-01
2.8191514129e-01
2.8307037265e-01
2.8421982986e-01
2.8536928708e-01
2.8651874430e-01
2.8766820151e-01
2.8877191779e-01
2.8987563407e-01
2.9097935034e-01
2.9208306662e-01
2.9337274911e-01
2.9466243160e-01
2.9595211409e-01
2.9724179658e-01
2.9856985174e-01
2.9989790691e-01
3.0122596207e-01
3.0255401724e-01
3.0425832697e-01
3.0596263671e-01
3.0766694645e-01
3.0937125619e-01
3.1084201229e-01
3.1231276838e-01
3.1378352448e-01
3.1525428058e-01
3.1681281017e-01
3.1837133977e-01
3.1992986936e-01
3.2148839896e-01
3.2319715603e-01
3.2490591310e-01
3.2661467017e-01
3.2832342724e-01
3.3033808539e-01
3.3235274354e-01
3.3436740169e-01
3.3638205984e-01
3.3891391504e-01
3.4144577025e-01
3.4397762546e-01
3.4650948066e-01
3.4952613472e-01
3.5254278877e-01
3.5555944283e-01
3.5857609689e-01
3.6152257267e-01
3.6446904845e-01
3.6741552423e-01
3.7036200001e-01
3.7340573753e-01
3.7644947506e-01
3.7949321258e-01
3.8253695011e-01
3.8584839011e-01
3.8915983012e-01
3.9247127012e-01
3.9578271013e-01
3.9949901566e-01
4.0321532119e-01
4.0693162672e-01
4.1064793225e-01
4.1493682934e-01
4.1922572644e-01
4.2351462353e-01
4.2780352063e-01
4.3291313278e-01
4.3802274493e-01
4.4313235708e-01
4.4824196924e-01
4.5453713185e-01
4.6083229446e-01
4.6712745707e-01
4.7342261969e-01
4.8108128599e-01
4.8873995229e-01
4.9639861860e-01
5.0405728490e-01
5.1024078973e-01
5.1642429457e-01
5.2260779940e-01
5.2879130423e-01
5.3398012721e-01
5.3916895018e-01
5.4435777315e-01
5.4954659613e-01
5.5400349910e-01
5.5846040208e-01
5.6291730506e-01
5.6737420803e-01
5.7128260136e-01
5.7519099469e-01
5.7909938802e-01
5.8300778135e-01
5.8650129196e-01
5.8999480258e-01
5.9348831320e-01
5.9698182382e-01
6.0016767094e-01
6.0335351807e-01
6.0653936520e-01
6.0972521232e-01
6.1271052230e-01
6.1569583227e-01
6.1868114225e-01
6.2166645222e-01
6.2467929196e-01
6.2769213170e-01
6.3070497143e-01
6.3371781117e-01
6.3647669481e-01
6.3923557844e-01
6.4199446208e-01
6.4475334572e-01
6.4741405349e-01
6.5007476126e-01
6.5273546903e-01
6.5539617680e-01
6.5741458442e-01
6.5943299204e-01
6.6145139966e-01
6.6346980729e-01
6.6520860188e-01
6.6694739648e-01
6.6868619108e-01
6.7042498567e-01
6.7203258944e-01
6.7364019321e-01
6.7524779697e-01
6.7685540074e-01
6.7833884059e-01
6.7982228044e-01
6.8130572029e-01
6.8278916014e-01
6.8430571230e-01
6.8582226445e-01
6.8733881660e-01
6.8885536875e-01
6.9028569156e-01
6.9171601436e-01
6.9314633716e-01
6.9457665997e-01
6.9587316464e-01
6.9716966931e-01
6.9846617398e-01
6.9976267865e-01
7.0093750939e-01
7.0211234012e-01
7.0328717085e-01
7.0446200159e-01
7.0555630285e-01
7.0665060412e-01
7.0774490538e-01
7.0883920664e-01
7.1008219641e-01
7.1132518618e-01
7.1256817595e-01
7.1381116571e-01
7.1492184155e-01
7.1603251740e-01
7.1714319324e-01
7.1825386908e-01
7.1933411389e-01
7.2041435869e-01
7.2149460350e-01
7.2257484831e-01
7.2373047967e-01
7.2488611103e-01
7.2604174239e-01
7.2719737376e-01
7.2853322188e-01
7.2986907000e-01
7.3120491812e-01
7.3254076624e-01
7.3382511647e-01
7.3510946671e-01
7.3639381695e-01
7.3767816719e-01
7.3896365640e-01
7.4024914561e-01
7.4153463482e-01
7.4282012403e-01
7.4425907641e-01
7.4569802879e-01
7.4713698116e-01
7.4857593354e-01
7.5045953563e-01
7.5234313772e-01
7.5422673981e-01
7.5611034190e-01
7.5884953275e-01
7.6158872360e-01
7.6432791445e-01
7.6706710530e-01
7.6944623623e-01
7.7182536716e-01
7.7420449809e-01
7.7658362902e-01
7.7921988669e-01
7.8185614436e-01
7.8449240203e-01
7.8712865969e-01
7.9024856005e-01
7.9336846040e-01
7.9648836075e-01
7.9960826110e-01
8.0354993046e-01
8.0749159981e-01
8.1143326917e-01
8.1537493852e-01
8.2081836981e-01
8.2626180110e-01
8.3170523239e-01
8.3714866368e-01
8.4575833508e-01
8.5436800649e-01
8.6297767789e-01
8.7158734930e-01
8.8763893056e-01
9.0369051183e-01
9.1974209309e-01
9.3579367436e-01
9.5184525577e-01
9.6789683718e-01
9.8394841859e-01
1.0000000000e+00
