0.0000000000e+00
3.7968950565e-03
7.5937901129e-03
1.1390685169e-02
1.5187580226e-02
1.8838488430e-02
2.2489396634e-02
2.6140304838e-02
2.9791213042e-02
3.3348953980e-02
3.6906694919e-02
4.0464435858e-02
4.4022176796e-02
4.7509590505e-02
5.0997004214e-02
5.4484417922e-02
5.7971831631e-02
6.1401226517e-02
6.4830621403e-02
6.8260016289e-02
7.1689411175e-02
7.5069813512e-02
7.8450215849e-02
8.1830618185e-02
8.5211020522e-02
8.8549165285e-02
9.1887310048e-02
9.5225454811e-02
9.8563599574e-02
1.0186588840e-01
1.0516817724e-01
1.0847046607e-01
1.1177275490e-01
1.1504500625e-01
1.1831725759e-01
1.2158950894e-01
1.2486176029e-01
1.2810951103e-01
1.3135726176e-01
1.3460501249e-01
1.3785276323e-01
1.4108187851e-01
1.4431099379e-01
1.4754010907e-01
1.5076922435e-01
1.5398594279e-01
1.5720266123e-01
1.6041937967e-01
1.6363609810e-01
1.6684719120e-01
1.7005828430e-01
1.7326937740e-01
1.7648047049e-01
1.7969357577e-01
1.8290668105e-01
1.8611978633e-01
1.8933289161e-01
1.9255726078e-01
1.9578162994e-01
1.9900599911e-01
2.0223036828e-01
2.0547748679e-01
2.0872460530e-01
2.1197172381e-01
2.1521884232e-01
2.1850529160e-01
2.2179174087e-01
2.2507819015e-01
2.2836463943e-01
2.3171843485e-01
2.3507223027e-01
2.3842602569e-01
2.4177982110e-01
2.4523870298e-01
2.4869758486e-01
2.5215646673e-01
2.5561534861e-01
2.5914385066e-01
2.6267235270e-01
2.6620085475e-01
2.6972935680e-01
2.7327998008e-01
2.7683060335e-01
2.8038122663e-01
2.8393184991e-01
2.8765193677e-01
2.9137202364e-01
2.9509211051e-01
2.9881219737e-01
3.0287254495e-01
3.0693289252e-01
3.1099324010e-01
3.1505358768e-01
3.1860490666e-01
3.2215622564e-01
3.2570754463e-01
3.2925886361e-01
3.3262186936e-01
3.3598487510e-01
3.3934788085e-01
3.4271088659e-01
3.4596037380e-01
3.4920986101e-01
3.5245934822e-01
3.5570883543e-01
3.5888061122e-01
3.6205238701e-01
3.6522416280e-01
3.6839593859e-01
3.7151246276e-01
3.7462898693e-01
3.7774551109e-01
3.8086203526e-01
3.8393918570e-01
3.8701633613e-01
3.9009348656e-01
3.9317063699e-01
3.9622144010e-01
3.9927224321e-01
4.0232304632e-01
4.0537384943e-01
4.0840955092e-01
4.1144525241e-01
4.1448095390e-01
4.1751665539e-01
4.2054844952e-01
4.2358024365e-01
4.2661203778e-01
4.2964383191e-01
4.3268305028e-01
4.3572226865e-01
4.3876148701e-01
4.4180070538e-01
4.4486118954e-01
4.4792167370e-01
4.5098215786e-01
4.5404264202e-01
4.5714272518e-01
4.6024280833e-01
4.6334289149e-01
4.6644297465e-01
4.6961765610e-01
4.7279233755e-01
4.7596701900e-01
4.7914170046e-01
4.8248335427e-01
4.8582500809e-01
4.8916666191e-01
4.9250831573e-01
4.9586426956e-01
4.9922022340e-01
5.0257617723e-01
5.0593213107e-01
5.0912329398e-01
5.1231445689e-01
5.1550561980e-01
5.1869678271e-01
5.2180814098e-01
5.2491949926e-01
5.2803085753e-01
5.3114221581e-01
5.3420898886e-01
5.3727576192e-01
5.4034253497e-01
5.4340930803e-01
5.4645192396e-01
5.4949453989e-01
5.5253715582e-01
5.5557977175e-01
5.5861253444e-01
5.6164529714e-01
5.6467805983e-01
5.6771082252e-01
5.7074519168e-01
5.7377956084e-01
5.7681393000e-01
5.7984829916e-01
5.8289546874e-01
5.8594263832e-01
5.8898980790e-01
5.9203697747e-01
5.9510837778e-01
5.9817977809e-01
6.0125117840e-01
6.0432257871e-01
6.0743096305e-01
6.1053934738e-01
6.1364773172e-01
6.1675611605e-01
6.1991740739e-01
6.2307869874e-01
6.2623999008e-01
6.2940128143e-01
6.3263733550e-01
6.3587338957e-01
6.3910944364e-01
6.4234549772e-01
6.4569173228e-01
6.4903796685e-01
6.5238420142e-01
6.5573043598e-01
6.5926090945e-01
6.6279138292e-01
6.6632185639e-01
6.6985232985e-01
6.7394350976e-01
6.7803468966e-01
6.8212586957e-01
6.8621704947e-01
6.8991993304e-01
6.9362281660e-01
6.9732570016e-01
7.0102858372e-01
7.0457719522e-01
7.0812580673e-01
7.1167441823e-01
7.1522302973e-01
7.1875487510e-01
7.2228672047e-01
7.2581856584e-01
7.2935041121e-01
7.3281312918e-01
7.3627584716e-01
7.3973856513e-01
7.4320128311e-01
7.4656179409e-01
7.4992230508e-01
7.5328281606e-01
7.5664332705e-01
7.5993505880e-01
7.6322679056e-01
7.6651852231e-01
7.6981025407e-01
7.7306126146e-01
7.7631226886e-01
7.7956327625e-01
7.8281428365e-01
7.8604110774e-01
7.8926793184e-01
7.9249475593e-01
7.9572158003e-01
7.9893576496e-01
8.0214994989e-01
8.0536413482e-01
8.0857831975e-01
8.1178923409e-01
8.1500014843e-01
8.1821106278e-01
8.2142197712e-01
8.2463737678e-01
8.2785277643e-01
8.3106817609e-01
8.3428357574e-01
8.3751029880e-01
8.4073702186e-01
8.4396374492e-01
8.4719046797e-01
8.5043481430e-01
8.5367916062e-01
8.5692350694e-01
8.6016785327e-01
8.6343578869e-01
8.6670372411e-01
8.6997165954e-01
8.7323959496e-01
8.7653695625e-01
8.7983431755e-01
8.8313167884e-01
8.8642904014e-01
8.8976167331e-01
8.9309430647e-01
8.9642693964e-01
8.9975957281e-01
9.0313374703e-01
9.0650792124e-01
9.0988209545e-01
9.1325626966e-01
9.1667897981e-01
9.2010168996e-01
9.2352440012e-01
9.2694711027e-01
9.3042722701e-01
9.3390734375e-01
9.3738746050e-01
9.4086757724e-01
9.4441789307e-01
9.4796820890e-01
9.5151852474e-01
9.5506884057e-01
9.5871180493e-01
9.6235476930e-01
9.6599773367e-01
9.6964069803e-01
9.7342878318e-01
9.7721686833e-01
9.8100495348e-01
9.8479303863e-01
9.8859477897e-01
9.9239651931e-01
9.9619825966e-01
1.0000000000e+00
