0.0000000000e+00
6.4224709458e-03
1.2844941892e-02
1.9267412837e-02
2.5689883783e-02
3.1089420002e-02
3.6488956220e-02
4.1888492438e-02
4.7288028657e-02
5.2027482623e-02
5.6766936590e-02
6.1506390556e-02
6.6245844523e-02
7.1112729031e-02
7.5979613539e-02
8.0846498047e-02
8.5713382554e-02
8.9500665551e-02
9.3287948547e-02
9.7075231544e-02
1.0086251454e-01
1.0393748323e-01
1.0701245192e-01
1.1008742060e-01
1.1316238929e-01
1.1577590173e-01
1.1838941416e-01
1.2100292660e-01
1.2361643904e-01
1.2609542296e-01
1.2857440689e-01
1.3105339082e-01
1.3353237475e-01
1.3626599626e-01
1.3899961776e-01
1.4173323927e-01
1.4446686077e-01
1.4674982980e-01
1.4903279882e-01
1.5131576785e-01
1.5359873687e-01
1.5570394364e-01
1.5780915040e-01
1.5991435716e-01
1.6201956393e-01
1.6429001578e-01
1.6656046763e-01
1.6883091947e-01
1.7110137132e-01
1.7329784108e-01
1.7549431083e-01
1.7769078058e-01
1.7988725034e-01
1.8208697099e-01
1.8428669165e-01
1.8648641231e-01
1.8868613297e-01
1.9121361700e-01
1.9374110103e-01
1.9626858506e-01
1.9879606908e-01
2.0177784454e-01
2.0475961999e-01
2.0774139544e-01
2.1072317089e-01
2.1360930362e-01
2.1649543634e-01
2.1938156907e-01
2.2226770179e-01
2.2528553408e-01
2.2830336637e-01
2.3132119865e-01
2.3433903094e-01
2.3774754975e-01
2.4115606855e-01
2.4456458736e-01
2.4797310616e-01
2.5228084990e-01
2.5658859364e-01
2.6089633738e-01
2.6520408112e-01
2.7141493964e-01
2.7762579816e-01
2.8383665667e-01
2.9004751519e-01
2.9631233361e-01
3.0257715202e-01
3.0884197044e-01
3.1510678885e-01
3.1977702192e-01
3.2444725500e-01
3.2911748807e-01
3.3378772114e-01
3.3764955927e-01
3.4151139740e-01
3.4537323553e-01
3.4923507366e-01
3.5260330383e-01
3.5597153401e-01
3.5933976418e-01
3.6270799435e-01
3.6575212084e-01
3.6879624733e-01
3.7184037382e-01
3.7488450032e-01
3.7793322808e-01
3.8098195585e-01
3.8403068361e-01
3.8707941138e-01
3.8992263776e-01
3.9276586414e-01
3.9560909052e-01
3.9845231690e-01
4.0117864028e-01
4.0390496366e-01
4.0663128703e-01
4.0935761041e-01
4.1163920035e-01
4.1392079028e-01
4.1620238021e-01
4.1848397015e-01
4.2079730200e-01
4.2311063385e-01
4.2542396571e-01
4.2773729756e-01
4.3005649925e-01
4.3237570094e-01
4.3469490263e-01
4.3701410432e-01
4.3921883133e-01
4.4142355833e-01
4.4362828533e-01
4.4583301234e-01
4.4821356538e-01
4.5059411842e-01
4.5297467146e-01
4.5535522451e-01
4.5840515793e-01
4.6145509135e-01
4.6450502478e-01
4.6755495820e-01
4.7012682059e-01
4.7269868298e-01
4.7527054536e-01
4.7784240775e-01
4.8057597905e-01
4.8330955034e-01
4.8604312164e-01
4.8877669293e-01
4.9189157347e-01
4.9500645401e-01
4.9812133455e-01
5.0123621509e-01
5.0394411643e-01
5.0665201777e-01
5.0935991910e-01
5.1206782044e-01
5.1462294103e-01
5.1717806163e-01
5.1973318222e-01
5.2228830281e-01
5.2548720866e-01
5.2868611452e-01
5.3188502037e-01
5.3508392622e-01
5.3744709495e-01
5.3981026368e-01
5.4217343241e-01
5.4453660114e-01
5.4675349615e-01
5.4897039116e-01
5.5118728617e-01
5.5340418118e-01
5.5573192201e-01
5.5805966284e-01
5.6038740367e-01
5.6271514450e-01
5.6504653742e-01
5.6737793034e-01
5.6970932326e-01
5.7204071618e-01
5.7432614997e-01
5.7661158377e-01
5.7889701757e-01
5.8118245137e-01
5.8387158987e-01
5.8656072836e-01
5.8924986686e-01
5.9193900536e-01
5.9490989903e-01
5.9788079271e-01
6.0085168639e-01
6.0382258006e-01
6.0682082386e-01
6.0981906767e-01
6.1281731147e-01
6.1581555527e-01
6.1893348378e-01
6.2205141230e-01
6.2516934081e-01
6.2828726932e-01
6.3182940757e-01
6.3537154582e-01
6.3891368407e-01
6.4245582232e-01
6.4691558605e-01
6.5137534978e-01
6.5583511352e-01
6.6029487725e-01
6.6617392085e-01
6.7205296446e-01
6.7793200806e-01
6.8381105166e-01
6.9018157861e-01
6.9655210555e-01
7.0292263249e-01
7.0929315943e-01
7.1389322190e-01
7.1849328437e-01
7.2309334684e-01
7.2769340931e-01
7.3148362411e-01
7.3527383890e-01
7.3906405370e-01
7.4285426850e-01
7.4612659296e-01
7.4939891742e-01
7.5267124188e-01
7.5594356635e-01
7.5891099631e-01
7.6187842627e-01
7.6484585623e-01
7.6781328620e-01
7.7071111432e-01
7.7360894244e-01
7.7650677056e-01
7.7940459868e-01
7.8229024939e-01
7.8517590010e-01
7.8806155081e-01
7.9094720152e-01
7.9346150759e-01
7.9597581367e-01
7.9849011975e-01
8.0100442582e-01
8.0323505860e-01
8.0546569138e-01
8.0769632415e-01
8.0992695693e-01
8.1210072027e-01
8.1427448362e-01
8.1644824697e-01
8.1862201031e-01
8.2099068507e-01
8.2335935983e-01
8.2572803458e-01
8.2809670934e-01
8.3019559061e-01
8.3229447189e-01
8.3439335316e-01
8.3649223444e-01
8.3878382585e-01
8.4107541727e-01
8.4336700869e-01
8.4565860010e-01
8.4839029150e-01
8.5112198289e-01
8.5385367429e-01
8.5658536568e-01
8.5906819699e-01
8.6155102829e-01
8.6403385960e-01
8.6651669090e-01
8.6919084018e-01
8.7186498946e-01
8.7453913873e-01
8.7721328801e-01
8.8065558988e-01
8.8409789174e-01
8.8754019360e-01
8.9098249547e-01
8.9559577346e-01
9.0020905146e-01
9.0482232946e-01
9.0943560745e-01
9.1408626568e-01
9.1873692390e-01
9.2338758213e-01
9.2803824035e-01
9.3330702908e-01
9.3857581780e-01
9.4384460653e-01
9.4911339525e-01
9.5547422085e-01
9.6183504644e-01
9.6819587203e-01
9.7455669763e-01
9.8091752322e-01
9.8727834881e-01
9.9363917441e-01
1.0000000000e+00
