0.0000000000e+00
3.8316619453e-03
7.6633238907e-03
1.1494985836e-02
1.5326647781e-02
1.8886134815e-02
2.2445621849e-02
2.6005108883e-02
2.9564595917e-02
3.2903695779e-02
3.6242795642e-02
3.9581895505e-02
4.2920995368e-02
4.6088074514e-02
4.9255153660e-02
5.2422232807e-02
5.5589311953e-02
5.8632670166e-02
6.1676028380e-02
6.4719386594e-02
6.7762744807e-02
7.0734399861e-02
7.3706054915e-02
7.6677709969e-02
7.9649365023e-02
8.2619896162e-02
8.5590427300e-02
8.8560958438e-02
9.1531489576e-02
9.4668262269e-02
9.7805034963e-02
1.0094180766e-01
1.0407858035e-01
1.0748681139e-01
1.1089504243e-01
1.1430327348e-01
1.1771150452e-01
1.2064572501e-01
1.2357994551e-01
1.2651416600e-01
1.2944838649e-01
1.3222081751e-01
1.3499324852e-01
1.3776567953e-01
1.4053811054e-01
1.4323696873e-01
1.4593582692e-01
1.4863468511e-01
1.5133354330e-01
1.5397259855e-01
1.5661165380e-01
1.5925070905e-01
1.6188976431e-01
1.6440669552e-01
1.6692362673e-01
1.6944055794e-01
1.7195748915e-01
1.7447222287e-01
1.7698695658e-01
1.7950169030e-01
1.8201642401e-01
1.8467861895e-01
1.8734081389e-01
1.9000300883e-01
1.9266520377e-01
1.9592467861e-01
1.9918415346e-01
2.0244362830e-01
2.0570310314e-01
2.0843839558e-01
2.1117368803e-01
2.1390898048e-01
2.1664427292e-01
2.1922585268e-01
2.2180743244e-01
2.2438901220e-01
2.2697059196e-01
2.2953453061e-01
2.3209846925e-01
2.3466240789e-01
2.3722634654e-01
2.3985955700e-01
2.4249276746e-01
2.4512597793e-01
2.4775918839e-01
2.5058677342e-01
2.5341435845e-01
2.5624194349e-01
2.5906952852e-01
2.6220986451e-01
2.6535020051e-01
2.6849053650e-01
2.7163087250e-01
2.7467290897e-01
2.7771494545e-01
2.8075698193e-01
2.8379901841e-01
2.8700846958e-01
2.9021792075e-01
2.9342737192e-01
2.9663682309e-01
3.0034890783e-01
3.0406099258e-01
3.0777307732e-01
3.1148516206e-01
3.1514667460e-01
3.1880818714e-01
3.2246969968e-01
3.2613121222e-01
3.2958843788e-01
3.3304566354e-01
3.3650288920e-01
3.3996011486e-01
3.4340811933e-01
3.4685612380e-01
3.5030412827e-01
3.5375213275e-01
3.5726946305e-01
3.6078679335e-01
3.6430412365e-01
3.6782145395e-01
3.7146559532e-01
3.7510973670e-01
3.7875387808e-01
3.8239801946e-01
3.8622892773e-01
3.9005983600e-01
3.9389074426e-01
3.9772165253e-01
4.0182940118e-01
4.0593714982e-01
4.1004489847e-01
4.1415264712e-01
4.1853881972e-01
4.2292499231e-01
4.2731116491e-01
4.3169733751e-01
4.3660974644e-01
4.4152215537e-01
4.4643456430e-01
4.5134697323e-01
4.5638830940e-01
4.6142964556e-01
4.6647098172e-01
4.7151231788e-01
4.7697547566e-01
4.8243863344e-01
4.8790179122e-01
4.9336494901e-01
4.9864810735e-01
5.0393126570e-01
5.0921442405e-01
5.1449758239e-01
5.1945892829e-01
5.2442027419e-01
5.2938162009e-01
5.3434296599e-01
5.3907692783e-01
5.4381088968e-01
5.4854485152e-01
5.5327881337e-01
5.5761518435e-01
5.6195155533e-01
5.6628792632e-01
5.7062429730e-01
5.7471199737e-01
5.7879969745e-01
5.8288739753e-01
5.8697509760e-01
5.9080371189e-01
5.9463232617e-01
5.9846094046e-01
6.0228955474e-01
6.0594015922e-01
6.0959076370e-01
6.1324136818e-01
6.1689197266e-01
6.2041718975e-01
6.2394240683e-01
6.2746762392e-01
6.3099284100e-01
6.3444512194e-01
6.3789740287e-01
6.4134968381e-01
6.4480196475e-01
6.4825629797e-01
6.5171063120e-01
6.5516496442e-01
6.5861929765e-01
6.6225056662e-01
6.6588183560e-01
6.6951310457e-01
6.7314437354e-01
6.7695199189e-01
6.8075961024e-01
6.8456722859e-01
6.8837484694e-01
6.9162187926e-01
6.9486891158e-01
6.9811594389e-01
7.0136297621e-01
7.0442542763e-01
7.0748787904e-01
7.1055033046e-01
7.1361278188e-01
7.1666517570e-01
7.1971756952e-01
7.2276996334e-01
7.2582235716e-01
7.2876492014e-01
7.3170748313e-01
7.3465004611e-01
7.3759260910e-01
7.4027546952e-01
7.4295832993e-01
7.4564119035e-01
7.4832405077e-01
7.5090601038e-01
7.5348796999e-01
7.5606992960e-01
7.5865188922e-01
7.6121864384e-01
7.6378539846e-01
7.6635215308e-01
7.6891890770e-01
7.7160437718e-01
7.7428984666e-01
7.7697531614e-01
7.7966078563e-01
7.8295973558e-01
7.8625868553e-01
7.8955763548e-01
7.9285658543e-01
7.9557428811e-01
7.9829199080e-01
8.0100969348e-01
8.0372739617e-01
8.0627230903e-01
8.0881722189e-01
8.1136213475e-01
8.1390704762e-01
8.1640886672e-01
8.1891068583e-01
8.2141250493e-01
8.2391432404e-01
8.2648890515e-01
8.2906348626e-01
8.3163806737e-01
8.3421264847e-01
8.3695396813e-01
8.3969528778e-01
8.4243660744e-01
8.4517792709e-01
8.4790522765e-01
8.5063252820e-01
8.5335982876e-01
8.5608712931e-01
8.5897960278e-01
8.6187207625e-01
8.6476454972e-01
8.6765702320e-01
8.7090624454e-01
8.7415546589e-01
8.7740468724e-01
8.8065390858e-01
8.8386817064e-01
8.8708243269e-01
8.9029669474e-01
8.9351095680e-01
8.9649802722e-01
8.9948509764e-01
9.0247216806e-01
9.0545923847e-01
9.0842308742e-01
9.1138693636e-01
9.1435078531e-01
9.1731463425e-01
9.2033714104e-01
9.2335964784e-01
9.2638215463e-01
9.2940466143e-01
9.3254517781e-01
9.3568569419e-01
9.3882621057e-01
9.4196672696e-01
9.4528079967e-01
9.4859487239e-01
9.5190894511e-01
9.5522301782e-01
9.5876744879e-01
9.6231187976e-01
9.6585631073e-01
9.6940074169e-01
9.7322564898e-01
9.7705055627e-01
9.8087546356e-01
9.8470037085e-01
9.8852527813e-01
9.9235018542e-01
9.9617509271e-01
1.0000000000e+00
