9.6059976816e-10
4.7156947168e-10
2.4493427536e-09
7.9465095550e-09
6.1324158764e-08
1.6759166033e-07
4.4281521922e-07
1.1669186141e-06
3.1684245084e-06
6.0204044370e-06
1.1386582838e-05
2.1533971739e-05
4.0859285569e-05
6.3805947694e-05
9.9565242438e-05
1.5536082315e-04
2.4254859365e-04
3.3907441857e-04
4.7391230003e-04
6.6232680194e-04
9.2568835958e-04
1.2135985425e-03
1.5907940087e-03
2.0849270517e-03
2.7321575788e-03
3.4599992866e-03
4.3805904357e-03
5.5444667269e-03
7.0150620110e-03
8.8127861762e-03
1.1064773973e-02
1.3882423938e-02
1.7402366777e-02
2.0650933930e-02
2.4487316246e-02
2.9010388065e-02
3.4332543930e-02
3.9088801137e-02
4.4466056518e-02
5.0534168806e-02
5.7367520869e-02
6.4492273016e-02
7.2414918834e-02
8.1201929481e-02
9.0919340846e-02
1.0214905729e-01
1.1453504106e-01
1.2813703228e-01
1.4300296565e-01
1.5708484853e-01
1.7217117271e-01
1.8825852740e-01
2.0532880766e-01
2.2210963207e-01
2.3967590663e-01
2.5797459215e-01
2.7694069958e-01
2.9864030801e-01
3.2094829633e-01
3.4373633841e-01
3.6686834790e-01
3.8868290169e-01
4.1056064214e-01
4.3238943588e-01
4.5406192742e-01
4.7913570516e-01
5.0370899720e-01
5.2765224057e-01
5.5085489781e-01
5.7952968773e-01
6.0667533537e-01
6.3219133305e-01
6.5602013137e-01
6.7573908008e-01
6.9411862594e-01
7.1118005650e-01
7.2695702245e-01
7.4351060689e-01
7.5851151366e-01
7.7204386668e-01
7.8419659661e-01
7.9812206092e-01
8.1005780828e-01
8.2019899299e-01
8.2873133981e-01
8.3721926493e-01
8.4385688292e-01
8.4890326952e-01
8.5258790938e-01
8.5526256249e-01
8.5680974352e-01
8.5741637868e-01
8.5724197349e-01
8.5633391066e-01
8.5481775945e-01
8.5281308035e-01
8.5041938304e-01
8.4723663138e-01
8.4374215205e-01
8.4002291642e-01
8.3614856669e-01
8.3117329098e-01
8.2612587833e-01
8.2106961513e-01
8.1605111683e-01
8.0934969656e-01
8.0283247539e-01
7.9652601997e-01
7.9043318080e-01
7.8541237311e-01
7.8050902273e-01
7.7568745019e-01
7.7089845359e-01
7.6622346694e-01
7.6144366005e-01
7.5646547671e-01
7.5117393843e-01
7.4663465851e-01
7.4172442057e-01
7.3634772213e-01
7.3039629372e-01
7.2515394954e-01
7.1940104449e-01
7.1306532857e-01
7.0607061783e-01
6.9915293094e-01
6.9158019947e-01
6.8329506690e-01
6.7424293935e-01
6.6286951863e-01
6.5036372922e-01
6.3668581813e-01
6.2182558361e-01
6.1009122554e-01
5.9775265154e-01
5.8485478244e-01
5.7146121052e-01
5.5874604945e-01
5.4576242317e-01
5.3260788720e-01
5.1939528870e-01
5.0534820133e-01
4.9155209780e-01
4.7819138129e-01
4.6545893653e-01
4.5458021100e-01
4.4453172408e-01
4.3545422442e-01
4.2747911118e-01
4.2025334112e-01
4.1457357153e-01
4.1054136973e-01
4.0822968342e-01
4.0766256948e-01
4.0864680816e-01
4.1116665920e-01
4.1518205438e-01
4.2112209085e-01
4.2862232336e-01
4.3754841419e-01
4.4774415335e-01
4.5804859586e-01
4.6913068771e-01
4.8084446876e-01
4.9304340542e-01
5.0658253531e-01
5.2034682796e-01
5.3417661463e-01
5.4792746283e-01
5.6290661689e-01
5.7748781986e-01
5.9155349296e-01
6.0501329571e-01
6.1874631034e-01
6.3165223066e-01
6.4370619559e-01
6.5490541595e-01
6.6596362719e-01
6.7609610522e-01
6.8535150988e-01
6.9378739170e-01
7.0347367443e-01
7.1206201139e-01
7.1968839327e-01
7.2648388561e-01
7.3434211266e-01
7.4123229192e-01
7.4737330222e-01
7.5295258228e-01
7.5829893357e-01
7.6335731644e-01
7.6824558691e-01
7.7305844524e-01
7.7846630859e-01
7.8395335360e-01
7.8957744693e-01
7.9537628056e-01
8.0000280425e-01
8.0474788051e-01
8.0960647252e-01
8.1456615458e-01
8.1875236493e-01
8.2297711502e-01
8.2721740947e-01
8.3144322651e-01
8.3504458547e-01
8.3857595860e-01
8.4199938579e-01
8.4526834923e-01
8.4802083479e-01
8.5055458520e-01
8.5281066144e-01
8.5471874234e-01
8.5623078430e-01
8.5717703526e-01
8.5742764903e-01
8.5682808030e-01
8.5556154673e-01
8.5346944734e-01
8.5041409880e-01
8.4623875042e-01
8.4184544674e-01
8.3646697115e-01
8.2998325202e-01
8.2226370382e-01
8.1497754383e-01
8.0670052232e-01
7.9734847639e-01
7.8683433146e-01
7.7643900344e-01
7.6499181459e-01
7.5243063039e-01
7.3869540710e-01
7.2391883186e-01
7.0789223179e-01
6.9057413628e-01
6.7193315514e-01
6.5390520272e-01
6.3477546763e-01
6.1455438202e-01
5.9326740943e-01
5.7248654206e-01
5.5086442975e-01
5.2846632167e-01
5.0537395766e-01
4.8485299574e-01
4.6395816712e-01
4.4277315411e-01
4.2138981352e-01
3.9745886178e-01
3.7354943921e-01
3.4981091303e-01
3.2639366668e-01
3.0616439600e-01
2.8639433735e-01
2.6717250617e-01
2.4857928366e-01
2.2892968991e-01
2.1020330576e-01
1.9245946293e-01
1.7573936268e-01
1.5802714922e-01
1.4167251598e-01
1.2665991755e-01
1.1295343707e-01
1.0093224908e-01
9.0017520335e-02
8.0144434410e-02
7.1243591122e-02
6.1381295329e-02
5.2784591343e-02
4.5317990510e-02
3.8852959772e-02
3.0955312880e-02
2.4611918204e-02
1.9536107457e-02
1.5486534724e-02
1.2205919519e-02
9.6121262419e-03
7.5643901355e-03
5.9495702181e-03
4.4418512914e-03
3.3148638742e-03
2.4729565401e-03
1.8442500573e-03
1.2172627764e-03
8.0352793369e-04
5.3032674371e-04
3.4979854575e-04
1.6808572753e-04
8.1279808035e-05
3.9293473122e-05
1.8825093214e-05
3.2801799500e-06
8.9362110485e-07
1.9508732378e-07
1.0371425443e-07
1.8038225654e-08
4.9413247652e-09
1.1706706844e-09
1.1449836191e-09
