0.0000000000e+00
1.9008327306e-02
3.8016654612e-02
5.7024981919e-02
7.6033309225e-02
8.6372760166e-02
9.6712211108e-02
1.0705166205e-01
1.1739111299e-01
1.2404923938e-01
1.3070736577e-01
1.3736549216e-01
1.4402361855e-01
1.4880667076e-01
1.5358972297e-01
1.5837277519e-01
1.6315582740e-01
1.6679393068e-01
1.7043203396e-01
1.7407013724e-01
1.7770824052e-01
1.8059498595e-01
1.8348173139e-01
1.8636847682e-01
1.8925522225e-01
1.9165994206e-01
1.9406466186e-01
1.9646938167e-01
1.9887410147e-01
2.0096131049e-01
2.0304851952e-01
2.0513572854e-01
2.0722293756e-01
2.0914995832e-01
2.1107697907e-01
2.1300399982e-01
2.1493102057e-01
2.1687361890e-01
2.1881621724e-01
2.2075881557e-01
2.2270141390e-01
2.2421453934e-01
2.2572766479e-01
2.2724079023e-01
2.2875391567e-01
2.2996465373e-01
2.3117539179e-01
2.3238612985e-01
2.3359686791e-01
2.3466699252e-01
2.3573711714e-01
2.3680724175e-01
2.3787736637e-01
2.3892083840e-01
2.3996431043e-01
2.4100778246e-01
2.4205125449e-01
2.4319780569e-01
2.4434435689e-01
2.4549090809e-01
2.4663745929e-01
2.4758654782e-01
2.4853563636e-01
2.4948472490e-01
2.5043381344e-01
2.5132504721e-01
2.5221628099e-01
2.5310751477e-01
2.5399874855e-01
2.5491000714e-01
2.5582126573e-01
2.5673252432e-01
2.5764378291e-01
2.5862381403e-01
2.5960384514e-01
2.6058387626e-01
2.6156390738e-01
2.6246802807e-01
2.6337214877e-01
2.6427626947e-01
2.6518039017e-01
2.6622930129e-01
2.6727821242e-01
2.6832712355e-01
2.6937603468e-01
2.7047384083e-01
2.7157164699e-01
2.7266945314e-01
2.7376725930e-01
2.7507964528e-01
2.7639203126e-01
2.7770441723e-01
2.7901680321e-01
2.8022546940e-01
2.8143413560e-01
2.8264280179e-01
2.8385146798e-01
2.8516400792e-01
2.8647654787e-01
2.8778908781e-01
2.8910162776e-01
2.9057944225e-01
2.9205725675e-01
2.9353507124e-01
2.9501288573e-01
2.9696694395e-01
2.9892100217e-01
3.0087506038e-01
3.0282911860e-01
3.0499942047e-01
3.0716972234e-01
3.0934002421e-01
3.1151032609e-01
3.1399106444e-01
3.1647180280e-01
3.1895254116e-01
3.2143327952e-01
3.2387988916e-01
3.2632649881e-01
3.2877310845e-01
3.3121971810e-01
3.3387288215e-01
3.3652604620e-01
3.3917921024e-01
3.4183237429e-01
3.4482340090e-01
3.4781442752e-01
3.5080545413e-01
3.5379648074e-01
3.5728277783e-01
3.6076907491e-01
3.6425537199e-01
3.6774166907e-01
3.7196677438e-01
3.7619187969e-01
3.8041698500e-01
3.8464209031e-01
3.9008604936e-01
3.9553000841e-01
4.0097396746e-01
4.0641792651e-01
4.1440185816e-01
4.2238578982e-01
4.3036972147e-01
4.3835365313e-01
4.4722084514e-01
4.5608803714e-01
4.6495522915e-01
4.7382242115e-01
4.8239071466e-01
4.9095900816e-01
4.9952730166e-01
5.0809559516e-01
5.1685578571e-01
5.2561597626e-01
5.3437616680e-01
5.4313635735e-01
5.5017168640e-01
5.5720701545e-01
5.6424234450e-01
5.7127767355e-01
5.7669935920e-01
5.8212104485e-01
5.8754273049e-01
5.9296441614e-01
5.9739864427e-01
6.0183287240e-01
6.0626710053e-01
6.1070132866e-01
6.1444455525e-01
6.1818778185e-01
6.2193100845e-01
6.2567423504e-01
6.2891356997e-01
6.3215290490e-01
6.3539223984e-01
6.3863157477e-01
6.4149738163e-01
6.4436318849e-01
6.4722899536e-01
6.5009480222e-01
6.5268894539e-01
6.5528308855e-01
6.5787723172e-01
6.6047137489e-01
6.6289580684e-01
6.6532023878e-01
6.6774467073e-01
6.7016910268e-01
6.7271081782e-01
6.7525253297e-01
6.7779424812e-01
6.8033596326e-01
6.8248846187e-01
6.8464096049e-01
6.8679345910e-01
6.8894595771e-01
6.9089137980e-01
6.9283680190e-01
6.9478222399e-01
6.9672764609e-01
6.9827505937e-01
6.9982247266e-01
7.0136988594e-01
7.0291729922e-01
7.0427548022e-01
7.0563366122e-01
7.0699184222e-01
7.0835002322e-01
7.0959672327e-01
7.1084342332e-01
7.1209012337e-01
7.1333682342e-01
7.1454208591e-01
7.1574734840e-01
7.1695261089e-01
7.1815787338e-01
7.1943460122e-01
7.2071132906e-01
7.2198805689e-01
7.2326478473e-01
7.2433280214e-01
7.2540081955e-01
7.2646883696e-01
7.2753685437e-01
7.2851972043e-01
7.2950258649e-01
7.3048545255e-01
7.3146831861e-01
7.3236639378e-01
7.3326446894e-01
7.3416254410e-01
7.3506061926e-01
7.3611833810e-01
7.3717605693e-01
7.3823377577e-01
7.3929149460e-01
7.4018884736e-01
7.4108620012e-01
7.4198355289e-01
7.4288090565e-01
7.4379201320e-01
7.4470312075e-01
7.4561422831e-01
7.4652533586e-01
7.4752833194e-01
7.4853132803e-01
7.4953432412e-01
7.5053732020e-01
7.5170309570e-01
7.5286887119e-01
7.5403464669e-01
7.5520042219e-01
7.5624198122e-01
7.5728354025e-01
7.5832509928e-01
7.5936665831e-01
7.6048740950e-01
7.6160816070e-01
7.6272891189e-01
7.6384966309e-01
7.6526854555e-01
7.6668742801e-01
7.6810631047e-01
7.6952519293e-01
7.7132837797e-01
7.7313156301e-01
7.7493474805e-01
7.7673793309e-01
7.7866182257e-01
7.8058571205e-01
7.8250960153e-01
7.8443349101e-01
7.8652765773e-01
7.8862182444e-01
7.9071599116e-01
7.9281015787e-01
7.9529427478e-01
7.9777839169e-01
8.0026250861e-01
8.0274662552e-01
8.0593082747e-01
8.0911502942e-01
8.1229923137e-01
8.1548343332e-01
8.2002546378e-01
8.2456749424e-01
8.2910952471e-01
8.3365155517e-01
8.4138665659e-01
8.4912175801e-01
8.5685685943e-01
8.6459196085e-01
8.8151015299e-01
8.9842834512e-01
9.1534653726e-01
9.3226472940e-01
9.4919854705e-01
9.6613236470e-01
9.8306618235e-01
1.0000000000e+00
