7.1176048954e-07
9.5278548275e-07
1.8134838570e-06
3.8547110600e-06
8.4877541938e-06
1.4497056520e-05
2.4733136232e-05
4.2206446602e-05
7.2128921138e-05
1.0643330243e-04
1.5699375341e-04
2.3156635996e-04
3.4164399284e-04
4.6246555375e-04
6.2592123684e-04
8.4709120369e-04
1.1463976544e-03
1.4712524950e-03
1.8878868055e-03
2.4221653661e-03
3.1071779309e-03
3.8730137700e-03
4.8264359077e-03
6.0128787479e-03
7.4884641659e-03
9.2770133543e-03
1.1486698985e-02
1.4213686667e-02
1.7574407228e-02
2.0774574989e-02
2.4539849504e-02
2.8963100881e-02
3.4149658622e-02
3.8672738021e-02
4.3761511904e-02
4.9477287938e-02
5.5885335144e-02
6.2363971010e-02
6.9524054589e-02
7.7420169996e-02
8.6107098470e-02
9.7335434724e-02
1.0979987836e-01
1.2357425378e-01
1.3872023257e-01
1.5149920693e-01
1.6515106432e-01
1.7967910087e-01
1.9507622881e-01
2.1006657465e-01
2.2576020663e-01
2.4212432007e-01
2.5911715215e-01
2.8223186700e-01
3.0620337562e-01
3.3087852042e-01
3.5608935949e-01
3.7613201269e-01
3.9630767325e-01
4.1652939435e-01
4.3671227246e-01
4.6099483962e-01
4.8496563959e-01
5.0850197366e-01
5.3149527554e-01
5.5549846877e-01
5.7867030595e-01
6.0093462129e-01
6.2223419665e-01
6.4318560245e-01
6.6303885284e-01
6.8178329062e-01
6.9942161320e-01
7.1684706723e-01
7.3308434284e-01
7.4816947097e-01
7.6214522409e-01
7.7695302236e-01
7.9042646098e-01
8.0264703543e-01
8.1369732032e-01
8.2733191939e-01
8.3905874253e-01
8.4908269571e-01
8.5759427277e-01
8.6751901895e-01
8.7513791082e-01
8.8083927344e-01
8.8494716550e-01
8.8732528243e-01
8.8892228050e-01
8.8983765468e-01
8.9015071005e-01
8.8979437429e-01
8.8868854497e-01
8.8687549360e-01
8.8436239912e-01
8.8149008748e-01
8.7799003422e-01
8.7379651720e-01
8.6881995871e-01
8.6385608770e-01
8.5814867714e-01
8.5159537637e-01
8.4407808437e-01
8.3733168118e-01
8.2981791442e-01
8.2145557895e-01
8.1215732691e-01
8.0354871530e-01
7.9415514936e-01
7.8391694994e-01
7.7277338828e-01
7.6165156895e-01
7.4966250169e-01
7.3676124263e-01
7.2290595278e-01
7.0817989861e-01
6.9244747878e-01
6.7568637859e-01
6.5788444578e-01
6.4098473472e-01
6.2325347282e-01
6.0471252281e-01
5.8539658735e-01
5.6622819803e-01
5.4645067465e-01
5.2613392819e-01
5.0536195138e-01
4.8666970901e-01
4.6777438939e-01
4.4876073347e-01
4.2972029687e-01
4.0929692135e-01
3.8908227984e-01
3.6920613376e-01
3.4979853922e-01
3.3261461172e-01
3.1601978396e-01
3.0010165936e-01
2.8494115653e-01
2.6901460234e-01
2.5421034485e-01
2.4060354832e-01
2.2825582370e-01
2.1683816713e-01
2.0686630604e-01
1.9836982621e-01
1.9136892004e-01
1.8594435610e-01
1.8199257146e-01
1.7951764538e-01
1.7852151650e-01
1.7897096460e-01
1.8081753182e-01
1.8405997111e-01
1.8869546921e-01
1.9495331621e-01
2.0268738290e-01
2.1188155142e-01
2.2251161067e-01
2.3351618689e-01
2.4566885407e-01
2.5892426722e-01
2.7322660508e-01
2.8803848849e-01
3.0370209416e-01
3.2013756355e-01
3.3725682900e-01
3.5546819184e-01
3.7419235519e-01
3.9331638985e-01
4.1272582253e-01
4.3220367070e-01
4.5174207449e-01
4.7123683987e-01
4.9059021883e-01
5.1240456605e-01
5.3379737527e-01
5.5466468919e-01
5.7491889129e-01
5.9937327866e-01
6.2264315611e-01
6.4465687774e-01
6.6537390053e-01
6.8289551299e-01
6.9936143226e-01
7.1478886653e-01
7.2920456998e-01
7.4446489907e-01
7.5851174182e-01
7.7141064413e-01
7.8323089018e-01
7.9712030765e-01
8.0945793924e-01
8.2039500853e-01
8.3007517263e-01
8.4054867693e-01
8.4952250729e-01
8.5720254117e-01
8.6376747013e-01
8.6937715253e-01
8.7414848749e-01
8.7818519295e-01
8.8156844907e-01
8.8426275250e-01
8.8644294224e-01
8.8812733044e-01
8.8931720567e-01
8.8996946152e-01
8.9014653177e-01
8.8980669548e-01
8.8889279411e-01
8.8733704327e-01
8.8504661446e-01
8.8191084217e-01
8.7779755595e-01
8.7346230664e-01
8.6821732453e-01
8.6194218937e-01
8.5450232372e-01
8.4793102189e-01
8.4051830963e-01
8.3218684404e-01
8.2285481442e-01
8.1386448509e-01
8.0399517684e-01
7.9318733633e-01
7.8138090313e-01
7.6951572485e-01
7.5669834081e-01
7.4288476952e-01
7.2803433496e-01
7.0962530284e-01
6.8975245380e-01
6.6838609898e-01
6.4551542752e-01
6.2739554139e-01
6.0845244085e-01
5.8871165781e-01
5.6820988406e-01
5.4903734896e-01
5.2932649410e-01
5.0913168689e-01
4.8851639979e-01
4.6864113912e-01
4.4852177969e-01
4.2823361062e-01
4.0785737676e-01
3.8598696433e-01
3.6422247138e-01
3.4267461270e-01
3.2145331498e-01
3.0250014007e-01
2.8398283119e-01
2.6597203690e-01
2.4853146928e-01
2.2990267314e-01
2.1210867684e-01
1.9519855976e-01
1.7920701793e-01
1.6177705816e-01
1.4562874936e-01
1.3075049828e-01
1.1711228177e-01
1.0553535162e-01
9.4940767601e-02
8.5277524605e-02
7.6490435783e-02
6.7116593409e-02
5.8798499580e-02
5.1439702129e-02
4.4946935654e-02
3.7565070714e-02
3.1346505122e-02
2.6123198069e-02
2.1746455345e-02
1.7528968735e-02
1.4115294396e-02
1.1357201215e-02
9.1319462997e-03
7.1455869481e-03
5.5885180887e-03
4.3689706306e-03
3.4143664121e-03
2.4882438795e-03
1.8129555620e-03
1.3206481550e-03
9.6175603718e-04
6.0337517268e-04
3.7873715975e-04
2.3770818139e-04
1.4904793776e-04
6.9883298647e-05
3.3015789105e-05
1.5598196997e-05
7.3024763629e-06
3.4525508485e-06
1.6921869057e-06
9.2880170066e-07
7.1204150858e-07
