3.0890525221e-01
3.0890532856e-01
3.0890555757e-01
3.0890593916e-01
3.0890647316e-01
3.0890712897e-01
3.0890792478e-01
3.0890886030e-01
3.0890993517e-01
3.0891111347e-01
3.0891242270e-01
3.0891386237e-01
3.0891543198e-01
3.0891709533e-01
3.0891888230e-01
3.0892079226e-01
3.0892282456e-01
3.0892494981e-01
3.0892719285e-01
3.0892955291e-01
3.0893202919e-01
3.0893460857e-01
3.0893730140e-01
3.0894010677e-01
3.0894302375e-01
3.0894606964e-01
3.0894922642e-01
3.0895249303e-01
3.0895586835e-01
3.0895942817e-01
3.0896309900e-01
3.0896687953e-01
3.0897076842e-01
3.0897499966e-01
3.0897934895e-01
3.0898381454e-01
3.0898839466e-01
3.0899438196e-01
3.0900054760e-01
3.0900688758e-01
3.0901339775e-01
3.0901859488e-01
3.0902389106e-01
3.0902928419e-01
3.0903477213e-01
3.0904005311e-01
3.0904541523e-01
3.0905085659e-01
3.0905637525e-01
3.0906183114e-01
3.0906735687e-01
3.0907295057e-01
3.0907861032e-01
3.0908428833e-01
3.0909002757e-01
3.0909582614e-01
3.0910168211e-01
3.0910762941e-01
3.0911363084e-01
3.0911968438e-01
3.0912578800e-01
3.0913208709e-01
3.0913843433e-01
3.0914482747e-01
3.0915126429e-01
3.0915793604e-01
3.0916464923e-01
3.0917140139e-01
3.0917819001e-01
3.0918506934e-01
3.0919198062e-01
3.0919892127e-01
3.0920588870e-01
3.0921323177e-01
3.0922059849e-01
3.0922798587e-01
3.0923539087e-01
3.0924291204e-01
3.0925044509e-01
3.0925798689e-01
3.0926553430e-01
3.0927295443e-01
3.0928037400e-01
3.0928779008e-01
3.0929519970e-01
3.0930268592e-01
3.0931015952e-01
3.0931761750e-01
3.0932505686e-01
3.0933269945e-01
3.0934031589e-01
3.0934790298e-01
3.0935545752e-01
3.0936339119e-01
3.0937128141e-01
3.0937912454e-01
3.0938691694e-01
3.0939555507e-01
3.0940412056e-01
3.0941260853e-01
3.0942101419e-01
3.0942956672e-01
3.0943802214e-01
3.0944637547e-01
3.0945462180e-01
3.0946213964e-01
3.0946955834e-01
3.0947687424e-01
3.0948408372e-01
3.0949101871e-01
3.0949784560e-01
3.0950456122e-01
3.0951116246e-01
3.0951761723e-01
3.0952395271e-01
3.0953016605e-01
3.0953625443e-01
3.0954225281e-01
3.0954811916e-01
3.0955385080e-01
3.0955944518e-01
3.0956497639e-01
3.0957036128e-01
3.0957559737e-01
3.0958068228e-01
3.0958571388e-01
3.0959058320e-01
3.0959528796e-01
3.0959982594e-01
3.0960430823e-01
3.0960861037e-01
3.0961273026e-01
3.0961666587e-01
3.0962053302e-01
3.0962419978e-01
3.0962766426e-01
3.0963092468e-01
3.0963409404e-01
3.0963703958e-01
3.0963975968e-01
3.0964225284e-01
3.0964462363e-01
3.0964674155e-01
3.0964860534e-01
3.0965021385e-01
3.0965166731e-01
3.0965281898e-01
3.0965366807e-01
3.0965421396e-01
3.0965445304e-01
3.0965440857e-01
3.0965408055e-01
3.0965346922e-01
3.0965263405e-01
3.0965154804e-01
3.0965021184e-01
3.0964862623e-01
3.0964687450e-01
3.0964489575e-01
3.0964269105e-01
3.0964026158e-01
3.0963770485e-01
3.0963494126e-01
3.0963197221e-01
3.0962879920e-01
3.0962552614e-01
3.0962206404e-01
3.0961841457e-01
3.0961457950e-01
3.0961066110e-01
3.0960656962e-01
3.0960230696e-01
3.0959787509e-01
3.0959336616e-01
3.0958869847e-01
3.0958387413e-01
3.0957889530e-01
3.0957383324e-01
3.0956862519e-01
3.0956327347e-01
3.0955778045e-01
3.0955218059e-01
3.0954644592e-01
3.0954057899e-01
3.0953458244e-01
3.0952842321e-01
3.0952213837e-01
3.0951573077e-01
3.0950920337e-01
3.0950236493e-01
3.0949540616e-01
3.0948833048e-01
3.0948114138e-01
3.0947294255e-01
3.0946461049e-01
3.0945615045e-01
3.0944756778e-01
3.0943967385e-01
3.0943168748e-01
3.0942361290e-01
3.0941545438e-01
3.0940792025e-01
3.0940032287e-01
3.0939266568e-01
3.0938495213e-01
3.0937756031e-01
3.0937012365e-01
3.0936264520e-01
3.0935512809e-01
3.0934779136e-01
3.0934042399e-01
3.0933302890e-01
3.0932560901e-01
3.0931825396e-01
3.0931088046e-01
3.0930349140e-01
3.0929608969e-01
3.0928855020e-01
3.0928100372e-01
3.0927345336e-01
3.0926590222e-01
3.0925845276e-01
3.0925100857e-01
3.0924357268e-01
3.0923614810e-01
3.0922907842e-01
3.0922202439e-01
3.0921498865e-01
3.0920797381e-01
3.0920106041e-01
3.0919417253e-01
3.0918731270e-01
3.0918048343e-01
3.0917385358e-01
3.0916725753e-01
3.0916069760e-01
3.0915417608e-01
3.0914785636e-01
3.0914157748e-01
3.0913534153e-01
3.0912915061e-01
3.0912305580e-01
3.0911700938e-01
3.0911101334e-01
3.0910506968e-01
3.0909914422e-01
3.0909327578e-01
3.0908746634e-01
3.0908171784e-01
3.0907589841e-01
3.0907014695e-01
3.0906446547e-01
3.0905885601e-01
3.0905298750e-01
3.0904720456e-01
3.0904150949e-01
3.0903590455e-01
3.0902873051e-01
3.0902171858e-01
3.0901487352e-01
3.0900819995e-01
3.0900318541e-01
3.0899827707e-01
3.0899347687e-01
3.0898878675e-01
3.0898443640e-01
3.0898018858e-01
3.0897604481e-01
3.0897200659e-01
3.0896816166e-01
3.0896442035e-01
3.0896078392e-01
3.0895725365e-01
3.0895385454e-01
3.0895056243e-01
3.0894737842e-01
3.0894430359e-01
3.0894132808e-01
3.0893846462e-01
3.0893571418e-01
3.0893307769e-01
3.0893052508e-01
3.0892809110e-01
3.0892577660e-01
3.0892358237e-01
3.0892146791e-01
3.0891948026e-01
3.0891762014e-01
3.0891588821e-01
3.0891424056e-01
3.0891272994e-01
3.0891135691e-01
3.0891012200e-01
3.0890898256e-01
3.0890799410e-01
3.0890715702e-01
3.0890647167e-01
3.0890593832e-01
3.0890555720e-01
3.0890532847e-01
3.0890525221e-01
