0.0000000000e+00
3.2967750341e-03
6.5935500681e-03
9.8903251022e-03
1.3187100136e-02
1.6067362104e-02
1.8947624071e-02
2.1827886038e-02
2.4708148006e-02
2.7429575404e-02
3.0151002802e-02
3.2872430201e-02
3.5593857599e-02
3.8766470143e-02
4.1939082686e-02
4.5111695230e-02
4.8284307773e-02
5.0815964372e-02
5.3347620970e-02
5.5879277569e-02
5.8410934167e-02
6.0752244153e-02
6.3093554138e-02
6.5434864124e-02
6.7776174110e-02
7.0202973031e-02
7.2629771952e-02
7.5056570873e-02
7.7483369793e-02
7.9979044324e-02
8.2474718855e-02
8.4970393386e-02
8.7466067917e-02
8.9853333596e-02
9.2240599276e-02
9.4627864956e-02
9.7015130636e-02
9.9881214483e-02
1.0274729833e-01
1.0561338218e-01
1.0847946602e-01
1.1152214969e-01
1.1456483336e-01
1.1760751704e-01
1.2065020071e-01
1.2384842196e-01
1.2704664321e-01
1.3024486447e-01
1.3344308572e-01
1.3667268903e-01
1.3990229233e-01
1.4313189564e-01
1.4636149894e-01
1.4994655557e-01
1.5353161220e-01
1.5711666883e-01
1.6070172546e-01
1.6496652699e-01
1.6923132852e-01
1.7349613005e-01
1.7776093158e-01
1.8291806169e-01
1.8807519180e-01
1.9323232191e-01
1.9838945202e-01
2.0444515919e-01
2.1050086635e-01
2.1655657351e-01
2.2261228068e-01
2.2749890023e-01
2.3238551978e-01
2.3727213933e-01
2.4215875888e-01
2.4625587453e-01
2.5035299017e-01
2.5445010582e-01
2.5854722147e-01
2.6212609760e-01
2.6570497373e-01
2.6928384987e-01
2.7286272600e-01
2.7607997171e-01
2.7929721741e-01
2.8251446312e-01
2.8573170883e-01
2.8887304152e-01
2.9201437421e-01
2.9515570690e-01
2.9829703959e-01
3.0142651849e-01
3.0455599739e-01
3.0768547629e-01
3.1081495519e-01
3.1358231087e-01
3.1634966655e-01
3.1911702223e-01
3.2188437791e-01
3.2433932976e-01
3.2679428161e-01
3.2924923346e-01
3.3170418531e-01
3.3403643589e-01
3.3636868648e-01
3.3870093707e-01
3.4103318766e-01
3.4366881498e-01
3.4630444229e-01
3.4894006961e-01
3.5157569692e-01
3.5387526697e-01
3.5617483702e-01
3.5847440707e-01
3.6077397711e-01
3.6319893729e-01
3.6562389747e-01
3.6804885765e-01
3.7047381783e-01
3.7317091621e-01
3.7586801459e-01
3.7856511296e-01
3.8126221134e-01
3.8397468939e-01
3.8668716744e-01
3.8939964548e-01
3.9211212353e-01
3.9485377356e-01
3.9759542359e-01
4.0033707363e-01
4.0307872366e-01
4.0622886680e-01
4.0937900994e-01
4.1252915309e-01
4.1567929623e-01
4.1969970379e-01
4.2372011136e-01
4.2774051892e-01
4.3176092649e-01
4.3669861378e-01
4.4163630108e-01
4.4657398838e-01
4.5151167567e-01
4.5662915295e-01
4.6174663024e-01
4.6686410752e-01
4.7198158480e-01
4.7785223151e-01
4.8372287821e-01
4.8959352491e-01
4.9546417162e-01
5.0082522197e-01
5.0618627233e-01
5.1154732268e-01
5.1690837304e-01
5.2185835208e-01
5.2680833113e-01
5.3175831017e-01
5.3670828922e-01
5.4156931333e-01
5.4643033743e-01
5.5129136154e-01
5.5615238564e-01
5.6033361010e-01
5.6451483457e-01
5.6869605903e-01
5.7287728349e-01
5.7597170467e-01
5.7906612585e-01
5.8216054703e-01
5.8525496821e-01
5.8798649922e-01
5.9071803022e-01
5.9344956123e-01
5.9618109223e-01
5.9891755000e-01
6.0165400776e-01
6.0439046553e-01
6.0712692330e-01
6.0982136939e-01
6.1251581547e-01
6.1521026156e-01
6.1790470765e-01
6.2036030014e-01
6.2281589263e-01
6.2527148511e-01
6.2772707760e-01
6.2998672868e-01
6.3224637976e-01
6.3450603084e-01
6.3676568192e-01
6.3932571614e-01
6.4188575037e-01
6.4444578459e-01
6.4700581882e-01
6.4934854481e-01
6.5169127080e-01
6.5403399679e-01
6.5637672278e-01
6.5877650296e-01
6.6117628315e-01
6.6357606333e-01
6.6597584351e-01
6.6870507915e-01
6.7143431480e-01
6.7416355044e-01
6.7689278609e-01
6.8016325455e-01
6.8343372302e-01
6.8670419148e-01
6.8997465994e-01
6.9309328878e-01
6.9621191763e-01
6.9933054647e-01
7.0244917531e-01
7.0569522069e-01
7.0894126608e-01
7.1218731146e-01
7.1543335684e-01
7.1909223331e-01
7.2275110977e-01
7.2640998624e-01
7.3006886270e-01
7.3459227543e-01
7.3911568816e-01
7.4363910088e-01
7.4816251361e-01
7.5370117069e-01
7.5923982778e-01
7.6477848486e-01
7.7031714194e-01
7.7597813066e-01
7.8163911937e-01
7.8730010809e-01
7.9296109680e-01
7.9765999332e-01
8.0235888985e-01
8.0705778637e-01
8.1175668290e-01
8.1571646131e-01
8.1967623972e-01
8.2363601813e-01
8.2759579654e-01
8.3110909265e-01
8.3462238877e-01
8.3813568488e-01
8.4164898099e-01
8.4484584384e-01
8.4804270668e-01
8.5123956953e-01
8.5443643238e-01
8.5770778941e-01
8.6097914644e-01
8.6425050347e-01
8.6752186050e-01
8.7050626076e-01
8.7349066103e-01
8.7647506130e-01
8.7945946157e-01
8.8234746724e-01
8.8523547291e-01
8.8812347858e-01
8.9101148425e-01
8.9340959131e-01
8.9580769836e-01
8.9820580542e-01
9.0060391247e-01
9.0302349183e-01
9.0544307118e-01
9.0786265054e-01
9.1028222989e-01
9.1279129620e-01
9.1530036251e-01
9.1780942882e-01
9.2031849513e-01
9.2262078371e-01
9.2492307230e-01
9.2722536088e-01
9.2952764946e-01
9.3201105192e-01
9.3449445439e-01
9.3697785685e-01
9.3946125932e-01
9.4246772828e-01
9.4547419724e-01
9.4848066621e-01
9.5148713517e-01
9.5421055173e-01
9.5693396830e-01
9.5965738486e-01
9.6238080142e-01
9.6523099293e-01
9.6808118443e-01
9.7093137593e-01
9.7378156744e-01
9.7705887028e-01
9.8033617312e-01
9.8361347596e-01
9.8689077880e-01
9.9016808410e-01
9.9344538940e-01
9.9672269470e-01
1.0000000000e+00
