0.0000000000e+00
3.1580072451e-03
6.3160144901e-03
9.4740217352e-03
1.2632028980e-02
1.5663642122e-02
1.8695255264e-02
2.1726868405e-02
2.4758481547e-02
2.7706084722e-02
3.0653687896e-02
3.3601291071e-02
3.6548894246e-02
3.9436906772e-02
4.2324919299e-02
4.5212931825e-02
4.8100944351e-02
5.0951551650e-02
5.3802158948e-02
5.6652766246e-02
5.9503373544e-02
6.2340754473e-02
6.5178135402e-02
6.8015516330e-02
7.0852897259e-02
7.3707106738e-02
7.6561316217e-02
7.9415525697e-02
8.2269735176e-02
8.5186030838e-02
8.8102326501e-02
9.1018622164e-02
9.3934917826e-02
9.7020632421e-02
1.0010634702e-01
1.0319206161e-01
1.0627777620e-01
1.1020204763e-01
1.1412631906e-01
1.1805059049e-01
1.2197486192e-01
1.2503798374e-01
1.2810110555e-01
1.3116422736e-01
1.3422734918e-01
1.3712728980e-01
1.4002723042e-01
1.4292717104e-01
1.4582711165e-01
1.4865592700e-01
1.5148474234e-01
1.5431355769e-01
1.5714237304e-01
1.5994862339e-01
1.6275487374e-01
1.6556112409e-01
1.6836737444e-01
1.7119057744e-01
1.7401378044e-01
1.7683698344e-01
1.7966018644e-01
1.8255079658e-01
1.8544140671e-01
1.8833201685e-01
1.9122262699e-01
1.9419930987e-01
1.9717599276e-01
2.0015267565e-01
2.0312935854e-01
2.0613073907e-01
2.0913211961e-01
2.1213350014e-01
2.1513488068e-01
2.1828688013e-01
2.2143887958e-01
2.2459087904e-01
2.2774287849e-01
2.3093797724e-01
2.3413307600e-01
2.3732817475e-01
2.4052327351e-01
2.4366345207e-01
2.4680363062e-01
2.4994380918e-01
2.5308398774e-01
2.5626067085e-01
2.5943735395e-01
2.6261403706e-01
2.6579072017e-01
2.6906383348e-01
2.7233694679e-01
2.7561006010e-01
2.7888317341e-01
2.8233735713e-01
2.8579154084e-01
2.8924572456e-01
2.9269990828e-01
2.9655750540e-01
3.0041510253e-01
3.0427269965e-01
3.0813029678e-01
3.1209697398e-01
3.1606365119e-01
3.2003032840e-01
3.2399700561e-01
3.2766100150e-01
3.3132499739e-01
3.3498899328e-01
3.3865298917e-01
3.4223140341e-01
3.4580981766e-01
3.4938823190e-01
3.5296664614e-01
3.5652887150e-01
3.6009109686e-01
3.6365332222e-01
3.6721554758e-01
3.7080054681e-01
3.7438554604e-01
3.7797054527e-01
3.8155554450e-01
3.8519156768e-01
3.8882759087e-01
3.9246361405e-01
3.9609963724e-01
3.9981073410e-01
4.0352183097e-01
4.0723292783e-01
4.1094402470e-01
4.1475324291e-01
4.1856246111e-01
4.2237167932e-01
4.2618089753e-01
4.3011287879e-01
4.3404486005e-01
4.3797684131e-01
4.4190882257e-01
4.4599379303e-01
4.5007876349e-01
4.5416373396e-01
4.5824870442e-01
4.6253547078e-01
4.6682223714e-01
4.7110900350e-01
4.7539576987e-01
4.8004003543e-01
4.8468430100e-01
4.8932856657e-01
4.9397283214e-01
4.9846015083e-01
5.0294746952e-01
5.0743478821e-01
5.1192210691e-01
5.1615142277e-01
5.2038073864e-01
5.2461005451e-01
5.2883937038e-01
5.3289029696e-01
5.3694122354e-01
5.4099215012e-01
5.4504307670e-01
5.4895285913e-01
5.5286264156e-01
5.5677242399e-01
5.6068220642e-01
5.6447684643e-01
5.6827148645e-01
5.7206612646e-01
5.7586076648e-01
5.7956262946e-01
5.8326449244e-01
5.8696635543e-01
5.9066821841e-01
5.9429882341e-01
5.9792942840e-01
6.0156003340e-01
6.0519063840e-01
6.0877312540e-01
6.1235561240e-01
6.1593809940e-01
6.1952058641e-01
6.2308296975e-01
6.2664535308e-01
6.3020773642e-01
6.3377011976e-01
6.3735307256e-01
6.4093602536e-01
6.4451897816e-01
6.4810193095e-01
6.5178870416e-01
6.5547547737e-01
6.5916225058e-01
6.6284902379e-01
6.6698660875e-01
6.7112419370e-01
6.7526177866e-01
6.7939936361e-01
6.8315591984e-01
6.8691247606e-01
6.9066903229e-01
6.9442558851e-01
6.9786250535e-01
7.0129942219e-01
7.0473633904e-01
7.0817325588e-01
7.1144490905e-01
7.1471656222e-01
7.1798821539e-01
7.2125986856e-01
7.2443818985e-01
7.2761651114e-01
7.3079483243e-01
7.3397315373e-01
7.3711451441e-01
7.4025587509e-01
7.4339723577e-01
7.4653859645e-01
7.4973419964e-01
7.5292980283e-01
7.5612540602e-01
7.5932100921e-01
7.6247455080e-01
7.6562809238e-01
7.6878163397e-01
7.7193517555e-01
7.7494362713e-01
7.7795207870e-01
7.8096053028e-01
7.8396898186e-01
7.8694384292e-01
7.8991870399e-01
7.9289356506e-01
7.9586842612e-01
7.9877029389e-01
8.0167216167e-01
8.0457402944e-01
8.0747589721e-01
8.1030540417e-01
8.1313491113e-01
8.1596441809e-01
8.1879392505e-01
8.2160077682e-01
8.2440762859e-01
8.2721448036e-01
8.3002133213e-01
8.3284549591e-01
8.3566965969e-01
8.3849382347e-01
8.4131798725e-01
8.4420901358e-01
8.4710003992e-01
8.4999106625e-01
8.5288209259e-01
8.5594831479e-01
8.5901453698e-01
8.6208075918e-01
8.6514698137e-01
8.6914775760e-01
8.7314853383e-01
8.7714931007e-01
8.8115008630e-01
8.8422795498e-01
8.8730582366e-01
8.9038369234e-01
8.9346156102e-01
8.9638444141e-01
8.9930732181e-01
9.0223020221e-01
9.0515308260e-01
9.0801093159e-01
9.1086878058e-01
9.1372662957e-01
9.1658447856e-01
9.1942212153e-01
9.2225976450e-01
9.2509740748e-01
9.2793505045e-01
9.3078330702e-01
9.3363156358e-01
9.3647982015e-01
9.3932807672e-01
9.4221212492e-01
9.4509617311e-01
9.4798022131e-01
9.5086426951e-01
9.5380750091e-01
9.5675073231e-01
9.5969396371e-01
9.6263719511e-01
9.6566574669e-01
9.6869429827e-01
9.7172284985e-01
9.7475140143e-01
9.7790747625e-01
9.8106355107e-01
9.8421962590e-01
9.8737570072e-01
9.9053177554e-01
9.9368785036e-01
9.9684392518e-01
1.0000000000e+00
