2.8306278805e-01
2.8307193015e-01
2.8309935703e-01
2.8314507048e-01
2.8320907343e-01
2.8327124468e-01
2.8334440158e-01
2.8342854698e-01
2.8352368413e-01
2.8360947003e-01
2.8370258070e-01
2.8380301855e-01
2.8391078613e-01
2.8400898466e-01
2.8411257112e-01
2.8422154740e-01
2.8433591549e-01
2.8444872891e-01
2.8456634243e-01
2.8468875775e-01
2.8481597654e-01
2.8493149155e-01
2.8505070247e-01
2.8517360999e-01
2.8530021450e-01
2.8540577453e-01
2.8551377350e-01
2.8562421066e-01
2.8573708478e-01
2.8583105229e-01
2.8592664173e-01
2.8602385118e-01
2.8612267808e-01
2.8621524473e-01
2.8630918085e-01
2.8640448241e-01
2.8650114440e-01
2.8661496609e-01
2.8673059828e-01
2.8684802625e-01
2.8696723178e-01
2.8706392674e-01
2.8716173305e-01
2.8726063484e-01
2.8736061374e-01
2.8745297322e-01
2.8754619756e-01
2.8764026612e-01
2.8773515579e-01
2.8783899415e-01
2.8794373218e-01
2.8804932955e-01
2.8815574192e-01
2.8825794554e-01
2.8836080101e-01
2.8846425955e-01
2.8856826912e-01
2.8867493923e-01
2.8878206412e-01
2.8888957904e-01
2.8899741660e-01
2.8911959381e-01
2.8924198999e-01
2.8936449858e-01
2.8948701097e-01
2.8965744689e-01
2.8982737709e-01
2.8999650266e-01
2.9016452795e-01
2.9030303659e-01
2.9044042416e-01
2.9057653340e-01
2.9071121226e-01
2.9085615092e-01
2.9099903695e-01
2.9113969842e-01
2.9127797269e-01
2.9143574279e-01
2.9158984454e-01
2.9174006969e-01
2.9188622684e-01
2.9207444763e-01
2.9225475853e-01
2.9242683550e-01
2.9259039858e-01
2.9278098671e-01
2.9295775317e-01
2.9312040570e-01
2.9326872751e-01
2.9341932233e-01
2.9355120890e-01
2.9366437493e-01
2.9375890704e-01
2.9381914662e-01
2.9386855688e-01
2.9390729998e-01
2.9393557689e-01
2.9395076271e-01
2.9395961211e-01
2.9396228547e-01
2.9395896286e-01
2.9395174371e-01
2.9394061560e-01
2.9392571802e-01
2.9390720194e-01
2.9388759353e-01
2.9386531683e-01
2.9384050679e-01
2.9381330653e-01
2.9378496671e-01
2.9375468923e-01
2.9372262357e-01
2.9368892581e-01
2.9365381033e-01
2.9361739688e-01
2.9357985813e-01
2.9354137119e-01
2.9350670493e-01
2.9347156575e-01
2.9343608140e-01
2.9340038000e-01
2.9336905008e-01
2.9333773702e-01
2.9330652498e-01
2.9327549671e-01
2.9324493268e-01
2.9321470727e-01
2.9318489527e-01
2.9315556865e-01
2.9312631128e-01
2.9309769605e-01
2.9306978792e-01
2.9304264782e-01
2.9301764430e-01
2.9299342920e-01
2.9297004411e-01
2.9294752718e-01
2.9292423292e-01
2.9290203058e-01
2.9288095555e-01
2.9286103928e-01
2.9283843787e-01
2.9281763118e-01
2.9279865565e-01
2.9278154180e-01
2.9276821727e-01
2.9275632795e-01
2.9274588536e-01
2.9273689899e-01
2.9272890207e-01
2.9272259002e-01
2.9271796849e-01
2.9271504149e-01
2.9271382910e-01
2.9271417416e-01
2.9271607642e-01
2.9271953441e-01
2.9272443181e-01
2.9273081792e-01
2.9273868766e-01
2.9274803445e-01
2.9275968929e-01
2.9277302069e-01
2.9278801334e-01
2.9280464872e-01
2.9282024255e-01
2.9283701711e-01
2.9285495339e-01
2.9287402959e-01
2.9289289875e-01
2.9291272230e-01
2.9293347461e-01
2.9295512723e-01
2.9298980214e-01
2.9302637062e-01
2.9306468965e-01
2.9310459861e-01
2.9313245969e-01
2.9316090970e-01
2.9318988544e-01
2.9321932056e-01
2.9325473888e-01
2.9329058576e-01
2.9332673653e-01
2.9336306289e-01
2.9340134992e-01
2.9343953091e-01
2.9347744933e-01
2.9351494835e-01
2.9355454461e-01
2.9359328702e-01
2.9363098787e-01
2.9366746365e-01
2.9370310797e-01
2.9373712009e-01
2.9376932537e-01
2.9379955644e-01
2.9383109045e-01
2.9385969145e-01
2.9388515485e-01
2.9390728891e-01
2.9393061402e-01
2.9394776244e-01
2.9395841521e-01
2.9396228529e-01
2.9395398845e-01
2.9392731780e-01
2.9388156933e-01
2.9381618654e-01
2.9374822337e-01
2.9366682269e-01
2.9357187288e-01
2.9346331444e-01
2.9334775218e-01
2.9321997470e-01
2.9308006403e-01
2.9292814916e-01
2.9279850841e-01
2.9266146040e-01
2.9251714360e-01
2.9236572137e-01
2.9223866836e-01
2.9210723743e-01
2.9197155396e-01
2.9183175655e-01
2.9170497378e-01
2.9157521442e-01
2.9144260193e-01
2.9130726907e-01
2.9118104785e-01
2.9105277985e-01
2.9092258805e-01
2.9079060204e-01
2.9065116146e-01
2.9051007854e-01
2.9036752203e-01
2.9022366714e-01
2.9009822202e-01
2.8997205997e-01
2.8984530377e-01
2.8971807795e-01
2.8959478351e-01
2.8947128172e-01
2.8934768622e-01
2.8922410980e-01
2.8911856750e-01
2.8901318877e-01
2.8890804036e-01
2.8880318722e-01
2.8867116735e-01
2.8853984101e-01
2.8840932281e-01
2.8827971992e-01
2.8818091874e-01
2.8808275711e-01
2.8798527369e-01
2.8788850419e-01
2.8778368091e-01
2.8767978696e-01
2.8757685727e-01
2.8747492304e-01
2.8736306253e-01
2.8725249359e-01
2.8714324474e-01
2.8703534040e-01
2.8693105658e-01
2.8682809688e-01
2.8672647514e-01
2.8662620296e-01
2.8652180314e-01
2.8641892793e-01
2.8631758491e-01
2.8621778021e-01
2.8609445374e-01
2.8597357549e-01
2.8585515106e-01
2.8573918446e-01
2.8558913851e-01
2.8544342734e-01
2.8530205332e-01
2.8516501745e-01
2.8502488622e-01
2.8488960121e-01
2.8475916127e-01
2.8463356497e-01
2.8449652616e-01
2.8436575549e-01
2.8424125037e-01
2.8412300828e-01
2.8398355133e-01
2.8385393871e-01
2.8373416599e-01
2.8362422908e-01
2.8349260805e-01
2.8337855295e-01
2.8328205674e-01
2.8320311345e-01
2.8314171818e-01
2.8309786713e-01
2.8307155759e-01
2.8306278792e-01
