0.0000000000e+00
1.1415935772e-02
2.2831871543e-02
3.4247807315e-02
4.5663743087e-02
5.4282735466e-02
6.2901727845e-02
7.1520720224e-02
8.0139712603e-02
8.6870146408e-02
9.3600580212e-02
1.0033101402e-01
1.0706144782e-01
1.1246343463e-01
1.1786542143e-01
1.2326740823e-01
1.2866939504e-01
1.3320970294e-01
1.3775001085e-01
1.4229031875e-01
1.4683062665e-01
1.5075995706e-01
1.5468928747e-01
1.5861861788e-01
1.6254794829e-01
1.6604206122e-01
1.6953617416e-01
1.7303028709e-01
1.7652440003e-01
1.7973762503e-01
1.8295085002e-01
1.8616407502e-01
1.8937730002e-01
1.9262421922e-01
1.9587113841e-01
1.9911805760e-01
2.0236497680e-01
2.0518558426e-01
2.0800619173e-01
2.1082679919e-01
2.1364740665e-01
2.1626562662e-01
2.1888384658e-01
2.2150206655e-01
2.2412028651e-01
2.2615158981e-01
2.2818289310e-01
2.3021419640e-01
2.3224549970e-01
2.3404495504e-01
2.3584441039e-01
2.3764386574e-01
2.3944332109e-01
2.4114531400e-01
2.4284730691e-01
2.4454929982e-01
2.4625129273e-01
2.4802785387e-01
2.4980441502e-01
2.5158097617e-01
2.5335753732e-01
2.5509356410e-01
2.5682959087e-01
2.5856561765e-01
2.6030164442e-01
2.6187419868e-01
2.6344675294e-01
2.6501930720e-01
2.6659186146e-01
2.6808577878e-01
2.6957969610e-01
2.7107361341e-01
2.7256753073e-01
2.7400743759e-01
2.7544734445e-01
2.7688725132e-01
2.7832715818e-01
2.7996082179e-01
2.8159448540e-01
2.8322814901e-01
2.8486181263e-01
2.8638826127e-01
2.8791470991e-01
2.8944115856e-01
2.9096760720e-01
2.9243925893e-01
2.9391091065e-01
2.9538256237e-01
2.9685421410e-01
2.9845109903e-01
3.0004798397e-01
3.0164486890e-01
3.0324175384e-01
3.0496636485e-01
3.0669097585e-01
3.0841558686e-01
3.1014019787e-01
3.1205920230e-01
3.1397820674e-01
3.1589721118e-01
3.1781621562e-01
3.1986187382e-01
3.2190753203e-01
3.2395319023e-01
3.2599884844e-01
3.2797748920e-01
3.2995612996e-01
3.3193477073e-01
3.3391341149e-01
3.3598801287e-01
3.3806261425e-01
3.4013721563e-01
3.4221181701e-01
3.4444690128e-01
3.4668198555e-01
3.4891706981e-01
3.5115215408e-01
3.5366979589e-01
3.5618743770e-01
3.5870507951e-01
3.6122272132e-01
3.6438984057e-01
3.6755695983e-01
3.7072407908e-01
3.7389119833e-01
3.7737209635e-01
3.8085299437e-01
3.8433389239e-01
3.8781479042e-01
3.9230895807e-01
3.9680312572e-01
4.0129729337e-01
4.0579146102e-01
4.0974621203e-01
4.1370096304e-01
4.1765571405e-01
4.2161046506e-01
4.2569573967e-01
4.2978101428e-01
4.3386628890e-01
4.3795156351e-01
4.4232284774e-01
4.4669413196e-01
4.5106541619e-01
4.5543670042e-01
4.6020688115e-01
4.6497706188e-01
4.6974724261e-01
4.7451742334e-01
4.7995825594e-01
4.8539908854e-01
4.9083992114e-01
4.9628075374e-01
5.0126563815e-01
5.0625052257e-01
5.1123540698e-01
5.1622029139e-01
5.2078770261e-01
5.2535511383e-01
5.2992252504e-01
5.3448993626e-01
5.3873475708e-01
5.4297957790e-01
5.4722439872e-01
5.5146921954e-01
5.5548673161e-01
5.5950424367e-01
5.6352175573e-01
5.6753926780e-01
5.7151274338e-01
5.7548621896e-01
5.7945969454e-01
5.8343317012e-01
5.8754705181e-01
5.9166093351e-01
5.9577481520e-01
5.9988869689e-01
6.0332522990e-01
6.0676176290e-01
6.1019829590e-01
6.1363482891e-01
6.1686811305e-01
6.2010139720e-01
6.2333468135e-01
6.2656796550e-01
6.2914065897e-01
6.3171335245e-01
6.3428604592e-01
6.3685873940e-01
6.3915230117e-01
6.4144586295e-01
6.4373942472e-01
6.4603298649e-01
6.4818944272e-01
6.5034589894e-01
6.5250235516e-01
6.5465881139e-01
6.5665663992e-01
6.5865446845e-01
6.6065229698e-01
6.6265012551e-01
6.6464011815e-01
6.6663011079e-01
6.6862010343e-01
6.7061009608e-01
6.7277487344e-01
6.7493965080e-01
6.7710442816e-01
6.7926920552e-01
6.8103614758e-01
6.8280308964e-01
6.8457003169e-01
6.8633697375e-01
6.8812435889e-01
6.8991174404e-01
6.9169912918e-01
6.9348651433e-01
6.9499647736e-01
6.9650644040e-01
6.9801640344e-01
6.9952636648e-01
7.0102496868e-01
7.0252357089e-01
7.0402217310e-01
7.0552077531e-01
7.0776542448e-01
7.1001007366e-01
7.1225472284e-01
7.1449937202e-01
7.1595366897e-01
7.1740796593e-01
7.1886226289e-01
7.2031655984e-01
7.2178025677e-01
7.2324395369e-01
7.2470765062e-01
7.2617134754e-01
7.2773759306e-01
7.2930383858e-01
7.3087008410e-01
7.3243632962e-01
7.3414498165e-01
7.3585363368e-01
7.3756228571e-01
7.3927093774e-01
7.4107434800e-01
7.4287775826e-01
7.4468116852e-01
7.4648457878e-01
7.4818861652e-01
7.4989265426e-01
7.5159669201e-01
7.5330072975e-01
7.5510939576e-01
7.5691806177e-01
7.5872672778e-01
7.6053539379e-01
7.6261093065e-01
7.6468646752e-01
7.6676200438e-01
7.6883754124e-01
7.7152644128e-01
7.7421534132e-01
7.7690424136e-01
7.7959314140e-01
7.8341435704e-01
7.8723557268e-01
7.9105678831e-01
7.9487800395e-01
7.9806233255e-01
8.0124666115e-01
8.0443098975e-01
8.0761531835e-01
8.1106432141e-01
8.1451332447e-01
8.1796232752e-01
8.2141133058e-01
8.2534273452e-01
8.2927413846e-01
8.3320554239e-01
8.3713694633e-01
8.4181675872e-01
8.4649657111e-01
8.5117638350e-01
8.5585619590e-01
8.6173434396e-01
8.6761249203e-01
8.7349064010e-01
8.7936878816e-01
8.8729490140e-01
8.9522101463e-01
9.0314712786e-01
9.1107324110e-01
9.2218908596e-01
9.3330493082e-01
9.4442077568e-01
9.5553662055e-01
9.6665246541e-01
9.7776831027e-01
9.8888415514e-01
1.0000000000e+00
