1.4896802268e-03
1.5320684357e-03
1.6616029056e-03
1.8856109531e-03
2.2167806310e-03
2.6058654099e-03
3.1062962660e-03
3.7392454851e-03
4.5314005582e-03
5.4412019647e-03
6.5504835926e-03
7.8989983543e-03
9.5346503775e-03
1.1373624680e-02
1.3569007809e-02
1.6186230378e-02
1.9301851144e-02
2.2325399063e-02
2.5810167936e-02
2.9821139638e-02
3.4430755174e-02
3.8491498195e-02
4.3006064347e-02
4.8018568851e-02
5.3575777698e-02
5.9086393470e-02
6.5115818368e-02
7.1702323134e-02
7.8884715766e-02
8.7126533429e-02
9.6115307195e-02
1.0589360952e-01
1.1650099637e-01
1.2699909161e-01
1.3824881091e-01
1.5026801345e-01
1.6306839869e-01
1.7611038760e-01
1.8987520297e-01
2.0435229531e-01
2.1952308877e-01
2.3394724978e-01
2.4889998915e-01
2.6434900192e-01
2.8025652969e-01
2.9984991676e-01
3.1995720127e-01
3.4048897913e-01
3.6135030915e-01
3.7925680480e-01
3.9726886859e-01
4.1532570423e-01
4.3336769149e-01
4.5385083437e-01
4.7415850770e-01
4.9421517607e-01
5.1395171659e-01
5.3458331649e-01
5.5471375555e-01
5.7428640014e-01
5.9325403616e-01
6.1456480965e-01
6.3495501524e-01
6.5439311622e-01
6.7286040866e-01
6.8953261855e-01
7.0531993069e-01
7.2023064168e-01
7.3427857112e-01
7.4889817722e-01
7.6250551264e-01
7.7513460562e-01
7.8682220795e-01
7.9912845949e-01
8.1030397422e-01
8.2040782984e-01
8.2949781720e-01
8.3955209159e-01
8.4820118694e-01
8.5553908362e-01
8.6164975067e-01
8.6816335283e-01
8.7266119168e-01
8.7525629197e-01
8.7602044138e-01
8.7535248860e-01
8.7356124410e-01
8.7062772369e-01
8.6651719951e-01
8.6200668144e-01
8.5654910474e-01
8.5009535883e-01
8.4258850929e-01
8.3568961961e-01
8.2801966788e-01
8.1953852789e-01
8.1020386305e-01
8.0109306592e-01
7.9123145174e-01
7.8058643768e-01
7.6912572538e-01
7.5754120438e-01
7.4517811105e-01
7.3201340181e-01
7.1802674680e-01
7.0109310619e-01
6.8305618642e-01
6.6390796515e-01
6.4365211461e-01
6.2712155535e-01
6.0994459834e-01
5.9214300728e-01
5.7374585433e-01
5.5642428439e-01
5.3866941520e-01
5.2052169383e-01
5.0202769555e-01
4.8471247900e-01
4.6719333684e-01
4.4952004856e-01
4.3174603222e-01
4.0997952893e-01
3.8825563184e-01
3.6668610932e-01
3.4538404591e-01
3.2857247856e-01
3.1206113352e-01
2.9590365958e-01
2.8015049942e-01
2.6376074092e-01
2.4794089014e-01
2.3273580708e-01
2.1818327477e-01
2.0298427533e-01
1.8863969778e-01
1.7516956255e-01
1.6258436120e-01
1.5071125923e-01
1.3974654939e-01
1.2967759715e-01
1.2048644485e-01
1.1214159110e-01
1.0462972737e-01
9.7924580490e-02
9.1999396831e-02
8.6297952026e-02
8.1492963311e-02
7.7553389448e-02
7.4452190880e-02
7.1994608972e-02
7.0490836500e-02
6.9927172192e-02
7.0298402227e-02
7.1392862427e-02
7.3213546129e-02
7.5773015459e-02
7.9088439794e-02
8.2844801889e-02
8.7285477348e-02
9.2432578637e-02
9.8309989437e-02
1.0589492111e-01
1.1448956221e-01
1.2412997709e-01
1.3484930431e-01
1.4509400177e-01
1.5619415235e-01
1.6815858770e-01
1.8098958926e-01
1.9329956130e-01
2.0630014992e-01
2.1997520338e-01
2.3430204102e-01
2.4874192254e-01
2.6373077219e-01
2.7923037532e-01
2.9519718390e-01
3.1365897769e-01
3.3257540859e-01
3.5186594363e-01
3.7144629524e-01
3.8914615044e-01
4.0694650591e-01
4.2478571864e-01
4.4260365281e-01
4.6384552298e-01
4.8487993685e-01
5.0562042948e-01
5.2598880919e-01
5.4669834590e-01
5.6686334012e-01
5.8642710548e-01
6.0534331511e-01
6.2547067845e-01
6.4472497090e-01
6.6308219150e-01
6.8052929549e-01
6.9680826003e-01
7.1220672778e-01
7.2673533679e-01
7.4040992497e-01
7.5464062756e-01
7.6787185014e-01
7.8013909035e-01
7.9148011128e-01
8.0382168773e-01
8.1497347806e-01
8.2500060008e-01
8.3396586501e-01
8.4373040745e-01
8.5204741681e-01
8.5901059531e-01
8.6470083960e-01
8.7023438197e-01
8.7389736213e-01
8.7575824355e-01
8.7584606681e-01
8.7471553599e-01
8.7252713752e-01
8.6924686500e-01
8.6482714829e-01
8.6025956276e-01
8.5482667303e-01
8.4848074335e-01
8.4116817917e-01
8.3419671048e-01
8.2645540059e-01
8.1790357463e-01
8.0849868840e-01
7.9929490921e-01
7.8933614415e-01
7.7858997684e-01
7.6702444521e-01
7.5523891437e-01
7.4265942946e-01
7.2926303011e-01
7.1502963669e-01
6.9829405246e-01
6.8049922299e-01
6.6163844677e-01
6.4171561027e-01
6.2511304962e-01
6.0786270384e-01
5.8998583828e-01
5.7151079990e-01
5.5413502608e-01
5.3632295504e-01
5.1811372625e-01
4.9955236663e-01
4.8209397155e-01
4.6442196716e-01
4.4658503122e-01
4.2863539321e-01
4.0601998525e-01
3.8342935677e-01
3.6098224257e-01
3.3879859691e-01
3.2180933784e-01
3.0510498601e-01
2.8873686434e-01
2.7275300377e-01
2.5576542937e-01
2.3934128955e-01
2.2352452356e-01
2.0835131067e-01
1.9254113560e-01
1.7755850623e-01
1.6341817667e-01
1.5012457263e-01
1.3762163719e-01
1.2595392530e-01
1.1510074334e-01
1.0503544863e-01
9.5578683425e-02
8.6866860080e-02
7.8860689476e-02
7.1519271166e-02
6.3670984792e-02
5.6618615248e-02
5.0295767119e-02
4.4638392479e-02
3.8257700520e-02
3.2752227875e-02
2.8012576413e-02
2.3940103780e-02
1.9786161078e-02
1.6342177244e-02
1.3492146557e-02
1.1137627591e-02
9.1195621220e-03
7.4723173273e-03
6.1306675115e-03
5.0409095665e-03
4.0358937182e-03
3.2555667659e-03
2.6569147958e-03
2.2068053278e-03
1.8803392183e-03
1.6593637958e-03
1.5315236692e-03
1.4896801948e-03
