2.5301902196e-01
2.5318899254e-01
2.5369913258e-01
2.5455012749e-01
2.5574312068e-01
2.5653199077e-01
2.5742181392e-01
2.5841294032e-01
2.5950576001e-01
2.6026071711e-01
2.6105784047e-01
2.6189725925e-01
2.6277910944e-01
2.6343754309e-01
2.6411791509e-01
2.6482028209e-01
2.6554470258e-01
2.6610914864e-01
2.6668635450e-01
2.6727634783e-01
2.6787915691e-01
2.6836603856e-01
2.6886100314e-01
2.6936406554e-01
2.6987524093e-01
2.7030677491e-01
2.7074394561e-01
2.7118676216e-01
2.7163523375e-01
2.7202864472e-01
2.7242631973e-01
2.7282826496e-01
2.7323448667e-01
2.7361305121e-01
2.7399526590e-01
2.7438113568e-01
2.7477066551e-01
2.7516554912e-01
2.7556413402e-01
2.7596642498e-01
2.7637242659e-01
2.7669418108e-01
2.7701823297e-01
2.7734458390e-01
2.7767323520e-01
2.7793613688e-01
2.7820049309e-01
2.7846630378e-01
2.7873356857e-01
2.7897099734e-01
2.7920956054e-01
2.7944925696e-01
2.7969008491e-01
2.7992587618e-01
2.8016273754e-01
2.8040066578e-01
2.8063965693e-01
2.8090145386e-01
2.8116450111e-01
2.8142878939e-01
2.8169430749e-01
2.8191706537e-01
2.8214066319e-01
2.8236509044e-01
2.8259033518e-01
2.8280201722e-01
2.8301439188e-01
2.8322744520e-01
2.8344116165e-01
2.8366184891e-01
2.8388320029e-01
2.8410519327e-01
2.8432780332e-01
2.8456491734e-01
2.8480266314e-01
2.8504100359e-01
2.8527989896e-01
2.8550187646e-01
2.8572425914e-01
2.8594700966e-01
2.8617008908e-01
2.8643406748e-01
2.8669837943e-01
2.8696295347e-01
2.8722771622e-01
2.8750098027e-01
2.8777428179e-01
2.8804753637e-01
2.8832065920e-01
2.8864270323e-01
2.8896430705e-01
2.8928533383e-01
2.8960564926e-01
2.8990342749e-01
2.9020037061e-01
2.9049637863e-01
2.9079135507e-01
2.9111013433e-01
2.9142747689e-01
2.9174327525e-01
2.9205742769e-01
2.9240918699e-01
2.9275860862e-01
2.9310557386e-01
2.9344997316e-01
2.9389494128e-01
2.9433517740e-01
2.9477050428e-01
2.9520076698e-01
2.9568208451e-01
2.9615656155e-01
2.9662406201e-01
2.9708447626e-01
2.9759464661e-01
2.9809562250e-01
2.9858734387e-01
2.9906977726e-01
2.9954081263e-01
3.0000264294e-01
3.0045529489e-01
3.0089880986e-01
3.0137009006e-01
3.0183074563e-01
3.0228087218e-01
3.0272057559e-01
3.0320460777e-01
3.0367567573e-01
3.0413396290e-01
3.0457965923e-01
3.0508454260e-01
3.0557283159e-01
3.0604484530e-01
3.0650090411e-01
3.0703427877e-01
3.0754511939e-01
3.0803398932e-01
3.0850144248e-01
3.0907428193e-01
3.0961344838e-01
3.1012004021e-01
3.1059511464e-01
3.1127035815e-01
3.1187612175e-01
3.1241568500e-01
3.1289205655e-01
3.1334603928e-01
3.1373019466e-01
3.1404733115e-01
3.1429982261e-01
3.1448354620e-01
3.1461053012e-01
3.1468169821e-01
3.1469757249e-01
3.1465123901e-01
3.1453762184e-01
3.1435571549e-01
3.1410392895e-01
3.1383792347e-01
3.1351988668e-01
3.1314797419e-01
3.1272007700e-01
3.1238004213e-01
3.1200950517e-01
3.1160746915e-01
3.1117287396e-01
3.1079877826e-01
3.1040226302e-01
3.0998268984e-01
3.0953939584e-01
3.0915047907e-01
3.0874412454e-01
3.0831990938e-01
3.0787740076e-01
3.0748297636e-01
3.0707448739e-01
3.0665164647e-01
3.0621416326e-01
3.0581796736e-01
3.0541007257e-01
3.0499028074e-01
3.0455839478e-01
3.0416040001e-01
3.0375237130e-01
3.0333417287e-01
3.0290567287e-01
3.0250122430e-01
3.0208781007e-01
3.0166534122e-01
3.0123373567e-01
3.0080116569e-01
3.0035966212e-01
2.9990917494e-01
2.9944966670e-01
2.9900460321e-01
2.9855136603e-01
2.9808996545e-01
2.9762042988e-01
2.9718262660e-01
2.9673807426e-01
2.9628684619e-01
2.9582903624e-01
2.9546765520e-01
2.9510241003e-01
2.9473337620e-01
2.9436063979e-01
2.9403907019e-01
2.9371493228e-01
2.9338830052e-01
2.9305925630e-01
2.9275664849e-01
2.9245217446e-01
2.9214591248e-01
2.9183794622e-01
2.9154765931e-01
2.9125602967e-01
2.9096313932e-01
2.9066907445e-01
2.9028692650e-01
2.8990316798e-01
2.8951801388e-01
2.8913168815e-01
2.8886686946e-01
2.8860168669e-01
2.8833621676e-01
2.8807053729e-01
2.8781578899e-01
2.8756098872e-01
2.8730620498e-01
2.8705150571e-01
2.8682878024e-01
2.8660621496e-01
2.8638385314e-01
2.8616173702e-01
2.8592250675e-01
2.8568365979e-01
2.8544524391e-01
2.8520730470e-01
2.8498120486e-01
2.8475561188e-01
2.8453055902e-01
2.8430607742e-01
2.8409038674e-01
2.8387527722e-01
2.8366077111e-01
2.8344688885e-01
2.8321234334e-01
2.8297859799e-01
2.8274567305e-01
2.8251358659e-01
2.8219826194e-01
2.8188456319e-01
2.8157251954e-01
2.8126215506e-01
2.8102215857e-01
2.8078319545e-01
2.8054527209e-01
2.8030839380e-01
2.8005314275e-01
2.7979912608e-01
2.7954634736e-01
2.7929480940e-01
2.7897986859e-01
2.7866690108e-01
2.7835590879e-01
2.7804689273e-01
2.7765887646e-01
2.7727402157e-01
2.7689232649e-01
2.7651378890e-01
2.7610741120e-01
2.7570472905e-01
2.7530573800e-01
2.7491043335e-01
2.7448548645e-01
2.7406487149e-01
2.7364858211e-01
2.7323661190e-01
2.7275239013e-01
2.7227425483e-01
2.7180219540e-01
2.7133620138e-01
2.7074566507e-01
2.7016512650e-01
2.6959456427e-01
2.6903395731e-01
2.6824670847e-01
2.6747986419e-01
2.6673336612e-01
2.6600715749e-01
2.6480527657e-01
2.6366299734e-01
2.6258006269e-01
2.6155622887e-01
2.5954913595e-01
2.5781352702e-01
2.5634758659e-01
2.5514978126e-01
2.5421683949e-01
2.5355115221e-01
2.5315201956e-01
2.5301902194e-01
