2.5703553062e-01
2.5720827941e-01
2.5772675792e-01
2.5859166309e-01
2.5980415756e-01
2.6058988879e-01
2.6147439219e-01
2.6245800301e-01
2.6354109409e-01
2.6429438320e-01
2.6508953421e-01
2.6592667306e-01
2.6680593236e-01
2.6744765788e-01
2.6811021103e-01
2.6879364343e-01
2.6949800828e-01
2.7004350589e-01
2.7060098231e-01
2.7117046227e-01
2.7175197101e-01
2.7223258509e-01
2.7272114692e-01
2.7321767072e-01
2.7372217095e-01
2.7417280941e-01
2.7462964808e-01
2.7509269709e-01
2.7556196660e-01
2.7601241609e-01
2.7646846935e-01
2.7693013462e-01
2.7739741968e-01
2.7775903529e-01
2.7812395283e-01
2.7849217443e-01
2.7886370134e-01
2.7915856592e-01
2.7945547928e-01
2.7975444003e-01
2.8005544575e-01
2.8033982531e-01
2.8062599896e-01
2.8091396090e-01
2.8120370346e-01
2.8150283390e-01
2.8180381480e-01
2.8210662877e-01
2.8241125409e-01
2.8269103148e-01
2.8297227281e-01
2.8325494865e-01
2.8353902434e-01
2.8380063819e-01
2.8406335876e-01
2.8432714550e-01
2.8459195283e-01
2.8487741432e-01
2.8516392460e-01
2.8545140688e-01
2.8573977739e-01
2.8601919993e-01
2.8629928000e-01
2.8657992510e-01
2.8686103811e-01
2.8718725360e-01
2.8751379832e-01
2.8784050462e-01
2.8816720167e-01
2.8857166854e-01
2.8897552763e-01
2.8937845380e-01
2.8978012850e-01
2.9015150351e-01
2.9052129655e-01
2.9088928018e-01
2.9125523830e-01
2.9167286683e-01
2.9208726477e-01
2.9249816563e-01
2.9290532527e-01
2.9346008901e-01
2.9400680821e-01
2.9454504023e-01
2.9507441029e-01
2.9569778021e-01
2.9630749774e-01
2.9690323100e-01
2.9748473730e-01
2.9806967795e-01
2.9863918568e-01
2.9919321215e-01
2.9973176068e-01
3.0030346546e-01
3.0085679656e-01
3.0139190120e-01
3.0190895795e-01
3.0249481056e-01
3.0305629543e-01
3.0359379905e-01
3.0410772392e-01
3.0471014117e-01
3.0527804795e-01
3.0581222266e-01
3.0631343364e-01
3.0684936473e-01
3.0734391712e-01
3.0779816110e-01
3.0821312942e-01
3.0856626012e-01
3.0888675901e-01
3.0917539737e-01
3.0943293614e-01
3.0964693909e-01
3.0983487575e-01
3.0999740072e-01
3.1013520054e-01
3.1022932202e-01
3.1030807493e-01
3.1037191577e-01
3.1042134386e-01
3.1045089423e-01
3.1047186855e-01
3.1048460469e-01
3.1048947167e-01
3.1048742930e-01
3.1047959801e-01
3.1046632961e-01
3.1044800403e-01
3.1042163747e-01
3.1038994278e-01
3.1035361088e-01
3.1031337976e-01
3.1028106270e-01
3.1024733174e-01
3.1021254301e-01
3.1017706056e-01
3.1014415542e-01
3.1011126498e-01
3.1007867690e-01
3.1004667572e-01
3.1001323360e-01
3.0998112950e-01
3.0995068508e-01
3.0992220406e-01
3.0989806316e-01
3.0987600996e-01
3.0985622588e-01
3.0983887251e-01
3.0982276868e-01
3.0980992814e-01
3.0980047480e-01
3.0979449936e-01
3.0979209945e-01
3.0979288724e-01
3.0979685602e-01
3.0980397187e-01
3.0981398620e-01
3.0982690490e-01
3.0984261960e-01
3.0986099755e-01
3.0988154928e-01
3.0990436167e-01
3.0992924355e-01
3.0995598502e-01
3.0998524096e-01
3.1001596463e-01
3.1004787671e-01
3.1008068616e-01
3.1011696401e-01
3.1015355368e-01
3.1019005970e-01
3.1022608642e-01
3.1026614998e-01
3.1030450330e-01
3.1034059068e-01
3.1037387786e-01
3.1040453055e-01
3.1043119518e-01
3.1045338569e-01
3.1047064794e-01
3.1048497512e-01
3.1048953121e-01
3.1048356202e-01
3.1046638855e-01
3.1042882244e-01
3.1037222445e-01
3.1029568885e-01
3.1019840842e-01
3.1006412421e-01
3.0990205135e-01
3.0971133256e-01
3.0949115952e-01
3.0922406998e-01
3.0892193294e-01
3.0858383270e-01
3.0820884172e-01
3.0783720787e-01
3.0743391117e-01
3.0699820530e-01
3.0652931950e-01
3.0611550812e-01
3.0567795176e-01
3.0521617713e-01
3.0472970311e-01
3.0429305717e-01
3.0383763035e-01
3.0336311750e-01
3.0286921780e-01
3.0241344682e-01
3.0194191170e-01
3.0145442492e-01
3.0095081333e-01
3.0044377741e-01
2.9992112299e-01
2.9938275558e-01
2.9882861448e-01
2.9832517894e-01
2.9780939870e-01
2.9728132909e-01
2.9674106821e-01
2.9627028259e-01
2.9579084189e-01
2.9530290544e-01
2.9480667121e-01
2.9441347666e-01
2.9401550066e-01
2.9361289673e-01
2.9320583852e-01
2.9284317240e-01
2.9247733886e-01
2.9210850017e-01
2.9173683287e-01
2.9138027858e-01
2.9102150765e-01
2.9066070940e-01
2.9029808457e-01
2.8995173620e-01
2.8960411772e-01
2.8925542687e-01
2.8890586756e-01
2.8857853268e-01
2.8825079505e-01
2.8792282945e-01
2.8759481068e-01
2.8731953745e-01
2.8704445028e-01
2.8676964825e-01
2.8649522775e-01
2.8617452765e-01
2.8585462096e-01
2.8553564206e-01
2.8521771614e-01
2.8495275136e-01
2.8468866555e-01
2.8442551537e-01
2.8416335233e-01
2.8387895270e-01
2.8359583272e-01
2.8331403914e-01
2.8303361255e-01
2.8270974194e-01
2.8238780724e-01
2.8206784613e-01
2.8174988913e-01
2.8144979671e-01
2.8115155047e-01
2.8085516351e-01
2.8056064599e-01
2.8019920224e-01
2.7984063696e-01
2.7948495726e-01
2.7913216756e-01
2.7863175290e-01
2.7813727690e-01
2.7764873714e-01
2.7716612838e-01
2.7666661991e-01
2.7617361085e-01
2.7568709116e-01
2.7520705033e-01
2.7463511012e-01
2.7407261216e-01
2.7351953745e-01
2.7297586716e-01
2.7222546285e-01
2.7149365599e-01
2.7078039663e-01
2.7008563609e-01
2.6891303360e-01
2.6779680624e-01
2.6673672003e-01
2.6573255272e-01
2.6368572950e-01
2.6191610505e-01
2.6042181897e-01
2.5920130036e-01
2.5825302899e-01
2.5757640389e-01
2.5717071330e-01
2.5703553049e-01
