0.0000000000e+00
4.0023239478e-03
8.0046478957e-03
1.2006971843e-02
1.6009295791e-02
1.9235690205e-02
2.2462084619e-02
2.5688479032e-02
2.8914873446e-02
3.1771357496e-02
3.4627841546e-02
3.7484325596e-02
4.0340809646e-02
4.3129259099e-02
4.5917708551e-02
4.8706158004e-02
5.1494607456e-02
5.4453213806e-02
5.7411820155e-02
6.0370426505e-02
6.3329032854e-02
6.5865549932e-02
6.8402067010e-02
7.0938584088e-02
7.3475101166e-02
7.5836624377e-02
7.8198147588e-02
8.0559670798e-02
8.2921194009e-02
8.5427858730e-02
8.7934523452e-02
9.0441188173e-02
9.2947852895e-02
9.5481338246e-02
9.8014823597e-02
1.0054830895e-01
1.0308179430e-01
1.0549722752e-01
1.0791266073e-01
1.1032809395e-01
1.1274352716e-01
1.1570133008e-01
1.1865913300e-01
1.2161693592e-01
1.2457473884e-01
1.2759246519e-01
1.3061019153e-01
1.3362791788e-01
1.3664564422e-01
1.3999218016e-01
1.4333871610e-01
1.4668525204e-01
1.5003178797e-01
1.5328508491e-01
1.5653838184e-01
1.5979167878e-01
1.6304497571e-01
1.6663181869e-01
1.7021866167e-01
1.7380550465e-01
1.7739234762e-01
1.8153936137e-01
1.8568637511e-01
1.8983338885e-01
1.9398040260e-01
1.9896302762e-01
2.0394565264e-01
2.0892827765e-01
2.1391090267e-01
2.1986580941e-01
2.2582071615e-01
2.3177562288e-01
2.3773052962e-01
2.4263487320e-01
2.4753921678e-01
2.5244356036e-01
2.5734790395e-01
2.6151615982e-01
2.6568441570e-01
2.6985267157e-01
2.7402092745e-01
2.7773607070e-01
2.8145121396e-01
2.8516635722e-01
2.8888150048e-01
2.9218503499e-01
2.9548856951e-01
2.9879210402e-01
3.0209563853e-01
3.0532744495e-01
3.0855925138e-01
3.1179105780e-01
3.1502286422e-01
3.1824367575e-01
3.2146448728e-01
3.2468529881e-01
3.2790611034e-01
3.3076650541e-01
3.3362690047e-01
3.3648729553e-01
3.3934769059e-01
3.4189386193e-01
3.4444003327e-01
3.4698620461e-01
3.4953237595e-01
3.5193495338e-01
3.5433753080e-01
3.5674010823e-01
3.5914268565e-01
3.6186119975e-01
3.6457971384e-01
3.6729822793e-01
3.7001674202e-01
3.7244061350e-01
3.7486448498e-01
3.7728835646e-01
3.7971222794e-01
3.8219833056e-01
3.8468443317e-01
3.8717053579e-01
3.8965663841e-01
3.9235203703e-01
3.9504743566e-01
3.9774283429e-01
4.0043823292e-01
4.0324782772e-01
4.0605742253e-01
4.0886701734e-01
4.1167661214e-01
4.1447370107e-01
4.1727079000e-01
4.2006787893e-01
4.2286496786e-01
4.2594857199e-01
4.2903217613e-01
4.3211578026e-01
4.3519938439e-01
4.3916386168e-01
4.4312833897e-01
4.4709281625e-01
4.5105729354e-01
4.5601904607e-01
4.6098079860e-01
4.6594255113e-01
4.7090430367e-01
4.7605452862e-01
4.8120475358e-01
4.8635497853e-01
4.9150520348e-01
4.9646484351e-01
5.0142448354e-01
5.0638412357e-01
5.1134376360e-01
5.1642820562e-01
5.2151264763e-01
5.2659708965e-01
5.3168153167e-01
5.3584972582e-01
5.4001791998e-01
5.4418611413e-01
5.4835430829e-01
5.5156711763e-01
5.5477992698e-01
5.5799273633e-01
5.6120554567e-01
5.6403358131e-01
5.6686161694e-01
5.6968965257e-01
5.7251768821e-01
5.7531780404e-01
5.7811791986e-01
5.8091803569e-01
5.8371815152e-01
5.8652903440e-01
5.8933991729e-01
5.9215080018e-01
5.9496168307e-01
5.9749399866e-01
6.0002631424e-01
6.0255862983e-01
6.0509094542e-01
6.0743186782e-01
6.0977279021e-01
6.1211371261e-01
6.1445463500e-01
6.1696744163e-01
6.1948024826e-01
6.2199305488e-01
6.2450586151e-01
6.2696486383e-01
6.2942386615e-01
6.3188286847e-01
6.3434187079e-01
6.3676238153e-01
6.3918289226e-01
6.4160340300e-01
6.4402391373e-01
6.4686357508e-01
6.4970323643e-01
6.5254289778e-01
6.5538255913e-01
6.5844074858e-01
6.6149893803e-01
6.6455712748e-01
6.6761531693e-01
6.7086033136e-01
6.7410534578e-01
6.7735036021e-01
6.8059537464e-01
6.8384914670e-01
6.8710291877e-01
6.9035669083e-01
6.9361046289e-01
6.9721974152e-01
7.0082902015e-01
7.0443829878e-01
7.0804757742e-01
7.1221117941e-01
7.1637478141e-01
7.2053838340e-01
7.2470198540e-01
7.2965530930e-01
7.3460863320e-01
7.3956195710e-01
7.4451528101e-01
7.5028187747e-01
7.5604847393e-01
7.6181507039e-01
7.6758166685e-01
7.7252030007e-01
7.7745893329e-01
7.8239756650e-01
7.8733619972e-01
7.9155221406e-01
7.9576822841e-01
7.9998424275e-01
8.0420025709e-01
8.0794729954e-01
8.1169434199e-01
8.1544138444e-01
8.1918842689e-01
8.2251682070e-01
8.2584521450e-01
8.2917360831e-01
8.3250200211e-01
8.3574842457e-01
8.3899484702e-01
8.4224126947e-01
8.4548769193e-01
8.4877931159e-01
8.5207093125e-01
8.5536255092e-01
8.5865417058e-01
8.6150986007e-01
8.6436554956e-01
8.6722123905e-01
8.7007692854e-01
8.7265568372e-01
8.7523443890e-01
8.7781319409e-01
8.8039194927e-01
8.8279629694e-01
8.8520064460e-01
8.8760499226e-01
8.9000933993e-01
8.9309445559e-01
8.9617957125e-01
8.9926468691e-01
9.0234980257e-01
9.0469316344e-01
9.0703652431e-01
9.0937988517e-01
9.1172324604e-01
9.1435597812e-01
9.1698871019e-01
9.1962144227e-01
9.2225417435e-01
9.2497104757e-01
9.2768792080e-01
9.3040479402e-01
9.3312166725e-01
9.3601932738e-01
9.3891698752e-01
9.4181464765e-01
9.4471230779e-01
9.4751305292e-01
9.5031379805e-01
9.5311454318e-01
9.5591528832e-01
9.5905503409e-01
9.6219477986e-01
9.6533452563e-01
9.6847427140e-01
9.7241498748e-01
9.7635570355e-01
9.8029641963e-01
9.8423713570e-01
9.8817785178e-01
9.9211856785e-01
9.9605928393e-01
1.0000000000e+00
