2.6803823593e-01
2.6811883678e-01
2.6836068779e-01
2.6876393442e-01
2.6932881919e-01
2.6974449681e-01
2.7021831892e-01
2.7075038765e-01
2.7134081769e-01
2.7177867314e-01
2.7224397613e-01
2.7273677365e-01
2.7325711548e-01
2.7365864692e-01
2.7407521788e-01
2.7450685126e-01
2.7495357077e-01
2.7531663558e-01
2.7568911641e-01
2.7607102600e-01
2.7646237739e-01
2.7679728741e-01
2.7713883254e-01
2.7748702091e-01
2.7784186075e-01
2.7818495462e-01
2.7853406015e-01
2.7888918450e-01
2.7925033473e-01
2.7955398476e-01
2.7986177585e-01
2.8017371137e-01
2.8048979420e-01
2.8074220598e-01
2.8099720347e-01
2.8125478675e-01
2.8151495515e-01
2.8173562958e-01
2.8195812756e-01
2.8218244664e-01
2.8240858337e-01
2.8263422975e-01
2.8286164679e-01
2.8309082667e-01
2.8332175935e-01
2.8354301403e-01
2.8376582939e-01
2.8399018886e-01
2.8421607235e-01
2.8442429299e-01
2.8463375015e-01
2.8484441822e-01
2.8505626754e-01
2.8526546583e-01
2.8547573430e-01
2.8568703160e-01
2.8589931153e-01
2.8611639851e-01
2.8633439137e-01
2.8655322501e-01
2.8677282892e-01
2.8699292997e-01
2.8721364369e-01
2.8743488495e-01
2.8765656448e-01
2.8790801080e-01
2.8815975999e-01
2.8841166828e-01
2.8866358900e-01
2.8898614005e-01
2.8930815381e-01
2.8962931842e-01
2.8994932682e-01
2.9023734165e-01
2.9052395270e-01
2.9080895371e-01
2.9109214716e-01
2.9140739580e-01
2.9171988390e-01
2.9202937746e-01
2.9233565898e-01
2.9272096834e-01
2.9310035925e-01
2.9347349470e-01
2.9384007665e-01
2.9428591526e-01
2.9472081273e-01
2.9514441276e-01
2.9555642390e-01
2.9600101419e-01
2.9643071490e-01
2.9684534112e-01
2.9724476375e-01
2.9764639093e-01
2.9803123106e-01
2.9839927494e-01
2.9875054552e-01
2.9912854905e-01
2.9948516468e-01
2.9982052527e-01
3.0013478658e-01
3.0044685516e-01
3.0073536086e-01
3.0100055290e-01
3.0124269816e-01
3.0146319841e-01
3.0166100217e-01
3.0183644479e-01
3.0198989194e-01
3.0210682004e-01
3.0220739711e-01
3.0229195747e-01
3.0236087475e-01
3.0240658512e-01
3.0244203011e-01
3.0246750970e-01
3.0248335747e-01
3.0248935639e-01
3.0248960836e-01
3.0248434271e-01
3.0247380874e-01
3.0246012061e-01
3.0244263140e-01
3.0242156565e-01
3.0239716313e-01
3.0236419580e-01
3.0232733792e-01
3.0228707573e-01
3.0224392375e-01
3.0220997016e-01
3.0217493005e-01
3.0213904584e-01
3.0210256438e-01
3.0206988404e-01
3.0203710535e-01
3.0200440321e-01
3.0197195096e-01
3.0193992953e-01
3.0190849500e-01
3.0187780884e-01
3.0184802632e-01
3.0182018681e-01
3.0179346100e-01
3.0176796842e-01
3.0174382033e-01
3.0171738619e-01
3.0169308605e-01
3.0167105258e-01
3.0165140183e-01
3.0163379598e-01
3.0161890247e-01
3.0160679582e-01
3.0159753482e-01
3.0159127338e-01
3.0158780205e-01
3.0158713606e-01
3.0158927831e-01
3.0159414329e-01
3.0160171920e-01
3.0161197294e-01
3.0162485869e-01
3.0163818815e-01
3.0165342394e-01
3.0167050984e-01
3.0168938083e-01
3.0171266771e-01
3.0173800288e-01
3.0176525145e-01
3.0179426353e-01
3.0182151217e-01
3.0184990823e-01
3.0187931705e-01
3.0190959642e-01
3.0194344221e-01
3.0197794517e-01
3.0201289761e-01
3.0204808688e-01
3.0209272241e-01
3.0213694738e-01
3.0218031928e-01
3.0222240132e-01
3.0226095500e-01
3.0229758625e-01
3.0233194896e-01
3.0236371192e-01
3.0239458058e-01
3.0242171609e-01
3.0244477266e-01
3.0246342761e-01
3.0248047631e-01
3.0248915589e-01
3.0248893786e-01
3.0247934686e-01
3.0244965728e-01
3.0240003852e-01
3.0232962431e-01
3.0223766757e-01
3.0212826417e-01
3.0199781736e-01
3.0184587786e-01
3.0167204276e-01
3.0147588466e-01
3.0125711726e-01
3.0101542985e-01
3.0075053290e-01
3.0049579351e-01
3.0022238383e-01
2.9993013749e-01
2.9961890050e-01
2.9932026109e-01
2.9900581135e-01
2.9867547295e-01
2.9832918439e-01
2.9786896605e-01
2.9738321437e-01
2.9687198552e-01
2.9633543875e-01
2.9597228222e-01
2.9559860618e-01
2.9521455871e-01
2.9482032574e-01
2.9449876386e-01
2.9417100550e-01
2.9383720982e-01
2.9349755918e-01
2.9320791294e-01
2.9291441962e-01
2.9261723081e-01
2.9231651279e-01
2.9204059668e-01
2.9176206824e-01
2.9148108537e-01
2.9119781685e-01
2.9091065974e-01
2.9062156402e-01
2.9033073371e-01
2.9003838252e-01
2.8977915020e-01
2.8951906360e-01
2.8925828469e-01
2.8899697832e-01
2.8875430487e-01
2.8851145499e-01
2.8826856211e-01
2.8802575846e-01
2.8780890178e-01
2.8759231148e-01
2.8737607602e-01
2.8716028091e-01
2.8691983517e-01
2.8668014999e-01
2.8644132734e-01
2.8620346202e-01
2.8599663911e-01
2.8579066583e-01
2.8558559091e-01
2.8538145860e-01
2.8515571676e-01
2.8493123727e-01
2.8470806273e-01
2.8448623009e-01
2.8423359372e-01
2.8398280301e-01
2.8373389119e-01
2.8348688534e-01
2.8325487381e-01
2.8302460399e-01
2.8279608773e-01
2.8256933434e-01
2.8229411033e-01
2.8202154974e-01
2.8175165954e-01
2.8148444441e-01
2.8112284892e-01
2.8076627907e-01
2.8041473528e-01
2.8006821581e-01
2.7969453671e-01
2.7932687250e-01
2.7896521694e-01
2.7860956329e-01
2.7819844628e-01
2.7779563046e-01
2.7740110419e-01
2.7701485593e-01
2.7650692031e-01
2.7601399982e-01
2.7553606779e-01
2.7507309830e-01
2.7435390662e-01
2.7367391201e-01
2.7303301734e-01
2.7243113105e-01
2.7140387794e-01
2.7051396783e-01
2.6976095038e-01
2.6914444452e-01
2.6866029114e-01
2.6831464548e-01
2.6810732934e-01
2.6803823583e-01
