2.8893231736e-10
1.0654361151e-10
6.1506483091e-10
1.8341565979e-09
1.5921044148e-08
4.5489840031e-08
1.2509010480e-07
3.4265898747e-07
9.7445177780e-07
1.8821764399e-06
3.6164190174e-06
6.9479119693e-06
1.3398571519e-05
2.1314446123e-05
3.3876313527e-05
5.3840746894e-05
8.5627663527e-05
1.2157084802e-04
1.7256160007e-04
2.4493284386e-04
3.4770190023e-04
4.5901566644e-04
6.0590006062e-04
7.9974097593e-04
1.0555710434e-03
1.3306394607e-03
1.6771982430e-03
2.1137829413e-03
2.6636967916e-03
3.2601482783e-03
3.9894577164e-03
4.8809422615e-03
5.9702364290e-03
7.8307448180e-03
1.0263314682e-02
1.3439096029e-02
1.7576671750e-02
2.0390469080e-02
2.3641344657e-02
2.7392613865e-02
3.1715158263e-02
3.5674230159e-02
4.0101953982e-02
4.5047023817e-02
5.0561383612e-02
5.5995823569e-02
6.1965831151e-02
6.8513173897e-02
7.5680381673e-02
8.3428784695e-02
9.1867618942e-02
1.0103636057e-01
1.1097205868e-01
1.2162854379e-01
1.3310235391e-01
1.4541561588e-01
1.5858315112e-01
1.7108671635e-01
1.8427639952e-01
1.9814310105e-01
2.1267035248e-01
2.2718545201e-01
2.4225673035e-01
2.5784971104e-01
2.7392371038e-01
2.9234856231e-01
3.1124116211e-01
3.3052315638e-01
3.5011120923e-01
3.6812359067e-01
3.8625107040e-01
4.0442738042e-01
4.2258735798e-01
4.4184486622e-01
4.6093947413e-01
4.7980319422e-01
4.9837341299e-01
5.1941548150e-01
5.3991178102e-01
5.5979642198e-01
5.7901481376e-01
6.0113846923e-01
6.2218445716e-01
6.4211620131e-01
6.6091432868e-01
6.7699932154e-01
6.9215158081e-01
7.0638408450e-01
7.1971579439e-01
7.3320277385e-01
7.4569096716e-01
7.5721978460e-01
7.6783140289e-01
7.7910392823e-01
7.8926071880e-01
7.9837310041e-01
8.0651154470e-01
8.1605198323e-01
8.2411182784e-01
8.3084203678e-01
8.3638288354e-01
8.4160193544e-01
8.4551733654e-01
8.4830402955e-01
8.5011670454e-01
8.5107756907e-01
8.5134901374e-01
8.5102841114e-01
8.5020069378e-01
8.4884489991e-01
8.4707493045e-01
8.4495705362e-01
8.4254809554e-01
8.3954273479e-01
8.3628787784e-01
8.3283312764e-01
8.2921996862e-01
8.2481342193e-01
8.2028162243e-01
8.1566208679e-01
8.1098501149e-01
8.0514114398e-01
7.9928172257e-01
7.9343410121e-01
7.8761870497e-01
7.7983807570e-01
7.7216871622e-01
7.6462659148e-01
7.5722065687e-01
7.4794577370e-01
7.3890148101e-01
7.3008420475e-01
7.2148828631e-01
7.1324248555e-01
7.0520254500e-01
6.9736938431e-01
6.8974938102e-01
6.8313132194e-01
6.7670902761e-01
6.7050358978e-01
6.6454244909e-01
6.5892787232e-01
6.5362346242e-01
6.4867323482e-01
6.4412536305e-01
6.4027662505e-01
6.3686783428e-01
6.3394017386e-01
6.3153189979e-01
6.2964336875e-01
6.2836061120e-01
6.2770389414e-01
6.2768385377e-01
6.2835735336e-01
6.2973332162e-01
6.3178735323e-01
6.3448446155e-01
6.3759477229e-01
6.4120134795e-01
6.4525934272e-01
6.4972310626e-01
6.5526858727e-01
6.6122383848e-01
6.6753308408e-01
6.7414863616e-01
6.8173966140e-01
6.8961590602e-01
6.9775042722e-01
7.0612708043e-01
7.1374534360e-01
7.2154774933e-01
7.2953689405e-01
7.3771707755e-01
7.4423909368e-01
7.5088225318e-01
7.5764732656e-01
7.6453341141e-01
7.7009131622e-01
7.7572044631e-01
7.8141571079e-01
7.8716959406e-01
7.9202326182e-01
7.9690234843e-01
8.0179607219e-01
8.0669062352e-01
8.1090245604e-01
8.1508800430e-01
8.1923020716e-01
8.2330829731e-01
8.2684853837e-01
8.3029779999e-01
8.3363121526e-01
8.3681935593e-01
8.3957716312e-01
8.4215358603e-01
8.4451244497e-01
8.4661169373e-01
8.4837541220e-01
8.4978744279e-01
8.5078577183e-01
8.5129888094e-01
8.5127008810e-01
8.5068055711e-01
8.4944570278e-01
8.4746986877e-01
8.4496088992e-01
8.4167212077e-01
8.3750569991e-01
8.3235394030e-01
8.2765841243e-01
8.2225591107e-01
8.1608555455e-01
8.0908312019e-01
8.0228035108e-01
7.9475471604e-01
7.8645935448e-01
7.7734657231e-01
7.6824663228e-01
7.5838462430e-01
7.4772453273e-01
7.3623161627e-01
7.2415724055e-01
7.1122707360e-01
6.9741639232e-01
6.8270481025e-01
6.6725320651e-01
6.5089725929e-01
6.3363626067e-01
6.1547826740e-01
5.9885370763e-01
5.8157410935e-01
5.6366607344e-01
5.4516408529e-01
5.2825033844e-01
5.1093671669e-01
4.9326462262e-01
4.7528094087e-01
4.5748938913e-01
4.3950417918e-01
4.2138251723e-01
4.0318516358e-01
3.8341213814e-01
3.6370920083e-01
3.4416179814e-01
3.2485510241e-01
3.0794413024e-01
2.9134619646e-01
2.7511441506e-01
2.5929790005e-01
2.4253509948e-01
2.2637226357e-01
2.1085182675e-01
1.9600763019e-01
1.7930744666e-01
1.6362035708e-01
1.4895677984e-01
1.3531266461e-01
1.2372720656e-01
1.1295753202e-01
1.0297687970e-01
9.3753635996e-02
8.4592761606e-02
7.6228032457e-02
6.8609607751e-02
6.1686818166e-02
5.3442479901e-02
4.6230673139e-02
3.9940083174e-02
3.4466562888e-02
2.7521693692e-02
2.1936741146e-02
1.7460043394e-02
1.3880827526e-02
1.1353796143e-02
9.2815803364e-03
7.5840277057e-03
6.1945166508e-03
4.8929689854e-03
3.8636745332e-03
3.0500956039e-03
2.4072648556e-03
1.7796707466e-03
1.3155337387e-03
9.7229947837e-04
7.1846903347e-04
4.6509912701e-04
3.0119425623e-04
1.9503647293e-04
1.2620768365e-04
5.8915838542e-05
2.7717013933e-05
1.3035362286e-05
6.0643394807e-06
9.6789183774e-07
2.6869324377e-07
5.4819419375e-08
3.6597807623e-08
5.8410585026e-09
1.6309231047e-09
3.6591287578e-10
4.4186172401e-10
