2.5250321987e-01
2.5270566991e-01
2.5331334454e-01
2.5432721823e-01
2.5574891689e-01
2.5665296173e-01
2.5766894581e-01
2.5879731225e-01
2.6003855321e-01
2.6088095757e-01
2.6176875481e-01
2.6270209939e-01
2.6368115373e-01
2.6439505766e-01
2.6513158318e-01
2.6589079331e-01
2.6667275302e-01
2.6727651030e-01
2.6789322915e-01
2.6852293948e-01
2.6916567181e-01
2.6968803451e-01
2.7021872879e-01
2.7075777102e-01
2.7130517783e-01
2.7177353219e-01
2.7224786269e-01
2.7272817973e-01
2.7321449375e-01
2.7367320448e-01
2.7413714337e-01
2.7460631902e-01
2.7508073992e-01
2.7549853825e-01
2.7592033326e-01
2.7634613007e-01
2.7677593345e-01
2.7712223471e-01
2.7747109831e-01
2.7782252555e-01
2.7817651708e-01
2.7846916247e-01
2.7876353679e-01
2.7905963880e-01
2.7935746645e-01
2.7963858653e-01
2.7992122094e-01
2.8020536514e-01
2.8049101322e-01
2.8079350404e-01
2.8109764390e-01
2.8140341888e-01
2.8171081169e-01
2.8197983036e-01
2.8225004352e-01
2.8252143150e-01
2.8279397141e-01
2.8304632938e-01
2.8329962105e-01
2.8355381973e-01
2.8380889548e-01
2.8412196162e-01
2.8443622152e-01
2.8475159934e-01
2.8506801122e-01
2.8533840792e-01
2.8560942793e-01
2.8588100630e-01
2.8615307448e-01
2.8647108878e-01
2.8678955318e-01
2.8710834419e-01
2.8742733474e-01
2.8778650996e-01
2.8814558595e-01
2.8850437427e-01
2.8886268703e-01
2.8922014896e-01
2.8957676805e-01
2.8993236692e-01
2.9028677375e-01
2.9066282762e-01
2.9103715006e-01
2.9140955999e-01
2.9177988664e-01
2.9219762546e-01
2.9261225511e-01
2.9302357596e-01
2.9343140597e-01
2.9397528012e-01
2.9451215856e-01
2.9504173555e-01
2.9556375268e-01
2.9619060564e-01
2.9680555763e-01
2.9740837366e-01
2.9799888643e-01
2.9857959349e-01
2.9914771720e-01
2.9970324212e-01
3.0024618997e-01
3.0081539622e-01
3.0137025504e-01
3.0191089398e-01
3.0243746393e-01
3.0302455724e-01
3.0359363194e-01
3.0414498784e-01
3.0467893937e-01
3.0530124847e-01
3.0589921704e-01
3.0647343839e-01
3.0702450853e-01
3.0770124535e-01
3.0834180780e-01
3.0894743357e-01
3.0951933453e-01
3.1023453908e-01
3.1089411470e-01
3.1150070855e-01
3.1205686408e-01
3.1263043757e-01
3.1314552776e-01
3.1360542436e-01
3.1401329346e-01
3.1430441815e-01
3.1456568887e-01
3.1479861781e-01
3.1500470393e-01
3.1516766559e-01
3.1531138643e-01
3.1543695557e-01
3.1554547870e-01
3.1563320823e-01
3.1570774980e-01
3.1577009304e-01
3.1582125138e-01
3.1585796894e-01
3.1588749490e-01
3.1591056759e-01
3.1592793145e-01
3.1593980181e-01
3.1594784108e-01
3.1595267118e-01
3.1595489740e-01
3.1595511285e-01
3.1595390091e-01
3.1595174526e-01
3.1594908549e-01
3.1594633589e-01
3.1594379539e-01
3.1594172441e-01
3.1594031758e-01
3.1593970642e-01
3.1593988996e-01
3.1594085326e-01
3.1594251706e-01
3.1594484433e-01
3.1594754609e-01
3.1595032315e-01
3.1595281440e-01
3.1595463987e-01
3.1595521090e-01
3.1595397287e-01
3.1595033367e-01
3.1594270058e-01
3.1593043564e-01
3.1591263349e-01
3.1588838014e-01
3.1585339478e-01
3.1580841870e-01
3.1575228840e-01
3.1568386468e-01
3.1558889793e-01
3.1547469521e-01
3.1533966928e-01
3.1518226916e-01
3.1489751029e-01
3.1455257035e-01
3.1414221284e-01
3.1366112939e-01
3.1324897699e-01
3.1279124554e-01
3.1228544518e-01
3.1172899025e-01
3.1128311845e-01
3.1080691871e-01
3.1029922523e-01
3.0975883582e-01
3.0929681075e-01
3.0881189586e-01
3.0830340276e-01
3.0777062919e-01
3.0730390565e-01
3.0681912330e-01
3.0631584908e-01
3.0579364755e-01
3.0532496305e-01
3.0484142281e-01
3.0434274634e-01
3.0382865795e-01
3.0335397161e-01
3.0286646955e-01
3.0236597297e-01
3.0185231405e-01
3.0133971956e-01
3.0081439003e-01
3.0027621795e-01
2.9972511878e-01
2.9921291287e-01
2.9868995857e-01
2.9815626304e-01
2.9761186432e-01
2.9712225831e-01
2.9662443874e-01
2.9611851117e-01
2.9560461292e-01
2.9519562249e-01
2.9478192365e-01
2.9436363292e-01
2.9394088411e-01
2.9357232114e-01
2.9320065611e-01
2.9282601015e-01
2.9244851619e-01
2.9210115618e-01
2.9175165825e-01
2.9140015095e-01
2.9104677153e-01
2.9061332185e-01
2.9017758521e-01
2.8973986094e-01
2.8930046436e-01
2.8898550191e-01
2.8866997690e-01
2.8835401563e-01
2.8803774605e-01
2.8775377767e-01
2.8746975807e-01
2.8718577999e-01
2.8690193523e-01
2.8663392267e-01
2.8636618434e-01
2.8609879272e-01
2.8583181790e-01
2.8554240079e-01
2.8525363693e-01
2.8496560377e-01
2.8467837376e-01
2.8442100584e-01
2.8416438583e-01
2.8390855521e-01
2.8365355188e-01
2.8337431297e-01
2.8309615568e-01
2.8281911630e-01
2.8254322673e-01
2.8220563423e-01
2.8186986539e-01
2.8153595644e-01
2.8120393695e-01
2.8091156643e-01
2.8062070910e-01
2.8033137573e-01
2.8004357494e-01
2.7971092954e-01
2.7938037257e-01
2.7905190992e-01
2.7872554563e-01
2.7829937452e-01
2.7787684294e-01
2.7745795164e-01
2.7704269958e-01
2.7654388114e-01
2.7605040809e-01
2.7556227343e-01
2.7507946936e-01
2.7456028599e-01
2.7404739034e-01
2.7354077124e-01
2.7304041743e-01
2.7242055428e-01
2.7181054386e-01
2.7121036425e-01
2.7061999381e-01
2.6978560519e-01
2.6897152137e-01
2.6817768109e-01
2.6740402464e-01
2.6608859489e-01
2.6483545622e-01
2.6364431526e-01
2.6251489318e-01
2.6015725990e-01
2.5811971824e-01
2.5639976112e-01
2.5499527228e-01
2.5390399280e-01
2.5312546623e-01
2.5265873353e-01
2.5250321981e-01
