1.6890858129e-01
1.6897204364e-01
1.6916243054e-01
1.6947974125e-01
1.6992397395e-01
1.7048193372e-01
1.7116157327e-01
1.7196288204e-01
1.7288584362e-01
1.7393643276e-01
1.7510993942e-01
1.7640631615e-01
1.7782549998e-01
1.7943420377e-01
1.8117593821e-01
1.8305055586e-01
1.8505787471e-01
1.8760199724e-01
1.9033085405e-01
1.9324389915e-01
1.9634047508e-01
1.9921434064e-01
2.0222888885e-01
2.0538341218e-01
2.0867710729e-01
2.1191474355e-01
2.1527485499e-01
2.1875649735e-01
2.2235862996e-01
2.2587059998e-01
2.2948800007e-01
2.3320969549e-01
2.3703446221e-01
2.4096539814e-01
2.4499690121e-01
2.4912746063e-01
2.5335546792e-01
2.5752677174e-01
2.6178562976e-01
2.6613033233e-01
2.7055908311e-01
2.7488930014e-01
2.7929354433e-01
2.8377000200e-01
2.8831678855e-01
2.9292105905e-01
2.9759137644e-01
3.0232566779e-01
3.0712179711e-01
3.1213457811e-01
3.1720841460e-01
3.2234076427e-01
3.2752902617e-01
3.3310614308e-01
3.3874025674e-01
3.4442804956e-01
3.5016615137e-01
3.5692990594e-01
3.6375215990e-01
3.7062733734e-01
3.7754981842e-01
3.8335283654e-01
3.8918152228e-01
3.9503259446e-01
4.0090277737e-01
4.0654457651e-01
4.1219807460e-01
4.1786043038e-01
4.2352882612e-01
4.2915465177e-01
4.3478098260e-01
4.4040516136e-01
4.4602456904e-01
4.5172583613e-01
4.5741686388e-01
4.6309504843e-01
4.6875783991e-01
4.7465198286e-01
4.8052385279e-01
4.8637075339e-01
4.9219006418e-01
4.9867464801e-01
5.0511794524e-01
5.1151662749e-01
5.1786749736e-01
5.2408362229e-01
5.3024740508e-01
5.3635615734e-01
5.4240731815e-01
5.4837115341e-01
5.5427323632e-01
5.6011141424e-01
5.6588365637e-01
5.7180774919e-01
5.7765662936e-01
5.8342842547e-01
5.8912139817e-01
5.9524674967e-01
6.0127424528e-01
6.0720213079e-01
6.1302881887e-01
6.1986815905e-01
6.2655831831e-01
6.3309744111e-01
6.3948395701e-01
6.4482471041e-01
6.5005218542e-01
6.5516584269e-01
6.6016526332e-01
6.6491819765e-01
6.6956257871e-01
6.7409831018e-01
6.7852537843e-01
6.8284406166e-01
6.8705426921e-01
6.9115620104e-01
6.9515011731e-01
6.9909369456e-01
7.0292670535e-01
7.0664957923e-01
7.1026278834e-01
7.1385571885e-01
7.1733438230e-01
7.2069939642e-01
7.2395140554e-01
7.2719873774e-01
7.3032650405e-01
7.3333547775e-01
7.3622644247e-01
7.3911918135e-01
7.4188509238e-01
7.4452507212e-01
7.4704000943e-01
7.4955582717e-01
7.5193477463e-01
7.5417783295e-01
7.5628595364e-01
7.5838834880e-01
7.6033911159e-01
7.6213925583e-01
7.6378973651e-01
7.6542124156e-01
7.6687662029e-01
7.6815684091e-01
7.6926276704e-01
7.7026372318e-01
7.7106241327e-01
7.7165948762e-01
7.7205543575e-01
7.7224885381e-01
7.7224875425e-01
7.7205513695e-01
7.7166784768e-01
7.7112795628e-01
7.7041684894e-01
7.6953403322e-01
7.6847890254e-01
7.6736552198e-01
7.6610753640e-01
7.6470424934e-01
7.6315489441e-01
7.6156177006e-01
7.5983765707e-01
7.5798176117e-01
7.5599324412e-01
7.5397679026e-01
7.5183863055e-01
7.4957794888e-01
7.4719390518e-01
7.4478966502e-01
7.4227028737e-01
7.3963498711e-01
7.3688297196e-01
7.3411044797e-01
7.3122735500e-01
7.2823297852e-01
7.2512661196e-01
7.2199042736e-01
7.1874656045e-01
7.1539440100e-01
7.1193336122e-01
7.0842030525e-01
7.0480074228e-01
7.0107420046e-01
6.9724024599e-01
6.9330714809e-01
6.8926637096e-01
6.8511762507e-01
6.8086067809e-01
6.7636227076e-01
6.7174875898e-01
6.6702011548e-01
6.6217640267e-01
6.5485977185e-01
6.4729657252e-01
6.3948824826e-01
6.3143682230e-01
6.2606188018e-01
6.2058575468e-01
6.1500946150e-01
6.0933415098e-01
6.0396792997e-01
5.9851832124e-01
5.9298659010e-01
5.8737411903e-01
5.8187230209e-01
5.7629788171e-01
5.7065243837e-01
5.6493766653e-01
5.5912195771e-01
5.5323991593e-01
5.4729362754e-01
5.4128530371e-01
5.3517397664e-01
5.2900461850e-01
5.2277987874e-01
5.1650253844e-01
5.1081172350e-01
5.0508289114e-01
4.9931833867e-01
4.9352044741e-01
4.8793812549e-01
4.8232971344e-01
4.7669751340e-01
4.7104389262e-01
4.6547102406e-01
4.5988218836e-01
4.5427980211e-01
4.4866633394e-01
4.4300929167e-01
4.3734619195e-01
4.3167969205e-01
4.2601249023e-01
4.2005887810e-01
4.1411072816e-01
4.0817129121e-01
4.0224384835e-01
3.9498120203e-01
3.8774783502e-01
3.8054994602e-01
3.7339374306e-01
3.6751545303e-01
3.6167335825e-01
3.5587092722e-01
3.5011160282e-01
3.4471521545e-01
3.3936315740e-01
3.3405823377e-01
3.2880320911e-01
3.2375686742e-01
3.1876245596e-01
3.1382236353e-01
3.0893892806e-01
3.0411559964e-01
2.9935340869e-01
2.9465452033e-01
2.9002103726e-01
2.8528079851e-01
2.8061549521e-01
2.7602725359e-01
2.7151811835e-01
2.6689878242e-01
2.6236987241e-01
2.5793341970e-01
2.5359135455e-01
2.4936468045e-01
2.4523505061e-01
2.4120407148e-01
2.3727325235e-01
2.3321858901e-01
2.2927955805e-01
2.2545761115e-01
2.2175408776e-01
2.1790970913e-01
2.1420474373e-01
2.1064044905e-01
2.0721795593e-01
2.0368895393e-01
2.0032698408e-01
1.9713302432e-01
1.9410792163e-01
1.9159719497e-01
1.8921702878e-01
1.8696778310e-01
1.8484976432e-01
1.8293271121e-01
1.8113800622e-01
1.7946580909e-01
1.7791625022e-01
1.7649696430e-01
1.7519915274e-01
1.7402287865e-01
1.7296818976e-01
1.7201676782e-01
1.7119217179e-01
1.7049441955e-01
1.6992352250e-01
1.6947948731e-01
1.6916231767e-01
1.6897201542e-01
1.6890858129e-01
