2.8661552154e-01
2.8661810422e-01
2.8662585227e-01
2.8663876582e-01
2.8665684507e-01
2.8667765828e-01
2.8670270218e-01
2.8673197700e-01
2.8676548302e-01
2.8680988655e-01
2.8686004135e-01
2.8691594747e-01
2.8697760460e-01
2.8702178201e-01
2.8706850082e-01
2.8711776021e-01
2.8716955894e-01
2.8721299968e-01
2.8725807621e-01
2.8730478695e-01
2.8735312989e-01
2.8739722492e-01
2.8744259141e-01
2.8748922667e-01
2.8753712739e-01
2.8758554529e-01
2.8763518260e-01
2.8768603375e-01
2.8773809208e-01
2.8779257232e-01
2.8784829680e-01
2.8790525356e-01
2.8796342848e-01
2.8801539682e-01
2.8806827513e-01
2.8812204878e-01
2.8817670114e-01
2.8822880449e-01
2.8828164883e-01
2.8833521491e-01
2.8838948147e-01
2.8844965288e-01
2.8851060187e-01
2.8857229162e-01
2.8863468206e-01
2.8869434412e-01
2.8875455572e-01
2.8881527484e-01
2.8887645703e-01
2.8893899100e-01
2.8900190250e-01
2.8906513798e-01
2.8912864192e-01
2.8920259066e-01
2.8927673153e-01
2.8935097021e-01
2.8942521064e-01
2.8951005402e-01
2.8959462538e-01
2.8967877779e-01
2.8976236509e-01
2.8984388219e-01
2.8992457760e-01
2.9000431904e-01
2.9008297772e-01
2.9016345431e-01
2.9024249101e-01
2.9031995809e-01
2.9039573157e-01
2.9047936861e-01
2.9056051951e-01
2.9063903266e-01
2.9071476680e-01
2.9080778519e-01
2.9089574781e-01
2.9097842902e-01
2.9105562973e-01
2.9113967637e-01
2.9121556345e-01
2.9128309548e-01
2.9134212214e-01
2.9139464163e-01
2.9143766907e-01
2.9147118194e-01
2.9149520715e-01
2.9150774648e-01
2.9151419633e-01
2.9151464266e-01
2.9150919366e-01
2.9150006138e-01
2.9148688447e-01
2.9146976815e-01
2.9144883040e-01
2.9142716138e-01
2.9140268785e-01
2.9137551850e-01
2.9134577056e-01
2.9131667320e-01
2.9128565907e-01
2.9125283390e-01
2.9121830915e-01
2.9118220798e-01
2.9114464723e-01
2.9110575446e-01
2.9106566207e-01
2.9102694162e-01
2.9098739655e-01
2.9094714696e-01
2.9090631512e-01
2.9086816427e-01
2.9082972057e-01
2.9079108298e-01
2.9075235028e-01
2.9071890010e-01
2.9068551469e-01
2.9065225562e-01
2.9061918327e-01
2.9058643221e-01
2.9055398265e-01
2.9052188962e-01
2.9049020607e-01
2.9045744397e-01
2.9042524466e-01
2.9039366075e-01
2.9036274164e-01
2.9033514389e-01
2.9030817075e-01
2.9028185245e-01
2.9025621688e-01
2.9022921783e-01
2.9020308155e-01
2.9017783491e-01
2.9015350199e-01
2.9012631339e-01
2.9010042597e-01
2.9007586562e-01
2.9005265460e-01
2.9003215548e-01
2.9001287000e-01
2.8999480953e-01
2.8997798373e-01
2.8996174776e-01
2.8994687348e-01
2.8993336737e-01
2.8992123480e-01
2.8990905364e-01
2.8989867845e-01
2.8989011340e-01
2.8988336168e-01
2.8987801043e-01
2.8987488074e-01
2.8987397382e-01
2.8987529003e-01
2.8987815734e-01
2.8988263053e-01
2.8988870830e-01
2.8989638879e-01
2.8990472586e-01
2.8991437319e-01
2.8992532785e-01
2.8993758626e-01
2.8995109198e-01
2.8996588240e-01
2.8998195130e-01
2.8999929123e-01
2.9001782277e-01
2.9003759696e-01
2.9005860163e-01
2.9008082255e-01
2.9010162552e-01
2.9012336680e-01
2.9014603107e-01
2.9016960097e-01
2.9019269571e-01
2.9021656383e-01
2.9024118494e-01
2.9026653652e-01
2.9029527439e-01
2.9032483217e-01
2.9035517018e-01
2.9038624529e-01
2.9041599093e-01
2.9044630160e-01
2.9047713347e-01
2.9050844018e-01
2.9054100742e-01
2.9057396801e-01
2.9060726440e-01
2.9064083693e-01
2.9067967727e-01
2.9071870489e-01
2.9075782152e-01
2.9079692718e-01
2.9084301472e-01
2.9088877706e-01
2.9093404592e-01
2.9097865412e-01
2.9102021672e-01
2.9106089750e-01
2.9110056117e-01
2.9113907609e-01
2.9117820931e-01
2.9121578750e-01
2.9125167362e-01
2.9128573689e-01
2.9132206812e-01
2.9135571414e-01
2.9138651415e-01
2.9141431859e-01
2.9144418799e-01
2.9146908884e-01
2.9148881159e-01
2.9150317073e-01
2.9151325386e-01
2.9151467969e-01
2.9150724212e-01
2.9149078401e-01
2.9146514985e-01
2.9143029477e-01
2.9138620225e-01
2.9133290241e-01
2.9128346087e-01
2.9122818753e-01
2.9116716536e-01
2.9110049840e-01
2.9104030768e-01
2.9097631880e-01
2.9090862965e-01
2.9083734986e-01
2.9077060605e-01
2.9070117880e-01
2.9062917185e-01
2.9055469713e-01
2.9048514313e-01
2.9041375478e-01
2.9034063311e-01
2.9026588460e-01
2.9018872374e-01
2.9011013369e-01
2.9003024088e-01
2.8994917659e-01
2.8987340309e-01
2.8979685640e-01
2.8971964884e-01
2.8964189472e-01
2.8956772631e-01
2.8949327002e-01
2.8941862586e-01
2.8934389367e-01
2.8928080013e-01
2.8921777349e-01
2.8915487182e-01
2.8909215209e-01
2.8902927099e-01
2.8896668556e-01
2.8890444900e-01
2.8884261249e-01
2.8877890813e-01
2.8871573948e-01
2.8865315566e-01
2.8859120275e-01
2.8853473009e-01
2.8847886050e-01
2.8842362296e-01
2.8836904420e-01
2.8830981242e-01
2.8825143665e-01
2.8819394361e-01
2.8813735717e-01
2.8806692652e-01
2.8799802580e-01
2.8793068701e-01
2.8786493710e-01
2.8781063901e-01
2.8775750271e-01
2.8770553789e-01
2.8765475275e-01
2.8760104841e-01
2.8754874532e-01
2.8749784950e-01
2.8744836589e-01
2.8738643801e-01
2.8732688812e-01
2.8726972141e-01
2.8721494177e-01
2.8714522692e-01
2.8707981547e-01
2.8701871055e-01
2.8696191408e-01
2.8691001357e-01
2.8686232330e-01
2.8681884348e-01
2.8677957407e-01
2.8674112222e-01
2.8670779822e-01
2.8667960173e-01
2.8665653240e-01
2.8663858994e-01
2.8662577409e-01
2.8661808465e-01
2.8661552152e-01
