2.8609369923e-01
2.8609695659e-01
2.8610672874e-01
2.8612301590e-01
2.8614581842e-01
2.8617092300e-01
2.8620094772e-01
2.8623589303e-01
2.8627575947e-01
2.8631730822e-01
2.8636312517e-01
2.8641321079e-01
2.8646756554e-01
2.8652222979e-01
2.8658062417e-01
2.8664274870e-01
2.8670860318e-01
2.8676601787e-01
2.8682599440e-01
2.8688853178e-01
2.8695362855e-01
2.8700615924e-01
2.8706024330e-01
2.8711587903e-01
2.8717306423e-01
2.8722587940e-01
2.8727994611e-01
2.8733526129e-01
2.8739182119e-01
2.8745266154e-01
2.8751486805e-01
2.8757843296e-01
2.8764334690e-01
2.8770411751e-01
2.8776600533e-01
2.8782899832e-01
2.8789308244e-01
2.8795568208e-01
2.8801925789e-01
2.8808379093e-01
2.8814925974e-01
2.8820978839e-01
2.8827105541e-01
2.8833303814e-01
2.8839571168e-01
2.8847163853e-01
2.8854846576e-01
2.8862613719e-01
2.8870459164e-01
2.8877180240e-01
2.8883948741e-01
2.8890760114e-01
2.8897609579e-01
2.8905460727e-01
2.8913347216e-01
2.8921261062e-01
2.8929194036e-01
2.8937668297e-01
2.8946144288e-01
2.8954611432e-01
2.8963059071e-01
2.8972874290e-01
2.8982631532e-01
2.8992314078e-01
2.9001905481e-01
2.9010937215e-01
2.9019858240e-01
2.9028655459e-01
2.9037316226e-01
2.9046764669e-01
2.9056013730e-01
2.9065048309e-01
2.9073854149e-01
2.9083663841e-01
2.9093135572e-01
2.9102251948e-01
2.9110997036e-01
2.9121420171e-01
2.9131210806e-01
2.9140346744e-01
2.9148808982e-01
2.9159284845e-01
2.9168433352e-01
2.9176232207e-01
2.9182668570e-01
2.9186782776e-01
2.9190048410e-01
2.9192471139e-01
2.9194060172e-01
2.9194769305e-01
2.9194882506e-01
2.9194412179e-01
2.9193372882e-01
2.9192124944e-01
2.9190524469e-01
2.9188582514e-01
2.9186311190e-01
2.9184010724e-01
2.9181467337e-01
2.9178691915e-01
2.9175696060e-01
2.9172679685e-01
2.9169489090e-01
2.9166135728e-01
2.9162631587e-01
2.9158477426e-01
2.9154163474e-01
2.9149709645e-01
2.9145136513e-01
2.9141506140e-01
2.9137826389e-01
2.9134107539e-01
2.9130359942e-01
2.9126915000e-01
2.9123462613e-01
2.9120010652e-01
2.9116566900e-01
2.9113405231e-01
2.9110262940e-01
2.9107145768e-01
2.9104059292e-01
2.9100338387e-01
2.9096680738e-01
2.9093095250e-01
2.9089590287e-01
2.9086843365e-01
2.9084156978e-01
2.9081534618e-01
2.9078979529e-01
2.9076317893e-01
2.9073740429e-01
2.9071250211e-01
2.9068850013e-01
2.9066319899e-01
2.9063904360e-01
2.9061605971e-01
2.9059426974e-01
2.9057338340e-01
2.9055376592e-01
2.9053543235e-01
2.9051839549e-01
2.9050264814e-01
2.9048822061e-01
2.9047512057e-01
2.9046335445e-01
2.9045185048e-01
2.9044200615e-01
2.9043382618e-01
2.9042731419e-01
2.9042210613e-01
2.9041889794e-01
2.9041769111e-01
2.9041848619e-01
2.9042082434e-01
2.9042469465e-01
2.9043009572e-01
2.9043702551e-01
2.9044479016e-01
2.9045385647e-01
2.9046422100e-01
2.9047587954e-01
2.9049066842e-01
2.9050710756e-01
2.9052518580e-01
2.9054488963e-01
2.9056337575e-01
2.9058307152e-01
2.9060396200e-01
2.9062602982e-01
2.9064692379e-01
2.9066874223e-01
2.9069146626e-01
2.9071507463e-01
2.9073871221e-01
2.9076313019e-01
2.9078830244e-01
2.9081420033e-01
2.9084416576e-01
2.9087496173e-01
2.9090653561e-01
2.9093883054e-01
2.9096829692e-01
2.9099824564e-01
2.9102862783e-01
2.9105939230e-01
2.9109668542e-01
2.9113435536e-01
2.9117230326e-01
2.9121042739e-01
2.9125014289e-01
2.9128981730e-01
2.9132933036e-01
2.9136856124e-01
2.9141148461e-01
2.9145375243e-01
2.9149520443e-01
2.9153568324e-01
2.9157442180e-01
2.9161192643e-01
2.9164805934e-01
2.9168268778e-01
2.9171928035e-01
2.9175368711e-01
2.9178574975e-01
2.9181531905e-01
2.9184706042e-01
2.9187485490e-01
2.9189850156e-01
2.9191781736e-01
2.9193555995e-01
2.9194605591e-01
2.9194906174e-01
2.9194437163e-01
2.9192686317e-01
2.9189618923e-01
2.9185216781e-01
2.9179470543e-01
2.9174182023e-01
2.9168113821e-01
2.9161272143e-01
2.9153666304e-01
2.9146795487e-01
2.9139417590e-01
2.9131543070e-01
2.9123184070e-01
2.9115758143e-01
2.9108005954e-01
2.9099937810e-01
2.9091564987e-01
2.9083800711e-01
2.9075810427e-01
2.9067604359e-01
2.9059193397e-01
2.9051016164e-01
2.9042674608e-01
2.9034179744e-01
2.9025543100e-01
2.9015840913e-01
2.9005996946e-01
2.8996028744e-01
2.8985954408e-01
2.8977874044e-01
2.8969747755e-01
2.8961585172e-01
2.8953395994e-01
2.8945897469e-01
2.8938392252e-01
2.8930887691e-01
2.8923391045e-01
2.8916462136e-01
2.8909551704e-01
2.8902665171e-01
2.8895807805e-01
2.8887245480e-01
2.8878746822e-01
2.8870320945e-01
2.8861976385e-01
2.8855549952e-01
2.8849180945e-01
2.8842872597e-01
2.8836627905e-01
2.8829875074e-01
2.8823204985e-01
2.8816620633e-01
2.8810124715e-01
2.8803130930e-01
2.8796248377e-01
2.8789479485e-01
2.8782826368e-01
2.8776263401e-01
2.8769820606e-01
2.8763499334e-01
2.8757300729e-01
2.8751126241e-01
2.8745080360e-01
2.8739163794e-01
2.8733377132e-01
2.8726731057e-01
2.8720266370e-01
2.8713983577e-01
2.8707883073e-01
2.8700324143e-01
2.8693066208e-01
2.8686109608e-01
2.8679454577e-01
2.8671818894e-01
2.8664623521e-01
2.8657868544e-01
2.8651553991e-01
2.8645434351e-01
2.8639794239e-01
2.8634633608e-01
2.8629952401e-01
2.8625128013e-01
2.8620947067e-01
2.8617409484e-01
2.8614515191e-01
2.8612264099e-01
2.8610656210e-01
2.8609691490e-01
2.8609369920e-01
