4.5677187859e-02
4.5765707355e-02
4.6031545338e-02
4.6475539320e-02
4.7099083081e-02
4.7812274184e-02
4.8673093526e-02
4.9683670500e-02
5.0846481465e-02
5.2042613213e-02
5.3370200529e-02
5.4831855603e-02
5.6430412662e-02
5.8040775621e-02
5.9774523688e-02
6.1634412114e-02
6.3623338236e-02
6.5623380437e-02
6.7743929873e-02
6.9987738527e-02
7.2357643245e-02
7.4754965449e-02
7.7273905984e-02
7.9917150255e-02
8.2687421757e-02
8.5524710797e-02
8.8488938793e-02
9.1582706231e-02
9.4808606522e-02
9.8197037010e-02
1.0172497481e-01
1.0539497578e-01
1.0920953243e-01
1.1355158059e-01
1.1807259525e-01
1.2277543911e-01
1.2766278119e-01
1.3257246947e-01
1.3765937719e-01
1.4292525039e-01
1.4837156073e-01
1.5349223084e-01
1.5876433829e-01
1.6418829327e-01
1.6976424976e-01
1.7516866975e-01
1.8070817852e-01
1.8638220829e-01
1.9218994611e-01
1.9824258053e-01
2.0443145523e-01
2.1075487866e-01
2.1721086779e-01
2.2330016980e-01
2.2949897476e-01
2.3580503436e-01
2.4221588366e-01
2.4855510452e-01
2.5498843525e-01
2.6151302477e-01
2.6812584075e-01
2.7497864406e-01
2.8191680132e-01
2.8893651882e-01
2.9603383586e-01
3.0384879971e-01
3.1174544072e-01
3.1971805405e-01
3.2776076797e-01
3.3635549528e-01
3.4501489396e-01
3.5373151483e-01
3.6249780899e-01
3.7038312648e-01
3.7829666045e-01
3.8623290335e-01
3.9418635492e-01
4.0190250192e-01
4.0962471231e-01
4.1734808863e-01
4.2506779265e-01
4.3286204018e-01
4.4064282551e-01
4.4840540618e-01
4.5614514537e-01
4.6424832819e-01
4.7231619755e-01
4.8034381226e-01
4.8832639823e-01
4.9737834700e-01
5.0635906649e-01
5.1526231548e-01
5.2408217428e-01
5.3262059436e-01
5.4106900384e-01
5.4942277870e-01
5.5767759529e-01
5.6608668952e-01
5.7438206164e-01
5.8255994678e-01
5.9061690115e-01
5.9943874557e-01
6.0810302556e-01
6.1660631721e-01
6.2494562911e-01
6.3381776401e-01
6.4249049652e-01
6.5096156557e-01
6.5922919827e-01
6.6667171208e-01
6.7393940419e-01
6.8103185274e-01
6.8794890346e-01
6.9459806686e-01
7.0107707901e-01
7.0738644606e-01
7.1352685603e-01
7.1959387788e-01
7.2548840011e-01
7.3121161979e-01
7.3676486192e-01
7.4233147918e-01
7.4771948947e-01
7.5293069245e-01
7.5796697025e-01
7.6307366005e-01
7.6799161696e-01
7.7272322123e-01
7.7727088933e-01
7.8196573386e-01
7.8645312029e-01
7.9073610112e-01
7.9481770790e-01
7.9892987956e-01
8.0282242290e-01
8.0649877110e-01
8.0996226309e-01
8.1360807758e-01
8.1699303054e-01
8.2012132458e-01
8.2299693151e-01
8.2570766749e-01
8.2815622714e-01
8.3034611895e-01
8.3228052699e-01
8.3407898633e-01
8.3558835337e-01
8.3681125391e-01
8.3774983289e-01
8.3842168414e-01
8.3879421603e-01
8.3886813318e-01
8.3864357565e-01
8.3816871571e-01
8.3743645311e-01
8.3644560400e-01
8.3519457469e-01
8.3376309240e-01
8.3209288723e-01
8.3018159132e-01
8.2802652456e-01
8.2581301747e-01
8.2338571218e-01
8.2074181244e-01
8.1787832249e-01
8.1501892841e-01
8.1196462086e-01
8.0871258280e-01
8.0525988170e-01
8.0182201843e-01
7.9820087079e-01
7.9439376036e-01
7.9039795436e-01
7.8645850096e-01
7.8234676756e-01
7.7806039220e-01
7.7359700843e-01
7.6916097747e-01
7.6455886690e-01
7.5978865488e-01
7.5484835681e-01
7.4989229393e-01
7.4477268644e-01
7.3948788922e-01
7.3403633538e-01
7.2849145015e-01
7.2278140123e-01
7.1690498224e-01
7.1086111330e-01
7.0450921550e-01
6.9798054464e-01
6.9127445579e-01
6.8439051103e-01
6.7534061105e-01
6.6600048069e-01
6.5637099240e-01
6.4645381270e-01
6.3887040401e-01
6.3112969311e-01
6.2323337529e-01
6.1518347016e-01
6.0762709722e-01
5.9994427131e-01
5.9213737902e-01
5.8420908478e-01
5.7629490900e-01
5.6826921269e-01
5.6013536774e-01
5.5189703590e-01
5.4361869604e-01
5.3524543460e-01
5.2678170853e-01
5.1823226933e-01
5.1050254053e-01
5.0271186538e-01
4.9486426158e-01
4.8696393082e-01
4.7936777842e-01
4.7173143825e-01
4.6405902777e-01
4.5635480055e-01
4.4870744905e-01
4.4103761887e-01
4.3334977948e-01
4.2564850146e-01
4.1764093931e-01
4.0962923001e-01
4.0161877268e-01
3.9361503500e-01
3.8195279899e-01
3.7033399321e-01
3.5877600335e-01
3.4729617150e-01
3.3942034598e-01
3.3159562635e-01
3.2382752661e-01
3.1612146215e-01
3.0892852091e-01
3.0179956808e-01
2.9473879975e-01
2.8775028330e-01
2.8088442665e-01
2.7409742610e-01
2.6739282813e-01
2.6077401557e-01
2.5396169808e-01
2.4724974620e-01
2.4064138488e-01
2.3413961531e-01
2.2753595075e-01
2.2105186534e-01
2.1468989250e-01
2.0845229877e-01
2.0215338914e-01
1.9599072457e-01
1.8996590896e-01
1.8408025752e-01
1.7794199130e-01
1.7196493256e-01
1.6614965458e-01
1.6049640107e-01
1.5328487102e-01
1.4635432252e-01
1.3970298577e-01
1.3332833875e-01
1.2858944682e-01
1.2401217844e-01
1.1959461620e-01
1.1533467110e-01
1.1133112664e-01
1.0747306786e-01
1.0375819715e-01
1.0018413164e-01
9.6706133362e-02
9.3367380329e-02
9.0165227761e-02
8.7097003015e-02
8.4056146644e-02
8.1153210251e-02
7.8385215228e-02
7.5749208220e-02
7.3103957606e-02
7.0599446255e-02
6.8232367307e-02
6.5999500142e-02
6.3738686172e-02
6.1626505776e-02
5.9659342614e-02
5.7833750128e-02
5.5980622104e-02
5.4291602940e-02
5.2762871057e-02
5.1390908176e-02
5.0035036371e-02
4.8868204531e-02
4.7886892067e-02
4.7088105790e-02
4.6469387009e-02
4.6028818103e-02
4.5765026617e-02
4.5677187859e-02
