4.2976256408e-10
1.3576283909e-10
8.3703135114e-10
2.3651455533e-09
2.1911499664e-08
6.3202149451e-08
1.7530148908e-07
4.8420867251e-07
1.3910327389e-06
2.6977441584e-06
5.2037006968e-06
1.0036417277e-05
1.9432220129e-05
3.0889292721e-05
4.9057154905e-05
7.7909056009e-05
1.2381013678e-04
1.7548148731e-04
2.4865934195e-04
3.5233972514e-04
4.9930594128e-04
6.5922839684e-04
8.7026194229e-04
1.1487567734e-03
1.5162867028e-03
1.9151058797e-03
2.4184521113e-03
3.0535986562e-03
3.8548429114e-03
4.7713463117e-03
5.9040917904e-03
7.3033533158e-03
9.0306616891e-03
1.0954190477e-02
1.3280631761e-02
1.6091328610e-02
1.9482551935e-02
2.2691158953e-02
2.6410611194e-02
3.0716028101e-02
3.5691331364e-02
4.0218668103e-02
4.5286463605e-02
5.0950110060e-02
5.7268205955e-02
6.3717087497e-02
7.0822240383e-02
7.8633823828e-02
8.7201898175e-02
9.7914528237e-02
1.0973449848e-01
1.2272279309e-01
1.3693034451e-01
1.4931794081e-01
1.6253715504e-01
1.7659126196e-01
1.9147398761e-01
2.0589511690e-01
2.2098323593e-01
2.3670870374e-01
2.5303368278e-01
2.7282103770e-01
2.9327896802e-01
3.1430932099e-01
3.3580411012e-01
3.5494270078e-01
3.7426912976e-01
3.9370197406e-01
4.1316036700e-01
4.3438444405e-01
4.5544575332e-01
4.7625181901e-01
4.9671770944e-01
5.1874964969e-01
5.4018840304e-01
5.6095853924e-01
5.8099810616e-01
6.0345154211e-01
6.2478145096e-01
6.4495126746e-01
6.6394268036e-01
6.8115025844e-01
6.9726763513e-01
7.1231368554e-01
7.2631496597e-01
7.4063887938e-01
7.5377283371e-01
7.6577228702e-01
7.7669579365e-01
7.8866401467e-01
7.9922801238e-01
8.0849667009e-01
8.1657572985e-01
8.2523237524e-01
8.3234600248e-01
8.3809312490e-01
8.4263483783e-01
8.4673139778e-01
8.4950084258e-01
8.5114398524e-01
8.5183472596e-01
8.5173497791e-01
8.5099349572e-01
8.4971228509e-01
8.4797873075e-01
8.4561006516e-01
8.4286081011e-01
8.3980385319e-01
8.3650010419e-01
8.3238201659e-01
8.2806147282e-01
8.2359285593e-01
8.1901995507e-01
8.1325291290e-01
8.0743144789e-01
8.0159557198e-01
7.9577532849e-01
7.8799370126e-01
7.8031821448e-01
7.7277300572e-01
7.6537173439e-01
7.5546474605e-01
7.4583716562e-01
7.3647277948e-01
7.2734373145e-01
7.1952375553e-01
7.1182509085e-01
7.0421339974e-01
6.9665093177e-01
6.8999601324e-01
6.8331993778e-01
6.7659529176e-01
6.6979690139e-01
6.6327738074e-01
6.5666018784e-01
6.4994019289e-01
6.4312196778e-01
6.3708180509e-01
6.3099895092e-01
6.2490333120e-01
6.1883529511e-01
6.1311798029e-01
6.0752609001e-01
6.0212166591e-01
5.9697386803e-01
5.9226105405e-01
5.8793761903e-01
5.8407627441e-01
5.8074700756e-01
5.7793218587e-01
5.7581650697e-01
5.7444763357e-01
5.7385729587e-01
5.7402846692e-01
5.7490567470e-01
5.7647050949e-01
5.7869081021e-01
5.8176973372e-01
5.8549074104e-01
5.8977553719e-01
5.9454010518e-01
5.9982407350e-01
6.0543043495e-01
6.1127480673e-01
6.1728088705e-01
6.2455074553e-01
6.3186475818e-01
6.3915394888e-01
6.4637066039e-01
6.5361230050e-01
6.6073735845e-01
6.6774739843e-01
6.7465480148e-01
6.8276761569e-01
6.9080710711e-01
6.9882092816e-01
7.0685795726e-01
7.1467376174e-01
7.2259446993e-01
7.3065520246e-01
7.3888623410e-01
7.4570340384e-01
7.5265921301e-01
7.5976071200e-01
7.6701116247e-01
7.7277260119e-01
7.7862099326e-01
7.8455045720e-01
7.9055159989e-01
7.9556872039e-01
8.0061497296e-01
8.0567624181e-01
8.1073423841e-01
8.1505545789e-01
8.1933864363e-01
8.2356100210e-01
8.2769458561e-01
8.3125175057e-01
8.3468430082e-01
8.3795821201e-01
8.4103295670e-01
8.4365700883e-01
8.4602492341e-01
8.4808405962e-01
8.4977279941e-01
8.5113037474e-01
8.5182067533e-01
8.5170451535e-01
8.5061751594e-01
8.4902617028e-01
8.4666730655e-01
8.4343185276e-01
8.3919784981e-01
8.3495009025e-01
8.2988188052e-01
8.2390834202e-01
8.1693843027e-01
8.1028581156e-01
8.0281167663e-01
7.9445430903e-01
7.8515015421e-01
7.7587668796e-01
7.6572948239e-01
7.5466086934e-01
7.4262438869e-01
7.3007713722e-01
7.1655439571e-01
7.0202346105e-01
6.8645692982e-01
6.7004447579e-01
6.5258944304e-01
6.3408969137e-01
6.1455460297e-01
5.9632217658e-01
5.7731397164e-01
5.5756661363e-01
5.3712809155e-01
5.1899384842e-01
5.0043599680e-01
4.8150741018e-01
4.6226774300e-01
4.4238873647e-01
4.2233144707e-01
4.0217789675e-01
3.8201443027e-01
3.6194394167e-01
3.4204339340e-01
3.2240276176e-01
3.0310971870e-01
2.8475599846e-01
2.6688197585e-01
2.4955255323e-01
2.3282489566e-01
2.1489157344e-01
1.9782555120e-01
1.8166643317e-01
1.6643941627e-01
1.5107320196e-01
1.3680229292e-01
1.2360978410e-01
1.1146620894e-01
1.0059971626e-01
9.0648420916e-02
8.1563555144e-02
7.3293083010e-02
6.4429173804e-02
5.6552841959e-02
4.9574125326e-02
4.3406309987e-02
3.6405597910e-02
3.0488853083e-02
2.5502030487e-02
2.1308616580e-02
1.7267894162e-02
1.3980036462e-02
1.1309374416e-02
9.1430149324e-03
7.2170630602e-03
5.6940700242e-03
4.4906988657e-03
3.5404515140e-03
2.6225532725e-03
1.9422050303e-03
1.4380445340e-03
1.0644850639e-03
6.8982898462e-04
4.4717804686e-04
2.8985003333e-04
1.8774214697e-04
8.7158237384e-05
4.0788152950e-05
1.9081463516e-05
8.8268803068e-06
1.3580169124e-06
3.8150542191e-07
7.5514859593e-08
5.5624293997e-08
8.5490183961e-09
2.4171741565e-09
5.2885783742e-10
7.0213450164e-10
