3.5806742096e-03
3.6549136045e-03
3.8806446262e-03
4.2670958322e-03
4.8300584089e-03
5.5253790912e-03
6.4140985500e-03
7.5266348025e-03
8.9008019112e-03
1.0596548376e-02
1.2661867892e-02
1.5165522587e-02
1.8189416625e-02
2.1081832223e-02
2.4436686529e-02
2.8320821411e-02
3.2809296312e-02
3.6678505130e-02
4.0985622467e-02
4.5773738995e-02
5.1088722295e-02
5.6304436884e-02
6.2012075013e-02
6.8248472074e-02
7.5051217070e-02
8.2495540429e-02
9.0588212152e-02
9.9366418360e-02
1.0886552375e-01
1.1895594994e-01
1.2980476111e-01
1.4143485735e-01
1.5386339625e-01
1.6585855628e-01
1.7852383190e-01
1.9185531344e-01
2.0584258726e-01
2.1930804310e-01
2.3329762730e-01
2.4778718775e-01
2.6274747750e-01
2.8047014377e-01
2.9870962128e-01
3.1739986004e-01
3.3646906222e-01
3.5391513038e-01
3.7154911165e-01
3.8931214834e-01
4.0714527213e-01
4.2551192463e-01
4.4382929314e-01
4.6203816882e-01
4.8008255492e-01
5.0030838894e-01
5.2018492764e-01
5.3964976506e-01
5.5864820862e-01
5.8102571583e-01
6.0257773539e-01
6.2325095714e-01
6.4300655689e-01
6.6069156003e-01
6.7753363686e-01
6.9352872627e-01
7.0867953514e-01
7.2362389249e-01
7.3767016875e-01
7.5083796170e-01
7.6315037067e-01
7.7604715300e-01
7.8792754646e-01
7.9883278774e-01
8.0880476800e-01
8.1993707548e-01
8.2977566465e-01
8.3839395052e-01
8.4586028437e-01
8.5358466196e-01
8.5974951871e-01
8.6444116657e-01
8.6772824326e-01
8.6968550225e-01
8.7026939296e-01
8.6949358638e-01
8.6735175053e-01
8.6455989609e-01
8.6080880496e-01
8.5606540832e-01
8.5028810052e-01
8.4457305313e-01
8.3805233322e-01
8.3068792451e-01
8.2243843726e-01
8.1432508474e-01
8.0544429148e-01
7.9576216647e-01
7.8524419114e-01
7.7493876952e-01
7.6388987431e-01
7.5207294693e-01
7.3946494746e-01
7.2572587531e-01
7.1111774863e-01
6.9562560799e-01
6.7923975474e-01
6.6354569714e-01
6.4711131883e-01
6.2994571477e-01
6.1206490917e-01
5.9325927447e-01
5.7377857678e-01
5.5366616935e-01
5.3297573075e-01
5.1611988047e-01
4.9897532787e-01
4.8158395433e-01
4.6399182037e-01
4.4590358071e-01
4.2771548678e-01
4.0948755576e-01
3.9128237468e-01
3.7299401804e-01
3.5486163019e-01
3.3695210925e-01
3.1933108937e-01
3.0312400760e-01
2.8727595397e-01
2.7183304948e-01
2.5683744267e-01
2.4118089102e-01
2.2613153555e-01
2.1172340600e-01
1.9798338038e-01
1.7959826461e-01
1.6264161474e-01
1.4712141284e-01
1.3302376470e-01
1.2311461120e-01
1.1401057331e-01
1.0568790165e-01
9.8120347369e-02
9.0838171867e-02
8.4351599722e-02
7.8626457900e-02
7.3629834351e-02
6.8672723167e-02
6.4623857816e-02
6.1444896691e-02
5.9104429669e-02
5.7538509145e-02
5.6829582087e-02
5.6969634620e-02
5.7960249619e-02
5.9498064458e-02
6.1683889789e-02
6.4535307317e-02
6.8074602007e-02
7.1890830914e-02
7.6314241595e-02
8.1369638058e-02
8.7083665368e-02
9.3594021223e-02
1.0084363653e-01
1.0886254067e-01
1.1767976630e-01
1.2698090107e-01
1.3707392481e-01
1.4797654856e-01
1.5970156426e-01
1.7116433749e-01
1.8332245530e-01
1.9617033355e-01
2.0969624966e-01
2.2279841327e-01
2.3644569505e-01
2.5061331113e-01
2.6527146660e-01
2.8279971730e-01
3.0087701036e-01
3.1943504331e-01
3.3839957321e-01
3.5561565731e-01
3.7303472900e-01
3.9059749780e-01
4.0824452904e-01
4.2659023135e-01
4.4489940328e-01
4.6311069926e-01
4.8116608128e-01
5.0130591765e-01
5.2110646755e-01
5.4050400474e-01
5.5944264726e-01
5.8234930766e-01
6.0439181572e-01
6.2551165658e-01
6.4566665228e-01
6.6315581337e-01
6.7981099640e-01
6.9562862837e-01
7.1061179236e-01
7.2552253286e-01
7.3953027481e-01
7.5265525479e-01
7.6492119545e-01
7.7782564368e-01
7.8970012231e-01
8.0058706273e-01
8.1052935553e-01
8.2146034277e-01
8.3111841926e-01
8.3957412133e-01
8.4689250836e-01
8.5447769913e-01
8.6049940715e-01
8.6503618667e-01
8.6814766424e-01
8.6985440605e-01
8.7024633112e-01
8.6932418806e-01
8.6707007508e-01
8.6421059112e-01
8.6040634147e-01
8.5561989700e-01
8.4980581693e-01
8.4411105028e-01
8.3762403877e-01
8.3030623061e-01
8.2211601505e-01
8.1404013666e-01
8.0520233392e-01
7.9556875335e-01
7.8510501547e-01
7.7479876273e-01
7.6374627615e-01
7.5192282344e-01
7.3930520523e-01
7.2547260713e-01
7.1075735596e-01
6.9514404159e-01
6.7862257974e-01
6.6289502362e-01
6.4642422155e-01
6.2921891849e-01
6.1129466963e-01
5.9304261632e-01
5.7415111900e-01
5.5465826208e-01
5.3461102527e-01
5.1778191881e-01
5.0065290660e-01
4.8326407693e-01
4.6565962397e-01
4.4765490783e-01
4.2953199756e-01
4.1134780167e-01
3.9316181683e-01
3.7448991563e-01
3.5594955366e-01
3.3760895476e-01
3.1953524290e-01
3.0313136497e-01
2.8705939341e-01
2.7136473926e-01
2.5608899376e-01
2.3998564379e-01
2.2446387739e-01
2.0955801981e-01
1.9529503663e-01
1.7827837117e-01
1.6233445369e-01
1.4746940067e-01
1.3367423475e-01
1.2264386205e-01
1.1236869009e-01
1.0282328136e-01
9.3978360863e-02
8.5248998719e-02
7.7243582092e-02
6.9918702056e-02
6.3230359206e-02
5.5698138397e-02
4.9008449434e-02
4.3081150678e-02
3.7840489558e-02
3.1940934137e-02
2.6940404466e-02
2.2713037693e-02
1.9148095515e-02
1.5982088845e-02
1.3354686883e-02
1.1181692607e-02
9.3921646058e-03
7.8205695285e-03
6.5666230971e-03
5.5805478211e-03
4.8228938894e-03
4.2632460136e-03
3.8789892508e-03
3.6545076753e-03
3.5806738677e-03
