4.8056048781e-01
4.8057662791e-01
4.8062503797e-01
4.8070568725e-01
4.8081852458e-01
4.8095861411e-01
4.8112881948e-01
4.8132903933e-01
4.8155915455e-01
4.8181525941e-01
4.8210016349e-01
4.8241370255e-01
4.8275569615e-01
4.8312435413e-01
4.8352082660e-01
4.8394488856e-01
4.8439629991e-01
4.8487672908e-01
4.8538419205e-01
4.8591840144e-01
4.8647905561e-01
4.8707328724e-01
4.8769395906e-01
4.8834071532e-01
4.8901318667e-01
4.8972781345e-01
4.9046856182e-01
4.9123499376e-01
4.9202665806e-01
4.9287920601e-01
4.9375818533e-01
4.9466304070e-01
4.9559320352e-01
4.9664424271e-01
4.9772437352e-01
4.9883279068e-01
4.9996867349e-01
5.0115510658e-01
5.0236836337e-01
5.0360752943e-01
5.0487167836e-01
5.0604270848e-01
5.0723292914e-01
5.0844162182e-01
5.0966806293e-01
5.1086646548e-01
5.1208002954e-01
5.1330809728e-01
5.1455000894e-01
5.1578477595e-01
5.1703167386e-01
5.1829007209e-01
5.1955934037e-01
5.2083568775e-01
5.2212160183e-01
5.2341646089e-01
5.2471964546e-01
5.2604725719e-01
5.2738213757e-01
5.2872365305e-01
5.3007117425e-01
5.3144755393e-01
5.3282885012e-01
5.3421441618e-01
5.3560361174e-01
5.3697606203e-01
5.3835082315e-01
5.3972730152e-01
5.4110491079e-01
5.4249173619e-01
5.4387853892e-01
5.4526474557e-01
5.4664979128e-01
5.4805945945e-01
5.4946676583e-01
5.5087114161e-01
5.5227202815e-01
5.5372146388e-01
5.5516595118e-01
5.5660490173e-01
5.5803773973e-01
5.5964008009e-01
5.6123320851e-01
5.6281636537e-01
5.6438881163e-01
5.6583311338e-01
5.6726708413e-01
5.6869018642e-01
5.7010189797e-01
5.7149901644e-01
5.7288379367e-01
5.7425575522e-01
5.7561444139e-01
5.7698108812e-01
5.7833311440e-01
5.7967008376e-01
5.8099157481e-01
5.8233846591e-01
5.8366801504e-01
5.8497980841e-01
5.8627344832e-01
5.8761844846e-01
5.8894237880e-01
5.9024482803e-01
5.9152540319e-01
5.9293642620e-01
5.9431890733e-01
5.9567236902e-01
5.9699635975e-01
5.9828395238e-01
5.9954155489e-01
6.0076879425e-01
6.0196531951e-01
6.0305164545e-01
6.0411080045e-01
6.0514254897e-01
6.0614666962e-01
6.0709868075e-01
6.0802406172e-01
6.0892264321e-01
6.0979426659e-01
6.1063151137e-01
6.1144198708e-01
6.1222556774e-01
6.1298213591e-01
6.1371210203e-01
6.1441480524e-01
6.1509015108e-01
6.1573805206e-01
6.1636303033e-01
6.1695998705e-01
6.1752885188e-01
6.1806956011e-01
6.1858886546e-01
6.1907912138e-01
6.1954027630e-01
6.1997228337e-01
6.2038306000e-01
6.2076339532e-01
6.2111325274e-01
6.2143259962e-01
6.2173024430e-01
6.2199531248e-01
6.2222777978e-01
6.2242762530e-01
6.2260567970e-01
6.2274617503e-01
6.2284909750e-01
6.2291443712e-01
6.2294186796e-01
6.2293417336e-01
6.2289135402e-01
6.2281341377e-01
6.2270635402e-01
6.2256735763e-01
6.2239643622e-01
6.2219360433e-01
6.2196546984e-01
6.2170711915e-01
6.2141857433e-01
6.2109986063e-01
6.2075751858e-01
6.2038613652e-01
6.1998574848e-01
6.1955639228e-01
6.1910374099e-01
6.1862289317e-01
6.1811389768e-01
6.1757680806e-01
6.1701520264e-01
6.1642596395e-01
6.1580916005e-01
6.1516486481e-01
6.1449239990e-01
6.1379254974e-01
6.1306540806e-01
6.1231107592e-01
6.1152014063e-01
6.1070159226e-01
6.0985556094e-01
6.0898218629e-01
6.0804990125e-01
6.0708868090e-01
6.0609871508e-01
6.0508020672e-01
6.0389652298e-01
6.0267708237e-01
6.0142224285e-01
6.0013238796e-01
5.9894517798e-01
5.9773040457e-01
5.9648840221e-01
5.9521952483e-01
5.9402626574e-01
5.9281079213e-01
5.9157342817e-01
5.9031451395e-01
5.8909101890e-01
5.8784847492e-01
5.8658722217e-01
5.8530761548e-01
5.8404553734e-01
5.8276679379e-01
5.8147175303e-01
5.8016079742e-01
5.7885223998e-01
5.7752897331e-01
5.7619140631e-01
5.7483996212e-01
5.7346652607e-01
5.7207994270e-01
5.7068068754e-01
5.6926925124e-01
5.6779782612e-01
5.6631449908e-01
5.6481986376e-01
5.6331453136e-01
5.6191576864e-01
5.6050893158e-01
5.5909454105e-01
5.5767313055e-01
5.5629214636e-01
5.5490561103e-01
5.5351404068e-01
5.5211796222e-01
5.5074311834e-01
5.4936496419e-01
5.4798402820e-01
5.4660084820e-01
5.4522438300e-01
5.4384678741e-01
5.4246861601e-01
5.4109043172e-01
5.3969254628e-01
5.3829584047e-01
5.3690092718e-01
5.3550842696e-01
5.3414310035e-01
5.3278131223e-01
5.3142367104e-01
5.3007079108e-01
5.2874008774e-01
5.2741523335e-01
5.2609683390e-01
5.2478549936e-01
5.2347878289e-01
5.2218040228e-01
5.2089098136e-01
5.1961114626e-01
5.1832034891e-01
5.1704077189e-01
5.1577307753e-01
5.1451792851e-01
5.1322543163e-01
5.1194799255e-01
5.1068635595e-01
5.0944126414e-01
5.0806491712e-01
5.0671136595e-01
5.0538164156e-01
5.0407676620e-01
5.0287217354e-01
5.0169132734e-01
5.0053505254e-01
4.9940416315e-01
4.9838485268e-01
4.9738841445e-01
4.9641545704e-01
4.9546657839e-01
4.9457791020e-01
4.9371253304e-01
4.9287094653e-01
4.9205363905e-01
4.9127880998e-01
4.9052805860e-01
4.8980180698e-01
4.8910046518e-01
4.8843266886e-01
4.8778992620e-01
4.8717259537e-01
4.8658102162e-01
4.8601786321e-01
4.8548088901e-01
4.8497039972e-01
4.8448668203e-01
4.8402832359e-01
4.8359747605e-01
4.8319438510e-01
4.8281928116e-01
4.8246779684e-01
4.8214550429e-01
4.8185259394e-01
4.8158923918e-01
4.8134874988e-01
4.8114001712e-01
4.8096317287e-01
4.8081832901e-01
4.8070557716e-01
4.8062498901e-01
4.8057661567e-01
4.8056048781e-01
