0.0000000000e+00
9.3145444255e-03
1.8629088851e-02
2.7943633277e-02
3.7258177702e-02
4.4139782766e-02
5.1021387831e-02
5.7902992895e-02
6.4784597960e-02
7.0229763424e-02
7.5674928889e-02
8.1120094354e-02
8.6565259818e-02
9.1103029786e-02
9.5640799754e-02
1.0017856972e-01
1.0471633969e-01
1.0873464382e-01
1.1275294794e-01
1.1677125207e-01
1.2078955620e-01
1.2494707450e-01
1.2910459279e-01
1.3326211109e-01
1.3741962939e-01
1.4063338412e-01
1.4384713884e-01
1.4706089357e-01
1.5027464830e-01
1.5270125112e-01
1.5512785393e-01
1.5755445674e-01
1.5998105955e-01
1.6213898830e-01
1.6429691704e-01
1.6645484579e-01
1.6861277454e-01
1.7098091972e-01
1.7334906490e-01
1.7571721009e-01
1.7808535527e-01
1.8015720936e-01
1.8222906345e-01
1.8430091754e-01
1.8637277162e-01
1.8824001668e-01
1.9010726173e-01
1.9197450678e-01
1.9384175183e-01
1.9572793208e-01
1.9761411232e-01
1.9950029257e-01
2.0138647281e-01
2.0332528836e-01
2.0526410391e-01
2.0720291946e-01
2.0914173500e-01
2.1102414929e-01
2.1290656358e-01
2.1478897786e-01
2.1667139215e-01
2.1884913437e-01
2.2102687658e-01
2.2320461880e-01
2.2538236102e-01
2.2797106485e-01
2.3055976868e-01
2.3314847251e-01
2.3573717634e-01
2.3822365477e-01
2.4071013319e-01
2.4319661162e-01
2.4568309005e-01
2.4832707914e-01
2.5097106822e-01
2.5361505731e-01
2.5625904640e-01
2.5927201932e-01
2.6228499225e-01
2.6529796518e-01
2.6831093811e-01
2.7227392718e-01
2.7623691626e-01
2.8019990533e-01
2.8416289441e-01
2.9042093472e-01
2.9667897503e-01
3.0293701535e-01
3.0919505566e-01
3.1448010945e-01
3.1976516325e-01
3.2505021704e-01
3.3033527084e-01
3.3613075747e-01
3.4192624410e-01
3.4772173072e-01
3.5351721735e-01
3.5762769740e-01
3.6173817744e-01
3.6584865749e-01
3.6995913753e-01
3.7328942116e-01
3.7661970479e-01
3.7994998841e-01
3.8328027204e-01
3.8620603539e-01
3.8913179874e-01
3.9205756209e-01
3.9498332544e-01
3.9769743157e-01
4.0041153770e-01
4.0312564383e-01
4.0583974997e-01
4.0884484842e-01
4.1184994687e-01
4.1485504533e-01
4.1786014378e-01
4.2023736071e-01
4.2261457764e-01
4.2499179457e-01
4.2736901150e-01
4.2957917611e-01
4.3178934071e-01
4.3399950532e-01
4.3620966993e-01
4.3825103070e-01
4.4029239146e-01
4.4233375222e-01
4.4437511298e-01
4.4670718011e-01
4.4903924724e-01
4.5137131437e-01
4.5370338149e-01
4.5568480997e-01
4.5766623845e-01
4.5964766694e-01
4.6162909542e-01
4.6382919632e-01
4.6602929722e-01
4.6822939812e-01
4.7042949903e-01
4.7320178130e-01
4.7597406357e-01
4.7874634583e-01
4.8151862810e-01
4.8378816901e-01
4.8605770992e-01
4.8832725083e-01
4.9059679174e-01
4.9300242082e-01
4.9540804990e-01
4.9781367897e-01
5.0021930805e-01
5.0249356780e-01
5.0476782756e-01
5.0704208732e-01
5.0931634707e-01
5.1172760391e-01
5.1413886074e-01
5.1655011757e-01
5.1896137440e-01
5.2117586437e-01
5.2339035433e-01
5.2560484429e-01
5.2781933426e-01
5.2988012795e-01
5.3194092164e-01
5.3400171533e-01
5.3606250902e-01
5.3812111302e-01
5.4017971702e-01
5.4223832102e-01
5.4429692502e-01
5.4642476177e-01
5.4855259852e-01
5.5068043527e-01
5.5280827203e-01
5.5489680972e-01
5.5698534742e-01
5.5907388512e-01
5.6116242282e-01
5.6362597762e-01
5.6608953241e-01
5.6855308721e-01
5.7101664201e-01
5.7410216966e-01
5.7718769731e-01
5.8027322496e-01
5.8335875261e-01
5.8605931516e-01
5.8875987771e-01
5.9146044026e-01
5.9416100281e-01
5.9713892251e-01
6.0011684222e-01
6.0309476192e-01
6.0607268163e-01
6.0961943248e-01
6.1316618333e-01
6.1671293418e-01
6.2025968503e-01
6.2495725794e-01
6.2965483085e-01
6.3435240376e-01
6.3904997667e-01
6.4448362992e-01
6.4991728316e-01
6.5535093640e-01
6.6078458964e-01
6.6572634029e-01
6.7066809095e-01
6.7560984160e-01
6.8055159225e-01
6.8545149314e-01
6.9035139403e-01
6.9525129491e-01
7.0015119580e-01
7.0409391466e-01
7.0803663351e-01
7.1197935236e-01
7.1592207122e-01
7.1906152850e-01
7.2220098578e-01
7.2534044307e-01
7.2847990035e-01
7.3122443435e-01
7.3396896835e-01
7.3671350235e-01
7.3945803635e-01
7.4197892048e-01
7.4449980461e-01
7.4702068874e-01
7.4954157287e-01
7.5210527037e-01
7.5466896787e-01
7.5723266538e-01
7.5979636288e-01
7.6207960952e-01
7.6436285617e-01
7.6664610282e-01
7.6892934947e-01
7.7110641137e-01
7.7328347328e-01
7.7546053518e-01
7.7763759709e-01
7.7951573227e-01
7.8139386745e-01
7.8327200263e-01
7.8515013781e-01
7.8728733252e-01
7.8942452722e-01
7.9156172193e-01
7.9369891663e-01
7.9553078867e-01
7.9736266071e-01
7.9919453275e-01
8.0102640479e-01
8.0305028520e-01
8.0507416561e-01
8.0709804602e-01
8.0912192643e-01
8.1128635790e-01
8.1345078937e-01
8.1561522084e-01
8.1777965230e-01
8.1994208461e-01
8.2210451691e-01
8.2426694921e-01
8.2642938152e-01
8.2873377896e-01
8.3103817640e-01
8.3334257384e-01
8.3564697128e-01
8.3869935218e-01
8.4175173308e-01
8.4480411398e-01
8.4785649488e-01
8.5244571847e-01
8.5703494205e-01
8.6162416564e-01
8.6621338922e-01
8.7033115178e-01
8.7444891434e-01
8.7856667690e-01
8.8268443945e-01
8.8756427921e-01
8.9244411897e-01
8.9732395873e-01
9.0220379848e-01
9.0857668435e-01
9.1494957022e-01
9.2132245608e-01
9.2769534195e-01
9.3673342420e-01
9.4577150646e-01
9.5480958871e-01
9.6384767097e-01
9.7288575323e-01
9.8192383548e-01
9.9096191774e-01
1.0000000000e+00
