2.8690056886e-01
2.8690279270e-01
2.8690946424e-01
2.8692058356e-01
2.8693615076e-01
2.8695498991e-01
2.8697781682e-01
2.8700463159e-01
2.8703543431e-01
2.8706781899e-01
2.8710368516e-01
2.8714303254e-01
2.8718586064e-01
2.8722383463e-01
2.8726417893e-01
2.8730689249e-01
2.8735197383e-01
2.8738940227e-01
2.8742831689e-01
2.8746871603e-01
2.8751059759e-01
2.8754956232e-01
2.8758972373e-01
2.8763107896e-01
2.8767362457e-01
2.8771874297e-01
2.8776511749e-01
2.8781274155e-01
2.8786160728e-01
2.8790892948e-01
2.8795734339e-01
2.8800683809e-01
2.8805740087e-01
2.8810604646e-01
2.8815561460e-01
2.8820608918e-01
2.8825745194e-01
2.8830498691e-01
2.8835322427e-01
2.8840214491e-01
2.8845172778e-01
2.8851795358e-01
2.8858522860e-01
2.8865348878e-01
2.8872266372e-01
2.8877695494e-01
2.8883171309e-01
2.8888689757e-01
2.8894246575e-01
2.8900263511e-01
2.8906313924e-01
2.8912391815e-01
2.8918490993e-01
2.8925360629e-01
2.8932239882e-01
2.8939119368e-01
2.8945989589e-01
2.8954772311e-01
2.8963503837e-01
2.8972164085e-01
2.8980733234e-01
2.8988187068e-01
2.8995542271e-01
2.9002786268e-01
2.9009906885e-01
2.9017362121e-01
2.9024649555e-01
2.9031756132e-01
2.9038669469e-01
2.9046309663e-01
2.9053666551e-01
2.9060725016e-01
2.9067471117e-01
2.9075231802e-01
2.9082491556e-01
2.9089232159e-01
2.9095437766e-01
2.9102680030e-01
2.9108972291e-01
2.9114296592e-01
2.9118640935e-01
2.9121600372e-01
2.9123823049e-01
2.9125311580e-01
2.9126071768e-01
2.9126141516e-01
2.9125642218e-01
2.9124584759e-01
2.9122982238e-01
2.9121327057e-01
2.9119344973e-01
2.9117045758e-01
2.9114440158e-01
2.9111858165e-01
2.9109049290e-01
2.9106023289e-01
2.9102790572e-01
2.9099568855e-01
2.9096183552e-01
2.9092644914e-01
2.9088963679e-01
2.9084070931e-01
2.9078988182e-01
2.9073740924e-01
2.9068355586e-01
2.9064575383e-01
2.9060751537e-01
2.9056893237e-01
2.9053009728e-01
2.9049376280e-01
2.9045736463e-01
2.9042097696e-01
2.9038467315e-01
2.9035118308e-01
2.9031788308e-01
2.9028482795e-01
2.9025207097e-01
2.9021408641e-01
2.9017666284e-01
2.9013987589e-01
2.9010379684e-01
2.9007435208e-01
2.9004548008e-01
2.9001721445e-01
2.8998958646e-01
2.8996008624e-01
2.8993142086e-01
2.8990362199e-01
2.8987671826e-01
2.8984978563e-01
2.8982386917e-01
2.8979899144e-01
2.8977517226e-01
2.8975080307e-01
2.8972769189e-01
2.8970585460e-01
2.8968530472e-01
2.8966663486e-01
2.8964919285e-01
2.8963298615e-01
2.8961802102e-01
2.8960275297e-01
2.8958905227e-01
2.8957692386e-01
2.8956637171e-01
2.8955603583e-01
2.8954786357e-01
2.8954185782e-01
2.8953802053e-01
2.8953637208e-01
2.8953676096e-01
2.8953918708e-01
2.8954364972e-01
2.8954909359e-01
2.8955603091e-01
2.8956445999e-01
2.8957437866e-01
2.8958477943e-01
2.8959642749e-01
2.8960931964e-01
2.8962345203e-01
2.8963899771e-01
2.8965580088e-01
2.8967385469e-01
2.8969315101e-01
2.8971289276e-01
2.8973376712e-01
2.8975576231e-01
2.8977886467e-01
2.8980089250e-01
2.8982381495e-01
2.8984761652e-01
2.8987227973e-01
2.8989654944e-01
2.8992156402e-01
2.8994730268e-01
2.8997374259e-01
2.9000418940e-01
2.9003544766e-01
2.9006747524e-01
2.9010022635e-01
2.9013060348e-01
2.9016149867e-01
2.9019286982e-01
2.9022467254e-01
2.9025821684e-01
2.9029212406e-01
2.9032633703e-01
2.9036079658e-01
2.9040056568e-01
2.9044048493e-01
2.9048045800e-01
2.9052038707e-01
2.9056847793e-01
2.9061618436e-01
2.9066333125e-01
2.9070974505e-01
2.9075162383e-01
2.9079260812e-01
2.9083257086e-01
2.9087138857e-01
2.9091105099e-01
2.9094916414e-01
2.9098559796e-01
2.9102022844e-01
2.9105726554e-01
2.9109165590e-01
2.9112324730e-01
2.9115189835e-01
2.9118270859e-01
2.9120872392e-01
2.9122975146e-01
2.9124562105e-01
2.9125772810e-01
2.9126182565e-01
2.9125773782e-01
2.9124533255e-01
2.9122502628e-01
2.9119660580e-01
2.9116006495e-01
2.9111543620e-01
2.9107248498e-01
2.9102411535e-01
2.9097040714e-01
2.9091145965e-01
2.9085789997e-01
2.9080079880e-01
2.9074024897e-01
2.9067635412e-01
2.9061658376e-01
2.9055432829e-01
2.9048968420e-01
2.9042275535e-01
2.9035934097e-01
2.9029418334e-01
2.9022737945e-01
2.9015903146e-01
2.9008789517e-01
2.9001538497e-01
2.8994162442e-01
2.8986674172e-01
2.8979747722e-01
2.8972749062e-01
2.8965688774e-01
2.8958577618e-01
2.8951610086e-01
2.8944614764e-01
2.8937601831e-01
2.8930581438e-01
2.8924797109e-01
2.8919020125e-01
2.8913255970e-01
2.8907510017e-01
2.8901724730e-01
2.8895968679e-01
2.8890246957e-01
2.8884564458e-01
2.8878718550e-01
2.8872924823e-01
2.8867187968e-01
2.8861512393e-01
2.8856357622e-01
2.8851260974e-01
2.8846225205e-01
2.8841252861e-01
2.8835921827e-01
2.8830671265e-01
2.8825503651e-01
2.8820421212e-01
2.8814476228e-01
2.8808658065e-01
2.8802969273e-01
2.8797412041e-01
2.8792458676e-01
2.8787617550e-01
2.8782889692e-01
2.8778275976e-01
2.8773553104e-01
2.8768957723e-01
2.8764490433e-01
2.8760151731e-01
2.8755088864e-01
2.8750214346e-01
2.8745528633e-01
2.8741032082e-01
2.8735547330e-01
2.8730374034e-01
2.8725512500e-01
2.8720962941e-01
2.8716180142e-01
2.8711799064e-01
2.8707819790e-01
2.8704242360e-01
2.8700917547e-01
2.8698036079e-01
2.8695597947e-01
2.8693603139e-01
2.8692051641e-01
2.8690943438e-01
2.8690278521e-01
2.8690056883e-01
