6.2701620758e-10
1.0607731567e-09
3.7723778335e-09
1.3376233935e-08
5.8348272536e-08
1.3506225712e-07
3.0750882774e-07
6.9970014265e-07
1.6117143550e-06
2.8208481622e-06
4.9255827165e-06
8.6004676260e-06
1.5042598949e-05
2.2679648379e-05
3.4177401165e-05
5.1503566098e-05
7.7641156431e-05
1.0674055460e-04
1.4672513117e-04
2.0168397266e-04
2.7725100359e-04
3.5810951964e-04
4.6251693425e-04
5.9734227126e-04
7.7146004995e-04
9.5644961411e-04
1.1857136978e-03
1.4698348600e-03
1.8219128023e-03
2.1968732242e-03
2.6487326528e-03
3.1931713526e-03
3.8490205971e-03
4.5674152525e-03
5.4189839669e-03
6.4280810018e-03
7.6233710355e-03
9.1724778348e-03
1.1032061036e-02
1.3262521500e-02
1.5935160265e-02
1.8243082478e-02
2.0876584772e-02
2.3878925040e-02
2.7298266419e-02
3.0434751535e-02
3.3916074797e-02
3.7776371448e-02
4.2052229545e-02
4.6128117729e-02
5.0572884973e-02
5.5414573008e-02
6.0682261717e-02
6.6055756717e-02
7.1858531296e-02
7.8116236815e-02
8.4854453764e-02
9.3674271060e-02
1.0327539266e-01
1.1369766955e-01
1.2497669462e-01
1.3478695061e-01
1.4519465145e-01
1.5620861192e-01
1.6783336166e-01
1.7917320856e-01
1.9103514937e-01
2.0341069440e-01
2.1628696155e-01
2.2874069739e-01
2.4159773004e-01
2.5483692559e-01
2.6843387106e-01
2.8948498239e-01
3.1117629035e-01
3.3339077492e-01
3.5600264405e-01
3.7158873219e-01
3.8725627569e-01
4.0296308208e-01
4.1866756108e-01
4.3533289959e-01
4.5190262446e-01
4.6833206458e-01
4.8457928193e-01
5.0261739987e-01
5.2032428560e-01
5.3765482853e-01
5.5456952079e-01
5.7298477925e-01
5.9079607466e-01
6.0797203200e-01
6.2448895478e-01
6.4038370915e-01
6.5558797905e-01
6.7009732536e-01
6.8391245965e-01
6.9728082990e-01
7.0994351468e-01
7.2191360271e-01
7.3320708181e-01
7.4481056852e-01
7.5565263256e-01
7.6576178961e-01
7.7516795890e-01
7.8523455735e-01
7.9444636919e-01
8.0285221280e-01
8.1050040846e-01
8.1917447444e-01
8.2680184710e-01
8.3347123182e-01
8.3926651097e-01
8.4482014786e-01
8.4947741494e-01
8.5333291967e-01
8.5647317851e-01
8.5920463923e-01
8.6125523207e-01
8.6271061292e-01
8.6364716601e-01
8.6413202913e-01
8.6422812192e-01
8.6398848611e-01
8.6346006670e-01
8.6261306191e-01
8.6152358906e-01
8.6023179533e-01
8.5877274441e-01
8.5698134489e-01
8.5505608486e-01
8.5302881901e-01
8.5092691619e-01
8.4844511775e-01
8.4592593674e-01
8.4339512031e-01
8.4087436000e-01
8.3791241113e-01
8.3501613749e-01
8.3220669986e-01
8.2950152100e-01
8.2630545283e-01
8.2331498054e-01
8.2054807647e-01
8.1801912191e-01
8.1513242699e-01
8.1267820193e-01
8.1067110254e-01
8.0912201566e-01
8.0794844738e-01
8.0735540876e-01
8.0734630475e-01
8.0792117878e-01
8.0877932711e-01
8.0999212192e-01
8.1155501338e-01
8.1346180145e-01
8.1527161922e-01
8.1730060887e-01
8.1954197994e-01
8.2198745235e-01
8.2420523349e-01
8.2655425928e-01
8.2902584067e-01
8.3160961186e-01
8.3392781043e-01
8.3631137457e-01
8.3874912705e-01
8.4122791090e-01
8.4344070204e-01
8.4566099989e-01
8.4787428377e-01
8.5006368086e-01
8.5200119214e-01
8.5388682109e-01
8.5570152479e-01
8.5742344293e-01
8.5890923013e-01
8.6027208379e-01
8.6148639388e-01
8.6252306637e-01
8.6332459827e-01
8.6389610295e-01
8.6419954585e-01
8.6419200236e-01
8.6379059419e-01
8.6292041666e-01
8.6150777769e-01
8.5946944446e-01
8.5730429798e-01
8.5461599311e-01
8.5134458953e-01
8.4742462957e-01
8.4343242385e-01
8.3884521296e-01
8.3360896733e-01
8.2766619235e-01
8.2218175994e-01
8.1613785143e-01
8.0949709484e-01
8.0222088709e-01
7.9510967951e-01
7.8742435732e-01
7.7913537251e-01
7.7021314708e-01
7.6136844903e-01
7.5193375917e-01
7.4188707212e-01
7.3120746543e-01
7.2008554685e-01
7.0831781371e-01
6.9588979546e-01
6.8278970983e-01
6.6827298279e-01
6.5299745368e-01
6.3696315987e-01
6.2017642798e-01
6.0561815057e-01
5.9055822293e-01
5.7501284333e-01
5.5900270390e-01
5.4349209956e-01
5.2761573290e-01
5.1140311236e-01
4.9488784248e-01
4.7987381977e-01
4.6467707159e-01
4.4932978420e-01
4.3386639760e-01
4.1723917494e-01
4.0056776495e-01
3.8390080979e-01
3.6728820188e-01
3.5121613732e-01
3.3529016147e-01
3.1955624057e-01
3.0405908446e-01
2.8975145245e-01
2.7572437131e-01
2.6200914124e-01
2.4863443540e-01
2.3465754014e-01
2.2113241329e-01
2.0808262784e-01
1.9552723932e-01
1.8206816860e-01
1.6926129622e-01
1.5711373637e-01
1.4562638741e-01
1.3472696716e-01
1.2448132711e-01
1.1487499425e-01
1.0588973565e-01
9.7621486582e-02
8.9913016934e-02
8.2739966565e-02
7.6076797766e-02
6.9228774638e-02
6.2943079543e-02
5.7183229006e-02
5.1913311723e-02
4.5601367344e-02
4.0016095977e-02
3.5083461504e-02
3.0734634661e-02
2.5595612520e-02
2.1292629241e-02
1.7696926834e-02
1.4697229620e-02
1.2401385557e-02
1.0459570258e-02
8.8185074298e-03
7.4325430813e-03
6.1479005613e-03
5.0839510408e-03
4.2031844214e-03
3.4743311830e-03
2.7705422417e-03
2.2089752425e-03
1.7609898968e-03
1.4036711267e-03
1.0516306313e-03
7.8784725978e-04
5.9018187895e-04
4.4204803369e-04
2.9494950728e-04
1.9685615200e-04
1.3138086550e-04
8.7641616540e-05
4.5384301093e-05
2.3590415618e-05
1.2260783902e-05
6.3386030116e-06
1.6759996051e-06
5.0135333369e-07
1.4586007392e-07
4.3087063357e-08
1.1398506530e-08
3.4308198611e-09
1.0688028435e-09
5.8568168118e-10
