4.2829522590e-02
4.3165641490e-02
4.4178362171e-02
4.5880728446e-02
4.8294370824e-02
5.0878533632e-02
5.4002224517e-02
5.7691184416e-02
6.1974733336e-02
6.6382478384e-02
7.1328105998e-02
7.6839299911e-02
8.2944966129e-02
8.9783299206e-02
9.7296493501e-02
1.0551536140e-01
1.1446942192e-01
1.2390325042e-01
1.3407982663e-01
1.4501756010e-01
1.5673008474e-01
1.6808918896e-01
1.8010001894e-01
1.9275852622e-01
2.0605500986e-01
2.1892432993e-01
2.3231010430e-01
2.4619034165e-01
2.6053841354e-01
2.7702083075e-01
2.9399507127e-01
3.1140625369e-01
3.2919451698e-01
3.4617030372e-01
3.6336659054e-01
3.8072684206e-01
3.9819395278e-01
4.1581490125e-01
4.3342955272e-01
4.5098290408e-01
4.6842237270e-01
4.8832583926e-01
5.0794152431e-01
5.2720561410e-01
5.4606127021e-01
5.6665047583e-01
5.8660498653e-01
6.0587641285e-01
6.2442669239e-01
6.4260419098e-01
6.5997849869e-01
6.7653714520e-01
6.9227509894e-01
7.0742122835e-01
7.2172945666e-01
7.3521170002e-01
7.4788372760e-01
7.6109752008e-01
7.7335439688e-01
7.8468613984e-01
7.9512595065e-01
8.0640774021e-01
8.1653651354e-01
8.2556679530e-01
8.3355044328e-01
8.4173159928e-01
8.4858026422e-01
8.5415988541e-01
8.5852363726e-01
8.6199458960e-01
8.6406090642e-01
8.6474661299e-01
8.6405798465e-01
8.6240970288e-01
8.5976742195e-01
8.5610576780e-01
8.5139072216e-01
8.4653650950e-01
8.4086419993e-01
8.3433936865e-01
8.2692390228e-01
8.1956888769e-01
8.1144994607e-01
8.0253482225e-01
7.9279023432e-01
7.8327330841e-01
7.7303097062e-01
7.6203895329e-01
7.5027393826e-01
7.3786610687e-01
7.2466291457e-01
7.1064811308e-01
6.9580898067e-01
6.8054577940e-01
6.6448864831e-01
6.4764036015e-01
6.3001027724e-01
6.1347935015e-01
5.9634615496e-01
5.7863497146e-01
5.6037665865e-01
5.4376805968e-01
5.2679046303e-01
5.0947961142e-01
4.9187585364e-01
4.7492949091e-01
4.5780153296e-01
4.4053730723e-01
4.2318506551e-01
4.0318208091e-01
3.8321035041e-01
3.6335237752e-01
3.4369136405e-01
3.2704969596e-01
3.1066422158e-01
2.9458345610e-01
2.7885314484e-01
2.6251976959e-01
2.4667892260e-01
2.3137107983e-01
2.1663051490e-01
2.0143223143e-01
1.8694915068e-01
1.7319869470e-01
1.6018998784e-01
1.4745190340e-01
1.3551054603e-01
1.2435221117e-01
1.1395705465e-01
1.0439752258e-01
9.5532762066e-02
8.7331898539e-02
7.9762020270e-02
7.1997000028e-02
6.4930483631e-02
5.8513817966e-02
5.2699173520e-02
4.6023535425e-02
4.0175204319e-02
3.5066399647e-02
3.0616327732e-02
2.5748085321e-02
2.1708482663e-02
1.8378339188e-02
1.5656350810e-02
1.3489563516e-02
1.1762814494e-02
1.0422178970e-02
9.4253078271e-03
8.7271784590e-03
8.3334275910e-03
8.2307162405e-03
8.4155725108e-03
8.8686128795e-03
9.6057994123e-03
1.0649938186e-02
1.2033134516e-02
1.3661532917e-02
1.5662215144e-02
1.8086587814e-02
2.0995871609e-02
2.3803591928e-02
2.7033885083e-02
3.0738228852e-02
3.4973926008e-02
3.8822896931e-02
4.3095198512e-02
4.7829430348e-02
5.3066537702e-02
5.8251285837e-02
6.3912013358e-02
7.0082448118e-02
7.6796909149e-02
8.4389684739e-02
9.2645907620e-02
1.0160276481e-01
1.1129541012e-01
1.2107066859e-01
1.3154306740e-01
1.4273176405e-01
1.5465101559e-01
1.6679166365e-01
1.7961561705e-01
1.9311837002e-01
2.0728863534e-01
2.2066454570e-01
2.3455260009e-01
2.4892891662e-01
2.6376473014e-01
2.8534811860e-01
3.0766639341e-01
3.3059786604e-01
3.5400981944e-01
3.7102843234e-01
3.8816921405e-01
4.0537902507e-01
4.2260531853e-01
4.4118529286e-01
4.5966225569e-01
4.7797722612e-01
4.9607511721e-01
5.1576341023e-01
5.3506288391e-01
5.5391904645e-01
5.7228475014e-01
5.9697038110e-01
6.2054333332e-01
6.4294250251e-01
6.6412849853e-01
6.8043626355e-01
6.9592636483e-01
7.1060182093e-01
7.2447072807e-01
7.3848678298e-01
7.5160572956e-01
7.6385056245e-01
7.7524681822e-01
7.8725243557e-01
7.9823028123e-01
8.0822299047e-01
8.1727283255e-01
8.2704259932e-01
8.3555555910e-01
8.4287614216e-01
8.4906262279e-01
8.5518008772e-01
8.5974590307e-01
8.6282177486e-01
8.6445098814e-01
8.6470401678e-01
8.6383152266e-01
8.6182617737e-01
8.5866875421e-01
8.5489549689e-01
8.5016979880e-01
8.4445599635e-01
8.3771192809e-01
8.3133866204e-01
8.2420145513e-01
8.1626802929e-01
8.0750416024e-01
7.9891085595e-01
7.8959468183e-01
7.7952889065e-01
7.6868691062e-01
7.5762428981e-01
7.4581390631e-01
7.3323611887e-01
7.1987351481e-01
7.0248977470e-01
6.8389795172e-01
6.6408990637e-01
6.4307058562e-01
6.2720563158e-01
6.1073713103e-01
5.9368413839e-01
5.7607172663e-01
5.5911355566e-01
5.4172442525e-01
5.2394107227e-01
5.0580578671e-01
4.8911210117e-01
4.7220821681e-01
4.5513703764e-01
4.3794466765e-01
4.1823257258e-01
3.9850309422e-01
3.7883575218e-01
3.5931173955e-01
3.4259049813e-01
3.2609000461e-01
3.0986097921e-01
2.9395196962e-01
2.7793455787e-01
2.6235200397e-01
2.4724586247e-01
2.3265262377e-01
2.1721467729e-01
2.0246965222e-01
1.8844274644e-01
1.7515101240e-01
1.6093950027e-01
1.4769292908e-01
1.3540310500e-01
1.2405277069e-01
1.1458045297e-01
1.0583320997e-01
9.7785778581e-02
9.0410872278e-02
8.3058692273e-02
7.6443484454e-02
7.0527266445e-02
6.5273153130e-02
5.9764438281e-02
5.5111850041e-02
5.1264457827e-02
4.8178173002e-02
4.5816307333e-02
4.4150030761e-02
4.3158604302e-02
4.2829523243e-02
