2.8777006166e-01
2.8777206016e-01
2.8777805558e-01
2.8778804763e-01
2.8780203575e-01
2.8781630976e-01
2.8783320936e-01
2.8785273359e-01
2.8787488111e-01
2.8789359851e-01
2.8791384976e-01
2.8793563353e-01
2.8795894814e-01
2.8798058864e-01
2.8800339643e-01
2.8802736944e-01
2.8805250516e-01
2.8807767889e-01
2.8810391433e-01
2.8813120772e-01
2.8815955463e-01
2.8819275650e-01
2.8822728087e-01
2.8826311713e-01
2.8830025265e-01
2.8833218072e-01
2.8836499072e-01
2.8839867121e-01
2.8843320918e-01
2.8846575656e-01
2.8849900562e-01
2.8853294205e-01
2.8856755000e-01
2.8860323679e-01
2.8863957350e-01
2.8867653843e-01
2.8871410797e-01
2.8875485390e-01
2.8879622609e-01
2.8883818829e-01
2.8888070173e-01
2.8892107940e-01
2.8896187034e-01
2.8900303655e-01
2.8904453829e-01
2.8909093015e-01
2.8913762549e-01
2.8918456366e-01
2.8923168222e-01
2.8928238849e-01
2.8933314829e-01
2.8938387984e-01
2.8943450053e-01
2.8949379988e-01
2.8955269572e-01
2.8961105373e-01
2.8966874113e-01
2.8972388002e-01
2.8977815027e-01
2.8983143860e-01
2.8988363513e-01
2.8993659049e-01
2.8998813848e-01
2.9003816957e-01
2.9008657939e-01
2.9013901829e-01
2.9018914360e-01
2.9023683101e-01
2.9028196507e-01
2.9033184984e-01
2.9037786285e-01
2.9041986109e-01
2.9045771818e-01
2.9049788242e-01
2.9053164207e-01
2.9055886633e-01
2.9057945734e-01
2.9059289517e-01
2.9060016211e-01
2.9060125458e-01
2.9059619556e-01
2.9058673089e-01
2.9057262059e-01
2.9055393137e-01
2.9053074640e-01
2.9050729145e-01
2.9048065965e-01
2.9045093405e-01
2.9041820737e-01
2.9038692136e-01
2.9035345549e-01
2.9031789264e-01
2.9028032176e-01
2.9024356307e-01
2.9020522285e-01
2.9016538743e-01
2.9012414757e-01
2.9007543618e-01
2.9002516436e-01
2.8997348717e-01
2.8992056576e-01
2.8987577419e-01
2.8983033697e-01
2.8978435404e-01
2.8973792684e-01
2.8969567848e-01
2.8965322712e-01
2.8961064888e-01
2.8956801960e-01
2.8953005202e-01
2.8949215632e-01
2.8945438433e-01
2.8941678691e-01
2.8937929168e-01
2.8934207093e-01
2.8930517187e-01
2.8926863997e-01
2.8923229040e-01
2.8919639925e-01
2.8916100675e-01
2.8912615090e-01
2.8909356164e-01
2.8906151771e-01
2.8903004583e-01
2.8899917080e-01
2.8896783730e-01
2.8893719240e-01
2.8890725745e-01
2.8887805183e-01
2.8884485621e-01
2.8881270624e-01
2.8878162385e-01
2.8875162822e-01
2.8872322399e-01
2.8869589916e-01
2.8866966554e-01
2.8864453325e-01
2.8862057032e-01
2.8859771908e-01
2.8857598577e-01
2.8855537566e-01
2.8853326656e-01
2.8851262689e-01
2.8849346113e-01
2.8847577293e-01
2.8845321662e-01
2.8843364741e-01
2.8841707016e-01
2.8840348841e-01
2.8839066778e-01
2.8838258854e-01
2.8837925260e-01
2.8838066068e-01
2.8838485265e-01
2.8839173458e-01
2.8840130556e-01
2.8841356419e-01
2.8842454208e-01
2.8843703508e-01
2.8845104177e-01
2.8846656042e-01
2.8848148465e-01
2.8849757907e-01
2.8851484147e-01
2.8853326920e-01
2.8855245932e-01
2.8857276239e-01
2.8859417418e-01
2.8861668965e-01
2.8864024916e-01
2.8866489463e-01
2.8869061792e-01
2.8871740954e-01
2.8874305183e-01
2.8876958319e-01
2.8879699221e-01
2.8882526596e-01
2.8885201929e-01
2.8887947889e-01
2.8890763056e-01
2.8893645861e-01
2.8896690377e-01
2.8899803010e-01
2.8902981468e-01
2.8906223251e-01
2.8909575219e-01
2.8912986559e-01
2.8916453981e-01
2.8919973969e-01
2.8923452147e-01
2.8926973049e-01
2.8930532820e-01
2.8934127425e-01
2.8938312550e-01
2.8942531725e-01
2.8946777992e-01
2.8951044178e-01
2.8955621152e-01
2.8960203313e-01
2.8964781341e-01
2.8969345829e-01
2.8974242315e-01
2.8979100217e-01
2.8983907768e-01
2.8988653339e-01
2.8993367626e-01
2.8997995629e-01
2.9002526129e-01
2.9006948238e-01
2.9011474016e-01
2.9015856257e-01
2.9020083671e-01
2.9024145501e-01
2.9028523268e-01
2.9032662725e-01
2.9036550940e-01
2.9040175909e-01
2.9044090638e-01
2.9047608906e-01
2.9050716050e-01
2.9053399134e-01
2.9056167853e-01
2.9058221460e-01
2.9059545133e-01
2.9060128105e-01
2.9060002634e-01
2.9059237160e-01
2.9057832173e-01
2.9055791022e-01
2.9053603076e-01
2.9050980824e-01
2.9047930894e-01
2.9044461379e-01
2.9041115826e-01
2.9037468333e-01
2.9033526990e-01
2.9029300783e-01
2.9025310763e-01
2.9021110806e-01
2.9016709065e-01
2.9012114274e-01
2.9007631131e-01
2.9002994079e-01
2.8998211743e-01
2.8993293182e-01
2.8987803749e-01
2.8982177305e-01
2.8976427093e-01
2.8970566839e-01
2.8965356025e-01
2.8960081448e-01
2.8954753046e-01
2.8949380905e-01
2.8944609859e-01
2.8939819713e-01
2.8935017522e-01
2.8930210317e-01
2.8925862775e-01
2.8921521953e-01
2.8917192884e-01
2.8912880506e-01
2.8908410410e-01
2.8903968985e-01
2.8899561367e-01
2.8895192499e-01
2.8891002087e-01
2.8886856576e-01
2.8882759857e-01
2.8878715605e-01
2.8874888961e-01
2.8871116618e-01
2.8867401236e-01
2.8863745282e-01
2.8859969567e-01
2.8856264439e-01
2.8852632109e-01
2.8849074584e-01
2.8844773748e-01
2.8840593530e-01
2.8836536578e-01
2.8832605181e-01
2.8828950753e-01
2.8825415341e-01
2.8822000213e-01
2.8818706448e-01
2.8815641288e-01
2.8812690879e-01
2.8809855806e-01
2.8807136561e-01
2.8804041545e-01
2.8801112874e-01
2.8798351013e-01
2.8795756334e-01
2.8791778425e-01
2.8788273204e-01
2.8785241374e-01
2.8782683404e-01
2.8780199802e-01
2.8778425613e-01
2.8777361035e-01
2.8777006166e-01
