5.6248000547e-09
1.0103616564e-08
3.3949660842e-08
1.1641386031e-07
4.6787951766e-07
1.0394060296e-06
2.2788269386e-06
4.9940846869e-06
1.1050104962e-05
1.8840253711e-05
3.2063425658e-05
5.4565686151e-05
9.2982997866e-05
1.3708363554e-04
2.0202299877e-04
2.9771394002e-04
4.3882854751e-04
5.9386212258e-04
8.0353485047e-04
1.0871388505e-03
1.4707787298e-03
1.8897679339e-03
2.4276793209e-03
3.1181289188e-03
4.0041147525e-03
5.0437186300e-03
6.3510318334e-03
7.9939211298e-03
1.0056766039e-02
1.2235076323e-02
1.4876533776e-02
1.8075618718e-02
2.1944094936e-02
2.5548814780e-02
2.9723614319e-02
3.4550855382e-02
4.0121993685e-02
4.5380875162e-02
5.1283069929e-02
5.7894421922e-02
6.5283920297e-02
7.3263984181e-02
8.2109715330e-02
9.1886661730e-02
1.0265809420e-01
1.1411161767e-01
1.2660417156e-01
1.4017501603e-01
1.5485248130e-01
1.6936663861e-01
1.8483273489e-01
2.0123760635e-01
2.1855414894e-01
2.3602932253e-01
2.5425912148e-01
2.7318120745e-01
2.9272187586e-01
3.1344967825e-01
3.3464543890e-01
3.5620077770e-01
3.7800298796e-01
3.9971836208e-01
4.2145345763e-01
4.4310179818e-01
4.6456228693e-01
4.8868710317e-01
5.1231930587e-01
5.3534850247e-01
5.5768070387e-01
5.8478815674e-01
6.1054050684e-01
6.3485584255e-01
6.5768598502e-01
6.7724517796e-01
6.9555038311e-01
7.1261914292e-01
7.2848038050e-01
7.4494824525e-01
7.5999658585e-01
7.7369684259e-01
7.8612514589e-01
8.0044810850e-01
8.1294399499e-01
8.2378037638e-01
8.3311826889e-01
8.4281770276e-01
8.5072427389e-01
8.5707814725e-01
8.6209404173e-01
8.6627685976e-01
8.6930007821e-01
8.7135179371e-01
8.7259315425e-01
8.7317592872e-01
8.7314285766e-01
8.7260850451e-01
8.7166804343e-01
8.7019336340e-01
8.6838374220e-01
8.6631358060e-01
8.6403956172e-01
8.6121824382e-01
8.5822188413e-01
8.5507103243e-01
8.5176665645e-01
8.4854270422e-01
8.4514197343e-01
8.4152064921e-01
8.3761892487e-01
8.3350069433e-01
8.2895970136e-01
8.2388903996e-01
8.1816026041e-01
8.1284579013e-01
8.0688491917e-01
8.0016657599e-01
7.9256627343e-01
7.8589504300e-01
7.7852329646e-01
7.7037375046e-01
7.6136500628e-01
7.5259139004e-01
7.4301550706e-01
7.3257690577e-01
7.2121631501e-01
7.0931015260e-01
6.9644348208e-01
6.8257594532e-01
6.6767600587e-01
6.5299786335e-01
6.3741910190e-01
6.2094814154e-01
6.0360881911e-01
5.8653332936e-01
5.6877608150e-01
5.5040527843e-01
5.3150744609e-01
5.1441355753e-01
4.9707455653e-01
4.7958753680e-01
4.6206001664e-01
4.4303570791e-01
4.2426401452e-01
4.0591370021e-01
3.8815707544e-01
3.7206786916e-01
3.5680537867e-01
3.4250473999e-01
3.2929205954e-01
3.1014884697e-01
2.9472539446e-01
2.8336074422e-01
2.7629285074e-01
2.7387580974e-01
2.7409470821e-01
2.7694710094e-01
2.8240023785e-01
2.8884922344e-01
2.9698937578e-01
3.0675087940e-01
3.1804719526e-01
3.2993142966e-01
3.4297402285e-01
3.5706510004e-01
3.7208447018e-01
3.8826575830e-01
4.0513841956e-01
4.2255469753e-01
4.4036630858e-01
4.5919699058e-01
4.7814011872e-01
4.9704703692e-01
5.1578139290e-01
5.3564048500e-01
5.5502472036e-01
5.7382302279e-01
5.9194566859e-01
6.1163388929e-01
6.3028926627e-01
6.4786825816e-01
6.6435177603e-01
6.8015884390e-01
6.9482994846e-01
7.0839951172e-01
7.2091294898e-01
7.3421123170e-01
7.4624542527e-01
7.5711258500e-01
7.6691120430e-01
7.7912917964e-01
7.8966822212e-01
7.9877115903e-01
8.0665789476e-01
8.1457311522e-01
8.2136911821e-01
8.2727233299e-01
8.3247120843e-01
8.3689580541e-01
8.4093170175e-01
8.4466437729e-01
8.4815993920e-01
8.5141689578e-01
8.5452212715e-01
8.5749224587e-01
8.6032954558e-01
8.6265311320e-01
8.6485289087e-01
8.6690275944e-01
8.6876634131e-01
8.7028195752e-01
8.7154985572e-01
8.7251095963e-01
8.7309326891e-01
8.7320645319e-01
8.7272113090e-01
8.7150344481e-01
8.6939391226e-01
8.6689495100e-01
8.6356649749e-01
8.5927506316e-01
8.5386959962e-01
8.4859671805e-01
8.4239520628e-01
8.3515879725e-01
8.2677284909e-01
8.1888479011e-01
8.1005413372e-01
8.0020486708e-01
7.8925883002e-01
7.7844906739e-01
7.6663692618e-01
7.5376632934e-01
7.3978348992e-01
7.2449024339e-01
7.0796667715e-01
6.9017486368e-01
6.7108728571e-01
6.5307607612e-01
6.3403598970e-01
6.1397951895e-01
5.9293288924e-01
5.7250228394e-01
5.5129767091e-01
5.2937990874e-01
5.0682438978e-01
4.8670934018e-01
4.6624688607e-01
4.4551404581e-01
4.2459517779e-01
4.0050097142e-01
3.7642651765e-01
3.5252153311e-01
3.2893699635e-01
3.0911756000e-01
2.8973053639e-01
2.7085878224e-01
2.5257756627e-01
2.3313589880e-01
2.1457152008e-01
1.9694295813e-01
1.8029209995e-01
1.6201511873e-01
1.4513561983e-01
1.2964164309e-01
1.1549904903e-01
1.0343632411e-01
9.2458809886e-02
8.2505628165e-02
7.3511131828e-02
6.3679356020e-02
5.5062611739e-02
4.7536910156e-02
4.0983800693e-02
3.3428333534e-02
2.7216788662e-02
2.2127000603e-02
1.7967473288e-02
1.4271982798e-02
1.1326068081e-02
8.9815358351e-03
7.1179778771e-03
5.3960502203e-03
4.0887942611e-03
3.0970534886e-03
2.3450407935e-03
1.5993313418e-03
1.0907145399e-03
7.4370332867e-04
5.0685959830e-04
2.6783458923e-04
1.4196739792e-04
7.5240409413e-05
3.9694405934e-05
1.1298649268e-05
3.5301887028e-06
1.0838827533e-06
3.2506922713e-07
9.2560092449e-08
2.9128092801e-08
9.6251502439e-09
5.3185776138e-09
