3.1392084722e-01
3.1392084719e-01
3.1392084711e-01
3.1392084697e-01
3.1392084679e-01
3.1392084655e-01
3.1392084627e-01
3.1392084594e-01
3.1392084555e-01
3.1392084513e-01
3.1392084466e-01
3.1392084414e-01
3.1392084358e-01
3.1392084298e-01
3.1392084233e-01
3.1392084163e-01
3.1392084090e-01
3.1392084012e-01
3.1392083930e-01
3.1392083844e-01
3.1392083754e-01
3.1392083659e-01
3.1392083561e-01
3.1392083459e-01
3.1392083352e-01
3.1392083242e-01
3.1392083127e-01
3.1392083009e-01
3.1392082887e-01
3.1392082761e-01
3.1392082632e-01
3.1392082498e-01
3.1392082361e-01
3.1392082220e-01
3.1392082076e-01
3.1392081927e-01
3.1392081776e-01
3.1392081620e-01
3.1392081461e-01
3.1392081298e-01
3.1392081132e-01
3.1392080962e-01
3.1392080789e-01
3.1392080612e-01
3.1392080433e-01
3.1392080248e-01
3.1392080061e-01
3.1392079871e-01
3.1392079678e-01
3.1392079479e-01
3.1392079278e-01
3.1392079075e-01
3.1392078868e-01
3.1392078656e-01
3.1392078441e-01
3.1392078224e-01
3.1392078004e-01
3.1392077777e-01
3.1392077547e-01
3.1392077316e-01
3.1392077082e-01
3.1392076838e-01
3.1392076592e-01
3.1392076345e-01
3.1392076096e-01
3.1392075830e-01
3.1392075563e-01
3.1392075295e-01
3.1392075026e-01
3.1392074720e-01
3.1392074413e-01
3.1392074105e-01
3.1392073796e-01
3.1392073497e-01
3.1392073198e-01
3.1392072899e-01
3.1392072600e-01
3.1392072330e-01
3.1392072060e-01
3.1392071790e-01
3.1392071521e-01
3.1392071265e-01
3.1392071011e-01
3.1392070757e-01
3.1392070505e-01
3.1392070261e-01
3.1392070019e-01
3.1392069778e-01
3.1392069539e-01
3.1392069307e-01
3.1392069076e-01
3.1392068847e-01
3.1392068620e-01
3.1392068398e-01
3.1392068179e-01
3.1392067961e-01
3.1392067746e-01
3.1392067536e-01
3.1392067328e-01
3.1392067122e-01
3.1392066919e-01
3.1392066720e-01
3.1392066523e-01
3.1392066330e-01
3.1392066139e-01
3.1392065952e-01
3.1392065768e-01
3.1392065587e-01
3.1392065408e-01
3.1392065234e-01
3.1392065063e-01
3.1392064895e-01
3.1392064730e-01
3.1392064568e-01
3.1392064411e-01
3.1392064256e-01
3.1392064105e-01
3.1392063957e-01
3.1392063813e-01
3.1392063673e-01
3.1392063536e-01
3.1392063403e-01
3.1392063274e-01
3.1392063149e-01
3.1392063027e-01
3.1392062909e-01
3.1392062795e-01
3.1392062685e-01
3.1392062579e-01
3.1392062477e-01
3.1392062379e-01
3.1392062285e-01
3.1392062195e-01
3.1392062109e-01
3.1392062028e-01
3.1392061951e-01
3.1392061879e-01
3.1392061810e-01
3.1392061746e-01
3.1392061687e-01
3.1392061632e-01
3.1392061582e-01
3.1392061536e-01
3.1392061496e-01
3.1392061461e-01
3.1392061429e-01
3.1392061404e-01
3.1392061384e-01
3.1392061371e-01
3.1392061363e-01
3.1392061361e-01
3.1392061365e-01
3.1392061374e-01
3.1392061389e-01
3.1392061409e-01
3.1392061434e-01
3.1392061464e-01
3.1392061499e-01
3.1392061538e-01
3.1392061582e-01
3.1392061631e-01
3.1392061685e-01
3.1392061743e-01
3.1392061805e-01
3.1392061873e-01
3.1392061944e-01
3.1392062019e-01
3.1392062100e-01
3.1392062184e-01
3.1392062272e-01
3.1392062365e-01
3.1392062462e-01
3.1392062563e-01
3.1392062667e-01
3.1392062776e-01
3.1392062889e-01
3.1392063006e-01
3.1392063126e-01
3.1392063251e-01
3.1392063379e-01
3.1392063511e-01
3.1392063647e-01
3.1392063787e-01
3.1392063930e-01
3.1392064077e-01
3.1392064228e-01
3.1392064382e-01
3.1392064540e-01
3.1392064701e-01
3.1392064866e-01
3.1392065034e-01
3.1392065206e-01
3.1392065380e-01
3.1392065559e-01
3.1392065741e-01
3.1392065926e-01
3.1392066113e-01
3.1392066306e-01
3.1392066501e-01
3.1392066699e-01
3.1392066899e-01
3.1392067105e-01
3.1392067313e-01
3.1392067523e-01
3.1392067736e-01
3.1392067955e-01
3.1392068176e-01
3.1392068400e-01
3.1392068625e-01
3.1392068857e-01
3.1392069092e-01
3.1392069328e-01
3.1392069566e-01
3.1392069813e-01
3.1392070062e-01
3.1392070312e-01
3.1392070564e-01
3.1392070830e-01
3.1392071098e-01
3.1392071366e-01
3.1392071636e-01
3.1392071938e-01
3.1392072241e-01
3.1392072544e-01
3.1392072848e-01
3.1392073148e-01
3.1392073449e-01
3.1392073749e-01
3.1392074049e-01
3.1392074319e-01
3.1392074588e-01
3.1392074857e-01
3.1392075124e-01
3.1392075377e-01
3.1392075628e-01
3.1392075879e-01
3.1392076127e-01
3.1392076367e-01
3.1392076606e-01
3.1392076842e-01
3.1392077077e-01
3.1392077305e-01
3.1392077531e-01
3.1392077755e-01
3.1392077977e-01
3.1392078193e-01
3.1392078407e-01
3.1392078619e-01
3.1392078828e-01
3.1392079032e-01
3.1392079234e-01
3.1392079433e-01
3.1392079629e-01
3.1392079821e-01
3.1392080010e-01
3.1392080196e-01
3.1392080380e-01
3.1392080559e-01
3.1392080735e-01
3.1392080908e-01
3.1392081078e-01
3.1392081245e-01
3.1392081407e-01
3.1392081567e-01
3.1392081723e-01
3.1392081876e-01
3.1392082025e-01
3.1392082170e-01
3.1392082312e-01
3.1392082451e-01
3.1392082586e-01
3.1392082717e-01
3.1392082844e-01
3.1392082968e-01
3.1392083087e-01
3.1392083203e-01
3.1392083315e-01
3.1392083424e-01
3.1392083528e-01
3.1392083628e-01
3.1392083724e-01
3.1392083817e-01
3.1392083905e-01
3.1392083989e-01
3.1392084068e-01
3.1392084144e-01
3.1392084215e-01
3.1392084282e-01
3.1392084344e-01
3.1392084403e-01
3.1392084456e-01
3.1392084505e-01
3.1392084549e-01
3.1392084589e-01
3.1392084624e-01
3.1392084654e-01
3.1392084678e-01
3.1392084697e-01
3.1392084711e-01
3.1392084719e-01
3.1392084722e-01
