2.0581889626e-02
2.0930075907e-02
2.1985450700e-02
2.3780708357e-02
2.6370835828e-02
2.8689377313e-02
3.1465511545e-02
3.4738156100e-02
3.8551976836e-02
4.2111940613e-02
4.6098732072e-02
5.0545276940e-02
5.5486792862e-02
6.0411054527e-02
6.5799147277e-02
7.1680839273e-02
7.8086530883e-02
8.5122167914e-02
9.2755537984e-02
1.0101729823e-01
1.0993667486e-01
1.1945815342e-01
1.2967661846e-01
1.4061184997e-01
1.5227901809e-01
1.6338522941e-01
1.7509200485e-01
1.8739739428e-01
2.0029443809e-01
2.1279075374e-01
2.2577263017e-01
2.3922168046e-01
2.5311531275e-01
2.6847950593e-01
2.8428632062e-01
3.0049308745e-01
3.1705295484e-01
3.3384399458e-01
3.5088261803e-01
3.6811440771e-01
3.8548383625e-01
4.0232488591e-01
4.1919230217e-01
4.3603739581e-01
4.5281307738e-01
4.7308607423e-01
4.9311319545e-01
5.1282454967e-01
5.3215711611e-01
5.5139940702e-01
5.7013984233e-01
5.8833511651e-01
6.0594945894e-01
6.2508129767e-01
6.4340732233e-01
6.6090639344e-01
6.7756607072e-01
6.9275348307e-01
7.0716557667e-01
7.2080844458e-01
7.3369209378e-01
7.4683748809e-01
7.5912364052e-01
7.7057338002e-01
7.8121137409e-01
7.9240649242e-01
8.0261487819e-01
8.1187580308e-01
8.2022770486e-01
8.2906386894e-01
8.3671477026e-01
8.4323420670e-01
8.4867002053e-01
8.5396727250e-01
8.5772485005e-01
8.5998911478e-01
8.6078856326e-01
8.6033782541e-01
8.5886077103e-01
8.5634455529e-01
8.5276741858e-01
8.4876738968e-01
8.4391547872e-01
8.3818163089e-01
8.3153136260e-01
8.2502326301e-01
8.1777631053e-01
8.0976168029e-01
8.0094911156e-01
7.9232870257e-01
7.8301632909e-01
7.7298889085e-01
7.6222366965e-01
7.5122509353e-01
7.3951457337e-01
7.2707578883e-01
7.1389459769e-01
6.9791607531e-01
6.8094275603e-01
6.6297061407e-01
6.4400448341e-01
6.2841282103e-01
6.1222909140e-01
5.9547102840e-01
5.7816196184e-01
5.6167281015e-01
5.4476469214e-01
5.2747065713e-01
5.0982873845e-01
4.9368941167e-01
4.7733791664e-01
4.6081214566e-01
4.4415288400e-01
4.2589477808e-01
4.0758901636e-01
3.8929733938e-01
3.7108318241e-01
3.5427062433e-01
3.3763232075e-01
3.2121895806e-01
3.0507963908e-01
2.8966554812e-01
2.7459662299e-01
2.5991025884e-01
2.4564022330e-01
2.3078694750e-01
2.1648152550e-01
2.0274959627e-01
1.8961083507e-01
1.7267117648e-01
1.5687785204e-01
1.4223118340e-01
1.2871584014e-01
1.1877391244e-01
1.0950779688e-01
1.0089496861e-01
9.2910297106e-02
8.5032521326e-02
7.7808125606e-02
7.1201725904e-02
6.5177828939e-02
5.8362607927e-02
5.2348907354e-02
4.7072596866e-02
4.2473969275e-02
3.6269682081e-02
3.1527885981e-02
2.8081536184e-02
2.5804641750e-02
2.4581829863e-02
2.4496250569e-02
2.5544291549e-02
2.7769719135e-02
2.9711430533e-02
3.2139597945e-02
3.5089041545e-02
3.8601056561e-02
4.1906901272e-02
4.5645617507e-02
4.9848749059e-02
5.4550393093e-02
5.9236938142e-02
6.4384580131e-02
7.0022438708e-02
7.6180463002e-02
8.2890235404e-02
9.0181333438e-02
9.8083770943e-02
1.0662647864e-01
1.1596769272e-01
1.2602054081e-01
1.3680712333e-01
1.4834504479e-01
1.5919666987e-01
1.7065115083e-01
1.8270833304e-01
1.9536319977e-01
2.0765731472e-01
2.2044686610e-01
2.3371510248e-01
2.4744101763e-01
2.6251970455e-01
2.7805253431e-01
2.9399931400e-01
3.1031553190e-01
3.2707775569e-01
3.4411343498e-01
3.6136782338e-01
3.7878469688e-01
3.9559443498e-01
4.1245125355e-01
4.2930591446e-01
4.4611056332e-01
4.6606438753e-01
4.8580720216e-01
5.0527066183e-01
5.2439262790e-01
5.4372834147e-01
5.6258683317e-01
5.8092223912e-01
5.9869621769e-01
6.1807334634e-01
6.3665895852e-01
6.5442850740e-01
6.7136647697e-01
6.8690602375e-01
7.0166457132e-01
7.1564649319e-01
7.2886042978e-01
7.4227146387e-01
7.5482148671e-01
7.6653225534e-01
7.7742760864e-01
7.8889999757e-01
7.9938151936e-01
8.0891100921e-01
8.1752672152e-01
8.2662684572e-01
8.3454763567e-01
8.4134282538e-01
8.4706060165e-01
8.5271357376e-01
8.5684196954e-01
8.5949497242e-01
8.6070467719e-01
8.6060648091e-01
8.5946487851e-01
8.5726944702e-01
8.5400046850e-01
8.5027225008e-01
8.4568994144e-01
8.4022434196e-01
8.3384160774e-01
8.2755579486e-01
8.2052909899e-01
8.1273253293e-01
8.0413549609e-01
7.9573426908e-01
7.8664262715e-01
7.7683703640e-01
7.6629419318e-01
7.5554819018e-01
7.4409444060e-01
7.3191583125e-01
7.1899722329e-01
7.0273831465e-01
6.8541077698e-01
6.6700766233e-01
6.4753181891e-01
6.3221824485e-01
6.1631935867e-01
5.9985112071e-01
5.8283477615e-01
5.6634635580e-01
5.4942376942e-01
5.3209936262e-01
5.1441058901e-01
4.9834178628e-01
4.8205015486e-01
4.6557262291e-01
4.4894907172e-01
4.3095874890e-01
4.1290492311e-01
3.9484615773e-01
3.7684285524e-01
3.5985938655e-01
3.4303406295e-01
3.2641894388e-01
3.1006470977e-01
2.9457412994e-01
2.7941304342e-01
2.6461962527e-01
2.5022859795e-01
2.3521880302e-01
2.2074443729e-01
2.0683283038e-01
1.9350538627e-01
1.7692210975e-01
1.6139173340e-01
1.4691878233e-01
1.3349377625e-01
1.2320191658e-01
1.1359002863e-01
1.0463709322e-01
9.6319101985e-02
8.8191573312e-02
8.0710539047e-02
7.3842016352e-02
6.7551552921e-02
6.0672952655e-02
5.4528893242e-02
4.9062436995e-02
4.4219677804e-02
3.8118410922e-02
3.3116456424e-02
2.9088726352e-02
2.5930279424e-02
2.3541056430e-02
2.1881509164e-02
2.0904473819e-02
2.0581891174e-02
