2.5189888765e-01
2.5209150179e-01
2.5266963869e-01
2.5363418249e-01
2.5498660838e-01
2.5585846714e-01
2.5683954803e-01
2.5793026989e-01
2.5913109832e-01
2.5994966345e-01
2.6081282958e-01
2.6172074482e-01
2.6267356493e-01
2.6337526434e-01
2.6409960639e-01
2.6484665333e-01
2.6561646939e-01
2.6621345528e-01
2.6682351521e-01
2.6744667914e-01
2.6808297769e-01
2.6859699783e-01
2.6911931562e-01
2.6964994721e-01
2.7018890897e-01
2.7064522563e-01
2.7110736891e-01
2.7157534873e-01
2.7204917513e-01
2.7246947202e-01
2.7289427892e-01
2.7332360277e-01
2.7375745056e-01
2.7422392421e-01
2.7469553317e-01
2.7517228572e-01
2.7565418998e-01
2.7601695751e-01
2.7638259797e-01
2.7675111414e-01
2.7712250847e-01
2.7742437023e-01
2.7772810902e-01
2.7803372522e-01
2.7834121878e-01
2.7860629525e-01
2.7887274991e-01
2.7914058148e-01
2.7940978808e-01
2.7966857728e-01
2.7992861929e-01
2.8018991031e-01
2.8045244554e-01
2.8073535265e-01
2.8101967465e-01
2.8130540032e-01
2.8159251602e-01
2.8183883305e-01
2.8208614000e-01
2.8233442279e-01
2.8258366518e-01
2.8281448101e-01
2.8304608161e-01
2.8327844848e-01
2.8351156106e-01
2.8376490886e-01
2.8401907304e-01
2.8427401831e-01
2.8452970605e-01
2.8477606587e-01
2.8502303235e-01
2.8527056249e-01
2.8551861056e-01
2.8576875853e-01
2.8601933046e-01
2.8627027222e-01
2.8652152760e-01
2.8680817101e-01
2.8709505770e-01
2.8738209702e-01
2.8766919672e-01
2.8800965777e-01
2.8834991559e-01
2.8868981366e-01
2.8902919665e-01
2.8935652828e-01
2.8968310064e-01
2.9000878196e-01
2.9033344451e-01
2.9067271549e-01
2.9101059416e-01
2.9134695069e-01
2.9168166184e-01
2.9205252724e-01
2.9242105469e-01
2.9278710402e-01
2.9315054565e-01
2.9360151862e-01
2.9404801045e-01
2.9448983351e-01
2.9492682269e-01
2.9544542326e-01
2.9595662246e-01
2.9646024541e-01
2.9695615130e-01
2.9753282529e-01
2.9809840903e-01
2.9865281614e-01
2.9919600090e-01
2.9971640870e-01
3.0022608886e-01
3.0072508245e-01
3.0121345046e-01
3.0173665420e-01
3.0224730714e-01
3.0274554780e-01
3.0323152835e-01
3.0377404029e-01
3.0430089956e-01
3.0481237760e-01
3.0530875415e-01
3.0588330097e-01
3.0643712786e-01
3.0697073422e-01
3.0748461991e-01
3.0810903863e-01
3.0870351812e-01
3.0926905079e-01
3.0980661129e-01
3.1048774336e-01
3.1112218362e-01
3.1171212720e-01
3.1225969609e-01
3.1286010819e-01
3.1340651741e-01
3.1390212732e-01
3.1435000607e-01
3.1475423513e-01
3.1511623102e-01
3.1543869339e-01
3.1572418730e-01
3.1593824387e-01
3.1612905757e-01
3.1629792666e-01
3.1644606374e-01
3.1657774241e-01
3.1668985887e-01
3.1678339717e-01
3.1685921356e-01
3.1691790520e-01
3.1696025066e-01
3.1698667233e-01
3.1699743828e-01
3.1699315024e-01
3.1697449969e-01
3.1694131134e-01
3.1689327738e-01
3.1682724506e-01
3.1674411403e-01
3.1664311655e-01
3.1652335548e-01
3.1637098670e-01
3.1619387207e-01
3.1599041803e-01
3.1575889878e-01
3.1547379704e-01
3.1515096439e-01
3.1478774033e-01
3.1438132140e-01
3.1398359894e-01
3.1354767661e-01
3.1307134292e-01
3.1255229842e-01
3.1212214943e-01
3.1166414941e-01
3.1117713758e-01
3.1065991935e-01
3.1022279896e-01
3.0976484300e-01
3.0928538956e-01
3.0878376347e-01
3.0834473429e-01
3.0788915898e-01
3.0741661841e-01
3.0692668928e-01
3.0648852025e-01
3.0603674300e-01
3.0557108056e-01
3.0509125717e-01
3.0465304887e-01
3.0420326799e-01
3.0374172965e-01
3.0326825412e-01
3.0282330107e-01
3.0236803096e-01
3.0190232403e-01
3.0142606977e-01
3.0094674781e-01
3.0045702201e-01
2.9995682520e-01
2.9944610799e-01
2.9896690840e-01
2.9847877476e-01
2.9798172330e-01
2.9747579347e-01
2.9701431145e-01
2.9654580126e-01
2.9607035277e-01
2.9558808011e-01
2.9521070653e-01
2.9482941596e-01
2.9444429664e-01
2.9405544886e-01
2.9371427152e-01
2.9337044106e-01
2.9302404814e-01
2.9267519180e-01
2.9235314288e-01
2.9202920150e-01
2.9170346353e-01
2.9137603121e-01
2.9105374868e-01
2.9073005242e-01
2.9040505597e-01
2.9007887832e-01
2.8975716315e-01
2.8943454865e-01
2.8911116124e-01
2.8878713077e-01
2.8850182709e-01
2.8821622057e-01
2.8793040364e-01
2.8764446916e-01
2.8739025105e-01
2.8713607821e-01
2.8688201480e-01
2.8662812400e-01
2.8637984221e-01
2.8613184185e-01
2.8588417792e-01
2.8563690353e-01
2.8537070304e-01
2.8510507591e-01
2.8484007971e-01
2.8457576845e-01
2.8433983470e-01
2.8410452346e-01
2.8386986580e-01
2.8363589037e-01
2.8338134401e-01
2.8312767242e-01
2.8287490338e-01
2.8262306167e-01
2.8232453894e-01
2.8202739305e-01
2.8173165134e-01
2.8143733688e-01
2.8117019476e-01
2.8090426783e-01
2.8063956625e-01
2.8037609842e-01
2.8009244719e-01
2.7981025516e-01
2.7952952785e-01
2.7925026954e-01
2.7887852114e-01
2.7850941937e-01
2.7814296747e-01
2.7777916705e-01
2.7723159224e-01
2.7669013392e-01
2.7615478621e-01
2.7562554113e-01
2.7517138555e-01
2.7472180846e-01
2.7427680305e-01
2.7383636240e-01
2.7332920973e-01
2.7282822655e-01
2.7233340177e-01
2.7184472432e-01
2.7122991871e-01
2.7062508704e-01
2.7003020711e-01
2.6944525708e-01
2.6862071374e-01
2.6781663443e-01
2.6703295789e-01
2.6626962444e-01
2.6498652202e-01
2.6376485500e-01
2.6260434015e-01
2.6150470840e-01
2.5924285262e-01
2.5728790793e-01
2.5563755980e-01
2.5428985437e-01
2.5324287758e-01
2.5249592177e-01
2.5204810196e-01
2.5189888760e-01
