2.8797623822e-01
2.8797832815e-01
2.8798459778e-01
2.8799504652e-01
2.8800967331e-01
2.8802235281e-01
2.8803706476e-01
2.8805380807e-01
2.8807258131e-01
2.8808945910e-01
2.8810769469e-01
2.8812728650e-01
2.8814823256e-01
2.8816833173e-01
2.8818953359e-01
2.8821183556e-01
2.8823523460e-01
2.8825998699e-01
2.8828585118e-01
2.8831282188e-01
2.8834089284e-01
2.8836981009e-01
2.8839979380e-01
2.8843083414e-01
2.8846291973e-01
2.8849260510e-01
2.8852311144e-01
2.8855442639e-01
2.8858653605e-01
2.8861705347e-01
2.8864822895e-01
2.8868004718e-01
2.8871249132e-01
2.8874796148e-01
2.8878410554e-01
2.8882089642e-01
2.8885830473e-01
2.8889613777e-01
2.8893451803e-01
2.8897340965e-01
2.8901277454e-01
2.8905117590e-01
2.8908994256e-01
2.8912903483e-01
2.8916841144e-01
2.8921669189e-01
2.8926525090e-01
2.8931400624e-01
2.8936287366e-01
2.8941266924e-01
2.8946240007e-01
2.8951197350e-01
2.8956129661e-01
2.8961650369e-01
2.8967114238e-01
2.8972508239e-01
2.8977819575e-01
2.8982825153e-01
2.8987732419e-01
2.8992530964e-01
2.8997210738e-01
2.9002146506e-01
2.9006918998e-01
2.9011516961e-01
2.9015929740e-01
2.9020732517e-01
2.9025266417e-01
2.9029518510e-01
2.9033476918e-01
2.9037805172e-01
2.9041682503e-01
2.9045094469e-01
2.9048028657e-01
2.9050988308e-01
2.9053181582e-01
2.9054597266e-01
2.9055228583e-01
2.9055151457e-01
2.9054521958e-01
2.9053343198e-01
2.9051620472e-01
2.9049684322e-01
2.9047348146e-01
2.9044619571e-01
2.9041507550e-01
2.9038520274e-01
2.9035262316e-01
2.9031741912e-01
2.9027968088e-01
2.9024370912e-01
2.9020584910e-01
2.9016618271e-01
2.9012479701e-01
2.9008372068e-01
2.9004124294e-01
2.8999745277e-01
2.8995244318e-01
2.8989966480e-01
2.8984557201e-01
2.8979032042e-01
2.8973407065e-01
2.8968927615e-01
2.8964404851e-01
2.8959847019e-01
2.8955262428e-01
2.8951001768e-01
2.8946731944e-01
2.8942459538e-01
2.8938191076e-01
2.8934358245e-01
2.8930538444e-01
2.8926736198e-01
2.8922955926e-01
2.8918865838e-01
2.8914812333e-01
2.8910800576e-01
2.8906835500e-01
2.8903194132e-01
2.8899600761e-01
2.8896058757e-01
2.8892571285e-01
2.8889229182e-01
2.8885944182e-01
2.8882718645e-01
2.8879554750e-01
2.8876222046e-01
2.8872965273e-01
2.8869786487e-01
2.8866687534e-01
2.8862592551e-01
2.8858652786e-01
2.8854871348e-01
2.8851250849e-01
2.8848492871e-01
2.8845838609e-01
2.8843288854e-01
2.8840844284e-01
2.8838346009e-01
2.8835969388e-01
2.8833714920e-01
2.8831583025e-01
2.8829071750e-01
2.8826756200e-01
2.8824636821e-01
2.8822713958e-01
2.8819991903e-01
2.8817797674e-01
2.8816131835e-01
2.8814994739e-01
2.8814371120e-01
2.8814327120e-01
2.8814862747e-01
2.8815977902e-01
2.8816927626e-01
2.8818086837e-01
2.8819455436e-01
2.8821033287e-01
2.8822471533e-01
2.8824048099e-01
2.8825762834e-01
2.8827615551e-01
2.8829400312e-01
2.8831296396e-01
2.8833303560e-01
2.8835421514e-01
2.8837650285e-01
2.8839989128e-01
2.8842437559e-01
2.8844995004e-01
2.8847698081e-01
2.8850511662e-01
2.8853434779e-01
2.8856466301e-01
2.8859239561e-01
2.8862095719e-01
2.8865033592e-01
2.8868051847e-01
2.8870929089e-01
2.8873873192e-01
2.8876882670e-01
2.8879955891e-01
2.8883293803e-01
2.8886699489e-01
2.8890170370e-01
2.8893703646e-01
2.8897323230e-01
2.8900999733e-01
2.8904729592e-01
2.8908509008e-01
2.8912177845e-01
2.8915884861e-01
2.8919626146e-01
2.8923397625e-01
2.8927938676e-01
2.8932509347e-01
2.8937101930e-01
2.8941708517e-01
2.8946473301e-01
2.8951235366e-01
2.8955985580e-01
2.8960714765e-01
2.8966023856e-01
2.8971281156e-01
2.8976473624e-01
2.8981588429e-01
2.8986435606e-01
2.8991187888e-01
2.8995834615e-01
2.9000365477e-01
2.9005113072e-01
2.9009702254e-01
2.9014121642e-01
2.9018360444e-01
2.9022965155e-01
2.9027307133e-01
2.9031373241e-01
2.9035151381e-01
2.9039250926e-01
2.9042911693e-01
2.9046119020e-01
2.9048860216e-01
2.9051594412e-01
2.9053580003e-01
2.9054804905e-01
2.9055261322e-01
2.9055039756e-01
2.9054254880e-01
2.9052909143e-01
2.9051007249e-01
2.9048911846e-01
2.9046408965e-01
2.9043505909e-01
2.9040211337e-01
2.9037055586e-01
2.9033622090e-01
2.9029918983e-01
2.9025955206e-01
2.9022193656e-01
2.9018238584e-01
2.9014098087e-01
2.9009780794e-01
2.9005513473e-01
2.9001102468e-01
2.8996556549e-01
2.8991884889e-01
2.8986207855e-01
2.8980384710e-01
2.8974432640e-01
2.8968369426e-01
2.8963756840e-01
2.8959099837e-01
2.8954406407e-01
2.8949684613e-01
2.8945222885e-01
2.8940749971e-01
2.8936272599e-01
2.8931797448e-01
2.8927808548e-01
2.8923831307e-01
2.8919870263e-01
2.8915929854e-01
2.8911720492e-01
2.8907545186e-01
2.8903408943e-01
2.8899316554e-01
2.8895476338e-01
2.8891683461e-01
2.8887941425e-01
2.8884253521e-01
2.8880748527e-01
2.8877299406e-01
2.8873908554e-01
2.8870578190e-01
2.8867062304e-01
2.8863621230e-01
2.8860257077e-01
2.8856971741e-01
2.8852781472e-01
2.8848733312e-01
2.8844830149e-01
2.8841074435e-01
2.8838091372e-01
2.8835210854e-01
2.8832433726e-01
2.8829760713e-01
2.8827050393e-01
2.8824457599e-01
2.8821982850e-01
2.8819626582e-01
2.8816938061e-01
2.8814423576e-01
2.8812083549e-01
2.8809918312e-01
2.8807048455e-01
2.8804558859e-01
2.8802449971e-01
2.8800722099e-01
2.8799366694e-01
2.8798398460e-01
2.8797817487e-01
2.8797623824e-01
