2.5954491362e-01
2.5969447730e-01
2.6014334066e-01
2.6089202104e-01
2.6194138133e-01
2.6263789993e-01
2.6342374248e-01
2.6429917626e-01
2.6526449901e-01
2.6594225493e-01
2.6665843794e-01
2.6741315153e-01
2.6820650475e-01
2.6879233812e-01
2.6939768669e-01
2.7002259442e-01
2.7066710668e-01
2.7117142673e-01
2.7168717896e-01
2.7221438511e-01
2.7275306739e-01
2.7320083095e-01
2.7365625274e-01
2.7411934550e-01
2.7459012214e-01
2.7501430825e-01
2.7544456403e-01
2.7588089878e-01
2.7632332178e-01
2.7674072617e-01
2.7716342366e-01
2.7759142132e-01
2.7802472575e-01
2.7836274666e-01
2.7870393383e-01
2.7904828896e-01
2.7939581294e-01
2.7967431409e-01
2.7995481660e-01
2.8023731897e-01
2.8052181869e-01
2.8079156786e-01
2.8106308089e-01
2.8133635197e-01
2.8161137348e-01
2.8189422458e-01
2.8217888016e-01
2.8246532341e-01
2.8275353337e-01
2.8302352311e-01
2.8329499788e-01
2.8356792768e-01
2.8384227715e-01
2.8409143161e-01
2.8434167716e-01
2.8459297417e-01
2.8484527812e-01
2.8511598496e-01
2.8538771831e-01
2.8566040439e-01
2.8593396276e-01
2.8619992354e-01
2.8646653779e-01
2.8673371580e-01
2.8700136332e-01
2.8731203934e-01
2.8762305540e-01
2.8793424832e-01
2.8824545162e-01
2.8863117771e-01
2.8901633852e-01
2.8940061472e-01
2.8978369287e-01
2.9013670193e-01
2.9048819237e-01
2.9083794118e-01
2.9118573596e-01
2.9157927204e-01
2.9196973379e-01
2.9235686339e-01
2.9274042357e-01
2.9325738688e-01
2.9376681985e-01
2.9426829698e-01
2.9476145376e-01
2.9534258514e-01
2.9591082519e-01
2.9646583074e-01
2.9700734124e-01
2.9756193276e-01
2.9810125160e-01
2.9862521336e-01
2.9913378647e-01
2.9966798330e-01
3.0018415790e-01
3.0068241285e-01
3.0116288239e-01
3.0170210663e-01
3.0221754069e-01
3.0270949503e-01
3.0317829724e-01
3.0371934681e-01
3.0422706940e-01
3.0470209167e-01
3.0514503614e-01
3.0557067573e-01
3.0596322654e-01
3.0632334402e-01
3.0665167148e-01
3.0693826434e-01
3.0719655366e-01
3.0742710446e-01
3.0763049269e-01
3.0778983580e-01
3.0792838572e-01
3.0804661972e-01
3.0814505428e-01
3.0821173177e-01
3.0826567729e-01
3.0830727508e-01
3.0833695015e-01
3.0835244378e-01
3.0836084703e-01
3.0836245205e-01
3.0835757765e-01
3.0834776065e-01
3.0833311695e-01
3.0831395609e-01
3.0829061094e-01
3.0826022958e-01
3.0822565473e-01
3.0818744456e-01
3.0814619097e-01
3.0811234651e-01
3.0807733866e-01
3.0804148109e-01
3.0800509350e-01
3.0797197280e-01
3.0793892365e-01
3.0790618561e-01
3.0787399537e-01
3.0783901220e-01
3.0780531201e-01
3.0777319348e-01
3.0774293887e-01
3.0771748712e-01
3.0769394140e-01
3.0767246417e-01
3.0765320181e-01
3.0763236950e-01
3.0761544146e-01
3.0760259145e-01
3.0759394967e-01
3.0758974169e-01
3.0758936535e-01
3.0759282394e-01
3.0760008706e-01
3.0760912337e-01
3.0762076326e-01
3.0763493221e-01
3.0765153854e-01
3.0767244091e-01
3.0769598066e-01
3.0772196668e-01
3.0775018509e-01
3.0777773642e-01
3.0780676275e-01
3.0783705761e-01
3.0786840390e-01
3.0790381525e-01
3.0793991379e-01
3.0797638207e-01
3.0801289846e-01
3.0805854737e-01
3.0810311396e-01
3.0814596619e-01
3.0818649073e-01
3.0822154246e-01
3.0825362490e-01
3.0828231078e-01
3.0830719728e-01
3.0833084649e-01
3.0834830499e-01
3.0835906723e-01
3.0836267056e-01
3.0835520194e-01
3.0833249673e-01
3.0829369602e-01
3.0823804324e-01
3.0814928960e-01
3.0803491677e-01
3.0789405263e-01
3.0772591299e-01
3.0753051638e-01
3.0730665623e-01
3.0705369533e-01
3.0677101361e-01
3.0645241083e-01
3.0610178821e-01
3.0571849185e-01
3.0530185644e-01
3.0493358392e-01
3.0454189776e-01
3.0412640691e-01
3.0368671624e-01
3.0328801962e-01
3.0287079646e-01
3.0243479633e-01
3.0197977463e-01
3.0155578837e-01
3.0111618610e-01
3.0066081941e-01
3.0018955541e-01
2.9969990033e-01
2.9919399071e-01
2.9867176932e-01
2.9813321862e-01
2.9766287056e-01
2.9718080829e-01
2.9668711911e-01
2.9618193199e-01
2.9575218332e-01
2.9531469909e-01
2.9486964040e-01
2.9441720129e-01
2.9404872396e-01
2.9367577313e-01
2.9329850379e-01
2.9291708956e-01
2.9257526890e-01
2.9223048363e-01
2.9188289509e-01
2.9153267780e-01
2.9119080354e-01
2.9084681782e-01
2.9050091499e-01
2.9015330030e-01
2.8982865081e-01
2.8950288741e-01
2.8917619668e-01
2.8884877018e-01
2.8854089977e-01
2.8823271676e-01
2.8792438538e-01
2.8761606932e-01
2.8735516535e-01
2.8709448502e-01
2.8683412259e-01
2.8657416951e-01
2.8627578761e-01
2.8597819151e-01
2.8568150125e-01
2.8538582856e-01
2.8513419482e-01
2.8488343715e-01
2.8463360930e-01
2.8438476006e-01
2.8411325510e-01
2.8384302914e-01
2.8357412711e-01
2.8330658797e-01
2.8299999719e-01
2.8269530374e-01
2.8239254301e-01
2.8209174366e-01
2.8180711974e-01
2.8152431133e-01
2.8124333091e-01
2.8096418820e-01
2.8062179130e-01
2.8028222208e-01
2.7994548743e-01
2.7961159172e-01
2.7914179857e-01
2.7867774974e-01
2.7821944339e-01
2.7776687504e-01
2.7729601848e-01
2.7683152257e-01
2.7637337818e-01
2.7592157573e-01
2.7538562866e-01
2.7485885661e-01
2.7434124237e-01
2.7383276890e-01
2.7313630642e-01
2.7245767763e-01
2.7179683829e-01
2.7115374528e-01
2.7008296927e-01
2.6906497295e-01
2.6809955738e-01
2.6718653391e-01
2.6538952950e-01
2.6383533378e-01
2.6252252474e-01
2.6144990125e-01
2.6061589657e-01
2.6002072429e-01
2.5966383894e-01
2.5954491348e-01
