2.7958803395e-01
2.7960785443e-01
2.7966731867e-01
2.7976643512e-01
2.7990521781e-01
2.8002780649e-01
2.8017039834e-01
2.8033300352e-01
2.8051563366e-01
2.8066870659e-01
2.8083348811e-01
2.8100998510e-01
2.8119820491e-01
2.8135948727e-01
2.8152849159e-01
2.8170522250e-01
2.8188968481e-01
2.8205357133e-01
2.8222311907e-01
2.8239833138e-01
2.8257921166e-01
2.8276000523e-01
2.8294613363e-01
2.8313759997e-01
2.8333440729e-01
2.8350075207e-01
2.8367073349e-01
2.8384435270e-01
2.8402161045e-01
2.8416639966e-01
2.8431352908e-01
2.8446299801e-01
2.8461480520e-01
2.8474407320e-01
2.8487498656e-01
2.8500754298e-01
2.8514173941e-01
2.8527122712e-01
2.8540219810e-01
2.8553464684e-01
2.8566856654e-01
2.8580729137e-01
2.8594754039e-01
2.8608930001e-01
2.8623255383e-01
2.8636200791e-01
2.8649262623e-01
2.8662438929e-01
2.8675727451e-01
2.8688067832e-01
2.8700498972e-01
2.8713018284e-01
2.8725622881e-01
2.8741271116e-01
2.8757037339e-01
2.8772914086e-01
2.8788893108e-01
2.8802370076e-01
2.8815906933e-01
2.8829497575e-01
2.8843135561e-01
2.8860858361e-01
2.8878633837e-01
2.8896445938e-01
2.8914278072e-01
2.8932255866e-01
2.8950219037e-01
2.8968149768e-01
2.8986030246e-01
2.9004100606e-01
2.9022082828e-01
2.9039959084e-01
2.9057712007e-01
2.9076197790e-01
2.9094510382e-01
2.9112631856e-01
2.9130545140e-01
2.9150679898e-01
2.9170500920e-01
2.9189987230e-01
2.9209119371e-01
2.9233925408e-01
2.9258038549e-01
2.9281425014e-01
2.9304055026e-01
2.9332652024e-01
2.9359842676e-01
2.9385585761e-01
2.9409848292e-01
2.9431412627e-01
2.9451612871e-01
2.9470437252e-01
2.9487878205e-01
2.9505220394e-01
2.9520932106e-01
2.9535018022e-01
2.9547487396e-01
2.9558120444e-01
2.9567241279e-01
2.9574871604e-01
2.9581037980e-01
2.9584948548e-01
2.9587956055e-01
2.9590082260e-01
2.9591351776e-01
2.9591768528e-01
2.9591673865e-01
2.9591084791e-01
2.9590019836e-01
2.9588678696e-01
2.9586987641e-01
2.9584963398e-01
2.9582623842e-01
2.9580208491e-01
2.9577557935e-01
2.9574688748e-01
2.9571618335e-01
2.9568150759e-01
2.9564498883e-01
2.9560686505e-01
2.9556738224e-01
2.9553369941e-01
2.9549940008e-01
2.9546463436e-01
2.9542955343e-01
2.9539826658e-01
2.9536695625e-01
2.9533572702e-01
2.9530468195e-01
2.9527439075e-01
2.9524447013e-01
2.9521501115e-01
2.9518610152e-01
2.9515756543e-01
2.9512975640e-01
2.9510275175e-01
2.9507662389e-01
2.9505219287e-01
2.9502870617e-01
2.9500621599e-01
2.9498477000e-01
2.9496234434e-01
2.9494129786e-01
2.9492167676e-01
2.9490352156e-01
2.9488591985e-01
2.9487004009e-01
2.9485591280e-01
2.9484356351e-01
2.9483357135e-01
2.9482519147e-01
2.9481843539e-01
2.9481331207e-01
2.9480980587e-01
2.9480797099e-01
2.9480780973e-01
2.9480932230e-01
2.9481258069e-01
2.9481756851e-01
2.9482427903e-01
2.9483270293e-01
2.9484268925e-01
2.9485431931e-01
2.9486757509e-01
2.9488243492e-01
2.9489811138e-01
2.9491520308e-01
2.9493367958e-01
2.9495350594e-01
2.9497323886e-01
2.9499408157e-01
2.9501599322e-01
2.9503892864e-01
2.9506450820e-01
2.9509113337e-01
2.9511873186e-01
2.9514722554e-01
2.9517498135e-01
2.9520339002e-01
2.9523237148e-01
2.9526184187e-01
2.9529593612e-01
2.9533041833e-01
2.9536515007e-01
2.9539998964e-01
2.9545028172e-01
2.9550005683e-01
2.9554887394e-01
2.9559629647e-01
2.9563284725e-01
2.9566802602e-01
2.9570162750e-01
2.9573345348e-01
2.9576589774e-01
2.9579577065e-01
2.9582284858e-01
2.9584692023e-01
2.9587177686e-01
2.9589159774e-01
2.9590607897e-01
2.9591494169e-01
2.9591753894e-01
2.9590881719e-01
2.9588828008e-01
2.9585549512e-01
2.9580619967e-01
2.9574194012e-01
2.9566238225e-01
2.9556724899e-01
2.9546403271e-01
2.9534686375e-01
2.9521563226e-01
2.9507026293e-01
2.9486379282e-01
2.9463415636e-01
2.9438145341e-01
2.9410589529e-01
2.9390161067e-01
2.9368665068e-01
2.9346120388e-01
2.9322549961e-01
2.9304516470e-01
2.9285952069e-01
2.9266871073e-01
2.9247289486e-01
2.9230118469e-01
2.9212604950e-01
2.9194762313e-01
2.9176605050e-01
2.9159798424e-01
2.9142756173e-01
2.9125491779e-01
2.9108019535e-01
2.9090509873e-01
2.9072826285e-01
2.9054984966e-01
2.9037002798e-01
2.9020182319e-01
2.9003269832e-01
2.8986280182e-01
2.8969228498e-01
2.8952885238e-01
2.8936512815e-01
2.8920124739e-01
2.8903734454e-01
2.8889631727e-01
2.8875545556e-01
2.8861484094e-01
2.8847455273e-01
2.8829755662e-01
2.8812135472e-01
2.8794608662e-01
2.8777188218e-01
2.8764306300e-01
2.8751494392e-01
2.8738756684e-01
2.8726097026e-01
2.8712217613e-01
2.8698441854e-01
2.8684773559e-01
2.8671216100e-01
2.8653991450e-01
2.8636959378e-01
2.8620124326e-01
2.8603489941e-01
2.8589687879e-01
2.8576030646e-01
2.8562519424e-01
2.8549155184e-01
2.8534200326e-01
2.8519435857e-01
2.8504862490e-01
2.8490480774e-01
2.8471739461e-01
2.8453335334e-01
2.8435268838e-01
2.8417540236e-01
2.8395320097e-01
2.8373654893e-01
2.8352544532e-01
2.8331988816e-01
2.8311403653e-01
2.8291405861e-01
2.8271995088e-01
2.8253170973e-01
2.8230926215e-01
2.8209559324e-01
2.8189069651e-01
2.8169456568e-01
2.8144105270e-01
2.8120383778e-01
2.8098290722e-01
2.8077824824e-01
2.8049914035e-01
2.8025732183e-01
2.8005276054e-01
2.7988542927e-01
2.7975530580e-01
2.7966237281e-01
2.7960661796e-01
2.7958803384e-01
