3.0234200403e-01
3.0234211887e-01
3.0234246335e-01
3.0234303732e-01
3.0234384053e-01
3.0234517821e-01
3.0234687829e-01
3.0234893961e-01
3.0235136077e-01
3.0235350074e-01
3.0235585827e-01
3.0235843239e-01
3.0236122199e-01
3.0236408075e-01
3.0236713315e-01
3.0237037802e-01
3.0237381410e-01
3.0237697415e-01
3.0238027840e-01
3.0238372586e-01
3.0238731548e-01
3.0239083829e-01
3.0239448618e-01
3.0239825815e-01
3.0240215315e-01
3.0240607183e-01
3.0241010561e-01
3.0241425341e-01
3.0241851413e-01
3.0242282025e-01
3.0242723368e-01
3.0243175323e-01
3.0243637772e-01
3.0244110390e-01
3.0244593241e-01
3.0245086197e-01
3.0245589122e-01
3.0246116618e-01
3.0246654362e-01
3.0247202198e-01
3.0247759966e-01
3.0248377322e-01
3.0249006005e-01
3.0249645794e-01
3.0250296464e-01
3.0250996339e-01
3.0251707855e-01
3.0252430726e-01
3.0253164664e-01
3.0253822239e-01
3.0254488017e-01
3.0255161788e-01
3.0255843338e-01
3.0256504901e-01
3.0257173240e-01
3.0257848158e-01
3.0258529454e-01
3.0259207591e-01
3.0259891541e-01
3.0260581106e-01
3.0261276083e-01
3.0261979548e-01
3.0262688063e-01
3.0263401420e-01
3.0264119406e-01
3.0264858468e-01
3.0265601922e-01
3.0266349537e-01
3.0267101080e-01
3.0267897453e-01
3.0268697656e-01
3.0269501411e-01
3.0270308438e-01
3.0271157809e-01
3.0272010146e-01
3.0272865122e-01
3.0273722411e-01
3.0274594519e-01
3.0275468329e-01
3.0276343500e-01
3.0277219687e-01
3.0278080275e-01
3.0278941188e-01
3.0279802100e-01
3.0280662689e-01
3.0281536774e-01
3.0282409854e-01
3.0283281589e-01
3.0284151644e-01
3.0285055540e-01
3.0285956875e-01
3.0286855274e-01
3.0287750364e-01
3.0288718926e-01
3.0289682672e-01
3.0290641136e-01
3.0291593853e-01
3.0292743755e-01
3.0293883669e-01
3.0295012789e-01
3.0296130320e-01
3.0297070300e-01
3.0298000873e-01
3.0298921572e-01
3.0299831937e-01
3.0300696280e-01
3.0301550273e-01
3.0302393530e-01
3.0303225667e-01
3.0304039712e-01
3.0304842087e-01
3.0305632437e-01
3.0306410416e-01
3.0307180191e-01
3.0307936764e-01
3.0308679803e-01
3.0309408982e-01
3.0310134919e-01
3.0310845913e-01
3.0311541649e-01
3.0312221816e-01
3.0312901260e-01
3.0313563781e-01
3.0314209075e-01
3.0314836848e-01
3.0315464809e-01
3.0316073576e-01
3.0316662859e-01
3.0317232376e-01
3.0317801710e-01
3.0318349213e-01
3.0318874607e-01
3.0319377624e-01
3.0319878913e-01
3.0320355232e-01
3.0320806320e-01
3.0321231931e-01
3.0321653318e-01
3.0322045801e-01
3.0322409143e-01
3.0322743125e-01
3.0323070760e-01
3.0323363654e-01
3.0323621603e-01
3.0323844428e-01
3.0324048741e-01
3.0324210213e-01
3.0324328709e-01
3.0324404129e-01
3.0324436180e-01
3.0324426820e-01
3.0324376055e-01
3.0324283927e-01
3.0324164785e-01
3.0324011818e-01
3.0323825128e-01
3.0323604839e-01
3.0323368013e-01
3.0323101943e-01
3.0322806782e-01
3.0322482705e-01
3.0322147530e-01
3.0321786503e-01
3.0321399819e-01
3.0320987684e-01
3.0320568317e-01
3.0320125909e-01
3.0319660680e-01
3.0319172861e-01
3.0318680290e-01
3.0318167088e-01
3.0317633496e-01
3.0317079767e-01
3.0316522455e-01
3.0315946611e-01
3.0315352496e-01
3.0314740377e-01
3.0314124508e-01
3.0313491948e-01
3.0312842973e-01
3.0312177868e-01
3.0311507210e-01
3.0310821471e-01
3.0310120947e-01
3.0309405940e-01
3.0308681118e-01
3.0307942602e-01
3.0307190711e-01
3.0306425772e-01
3.0305641696e-01
3.0304845044e-01
3.0304036171e-01
3.0303215439e-01
3.0302348053e-01
3.0301468619e-01
3.0300577569e-01
3.0299675345e-01
3.0298573659e-01
3.0297457189e-01
3.0296326747e-01
3.0295183160e-01
3.0294263415e-01
3.0293336295e-01
3.0292402235e-01
3.0291461677e-01
3.0290582665e-01
3.0289698792e-01
3.0288810420e-01
3.0287917917e-01
3.0287056917e-01
3.0286192773e-01
3.0285325818e-01
3.0284456384e-01
3.0283600464e-01
3.0282742795e-01
3.0281883700e-01
3.0281023499e-01
3.0280150642e-01
3.0279277316e-01
3.0278403861e-01
3.0277530614e-01
3.0276661406e-01
3.0275793075e-01
3.0274925956e-01
3.0274060385e-01
3.0273230830e-01
3.0272403307e-01
3.0271578111e-01
3.0270755535e-01
3.0269983223e-01
3.0269213742e-01
3.0268447337e-01
3.0267684249e-01
3.0266944388e-01
3.0266208125e-01
3.0265475683e-01
3.0264747280e-01
3.0264029077e-01
3.0263315273e-01
3.0262606078e-01
3.0261901699e-01
3.0261195644e-01
3.0260494919e-01
3.0259799733e-01
3.0259110291e-01
3.0258401115e-01
3.0257698572e-01
3.0257002884e-01
3.0256314271e-01
3.0255553014e-01
3.0254801173e-01
3.0254059043e-01
3.0253326913e-01
3.0252619928e-01
3.0251923070e-01
3.0251236595e-01
3.0250560756e-01
3.0249952748e-01
3.0249354013e-01
3.0248764731e-01
3.0248185082e-01
3.0247633807e-01
3.0247091859e-01
3.0246559389e-01
3.0246036545e-01
3.0245525991e-01
3.0245025250e-01
3.0244534457e-01
3.0244053746e-01
3.0243575064e-01
3.0243107088e-01
3.0242649944e-01
3.0242203760e-01
3.0241760759e-01
3.0241329374e-01
3.0240909725e-01
3.0240501930e-01
3.0240083250e-01
3.0239678110e-01
3.0239286636e-01
3.0238908946e-01
3.0238489079e-01
3.0238088010e-01
3.0237705899e-01
3.0237342900e-01
3.0236982009e-01
3.0236642562e-01
3.0236324709e-01
3.0236028585e-01
3.0235707319e-01
3.0235416671e-01
3.0235156816e-01
3.0234927907e-01
3.0234757289e-01
3.0234609335e-01
3.0234484109e-01
3.0234381663e-01
3.0234302387e-01
3.0234245737e-01
3.0234211738e-01
3.0234200403e-01
