0.0000000000e+00
1.8303290049e-02
3.6606580099e-02
5.4909870148e-02
7.3213160198e-02
8.2966948018e-02
9.2720735839e-02
1.0247452366e-01
1.1222831148e-01
1.1843376505e-01
1.2463921861e-01
1.3084467218e-01
1.3705012574e-01
1.4146181323e-01
1.4587350072e-01
1.5028518821e-01
1.5469687570e-01
1.5804196128e-01
1.6138704686e-01
1.6473213244e-01
1.6807721802e-01
1.7072299288e-01
1.7336876773e-01
1.7601454259e-01
1.7866031744e-01
1.8086425258e-01
1.8306818771e-01
1.8527212285e-01
1.8747605798e-01
1.8939712563e-01
1.9131819327e-01
1.9323926092e-01
1.9516032856e-01
1.9700505571e-01
1.9884978285e-01
2.0069451000e-01
2.0253923715e-01
2.0414908121e-01
2.0575892528e-01
2.0736876934e-01
2.0897861341e-01
2.1031133615e-01
2.1164405889e-01
2.1297678164e-01
2.1430950438e-01
2.1539693109e-01
2.1648435780e-01
2.1757178451e-01
2.1865921122e-01
2.1964803966e-01
2.2063686809e-01
2.2162569653e-01
2.2261452496e-01
2.2370338402e-01
2.2479224308e-01
2.2588110214e-01
2.2696996120e-01
2.2794163744e-01
2.2891331369e-01
2.2988498993e-01
2.3085666618e-01
2.3173994746e-01
2.3262322875e-01
2.3350651003e-01
2.3438979131e-01
2.3523369925e-01
2.3607760719e-01
2.3692151513e-01
2.3776542307e-01
2.3872905842e-01
2.3969269376e-01
2.4065632911e-01
2.4161996445e-01
2.4247832772e-01
2.4333669098e-01
2.4419505424e-01
2.4505341750e-01
2.4602754161e-01
2.4700166571e-01
2.4797578982e-01
2.4894991393e-01
2.4997947707e-01
2.5100904021e-01
2.5203860335e-01
2.5306816649e-01
2.5427119685e-01
2.5547422722e-01
2.5667725758e-01
2.5788028795e-01
2.5903124346e-01
2.6018219897e-01
2.6133315448e-01
2.6248410999e-01
2.6371995899e-01
2.6495580799e-01
2.6619165699e-01
2.6742750598e-01
2.6883833341e-01
2.7024916083e-01
2.7165998826e-01
2.7307081569e-01
2.7492643698e-01
2.7678205828e-01
2.7863767957e-01
2.8049330087e-01
2.8264705218e-01
2.8480080348e-01
2.8695455479e-01
2.8910830610e-01
2.9138503675e-01
2.9366176741e-01
2.9593849807e-01
2.9821522872e-01
3.0057072882e-01
3.0292622892e-01
3.0528172902e-01
3.0763722912e-01
3.1023050392e-01
3.1282377872e-01
3.1541705352e-01
3.1801032832e-01
3.2098521387e-01
3.2396009942e-01
3.2693498497e-01
3.2990987053e-01
3.3346076943e-01
3.3701166833e-01
3.4056256723e-01
3.4411346613e-01
3.4858948007e-01
3.5306549402e-01
3.5754150797e-01
3.6201752192e-01
3.6815435561e-01
3.7429118930e-01
3.8042802299e-01
3.8656485668e-01
3.9365305257e-01
4.0074124845e-01
4.0782944434e-01
4.1491764023e-01
4.2173083576e-01
4.2854403130e-01
4.3535722683e-01
4.4217042237e-01
4.4908451304e-01
4.5599860372e-01
4.6291269440e-01
4.6982678507e-01
4.7732437236e-01
4.8482195965e-01
4.9231954693e-01
4.9981713422e-01
5.0681055071e-01
5.1380396721e-01
5.2079738370e-01
5.2779080019e-01
5.3457936235e-01
5.4136792452e-01
5.4815648668e-01
5.5494504884e-01
5.6205455203e-01
5.6916405522e-01
5.7627355841e-01
5.8338306160e-01
5.9003966254e-01
5.9669626348e-01
6.0335286442e-01
6.1000946537e-01
6.1497414771e-01
6.1993883004e-01
6.2490351238e-01
6.2986819472e-01
6.3388999573e-01
6.3791179674e-01
6.4193359775e-01
6.4595539876e-01
6.4934109517e-01
6.5272679158e-01
6.5611248799e-01
6.5949818440e-01
6.6242831148e-01
6.6535843857e-01
6.6828856566e-01
6.7121869275e-01
6.7381756898e-01
6.7641644522e-01
6.7901532145e-01
6.8161419768e-01
6.8398329788e-01
6.8635239807e-01
6.8872149827e-01
6.9109059846e-01
6.9336903731e-01
6.9564747616e-01
6.9792591501e-01
7.0020435386e-01
7.0248651792e-01
7.0476868198e-01
7.0705084604e-01
7.0933301010e-01
7.1127930436e-01
7.1322559861e-01
7.1517189287e-01
7.1711818712e-01
7.1869395439e-01
7.2026972166e-01
7.2184548893e-01
7.2342125620e-01
7.2475239462e-01
7.2608353305e-01
7.2741467147e-01
7.2874580990e-01
7.2996308985e-01
7.3118036980e-01
7.3239764975e-01
7.3361492970e-01
7.3475376359e-01
7.3589259749e-01
7.3703143138e-01
7.3817026527e-01
7.3955151080e-01
7.4093275633e-01
7.4231400185e-01
7.4369524738e-01
7.4469748473e-01
7.4569972207e-01
7.4670195941e-01
7.4770419676e-01
7.4863896414e-01
7.4957373151e-01
7.5050849889e-01
7.5144326627e-01
7.5231172460e-01
7.5318018293e-01
7.5404864126e-01
7.5491709959e-01
7.5606022196e-01
7.5720334432e-01
7.5834646669e-01
7.5948958905e-01
7.6032443961e-01
7.6115929017e-01
7.6199414072e-01
7.6282899128e-01
7.6374709440e-01
7.6466519752e-01
7.6558330064e-01
7.6650140376e-01
7.6748434282e-01
7.6846728189e-01
7.6945022095e-01
7.7043316001e-01
7.7143759067e-01
7.7244202134e-01
7.7344645200e-01
7.7445088266e-01
7.7546197611e-01
7.7647306956e-01
7.7748416301e-01
7.7849525645e-01
7.7967084248e-01
7.8084642851e-01
7.8202201454e-01
7.8319760057e-01
7.8470487849e-01
7.8621215641e-01
7.8771943434e-01
7.8922671226e-01
7.9111274278e-01
7.9299877331e-01
7.9488480383e-01
7.9677083436e-01
7.9869008990e-01
8.0060934545e-01
8.0252860100e-01
8.0444785654e-01
8.0670461972e-01
8.0896138290e-01
8.1121814608e-01
8.1347490926e-01
8.1636071817e-01
8.1924652708e-01
8.2213233599e-01
8.2501814489e-01
8.2916361784e-01
8.3330909079e-01
8.3745456373e-01
8.4160003668e-01
8.4878766462e-01
8.5597529255e-01
8.6316292049e-01
8.7035054843e-01
8.8649698684e-01
9.0264342525e-01
9.1878986366e-01
9.3493630208e-01
9.5120222656e-01
9.6746815104e-01
9.8373407552e-01
1.0000000000e+00
