0.0000000000e+00
6.7704669624e-03
1.3540933925e-02
2.0311400887e-02
2.7081867850e-02
3.2983647870e-02
3.8885427891e-02
4.4787207911e-02
5.0688987932e-02
5.5908200085e-02
6.1127412238e-02
6.6346624391e-02
7.1565836545e-02
7.6262318171e-02
8.0958799796e-02
8.5655281422e-02
9.0351763048e-02
9.4664335532e-02
9.8976908016e-02
1.0328948050e-01
1.0760205298e-01
1.1168270277e-01
1.1576335256e-01
1.1984400234e-01
1.2392465213e-01
1.2819346482e-01
1.3246227750e-01
1.3673109019e-01
1.4099990288e-01
1.4467615755e-01
1.4835241222e-01
1.5202866689e-01
1.5570492157e-01
1.5894644390e-01
1.6218796624e-01
1.6542948858e-01
1.6867101091e-01
1.7143675603e-01
1.7420250114e-01
1.7696824626e-01
1.7973399137e-01
1.8218178082e-01
1.8462957028e-01
1.8707735973e-01
1.8952514918e-01
1.9179187159e-01
1.9405859400e-01
1.9632531642e-01
1.9859203883e-01
2.0077780297e-01
2.0296356711e-01
2.0514933126e-01
2.0733509540e-01
2.0960229615e-01
2.1186949690e-01
2.1413669765e-01
2.1640389840e-01
2.1875042484e-01
2.2109695129e-01
2.2344347774e-01
2.2579000418e-01
2.2790960567e-01
2.3002920715e-01
2.3214880864e-01
2.3426841013e-01
2.3630419841e-01
2.3833998670e-01
2.4037577498e-01
2.4241156326e-01
2.4428493032e-01
2.4615829738e-01
2.4803166444e-01
2.4990503149e-01
2.5177402643e-01
2.5364302136e-01
2.5551201630e-01
2.5738101123e-01
2.5952400662e-01
2.6166700200e-01
2.6380999739e-01
2.6595299277e-01
2.6795088626e-01
2.6994877975e-01
2.7194667324e-01
2.7394456672e-01
2.7583872723e-01
2.7773288774e-01
2.7962704825e-01
2.8152120876e-01
2.8347323868e-01
2.8542526860e-01
2.8737729852e-01
2.8932932844e-01
2.9159650018e-01
2.9386367192e-01
2.9613084365e-01
2.9839801539e-01
3.0066411006e-01
3.0293020472e-01
3.0519629939e-01
3.0746239406e-01
3.1000951589e-01
3.1255663773e-01
3.1510375957e-01
3.1765088141e-01
3.2030035243e-01
3.2294982346e-01
3.2559929448e-01
3.2824876551e-01
3.3080113382e-01
3.3335350214e-01
3.3590587045e-01
3.3845823877e-01
3.4106511826e-01
3.4367199775e-01
3.4627887724e-01
3.4888575673e-01
3.5166904586e-01
3.5445233500e-01
3.5723562413e-01
3.6001891326e-01
3.6298828349e-01
3.6595765372e-01
3.6892702395e-01
3.7189639419e-01
3.7520011149e-01
3.7850382880e-01
3.8180754610e-01
3.8511126341e-01
3.8909162638e-01
3.9307198935e-01
3.9705235233e-01
4.0103271530e-01
4.0551056225e-01
4.0998840920e-01
4.1446625615e-01
4.1894410310e-01
4.2560505871e-01
4.3226601432e-01
4.3892696993e-01
4.4558792553e-01
4.5055466890e-01
4.5552141227e-01
4.6048815564e-01
4.6545489900e-01
4.7054005075e-01
4.7562520250e-01
4.8071035424e-01
4.8579550599e-01
4.9107491413e-01
4.9635432227e-01
5.0163373041e-01
5.0691313855e-01
5.1187557603e-01
5.1683801351e-01
5.2180045099e-01
5.2676288847e-01
5.3193968762e-01
5.3711648677e-01
5.4229328592e-01
5.4747008507e-01
5.5237412147e-01
5.5727815787e-01
5.6218219427e-01
5.6708623067e-01
5.7158979417e-01
5.7609335768e-01
5.8059692118e-01
5.8510048469e-01
5.8900886772e-01
5.9291725075e-01
5.9682563377e-01
6.0073401680e-01
6.0404594005e-01
6.0735786329e-01
6.1066978654e-01
6.1398170979e-01
6.1698421758e-01
6.1998672538e-01
6.2298923317e-01
6.2599174097e-01
6.2880685296e-01
6.3162196494e-01
6.3443707693e-01
6.3725218892e-01
6.3989400682e-01
6.4253582473e-01
6.4517764264e-01
6.4781946055e-01
6.5036618666e-01
6.5291291278e-01
6.5545963890e-01
6.5800636502e-01
6.6060894242e-01
6.6321151983e-01
6.6581409723e-01
6.6841667463e-01
6.7116866783e-01
6.7392066102e-01
6.7667265421e-01
6.7942464740e-01
6.8173428635e-01
6.8404392531e-01
6.8635356426e-01
6.8866320321e-01
6.9093015694e-01
6.9319711067e-01
6.9546406440e-01
6.9773101813e-01
6.9978373444e-01
7.0183645075e-01
7.0388916706e-01
7.0594188338e-01
7.0784533771e-01
7.0974879204e-01
7.1165224637e-01
7.1355570071e-01
7.1547016379e-01
7.1738462687e-01
7.1929908995e-01
7.2121355303e-01
7.2411881501e-01
7.2702407698e-01
7.2992933896e-01
7.3283460094e-01
7.3473623251e-01
7.3663786408e-01
7.3853949565e-01
7.4044112722e-01
7.4230487212e-01
7.4416861701e-01
7.4603236191e-01
7.4789610680e-01
7.4992836788e-01
7.5196062896e-01
7.5399289004e-01
7.5602515112e-01
7.5809089472e-01
7.6015663833e-01
7.6222238193e-01
7.6428812553e-01
7.6656185565e-01
7.6883558578e-01
7.7110931590e-01
7.7338304603e-01
7.7568999282e-01
7.7799693961e-01
7.8030388640e-01
7.8261083319e-01
7.8479653020e-01
7.8698222722e-01
7.8916792424e-01
7.9135362126e-01
7.9361092079e-01
7.9586822032e-01
7.9812551985e-01
8.0038281938e-01
8.0283481340e-01
8.0528680743e-01
8.0773880145e-01
8.1019079548e-01
8.1301289895e-01
8.1583500243e-01
8.1865710591e-01
8.2147920939e-01
8.2481505385e-01
8.2815089831e-01
8.3148674276e-01
8.3482258722e-01
8.3899501949e-01
8.4316745176e-01
8.4733988402e-01
8.5151231629e-01
8.5558282389e-01
8.5965333149e-01
8.6372383909e-01
8.6779434669e-01
8.7197998260e-01
8.7616561851e-01
8.8035125442e-01
8.8453689033e-01
8.8907334953e-01
8.9360980873e-01
8.9814626793e-01
9.0268272713e-01
9.0774939551e-01
9.1281606388e-01
9.1788273225e-01
9.2294940062e-01
9.2875111602e-01
9.3455283142e-01
9.4035454681e-01
9.4615626221e-01
9.5288672944e-01
9.5961719666e-01
9.6634766388e-01
9.7307813111e-01
9.7980859833e-01
9.8653906555e-01
9.9326953278e-01
1.0000000000e+00
