5.9587911539e-10
2.1393159681e-10
1.2485541046e-09
3.6902005131e-09
3.2392324324e-08
9.2390429794e-08
2.5365879902e-07
6.9378959146e-07
1.9693450129e-06
3.8054368007e-06
7.3147291701e-06
1.4058799373e-05
2.7122505064e-05
4.2921058781e-05
6.7863702172e-05
1.0729861682e-04
1.6975255965e-04
2.3968432889e-04
3.3834720881e-04
4.7759927269e-04
6.7421979729e-04
8.8883299345e-04
1.1715901287e-03
1.5441286815e-03
2.0349326505e-03
2.5737200004e-03
3.2545114522e-03
4.1144793071e-03
5.2003447929e-03
6.8801244331e-03
9.0959895994e-03
1.2015038015e-02
1.5853090592e-02
1.8871741918e-02
2.2449026585e-02
2.6681701464e-02
3.1680463682e-02
3.6056605597e-02
4.1005293271e-02
4.6592010578e-02
5.2886934559e-02
5.9322130546e-02
6.6470264710e-02
7.4392245938e-02
8.3149549483e-02
9.4680142682e-02
1.0756325360e-01
1.2188591199e-01
1.3772051863e-01
1.5071828141e-01
1.6462205639e-01
1.7943427061e-01
1.9514588040e-01
2.1125403026e-01
2.2815924227e-01
2.4581754207e-01
2.6417306876e-01
2.8798223687e-01
3.1262074265e-01
3.3791560677e-01
3.6367973289e-01
3.8488218290e-01
4.0616030441e-01
4.2740991770e-01
4.4853079004e-01
4.7397273030e-01
4.9892627481e-01
5.2325325156e-01
5.4683535483e-01
5.7758295205e-01
6.0658267945e-01
6.3371059678e-01
6.5889888952e-01
6.7768813015e-01
6.9522391451e-01
7.1152723754e-01
7.2662960206e-01
7.4235832964e-01
7.5666029999e-01
7.6960938694e-01
7.8128358720e-01
7.9417896496e-01
8.0537064527e-01
8.1501001041e-01
8.2324234649e-01
8.3168571507e-01
8.3842538729e-01
8.4367979006e-01
8.4764498267e-01
8.5079487787e-01
8.5273867313e-01
8.5366752216e-01
8.5374561701e-01
8.5307434188e-01
8.5176785913e-01
8.4993973817e-01
8.4768564218e-01
8.4468155364e-01
8.4132336415e-01
8.3769333563e-01
8.3385860672e-01
8.2901293767e-01
8.2402393879e-01
8.1895252721e-01
8.1384603677e-01
8.0730623996e-01
8.0082582265e-01
7.9444599949e-01
7.8819525898e-01
7.8056482746e-01
7.7318711095e-01
7.6606824386e-01
7.5920156790e-01
7.5130966649e-01
7.4369556524e-01
7.3627652095e-01
7.2893655828e-01
7.2383018015e-01
7.1862465682e-01
7.1324428377e-01
7.0760071004e-01
7.0288025703e-01
6.9787512107e-01
6.9252397992e-01
6.8676116350e-01
6.8138667728e-01
6.7560585259e-01
6.6937281500e-01
6.6264328144e-01
6.5343818948e-01
6.4332026155e-01
6.3224593386e-01
6.2020594389e-01
6.1160167762e-01
6.0260311301e-01
5.9324945440e-01
5.8359503722e-01
5.7446813235e-01
5.6521315340e-01
5.5591109007e-01
5.4665476711e-01
5.3744610714e-01
5.2850728374e-01
5.1996213943e-01
5.1193851581e-01
5.0485107577e-01
4.9847243275e-01
4.9290654116e-01
4.8824766277e-01
4.8443964529e-01
4.8178349724e-01
4.8033191415e-01
4.8011407458e-01
4.8105647955e-01
4.8310260307e-01
4.8621542438e-01
4.9033947868e-01
4.9587356579e-01
5.0240201139e-01
5.0979925426e-01
5.1792949077e-01
5.2631681320e-01
5.3512556504e-01
5.4423238600e-01
5.5352012634e-01
5.6405383288e-01
5.7454147166e-01
5.8486442612e-01
5.9492431811e-01
6.0680652655e-01
6.1807067219e-01
6.2865115166e-01
6.3851622299e-01
6.4735442009e-01
6.5553918964e-01
6.6310058875e-01
6.7007887433e-01
6.7799863428e-01
6.8519082594e-01
6.9175523564e-01
6.9778990189e-01
7.0468535827e-01
7.1107035233e-01
7.1708883814e-01
7.2286521742e-01
7.2896761962e-01
7.3501968435e-01
7.4111043527e-01
7.4731008007e-01
7.5339879246e-01
7.5967195692e-01
7.6615435864e-01
7.7286108681e-01
7.7831351600e-01
7.8390780410e-01
7.8963823570e-01
7.9549412000e-01
8.0038501223e-01
8.0533652293e-01
8.1033146467e-01
8.1534736361e-01
8.1961240779e-01
8.2384928811e-01
8.2803010904e-01
8.3212043553e-01
8.3561379942e-01
8.3896930280e-01
8.4214480701e-01
8.4508977513e-01
8.4756364429e-01
8.4972981370e-01
8.5152050081e-01
8.5285579102e-01
8.5366402268e-01
8.5374089614e-01
8.5293558108e-01
8.5107062526e-01
8.4867529679e-01
8.4534625193e-01
8.4094596017e-01
8.3532058169e-01
8.3002911134e-01
8.2381908559e-01
8.1659842891e-01
8.0826923265e-01
8.0021251696e-01
7.9120784253e-01
7.8118686256e-01
7.7008032407e-01
7.5900672794e-01
7.4693191715e-01
7.3380728566e-01
7.1958752424e-01
7.0116383072e-01
6.8107231101e-01
6.5927475288e-01
6.3575648015e-01
6.1742421095e-01
5.9819147934e-01
5.7808796291e-01
5.5715643699e-01
5.3787185723e-01
5.1802631335e-01
4.9767994418e-01
4.7690273347e-01
4.5644324061e-01
4.3573475088e-01
4.1486481575e-01
3.9392689901e-01
3.7253439674e-01
3.5128128240e-01
3.3027590410e-01
3.0962475247e-01
2.9006428616e-01
2.7101861181e-01
2.5256655711e-01
2.3477757908e-01
2.1594651367e-01
1.9806164872e-01
1.8116878500e-01
1.6529650135e-01
1.4953290899e-01
1.3493567972e-01
1.2148433547e-01
1.0914452588e-01
9.7730235950e-02
8.7353991270e-02
7.7954104936e-02
6.9465306096e-02
5.9754102295e-02
5.1304393390e-02
4.3978490289e-02
3.7646333747e-02
2.8552432575e-02
2.1594142365e-02
1.6296669061e-02
1.2278382636e-02
9.6812344898e-03
7.6283937567e-03
6.0076307467e-03
4.7291071797e-03
3.5113311862e-03
2.6063174388e-03
1.9340134728e-03
1.4347008787e-03
9.3259064962e-04
6.0635395595e-04
3.9418544135e-04
2.5607731697e-04
1.1873481248e-04
5.5498165039e-05
2.5931435533e-05
1.1979911995e-05
1.9135892950e-06
5.3109288248e-07
1.0842510256e-07
7.2230521339e-08
1.1520669441e-08
3.2173881785e-09
7.2154706298e-10
8.7271581058e-10
