0.0000000000e+00
5.3524126342e-03
1.0704825268e-02
1.6057237902e-02
2.1409650537e-02
2.5144258003e-02
2.8878865470e-02
3.2613472937e-02
3.6348080404e-02
3.9405284124e-02
4.2462487845e-02
4.5519691566e-02
4.8576895287e-02
5.1340663915e-02
5.4104432543e-02
5.6868201171e-02
5.9631969799e-02
6.2424423444e-02
6.5216877089e-02
6.8009330734e-02
7.0801784379e-02
7.3571051354e-02
7.6340318329e-02
7.9109585303e-02
8.1878852278e-02
8.4365040718e-02
8.6851229158e-02
8.9337417598e-02
9.1823606038e-02
9.4132457137e-02
9.6441308236e-02
9.8750159335e-02
1.0105901043e-01
1.0353519844e-01
1.0601138645e-01
1.0848757446e-01
1.1096376247e-01
1.1342953379e-01
1.1589530512e-01
1.1836107645e-01
1.2082684777e-01
1.2320651729e-01
1.2558618680e-01
1.2796585631e-01
1.3034552583e-01
1.3324382312e-01
1.3614212041e-01
1.3904041771e-01
1.4193871500e-01
1.4489049506e-01
1.4784227511e-01
1.5079405517e-01
1.5374583523e-01
1.5707466007e-01
1.6040348491e-01
1.6373230976e-01
1.6706113460e-01
1.7025428100e-01
1.7344742740e-01
1.7664057380e-01
1.7983372020e-01
1.8330099362e-01
1.8676826705e-01
1.9023554047e-01
1.9370281389e-01
1.9766474327e-01
2.0162667264e-01
2.0558860201e-01
2.0955053139e-01
2.1428293564e-01
2.1901533990e-01
2.2374774416e-01
2.2848014841e-01
2.3434889255e-01
2.4021763669e-01
2.4608638083e-01
2.5195512496e-01
2.5687648405e-01
2.6179784313e-01
2.6671920221e-01
2.7164056129e-01
2.7592347381e-01
2.8020638634e-01
2.8448929887e-01
2.8877221140e-01
2.9246981618e-01
2.9616742095e-01
2.9986502573e-01
3.0356263051e-01
3.0688342653e-01
3.1020422254e-01
3.1352501856e-01
3.1684581458e-01
3.2001966204e-01
3.2319350950e-01
3.2636735696e-01
3.2954120442e-01
3.3316642706e-01
3.3679164969e-01
3.4041687233e-01
3.4404209496e-01
3.4689081745e-01
3.4973953994e-01
3.5258826242e-01
3.5543698491e-01
3.5807411392e-01
3.6071124293e-01
3.6334837195e-01
3.6598550096e-01
3.6835886340e-01
3.7073222584e-01
3.7310558828e-01
3.7547895072e-01
3.7806569878e-01
3.8065244684e-01
3.8323919489e-01
3.8582594295e-01
3.8823152203e-01
3.9063710110e-01
3.9304268018e-01
3.9544825925e-01
3.9779168088e-01
4.0013510251e-01
4.0247852414e-01
4.0482194577e-01
4.0734307693e-01
4.0986420808e-01
4.1238533924e-01
4.1490647039e-01
4.1834502390e-01
4.2178357741e-01
4.2522213093e-01
4.2866068444e-01
4.3139027320e-01
4.3411986197e-01
4.3684945074e-01
4.3957903950e-01
4.4249936673e-01
4.4541969395e-01
4.4834002117e-01
4.5126034839e-01
4.5494016527e-01
4.5861998214e-01
4.6229979901e-01
4.6597961589e-01
4.7200145196e-01
4.7802328803e-01
4.8404512410e-01
4.9006696018e-01
4.9637001411e-01
5.0267306804e-01
5.0897612197e-01
5.1527917590e-01
5.1907014427e-01
5.2286111264e-01
5.2665208101e-01
5.3044304938e-01
5.3352789040e-01
5.3661273142e-01
5.3969757244e-01
5.4278241346e-01
5.4555805937e-01
5.4833370527e-01
5.5110935117e-01
5.5388499708e-01
5.5666109138e-01
5.5943718569e-01
5.6221327999e-01
5.6498937430e-01
5.6780352495e-01
5.7061767561e-01
5.7343182626e-01
5.7624597691e-01
5.7873737426e-01
5.8122877162e-01
5.8372016897e-01
5.8621156632e-01
5.8852811828e-01
5.9084467025e-01
5.9316122221e-01
5.9547777418e-01
5.9794260235e-01
6.0040743052e-01
6.0287225868e-01
6.0533708685e-01
6.0782025236e-01
6.1030341787e-01
6.1278658338e-01
6.1526974888e-01
6.1765210370e-01
6.2003445852e-01
6.2241681334e-01
6.2479916816e-01
6.2764635874e-01
6.3049354933e-01
6.3334073992e-01
6.3618793051e-01
6.3912911166e-01
6.4207029281e-01
6.4501147396e-01
6.4795265511e-01
6.5127741074e-01
6.5460216637e-01
6.5792692200e-01
6.6125167764e-01
6.6445793002e-01
6.6766418239e-01
6.7087043477e-01
6.7407668715e-01
6.7753636278e-01
6.8099603841e-01
6.8445571404e-01
6.8791538967e-01
6.9186448281e-01
6.9581357594e-01
6.9976266908e-01
7.0371176222e-01
7.0840399176e-01
7.1309622129e-01
7.1778845083e-01
7.2248068036e-01
7.2829520265e-01
7.3410972494e-01
7.3992424723e-01
7.4573876952e-01
7.5070606381e-01
7.5567335809e-01
7.6064065238e-01
7.6560794666e-01
7.6991774017e-01
7.7422753367e-01
7.7853732718e-01
7.8284712068e-01
7.8657265496e-01
7.9029818924e-01
7.9402372352e-01
7.9774925780e-01
8.0108437928e-01
8.0441950077e-01
8.0775462225e-01
8.1108974374e-01
8.1426577024e-01
8.1744179674e-01
8.2061782323e-01
8.2379384973e-01
8.2755189277e-01
8.3130993581e-01
8.3506797885e-01
8.3882602189e-01
8.4164651878e-01
8.4446701567e-01
8.4728751256e-01
8.5010800945e-01
8.5276201939e-01
8.5541602933e-01
8.5807003927e-01
8.6072404921e-01
8.6309398907e-01
8.6546392893e-01
8.6783386879e-01
8.7020380865e-01
8.7275232842e-01
8.7530084819e-01
8.7784936796e-01
8.8039788773e-01
8.8281722401e-01
8.8523656029e-01
8.8765589656e-01
8.9007523284e-01
8.9241014673e-01
8.9474506063e-01
8.9707997452e-01
8.9941488842e-01
9.0192892202e-01
9.0444295563e-01
9.0695698923e-01
9.0947102284e-01
9.1277125794e-01
9.1607149305e-01
9.1937172815e-01
9.2267196326e-01
9.2539194000e-01
9.2811191673e-01
9.3083189347e-01
9.3355187021e-01
9.3642560003e-01
9.3929932986e-01
9.4217305968e-01
9.4504678950e-01
9.4851915485e-01
9.5199152021e-01
9.5546388556e-01
9.5893625091e-01
9.6404982808e-01
9.6916340525e-01
9.7427698242e-01
9.7939055959e-01
9.8454291969e-01
9.8969527979e-01
9.9484763990e-01
1.0000000000e+00
