0.0000000000e+00
5.2765484187e-03
1.0553096837e-02
1.5829645256e-02
2.1106193675e-02
2.5355231054e-02
2.9604268434e-02
3.3853305813e-02
3.8102343193e-02
4.1801778956e-02
4.5501214718e-02
4.9200650481e-02
5.2900086243e-02
5.6251027725e-02
5.9601969206e-02
6.2952910688e-02
6.6303852169e-02
6.9416608611e-02
7.2529365053e-02
7.5642121495e-02
7.8754877937e-02
8.1704176536e-02
8.4653475135e-02
8.7602773734e-02
9.0552072333e-02
9.3400407461e-02
9.6248742589e-02
9.9097077717e-02
1.0194541284e-01
1.0476258545e-01
1.0757975806e-01
1.1039693067e-01
1.1321410328e-01
1.1613768695e-01
1.1906127062e-01
1.2198485429e-01
1.2490843796e-01
1.2830016333e-01
1.3169188870e-01
1.3508361407e-01
1.3847533944e-01
1.4129253209e-01
1.4410972474e-01
1.4692691739e-01
1.4974411003e-01
1.5238417529e-01
1.5502424054e-01
1.5766430579e-01
1.6030437105e-01
1.6288638568e-01
1.6546840030e-01
1.6805041493e-01
1.7063242956e-01
1.7310865517e-01
1.7558488078e-01
1.7806110639e-01
1.8053733200e-01
1.8292052837e-01
1.8530372474e-01
1.8768692111e-01
1.9007011748e-01
1.9247844897e-01
1.9488678047e-01
1.9729511196e-01
1.9970344346e-01
2.0229581666e-01
2.0488818987e-01
2.0748056307e-01
2.1007293628e-01
2.1299901314e-01
2.1592509000e-01
2.1885116686e-01
2.2177724372e-01
2.2430600296e-01
2.2683476220e-01
2.2936352144e-01
2.3189228068e-01
2.3432899515e-01
2.3676570962e-01
2.3920242409e-01
2.4163913856e-01
2.4409920740e-01
2.4655927624e-01
2.4901934508e-01
2.5147941392e-01
2.5406698477e-01
2.5665455562e-01
2.5924212646e-01
2.6182969731e-01
2.6479559999e-01
2.6776150267e-01
2.7072740535e-01
2.7369330804e-01
2.7658219208e-01
2.7947107613e-01
2.8235996018e-01
2.8524884422e-01
2.8825103004e-01
2.9125321586e-01
2.9425540168e-01
2.9725758750e-01
3.0066104642e-01
3.0406450533e-01
3.0746796425e-01
3.1087142316e-01
3.1440159777e-01
3.1793177239e-01
3.2146194700e-01
3.2499212162e-01
3.2829287877e-01
3.3159363592e-01
3.3489439307e-01
3.3819515022e-01
3.4147997916e-01
3.4476480811e-01
3.4804963705e-01
3.5133446599e-01
3.5469161029e-01
3.5804875458e-01
3.6140589888e-01
3.6476304317e-01
3.6825681136e-01
3.7175057954e-01
3.7524434773e-01
3.7873811591e-01
3.8244515432e-01
3.8615219273e-01
3.8985923113e-01
3.9356626954e-01
3.9750617054e-01
4.0144607155e-01
4.0538597256e-01
4.0932587356e-01
4.1357944406e-01
4.1783301456e-01
4.2208658506e-01
4.2634015556e-01
4.3103572469e-01
4.3573129381e-01
4.4042686294e-01
4.4512243206e-01
4.5008538577e-01
4.5504833948e-01
4.6001129319e-01
4.6497424691e-01
4.7039366209e-01
4.7581307727e-01
4.8123249245e-01
4.8665190763e-01
4.9220791150e-01
4.9776391537e-01
5.0331991924e-01
5.0887592311e-01
5.1394654858e-01
5.1901717404e-01
5.2408779951e-01
5.2915842498e-01
5.3391546399e-01
5.3867250301e-01
5.4342954202e-01
5.4818658104e-01
5.5263438703e-01
5.5708219303e-01
5.6152999903e-01
5.6597780503e-01
5.7005414252e-01
5.7413048002e-01
5.7820681751e-01
5.8228315501e-01
5.8614183134e-01
5.9000050768e-01
5.9385918401e-01
5.9771786034e-01
6.0133119600e-01
6.0494453165e-01
6.0855786730e-01
6.1217120296e-01
6.1561230865e-01
6.1905341435e-01
6.2249452004e-01
6.2593562573e-01
6.2926376149e-01
6.3259189725e-01
6.3592003300e-01
6.3924816876e-01
6.4252489907e-01
6.4580162937e-01
6.4907835968e-01
6.5235508998e-01
6.5569407079e-01
6.5903305159e-01
6.6237203240e-01
6.6571101320e-01
6.6979709047e-01
6.7388316773e-01
6.7796924500e-01
6.8205532227e-01
6.8524041656e-01
6.8842551085e-01
6.9161060515e-01
6.9479569944e-01
6.9773934271e-01
7.0068298598e-01
7.0362662925e-01
7.0657027251e-01
7.0946119889e-01
7.1235212526e-01
7.1524305163e-01
7.1813397800e-01
7.2098700367e-01
7.2384002934e-01
7.2669305500e-01
7.2954608067e-01
7.3210242006e-01
7.3465875944e-01
7.3721509883e-01
7.3977143821e-01
7.4222460596e-01
7.4467777370e-01
7.4713094145e-01
7.4958410919e-01
7.5202653602e-01
7.5446896285e-01
7.5691138968e-01
7.5935381651e-01
7.6195276666e-01
7.6455171680e-01
7.6715066695e-01
7.6974961709e-01
7.7302598020e-01
7.7630234331e-01
7.7957870642e-01
7.8285506952e-01
7.8538819145e-01
7.8792131337e-01
7.9045443530e-01
7.9298755722e-01
7.9537908466e-01
7.9777061210e-01
8.0016213954e-01
8.0255366698e-01
8.0495328538e-01
8.0735290377e-01
8.0975252217e-01
8.1215214057e-01
8.1468190428e-01
8.1721166799e-01
8.1974143170e-01
8.2227119541e-01
8.2486205194e-01
8.2745290846e-01
8.3004376499e-01
8.3263462151e-01
8.3545643048e-01
8.3827823945e-01
8.4110004841e-01
8.4392185738e-01
8.4687125020e-01
8.4982064303e-01
8.5277003586e-01
8.5571942868e-01
8.5890924220e-01
8.6209905571e-01
8.6528886922e-01
8.6847868273e-01
8.7133116972e-01
8.7418365671e-01
8.7703614371e-01
8.7988863070e-01
8.8270990457e-01
8.8553117845e-01
8.8835245233e-01
8.9117372621e-01
8.9405872309e-01
8.9694371998e-01
8.9982871686e-01
9.0271371374e-01
9.0573390425e-01
9.0875409476e-01
9.1177428527e-01
9.1479447578e-01
9.1803006479e-01
9.2126565381e-01
9.2450124282e-01
9.2773683183e-01
9.3130957337e-01
9.3488231490e-01
9.3845505643e-01
9.4202779796e-01
9.4619161247e-01
9.5035542697e-01
9.5451924148e-01
9.5868305599e-01
9.6384714108e-01
9.6901122616e-01
9.7417531125e-01
9.7933939634e-01
9.8450454726e-01
9.8966969817e-01
9.9483484909e-01
1.0000000000e+00
