0.0000000000e+00
5.8088272241e-03
1.1617654448e-02
1.7426481672e-02
2.3235308896e-02
2.7067398954e-02
3.0899489012e-02
3.4731579070e-02
3.8563669127e-02
4.1638290193e-02
4.4712911260e-02
4.7787532326e-02
5.0862153392e-02
5.3622603609e-02
5.6383053826e-02
5.9143504043e-02
6.1903954261e-02
6.4655013296e-02
6.7406072331e-02
7.0157131366e-02
7.2908190401e-02
7.5731726026e-02
7.8555261652e-02
8.1378797277e-02
8.4202332903e-02
8.6675232371e-02
8.9148131838e-02
9.1621031306e-02
9.4093930774e-02
9.6399721846e-02
9.8705512918e-02
1.0101130399e-01
1.0331709506e-01
1.0578061102e-01
1.0824412698e-01
1.1070764293e-01
1.1317115889e-01
1.1566513310e-01
1.1815910732e-01
1.2065308153e-01
1.2314705574e-01
1.2550340556e-01
1.2785975537e-01
1.3021610519e-01
1.3257245501e-01
1.3540961518e-01
1.3824677535e-01
1.4108393552e-01
1.4392109569e-01
1.4681994471e-01
1.4971879374e-01
1.5261764276e-01
1.5551649179e-01
1.5888408714e-01
1.6225168250e-01
1.6561927785e-01
1.6898687320e-01
1.7215868369e-01
1.7533049417e-01
1.7850230465e-01
1.8167411514e-01
1.8509298898e-01
1.8851186282e-01
1.9193073666e-01
1.9534961050e-01
1.9924052427e-01
2.0313143804e-01
2.0702235181e-01
2.1091326558e-01
2.1556232209e-01
2.2021137860e-01
2.2486043511e-01
2.2950949162e-01
2.3517581374e-01
2.4084213586e-01
2.4650845798e-01
2.5217478010e-01
2.5717162927e-01
2.6216847843e-01
2.6716532759e-01
2.7216217675e-01
2.7654273999e-01
2.8092330323e-01
2.8530386646e-01
2.8968442970e-01
2.9342044114e-01
2.9715645258e-01
3.0089246402e-01
3.0462847546e-01
3.0797633073e-01
3.1132418601e-01
3.1467204128e-01
3.1801989656e-01
3.2118785849e-01
3.2435582042e-01
3.2752378236e-01
3.3069174429e-01
3.3453836654e-01
3.3838498879e-01
3.4223161104e-01
3.4607823329e-01
3.4894754820e-01
3.5181686311e-01
3.5468617801e-01
3.5755549292e-01
3.6020830474e-01
3.6286111656e-01
3.6551392838e-01
3.6816674020e-01
3.7054418036e-01
3.7292162052e-01
3.7529906069e-01
3.7767650085e-01
3.8021391748e-01
3.8275133411e-01
3.8528875075e-01
3.8782616738e-01
3.9024410043e-01
3.9266203347e-01
3.9507996652e-01
3.9749789957e-01
3.9982954370e-01
4.0216118783e-01
4.0449283195e-01
4.0682447608e-01
4.0930924854e-01
4.1179402101e-01
4.1427879347e-01
4.1676356593e-01
4.1980741763e-01
4.2285126932e-01
4.2589512102e-01
4.2893897271e-01
4.3167515237e-01
4.3441133203e-01
4.3714751168e-01
4.3988369134e-01
4.4271957087e-01
4.4555545039e-01
4.4839132992e-01
4.5122720944e-01
4.5463656322e-01
4.5804591700e-01
4.6145527077e-01
4.6486462455e-01
4.7078437632e-01
4.7670412809e-01
4.8262387986e-01
4.8854363163e-01
4.9439328410e-01
5.0024293657e-01
5.0609258905e-01
5.1194224152e-01
5.1581366744e-01
5.1968509336e-01
5.2355651928e-01
5.2742794520e-01
5.3052401471e-01
5.3362008422e-01
5.3671615373e-01
5.3981222324e-01
5.4259113628e-01
5.4537004931e-01
5.4814896235e-01
5.5092787538e-01
5.5371628574e-01
5.5650469609e-01
5.5929310645e-01
5.6208151680e-01
5.6483635127e-01
5.6759118575e-01
5.7034602022e-01
5.7310085470e-01
5.7560680027e-01
5.7811274585e-01
5.8061869142e-01
5.8312463700e-01
5.8544210521e-01
5.8775957341e-01
5.9007704162e-01
5.9239450982e-01
5.9485091907e-01
5.9730732832e-01
5.9976373756e-01
6.0222014681e-01
6.0467207006e-01
6.0712399331e-01
6.0957591657e-01
6.1202783982e-01
6.1441691292e-01
6.1680598603e-01
6.1919505913e-01
6.2158413224e-01
6.2453850699e-01
6.2749288175e-01
6.3044725651e-01
6.3340163127e-01
6.3639193409e-01
6.3938223691e-01
6.4237253972e-01
6.4536284254e-01
6.4860756541e-01
6.5185228828e-01
6.5509701115e-01
6.5834173403e-01
6.6154760217e-01
6.6475347031e-01
6.6795933845e-01
6.7116520659e-01
6.7462063468e-01
6.7807606276e-01
6.8153149084e-01
6.8498691892e-01
6.8893091553e-01
6.9287491215e-01
6.9681890876e-01
7.0076290537e-01
7.0543359775e-01
7.1010429013e-01
7.1477498251e-01
7.1944567489e-01
7.2552732467e-01
7.3160897446e-01
7.3769062425e-01
7.4377227404e-01
7.4873068546e-01
7.5368909687e-01
7.5864750829e-01
7.6360591970e-01
7.6785259193e-01
7.7209926416e-01
7.7634593639e-01
7.8059260862e-01
7.8429366481e-01
7.8799472100e-01
7.9169577719e-01
7.9539683338e-01
7.9870908860e-01
8.0202134381e-01
8.0533359903e-01
8.0864585424e-01
8.1181413934e-01
8.1498242443e-01
8.1815070952e-01
8.2131899462e-01
8.2474123089e-01
8.2816346717e-01
8.3158570345e-01
8.3500793973e-01
8.3790500206e-01
8.4080206438e-01
8.4369912671e-01
8.4659618904e-01
8.4920452432e-01
8.5181285960e-01
8.5442119488e-01
8.5702953015e-01
8.5942139374e-01
8.6181325733e-01
8.6420512091e-01
8.6659698450e-01
8.6916956594e-01
8.7174214738e-01
8.7431472881e-01
8.7688731025e-01
8.7930068390e-01
8.8171405755e-01
8.8412743119e-01
8.8654080484e-01
8.8889149759e-01
8.9124219035e-01
8.9359288310e-01
8.9594357585e-01
8.9845381959e-01
9.0096406334e-01
9.0347430708e-01
9.0598455082e-01
9.0922683272e-01
9.1246911461e-01
9.1571139650e-01
9.1895367840e-01
9.2175750300e-01
9.2456132759e-01
9.2736515219e-01
9.3016897679e-01
9.3304327891e-01
9.3591758103e-01
9.3879188314e-01
9.4166618526e-01
9.4515807758e-01
9.4864996990e-01
9.5214186221e-01
9.5563375453e-01
9.6097277026e-01
9.6631178599e-01
9.7165080171e-01
9.7698981744e-01
9.8274236308e-01
9.8849490872e-01
9.9424745436e-01
1.0000000000e+00
