0.0000000000e+00
1.8877251209e-02
3.7754502417e-02
5.6631753626e-02
7.5509004835e-02
8.6102331366e-02
9.6695657897e-02
1.0728898443e-01
1.1788231096e-01
1.2484347028e-01
1.3180462960e-01
1.3876578892e-01
1.4572694824e-01
1.5078923607e-01
1.5585152390e-01
1.6091381173e-01
1.6597609957e-01
1.6986220993e-01
1.7374832029e-01
1.7763443065e-01
1.8152054101e-01
1.8462088988e-01
1.8772123874e-01
1.9082158761e-01
1.9392193647e-01
1.9651362210e-01
1.9910530773e-01
2.0169699336e-01
2.0428867899e-01
2.0653926017e-01
2.0878984135e-01
2.1104042252e-01
2.1329100370e-01
2.1534982192e-01
2.1740864015e-01
2.1946745837e-01
2.2152627660e-01
2.2382055840e-01
2.2611484020e-01
2.2840912200e-01
2.3070340380e-01
2.3232691322e-01
2.3395042265e-01
2.3557393207e-01
2.3719744149e-01
2.3852947453e-01
2.3986150756e-01
2.4119354060e-01
2.4252557363e-01
2.4368500745e-01
2.4484444127e-01
2.4600387509e-01
2.4716330890e-01
2.4827255414e-01
2.4938179938e-01
2.5049104463e-01
2.5160028987e-01
2.5295829894e-01
2.5431630802e-01
2.5567431710e-01
2.5703232617e-01
2.5807841534e-01
2.5912450450e-01
2.6017059367e-01
2.6121668284e-01
2.6219516087e-01
2.6317363891e-01
2.6415211695e-01
2.6513059499e-01
2.6608590204e-01
2.6704120909e-01
2.6799651614e-01
2.6895182319e-01
2.7016473849e-01
2.7137765378e-01
2.7259056907e-01
2.7380348436e-01
2.7476216011e-01
2.7572083586e-01
2.7667951161e-01
2.7763818737e-01
2.7866574004e-01
2.7969329272e-01
2.8072084539e-01
2.8174839807e-01
2.8289779562e-01
2.8404719317e-01
2.8519659073e-01
2.8634598828e-01
2.8766908349e-01
2.8899217870e-01
2.9031527391e-01
2.9163836912e-01
2.9292413757e-01
2.9420990602e-01
2.9549567447e-01
2.9678144292e-01
2.9811080764e-01
2.9944017236e-01
3.0076953708e-01
3.0209890180e-01
3.0356554219e-01
3.0503218259e-01
3.0649882298e-01
3.0796546337e-01
3.0971651695e-01
3.1146757053e-01
3.1321862411e-01
3.1496967769e-01
3.1722885053e-01
3.1948802337e-01
3.2174719621e-01
3.2400636905e-01
3.2654994718e-01
3.2909352532e-01
3.3163710345e-01
3.3418068159e-01
3.3674624787e-01
3.3931181415e-01
3.4187738044e-01
3.4444294672e-01
3.4710258458e-01
3.4976222243e-01
3.5242186029e-01
3.5508149815e-01
3.5799541546e-01
3.6090933277e-01
3.6382325008e-01
3.6673716739e-01
3.7003571806e-01
3.7333426873e-01
3.7663281940e-01
3.7993137007e-01
3.8378380637e-01
3.8763624267e-01
3.9148867898e-01
3.9534111528e-01
4.0002017189e-01
4.0469922851e-01
4.0937828512e-01
4.1405734174e-01
4.2010708932e-01
4.2615683690e-01
4.3220658449e-01
4.3825633207e-01
4.4700259984e-01
4.5574886761e-01
4.6449513538e-01
4.7324140315e-01
4.8413550594e-01
4.9502960874e-01
5.0592371153e-01
5.1681781432e-01
5.2397367416e-01
5.3112953400e-01
5.3828539384e-01
5.4544125368e-01
5.5104337301e-01
5.5664549235e-01
5.6224761168e-01
5.6784973101e-01
5.7247792968e-01
5.7710612835e-01
5.8173432702e-01
5.8636252570e-01
5.9030134954e-01
5.9424017338e-01
5.9817899722e-01
6.0211782106e-01
6.0554783505e-01
6.0897784904e-01
6.1240786303e-01
6.1583787702e-01
6.1888659441e-01
6.2193531181e-01
6.2498402920e-01
6.2803274660e-01
6.3080065344e-01
6.3356856028e-01
6.3633646713e-01
6.3910437397e-01
6.4169115602e-01
6.4427793806e-01
6.4686472011e-01
6.4945150215e-01
6.5207524955e-01
6.5469899695e-01
6.5732274435e-01
6.5994649175e-01
6.6229874611e-01
6.6465100048e-01
6.6700325485e-01
6.6935550922e-01
6.7152570903e-01
6.7369590883e-01
6.7586610864e-01
6.7803630845e-01
6.7975933490e-01
6.8148236135e-01
6.8320538779e-01
6.8492841424e-01
6.8641588862e-01
6.8790336299e-01
6.8939083736e-01
6.9087831173e-01
6.9224086540e-01
6.9360341906e-01
6.9496597273e-01
6.9632852639e-01
6.9761109619e-01
6.9889366599e-01
7.0017623580e-01
7.0145880560e-01
7.0300058144e-01
7.0454235729e-01
7.0608413313e-01
7.0762590897e-01
7.0879556351e-01
7.0996521805e-01
7.1113487259e-01
7.1230452713e-01
7.1343289161e-01
7.1456125609e-01
7.1568962056e-01
7.1681798504e-01
7.1778511559e-01
7.1875224614e-01
7.1971937668e-01
7.2068650723e-01
7.2166810433e-01
7.2264970143e-01
7.2363129853e-01
7.2461289563e-01
7.2562709492e-01
7.2664129421e-01
7.2765549350e-01
7.2866969279e-01
7.2960044050e-01
7.3053118822e-01
7.3146193593e-01
7.3239268365e-01
7.3339464544e-01
7.3439660724e-01
7.3539856903e-01
7.3640053083e-01
7.3749156543e-01
7.3858260003e-01
7.3967363463e-01
7.4076466923e-01
7.4190552446e-01
7.4304637969e-01
7.4418723492e-01
7.4532809015e-01
7.4643682378e-01
7.4754555741e-01
7.4865429104e-01
7.4976302468e-01
7.5098598035e-01
7.5220893603e-01
7.5343189170e-01
7.5465484738e-01
7.5628969233e-01
7.5792453728e-01
7.5955938222e-01
7.6119422717e-01
7.6338524164e-01
7.6557625610e-01
7.6776727057e-01
7.6995828504e-01
7.7201867469e-01
7.7407906434e-01
7.7613945399e-01
7.7819984364e-01
7.8047461240e-01
7.8274938117e-01
7.8502414994e-01
7.8729891871e-01
7.9000476366e-01
7.9271060862e-01
7.9541645358e-01
7.9812229853e-01
8.0158266197e-01
8.0504302541e-01
8.0850338885e-01
8.1196375229e-01
8.1685439836e-01
8.2174504443e-01
8.2663569051e-01
8.3152633658e-01
8.3965901501e-01
8.4779169343e-01
8.5592437186e-01
8.6405705029e-01
8.8104031531e-01
8.9802358032e-01
9.1500684534e-01
9.3199011036e-01
9.4899258277e-01
9.6599505518e-01
9.8299752759e-01
1.0000000000e+00
