8.1463460271e-10
3.1153274173e-10
1.7724617104e-09
5.3486497305e-09
4.5728879464e-08
1.2844078491e-07
3.4778453742e-07
9.3857790732e-07
2.6214651510e-06
5.0265739906e-06
9.5904828755e-06
1.8296511298e-05
3.5029593061e-05
5.5102415423e-05
8.6607517966e-05
1.3612204393e-04
2.1406538741e-04
3.0095150029e-04
4.2300771633e-04
5.9452969540e-04
8.3565080173e-04
1.0993215087e-03
1.4459553334e-03
1.9016349040e-03
2.5005978324e-03
3.1696856402e-03
4.0168194820e-03
5.0889547697e-03
6.4451331303e-03
8.1880956764e-03
1.0396174519e-02
1.3190071909e-02
1.6719557613e-02
1.9955373502e-02
2.3798753579e-02
2.8355974868e-02
3.3748528885e-02
3.8442439596e-02
4.3752254522e-02
4.9747807569e-02
5.6503573120e-02
6.3492978670e-02
7.1263420837e-02
7.9880280703e-02
8.9408716749e-02
1.0069202058e-01
1.1316568707e-01
1.2689387555e-01
1.4192844290e-01
1.5575380688e-01
1.7055855537e-01
1.8634061701e-01
2.0308405370e-01
2.1958793968e-01
2.3686823333e-01
2.5487511805e-01
2.7354717180e-01
2.9538256457e-01
3.1785723550e-01
3.4083976020e-01
3.6419009008e-01
3.8566936421e-01
4.0722351713e-01
4.2874457313e-01
4.5012878603e-01
4.7464740982e-01
4.9871059879e-01
5.2219470024e-01
5.4499319654e-01
5.7365417251e-01
6.0083567685e-01
6.2643081454e-01
6.5037530115e-01
6.7004919542e-01
6.8842625621e-01
7.0552293238e-01
7.2136798182e-01
7.3774058094e-01
7.5264471364e-01
7.6615376125e-01
7.7834620071e-01
7.9216382109e-01
8.0412799985e-01
8.1440678595e-01
8.2316179752e-01
8.3215304290e-01
8.3929538066e-01
8.4483444930e-01
8.4898989548e-01
8.5221368345e-01
8.5420697418e-01
8.5516897190e-01
8.5527028024e-01
8.5460222499e-01
8.5327973507e-01
8.5142491193e-01
8.4913999902e-01
8.4607362219e-01
8.4265457358e-01
8.3897119768e-01
8.3509497131e-01
8.3017163488e-01
8.2512861608e-01
8.2003042429e-01
8.1492635964e-01
8.0827947931e-01
8.0174688674e-01
7.9536949017e-01
7.8917228415e-01
7.8289179445e-01
7.7682375677e-01
7.7095813264e-01
7.6527312770e-01
7.5916929525e-01
7.5317810691e-01
7.4720987296e-01
7.4114628625e-01
7.3647627140e-01
7.3159291731e-01
7.2640563832e-01
7.2080910829e-01
7.1604461470e-01
7.1088722536e-01
7.0526541016e-01
6.9910233635e-01
6.9329335364e-01
6.8696804208e-01
6.8007225545e-01
6.7255298424e-01
6.6394336366e-01
6.5454172551e-01
6.4430765139e-01
6.3321602394e-01
6.2350459793e-01
6.1322616712e-01
6.0240522407e-01
5.9108260384e-01
5.8037022366e-01
5.6934908084e-01
5.5809338257e-01
5.4669230186e-01
5.3543298308e-01
5.2424591114e-01
5.1325488923e-01
5.0259309810e-01
4.9234727767e-01
4.8272157744e-01
4.7386089188e-01
4.6590534049e-01
4.5911804884e-01
4.5343598685e-01
4.4895437444e-01
4.4574985907e-01
4.4389658757e-01
4.4336725223e-01
4.4417084372e-01
4.4629370454e-01
4.5006804362e-01
4.5529154759e-01
4.6186191293e-01
4.6965351895e-01
4.7793356501e-01
4.8702846746e-01
4.9680168685e-01
5.0711401114e-01
5.1845322013e-01
5.3008289930e-01
5.4185517424e-01
5.5363487406e-01
5.6661488183e-01
5.7931342056e-01
5.9161455026e-01
6.0342776674e-01
6.1567310241e-01
6.2720390440e-01
6.3799037766e-01
6.4802519484e-01
6.5796786294e-01
6.6708996458e-01
6.7543620520e-01
6.8306051051e-01
6.9196709396e-01
6.9989666834e-01
7.0698409872e-01
7.1335894330e-01
7.2197779550e-01
7.2959764941e-01
7.3653659776e-01
7.4305423502e-01
7.4870231313e-01
7.5429534214e-01
7.5992533150e-01
7.6566287591e-01
7.7106937864e-01
7.7663939630e-01
7.8239164822e-01
7.8833529669e-01
7.9332729716e-01
7.9844156294e-01
8.0366779711e-01
8.0898966322e-01
8.1346750606e-01
8.1797712539e-01
8.2249499008e-01
8.2699099699e-01
8.3082229675e-01
8.3457879783e-01
8.3822327877e-01
8.4171027023e-01
8.4466216955e-01
8.4739437226e-01
8.4984918604e-01
8.5195781477e-01
8.5383367919e-01
8.5500769309e-01
8.5530243925e-01
8.5450294452e-01
8.5302965128e-01
8.5066652066e-01
8.4726680966e-01
8.4266373423e-01
8.3809263734e-01
8.3256624693e-01
8.2597514860e-01
8.1820115145e-01
8.1074199632e-01
8.0229968992e-01
7.9279408343e-01
7.8214268088e-01
7.7158442432e-01
7.5998391730e-01
7.4728244922e-01
7.3342375897e-01
7.1792488266e-01
7.0109886696e-01
6.8290473593e-01
6.6331369727e-01
6.4525712415e-01
6.2615067357e-01
6.0600971974e-01
5.8486412356e-01
5.6487057220e-01
5.4413655710e-01
5.2272221066e-01
5.0070118521e-01
4.8016040594e-01
4.5926362231e-01
4.3809575251e-01
4.1674959753e-01
3.9388610981e-01
3.7106032773e-01
3.4840303766e-01
3.2604555059e-01
3.0576642151e-01
2.8594996257e-01
2.6668597621e-01
2.4805549016e-01
2.2816716046e-01
2.0922950563e-01
1.9130362337e-01
1.7443146510e-01
1.5723670919e-01
1.4133252060e-01
1.2670388321e-01
1.1331740765e-01
1.0126609727e-01
9.0322363960e-02
8.0421670072e-02
7.1494808116e-02
6.1526921464e-02
5.2847069848e-02
4.5316477908e-02
3.8803509207e-02
3.0572347642e-02
2.4032920217e-02
1.8858727736e-02
1.4777602772e-02
1.1633587323e-02
9.1510396550e-03
7.1935636487e-03
5.6517610173e-03
4.2098555857e-03
3.1346024626e-03
2.3332036752e-03
1.7361147181e-03
1.1397116300e-03
7.4830580288e-04
4.9123828125e-04
3.2227329067e-04
1.5290485026e-04
7.3047990425e-05
3.4887422890e-05
1.6499509807e-05
2.6863981766e-06
7.4167481911e-07
1.5374447595e-07
9.7362637812e-08
1.5722500134e-08
4.3751373304e-09
9.8912724283e-10
1.1599557978e-09
