2.5412232413e-01
2.5431858449e-01
2.5490766862e-01
2.5589048644e-01
2.5726855615e-01
2.5814420105e-01
2.5912815666e-01
2.6022083581e-01
2.6142269698e-01
2.6224276338e-01
2.6310719360e-01
2.6401613390e-01
2.6496973803e-01
2.6566273532e-01
2.6637768018e-01
2.6711463166e-01
2.6787365064e-01
2.6845965382e-01
2.6905822647e-01
2.6966939661e-01
2.7029319285e-01
2.7080376415e-01
2.7132252709e-01
2.7184949734e-01
2.7238469081e-01
2.7285221154e-01
2.7332585377e-01
2.7380562801e-01
2.7429154484e-01
2.7482522630e-01
2.7536615151e-01
2.7591433375e-01
2.7646978577e-01
2.7687165417e-01
2.7727725385e-01
2.7768658814e-01
2.7809965949e-01
2.7840669202e-01
2.7871575778e-01
2.7902685603e-01
2.7933998520e-01
2.7963205595e-01
2.7992586647e-01
2.8022141241e-01
2.8051868794e-01
2.8085139763e-01
2.8118622426e-01
2.8152314987e-01
2.8186215142e-01
2.8213442900e-01
2.8240799491e-01
2.8268282779e-01
2.8295890261e-01
2.8323140854e-01
2.8350505414e-01
2.8377980304e-01
2.8405561412e-01
2.8438837099e-01
2.8472250446e-01
2.8505791331e-01
2.8539448528e-01
2.8568431423e-01
2.8597482614e-01
2.8626593185e-01
2.8655753754e-01
2.8691086434e-01
2.8726459889e-01
2.8761855505e-01
2.8797254262e-01
2.8836087611e-01
2.8874876009e-01
2.8913594123e-01
2.8952217034e-01
2.8989981346e-01
2.9027608507e-01
2.9065077209e-01
2.9102367117e-01
2.9144308892e-01
2.9185971044e-01
2.9227329245e-01
2.9268361063e-01
2.9318197641e-01
2.9367478637e-01
2.9416173968e-01
2.9464257363e-01
2.9524182973e-01
2.9583054541e-01
2.9640841282e-01
2.9697519223e-01
2.9761411626e-01
2.9823790253e-01
2.9884644010e-01
2.9943968426e-01
3.0003340548e-01
3.0061105014e-01
3.0117272136e-01
3.0171855617e-01
3.0232750985e-01
3.0291598176e-01
3.0348428528e-01
3.0403275474e-01
3.0467557472e-01
3.0529004353e-01
3.0587682430e-01
3.0643658330e-01
3.0710691248e-01
3.0773639643e-01
3.0832632775e-01
3.0887796221e-01
3.0949270790e-01
3.1005578769e-01
3.1056914061e-01
3.1103461585e-01
3.1145690922e-01
3.1183413123e-01
3.1216794494e-01
3.1245996706e-01
3.1267283212e-01
3.1285862147e-01
3.1301827391e-01
3.1315275801e-01
3.1324087820e-01
3.1331479558e-01
3.1337505181e-01
3.1342222681e-01
3.1345209394e-01
3.1347363721e-01
3.1348727948e-01
3.1349347515e-01
3.1349271304e-01
3.1348551877e-01
3.1347245475e-01
3.1345412168e-01
3.1343468345e-01
3.1341226314e-01
3.1338730378e-01
3.1336026473e-01
3.1333419725e-01
3.1330716044e-01
3.1327952504e-01
3.1325166328e-01
3.1322476290e-01
3.1319833234e-01
3.1317269720e-01
3.1314817164e-01
3.1312421321e-01
3.1310208638e-01
3.1308208006e-01
3.1306445478e-01
3.1305036824e-01
3.1303871010e-01
3.1302961142e-01
3.1302317438e-01
3.1301946734e-01
3.1301854498e-01
3.1302041767e-01
3.1302506436e-01
3.1303376305e-01
3.1304592722e-01
3.1306137572e-01
3.1307987806e-01
3.1309905510e-01
3.1312027720e-01
3.1314328208e-01
3.1316778464e-01
3.1319802238e-01
3.1322938055e-01
3.1326131722e-01
3.1329327567e-01
3.1332880352e-01
3.1336281373e-01
3.1339449746e-01
3.1342306664e-01
3.1344702611e-01
3.1346670230e-01
3.1348147202e-01
3.1349074755e-01
3.1349390296e-01
3.1348820130e-01
3.1347291340e-01
3.1344736764e-01
3.1339574816e-01
3.1332308506e-01
3.1322813476e-01
3.1310975915e-01
3.1294093666e-01
3.1273733463e-01
3.1249745366e-01
3.1221983003e-01
3.1189842011e-01
3.1153520058e-01
3.1112859264e-01
3.1067696047e-01
3.1025954387e-01
3.0980778027e-01
3.0932055673e-01
3.0879671525e-01
3.0834469384e-01
3.0786719240e-01
3.0736353094e-01
3.0683301252e-01
3.0636662546e-01
3.0588040151e-01
3.0537390948e-01
3.0484671642e-01
3.0437180413e-01
3.0388067666e-01
3.0337305886e-01
3.0284868339e-01
3.0235918440e-01
3.0185555469e-01
3.0133762794e-01
3.0080525483e-01
3.0013424188e-01
2.9944124341e-01
2.9872615527e-01
2.9798896943e-01
2.9747683202e-01
2.9695466334e-01
2.9642257124e-01
2.9588070452e-01
2.9544592792e-01
2.9500529263e-01
2.9455893986e-01
2.9410703498e-01
2.9372269198e-01
2.9333468345e-01
2.9294315328e-01
2.9254826077e-01
2.9218857616e-01
2.9182642828e-01
2.9146196906e-01
2.9109536151e-01
2.9070212978e-01
2.9030687634e-01
2.8990983891e-01
2.8951126739e-01
2.8918159936e-01
2.8885121625e-01
2.8852027248e-01
2.8818892500e-01
2.8788781789e-01
2.8758662757e-01
2.8728547250e-01
2.8698446983e-01
2.8670683483e-01
2.8642951630e-01
2.8615260002e-01
2.8587616868e-01
2.8557876368e-01
2.8528210830e-01
2.8498629059e-01
2.8469139238e-01
2.8442364160e-01
2.8415676840e-01
2.8389082029e-01
2.8362584028e-01
2.8332895176e-01
2.8303338567e-01
2.8273918427e-01
2.8244638392e-01
2.8212515335e-01
2.8180569900e-01
2.8148804950e-01
2.8117222812e-01
2.8086726586e-01
2.8056405908e-01
2.8026261846e-01
2.7996295228e-01
2.7958118069e-01
2.7920234823e-01
2.7882646102e-01
2.7845352264e-01
2.7784956518e-01
2.7725350851e-01
2.7666534588e-01
2.7608506662e-01
2.7556555169e-01
2.7505250099e-01
2.7454590351e-01
2.7404574798e-01
2.7344199238e-01
2.7284786033e-01
2.7226333118e-01
2.7168838447e-01
2.7088387568e-01
2.7009881135e-01
2.6933313519e-01
2.6858679224e-01
2.6731880278e-01
2.6611037011e-01
2.6496122501e-01
2.6387111145e-01
2.6157876891e-01
2.5959700686e-01
2.5792347218e-01
2.5655617776e-01
2.5549041271e-01
2.5473006071e-01
2.5427421277e-01
2.5412232396e-01
