0.0000000000e+00
1.7241451262e-02
3.4482902523e-02
5.1724353785e-02
6.8965805047e-02
7.7964715336e-02
8.6963625625e-02
9.5962535914e-02
1.0496144620e-01
1.1064522547e-01
1.1632900474e-01
1.2201278400e-01
1.2769656327e-01
1.3168795760e-01
1.3567935193e-01
1.3967074626e-01
1.4366214058e-01
1.4666855220e-01
1.4967496382e-01
1.5268137544e-01
1.5568778705e-01
1.5808453149e-01
1.6048127593e-01
1.6287802036e-01
1.6527476480e-01
1.6729195357e-01
1.6930914235e-01
1.7132633112e-01
1.7334351990e-01
1.7519202269e-01
1.7704052548e-01
1.7888902827e-01
1.8073753105e-01
1.8242269399e-01
1.8410785692e-01
1.8579301986e-01
1.8747818279e-01
1.8882721246e-01
1.9017624213e-01
1.9152527180e-01
1.9287430147e-01
1.9395411316e-01
1.9503392485e-01
1.9611373654e-01
1.9719354823e-01
1.9818778490e-01
1.9918202157e-01
2.0017625824e-01
2.0117049491e-01
2.0229989271e-01
2.0342929050e-01
2.0455868830e-01
2.0568808610e-01
2.0659999665e-01
2.0751190721e-01
2.0842381777e-01
2.0933572832e-01
2.1017533089e-01
2.1101493346e-01
2.1185453602e-01
2.1269413859e-01
2.1367588629e-01
2.1465763399e-01
2.1563938169e-01
2.1662112939e-01
2.1748196008e-01
2.1834279076e-01
2.1920362145e-01
2.2006445214e-01
2.2100622536e-01
2.2194799857e-01
2.2288977179e-01
2.2383154501e-01
2.2486765676e-01
2.2590376852e-01
2.2693988027e-01
2.2797599202e-01
2.2918821272e-01
2.3040043342e-01
2.3161265411e-01
2.3282487481e-01
2.3399470136e-01
2.3516452790e-01
2.3633435445e-01
2.3750418099e-01
2.3879949062e-01
2.4009480024e-01
2.4139010987e-01
2.4268541949e-01
2.4426723695e-01
2.4584905442e-01
2.4743087188e-01
2.4901268934e-01
2.5100946549e-01
2.5300624164e-01
2.5500301779e-01
2.5699979394e-01
2.5941976562e-01
2.6183973730e-01
2.6425970897e-01
2.6667968065e-01
2.6903491840e-01
2.7139015615e-01
2.7374539389e-01
2.7610063164e-01
2.7871992984e-01
2.8133922803e-01
2.8395852622e-01
2.8657782441e-01
2.8964747852e-01
2.9271713262e-01
2.9578678672e-01
2.9885644083e-01
3.0266533502e-01
3.0647422922e-01
3.1028312342e-01
3.1409201761e-01
3.1922578062e-01
3.2435954363e-01
3.2949330664e-01
3.3462706965e-01
3.4166801612e-01
3.4870896259e-01
3.5574990907e-01
3.6279085554e-01
3.6894841232e-01
3.7510596910e-01
3.8126352588e-01
3.8742108267e-01
3.9284686900e-01
3.9827265534e-01
4.0369844168e-01
4.0912422802e-01
4.1425792259e-01
4.1939161716e-01
4.2452531173e-01
4.2965900630e-01
4.3415563010e-01
4.3865225390e-01
4.4314887769e-01
4.4764550149e-01
4.5193603480e-01
4.5622656810e-01
4.6051710141e-01
4.6480763471e-01
4.6900210731e-01
4.7319657991e-01
4.7739105251e-01
4.8158552511e-01
4.8592320837e-01
4.9026089163e-01
4.9459857489e-01
4.9893625815e-01
5.0304064600e-01
5.0714503384e-01
5.1124942169e-01
5.1535380953e-01
5.1978173328e-01
5.2420965703e-01
5.2863758077e-01
5.3306550452e-01
5.3759784432e-01
5.4213018411e-01
5.4666252391e-01
5.5119486371e-01
5.5659073957e-01
5.6198661544e-01
5.6738249130e-01
5.7277836716e-01
5.7827027449e-01
5.8376218182e-01
5.8925408915e-01
5.9474599647e-01
6.0127998122e-01
6.0781396596e-01
6.1434795070e-01
6.2088193544e-01
6.2718213145e-01
6.3348232745e-01
6.3978252346e-01
6.4608271946e-01
6.5119179398e-01
6.5630086849e-01
6.6140994301e-01
6.6651901752e-01
6.7050638954e-01
6.7449376156e-01
6.7848113357e-01
6.8246850559e-01
6.8577240089e-01
6.8907629618e-01
6.9238019147e-01
6.9568408676e-01
6.9851991768e-01
7.0135574859e-01
7.0419157950e-01
7.0702741041e-01
7.0953723867e-01
7.1204706692e-01
7.1455689518e-01
7.1706672343e-01
7.1938724969e-01
7.2170777595e-01
7.2402830221e-01
7.2634882848e-01
7.2893580838e-01
7.3152278829e-01
7.3410976819e-01
7.3669674809e-01
7.3866121893e-01
7.4062568976e-01
7.4259016060e-01
7.4455463143e-01
7.4614365711e-01
7.4773268279e-01
7.4932170848e-01
7.5091073416e-01
7.5223744706e-01
7.5356415996e-01
7.5489087286e-01
7.5621758576e-01
7.5741615696e-01
7.5861472816e-01
7.5981329936e-01
7.6101187056e-01
7.6216608196e-01
7.6332029335e-01
7.6447450475e-01
7.6562871615e-01
7.6676876520e-01
7.6790881425e-01
7.6904886330e-01
7.7018891235e-01
7.7120319748e-01
7.7221748260e-01
7.7323176773e-01
7.7424605285e-01
7.7512070791e-01
7.7599536297e-01
7.7687001803e-01
7.7774467309e-01
7.7863694157e-01
7.7952921004e-01
7.8042147851e-01
7.8131374699e-01
7.8220541364e-01
7.8309708029e-01
7.8398874695e-01
7.8488041360e-01
7.8574775871e-01
7.8661510382e-01
7.8748244894e-01
7.8834979405e-01
7.8931969368e-01
7.9028959331e-01
7.9125949294e-01
7.9222939257e-01
7.9327553062e-01
7.9432166867e-01
7.9536780672e-01
7.9641394476e-01
7.9743378301e-01
7.9845362125e-01
7.9947345949e-01
8.0049329773e-01
8.0170815451e-01
8.0292301128e-01
8.0413786806e-01
8.0535272483e-01
8.0694697088e-01
8.0854121693e-01
8.1013546298e-01
8.1172970903e-01
8.1358595114e-01
8.1544219324e-01
8.1729843535e-01
8.1915467745e-01
8.2121432169e-01
8.2327396593e-01
8.2533361017e-01
8.2739325440e-01
8.2998991642e-01
8.3258657844e-01
8.3518324045e-01
8.3777990247e-01
8.4152196499e-01
8.4526402751e-01
8.4900609003e-01
8.5274815255e-01
8.5934033694e-01
8.6593252133e-01
8.7252470572e-01
8.7911689011e-01
8.9422297315e-01
9.0932905619e-01
9.2443513924e-01
9.3954122228e-01
9.5465591671e-01
9.6977061114e-01
9.8488530557e-01
1.0000000000e+00
