2.7608871152e-01
2.7610962097e-01
2.7617235249e-01
2.7627691558e-01
2.7642332608e-01
2.7655545558e-01
2.7670954232e-01
2.7688559853e-01
2.7708363820e-01
2.7725049424e-01
2.7743030782e-01
2.7762308734e-01
2.7782884181e-01
2.7800231847e-01
2.7818406611e-01
2.7837409013e-01
2.7857239618e-01
2.7874288969e-01
2.7891907033e-01
2.7910094170e-01
2.7928850749e-01
2.7945346141e-01
2.7962258667e-01
2.7979588579e-01
2.7997336135e-01
2.8013301819e-01
2.8029591401e-01
2.8046205066e-01
2.8063143004e-01
2.8078823595e-01
2.8094772517e-01
2.8110989917e-01
2.8127475942e-01
2.8143847604e-01
2.8160476120e-01
2.8177361627e-01
2.8194504257e-01
2.8210627705e-01
2.8226972380e-01
2.8243538374e-01
2.8260325763e-01
2.8274863874e-01
2.8289564115e-01
2.8304426500e-01
2.8319451030e-01
2.8331884970e-01
2.8344427774e-01
2.8357079401e-01
2.8369839796e-01
2.8381168861e-01
2.8392582176e-01
2.8404079658e-01
2.8415661200e-01
2.8426582276e-01
2.8437576822e-01
2.8448644688e-01
2.8459785697e-01
2.8471284013e-01
2.8482858736e-01
2.8494509560e-01
2.8506236132e-01
2.8518150808e-01
2.8530141778e-01
2.8542208483e-01
2.8554350283e-01
2.8565248622e-01
2.8576205606e-01
2.8587220585e-01
2.8598292834e-01
2.8608873440e-01
2.8619504341e-01
2.8630184703e-01
2.8640913614e-01
2.8651253192e-01
2.8661635607e-01
2.8672059835e-01
2.8682524774e-01
2.8694615215e-01
2.8706756061e-01
2.8718945238e-01
2.8731180524e-01
2.8742410609e-01
2.8753675382e-01
2.8764972829e-01
2.8776300840e-01
2.8787353449e-01
2.8798430809e-01
2.8809530730e-01
2.8820650950e-01
2.8833057370e-01
2.8845482769e-01
2.8857923751e-01
2.8870376845e-01
2.8883565194e-01
2.8896758885e-01
2.8909953604e-01
2.8923144997e-01
2.8938584088e-01
2.8954005547e-01
2.8969402322e-01
2.8984767392e-01
2.8999856020e-01
2.9014900607e-01
2.9029894684e-01
2.9044831899e-01
2.9059607459e-01
2.9074314810e-01
2.9088948145e-01
2.9103501821e-01
2.9119336220e-01
2.9135061661e-01
2.9150671466e-01
2.9166159225e-01
2.9182491421e-01
2.9198671551e-01
2.9214692908e-01
2.9230549124e-01
2.9248748668e-01
2.9266708472e-01
2.9284420234e-01
2.9301876213e-01
2.9323915934e-01
2.9345507632e-01
2.9366638628e-01
2.9387297495e-01
2.9409102980e-01
2.9430332355e-01
2.9450975383e-01
2.9471023062e-01
2.9492060667e-01
2.9512381646e-01
2.9531978563e-01
2.9550845093e-01
2.9568690765e-01
2.9585819884e-01
2.9602228906e-01
2.9617914914e-01
2.9633691706e-01
2.9648657420e-01
2.9662810351e-01
2.9676149223e-01
2.9689706227e-01
2.9702302163e-01
2.9713936596e-01
2.9724609357e-01
2.9735288785e-01
2.9744793266e-01
2.9753123198e-01
2.9760279061e-01
2.9766995921e-01
2.9772193123e-01
2.9775871286e-01
2.9778030885e-01
2.9778676666e-01
2.9777996205e-01
2.9775989420e-01
2.9772656075e-01
2.9768496326e-01
2.9763249767e-01
2.9756915978e-01
2.9749494510e-01
2.9741730931e-01
2.9733051659e-01
2.9723456443e-01
2.9712945126e-01
2.9702336215e-01
2.9690933465e-01
2.9678737190e-01
2.9665747930e-01
2.9652600550e-01
2.9638731331e-01
2.9624141585e-01
2.9608833001e-01
2.9592133185e-01
2.9574659464e-01
2.9556415514e-01
2.9537405804e-01
2.9519837730e-01
2.9501671144e-01
2.9482911240e-01
2.9463564014e-01
2.9445035630e-01
2.9426010754e-01
2.9406496509e-01
2.9386500900e-01
2.9369784188e-01
2.9352756459e-01
2.9335423633e-01
2.9317792157e-01
2.9302377593e-01
2.9286751626e-01
2.9270919406e-01
2.9254886429e-01
2.9240107020e-01
2.9225170481e-01
2.9210081776e-01
2.9194846139e-01
2.9180530018e-01
2.9166095902e-01
2.9151548667e-01
2.9136893400e-01
2.9122661196e-01
2.9108338357e-01
2.9093929995e-01
2.9079441394e-01
2.9061281309e-01
2.9043015985e-01
2.9024656675e-01
2.9006214958e-01
2.8992539295e-01
2.8978829973e-01
2.8965091927e-01
2.8951330138e-01
2.8936584863e-01
2.8921824313e-01
2.8907054652e-01
2.8892282022e-01
2.8880692156e-01
2.8869107134e-01
2.8857529838e-01
2.8845963107e-01
2.8834839580e-01
2.8823730874e-01
2.8812639376e-01
2.8801567411e-01
2.8787679153e-01
2.8773829672e-01
2.8760023111e-01
2.8746263417e-01
2.8735269824e-01
2.8724310574e-01
2.8713387400e-01
2.8702501942e-01
2.8691933301e-01
2.8681403281e-01
2.8670913146e-01
2.8660464078e-01
2.8649323145e-01
2.8638231808e-01
2.8627191221e-01
2.8616202447e-01
2.8604310221e-01
2.8592481572e-01
2.8580717524e-01
2.8569018994e-01
2.8556384575e-01
2.8543829386e-01
2.8531354247e-01
2.8518959874e-01
2.8507539438e-01
2.8496189417e-01
2.8484910190e-01
2.8473702085e-01
2.8461976068e-01
2.8450329525e-01
2.8438762700e-01
2.8427275798e-01
2.8414256360e-01
2.8401341584e-01
2.8388531642e-01
2.8375826672e-01
2.8360182667e-01
2.8344701132e-01
2.8329382176e-01
2.8314225866e-01
2.8290457204e-01
2.8267100027e-01
2.8244154260e-01
2.8221619751e-01
2.8204047983e-01
2.8186734417e-01
2.8169678927e-01
2.8152881383e-01
2.8134866169e-01
2.8117157064e-01
2.8099753889e-01
2.8082656462e-01
2.8063389114e-01
2.8044524894e-01
2.8026063536e-01
2.8008004778e-01
2.7986791037e-01
2.7966160367e-01
2.7946112341e-01
2.7926646543e-01
2.7902534652e-01
2.7879378802e-01
2.7857178202e-01
2.7835932091e-01
2.7807609379e-01
2.7781178982e-01
2.7756639101e-01
2.7733988068e-01
2.7704646849e-01
2.7679226185e-01
2.7657722477e-01
2.7640132682e-01
2.7626454310e-01
2.7616685428e-01
2.7610824651e-01
2.7608871151e-01
