0.0000000000e+00
3.4201946604e-03
6.8403893208e-03
1.0260583981e-02
1.3680778642e-02
1.6981319581e-02
2.0281860520e-02
2.3582401459e-02
2.6882942398e-02
3.0119295018e-02
3.3355647638e-02
3.6592000257e-02
3.9828352877e-02
4.3021508671e-02
4.6214664465e-02
4.9407820259e-02
5.2600976054e-02
5.5764277834e-02
5.8927579614e-02
6.2090881395e-02
6.5254183175e-02
6.8402303048e-02
7.1550422921e-02
7.4698542794e-02
7.7846662667e-02
8.0987905266e-02
8.4129147866e-02
8.7270390465e-02
9.0411633064e-02
9.3550498660e-02
9.6689364256e-02
9.9828229851e-02
1.0296709545e-01
1.0611547320e-01
1.0926385095e-01
1.1241222871e-01
1.1556060646e-01
1.1872274919e-01
1.2188489192e-01
1.2504703464e-01
1.2820917737e-01
1.3139461676e-01
1.3458005615e-01
1.3776549554e-01
1.4095093494e-01
1.4417002959e-01
1.4738912424e-01
1.5060821890e-01
1.5382731355e-01
1.5708864340e-01
1.6034997324e-01
1.6361130309e-01
1.6687263294e-01
1.7019462110e-01
1.7351660926e-01
1.7683859741e-01
1.8016058557e-01
1.8356509625e-01
1.8696960693e-01
1.9037411761e-01
1.9377862830e-01
1.9730706312e-01
2.0083549794e-01
2.0436393277e-01
2.0789236759e-01
2.1162668414e-01
2.1536100069e-01
2.1909531724e-01
2.2282963378e-01
2.2704942820e-01
2.3126922261e-01
2.3548901702e-01
2.3970881143e-01
2.4378414540e-01
2.4785947937e-01
2.5193481334e-01
2.5601014731e-01
2.5970161053e-01
2.6339307375e-01
2.6708453697e-01
2.7077600019e-01
2.7429175129e-01
2.7780750238e-01
2.8132325348e-01
2.8483900458e-01
2.8824538915e-01
2.9165177373e-01
2.9505815831e-01
2.9846454289e-01
3.0179530139e-01
3.0512605990e-01
3.0845681840e-01
3.1178757691e-01
3.1506141448e-01
3.1833525205e-01
3.2160908962e-01
3.2488292719e-01
3.2811534260e-01
3.3134775802e-01
3.3458017343e-01
3.3781258884e-01
3.4101534586e-01
3.4421810289e-01
3.4742085992e-01
3.5062361694e-01
3.5380365100e-01
3.5698368506e-01
3.6016371912e-01
3.6334375318e-01
3.6651032062e-01
3.6967688805e-01
3.7284345549e-01
3.7601002293e-01
3.7916901677e-01
3.8232801060e-01
3.8548700444e-01
3.8864599828e-01
3.9180535528e-01
3.9496471228e-01
3.9812406927e-01
4.0128342627e-01
4.0444837513e-01
4.0761332399e-01
4.1077827285e-01
4.1394322171e-01
4.1712045475e-01
4.2029768779e-01
4.2347492083e-01
4.2665215386e-01
4.2985692743e-01
4.3306170099e-01
4.3626647455e-01
4.3947124811e-01
4.4271172867e-01
4.4595220923e-01
4.4919268979e-01
4.5243317035e-01
4.5572609298e-01
4.5901901560e-01
4.6231193823e-01
4.6560486086e-01
4.6898845007e-01
4.7237203928e-01
4.7575562850e-01
4.7913921771e-01
4.8272397725e-01
4.8630873680e-01
4.8989349634e-01
4.9347825588e-01
4.9702575081e-01
5.0057324574e-01
5.0412074068e-01
5.0766823561e-01
5.1104626002e-01
5.1442428443e-01
5.1780230884e-01
5.2118033325e-01
5.2446802012e-01
5.2775570698e-01
5.3104339384e-01
5.3433108071e-01
5.3757307608e-01
5.4081507146e-01
5.4405706683e-01
5.4729906221e-01
5.5050255667e-01
5.5370605114e-01
5.5690954560e-01
5.6011304007e-01
5.6329368341e-01
5.6647432675e-01
5.6965497009e-01
5.7283561344e-01
5.7600018701e-01
5.7916476058e-01
5.8232933415e-01
5.8549390772e-01
5.8865219524e-01
5.9181048276e-01
5.9496877028e-01
5.9812705781e-01
6.0128475487e-01
6.0444245193e-01
6.0760014900e-01
6.1075784606e-01
6.1392454553e-01
6.1709124500e-01
6.2025794448e-01
6.2342464395e-01
6.2660544164e-01
6.2978623934e-01
6.3296703703e-01
6.3614783472e-01
6.3934808577e-01
6.4254833681e-01
6.4574858785e-01
6.4894883890e-01
6.5218026767e-01
6.5541169644e-01
6.5864312521e-01
6.6187455398e-01
6.6514786449e-01
6.6842117500e-01
6.7169448551e-01
6.7496779602e-01
6.7829751416e-01
6.8162723231e-01
6.8495695046e-01
6.8828666861e-01
6.9169353820e-01
6.9510040778e-01
6.9850727737e-01
7.0191414696e-01
7.0543269888e-01
7.0895125080e-01
7.1246980272e-01
7.1598835464e-01
7.1969108035e-01
7.2339380607e-01
7.2709653178e-01
7.3079925750e-01
7.3493973819e-01
7.3908021888e-01
7.4322069958e-01
7.4736118027e-01
7.5145732806e-01
7.5555347585e-01
7.5964962364e-01
7.6374577143e-01
7.6744259153e-01
7.7113941163e-01
7.7483623172e-01
7.7853305182e-01
7.8203859074e-01
7.8554412965e-01
7.8904966857e-01
7.9255520749e-01
7.9595438894e-01
7.9935357039e-01
8.0275275185e-01
8.0615193330e-01
8.0947308826e-01
8.1279424322e-01
8.1611539818e-01
8.1943655314e-01
8.2270018694e-01
8.2596382075e-01
8.2922745455e-01
8.3249108836e-01
8.3571072790e-01
8.3893036745e-01
8.4215000700e-01
8.4536964655e-01
8.4855685846e-01
8.5174407038e-01
8.5493128230e-01
8.5811849421e-01
8.6128246947e-01
8.6444644472e-01
8.6761041998e-01
8.7077439524e-01
8.7392305905e-01
8.7707172286e-01
8.8022038667e-01
8.8336905048e-01
8.8650974477e-01
8.8965043906e-01
8.9279113335e-01
8.9593182764e-01
8.9907354807e-01
9.0221526851e-01
9.0535698894e-01
9.0849870938e-01
9.1164683431e-01
9.1479495924e-01
9.1794308416e-01
9.2109120909e-01
9.2425336067e-01
9.2741551224e-01
9.3057766382e-01
9.3373981540e-01
9.3693050002e-01
9.4012118464e-01
9.4331186926e-01
9.4650255388e-01
9.4973515779e-01
9.5296776169e-01
9.5620036560e-01
9.5943296950e-01
9.6272506489e-01
9.6601716028e-01
9.6930925567e-01
9.7260135106e-01
9.7602252329e-01
9.7944369552e-01
9.8286486775e-01
9.8628603998e-01
9.8971452999e-01
9.9314301999e-01
9.9657151000e-01
1.0000000000e+00
