0.0000000000e+00
4.8956308744e-03
9.7912617488e-03
1.4686892623e-02
1.9582523498e-02
2.4108265587e-02
2.8634007676e-02
3.3159749765e-02
3.7685491855e-02
4.1293636437e-02
4.4901781019e-02
4.8509925602e-02
5.2118070184e-02
5.5105320864e-02
5.8092571544e-02
6.1079822224e-02
6.4067072904e-02
6.6802838489e-02
6.9538604075e-02
7.2274369660e-02
7.5010135246e-02
7.7896046841e-02
8.0781958437e-02
8.3667870033e-02
8.6553781628e-02
8.9219220753e-02
9.1884659878e-02
9.4550099003e-02
9.7215538128e-02
9.9759695830e-02
1.0230385353e-01
1.0484801124e-01
1.0739216894e-01
1.0970458746e-01
1.1201700599e-01
1.1432942451e-01
1.1664184303e-01
1.1958107579e-01
1.2252030855e-01
1.2545954130e-01
1.2839877406e-01
1.3086062003e-01
1.3332246601e-01
1.3578431198e-01
1.3824615796e-01
1.4080519777e-01
1.4336423758e-01
1.4592327740e-01
1.4848231721e-01
1.5128424220e-01
1.5408616719e-01
1.5688809218e-01
1.5969001717e-01
1.6311257648e-01
1.6653513578e-01
1.6995769508e-01
1.7338025438e-01
1.7666351616e-01
1.7994677795e-01
1.8323003973e-01
1.8651330151e-01
1.8987468006e-01
1.9323605862e-01
1.9659743717e-01
1.9995881572e-01
2.0374048624e-01
2.0752215677e-01
2.1130382729e-01
2.1508549781e-01
2.1956948165e-01
2.2405346549e-01
2.2853744932e-01
2.3302143316e-01
2.3847808529e-01
2.4393473742e-01
2.4939138956e-01
2.5484804169e-01
2.6010473436e-01
2.6536142704e-01
2.7061811971e-01
2.7587481238e-01
2.8052227472e-01
2.8516973705e-01
2.8981719938e-01
2.9446466171e-01
2.9840191877e-01
3.0233917583e-01
3.0627643289e-01
3.1021368995e-01
3.1368015100e-01
3.1714661205e-01
3.2061307310e-01
3.2407953414e-01
3.2731113644e-01
3.3054273873e-01
3.3377434102e-01
3.3700594331e-01
3.4061715829e-01
3.4422837328e-01
3.4783958827e-01
3.5145080326e-01
3.5444644274e-01
3.5744208223e-01
3.6043772172e-01
3.6343336121e-01
3.6625293973e-01
3.6907251826e-01
3.7189209678e-01
3.7471167531e-01
3.7716294499e-01
3.7961421467e-01
3.8206548435e-01
3.8451675402e-01
3.8700955966e-01
3.8950236529e-01
3.9199517093e-01
3.9448797656e-01
3.9697339161e-01
3.9945880666e-01
4.0194422171e-01
4.0442963675e-01
4.0678222497e-01
4.0913481319e-01
4.1148740141e-01
4.1383998963e-01
4.1632339927e-01
4.1880680891e-01
4.2129021855e-01
4.2377362819e-01
4.2671372816e-01
4.2965382813e-01
4.3259392811e-01
4.3553402808e-01
4.3831412451e-01
4.4109422094e-01
4.4387431737e-01
4.4665441380e-01
4.4949262938e-01
4.5233084496e-01
4.5516906054e-01
4.5800727612e-01
4.6128325782e-01
4.6455923952e-01
4.6783522123e-01
4.7111120293e-01
4.7551143553e-01
4.7991166813e-01
4.8431190073e-01
4.8871213332e-01
4.9346819581e-01
4.9822425830e-01
5.0298032078e-01
5.0773638327e-01
5.1136065039e-01
5.1498491752e-01
5.1860918464e-01
5.2223345176e-01
5.2526398636e-01
5.2829452095e-01
5.3132505555e-01
5.3435559014e-01
5.3712255451e-01
5.3988951888e-01
5.4265648325e-01
5.4542344762e-01
5.4834012522e-01
5.5125680282e-01
5.5417348041e-01
5.5709015801e-01
5.5977779704e-01
5.6246543607e-01
5.6515307510e-01
5.6784071413e-01
5.7039778574e-01
5.7295485734e-01
5.7551192895e-01
5.7806900055e-01
5.8039884333e-01
5.8272868611e-01
5.8505852889e-01
5.8738837167e-01
5.9056722920e-01
5.9374608673e-01
5.9692494425e-01
6.0010380178e-01
6.0248239086e-01
6.0486097994e-01
6.0723956902e-01
6.0961815809e-01
6.1215582676e-01
6.1469349542e-01
6.1723116408e-01
6.1976883275e-01
6.2259545680e-01
6.2542208086e-01
6.2824870491e-01
6.3107532897e-01
6.3490494971e-01
6.3873457045e-01
6.4256419119e-01
6.4639381194e-01
6.4966055669e-01
6.5292730144e-01
6.5619404619e-01
6.5946079094e-01
6.6286707143e-01
6.6627335192e-01
6.6967963241e-01
6.7308591289e-01
6.7694520862e-01
6.8080450434e-01
6.8466380006e-01
6.8852309579e-01
6.9312702299e-01
6.9773095018e-01
7.0233487738e-01
7.0693880458e-01
7.1251016228e-01
7.1808151998e-01
7.2365287768e-01
7.2922423538e-01
7.3439495517e-01
7.3956567496e-01
7.4473639474e-01
7.4990711453e-01
7.5445915953e-01
7.5901120453e-01
7.6356324952e-01
7.6811529452e-01
7.7194892670e-01
7.7578255887e-01
7.7961619105e-01
7.8344982322e-01
7.8685516798e-01
7.9026051273e-01
7.9366585748e-01
7.9707120224e-01
8.0026045799e-01
8.0344971375e-01
8.0663896950e-01
8.0982822526e-01
8.1344942627e-01
8.1707062729e-01
8.2069182830e-01
8.2431302932e-01
8.2720845900e-01
8.3010388868e-01
8.3299931836e-01
8.3589474804e-01
8.3873717809e-01
8.4157960814e-01
8.4442203819e-01
8.4726446824e-01
8.4964581608e-01
8.5202716392e-01
8.5440851176e-01
8.5678985960e-01
8.5926627552e-01
8.6174269144e-01
8.6421910736e-01
8.6669552328e-01
8.6916560451e-01
8.7163568574e-01
8.7410576697e-01
8.7657584820e-01
8.7888778681e-01
8.8119972542e-01
8.8351166404e-01
8.8582360265e-01
8.8831438611e-01
8.9080516958e-01
8.9329595304e-01
8.9578673651e-01
8.9876894754e-01
9.0175115857e-01
9.0473336960e-01
9.0771558063e-01
9.1044764348e-01
9.1317970633e-01
9.1591176918e-01
9.1864383202e-01
9.2147397585e-01
9.2430411968e-01
9.2713426351e-01
9.2996440734e-01
9.3329807620e-01
9.3663174507e-01
9.3996541394e-01
9.4329908280e-01
9.4765833926e-01
9.5201759571e-01
9.5637685217e-01
9.6073610862e-01
9.6564157016e-01
9.7054703170e-01
9.7545249324e-01
9.8035795478e-01
9.8526846609e-01
9.9017897739e-01
9.9508948870e-01
1.0000000000e+00
