2.8667197472e-01
2.8667317340e-01
2.8667676947e-01
2.8668276293e-01
2.8669115386e-01
2.8670087702e-01
2.8671258705e-01
2.8672628404e-01
2.8674196807e-01
2.8675818566e-01
2.8677609183e-01
2.8679568665e-01
2.8681697024e-01
2.8683848687e-01
2.8686149186e-01
2.8688598532e-01
2.8691196734e-01
2.8693876724e-01
2.8696698589e-01
2.8699662335e-01
2.8702767968e-01
2.8706438480e-01
2.8710289254e-01
2.8714320293e-01
2.8718531590e-01
2.8721818948e-01
2.8725208331e-01
2.8728699728e-01
2.8732293122e-01
2.8735737515e-01
2.8739270641e-01
2.8742892470e-01
2.8746602967e-01
2.8749752539e-01
2.8752963230e-01
2.8756235003e-01
2.8759567816e-01
2.8762622040e-01
2.8765725705e-01
2.8768878765e-01
2.8772081165e-01
2.8775127671e-01
2.8778217415e-01
2.8781350334e-01
2.8784526356e-01
2.8787650434e-01
2.8790814965e-01
2.8794019857e-01
2.8797265005e-01
2.8800664392e-01
2.8804106599e-01
2.8807591471e-01
2.8811118835e-01
2.8814946597e-01
2.8818822692e-01
2.8822746830e-01
2.8826718688e-01
2.8830258310e-01
2.8833834449e-01
2.8837446810e-01
2.8841095076e-01
2.8844550052e-01
2.8848036015e-01
2.8851552634e-01
2.8855099549e-01
2.8858510785e-01
2.8861948883e-01
2.8865413465e-01
2.8868904126e-01
2.8872302209e-01
2.8875723843e-01
2.8879168593e-01
2.8882636003e-01
2.8886354646e-01
2.8890097850e-01
2.8893864970e-01
2.8897655329e-01
2.8902118895e-01
2.8906612106e-01
2.8911133705e-01
2.8915682372e-01
2.8919524806e-01
2.8923384532e-01
2.8927260670e-01
2.8931152312e-01
2.8934972451e-01
2.8938805624e-01
2.8942650907e-01
2.8946507355e-01
2.8950570797e-01
2.8954644353e-01
2.8958726855e-01
2.8962817113e-01
2.8967800196e-01
2.8972790746e-01
2.8977786517e-01
2.8982785234e-01
2.8987475207e-01
2.8992163831e-01
2.8996849178e-01
2.9001529312e-01
2.9006772889e-01
2.9012004707e-01
2.9017222024e-01
2.9022422103e-01
2.9027948019e-01
2.9033447930e-01
2.9038918581e-01
2.9044356754e-01
2.9049417860e-01
2.9054445113e-01
2.9059435978e-01
2.9064387959e-01
2.9069373659e-01
2.9074314232e-01
2.9079207212e-01
2.9084050189e-01
2.9089095666e-01
2.9094080345e-01
2.9099001611e-01
2.9103856921e-01
2.9108938795e-01
2.9113940613e-01
2.9118859597e-01
2.9123693069e-01
2.9128831635e-01
2.9133863564e-01
2.9138785811e-01
2.9143595459e-01
2.9148907236e-01
2.9154066894e-01
2.9159070748e-01
2.9163915306e-01
2.9169355341e-01
2.9174569659e-01
2.9179553661e-01
2.9184303061e-01
2.9189502670e-01
2.9194376883e-01
2.9198920492e-01
2.9203128764e-01
2.9207549323e-01
2.9211514696e-01
2.9215019790e-01
2.9218060197e-01
2.9220469307e-01
2.9222470042e-01
2.9224060325e-01
2.9225238522e-01
2.9226012148e-01
2.9226358593e-01
2.9226277498e-01
2.9225768946e-01
2.9224824197e-01
2.9223446617e-01
2.9221637684e-01
2.9219399354e-01
2.9216876972e-01
2.9213971660e-01
2.9210686378e-01
2.9207024530e-01
2.9203435109e-01
2.9199550891e-01
2.9195375294e-01
2.9190912077e-01
2.9186705905e-01
2.9182278773e-01
2.9177634049e-01
2.9172775349e-01
2.9168532785e-01
2.9164144494e-01
2.9159613051e-01
2.9154941172e-01
2.9150565619e-01
2.9146078171e-01
2.9141481199e-01
2.9136777180e-01
2.9132270972e-01
2.9127675118e-01
2.9122991920e-01
2.9118223771e-01
2.9113652266e-01
2.9109009585e-01
2.9104297944e-01
2.9099519632e-01
2.9094881813e-01
2.9090187105e-01
2.9085437695e-01
2.9080635830e-01
2.9075800979e-01
2.9070918657e-01
2.9065991249e-01
2.9061021185e-01
2.9055446450e-01
2.9049825505e-01
2.9044161897e-01
2.9038459234e-01
2.9033488693e-01
2.9028493988e-01
2.9023477556e-01
2.9018441857e-01
2.9013814240e-01
2.9009174445e-01
2.9004524391e-01
2.8999865998e-01
2.8995014651e-01
2.8990158523e-01
2.8985299764e-01
2.8980440512e-01
2.8976318872e-01
2.8972199692e-01
2.8968084246e-01
2.8963973792e-01
2.8960071342e-01
2.8956175584e-01
2.8952287556e-01
2.8948408281e-01
2.8944459354e-01
2.8940521631e-01
2.8936596135e-01
2.8932683863e-01
2.8928049007e-01
2.8923435825e-01
2.8918845851e-01
2.8914280563e-01
2.8910371681e-01
2.8906483012e-01
2.8902615393e-01
2.8898769627e-01
2.8895205901e-01
2.8891662419e-01
2.8888139752e-01
2.8884638446e-01
2.8881064113e-01
2.8877513412e-01
2.8873986850e-01
2.8870484911e-01
2.8866815363e-01
2.8863174268e-01
2.8859562103e-01
2.8855979312e-01
2.8852156839e-01
2.8848369354e-01
2.8844617308e-01
2.8840901117e-01
2.8835875415e-01
2.8830918440e-01
2.8826030988e-01
2.8821213770e-01
2.8817647885e-01
2.8814122084e-01
2.8810636582e-01
2.8807191576e-01
2.8803813866e-01
2.8800476348e-01
2.8797179164e-01
2.8793922440e-01
2.8790565689e-01
2.8787253283e-01
2.8783985326e-01
2.8780761913e-01
2.8777304796e-01
2.8773900625e-01
2.8770549484e-01
2.8767251448e-01
2.8763521573e-01
2.8759862210e-01
2.8756273431e-01
2.8752755298e-01
2.8748782646e-01
2.8744904241e-01
2.8741120140e-01
2.8737430387e-01
2.8733034662e-01
2.8728780915e-01
2.8724669183e-01
2.8720699495e-01
2.8716845560e-01
2.8713135697e-01
2.8709569914e-01
2.8706148214e-01
2.8702850958e-01
2.8699699552e-01
2.8696693990e-01
2.8693834268e-01
2.8690954147e-01
2.8688238818e-01
2.8685688268e-01
2.8683302489e-01
2.8680889873e-01
2.8678672959e-01
2.8676651734e-01
2.8674826185e-01
2.8673038149e-01
2.8671488545e-01
2.8670177363e-01
2.8669104591e-01
2.8668270221e-01
2.8667674248e-01
2.8667316666e-01
2.8667197472e-01
