2.5206793601e-01
2.5226564746e-01
2.5285909189e-01
2.5384920023e-01
2.5523752582e-01
2.5612692649e-01
2.5712715622e-01
2.5823864783e-01
2.5946188229e-01
2.6029365201e-01
2.6117049530e-01
2.6209256399e-01
2.6306001775e-01
2.6376917903e-01
2.6450102551e-01
2.6525562015e-01
2.6603302784e-01
2.6663457024e-01
2.6724916039e-01
2.6787682835e-01
2.6851760485e-01
2.6903661628e-01
2.6956395549e-01
2.7009963880e-01
2.7064368277e-01
2.7110594818e-01
2.7157410426e-01
2.7204816114e-01
2.7252812908e-01
2.7296131254e-01
2.7339921605e-01
2.7384184704e-01
2.7428921294e-01
2.7474492456e-01
2.7520546153e-01
2.7567083119e-01
2.7614104059e-01
2.7652740848e-01
2.7691699140e-01
2.7730979204e-01
2.7770581246e-01
2.7799838952e-01
2.7829270014e-01
2.7858874387e-01
2.7888651970e-01
2.7915403398e-01
2.7942292774e-01
2.7969319842e-01
2.7996484264e-01
2.8025900143e-01
2.8055474204e-01
2.8085205550e-01
2.8115093052e-01
2.8142077295e-01
2.8169185231e-01
2.8196415390e-01
2.8223766029e-01
2.8248609895e-01
2.8273548941e-01
2.8298581173e-01
2.8323704329e-01
2.8348510941e-01
2.8373400416e-01
2.8398369746e-01
2.8423415621e-01
2.8450350820e-01
2.8477364968e-01
2.8504452771e-01
2.8531608525e-01
2.8557137734e-01
2.8582716023e-01
2.8608337778e-01
2.8633997131e-01
2.8664528456e-01
2.8695093671e-01
2.8725681869e-01
2.8756281896e-01
2.8790248010e-01
2.8824199084e-01
2.8858119457e-01
2.8891993552e-01
2.8926091723e-01
2.8960111698e-01
2.8994038388e-01
2.9027857169e-01
2.9063011341e-01
2.9098017358e-01
2.9132860618e-01
2.9167527280e-01
2.9206154816e-01
2.9244526986e-01
2.9282627892e-01
2.9320442891e-01
2.9368457875e-01
2.9415956185e-01
2.9462915526e-01
2.9509316499e-01
2.9563937666e-01
2.9617716226e-01
2.9670633009e-01
2.9722672970e-01
2.9780844724e-01
2.9837853504e-01
2.9893692374e-01
2.9948358490e-01
3.0002397260e-01
3.0055243467e-01
3.0106903456e-01
3.0157385767e-01
3.0212178902e-01
3.0265543703e-01
3.0317498483e-01
3.0368063040e-01
3.0425312524e-01
3.0480734007e-01
3.0534363404e-01
3.0586237418e-01
3.0647532695e-01
3.0706311208e-01
3.0762642002e-01
3.0816593719e-01
3.0885053937e-01
3.0949551151e-01
3.1010240966e-01
3.1067275107e-01
3.1138001242e-01
3.1202809869e-01
3.1262028434e-01
3.1315972153e-01
3.1364164268e-01
3.1407829016e-01
3.1447236234e-01
3.1482647682e-01
3.1513231406e-01
3.1540562456e-01
3.1564857811e-01
3.1586329609e-01
3.1602733002e-01
3.1617322102e-01
3.1630223908e-01
3.1641562043e-01
3.1650720781e-01
3.1658745838e-01
3.1665723290e-01
3.1671734657e-01
3.1676850873e-01
3.1681149348e-01
3.1684693212e-01
3.1687537985e-01
3.1689739359e-01
3.1691321584e-01
3.1692313452e-01
3.1692733502e-01
3.1692605686e-01
3.1691954397e-01
3.1690768266e-01
3.1689026999e-01
3.1686530671e-01
3.1683327147e-01
3.1679361481e-01
3.1674569721e-01
3.1668584067e-01
3.1661520774e-01
3.1653280928e-01
3.1643759137e-01
3.1630458391e-01
3.1614942993e-01
3.1597003736e-01
3.1576424744e-01
3.1552418131e-01
3.1525176071e-01
3.1494449952e-01
3.1459985096e-01
3.1421588312e-01
3.1378937878e-01
3.1331758496e-01
3.1279765837e-01
3.1236250282e-01
3.1189565644e-01
3.1139569002e-01
3.1086113185e-01
3.1041443651e-01
3.0994454940e-01
3.0945069138e-01
3.0893206632e-01
3.0848117925e-01
3.0801211497e-01
3.0752439105e-01
3.0701751948e-01
3.0656632188e-01
3.0610031002e-01
3.0561916970e-01
3.0512258778e-01
3.0467058466e-01
3.0420606472e-01
3.0372882074e-01
3.0323865133e-01
3.0277820578e-01
3.0230661342e-01
3.0182374152e-01
3.0132946824e-01
3.0082605838e-01
3.0031115322e-01
2.9978468015e-01
2.9924658911e-01
2.9875908654e-01
2.9826241044e-01
2.9775658738e-01
2.9724166977e-01
2.9678035201e-01
2.9631210926e-01
2.9583704134e-01
2.9535527300e-01
2.9497357386e-01
2.9458794723e-01
2.9419849089e-01
2.9380531550e-01
2.9345651320e-01
2.9310502321e-01
2.9275094811e-01
2.9239439971e-01
2.9206281809e-01
2.9172933073e-01
2.9139404771e-01
2.9105708610e-01
2.9071021662e-01
2.9036185609e-01
2.9001215259e-01
2.8966126092e-01
2.8935035806e-01
2.8903876789e-01
2.8872660792e-01
2.8841399797e-01
2.8811679170e-01
2.8781939425e-01
2.8752191088e-01
2.8722444652e-01
2.8696627396e-01
2.8670826125e-01
2.8645047419e-01
2.8619297703e-01
2.8587076597e-01
2.8554922601e-01
2.8522846880e-01
2.8490859918e-01
2.8466228601e-01
2.8441660190e-01
2.8417158563e-01
2.8392727310e-01
2.8366084005e-01
2.8339532810e-01
2.8313077265e-01
2.8286720532e-01
2.8257576584e-01
2.8228561236e-01
2.8199677372e-01
2.8170927449e-01
2.8142941369e-01
2.8115087018e-01
2.8087365759e-01
2.8059778715e-01
2.8030859730e-01
2.8002091613e-01
2.7973475051e-01
2.7945010580e-01
2.7909343266e-01
2.7873918893e-01
2.7838737841e-01
2.7803800329e-01
2.7757278616e-01
2.7711195979e-01
2.7665552177e-01
2.7620346818e-01
2.7573574298e-01
2.7527279413e-01
2.7481461477e-01
2.7436119774e-01
2.7384909087e-01
2.7334317711e-01
2.7284344533e-01
2.7234988442e-01
2.7173296738e-01
2.7112592997e-01
2.7052875020e-01
2.6994140640e-01
2.6911500253e-01
2.6830878240e-01
2.6752268557e-01
2.6675665308e-01
2.6546206465e-01
2.6422865770e-01
2.6305614798e-01
2.6194426523e-01
2.5961902186e-01
2.5760934643e-01
2.5591279606e-01
2.5452730852e-01
2.5345035102e-01
2.5268203108e-01
2.5222141304e-01
2.5206793597e-01
