2.5190050273e-01
2.5209098041e-01
2.5266270141e-01
2.5361653038e-01
2.5495390992e-01
2.5581841992e-01
2.5679148137e-01
2.5787350717e-01
2.5906495645e-01
2.5987764707e-01
2.6073470502e-01
2.6163627663e-01
2.6258251582e-01
2.6328034644e-01
2.6400075864e-01
2.6474381421e-01
2.6550957688e-01
2.6610402473e-01
2.6671153535e-01
2.6733213857e-01
2.6796586484e-01
2.6847724789e-01
2.6899690225e-01
2.6952484393e-01
2.7006108920e-01
2.7051472141e-01
2.7097415147e-01
2.7143938920e-01
2.7191044454e-01
2.7232724904e-01
2.7274851896e-01
2.7317426113e-01
2.7360448242e-01
2.7403850650e-01
2.7447700944e-01
2.7491999802e-01
2.7536747896e-01
2.7573503077e-01
2.7610556659e-01
2.7647908957e-01
2.7685560259e-01
2.7716544890e-01
2.7747729397e-01
2.7779113855e-01
2.7810698298e-01
2.7837337808e-01
2.7864117884e-01
2.7891038436e-01
2.7918099322e-01
2.7943470259e-01
2.7968962929e-01
2.7994577044e-01
2.8020312234e-01
2.8051297455e-01
2.8082454724e-01
2.8113782761e-01
2.8145279961e-01
2.8169697722e-01
2.8194213935e-01
2.8218827329e-01
2.8243536439e-01
2.8266465760e-01
2.8289473961e-01
2.8312559345e-01
2.8335720020e-01
2.8360007877e-01
2.8384373041e-01
2.8408812579e-01
2.8433323279e-01
2.8458236358e-01
2.8483215006e-01
2.8508254976e-01
2.8533351727e-01
2.8557610575e-01
2.8581913196e-01
2.8606254800e-01
2.8630630389e-01
2.8659937181e-01
2.8689276223e-01
2.8718637966e-01
2.8748012637e-01
2.8779385140e-01
2.8810748832e-01
2.8842091454e-01
2.8873400774e-01
2.8906127084e-01
2.8938789904e-01
2.8971375819e-01
2.9003871760e-01
2.9036692893e-01
2.9069395966e-01
2.9101968811e-01
2.9134399810e-01
2.9170020405e-01
2.9205440711e-01
2.9240647604e-01
2.9275628847e-01
2.9317189790e-01
2.9358393350e-01
2.9399223412e-01
2.9439665520e-01
2.9490758355e-01
2.9541173520e-01
2.9590891349e-01
2.9639895549e-01
2.9705464021e-01
2.9769659472e-01
2.9832464807e-01
2.9893869987e-01
2.9945545110e-01
2.9996182536e-01
3.0045785072e-01
3.0094357550e-01
3.0145940416e-01
3.0196326906e-01
3.0245529001e-01
3.0293560062e-01
3.0346840671e-01
3.0398644783e-01
3.0448996343e-01
3.0497920180e-01
3.0554164767e-01
3.0608477725e-01
3.0660902874e-01
3.0711484231e-01
3.0772456909e-01
3.0830678080e-01
3.0886233260e-01
3.0939206668e-01
3.1006358893e-01
3.1069208595e-01
3.1127944860e-01
3.1182750833e-01
3.1243916255e-01
3.1299913854e-01
3.1351031051e-01
3.1397543051e-01
3.1440144114e-01
3.1478568643e-01
3.1513063681e-01
3.1543863661e-01
3.1568420745e-01
3.1590357803e-01
3.1609814349e-01
3.1626920335e-01
3.1642480086e-01
3.1655707038e-01
3.1666712770e-01
3.1675593819e-01
3.1682366676e-01
3.1687201990e-01
3.1690144843e-01
3.1691223095e-01
3.1690512023e-01
3.1688082110e-01
3.1683912055e-01
3.1677965779e-01
3.1670092496e-01
3.1660283412e-01
3.1648457919e-01
3.1634522248e-01
3.1614555532e-01
3.1591088962e-01
3.1563884354e-01
3.1532681649e-01
3.1500626383e-01
3.1464814382e-01
3.1425008807e-01
3.1380960460e-01
3.1340295421e-01
3.1296259084e-01
3.1248681258e-01
3.1197385356e-01
3.1154568671e-01
3.1109276725e-01
3.1061416704e-01
3.1010893306e-01
3.0967498242e-01
3.0922199359e-01
3.0874940832e-01
3.0825665859e-01
3.0782207980e-01
3.0737219462e-01
3.0690664224e-01
3.0642505947e-01
3.0599159973e-01
3.0554542310e-01
3.0508628882e-01
3.0461395834e-01
3.0417967750e-01
3.0373446452e-01
3.0327815867e-01
3.0281060500e-01
3.0236613727e-01
3.0191172766e-01
3.0144727335e-01
3.0097268162e-01
3.0047278601e-01
2.9996196094e-01
2.9944015331e-01
2.9890733283e-01
2.9844683438e-01
2.9797842717e-01
2.9750214485e-01
2.9701804190e-01
2.9657745820e-01
2.9613072515e-01
2.9567793575e-01
2.9521920370e-01
2.9485588545e-01
2.9448908147e-01
2.9411887763e-01
2.9374537027e-01
2.9341222503e-01
2.9307665934e-01
2.9273876244e-01
2.9239863114e-01
2.9208308290e-01
2.9176581133e-01
2.9144691011e-01
2.9112647870e-01
2.9080237567e-01
2.9047694075e-01
2.9015029252e-01
2.8982255482e-01
2.8951783352e-01
2.8921239236e-01
2.8890634021e-01
2.8859978836e-01
2.8830667235e-01
2.8801330370e-01
2.8771978280e-01
2.8742621009e-01
2.8718056322e-01
2.8693500816e-01
2.8668960214e-01
2.8644440135e-01
2.8619612512e-01
2.8594817179e-01
2.8570059512e-01
2.8545344677e-01
2.8520149374e-01
2.8495008917e-01
2.8469928022e-01
2.8444911116e-01
2.8421642574e-01
2.8398436372e-01
2.8375295381e-01
2.8352222244e-01
2.8327008296e-01
2.8301881680e-01
2.8276844979e-01
2.8251900489e-01
2.8217056396e-01
2.8182402634e-01
2.8147943159e-01
2.8113681188e-01
2.8087382256e-01
2.8061203407e-01
2.8035145440e-01
2.8009209009e-01
2.7980379975e-01
2.7951703850e-01
2.7923181087e-01
2.7894812023e-01
2.7857022835e-01
2.7819510675e-01
2.7782275738e-01
2.7745318078e-01
2.7694466211e-01
2.7644148320e-01
2.7594363830e-01
2.7545112036e-01
2.7500132440e-01
2.7455605185e-01
2.7411529598e-01
2.7367904993e-01
2.7317451634e-01
2.7267613179e-01
2.7218388523e-01
2.7169776569e-01
2.7108553719e-01
2.7048327137e-01
2.6989094615e-01
2.6930853979e-01
2.6848923009e-01
2.6769028199e-01
2.6691163492e-01
2.6615322981e-01
2.6487973518e-01
2.6366725093e-01
2.6251549778e-01
2.6142421044e-01
2.5918154092e-01
2.5724317098e-01
2.5560682471e-01
2.5427058085e-01
2.5323275897e-01
2.5249232700e-01
2.5204841535e-01
2.5190050268e-01
