2.8782326812e-01
2.8782379383e-01
2.8782537093e-01
2.8782799944e-01
2.8783167933e-01
2.8783631132e-01
2.8784195526e-01
2.8784861112e-01
2.8785627887e-01
2.8786634651e-01
2.8787775195e-01
2.8789049507e-01
2.8790457573e-01
2.8791664496e-01
2.8792954871e-01
2.8794328683e-01
2.8795785915e-01
2.8797207133e-01
2.8798699594e-01
2.8800263277e-01
2.8801898154e-01
2.8803330713e-01
2.8804813758e-01
2.8806347262e-01
2.8807931198e-01
2.8809400019e-01
2.8810909647e-01
2.8812460050e-01
2.8814051194e-01
2.8815569465e-01
2.8817122996e-01
2.8818711750e-01
2.8820335683e-01
2.8821919088e-01
2.8823534480e-01
2.8825181809e-01
2.8826861020e-01
2.8828541356e-01
2.8830252330e-01
2.8831993874e-01
2.8833765914e-01
2.8835639284e-01
2.8837545387e-01
2.8839484112e-01
2.8841455339e-01
2.8843738703e-01
2.8846063804e-01
2.8848430408e-01
2.8850838258e-01
2.8852867894e-01
2.8854925574e-01
2.8857011110e-01
2.8859124296e-01
2.8861133757e-01
2.8863167216e-01
2.8865224464e-01
2.8867305280e-01
2.8869464570e-01
2.8871648152e-01
2.8873855736e-01
2.8876087016e-01
2.8878120680e-01
2.8880173123e-01
2.8882244079e-01
2.8884333268e-01
2.8886430727e-01
2.8888545657e-01
2.8890677743e-01
2.8892826651e-01
2.8895156576e-01
2.8897505114e-01
2.8899871795e-01
2.8902256129e-01
2.8905021673e-01
2.8907809114e-01
2.8910617607e-01
2.8913446271e-01
2.8915846475e-01
2.8918259803e-01
2.8920685671e-01
2.8923123478e-01
2.8925510769e-01
2.8927908235e-01
2.8930315275e-01
2.8932731277e-01
2.8935218711e-01
2.8937714234e-01
2.8940217144e-01
2.8942726731e-01
2.8945469984e-01
2.8948219362e-01
2.8950973897e-01
2.8953732611e-01
2.8956691016e-01
2.8959651849e-01
2.8962613871e-01
2.8965575830e-01
2.8968577637e-01
2.8971576768e-01
2.8974571900e-01
2.8977561707e-01
2.8980901675e-01
2.8984231440e-01
2.8987549144e-01
2.8990852935e-01
2.8994397965e-01
2.8997922380e-01
2.9001423905e-01
2.9004900288e-01
2.9008085329e-01
2.9011245319e-01
2.9014378550e-01
2.9017483343e-01
2.9020563424e-01
2.9023611668e-01
2.9026626469e-01
2.9029606249e-01
2.9032644801e-01
2.9035642695e-01
2.9038598303e-01
2.9041510032e-01
2.9044543822e-01
2.9047524873e-01
2.9050451438e-01
2.9053321821e-01
2.9056297678e-01
2.9059206829e-01
2.9062047449e-01
2.9064817774e-01
2.9067729400e-01
2.9070554963e-01
2.9073292491e-01
2.9075940098e-01
2.9078822639e-01
2.9081585484e-01
2.9084226292e-01
2.9086742853e-01
2.9089342653e-01
2.9091789765e-01
2.9094081848e-01
2.9096216735e-01
2.9098478279e-01
2.9100525875e-01
2.9102357041e-01
2.9103969582e-01
2.9105662604e-01
2.9107013505e-01
2.9108019863e-01
2.9108679882e-01
2.9108984180e-01
2.9108977942e-01
2.9108661178e-01
2.9108034387e-01
2.9107266806e-01
2.9106280928e-01
2.9105077870e-01
2.9103659001e-01
2.9102221774e-01
2.9100617474e-01
2.9098847571e-01
2.9096913704e-01
2.9094955497e-01
2.9092856684e-01
2.9090619021e-01
2.9088244401e-01
2.9086037487e-01
2.9083727057e-01
2.9081314687e-01
2.9078802040e-01
2.9076395323e-01
2.9073906114e-01
2.9071335929e-01
2.9068686351e-01
2.9066086585e-01
2.9063417577e-01
2.9060680876e-01
2.9057878088e-01
2.9055198568e-01
2.9052464109e-01
2.9049676161e-01
2.9046836220e-01
2.9044065099e-01
2.9041248966e-01
2.9038389251e-01
2.9035487424e-01
2.9032597772e-01
2.9029670404e-01
2.9026706811e-01
2.9023708514e-01
2.9020590587e-01
2.9017439322e-01
2.9014256471e-01
2.9011043817e-01
2.9007450549e-01
2.9003825402e-01
2.9000170917e-01
2.8996489672e-01
2.8993437605e-01
2.8990370606e-01
2.8987290157e-01
2.8984197750e-01
2.8981280944e-01
2.8978356143e-01
2.8975424600e-01
2.8972487568e-01
2.8969405904e-01
2.8966321027e-01
2.8963234371e-01
2.8960147361e-01
2.8957499484e-01
2.8954853280e-01
2.8952209629e-01
2.8949569406e-01
2.8947078859e-01
2.8944592865e-01
2.8942112137e-01
2.8939637376e-01
2.8937194941e-01
2.8934759691e-01
2.8932332274e-01
2.8929913329e-01
2.8927371670e-01
2.8924840854e-01
2.8922321583e-01
2.8919814542e-01
2.8916947403e-01
2.8914098309e-01
2.8911268214e-01
2.8908458039e-01
2.8906108648e-01
2.8903774510e-01
2.8901456116e-01
2.8899153940e-01
2.8896968294e-01
2.8894798278e-01
2.8892644261e-01
2.8890506598e-01
2.8888338090e-01
2.8886187385e-01
2.8884054817e-01
2.8881940704e-01
2.8879694708e-01
2.8877470633e-01
2.8875268817e-01
2.8873089579e-01
2.8870890726e-01
2.8868715968e-01
2.8866565587e-01
2.8864439849e-01
2.8862175192e-01
2.8859939779e-01
2.8857733882e-01
2.8855557754e-01
2.8853134409e-01
2.8850749700e-01
2.8848403911e-01
2.8846097305e-01
2.8844105495e-01
2.8842144194e-01
2.8840213536e-01
2.8838313648e-01
2.8836458932e-01
2.8834634727e-01
2.8832841129e-01
2.8831078223e-01
2.8829291097e-01
2.8827536826e-01
2.8825815480e-01
2.8824127126e-01
2.8822367506e-01
2.8820645347e-01
2.8818960707e-01
2.8817313640e-01
2.8815530817e-01
2.8813794331e-01
2.8812104234e-01
2.8810460571e-01
2.8808553301e-01
2.8806712745e-01
2.8804938957e-01
2.8803231980e-01
2.8801430734e-01
2.8799710493e-01
2.8798071293e-01
2.8796513165e-01
2.8794634071e-01
2.8792888337e-01
2.8791275998e-01
2.8789797083e-01
2.8788618467e-01
2.8787540957e-01
2.8786564563e-01
2.8785689293e-01
2.8784901225e-01
2.8784218226e-01
2.8783640298e-01
2.8783167446e-01
2.8782799669e-01
2.8782536971e-01
2.8782379352e-01
2.8782326812e-01
