0.0000000000e+00
1.3531027746e-02
2.7062055491e-02
4.0593083237e-02
5.4124110983e-02
6.3052990881e-02
7.1981870778e-02
8.0910750676e-02
8.9839630573e-02
9.6101565582e-02
1.0236350059e-01
1.0862543560e-01
1.1488737061e-01
1.1966092847e-01
1.2443448634e-01
1.2920804420e-01
1.3398160207e-01
1.3785753817e-01
1.4173347427e-01
1.4560941038e-01
1.4948534648e-01
1.5282817677e-01
1.5617100707e-01
1.5951383736e-01
1.6285666765e-01
1.6637654733e-01
1.6989642701e-01
1.7341630668e-01
1.7693618636e-01
1.7965151918e-01
1.8236685200e-01
1.8508218482e-01
1.8779751763e-01
1.8978833616e-01
1.9177915468e-01
1.9376997320e-01
1.9576079172e-01
1.9752595391e-01
1.9929111610e-01
2.0105627829e-01
2.0282144049e-01
2.0488963254e-01
2.0695782459e-01
2.0902601665e-01
2.1109420870e-01
2.1269804350e-01
2.1430187830e-01
2.1590571311e-01
2.1750954791e-01
2.1899072813e-01
2.2047190835e-01
2.2195308858e-01
2.2343426880e-01
2.2528236917e-01
2.2713046954e-01
2.2897856991e-01
2.3082667028e-01
2.3233629299e-01
2.3384591570e-01
2.3535553841e-01
2.3686516112e-01
2.3867610378e-01
2.4048704643e-01
2.4229798909e-01
2.4410893175e-01
2.4606786047e-01
2.4802678919e-01
2.4998571791e-01
2.5194464663e-01
2.5398277235e-01
2.5602089807e-01
2.5805902379e-01
2.6009714951e-01
2.6225089410e-01
2.6440463870e-01
2.6655838329e-01
2.6871212788e-01
2.7118842255e-01
2.7366471722e-01
2.7614101188e-01
2.7861730655e-01
2.8198599862e-01
2.8535469069e-01
2.8872338276e-01
2.9209207483e-01
2.9636332087e-01
3.0063456692e-01
3.0490581296e-01
3.0917705901e-01
3.1322644777e-01
3.1727583652e-01
3.2132522528e-01
3.2537461404e-01
3.2979578644e-01
3.3421695883e-01
3.3863813123e-01
3.4305930363e-01
3.4766509792e-01
3.5227089221e-01
3.5687668651e-01
3.6148248080e-01
3.6674760774e-01
3.7201273468e-01
3.7727786162e-01
3.8254298857e-01
3.8644311534e-01
3.9034324210e-01
3.9424336887e-01
3.9814349564e-01
4.0114830291e-01
4.0415311017e-01
4.0715791743e-01
4.1016272469e-01
4.1276927636e-01
4.1537582803e-01
4.1798237970e-01
4.2058893137e-01
4.2309644507e-01
4.2560395877e-01
4.2811147246e-01
4.3061898616e-01
4.3338770540e-01
4.3615642464e-01
4.3892514389e-01
4.4169386313e-01
4.4377052616e-01
4.4584718918e-01
4.4792385221e-01
4.5000051524e-01
4.5192914744e-01
4.5385777963e-01
4.5578641183e-01
4.5771504402e-01
4.5965439610e-01
4.6159374818e-01
4.6353310026e-01
4.6547245234e-01
4.6739147662e-01
4.6931050090e-01
4.7122952518e-01
4.7314854946e-01
4.7539297816e-01
4.7763740685e-01
4.7988183555e-01
4.8212626425e-01
4.8448851268e-01
4.8685076111e-01
4.8921300954e-01
4.9157525797e-01
4.9363441129e-01
4.9569356461e-01
4.9775271793e-01
4.9981187124e-01
5.0188644386e-01
5.0396101647e-01
5.0603558909e-01
5.0811016170e-01
5.1017162898e-01
5.1223309626e-01
5.1429456353e-01
5.1635603081e-01
5.1825082275e-01
5.2014561470e-01
5.2204040664e-01
5.2393519859e-01
5.2591557691e-01
5.2789595523e-01
5.2987633355e-01
5.3185671186e-01
5.3372812727e-01
5.3559954267e-01
5.3747095807e-01
5.3934237348e-01
5.4149084189e-01
5.4363931030e-01
5.4578777871e-01
5.4793624712e-01
5.5023976074e-01
5.5254327437e-01
5.5484678799e-01
5.5715030161e-01
5.5958673430e-01
5.6202316699e-01
5.6445959968e-01
5.6689603238e-01
5.6948722991e-01
5.7207842744e-01
5.7466962497e-01
5.7726082250e-01
5.8024524065e-01
5.8322965881e-01
5.8621407697e-01
5.8919849513e-01
5.9340165672e-01
5.9760481832e-01
6.0180797992e-01
6.0601114151e-01
6.1097297589e-01
6.1593481027e-01
6.2089664466e-01
6.2585847904e-01
6.3057751065e-01
6.3529654226e-01
6.4001557387e-01
6.4473460549e-01
6.4901117010e-01
6.5328773471e-01
6.5756429933e-01
6.6184086394e-01
6.6586332988e-01
6.6988579581e-01
6.7390826175e-01
6.7793072769e-01
6.8203574480e-01
6.8614076191e-01
6.9024577902e-01
6.9435079614e-01
6.9788471651e-01
7.0141863689e-01
7.0495255726e-01
7.0848647764e-01
7.1107063632e-01
7.1365479500e-01
7.1623895368e-01
7.1882311235e-01
7.2105655457e-01
7.2328999678e-01
7.2552343900e-01
7.2775688121e-01
7.2984869126e-01
7.3194050130e-01
7.3403231134e-01
7.3612412138e-01
7.3850833112e-01
7.4089254085e-01
7.4327675058e-01
7.4566096031e-01
7.4743625144e-01
7.4921154257e-01
7.5098683370e-01
7.5276212482e-01
7.5436052191e-01
7.5595891900e-01
7.5755731608e-01
7.5915571317e-01
7.6068824739e-01
7.6222078161e-01
7.6375331584e-01
7.6528585006e-01
7.6689972440e-01
7.6851359875e-01
7.7012747309e-01
7.7174134743e-01
7.7324909984e-01
7.7475685225e-01
7.7626460467e-01
7.7777235708e-01
7.7945528617e-01
7.8113821527e-01
7.8282114437e-01
7.8450407346e-01
7.8638076363e-01
7.8825745380e-01
7.9013414396e-01
7.9201083413e-01
7.9382139243e-01
7.9563195072e-01
7.9744250902e-01
7.9925306731e-01
8.0144777838e-01
8.0364248946e-01
8.0583720053e-01
8.0803191161e-01
8.1094264543e-01
8.1385337925e-01
8.1676411308e-01
8.1967484690e-01
8.2296393421e-01
8.2625302152e-01
8.2954210883e-01
8.3283119613e-01
8.3661760944e-01
8.4040402274e-01
8.4419043604e-01
8.4797684934e-01
8.5293746737e-01
8.5789808540e-01
8.6285870342e-01
8.6781932145e-01
8.7533424910e-01
8.8284917675e-01
8.9036410440e-01
8.9787903205e-01
9.1064379624e-01
9.2340856042e-01
9.3617332460e-01
9.4893808879e-01
9.6170356659e-01
9.7446904439e-01
9.8723452220e-01
1.0000000000e+00
