0.0000000000e+00
5.3010194605e-03
1.0602038921e-02
1.5903058382e-02
2.1204077842e-02
2.6093293685e-02
3.0982509529e-02
3.5871725372e-02
4.0760941216e-02
4.5686415843e-02
5.0611890471e-02
5.5537365099e-02
6.0462839727e-02
6.4447204292e-02
6.8431568856e-02
7.2415933420e-02
7.6400297985e-02
7.9430383416e-02
8.2460468848e-02
8.5490554279e-02
8.8520639711e-02
9.1218924823e-02
9.3917209935e-02
9.6615495047e-02
9.9313780160e-02
1.0202509949e-01
1.0473641881e-01
1.0744773814e-01
1.1015905746e-01
1.1282900423e-01
1.1549895099e-01
1.1816889776e-01
1.2083884452e-01
1.2326503182e-01
1.2569121912e-01
1.2811740642e-01
1.3054359371e-01
1.3278101561e-01
1.3501843751e-01
1.3725585941e-01
1.3949328131e-01
1.4206359412e-01
1.4463390692e-01
1.4720421972e-01
1.4977453253e-01
1.5209082028e-01
1.5440710804e-01
1.5672339579e-01
1.5903968354e-01
1.6142374331e-01
1.6380780307e-01
1.6619186284e-01
1.6857592260e-01
1.7128327985e-01
1.7399063711e-01
1.7669799436e-01
1.7940535161e-01
1.8269315407e-01
1.8598095653e-01
1.8926875899e-01
1.9255656145e-01
1.9564253115e-01
1.9872850086e-01
2.0181447057e-01
2.0490044028e-01
2.0812630765e-01
2.1135217503e-01
2.1457804241e-01
2.1780390978e-01
2.2144348699e-01
2.2508306420e-01
2.2872264141e-01
2.3236221862e-01
2.3687558804e-01
2.4138895746e-01
2.4590232688e-01
2.5041569630e-01
2.5599053496e-01
2.6156537362e-01
2.6714021228e-01
2.7271505094e-01
2.7839772795e-01
2.8408040496e-01
2.8976308196e-01
2.9544575897e-01
3.0010331958e-01
3.0476088019e-01
3.0941844080e-01
3.1407600142e-01
3.1800561635e-01
3.2193523129e-01
3.2586484623e-01
3.2979446116e-01
3.3328812243e-01
3.3678178369e-01
3.4027544495e-01
3.4376910621e-01
3.4694193782e-01
3.5011476943e-01
3.5328760104e-01
3.5646043266e-01
3.5970640724e-01
3.6295238183e-01
3.6619835642e-01
3.6944433101e-01
3.7239876835e-01
3.7535320569e-01
3.7830764303e-01
3.8126208037e-01
3.8425297174e-01
3.8724386310e-01
3.9023475447e-01
3.9322564583e-01
3.9560858295e-01
3.9799152007e-01
4.0037445718e-01
4.0275739430e-01
4.0518656037e-01
4.0761572644e-01
4.1004489250e-01
4.1247405857e-01
4.1492614665e-01
4.1737823472e-01
4.1983032279e-01
4.2228241087e-01
4.2458207248e-01
4.2688173410e-01
4.2918139572e-01
4.3148105733e-01
4.3396583190e-01
4.3645060646e-01
4.3893538102e-01
4.4142015559e-01
4.4496046203e-01
4.4850076847e-01
4.5204107492e-01
4.5558138136e-01
4.5830847984e-01
4.6103557832e-01
4.6376267680e-01
4.6648977528e-01
4.6940337586e-01
4.7231697644e-01
4.7523057701e-01
4.7814417759e-01
4.8154898583e-01
4.8495379406e-01
4.8835860230e-01
4.9176341054e-01
4.9529106721e-01
4.9881872388e-01
5.0234638055e-01
5.0587403722e-01
5.0890348546e-01
5.1193293371e-01
5.1496238195e-01
5.1799183019e-01
5.2073215747e-01
5.2347248476e-01
5.2621281204e-01
5.2895313933e-01
5.3173793695e-01
5.3452273456e-01
5.3730753218e-01
5.4009232980e-01
5.4278249374e-01
5.4547265767e-01
5.4816282161e-01
5.5085298554e-01
5.5331613523e-01
5.5577928491e-01
5.5824243459e-01
5.6070558427e-01
5.6298446912e-01
5.6526335398e-01
5.6754223883e-01
5.6982112368e-01
5.7245814566e-01
5.7509516764e-01
5.7773218962e-01
5.8036921161e-01
5.8272426780e-01
5.8507932400e-01
5.8743438020e-01
5.8978943640e-01
5.9223423839e-01
5.9467904038e-01
5.9712384237e-01
5.9956864436e-01
6.0233026641e-01
6.0509188846e-01
6.0785351052e-01
6.1061513257e-01
6.1405965827e-01
6.1750418396e-01
6.2094870966e-01
6.2439323536e-01
6.2752957205e-01
6.3066590874e-01
6.3380224543e-01
6.3693858212e-01
6.4024703860e-01
6.4355549509e-01
6.4686395158e-01
6.5017240807e-01
6.5392448392e-01
6.5767655976e-01
6.6142863561e-01
6.6518071145e-01
6.6976671228e-01
6.7435271311e-01
6.7893871394e-01
6.8352471477e-01
6.8921344506e-01
6.9490217536e-01
7.0059090565e-01
7.0627963595e-01
7.1186276938e-01
7.1744590281e-01
7.2302903624e-01
7.2861216968e-01
7.3317955847e-01
7.3774694726e-01
7.4231433605e-01
7.4688172484e-01
7.5070455636e-01
7.5452738788e-01
7.5835021941e-01
7.6217305093e-01
7.6558222962e-01
7.6899140832e-01
7.7240058702e-01
7.7580976571e-01
7.7892196925e-01
7.8203417279e-01
7.8514637634e-01
7.8825857988e-01
7.9146055299e-01
7.9466252610e-01
7.9786449922e-01
8.0106647233e-01
8.0396238219e-01
8.0685829205e-01
8.0975420191e-01
8.1265011177e-01
8.1548978577e-01
8.1832945976e-01
8.2116913376e-01
8.2400880776e-01
8.2633951288e-01
8.2867021799e-01
8.3100092311e-01
8.3333162823e-01
8.3569273950e-01
8.3805385078e-01
8.4041496205e-01
8.4277607333e-01
8.4520845099e-01
8.4764082865e-01
8.5007320632e-01
8.5250558398e-01
8.5475273143e-01
8.5699987889e-01
8.5924702634e-01
8.6149417379e-01
8.6393947310e-01
8.6638477241e-01
8.6883007172e-01
8.7127537103e-01
8.7435461812e-01
8.7743386521e-01
8.8051311230e-01
8.8359235939e-01
8.8624190023e-01
8.8889144107e-01
8.9154098191e-01
8.9419052276e-01
8.9702706396e-01
8.9986360516e-01
9.0270014635e-01
9.0553668755e-01
9.0908246547e-01
9.1262824338e-01
9.1617402129e-01
9.1971979920e-01
9.2432723887e-01
9.2893467854e-01
9.3354211820e-01
9.3814955787e-01
9.4303902630e-01
9.4792849473e-01
9.5281796316e-01
9.5770743159e-01
9.6299400264e-01
9.6828057369e-01
9.7356714474e-01
9.7885371579e-01
9.8414028685e-01
9.8942685790e-01
9.9471342895e-01
1.0000000000e+00
