2.8793203741e-01
2.8793251549e-01
2.8793394973e-01
2.8793634011e-01
2.8793968661e-01
2.8794410734e-01
2.8794953182e-01
2.8795596002e-01
2.8796339185e-01
2.8797174011e-01
2.8798107233e-01
2.8799138835e-01
2.8800268802e-01
2.8801306352e-01
2.8802414908e-01
2.8803594450e-01
2.8804844957e-01
2.8805996712e-01
2.8807202701e-01
2.8808462904e-01
2.8809777292e-01
2.8810983031e-01
2.8812230979e-01
2.8813521111e-01
2.8814853396e-01
2.8816116902e-01
2.8817416063e-01
2.8818750848e-01
2.8820121221e-01
2.8821447894e-01
2.8822806229e-01
2.8824196185e-01
2.8825617718e-01
2.8827022180e-01
2.8828456068e-01
2.8829919330e-01
2.8831411907e-01
2.8832931440e-01
2.8834480069e-01
2.8836057719e-01
2.8837664307e-01
2.8839437252e-01
2.8841243928e-01
2.8843084200e-01
2.8844957921e-01
2.8846826163e-01
2.8848726200e-01
2.8850657850e-01
2.8852620919e-01
2.8854437129e-01
2.8856279085e-01
2.8858146605e-01
2.8860039489e-01
2.8861845457e-01
2.8863673552e-01
2.8865523572e-01
2.8867395303e-01
2.8869267855e-01
2.8871161194e-01
2.8873075073e-01
2.8875009234e-01
2.8876841699e-01
2.8878691528e-01
2.8880558471e-01
2.8882442265e-01
2.8884350375e-01
2.8886274905e-01
2.8888215552e-01
2.8890171997e-01
2.8892305464e-01
2.8894456591e-01
2.8896624924e-01
2.8898809993e-01
2.8901255716e-01
2.8903720775e-01
2.8906204442e-01
2.8908705962e-01
2.8910885348e-01
2.8913077003e-01
2.8915280390e-01
2.8917494955e-01
2.8919665098e-01
2.8921844796e-01
2.8924033497e-01
2.8926230638e-01
2.8928488151e-01
2.8930753281e-01
2.8933025390e-01
2.8935303829e-01
2.8937777429e-01
2.8940256828e-01
2.8942741166e-01
2.8945229570e-01
2.8947935505e-01
2.8950644055e-01
2.8953354066e-01
2.8956064379e-01
2.8958778370e-01
2.8961490310e-01
2.8964199014e-01
2.8966903293e-01
2.8969874535e-01
2.8972837382e-01
2.8975790248e-01
2.8978731552e-01
2.8982092802e-01
2.8985434358e-01
2.8988753871e-01
2.8992049012e-01
2.8994964885e-01
2.8997857935e-01
2.9000726568e-01
2.9003569215e-01
2.9006367899e-01
2.9009137872e-01
2.9011877665e-01
2.9014585830e-01
2.9017330646e-01
2.9020039159e-01
2.9022709896e-01
2.9025341420e-01
2.9028059679e-01
2.9030731609e-01
2.9033355667e-01
2.9035930352e-01
2.9038615335e-01
2.9041241008e-01
2.9043805719e-01
2.9046307872e-01
2.9048906525e-01
2.9051430427e-01
2.9053877847e-01
2.9056247126e-01
2.9058768788e-01
2.9061191347e-01
2.9063512869e-01
2.9065731522e-01
2.9068057306e-01
2.9070253653e-01
2.9072318524e-01
2.9074250024e-01
2.9076228890e-01
2.9078040279e-01
2.9079682219e-01
2.9081152936e-01
2.9082636940e-01
2.9083888177e-01
2.9084904886e-01
2.9085685645e-01
2.9086256442e-01
2.9086557549e-01
2.9086588494e-01
2.9086349228e-01
2.9085926952e-01
2.9085305079e-01
2.9084484334e-01
2.9083465681e-01
2.9082388887e-01
2.9081156017e-01
2.9079768247e-01
2.9078226906e-01
2.9076641090e-01
2.9074922541e-01
2.9073072748e-01
2.9071093332e-01
2.9069222085e-01
2.9067250666e-01
2.9065180487e-01
2.9063013042e-01
2.9060930291e-01
2.9058767542e-01
2.9056526165e-01
2.9054207595e-01
2.9051940665e-01
2.9049607098e-01
2.9047208277e-01
2.9044745640e-01
2.9042374072e-01
2.9039948723e-01
2.9037470915e-01
2.9034942014e-01
2.9032477306e-01
2.9029968432e-01
2.9027416694e-01
2.9024823425e-01
2.9022253689e-01
2.9019647000e-01
2.9017004691e-01
2.9014328123e-01
2.9011584029e-01
2.9008807699e-01
2.9006000636e-01
2.9003164367e-01
2.8999239111e-01
2.8995266152e-01
2.8991249629e-01
2.8987193752e-01
2.8984375972e-01
2.8981542927e-01
2.8978696045e-01
2.8975836768e-01
2.8973176442e-01
2.8970507863e-01
2.8967832192e-01
2.8965150591e-01
2.8962379313e-01
2.8959604236e-01
2.8956826633e-01
2.8954047770e-01
2.8951583940e-01
2.8949120987e-01
2.8946659778e-01
2.8944201176e-01
2.8941909573e-01
2.8939621671e-01
2.8937338150e-01
2.8935059682e-01
2.8932835425e-01
2.8930617255e-01
2.8928405776e-01
2.8926201583e-01
2.8923938711e-01
2.8921684819e-01
2.8919440523e-01
2.8917206423e-01
2.8914402930e-01
2.8911617752e-01
2.8908852002e-01
2.8906106751e-01
2.8903903452e-01
2.8901714750e-01
2.8899541155e-01
2.8897383161e-01
2.8895378485e-01
2.8893388259e-01
2.8891412846e-01
2.8889452594e-01
2.8887500224e-01
2.8885563798e-01
2.8883643631e-01
2.8881740021e-01
2.8879689053e-01
2.8877658357e-01
2.8875648266e-01
2.8873659099e-01
2.8871705852e-01
2.8869773790e-01
2.8867863177e-01
2.8865974262e-01
2.8863971718e-01
2.8861994701e-01
2.8860043468e-01
2.8858118258e-01
2.8855721099e-01
2.8853366334e-01
2.8851054345e-01
2.8848785480e-01
2.8846947699e-01
2.8845139605e-01
2.8843361348e-01
2.8841613066e-01
2.8839945652e-01
2.8838306680e-01
2.8836696250e-01
2.8835114452e-01
2.8833534272e-01
2.8831983909e-01
2.8830463438e-01
2.8828972925e-01
2.8827443125e-01
2.8825946360e-01
2.8824482689e-01
2.8823052167e-01
2.8821546296e-01
2.8820079107e-01
2.8818650651e-01
2.8817260971e-01
2.8815743424e-01
2.8814275092e-01
2.8812856021e-01
2.8811486249e-01
2.8809916709e-01
2.8808417430e-01
2.8806988457e-01
2.8805629829e-01
2.8804124800e-01
2.8802716788e-01
2.8801405829e-01
2.8800191954e-01
2.8799060124e-01
2.8798028184e-01
2.8797096151e-01
2.8796264039e-01
2.8795546793e-01
2.8794925168e-01
2.8794399171e-01
2.8793968806e-01
2.8793634092e-01
2.8793395009e-01
2.8793251558e-01
2.8793203741e-01
