2.8736690756e-01
2.8736873203e-01
2.8737420545e-01
2.8738332778e-01
2.8739609896e-01
2.8741347630e-01
2.8743489306e-01
2.8746034881e-01
2.8748984285e-01
2.8751645898e-01
2.8754567933e-01
2.8757750271e-01
2.8761192748e-01
2.8763938416e-01
2.8766829464e-01
2.8769865737e-01
2.8773047042e-01
2.8776013722e-01
2.8779095918e-01
2.8782293374e-01
2.8785605786e-01
2.8789024964e-01
2.8792557785e-01
2.8796203732e-01
2.8799962189e-01
2.8803891015e-01
2.8807934093e-01
2.8812090371e-01
2.8816358617e-01
2.8820221256e-01
2.8824169026e-01
2.8828200639e-01
2.8832314637e-01
2.8836209039e-01
2.8840171673e-01
2.8844200921e-01
2.8848294999e-01
2.8852775207e-01
2.8857325694e-01
2.8861943540e-01
2.8866625573e-01
2.8871311964e-01
2.8876054133e-01
2.8880848284e-01
2.8885690385e-01
2.8890445205e-01
2.8895237290e-01
2.8900062335e-01
2.8904915861e-01
2.8911017255e-01
2.8917146561e-01
2.8923294139e-01
2.8929450119e-01
2.8935668968e-01
2.8941875654e-01
2.8948059637e-01
2.8954210375e-01
2.8960815029e-01
2.8967355335e-01
2.8973818353e-01
2.8980191409e-01
2.8986385569e-01
2.8992468371e-01
2.8998428660e-01
2.9004255698e-01
2.9010556431e-01
2.9016666824e-01
2.9022574188e-01
2.9028266578e-01
2.9034553097e-01
2.9040522581e-01
2.9046160421e-01
2.9051453328e-01
2.9057375347e-01
2.9062756952e-01
2.9067582115e-01
2.9071837407e-01
2.9076234485e-01
2.9079755630e-01
2.9082391414e-01
2.9084137634e-01
2.9084895842e-01
2.9085085165e-01
2.9084710658e-01
2.9083779555e-01
2.9082540707e-01
2.9080904449e-01
2.9078879386e-01
2.9076475407e-01
2.9074071605e-01
2.9071394959e-01
2.9068454589e-01
2.9065260418e-01
2.9062177075e-01
2.9058905178e-01
2.9055453657e-01
2.9051831973e-01
2.9048155151e-01
2.9044336419e-01
2.9040385880e-01
2.9036314066e-01
2.9031905817e-01
2.9027388374e-01
2.9022775382e-01
2.9018080843e-01
2.9014126783e-01
2.9010134595e-01
2.9006112690e-01
2.9002069522e-01
2.8998354211e-01
2.8994634633e-01
2.8990917217e-01
2.8987208312e-01
2.8983792499e-01
2.8980394142e-01
2.8977017969e-01
2.8973668575e-01
2.8969528992e-01
2.8965446458e-01
2.8961428865e-01
2.8957483645e-01
2.8954377609e-01
2.8951325909e-01
2.8948331675e-01
2.8945397825e-01
2.8942349860e-01
2.8939376094e-01
2.8936479254e-01
2.8933661813e-01
2.8930753403e-01
2.8927939840e-01
2.8925223264e-01
2.8922605565e-01
2.8919950580e-01
2.8917409389e-01
2.8914983460e-01
2.8912674055e-01
2.8910525042e-01
2.8908489823e-01
2.8906569132e-01
2.8904763592e-01
2.8902906631e-01
2.8901190933e-01
2.8899616983e-01
2.8898185181e-01
2.8896611425e-01
2.8895256092e-01
2.8894119555e-01
2.8893202099e-01
2.8892411147e-01
2.8891916815e-01
2.8891719237e-01
2.8891818463e-01
2.8892116649e-01
2.8892609754e-01
2.8893297690e-01
2.8894180326e-01
2.8895077744e-01
2.8896113902e-01
2.8897288623e-01
2.8898601688e-01
2.8899924816e-01
2.8901363411e-01
2.8902917173e-01
2.8904585741e-01
2.8906503311e-01
2.8908551938e-01
2.8910730865e-01
2.8913039190e-01
2.8915230788e-01
2.8917525817e-01
2.8919923210e-01
2.8922421734e-01
2.8924971638e-01
2.8927616121e-01
2.8930353441e-01
2.8933181635e-01
2.8935787116e-01
2.8938461808e-01
2.8941203773e-01
2.8944010889e-01
2.8947679523e-01
2.8951444959e-01
2.8955301399e-01
2.8959242513e-01
2.8962452688e-01
2.8965708938e-01
2.8969007299e-01
2.8972343610e-01
2.8975973489e-01
2.8979636674e-01
2.8983327306e-01
2.8987039342e-01
2.8991116534e-01
2.8995203601e-01
2.8999292096e-01
2.9003373465e-01
2.9008991789e-01
2.9014557106e-01
2.9020046676e-01
2.9025438055e-01
2.9029764391e-01
2.9033998340e-01
2.9038128438e-01
2.9042143575e-01
2.9046302662e-01
2.9050305051e-01
2.9054138680e-01
2.9057792078e-01
2.9061719958e-01
2.9065384885e-01
2.9068772848e-01
2.9071870892e-01
2.9075207847e-01
2.9078086033e-01
2.9080488682e-01
2.9082401149e-01
2.9084029716e-01
2.9084918698e-01
2.9085054367e-01
2.9084426982e-01
2.9083163897e-01
2.9081242681e-01
2.9078664516e-01
2.9075433427e-01
2.9072084726e-01
2.9068250157e-01
2.9063937841e-01
2.9059157664e-01
2.9054845672e-01
2.9050227379e-01
2.9045311310e-01
2.9040106900e-01
2.9035204774e-01
2.9030087341e-01
2.9024763308e-01
2.9019241995e-01
2.9013872014e-01
2.9008344723e-01
2.9002669370e-01
2.8996855662e-01
2.8990397221e-01
2.8983801154e-01
2.8977081574e-01
2.8970253095e-01
2.8964503210e-01
2.8958697303e-01
2.8952844380e-01
2.8946953564e-01
2.8941141735e-01
2.8935310984e-01
2.8929470043e-01
2.8923627591e-01
2.8918729373e-01
2.8913841150e-01
2.8908967841e-01
2.8904114258e-01
2.8899117925e-01
2.8894152775e-01
2.8889223670e-01
2.8884335273e-01
2.8879472369e-01
2.8874659285e-01
2.8869900068e-01
2.8865198521e-01
2.8860848562e-01
2.8856555084e-01
2.8852320617e-01
2.8848147502e-01
2.8843611641e-01
2.8839155911e-01
2.8834782701e-01
2.8830494155e-01
2.8824573007e-01
2.8818829948e-01
2.8813268925e-01
2.8807893214e-01
2.8803973352e-01
2.8800160832e-01
2.8796456476e-01
2.8792860980e-01
2.8789094893e-01
2.8785457506e-01
2.8781949343e-01
2.8778570836e-01
2.8774487523e-01
2.8770612389e-01
2.8766945882e-01
2.8763488348e-01
2.8759128877e-01
2.8755155591e-01
2.8751568822e-01
2.8748368790e-01
2.8745631818e-01
2.8743259690e-01
2.8741252463e-01
2.8739610171e-01
2.8738332887e-01
2.8737420535e-01
2.8736873122e-01
2.8736690651e-01
