0.0000000000e+00
2.9770134851e-03
5.9540269702e-03
8.9310404553e-03
1.1908053940e-02
1.4792945334e-02
1.7677836727e-02
2.0562728120e-02
2.3447619513e-02
2.6290073454e-02
2.9132527394e-02
3.1974981334e-02
3.4817435274e-02
3.7643698968e-02
4.0469962661e-02
4.3296226354e-02
4.6122490048e-02
4.8952092687e-02
5.1781695327e-02
5.4611297966e-02
5.7440900606e-02
6.0292410214e-02
6.3143919823e-02
6.5995429432e-02
6.8846939040e-02
7.1741188467e-02
7.4635437894e-02
7.7529687321e-02
8.0423936748e-02
8.3389522359e-02
8.6355107971e-02
8.9320693583e-02
9.2286279195e-02
9.5374051770e-02
9.8461824345e-02
1.0154959692e-01
1.0463736950e-01
1.0798022344e-01
1.1132307738e-01
1.1466593132e-01
1.1800878526e-01
1.2161098878e-01
1.2521319229e-01
1.2881539581e-01
1.3241759932e-01
1.3565097554e-01
1.3888435176e-01
1.4211772797e-01
1.4535110419e-01
1.4846099966e-01
1.5157089512e-01
1.5468079059e-01
1.5779068605e-01
1.6084740973e-01
1.6390413340e-01
1.6696085708e-01
1.7001758076e-01
1.7306262998e-01
1.7610767920e-01
1.7915272841e-01
1.8219777763e-01
1.8527782062e-01
1.8835786360e-01
1.9143790658e-01
1.9451794956e-01
1.9761345461e-01
2.0070895966e-01
2.0380446470e-01
2.0689996975e-01
2.0993729341e-01
2.1297461707e-01
2.1601194073e-01
2.1904926439e-01
2.2207720915e-01
2.2510515392e-01
2.2813309868e-01
2.3116104345e-01
2.3420366659e-01
2.3724628973e-01
2.4028891287e-01
2.4333153601e-01
2.4640913293e-01
2.4948672984e-01
2.5256432676e-01
2.5564192368e-01
2.5877661490e-01
2.6191130612e-01
2.6504599734e-01
2.6818068856e-01
2.7140351984e-01
2.7462635111e-01
2.7784918239e-01
2.8107201367e-01
2.8443717615e-01
2.8780233863e-01
2.9116750110e-01
2.9453266358e-01
2.9830725963e-01
3.0208185568e-01
3.0585645173e-01
3.0963104778e-01
3.1315185068e-01
3.1667265358e-01
3.2019345648e-01
3.2371425938e-01
3.2725458747e-01
3.3079491557e-01
3.3433524367e-01
3.3787557176e-01
3.4150799107e-01
3.4514041037e-01
3.4877282968e-01
3.5240524898e-01
3.5623712799e-01
3.6006900700e-01
3.6390088601e-01
3.6773276502e-01
3.7214300591e-01
3.7655324679e-01
3.8096348768e-01
3.8537372857e-01
3.8950744038e-01
3.9364115218e-01
3.9777486399e-01
4.0190857580e-01
4.0579733101e-01
4.0968608623e-01
4.1357484144e-01
4.1746359665e-01
4.2125162658e-01
4.2503965651e-01
4.2882768644e-01
4.3261571637e-01
4.3637514615e-01
4.4013457592e-01
4.4389400570e-01
4.4765343547e-01
4.5143495279e-01
4.5521647010e-01
4.5899798742e-01
4.6277950473e-01
4.6664659323e-01
4.7051368173e-01
4.7438077023e-01
4.7824785873e-01
4.8238485829e-01
4.8652185785e-01
4.9065885741e-01
4.9479585697e-01
4.9878722044e-01
5.0277858391e-01
5.0676994739e-01
5.1076131086e-01
5.1459581450e-01
5.1843031815e-01
5.2226482180e-01
5.2609932544e-01
5.2986995647e-01
5.3364058749e-01
5.3741121852e-01
5.4118184954e-01
5.4494274807e-01
5.4870364659e-01
5.5246454512e-01
5.5622544365e-01
5.6002874133e-01
5.6383203902e-01
5.6763533671e-01
5.7143863440e-01
5.7537079587e-01
5.7930295734e-01
5.8323511880e-01
5.8716728027e-01
5.9153855859e-01
5.9590983691e-01
6.0028111522e-01
6.0465239354e-01
6.0872456150e-01
6.1279672946e-01
6.1686889742e-01
6.2094106538e-01
6.2469681011e-01
6.2845255483e-01
6.3220829955e-01
6.3596404428e-01
6.3957114692e-01
6.4317824956e-01
6.4678535220e-01
6.5039245484e-01
6.5392357906e-01
6.5745470327e-01
6.6098582749e-01
6.6451695171e-01
6.6804382683e-01
6.7157070195e-01
6.7509757706e-01
6.7862445218e-01
6.8228575695e-01
6.8594706172e-01
6.8960836649e-01
6.9326967127e-01
6.9661317753e-01
6.9995668380e-01
7.0330019007e-01
7.0664369634e-01
7.0985867616e-01
7.1307365598e-01
7.1628863581e-01
7.1950361563e-01
7.2263652935e-01
7.2576944308e-01
7.2890235680e-01
7.3203527053e-01
7.3511281971e-01
7.3819036889e-01
7.4126791807e-01
7.4434546725e-01
7.4738848938e-01
7.5043151150e-01
7.5347453363e-01
7.5651755575e-01
7.5954576879e-01
7.6257398183e-01
7.6560219487e-01
7.6863040791e-01
7.7166781360e-01
7.7470521929e-01
7.7774262499e-01
7.8078003068e-01
7.8387658008e-01
7.8697312949e-01
7.9006967890e-01
7.9316622830e-01
7.9624521861e-01
7.9932420891e-01
8.0240319921e-01
8.0548218951e-01
8.0852785346e-01
8.1157351741e-01
8.1461918136e-01
8.1766484531e-01
8.2072178143e-01
8.2377871754e-01
8.2683565366e-01
8.2989258977e-01
8.3300409738e-01
8.3611560500e-01
8.3922711261e-01
8.4233862023e-01
8.4558432317e-01
8.4883002612e-01
8.5207572907e-01
8.5532143201e-01
8.5906932934e-01
8.6281722667e-01
8.6656512400e-01
8.7031302133e-01
8.7361068731e-01
8.7690835328e-01
8.8020601926e-01
8.8350368523e-01
8.8658219025e-01
8.8966069527e-01
8.9273920030e-01
8.9581770532e-01
8.9878269682e-01
9.0174768832e-01
9.0471267983e-01
9.0767767133e-01
9.1057309617e-01
9.1346852101e-01
9.1636394585e-01
9.1925937069e-01
9.2211205812e-01
9.2496474555e-01
9.2781743298e-01
9.3067012040e-01
9.3350037655e-01
9.3633063269e-01
9.3916088884e-01
9.4199114498e-01
9.4481708972e-01
9.4764303446e-01
9.5046897920e-01
9.5329492395e-01
9.5613626575e-01
9.5897760756e-01
9.6181894937e-01
9.6466029118e-01
9.6754362960e-01
9.7042696803e-01
9.7331030646e-01
9.7619364489e-01
9.7916941939e-01
9.8214519388e-01
9.8512096838e-01
9.8809674288e-01
9.9107255716e-01
9.9404837144e-01
9.9702418572e-01
1.0000000000e+00
