3.0350954508e-01
3.0350970958e-01
3.0351020297e-01
3.0351102493e-01
3.0351217493e-01
3.0351351392e-01
3.0351512620e-01
3.0351701088e-01
3.0351916694e-01
3.0352131944e-01
3.0352368622e-01
3.0352626625e-01
3.0352905839e-01
3.0353165595e-01
3.0353441187e-01
3.0353732522e-01
3.0354039503e-01
3.0354339214e-01
3.0354652302e-01
3.0354978674e-01
3.0355318234e-01
3.0355658029e-01
3.0356009895e-01
3.0356373734e-01
3.0356749445e-01
3.0357127606e-01
3.0357516879e-01
3.0357917160e-01
3.0358328340e-01
3.0358744544e-01
3.0359171135e-01
3.0359607999e-01
3.0360055017e-01
3.0360515855e-01
3.0360986766e-01
3.0361467619e-01
3.0361958282e-01
3.0362478062e-01
3.0363008116e-01
3.0363548285e-01
3.0364098404e-01
3.0364730552e-01
3.0365374895e-01
3.0366031182e-01
3.0366699154e-01
3.0367346399e-01
3.0368003786e-01
3.0368671078e-01
3.0369348033e-01
3.0369979435e-01
3.0370618620e-01
3.0371265390e-01
3.0371919544e-01
3.0372558451e-01
3.0373203876e-01
3.0373855631e-01
3.0374513527e-01
3.0375170224e-01
3.0375832552e-01
3.0376500322e-01
3.0377173340e-01
3.0377855595e-01
3.0378542768e-01
3.0379234656e-01
3.0379931058e-01
3.0380648795e-01
3.0381370832e-01
3.0382096945e-01
3.0382826911e-01
3.0383606897e-01
3.0384390711e-01
3.0385178079e-01
3.0385968727e-01
3.0386788669e-01
3.0387611511e-01
3.0388436948e-01
3.0389264673e-01
3.0390106318e-01
3.0390949678e-01
3.0391794433e-01
3.0392640261e-01
3.0393473581e-01
3.0394307322e-01
3.0395141176e-01
3.0395974839e-01
3.0396818281e-01
3.0397660896e-01
3.0398502371e-01
3.0399342391e-01
3.0400210756e-01
3.0401076879e-01
3.0401940413e-01
3.0402801017e-01
3.0403722401e-01
3.0404639587e-01
3.0405552157e-01
3.0406459699e-01
3.0407744982e-01
3.0409018021e-01
3.0410277658e-01
3.0411522753e-01
3.0412433507e-01
3.0413335247e-01
3.0414227534e-01
3.0415109934e-01
3.0415947574e-01
3.0416775331e-01
3.0417592837e-01
3.0418399732e-01
3.0419187991e-01
3.0419965159e-01
3.0420730903e-01
3.0421484897e-01
3.0422229963e-01
3.0422962539e-01
3.0423682315e-01
3.0424388985e-01
3.0425091641e-01
3.0425780222e-01
3.0426454434e-01
3.0427113988e-01
3.0427772067e-01
3.0428414279e-01
3.0429040340e-01
3.0429649976e-01
3.0430259148e-01
3.0430850407e-01
3.0431423484e-01
3.0431978115e-01
3.0432532099e-01
3.0433065812e-01
3.0433578995e-01
3.0434071402e-01
3.0434561904e-01
3.0435029356e-01
3.0435473517e-01
3.0435894158e-01
3.0436310711e-01
3.0436700800e-01
3.0437064206e-01
3.0437400722e-01
3.0437730719e-01
3.0438029517e-01
3.0438296924e-01
3.0438532770e-01
3.0438757359e-01
3.0438942720e-01
3.0439088708e-01
3.0439195207e-01
3.0439262602e-01
3.0439289578e-01
3.0439276113e-01
3.0439222218e-01
3.0439138530e-01
3.0439021753e-01
3.0438871964e-01
3.0438689263e-01
3.0438489106e-01
3.0438260485e-01
3.0438003532e-01
3.0437718395e-01
3.0437421287e-01
3.0437099002e-01
3.0436751709e-01
3.0436379590e-01
3.0435999366e-01
3.0435596650e-01
3.0435171636e-01
3.0434724532e-01
3.0434271922e-01
3.0433799116e-01
3.0433306330e-01
3.0432793792e-01
3.0432277141e-01
3.0431742295e-01
3.0431189489e-01
3.0430618966e-01
3.0430044539e-01
3.0429453676e-01
3.0428846628e-01
3.0428223654e-01
3.0427595591e-01
3.0426952638e-01
3.0426295064e-01
3.0425623143e-01
3.0424942989e-01
3.0424249289e-01
3.0423542333e-01
3.0422822417e-01
3.0422087472e-01
3.0421340100e-01
3.0420580619e-01
3.0419809354e-01
3.0419004967e-01
3.0418188856e-01
3.0417361393e-01
3.0416522959e-01
3.0415554608e-01
3.0414573094e-01
3.0413579010e-01
3.0412572958e-01
3.0411649012e-01
3.0410716160e-01
3.0409774876e-01
3.0408825641e-01
3.0407958759e-01
3.0407086109e-01
3.0406208060e-01
3.0405324985e-01
3.0404483972e-01
3.0403639107e-01
3.0402790716e-01
3.0401939127e-01
3.0401109080e-01
3.0400276630e-01
3.0399442083e-01
3.0398605745e-01
3.0397772998e-01
3.0396939092e-01
3.0396104332e-01
3.0395269026e-01
3.0394388524e-01
3.0393508116e-01
3.0392628163e-01
3.0391749026e-01
3.0390916399e-01
3.0390085139e-01
3.0389255555e-01
3.0388427953e-01
3.0387648663e-01
3.0386871673e-01
3.0386097240e-01
3.0385325621e-01
3.0384587015e-01
3.0383851471e-01
3.0383119213e-01
3.0382390467e-01
3.0381680494e-01
3.0380974310e-01
3.0380272123e-01
3.0379574138e-01
3.0378883182e-01
3.0378196801e-01
3.0377515193e-01
3.0376838557e-01
3.0376157300e-01
3.0375481566e-01
3.0374811555e-01
3.0374147466e-01
3.0373457628e-01
3.0372774744e-01
3.0372099034e-01
3.0371430719e-01
3.0370469828e-01
3.0369525776e-01
3.0368599208e-01
3.0367690753e-01
3.0367052282e-01
3.0366423617e-01
3.0365804973e-01
3.0365196563e-01
3.0364640672e-01
3.0364093956e-01
3.0363556574e-01
3.0363028683e-01
3.0362520919e-01
3.0362022549e-01
3.0361533712e-01
3.0361054543e-01
3.0360584076e-01
3.0360123583e-01
3.0359673191e-01
3.0359233020e-01
3.0358790127e-01
3.0358358349e-01
3.0357937810e-01
3.0357528628e-01
3.0357122769e-01
3.0356728985e-01
3.0356347392e-01
3.0355978102e-01
3.0355599397e-01
3.0355234819e-01
3.0354884486e-01
3.0354548513e-01
3.0354173749e-01
3.0353818959e-01
3.0353484298e-01
3.0353169910e-01
3.0352841101e-01
3.0352538225e-01
3.0352261448e-01
3.0352010917e-01
3.0351764999e-01
3.0351551390e-01
3.0351370229e-01
3.0351221635e-01
3.0351104825e-01
3.0351021334e-01
3.0350971217e-01
3.0350954508e-01
