1.4881934397e-01
1.4888457286e-01
1.4908026913e-01
1.4940646120e-01
1.4986319572e-01
1.5043349511e-01
1.5112772553e-01
1.5194597293e-01
1.5288833382e-01
1.5394966092e-01
1.5513416203e-01
1.5644194876e-01
1.5787313217e-01
1.5945812316e-01
1.6117139378e-01
1.6301303588e-01
1.6498312360e-01
1.6724324274e-01
1.6965175200e-01
1.7220863348e-01
1.7491381572e-01
1.7806714353e-01
1.8140019529e-01
1.8491257223e-01
1.8860374148e-01
1.9191318412e-01
1.9535325550e-01
1.9892333362e-01
2.0262269410e-01
2.0628046022e-01
2.1005486246e-01
2.1394497242e-01
2.1794975599e-01
2.2190268960e-01
2.2595922004e-01
2.3011813501e-01
2.3437811982e-01
2.3916475726e-01
2.4406923699e-01
2.4908938233e-01
2.5422285855e-01
2.5876871194e-01
2.6339634902e-01
2.6810395209e-01
2.7288961438e-01
2.7765815147e-01
2.8249792251e-01
2.8740688512e-01
2.9238292051e-01
2.9750598311e-01
3.0269366621e-01
3.0794351981e-01
3.1325302422e-01
3.1889123601e-01
3.2458933279e-01
3.3034417523e-01
3.3615256000e-01
3.4284284358e-01
3.4959368745e-01
3.5640008728e-01
3.6325697690e-01
3.6959165183e-01
3.7596058068e-01
3.8235976380e-01
3.8878519417e-01
3.9478776561e-01
4.0080639097e-01
4.0683785777e-01
4.1287897251e-01
4.1881413719e-01
4.2475257402e-01
4.3069134801e-01
4.3662756115e-01
4.4261164592e-01
4.4858732714e-01
4.5455176817e-01
4.6050218706e-01
4.6665310535e-01
4.7278306198e-01
4.7888916632e-01
4.8496860511e-01
4.9149278604e-01
4.9797944525e-01
5.0442537590e-01
5.1082748839e-01
5.1761282612e-01
5.2434133740e-01
5.3100971498e-01
5.3761481082e-01
5.4396526287e-01
5.5025063285e-01
5.5646846805e-01
5.6261645482e-01
5.6890888442e-01
5.7512176812e-01
5.8125299337e-01
5.8730059746e-01
5.9382971964e-01
6.0025404960e-01
6.0657159247e-01
6.1278054575e-01
6.2024040077e-01
6.2753208558e-01
6.3465336634e-01
6.4160236925e-01
6.4729473946e-01
6.5286418873e-01
6.5831013319e-01
6.6363212816e-01
6.6867846228e-01
6.7360757239e-01
6.7841938246e-01
6.8311391051e-01
6.8769652096e-01
6.9216186900e-01
6.9651021528e-01
7.0074188846e-01
7.0492515404e-01
7.0898868365e-01
7.1293300047e-01
7.1675867528e-01
7.2056848345e-01
7.2425426406e-01
7.2781675739e-01
7.3125673269e-01
7.3469799922e-01
7.3800907453e-01
7.4119088058e-01
7.4424434901e-01
7.4730642302e-01
7.5022976462e-01
7.5301544225e-01
7.5566451215e-01
7.5832215325e-01
7.6082895670e-01
7.6318609489e-01
7.6539470071e-01
7.6761005172e-01
7.6965542465e-01
7.7153204450e-01
7.7324105771e-01
7.7492800187e-01
7.7641488123e-01
7.7770284936e-01
7.7879291863e-01
7.7974156734e-01
7.8046525655e-01
7.8096465660e-01
7.8124023269e-01
7.8129494887e-01
7.8114793277e-01
7.8079906021e-01
7.8024803723e-01
7.7955088767e-01
7.7867670210e-01
7.7762484930e-01
7.7639457652e-01
7.7509596073e-01
7.7364293552e-01
7.7203464083e-01
7.7027013873e-01
7.6846868403e-01
7.6652748962e-01
7.6444560783e-01
7.6222204351e-01
7.5997605200e-01
7.5760017022e-01
7.5509344492e-01
7.5245489862e-01
7.4979998025e-01
7.4702203540e-01
7.4412016196e-01
7.4109345294e-01
7.3804753221e-01
7.3488325034e-01
7.3159979904e-01
7.2819638256e-01
7.2476027928e-01
7.2120859094e-01
7.1754064016e-01
7.1375577922e-01
7.0990817397e-01
7.0594572340e-01
7.0186792067e-01
6.9767430739e-01
6.9335089686e-01
6.8891019913e-01
6.8435193323e-01
6.7967589127e-01
6.7467324571e-01
6.6954229651e-01
6.6428310898e-01
6.5889586792e-01
6.5255364238e-01
6.4604375827e-01
6.3936717194e-01
6.3252511619e-01
6.2684453025e-01
6.2105665870e-01
6.1516261726e-01
6.0916367210e-01
6.0348004083e-01
5.9770781943e-01
5.9184841509e-01
5.8590336694e-01
5.8005801369e-01
5.7413534915e-01
5.6813715341e-01
5.6206533628e-01
5.5576067684e-01
5.4938300724e-01
5.4293483261e-01
5.3641881136e-01
5.3018462903e-01
5.2389457954e-01
5.1755131070e-01
5.1115759587e-01
5.0521325007e-01
4.9923076034e-01
4.9321258938e-01
4.8716128757e-01
4.8129610513e-01
4.7540499623e-01
4.6949047104e-01
4.6355510832e-01
4.5767042963e-01
4.5177059160e-01
4.4585826691e-01
4.3993618266e-01
4.3391453468e-01
4.2788864652e-01
4.2186152455e-01
4.1583621683e-01
4.0939776792e-01
4.0296873809e-01
3.9655297595e-01
3.9015435714e-01
3.8287387421e-01
3.7562664089e-01
3.6841847634e-01
3.6125518672e-01
3.5525852664e-01
3.4930126111e-01
3.4338679163e-01
3.3751848293e-01
3.3194671895e-01
3.2642317965e-01
3.2095068925e-01
3.1553201990e-01
3.1028003863e-01
3.0508477681e-01
2.9994866760e-01
2.9487408031e-01
2.8977170144e-01
2.8473787453e-01
2.7977487758e-01
2.7488490736e-01
2.6969997864e-01
2.6460482402e-01
2.5960185809e-01
2.5469337603e-01
2.4999748743e-01
2.4539551870e-01
2.4088926809e-01
2.3648042426e-01
2.3202699618e-01
2.2768096575e-01
2.2344383659e-01
2.1931699407e-01
2.1506529719e-01
2.1094026191e-01
2.0694312613e-01
2.0307499681e-01
1.9860037610e-01
1.9431479404e-01
1.9021949543e-01
1.8631551065e-01
1.8308642244e-01
1.8000218723e-01
1.7706314577e-01
1.7426955511e-01
1.7177963789e-01
1.6941815188e-01
1.6718514856e-01
1.6508063984e-01
1.6313932352e-01
1.6132181074e-01
1.5962803276e-01
1.5805790402e-01
1.5660541545e-01
1.5527742700e-01
1.5407382644e-01
1.5299450056e-01
1.5201541313e-01
1.5116712923e-01
1.5044954382e-01
1.4986256344e-01
1.4940610561e-01
1.4908011111e-01
1.4888453336e-01
1.4881934397e-01
