2.5820628608e-01
2.5827161665e-01
2.5846757507e-01
2.5879406130e-01
2.5925090832e-01
2.5985181542e-01
2.6058813547e-01
2.6145947073e-01
2.6246534764e-01
2.6382943398e-01
2.6538028118e-01
2.6711667668e-01
2.6903724740e-01
2.7087512040e-01
2.7285278488e-01
2.7496898975e-01
2.7722237977e-01
2.7949392782e-01
2.8188715184e-01
2.8440060970e-01
2.8703276801e-01
2.8983686472e-01
2.9276083208e-01
2.9580274571e-01
2.9896057914e-01
3.0178271590e-01
3.0468848335e-01
3.0767638686e-01
3.1074487515e-01
3.1376962454e-01
3.1686590547e-01
3.2003219391e-01
3.2326691977e-01
3.2653943455e-01
3.2987599650e-01
3.3327494788e-01
3.3673459076e-01
3.4025923942e-01
3.4384126042e-01
3.4747883435e-01
3.5117010750e-01
3.5501252639e-01
3.5890745227e-01
3.6285278094e-01
3.6684637913e-01
3.7122979942e-01
3.7566467077e-01
3.8014817696e-01
3.8467747689e-01
3.8956089811e-01
3.9448975977e-01
3.9946054303e-01
4.0446972018e-01
4.0890400502e-01
4.1336285449e-01
4.1784387416e-01
4.2234467799e-01
4.2668894307e-01
4.3104720616e-01
4.3541738358e-01
4.3979740893e-01
4.4413902754e-01
4.4848632171e-01
4.5283735255e-01
4.5719020610e-01
4.6158345177e-01
4.6597472084e-01
4.7036213401e-01
4.7474384507e-01
4.7925379036e-01
4.8375380238e-01
4.8824197796e-01
4.9271645770e-01
4.9751449222e-01
5.0229236171e-01
5.0704792790e-01
5.1177911715e-01
5.1690282987e-01
5.2199272915e-01
5.2704640425e-01
5.3206153982e-01
5.3671969565e-01
5.4134038348e-01
5.4592193210e-01
5.5046274361e-01
5.5499044276e-01
5.5947384679e-01
5.6391154811e-01
5.6830221161e-01
5.7279927092e-01
5.7724318080e-01
5.8163269584e-01
5.8596664841e-01
5.9058041917e-01
5.9512692809e-01
5.9960499770e-01
6.0401354537e-01
6.0934161786e-01
6.1456125995e-01
6.1967100301e-01
6.2466956336e-01
6.2887506418e-01
6.3299704738e-01
6.3703499467e-01
6.4098846961e-01
6.4469799822e-01
6.4832934853e-01
6.5188232592e-01
6.5535679066e-01
6.5872151191e-01
6.6200904525e-01
6.6521939506e-01
6.6835260611e-01
6.7142751402e-01
6.7442452432e-01
6.7734378885e-01
6.8018548933e-01
6.8299490641e-01
6.8572463425e-01
6.8837494175e-01
6.9094611870e-01
6.9349916610e-01
6.9596979001e-01
6.9835835406e-01
7.0066523415e-01
7.0296098362e-01
7.0517055943e-01
7.0729440000e-01
7.0933294721e-01
7.1136209192e-01
7.1330004607e-01
7.1514730193e-01
7.1690434543e-01
7.1864925229e-01
7.2029616082e-01
7.2184559192e-01
7.2329804856e-01
7.2473214579e-01
7.2605839910e-01
7.2727732561e-01
7.2838940963e-01
7.2947722461e-01
7.3043994262e-01
7.3127803703e-01
7.3199192515e-01
7.3263442926e-01
7.3312733611e-01
7.3347095112e-01
7.3366548846e-01
7.3371210840e-01
7.3362150914e-01
7.3339363838e-01
7.3302836493e-01
7.3257873788e-01
7.3201599789e-01
7.3133988334e-01
7.3055008255e-01
7.2970554497e-01
7.2876031721e-01
7.2771402859e-01
7.2656627455e-01
7.2538031585e-01
7.2410180790e-01
7.2273032604e-01
7.2126542391e-01
7.1977275504e-01
7.1819335388e-01
7.1652678027e-01
7.1477258229e-01
7.1299584770e-01
7.1113662460e-01
7.0919448597e-01
7.0716900174e-01
7.0512123438e-01
7.0299401967e-01
7.0078696656e-01
6.9849968909e-01
6.9618486932e-01
6.9379261443e-01
6.9132258964e-01
6.8877447309e-01
6.8618605604e-01
6.8352118862e-01
6.8077961285e-01
6.7796109209e-01
6.7507649948e-01
6.7211514613e-01
6.6907687615e-01
6.6596156488e-01
6.6272316765e-01
6.5940537296e-01
6.5600816704e-01
6.5253158137e-01
6.4874983245e-01
6.4487867587e-01
6.4091834303e-01
6.3686914095e-01
6.3253072304e-01
6.2809567570e-01
6.2356465441e-01
6.1893842990e-01
6.1485182990e-01
6.1069501755e-01
6.0646872659e-01
6.0217376898e-01
5.9807549436e-01
5.9391816616e-01
5.8970266110e-01
5.8542992564e-01
5.8124213632e-01
5.7700270642e-01
5.7271268999e-01
5.6837320855e-01
5.6401306348e-01
5.5960648290e-01
5.5515477325e-01
5.5065931149e-01
5.4577979003e-01
5.4085327925e-01
5.3588176851e-01
5.3086734504e-01
5.2623545617e-01
5.2157110664e-01
5.1687612111e-01
5.1215239316e-01
5.0774582930e-01
5.0331783230e-01
4.9887007106e-01
4.9440426345e-01
4.9006123010e-01
4.8570455834e-01
4.8133593793e-01
4.7695709820e-01
4.7261954819e-01
4.6827548103e-01
4.6392667479e-01
4.5957494021e-01
4.5518702855e-01
4.5079993030e-01
4.4641559127e-01
4.4203598410e-01
4.3749186431e-01
4.3295727969e-01
4.2843452163e-01
4.2392590260e-01
4.1881587669e-01
4.1373063352e-01
4.0867365075e-01
4.0364842033e-01
3.9894289485e-01
3.9427163992e-01
3.8963758816e-01
3.8504366502e-01
3.8084966384e-01
3.7669445720e-01
3.7258029648e-01
3.6850941555e-01
3.6459655374e-01
3.6072867494e-01
3.5690776738e-01
3.5313579404e-01
3.4941549985e-01
3.4574795826e-01
3.4213504255e-01
3.3857859262e-01
3.3506652822e-01
3.3161499105e-01
3.2822573107e-01
3.2490045773e-01
3.2151461953e-01
3.1820149700e-01
3.1496286032e-01
3.1180042701e-01
3.0823490968e-01
3.0477635008e-01
3.0142714250e-01
2.9818958078e-01
2.9509998035e-01
2.9212372213e-01
2.8926273178e-01
2.8651883825e-01
2.8374449187e-01
2.8110516488e-01
2.7860267621e-01
2.7623872795e-01
2.7384690768e-01
2.7161983426e-01
2.6955919975e-01
2.6766654932e-01
2.6614680341e-01
2.6475806160e-01
2.6350109746e-01
2.6237660474e-01
2.6140119910e-01
2.6055483154e-01
2.5983794298e-01
2.5925090467e-01
2.5879405924e-01
2.5846757415e-01
2.5827161643e-01
2.5820628608e-01
