2.8806258017e-01
2.8806446165e-01
2.8807010592e-01
2.8807951240e-01
2.8809268008e-01
2.8810435150e-01
2.8811792939e-01
2.8813341267e-01
2.8815079992e-01
2.8816669820e-01
2.8818390911e-01
2.8820243103e-01
2.8822226201e-01
2.8824145639e-01
2.8826173203e-01
2.8828308630e-01
2.8830551611e-01
2.8832967371e-01
2.8835495769e-01
2.8838136244e-01
2.8840888132e-01
2.8843638168e-01
2.8846489652e-01
2.8849441642e-01
2.8852493047e-01
2.8855381421e-01
2.8858351450e-01
2.8861401877e-01
2.8864531290e-01
2.8867493877e-01
2.8870521260e-01
2.8873611909e-01
2.8876764145e-01
2.8880261991e-01
2.8883828001e-01
2.8887459361e-01
2.8891153017e-01
2.8894788481e-01
2.8898476134e-01
2.8902212555e-01
2.8905994115e-01
2.8909755029e-01
2.8913552109e-01
2.8917381361e-01
2.8921238635e-01
2.8925911688e-01
2.8930611369e-01
2.8935329720e-01
2.8940058589e-01
2.8944980437e-01
2.8949895208e-01
2.8954793360e-01
2.8959665322e-01
2.8964912700e-01
2.8970105853e-01
2.8975232818e-01
2.8980281845e-01
2.8985170644e-01
2.8989961862e-01
2.8994645114e-01
2.8999210371e-01
2.9004016420e-01
2.9008660596e-01
2.9013131703e-01
2.9017419139e-01
2.9022077237e-01
2.9026468953e-01
2.9030581423e-01
2.9034402829e-01
2.9038547383e-01
2.9042250269e-01
2.9045497305e-01
2.9048276271e-01
2.9051211015e-01
2.9053293492e-01
2.9054510594e-01
2.9054854701e-01
2.9054510189e-01
2.9053625092e-01
2.9052202769e-01
2.9050248677e-01
2.9048144038e-01
2.9045656265e-01
2.9042792697e-01
2.9039561904e-01
2.9036441566e-01
2.9033054976e-01
2.9029410272e-01
2.9025516361e-01
2.9021818300e-01
2.9017934918e-01
2.9013874253e-01
2.9009644845e-01
2.9005436475e-01
2.9001089488e-01
2.8996612704e-01
2.8992015338e-01
2.8986766533e-01
2.8981393904e-01
2.8975911701e-01
2.8970334620e-01
2.8965798127e-01
2.8961218134e-01
2.8956602688e-01
2.8951959904e-01
2.8947618225e-01
2.8943266487e-01
2.8938911250e-01
2.8934559015e-01
2.8930667119e-01
2.8926787341e-01
2.8922924142e-01
2.8919081881e-01
2.8914918028e-01
2.8910789491e-01
2.8906701401e-01
2.8902658661e-01
2.8898943233e-01
2.8895274638e-01
2.8891656239e-01
2.8888091200e-01
2.8884667907e-01
2.8881300766e-01
2.8877992155e-01
2.8874744273e-01
2.8871335208e-01
2.8868000396e-01
2.8864741892e-01
2.8861561547e-01
2.8856980379e-01
2.8852580408e-01
2.8848365610e-01
2.8844339278e-01
2.8841528480e-01
2.8838819865e-01
2.8836214184e-01
2.8833712080e-01
2.8831146456e-01
2.8828700966e-01
2.8826376089e-01
2.8824172225e-01
2.8821587015e-01
2.8819192089e-01
2.8816987865e-01
2.8814974670e-01
2.8811736899e-01
2.8809163010e-01
2.8807253734e-01
2.8806009505e-01
2.8805511847e-01
2.8805391054e-01
2.8805647140e-01
2.8806280080e-01
2.8807130655e-01
2.8808262606e-01
2.8809675831e-01
2.8811370187e-01
2.8812801593e-01
2.8814386061e-01
2.8816123459e-01
2.8818013620e-01
2.8819795362e-01
2.8821694076e-01
2.8823709555e-01
2.8825841551e-01
2.8828087738e-01
2.8830449581e-01
2.8832926652e-01
2.8835518442e-01
2.8838710234e-01
2.8842058463e-01
2.8845561704e-01
2.8849218237e-01
2.8852058193e-01
2.8854982114e-01
2.8857988855e-01
2.8861077122e-01
2.8864067057e-01
2.8867127031e-01
2.8870255522e-01
2.8873450851e-01
2.8876760566e-01
2.8880135122e-01
2.8883572208e-01
2.8887069317e-01
2.8890969962e-01
2.8894935665e-01
2.8898962272e-01
2.8903045340e-01
2.8906778392e-01
2.8910549984e-01
2.8914356268e-01
2.8918193228e-01
2.8922474680e-01
2.8926782807e-01
2.8931111567e-01
2.8935454763e-01
2.8940273457e-01
2.8945093343e-01
2.8949905576e-01
2.8954701241e-01
2.8960541216e-01
2.8966326532e-01
2.8972040978e-01
2.8977668600e-01
2.8982572995e-01
2.8987386253e-01
2.8992098069e-01
2.8996698471e-01
2.9001505617e-01
2.9006161644e-01
2.9010655645e-01
2.9014977262e-01
2.9019668412e-01
2.9024110626e-01
2.9028291359e-01
2.9032199028e-01
2.9036492212e-01
2.9040364701e-01
2.9043802058e-01
2.9046791703e-01
2.9049772501e-01
2.9052078404e-01
2.9053697836e-01
2.9054622768e-01
2.9054857121e-01
2.9054513845e-01
2.9053594374e-01
2.9052102506e-01
2.9050311800e-01
2.9048084361e-01
2.9045427524e-01
2.9042350147e-01
2.9039442839e-01
2.9036252251e-01
2.9032786256e-01
2.9029053544e-01
2.9025492806e-01
2.9021733261e-01
2.9017782848e-01
2.9013650050e-01
2.9009595837e-01
2.9005395593e-01
2.9001057719e-01
2.8996591020e-01
2.8990137767e-01
2.8983476493e-01
2.8976634964e-01
2.8969642094e-01
2.8965152458e-01
2.8960621903e-01
2.8956058242e-01
2.8951469350e-01
2.8947098368e-01
2.8942718527e-01
2.8938336540e-01
2.8933959057e-01
2.8930076961e-01
2.8926208142e-01
2.8922357040e-01
2.8918527991e-01
2.8914498065e-01
2.8910502503e-01
2.8906545972e-01
2.8902632934e-01
2.8898879602e-01
2.8895174958e-01
2.8891522478e-01
2.8887925429e-01
2.8884548657e-01
2.8881227564e-01
2.8877964438e-01
2.8874761394e-01
2.8871352412e-01
2.8868018892e-01
2.8864762889e-01
2.8861586257e-01
2.8857831868e-01
2.8854199966e-01
2.8850692823e-01
2.8847312390e-01
2.8844421278e-01
2.8841632166e-01
2.8838945911e-01
2.8836363250e-01
2.8833768923e-01
2.8831289634e-01
2.8828925901e-01
2.8826678157e-01
2.8824150822e-01
2.8821789319e-01
2.8819594059e-01
2.8817565366e-01
2.8814916689e-01
2.8812620341e-01
2.8810676755e-01
2.8809086233e-01
2.8807848982e-01
2.8806965143e-01
2.8806434807e-01
2.8806258023e-01
