3.0958867596e-01
3.0969727216e-01
3.1002292039e-01
3.1056519934e-01
3.1132340659e-01
3.1220549435e-01
3.1326657534e-01
3.1450549099e-01
3.1592088442e-01
3.1733189448e-01
3.1888100177e-01
3.2056684050e-01
3.2238791875e-01
3.2407893771e-01
3.2586971766e-01
3.2775904858e-01
3.2974564941e-01
3.3168103142e-01
3.3369837453e-01
3.3579648182e-01
3.3797410468e-01
3.4014783237e-01
3.4239306566e-01
3.4470855229e-01
3.4709299786e-01
3.4948619662e-01
3.5194257183e-01
3.5446080728e-01
3.5703955183e-01
3.5964145695e-01
3.6229954067e-01
3.6501241166e-01
3.6777864962e-01
3.7062009638e-01
3.7351280447e-01
3.7645523665e-01
3.7944583112e-01
3.8260078485e-01
3.8580416966e-01
3.8905416289e-01
3.9234892075e-01
3.9611610275e-01
3.9993515321e-01
4.0380335057e-01
4.0771795362e-01
4.1148942979e-01
4.1529815556e-01
4.1914172815e-01
4.2301774163e-01
4.2661184589e-01
4.3022952015e-01
4.3386889514e-01
4.3752810806e-01
4.4108096201e-01
4.4464894246e-01
4.4823039648e-01
4.5182368346e-01
4.5538850970e-01
4.5896176427e-01
4.6254190319e-01
4.6612739996e-01
4.6973881318e-01
4.7335260853e-01
4.7696729244e-01
4.8058139412e-01
4.8428093406e-01
4.8797681793e-01
4.9166754680e-01
4.9535165123e-01
4.9925927955e-01
5.0315610512e-01
5.0704047878e-01
5.1091079324e-01
5.1489265685e-01
5.1885617012e-01
5.2279970678e-01
5.2672169123e-01
5.3067646717e-01
5.3460596121e-01
5.3850869096e-01
5.4238322873e-01
5.4616823942e-01
5.4992334583e-01
5.5364734124e-01
5.5733906960e-01
5.6104235430e-01
5.6471034255e-01
5.6834199087e-01
5.7193630678e-01
5.7561953006e-01
5.7926068454e-01
5.8285883437e-01
5.8641309837e-01
5.9018360372e-01
5.9390148954e-01
5.9756586309e-01
6.0117589752e-01
6.0623079697e-01
6.1117154913e-01
6.1599639828e-01
6.2070381980e-01
6.2410872739e-01
6.2744824246e-01
6.3072196825e-01
6.3392956376e-01
6.3694721344e-01
6.3990340610e-01
6.4279797068e-01
6.4563077432e-01
6.4837512752e-01
6.5105875654e-01
6.5368163058e-01
6.5624374739e-01
6.5875568376e-01
6.6120641762e-01
6.6359602214e-01
6.6592459199e-01
6.6822283449e-01
6.7045861717e-01
6.7263209519e-01
6.7474343923e-01
6.7683548922e-01
6.7886315258e-01
6.8082665029e-01
6.8272621311e-01
6.8461216249e-01
6.8643109578e-01
6.8818328554e-01
6.8986900846e-01
6.9154293209e-01
6.9314635954e-01
6.9467960065e-01
6.9614296326e-01
6.9759310570e-01
6.9896811678e-01
7.0026832728e-01
7.0149405906e-01
7.0270251088e-01
7.0382936571e-01
7.0487495533e-01
7.0583959414e-01
7.0678220796e-01
7.0763286441e-01
7.0839187207e-01
7.0905951026e-01
7.0969373337e-01
7.1021604196e-01
7.1062668088e-01
7.1092584419e-01
7.1111498732e-01
7.1119065696e-01
7.1115289005e-01
7.1100166815e-01
7.1076667644e-01
7.1043842638e-01
7.1001678770e-01
7.0950159415e-01
7.0893603153e-01
7.0828857068e-01
7.0755899525e-01
7.0674706441e-01
7.0589843248e-01
7.0497485953e-01
7.0397608213e-01
7.0290182053e-01
7.0179978061e-01
7.0062769617e-01
6.9938528370e-01
6.9807225007e-01
6.9673670065e-01
6.9533470896e-01
6.9386599198e-01
6.9233026290e-01
6.9077376517e-01
6.8915347413e-01
6.8746912383e-01
6.8572044992e-01
6.8394913295e-01
6.8211589415e-01
6.8022049909e-01
6.7826272014e-01
6.7627588823e-01
6.7422828450e-01
6.7211972006e-01
6.6995001820e-01
6.6773804183e-01
6.6546564784e-01
6.6313270861e-01
6.6073911460e-01
6.5827680498e-01
6.5575329145e-01
6.5316852887e-01
6.5052249763e-01
6.4773994121e-01
6.4489275153e-01
6.4198100471e-01
6.3900481438e-01
6.3553481955e-01
6.3198162941e-01
6.2834561475e-01
6.2462722749e-01
6.2117777769e-01
6.1766123756e-01
6.1407814046e-01
6.1042908787e-01
6.0706504817e-01
6.0364792334e-01
6.0017831891e-01
5.9665689424e-01
5.9327316810e-01
5.8984421655e-01
5.8637074286e-01
5.8285349911e-01
5.7939543474e-01
5.7589760043e-01
5.7236082468e-01
5.6878598362e-01
5.6519595837e-01
5.6157019640e-01
5.5790970278e-01
5.5421553213e-01
5.5028738135e-01
5.4632441320e-01
5.4232804439e-01
5.3829975502e-01
5.3445153244e-01
5.3057736066e-01
5.2667866114e-01
5.2275690697e-01
5.1903436035e-01
5.1529394549e-01
5.1153702758e-01
5.0776501163e-01
5.0412736505e-01
5.0047842530e-01
4.9681954031e-01
4.9315208982e-01
4.8955397111e-01
4.8595034506e-01
4.8234259157e-01
4.7873211679e-01
4.7513405597e-01
4.7153615445e-01
4.6793987443e-01
4.6434669997e-01
4.6070566335e-01
4.5707096553e-01
4.5344421814e-01
4.4982705069e-01
4.4604590450e-01
4.4227901975e-01
4.3852832818e-01
4.3479577545e-01
4.2938924481e-01
4.2403155869e-01
4.1872885114e-01
4.1348727022e-01
4.0977826462e-01
4.0610593894e-01
4.0247253251e-01
3.9888027463e-01
3.9558171011e-01
3.9232234092e-01
3.8910391876e-01
3.8592817984e-01
3.8286031262e-01
3.7983665130e-01
3.7685877454e-01
3.7392824019e-01
3.7103984405e-01
3.6820207946e-01
3.6541644350e-01
3.6268440652e-01
3.5992590709e-01
3.5722743619e-01
3.5459050640e-01
3.5201659463e-01
3.4945562853e-01
3.4696332132e-01
3.4454112152e-01
3.4219043421e-01
3.3977313809e-01
3.3743965378e-01
3.3519149768e-01
3.3303012653e-01
3.3061305538e-01
3.2831885494e-01
3.2614953973e-01
3.2410700719e-01
3.2196599767e-01
3.1998955390e-01
3.1817983005e-01
3.1653879020e-01
3.1492526130e-01
3.1352156232e-01
3.1232952760e-01
3.1135070956e-01
3.1058058070e-01
3.1002976399e-01
3.0969898418e-01
3.0958867596e-01
