1.1697802700e-03
1.2064245513e-03
1.3186123365e-03
1.5133386357e-03
1.8027667031e-03
2.1405965707e-03
2.5769090966e-03
3.1316204596e-03
3.8299805722e-03
4.6161662082e-03
5.5763199411e-03
6.7459434471e-03
8.1679622964e-03
9.8888962252e-03
1.1973517999e-02
1.4495216714e-02
1.7541215040e-02
2.0462951680e-02
2.3859127085e-02
2.7801438982e-02
3.2370583287e-02
3.6300406889e-02
4.0683556655e-02
4.5565965972e-02
5.0996588412e-02
5.6342430572e-02
6.2203457977e-02
6.8619197358e-02
7.5629971782e-02
8.3419869634e-02
9.1911000368e-02
1.0114454552e-01
1.1115940472e-01
1.2152857486e-01
1.3267608285e-01
1.4462406467e-01
1.5738839707e-01
1.7008534916e-01
1.8350556735e-01
1.9764202663e-01
2.1247991600e-01
2.2670481807e-01
2.4147794974e-01
2.5676933403e-01
2.7254327316e-01
2.9312519982e-01
3.1431888942e-01
3.3601984450e-01
3.5811582006e-01
3.7629409771e-01
3.9459178722e-01
4.1294491627e-01
4.3129063759e-01
4.5185045828e-01
4.7224140406e-01
4.9238667792e-01
5.1221591453e-01
5.3306856708e-01
5.5341584038e-01
5.7319895747e-01
5.9236892565e-01
6.1390041862e-01
6.3449698318e-01
6.5412601522e-01
6.7276824871e-01
6.8963492691e-01
7.0559759832e-01
7.2066508853e-01
7.3485199288e-01
7.4952826149e-01
7.6318408800e-01
7.7585454185e-01
7.8757744356e-01
8.0004164635e-01
8.1134681950e-01
8.2155552508e-01
8.3072890843e-01
8.4094575509e-01
8.4970985870e-01
8.5712289774e-01
8.6327552747e-01
8.6988352424e-01
8.7437612051e-01
8.7687856752e-01
8.7746875148e-01
8.7663950897e-01
8.7468802806e-01
8.7159270189e-01
8.6731552751e-01
8.6268117259e-01
8.5710041044e-01
8.5052175106e-01
8.4288569543e-01
8.3589350843e-01
8.2812764359e-01
8.1954666047e-01
8.1010688113e-01
8.0089246550e-01
7.9092031581e-01
7.8015686260e-01
7.6856886303e-01
7.5683354813e-01
7.4430745973e-01
7.3096688562e-01
7.1679099192e-01
7.0039155403e-01
6.8296654090e-01
6.6450873887e-01
6.4502111548e-01
6.2816736875e-01
6.1063725130e-01
5.9245367475e-01
5.7364755387e-01
5.5635236518e-01
5.3862610534e-01
5.2050919399e-01
5.0204817153e-01
4.8445199236e-01
4.6664721027e-01
4.4868640010e-01
4.3062601956e-01
4.1038159229e-01
3.9017525044e-01
3.7009735377e-01
3.5023940499e-01
3.3289885491e-01
3.1586437853e-01
2.9919524141e-01
2.8294729793e-01
2.6662231052e-01
2.5085590466e-01
2.3569329529e-01
2.2117285914e-01
2.0560257956e-01
1.9092310291e-01
1.7715734871e-01
1.6431786331e-01
1.5243291817e-01
1.4146816498e-01
1.3141187491e-01
1.2224693316e-01
1.1385878296e-01
1.0633671033e-01
9.9654420554e-02
9.3785180708e-02
8.8216225022e-02
8.3573943822e-02
7.9828586280e-02
7.6954678570e-02
7.4866992123e-02
7.3684597986e-02
7.3397903045e-02
7.4004549795e-02
7.5327111138e-02
7.7393636598e-02
8.0217512509e-02
8.3816442859e-02
8.7939653365e-02
9.2792197376e-02
9.8397062918e-02
1.0477870589e-01
1.1304221884e-01
1.2238724932e-01
1.3284852376e-01
1.4445623440e-01
1.5490848832e-01
1.6616494407e-01
1.7822854733e-01
1.9109595063e-01
2.0356117470e-01
2.1667655051e-01
2.3042246062e-01
2.4477325579e-01
2.6031561187e-01
2.7643594521e-01
2.9308499051e-01
3.1020746731e-01
3.2793551131e-01
3.4601836373e-01
3.6438573861e-01
3.8296526322e-01
4.0111235595e-01
4.1932353198e-01
4.3753377028e-01
4.5568028800e-01
4.7678582627e-01
4.9763213510e-01
5.1813755899e-01
5.3822913966e-01
5.5978183566e-01
5.8068428843e-01
6.0087757704e-01
6.2031536360e-01
6.3948737302e-01
6.5779756117e-01
6.7523075131e-01
6.9178111309e-01
7.0781148965e-01
7.2292888581e-01
7.3714903128e-01
7.5049252440e-01
7.6440599288e-01
7.7729200734e-01
7.8919155565e-01
8.0014728570e-01
8.1264903036e-01
8.2381248971e-01
8.3371991370e-01
8.4244912348e-01
8.5184559512e-01
8.5962787682e-01
8.6590528170e-01
8.7076773708e-01
8.7478583231e-01
8.7700037186e-01
8.7744867558e-01
8.7612691485e-01
8.7401405564e-01
8.7089846810e-01
8.6673637995e-01
8.6147213128e-01
8.5627800365e-01
8.5025221800e-01
8.4334658115e-01
8.3550813193e-01
8.2794131285e-01
8.1959615209e-01
8.1043149834e-01
8.0040483162e-01
7.9059444318e-01
7.8001681797e-01
7.6864046792e-01
7.5643487943e-01
7.4370936779e-01
7.3014358923e-01
7.1571602201e-01
7.0040907391e-01
6.8422039723e-01
6.6713403833e-01
6.4915066021e-01
6.3027946411e-01
6.1303082736e-01
5.9513484615e-01
5.7661856404e-01
5.5751684015e-01
5.4017123146e-01
5.2243690444e-01
5.0435477089e-01
4.8597112692e-01
4.6810852632e-01
4.5006588578e-01
4.3189680946e-01
4.1365824975e-01
3.9309459712e-01
3.7260716288e-01
3.5228601823e-01
3.3222115410e-01
3.1524852390e-01
2.9858427708e-01
2.8227931890e-01
2.6638090172e-01
2.4961023231e-01
2.3341913870e-01
2.1784863703e-01
2.0293189270e-01
1.8665371553e-01
1.7129417351e-01
1.5686531730e-01
1.4336714251e-01
1.3133131909e-01
1.2011754167e-01
1.0970195074e-01
1.0005543238e-01
9.0793573370e-02
8.2288395642e-02
7.4496863867e-02
6.7374738564e-02
5.9587599270e-02
5.2637439924e-02
4.6448755048e-02
4.0949471598e-02
3.4763590259e-02
2.9478237980e-02
2.4972515643e-02
2.1138805699e-02
1.7469093614e-02
1.4427790054e-02
1.1911345869e-02
9.8321927775e-03
7.9926479074e-03
6.5009133107e-03
5.2935323094e-03
4.3186489461e-03
3.4134342752e-03
2.7172384748e-03
2.1877590100e-03
1.7927177958e-03
1.5080598311e-03
1.3163801548e-03
1.2058829245e-03
1.1697802594e-03
