2.8349308366e-02
2.8703593321e-02
2.9774315077e-02
3.1585120981e-02
3.4175504081e-02
3.6588577415e-02
3.9472685982e-02
4.2859175202e-02
4.6783780174e-02
5.0614898004e-02
5.4900243428e-02
5.9669561359e-02
6.4954392246e-02
7.0397135721e-02
7.6348486323e-02
8.2837004391e-02
8.9891383736e-02
1.0059858410e-01
1.1250687359e-01
1.2568095845e-01
1.4017538332e-01
1.5077448871e-01
1.6200760255e-01
1.7387827029e-01
1.8638503477e-01
1.9866353621e-01
2.1148310876e-01
2.2482864113e-01
2.3868019033e-01
2.5290685091e-01
2.6757886513e-01
2.8266298863e-01
2.9812194433e-01
3.1625108637e-01
3.3475232143e-01
3.5355503717e-01
3.7258580163e-01
3.8935246978e-01
4.0618586922e-01
4.2303636280e-01
4.3985548438e-01
4.5826080794e-01
4.7651251378e-01
4.9455532106e-01
5.1233821942e-01
5.3184137760e-01
5.5090473182e-01
5.6947831114e-01
5.8751966097e-01
6.1085014870e-01
6.3309263556e-01
6.5420178776e-01
6.7415033115e-01
6.8960821476e-01
7.0428069157e-01
7.1817302094e-01
7.3129465114e-01
7.4457135517e-01
7.5698983554e-01
7.6857236829e-01
7.7934318928e-01
7.9073557869e-01
8.0113233686e-01
8.1057305024e-01
8.1909658000e-01
8.2817822994e-01
8.3605061810e-01
8.4276948530e-01
8.4838448338e-01
8.5345673290e-01
8.5722368452e-01
8.5972386183e-01
8.6098305952e-01
8.6104780586e-01
8.6003205921e-01
8.5792576784e-01
8.5470880364e-01
8.5097696626e-01
8.4635324733e-01
8.4080633398e-01
8.3429977247e-01
8.2802194052e-01
8.2100182871e-01
8.1321011833e-01
8.0461585164e-01
7.9615662627e-01
7.8699527588e-01
7.7710748409e-01
7.6646916612e-01
7.5499578776e-01
7.4271787727e-01
7.2961483565e-01
7.1566870303e-01
6.9736624382e-01
6.7775260593e-01
6.5682296392e-01
6.3458837809e-01
6.1891654598e-01
6.0268237789e-01
5.8590563920e-01
5.6861153510e-01
5.5196308270e-01
5.3491782415e-01
5.1751097648e-01
4.9978264778e-01
4.8341649125e-01
4.6685877035e-01
4.5014975374e-01
4.3333249079e-01
4.1520204322e-01
3.9705829074e-01
3.7896217130e-01
3.6097577333e-01
3.4428014815e-01
3.2778637239e-01
3.1154388776e-01
2.9560015660e-01
2.8026679721e-01
2.6530472707e-01
2.5074981787e-01
2.3663398104e-01
2.2155547850e-01
2.0707967378e-01
1.9323072836e-01
1.8002598079e-01
1.6452857131e-01
1.5004930109e-01
1.3658191050e-01
1.2410844257e-01
1.1428566080e-01
1.0513666623e-01
9.6636756687e-02
8.8758778882e-02
8.0915662936e-02
7.3726419719e-02
6.7152658451e-02
6.1156035216e-02
5.4498739135e-02
4.8593694699e-02
4.3376094633e-02
3.8785339477e-02
3.3618210922e-02
2.9321648826e-02
2.5797250085e-02
2.2961475335e-02
2.0680776145e-02
1.9001642635e-02
1.7878714621e-02
1.7281322777e-02
1.7190178828e-02
1.7587434414e-02
1.8483632475e-02
1.9902459764e-02
2.1617366467e-02
2.3802183970e-02
2.6500152670e-02
2.9763591032e-02
3.2756223894e-02
3.6167717147e-02
4.0035544857e-02
4.4400798875e-02
4.8589435255e-02
5.3209848473e-02
5.8294132613e-02
6.3875842533e-02
6.9709595956e-02
7.6060922607e-02
8.2961220989e-02
9.0441760617e-02
9.9108431949e-02
1.0850800597e-01
1.1867357959e-01
1.2963454043e-01
1.4000269070e-01
1.5102433443e-01
1.6270806140e-01
1.7505740361e-01
1.8742630984e-01
2.0038916565e-01
2.1393348859e-01
2.2804115703e-01
2.4211081854e-01
2.5665276650e-01
2.7163607809e-01
2.8702538077e-01
3.0632063404e-01
3.2608357047e-01
3.4622875327e-01
3.6666619135e-01
3.8345590202e-01
4.0032735920e-01
4.1723050252e-01
4.3411625736e-01
4.5241897727e-01
4.7058630681e-01
4.8856330084e-01
5.0629900751e-01
5.2592780246e-01
5.4513194620e-01
5.6385943855e-01
5.8206580667e-01
6.0535342692e-01
6.2759157481e-01
6.4873228173e-01
6.6874527972e-01
6.8441597144e-01
6.9930539543e-01
7.1341723038e-01
7.2675954756e-01
7.4024270115e-01
7.5287044359e-01
7.6466390908e-01
7.7564639837e-01
7.8722984639e-01
7.9782592596e-01
8.0747317101e-01
8.1620968456e-01
8.2553783303e-01
8.3366973544e-01
8.4066109453e-01
8.4656210898e-01
8.5211496333e-01
8.5630849504e-01
8.5918780674e-01
8.6078465147e-01
8.6113467088e-01
8.6039304602e-01
8.5855323955e-01
8.5559839041e-01
8.5199381139e-01
8.4745182567e-01
8.4194024518e-01
8.3542101572e-01
8.2926902826e-01
8.2237820322e-01
8.1471964907e-01
8.0626274498e-01
7.9794509332e-01
7.8893131053e-01
7.7919720951e-01
7.6871874038e-01
7.5800571320e-01
7.4657419008e-01
7.3440611722e-01
7.2148538801e-01
7.0676141755e-01
6.9114172638e-01
6.7461907182e-01
6.5719273142e-01
6.4188061575e-01
6.2594612971e-01
6.0940328763e-01
5.9227165789e-01
5.7500192071e-01
5.5722513437e-01
5.3897740162e-01
5.2030131024e-01
5.0420314747e-01
4.8786699300e-01
4.7132961821e-01
4.5463091882e-01
4.3737034360e-01
4.2003405662e-01
4.0267351657e-01
3.8534200617e-01
3.6781551669e-01
3.5043303021e-01
3.3325187545e-01
3.1632818750e-01
3.0086967798e-01
2.8572193178e-01
2.7092350508e-01
2.5650978070e-01
2.4138247870e-01
2.2677800946e-01
2.1272583356e-01
1.9924959197e-01
1.8474065669e-01
1.7100609851e-01
1.5805399052e-01
1.4588429292e-01
1.3475275691e-01
1.2434699210e-01
1.1464949587e-01
1.0563878748e-01
9.7147671714e-02
8.9313993234e-02
8.2107711100e-02
7.5497829982e-02
6.8551709138e-02
6.2314213565e-02
5.6738581687e-02
5.1780085855e-02
4.5868178521e-02
4.0952513391e-02
3.6944276543e-02
3.3767872646e-02
3.1361286444e-02
2.9676563041e-02
2.8679414615e-02
2.8349308919e-02
