2.7698743938e-01
2.7701733585e-01
2.7710703175e-01
2.7725654641e-01
2.7746591212e-01
2.7764399865e-01
2.7785023923e-01
2.7808465478e-01
2.7834726906e-01
2.7855832198e-01
2.7878463950e-01
2.7902623401e-01
2.7928311877e-01
2.7949616948e-01
2.7971871699e-01
2.7995076886e-01
2.8019233297e-01
2.8040066925e-01
2.8061560688e-01
2.8083715087e-01
2.8106530638e-01
2.8127607021e-01
2.8149218582e-01
2.8171365713e-01
2.8194048804e-01
2.8216159482e-01
2.8238757361e-01
2.8261842741e-01
2.8285415886e-01
2.8304385807e-01
2.8323660404e-01
2.8343239687e-01
2.8363123602e-01
2.8378785158e-01
2.8394630457e-01
2.8410659321e-01
2.8426871496e-01
2.8441887210e-01
2.8457056196e-01
2.8472378008e-01
2.8487852081e-01
2.8506339973e-01
2.8525038173e-01
2.8543944791e-01
2.8563057445e-01
2.8577912796e-01
2.8592886930e-01
2.8607977937e-01
2.8623183601e-01
2.8637680987e-01
2.8652276354e-01
2.8666966907e-01
2.8681749504e-01
2.8699856888e-01
2.8718088306e-01
2.8736435851e-01
2.8754890758e-01
2.8770315081e-01
2.8785801062e-01
2.8801342352e-01
2.8816932245e-01
2.8835577783e-01
2.8854269934e-01
2.8872995703e-01
2.8891741676e-01
2.8911836098e-01
2.8931920742e-01
2.8951978271e-01
2.8971991325e-01
2.8992988225e-01
2.9013896868e-01
2.9034697794e-01
2.9055372051e-01
2.9076760608e-01
2.9097971737e-01
2.9118986352e-01
2.9139786297e-01
2.9163400532e-01
2.9186684176e-01
2.9209614497e-01
2.9232170477e-01
2.9261982790e-01
2.9291035504e-01
2.9319290847e-01
2.9346715798e-01
2.9381285445e-01
2.9414332217e-01
2.9445812576e-01
2.9475692048e-01
2.9501945387e-01
2.9526783379e-01
2.9550194508e-01
2.9572171166e-01
2.9597103926e-01
2.9619881876e-01
2.9640509986e-01
2.9658999092e-01
2.9675491605e-01
2.9689849251e-01
2.9702100936e-01
2.9712282288e-01
2.9718845571e-01
2.9724186382e-01
2.9728332649e-01
2.9731316279e-01
2.9732835183e-01
2.9733714142e-01
2.9733973115e-01
2.9733634021e-01
2.9732885903e-01
2.9731732748e-01
2.9730192219e-01
2.9728283287e-01
2.9726209297e-01
2.9723855137e-01
2.9721238926e-01
2.9718379803e-01
2.9714577985e-01
2.9710481278e-01
2.9706130719e-01
2.9701569192e-01
2.9698243753e-01
2.9694851270e-01
2.9691408029e-01
2.9687930456e-01
2.9684782125e-01
2.9681631319e-01
2.9678489939e-01
2.9675369724e-01
2.9672340468e-01
2.9669353237e-01
2.9666418274e-01
2.9663545433e-01
2.9660712909e-01
2.9657962786e-01
2.9655303752e-01
2.9652743927e-01
2.9650346516e-01
2.9648057405e-01
2.9645882505e-01
2.9643827186e-01
2.9641696600e-01
2.9639724409e-01
2.9637915735e-01
2.9636275023e-01
2.9634794023e-01
2.9633491131e-01
2.9632369126e-01
2.9631430288e-01
2.9630665447e-01
2.9630093311e-01
2.9629714961e-01
2.9629531095e-01
2.9629537260e-01
2.9629720693e-01
2.9630081092e-01
2.9630617851e-01
2.9631390282e-01
2.9632363777e-01
2.9633536274e-01
2.9634905178e-01
2.9636409841e-01
2.9638091114e-01
2.9639944950e-01
2.9641966629e-01
2.9643892970e-01
2.9645942425e-01
2.9648110203e-01
2.9650390997e-01
2.9652936147e-01
2.9655594991e-01
2.9658359126e-01
2.9661219476e-01
2.9664029144e-01
2.9666908557e-01
2.9669848270e-01
2.9672838407e-01
2.9676288271e-01
2.9679774501e-01
2.9683281065e-01
2.9686791613e-01
2.9691499370e-01
2.9696143526e-01
2.9700683525e-01
2.9705079383e-01
2.9708674590e-01
2.9712114007e-01
2.9715375092e-01
2.9718436154e-01
2.9721563963e-01
2.9724394906e-01
2.9726903721e-01
2.9729066645e-01
2.9731253999e-01
2.9732823322e-01
2.9733737584e-01
2.9733963077e-01
2.9733188845e-01
2.9731161919e-01
2.9727831206e-01
2.9723152157e-01
2.9716715197e-01
2.9708696953e-01
2.9699063912e-01
2.9687787602e-01
2.9675279525e-01
2.9661190032e-01
2.9645504415e-01
2.9628211208e-01
2.9610508469e-01
2.9591377696e-01
2.9570817270e-01
2.9548828404e-01
2.9526011232e-01
2.9501846533e-01
2.9476344935e-01
2.9449521027e-01
2.9425669751e-01
2.9400889405e-01
2.9375197589e-01
2.9348615212e-01
2.9327410055e-01
2.9305697429e-01
2.9283491992e-01
2.9260810071e-01
2.9240677543e-01
2.9220210261e-01
2.9199422459e-01
2.9178329528e-01
2.9158871149e-01
2.9139186883e-01
2.9119290945e-01
2.9099198381e-01
2.9073516499e-01
2.9047579147e-01
2.9021422096e-01
2.8995082762e-01
2.8976873990e-01
2.8958610223e-01
2.8940304570e-01
2.8921970241e-01
2.8905503834e-01
2.8889034522e-01
2.8872571738e-01
2.8856124776e-01
2.8840373496e-01
2.8824652966e-01
2.8808970756e-01
2.8793334152e-01
2.8776790607e-01
2.8760314222e-01
2.8743912417e-01
2.8727592112e-01
2.8712659785e-01
2.8697806388e-01
2.8683036117e-01
2.8668352795e-01
2.8652156013e-01
2.8636074895e-01
2.8620113158e-01
2.8604274055e-01
2.8586043332e-01
2.8567985410e-01
2.8550103403e-01
2.8532399878e-01
2.8516192439e-01
2.8500140703e-01
2.8484245768e-01
2.8468508520e-01
2.8450167652e-01
2.8432047619e-01
2.8414149098e-01
2.8396472588e-01
2.8373471739e-01
2.8350859143e-01
2.8328635095e-01
2.8306799716e-01
2.8281532389e-01
2.8256806148e-01
2.8232620741e-01
2.8208975849e-01
2.8183412772e-01
2.8158512056e-01
2.8134273167e-01
2.8110695566e-01
2.8081820980e-01
2.8054002347e-01
2.8027238632e-01
2.8001528838e-01
2.7966384112e-01
2.7933416514e-01
2.7902623481e-01
2.7874002615e-01
2.7832928411e-01
2.7797341793e-01
2.7767235745e-01
2.7742604333e-01
2.7723412559e-01
2.7709706861e-01
2.7701484527e-01
2.7698743930e-01
