0.0000000000e+00
1.4249194985e-02
2.8498389969e-02
4.2747584954e-02
5.6996779938e-02
6.6068491406e-02
7.5140202874e-02
8.4211914342e-02
9.3283625809e-02
9.9675102276e-02
1.0606657874e-01
1.1245805521e-01
1.1884953168e-01
1.2362902791e-01
1.2840852414e-01
1.3318802038e-01
1.3796751661e-01
1.4180924793e-01
1.4565097925e-01
1.4949271056e-01
1.5333444188e-01
1.5660097953e-01
1.5986751718e-01
1.6313405483e-01
1.6640059248e-01
1.7016207039e-01
1.7392354829e-01
1.7768502620e-01
1.8144650411e-01
1.8393958077e-01
1.8643265743e-01
1.8892573408e-01
1.9141881074e-01
1.9333503817e-01
1.9525126559e-01
1.9716749302e-01
1.9908372044e-01
2.0078850609e-01
2.0249329174e-01
2.0419807739e-01
2.0590286304e-01
2.0807354016e-01
2.1024421729e-01
2.1241489441e-01
2.1458557153e-01
2.1612568199e-01
2.1766579244e-01
2.1920590290e-01
2.2074601336e-01
2.2218450559e-01
2.2362299782e-01
2.2506149005e-01
2.2649998228e-01
2.2826463358e-01
2.3002928487e-01
2.3179393617e-01
2.3355858746e-01
2.3503253414e-01
2.3650648081e-01
2.3798042749e-01
2.3945437417e-01
2.4122303607e-01
2.4299169798e-01
2.4476035988e-01
2.4652902179e-01
2.4843641643e-01
2.5034381106e-01
2.5225120570e-01
2.5415860034e-01
2.5613072464e-01
2.5810284894e-01
2.6007497324e-01
2.6204709754e-01
2.6415739610e-01
2.6626769467e-01
2.6837799323e-01
2.7048829180e-01
2.7294034746e-01
2.7539240312e-01
2.7784445878e-01
2.8029651444e-01
2.8375567998e-01
2.8721484552e-01
2.9067401106e-01
2.9413317660e-01
2.9830698541e-01
3.0248079422e-01
3.0665460304e-01
3.1082841185e-01
3.1480003067e-01
3.1877164950e-01
3.2274326832e-01
3.2671488714e-01
3.3104326321e-01
3.3537163928e-01
3.3970001535e-01
3.4402839142e-01
3.4872279238e-01
3.5341719334e-01
3.5811159429e-01
3.6280599525e-01
3.6743048295e-01
3.7205497066e-01
3.7667945836e-01
3.8130394606e-01
3.8527082891e-01
3.8923771175e-01
3.9320459460e-01
3.9717147744e-01
4.0035706144e-01
4.0354264544e-01
4.0672822944e-01
4.0991381344e-01
4.1257105828e-01
4.1522830313e-01
4.1788554798e-01
4.2054279282e-01
4.2299407956e-01
4.2544536630e-01
4.2789665303e-01
4.3034793977e-01
4.3288479809e-01
4.3542165640e-01
4.3795851472e-01
4.4049537303e-01
4.4263099412e-01
4.4476661520e-01
4.4690223629e-01
4.4903785738e-01
4.5102278542e-01
4.5300771346e-01
4.5499264151e-01
4.5697756955e-01
4.5884157739e-01
4.6070558522e-01
4.6256959306e-01
4.6443360089e-01
4.6635721940e-01
4.6828083790e-01
4.7020445641e-01
4.7212807492e-01
4.7404009291e-01
4.7595211090e-01
4.7786412890e-01
4.7977614689e-01
4.8215586705e-01
4.8453558722e-01
4.8691530738e-01
4.8929502755e-01
4.9138604976e-01
4.9347707197e-01
4.9556809418e-01
4.9765911639e-01
4.9979822679e-01
5.0193733720e-01
5.0407644760e-01
5.0621555801e-01
5.0828002976e-01
5.1034450152e-01
5.1240897327e-01
5.1447344503e-01
5.1631775059e-01
5.1816205615e-01
5.2000636171e-01
5.2185066727e-01
5.2429644052e-01
5.2674221376e-01
5.2918798700e-01
5.3163376025e-01
5.3348260421e-01
5.3533144816e-01
5.3718029212e-01
5.3902913608e-01
5.4119426605e-01
5.4335939602e-01
5.4552452599e-01
5.4768965597e-01
5.5035151969e-01
5.5301338341e-01
5.5567524713e-01
5.5833711086e-01
5.6075309435e-01
5.6316907785e-01
5.6558506135e-01
5.6800104484e-01
5.7064392715e-01
5.7328680945e-01
5.7592969175e-01
5.7857257406e-01
5.8190006408e-01
5.8522755411e-01
5.8855504413e-01
5.9188253416e-01
5.9608309915e-01
6.0028366415e-01
6.0448422915e-01
6.0868479414e-01
6.1321640482e-01
6.1774801550e-01
6.2227962618e-01
6.2681123685e-01
6.3172434395e-01
6.3663745105e-01
6.4155055815e-01
6.4646366525e-01
6.5062902385e-01
6.5479438244e-01
6.5895974104e-01
6.6312509964e-01
6.6702908568e-01
6.7093307172e-01
6.7483705776e-01
6.7874104380e-01
6.8263784139e-01
6.8653463898e-01
6.9043143658e-01
6.9432823417e-01
6.9772111537e-01
7.0111399657e-01
7.0450687776e-01
7.0789975896e-01
7.1041704076e-01
7.1293432255e-01
7.1545160435e-01
7.1796888615e-01
7.2013930171e-01
7.2230971727e-01
7.2448013283e-01
7.2665054840e-01
7.2862326420e-01
7.3059598001e-01
7.3256869582e-01
7.3454141163e-01
7.3692960674e-01
7.3931780185e-01
7.4170599697e-01
7.4409419208e-01
7.4581087624e-01
7.4752756040e-01
7.4924424456e-01
7.5096092872e-01
7.5250481652e-01
7.5404870433e-01
7.5559259213e-01
7.5713647993e-01
7.5861415793e-01
7.6009183593e-01
7.6156951393e-01
7.6304719193e-01
7.6460057984e-01
7.6615396775e-01
7.6770735566e-01
7.6926074357e-01
7.7071546879e-01
7.7217019400e-01
7.7362491921e-01
7.7507964442e-01
7.7671425828e-01
7.7834887214e-01
7.7998348599e-01
7.8161809985e-01
7.8341458100e-01
7.8521106215e-01
7.8700754331e-01
7.8880402446e-01
7.9055376836e-01
7.9230351226e-01
7.9405325617e-01
7.9580300007e-01
7.9794540810e-01
8.0008781613e-01
8.0223022416e-01
8.0437263219e-01
8.0723910954e-01
8.1010558689e-01
8.1297206424e-01
8.1583854159e-01
8.1902218878e-01
8.2220583598e-01
8.2538948317e-01
8.2857313036e-01
8.3228120932e-01
8.3598928828e-01
8.3969736724e-01
8.4340544620e-01
8.4833134591e-01
8.5325724562e-01
8.5818314533e-01
8.6310904504e-01
8.7072996819e-01
8.7835089134e-01
8.8597181450e-01
8.9359273765e-01
9.0689012559e-01
9.2018751353e-01
9.3348490146e-01
9.4678228940e-01
9.6008671705e-01
9.7339114470e-01
9.8669557235e-01
1.0000000000e+00
