2.8209649252e-01
2.8210314815e-01
2.8212311536e-01
2.8215639509e-01
2.8220298891e-01
2.8224955888e-01
2.8230455531e-01
2.8236797984e-01
2.8243983436e-01
2.8250563260e-01
2.8257719992e-01
2.8265453776e-01
2.8273764772e-01
2.8281307066e-01
2.8289269223e-01
2.8297651362e-01
2.8306453605e-01
2.8314493068e-01
2.8322853798e-01
2.8331535891e-01
2.8340539442e-01
2.8348872538e-01
2.8357463422e-01
2.8366312170e-01
2.8375418862e-01
2.8384034270e-01
2.8392868601e-01
2.8401921919e-01
2.8411194287e-01
2.8420491802e-01
2.8429999725e-01
2.8439718113e-01
2.8449647023e-01
2.8459444170e-01
2.8469438091e-01
2.8479628824e-01
2.8490016397e-01
2.8498780644e-01
2.8507680297e-01
2.8516715352e-01
2.8525885792e-01
2.8533824255e-01
2.8541861403e-01
2.8549997200e-01
2.8558231597e-01
2.8565494017e-01
2.8572831344e-01
2.8580243514e-01
2.8587730449e-01
2.8594694415e-01
2.8601721683e-01
2.8608812152e-01
2.8615965708e-01
2.8622976804e-01
2.8630047195e-01
2.8637176717e-01
2.8644365187e-01
2.8652525444e-01
2.8660759751e-01
2.8669067712e-01
2.8677448872e-01
2.8684901063e-01
2.8692409389e-01
2.8699973399e-01
2.8707592592e-01
2.8714672633e-01
2.8721798713e-01
2.8728970300e-01
2.8736186812e-01
2.8743094342e-01
2.8750041372e-01
2.8757027257e-01
2.8764051301e-01
2.8770914396e-01
2.8777812096e-01
2.8784743613e-01
2.8791708105e-01
2.8799532548e-01
2.8807395761e-01
2.8815296327e-01
2.8823232744e-01
2.8830921397e-01
2.8838640431e-01
2.8846388269e-01
2.8854163263e-01
2.8861537390e-01
2.8868932742e-01
2.8876347757e-01
2.8883780820e-01
2.8891612055e-01
2.8899459415e-01
2.8907320868e-01
2.8915194332e-01
2.8924294397e-01
2.8933404307e-01
2.8942520676e-01
2.8951640073e-01
2.8960946809e-01
2.8970249357e-01
2.8979543974e-01
2.8988826906e-01
2.9000879006e-01
2.9012896736e-01
2.9024871912e-01
2.9036796441e-01
2.9046720696e-01
2.9056599387e-01
2.9066428007e-01
2.9076202134e-01
2.9086125289e-01
2.9095982564e-01
2.9105769568e-01
2.9115482030e-01
2.9125840976e-01
2.9136103880e-01
2.9146265915e-01
2.9156322426e-01
2.9167044182e-01
2.9177632617e-01
2.9188082577e-01
2.9198389140e-01
2.9210010112e-01
2.9221430185e-01
2.9232643051e-01
2.9243642765e-01
2.9257233155e-01
2.9270463555e-01
2.9283324273e-01
2.9295806397e-01
2.9308687770e-01
2.9321120490e-01
2.9333096333e-01
2.9344607839e-01
2.9357523407e-01
2.9369779669e-01
2.9381367965e-01
2.9392280655e-01
2.9401759542e-01
2.9410650951e-01
2.9418950748e-01
2.9426655295e-01
2.9433957477e-01
2.9440623160e-01
2.9446649710e-01
2.9452034864e-01
2.9457061123e-01
2.9461356208e-01
2.9464918505e-01
2.9467746723e-01
2.9469977974e-01
2.9471348612e-01
2.9471858091e-01
2.9471506211e-01
2.9470454925e-01
2.9468708132e-01
2.9466266400e-01
2.9463130533e-01
2.9459497203e-01
2.9455235610e-01
2.9450347148e-01
2.9444833477e-01
2.9438753270e-01
2.9432062942e-01
2.9424765052e-01
2.9416862542e-01
2.9407238077e-01
2.9396855792e-01
2.9385722059e-01
2.9373844199e-01
2.9364015337e-01
2.9353738609e-01
2.9343019041e-01
2.9331862191e-01
2.9321043528e-01
2.9309853635e-01
2.9298298511e-01
2.9286384697e-01
2.9276323435e-01
2.9266028669e-01
2.9255504966e-01
2.9244757200e-01
2.9235048909e-01
2.9225172551e-01
2.9215132185e-01
2.9204932087e-01
2.9195368253e-01
2.9185675601e-01
2.9175858042e-01
2.9165919662e-01
2.9156515507e-01
2.9147012959e-01
2.9137415796e-01
2.9127727936e-01
2.9118320296e-01
2.9108836110e-01
2.9099279233e-01
2.9089653636e-01
2.9079528291e-01
2.9069337170e-01
2.9059085170e-01
2.9048777303e-01
2.9038886032e-01
2.9028953016e-01
2.9018982863e-01
2.9008980243e-01
2.9000083522e-01
2.8991168285e-01
2.8982237868e-01
2.8973295618e-01
2.8964274565e-01
2.8955248314e-01
2.8946220271e-01
2.8937193817e-01
2.8929495735e-01
2.8921803304e-01
2.8914118552e-01
2.8906443478e-01
2.8898919811e-01
2.8891409184e-01
2.8883913380e-01
2.8876434137e-01
2.8868063664e-01
2.8859718490e-01
2.8851400850e-01
2.8843112892e-01
2.8835465342e-01
2.8827846584e-01
2.8820258112e-01
2.8812701349e-01
2.8805655240e-01
2.8798639174e-01
2.8791654149e-01
2.8784701109e-01
2.8777205742e-01
2.8769750018e-01
2.8762334925e-01
2.8754961385e-01
2.8747363265e-01
2.8739811584e-01
2.8732307146e-01
2.8724850693e-01
2.8716352247e-01
2.8707918829e-01
2.8699551267e-01
2.8691250302e-01
2.8683526549e-01
2.8675862430e-01
2.8668258373e-01
2.8660714761e-01
2.8653353721e-01
2.8646051776e-01
2.8638809178e-01
2.8631626147e-01
2.8624051722e-01
2.8616545106e-01
2.8609106475e-01
2.8601735979e-01
2.8593440843e-01
2.8585234072e-01
2.8577115802e-01
2.8569086143e-01
2.8559351798e-01
2.8549751216e-01
2.8540284499e-01
2.8530951722e-01
2.8519806883e-01
2.8508859404e-01
2.8498109316e-01
2.8487556630e-01
2.8476888992e-01
2.8466430935e-01
2.8456182422e-01
2.8446143412e-01
2.8435991433e-01
2.8426062973e-01
2.8416357969e-01
2.8406876356e-01
2.8396692514e-01
2.8386779456e-01
2.8377137094e-01
2.8367765342e-01
2.8357378615e-01
2.8347345614e-01
2.8337666214e-01
2.8328340297e-01
2.8317727030e-01
2.8307611662e-01
2.8297994015e-01
2.8288873921e-01
2.8278227985e-01
2.8268350709e-01
2.8259241827e-01
2.8250901090e-01
2.8241230887e-01
2.8232850937e-01
2.8225760859e-01
2.8219960327e-01
2.8215449077e-01
2.8212226903e-01
2.8210293657e-01
2.8209649252e-01
