0.0000000000e+00
8.2161714893e-03
1.6432342979e-02
2.4648514468e-02
3.2864685957e-02
3.9230959236e-02
4.5597232514e-02
5.1963505792e-02
5.8329779071e-02
6.3525084482e-02
6.8720389893e-02
7.3915695304e-02
7.9111000714e-02
8.3563694716e-02
8.8016388717e-02
9.2469082718e-02
9.6921776720e-02
1.0112150288e-01
1.0532122904e-01
1.0952095520e-01
1.1372068136e-01
1.1740350712e-01
1.2108633288e-01
1.2476915864e-01
1.2845198440e-01
1.3144348736e-01
1.3443499032e-01
1.3742649328e-01
1.4041799624e-01
1.4286055471e-01
1.4530311318e-01
1.4774567165e-01
1.5018823012e-01
1.5244070237e-01
1.5469317462e-01
1.5694564686e-01
1.5919811911e-01
1.6181093073e-01
1.6442374235e-01
1.6703655397e-01
1.6964936559e-01
1.7174102344e-01
1.7383268130e-01
1.7592433916e-01
1.7801599701e-01
1.7992889610e-01
1.8184179519e-01
1.8375469428e-01
1.8566759337e-01
1.8774277517e-01
1.8981795698e-01
1.9189313879e-01
1.9396832059e-01
1.9594748377e-01
1.9792664696e-01
1.9990581014e-01
2.0188497332e-01
2.0390504042e-01
2.0592510752e-01
2.0794517462e-01
2.0996524172e-01
2.1224829521e-01
2.1453134869e-01
2.1681440217e-01
2.1909745565e-01
2.2227732722e-01
2.2545719878e-01
2.2863707034e-01
2.3181694190e-01
2.3445798175e-01
2.3709902159e-01
2.3974006144e-01
2.4238110128e-01
2.4525862568e-01
2.4813615007e-01
2.5101367447e-01
2.5389119886e-01
2.5724124655e-01
2.6059129425e-01
2.6394134194e-01
2.6729138963e-01
2.7175745770e-01
2.7622352577e-01
2.8068959383e-01
2.8515566190e-01
2.9069203609e-01
2.9622841028e-01
3.0176478446e-01
3.0730115865e-01
3.1357588210e-01
3.1985060556e-01
3.2612532901e-01
3.3240005246e-01
3.3723469338e-01
3.4206933431e-01
3.4690397524e-01
3.5173861616e-01
3.5558669116e-01
3.5943476617e-01
3.6328284117e-01
3.6713091617e-01
3.7034262119e-01
3.7355432620e-01
3.7676603121e-01
3.7997773623e-01
3.8286612471e-01
3.8575451320e-01
3.8864290169e-01
3.9153129018e-01
3.9431545785e-01
3.9709962552e-01
3.9988379318e-01
4.0266796085e-01
4.0544809092e-01
4.0822822099e-01
4.1100835106e-01
4.1378848113e-01
4.1624604216e-01
4.1870360318e-01
4.2116116420e-01
4.2361872522e-01
4.2577003247e-01
4.2792133972e-01
4.3007264697e-01
4.3222395422e-01
4.3436124064e-01
4.3649852707e-01
4.3863581349e-01
4.4077309991e-01
4.4294679856e-01
4.4512049722e-01
4.4729419587e-01
4.4946789452e-01
4.5153153050e-01
4.5359516648e-01
4.5565880246e-01
4.5772243844e-01
4.5995030011e-01
4.6217816177e-01
4.6440602343e-01
4.6663388509e-01
4.6934100093e-01
4.7204811677e-01
4.7475523261e-01
4.7746234845e-01
4.7981188511e-01
4.8216142176e-01
4.8451095842e-01
4.8686049507e-01
4.8937551933e-01
4.9189054359e-01
4.9440556785e-01
4.9692059211e-01
4.9932928274e-01
5.0173797337e-01
5.0414666400e-01
5.0655535463e-01
5.0891661563e-01
5.1127787662e-01
5.1363913762e-01
5.1600039861e-01
5.1853248941e-01
5.2106458021e-01
5.2359667100e-01
5.2612876180e-01
5.2830506005e-01
5.3048135830e-01
5.3265765654e-01
5.3483395479e-01
5.3687127695e-01
5.3890859912e-01
5.4094592128e-01
5.4298324344e-01
5.4608958234e-01
5.4919592124e-01
5.5230226014e-01
5.5540859904e-01
5.5751381158e-01
5.5961902411e-01
5.6172423665e-01
5.6382944918e-01
5.6632680946e-01
5.6882416973e-01
5.7132153000e-01
5.7381889027e-01
5.7644791319e-01
5.7907693610e-01
5.8170595902e-01
5.8433498194e-01
5.8715622657e-01
5.8997747120e-01
5.9279871583e-01
5.9561996045e-01
5.9848826403e-01
6.0135656761e-01
6.0422487119e-01
6.0709317476e-01
6.1032889020e-01
6.1356460563e-01
6.1680032107e-01
6.2003603650e-01
6.2420562180e-01
6.2837520710e-01
6.3254479239e-01
6.3671437769e-01
6.4329205051e-01
6.4986972332e-01
6.5644739613e-01
6.6302506895e-01
6.6837574838e-01
6.7372642782e-01
6.7907710725e-01
6.8442778669e-01
6.8950339350e-01
6.9457900031e-01
6.9965460712e-01
7.0473021394e-01
7.0877807969e-01
7.1282594545e-01
7.1687381121e-01
7.2092167697e-01
7.2418333670e-01
7.2744499642e-01
7.3070665615e-01
7.3396831587e-01
7.3684932765e-01
7.3973033943e-01
7.4261135120e-01
7.4549236298e-01
7.4813116699e-01
7.5076997099e-01
7.5340877500e-01
7.5604757901e-01
7.5880014065e-01
7.6155270228e-01
7.6430526392e-01
7.6705782556e-01
7.6944073629e-01
7.7182364702e-01
7.7420655776e-01
7.7658946849e-01
7.7889259870e-01
7.8119572890e-01
7.8349885911e-01
7.8580198931e-01
7.8777086063e-01
7.8973973195e-01
7.9170860328e-01
7.9367747460e-01
7.9616623336e-01
7.9865499212e-01
8.0114375088e-01
8.0363250964e-01
8.0554290762e-01
8.0745330560e-01
8.0936370359e-01
8.1127410157e-01
8.1336035614e-01
8.1544661072e-01
8.1753286529e-01
8.1961911986e-01
8.2193304696e-01
8.2424697405e-01
8.2656090114e-01
8.2887482823e-01
8.3113946080e-01
8.3340409338e-01
8.3566872595e-01
8.3793335852e-01
8.4032453467e-01
8.4271571081e-01
8.4510688695e-01
8.4749806310e-01
8.5050528670e-01
8.5351251029e-01
8.5651973389e-01
8.5952695749e-01
8.6351640582e-01
8.6750585415e-01
8.7149530249e-01
8.7548475082e-01
8.7970161166e-01
8.8391847250e-01
8.8813533334e-01
8.9235219418e-01
8.9715100060e-01
9.0194980703e-01
9.0674861345e-01
9.1154741988e-01
9.1756641217e-01
9.2358540446e-01
9.2960439675e-01
9.3562338904e-01
9.4367046541e-01
9.5171754177e-01
9.5976461814e-01
9.6781169450e-01
9.7585877087e-01
9.8390584725e-01
9.9195292362e-01
1.0000000000e+00
