3.8068812715e-01
3.8073546757e-01
3.8087744675e-01
3.8111393847e-01
3.8144473256e-01
3.8184638468e-01
3.8233267879e-01
3.8290322459e-01
3.8355756439e-01
3.8426534013e-01
3.8504959315e-01
3.8590974266e-01
3.8684515219e-01
3.8782361028e-01
3.8887153041e-01
3.8998818525e-01
3.9117280068e-01
3.9239686998e-01
3.9368440600e-01
3.9503455783e-01
3.9644643467e-01
3.9790106314e-01
3.9941410200e-01
4.0098458260e-01
4.0261150187e-01
4.0429256826e-01
4.0602788877e-01
4.0781636561e-01
4.0965687087e-01
4.1157598894e-01
4.1354622456e-01
4.1556631272e-01
4.1763496178e-01
4.1984182568e-01
4.2209851547e-01
4.2440348525e-01
4.2675516470e-01
4.2949899686e-01
4.3229938743e-01
4.3515389196e-01
4.3806003853e-01
4.4077422134e-01
4.4352796061e-01
4.4631929318e-01
4.4914624708e-01
4.5179474114e-01
4.5447052318e-01
4.5717201734e-01
4.5989764851e-01
4.6255587749e-01
4.6523380265e-01
4.6793000887e-01
4.7064308734e-01
4.7333670158e-01
4.7604405469e-01
4.7876381688e-01
4.8149466929e-01
4.8424129328e-01
4.8699644092e-01
4.8975882417e-01
4.9252717027e-01
4.9535140322e-01
4.9817920848e-01
5.0100929636e-01
5.0384039742e-01
5.0686793980e-01
5.0989371421e-01
5.1291625112e-01
5.1593411168e-01
5.1889827840e-01
5.2185524128e-01
5.2480372026e-01
5.2774246682e-01
5.3081499965e-01
5.3387410419e-01
5.3691845238e-01
5.3994675631e-01
5.4298060843e-01
5.4599567043e-01
5.4899074995e-01
5.5196469667e-01
5.5487267893e-01
5.5775805650e-01
5.6061984860e-01
5.6345711336e-01
5.6630700384e-01
5.6912986696e-01
5.7192484199e-01
5.7469110751e-01
5.7751886706e-01
5.8031430856e-01
5.8307665360e-01
5.8580516558e-01
5.8866589853e-01
5.9148688052e-01
5.9426737657e-01
5.9700669997e-01
6.0008217500e-01
6.0310230150e-01
6.0606627448e-01
6.0897336033e-01
6.1174083036e-01
6.1445349783e-01
6.1711086878e-01
6.1971250234e-01
6.2210476768e-01
6.2444724160e-01
6.2673967492e-01
6.2898185214e-01
6.3113350332e-01
6.3323641842e-01
6.3529047835e-01
6.3729558879e-01
6.3924875761e-01
6.4115300501e-01
6.4300830189e-01
6.4481463785e-01
6.4658740478e-01
6.4831036811e-01
6.4998356638e-01
6.5160705189e-01
6.5320661781e-01
6.5475495242e-01
6.5625214618e-01
6.5769829890e-01
6.5912518289e-01
6.6049887397e-01
6.6181950148e-01
6.6308719979e-01
6.6433678986e-01
6.6553061507e-01
6.6666883104e-01
6.6775159413e-01
6.6881449956e-01
6.6981828625e-01
6.7076312274e-01
6.7164917355e-01
6.7251087422e-01
6.7330897115e-01
6.7404363008e-01
6.7471500752e-01
6.7535482836e-01
6.7592454723e-01
6.7642430784e-01
6.7685423834e-01
6.7724229995e-01
6.7754819774e-01
6.7777202769e-01
6.7791386057e-01
6.7797305455e-01
6.7795576699e-01
6.7786199275e-01
6.7769170395e-01
6.7746267056e-01
6.7716636026e-01
6.7680269704e-01
6.7637158851e-01
6.7589738338e-01
6.7536159823e-01
6.7476411410e-01
6.7410480070e-01
6.7341210229e-01
6.7266192641e-01
6.7185413123e-01
6.7098856802e-01
6.7009566548e-01
6.6914835853e-01
6.6814649855e-01
6.6708993416e-01
6.6600904221e-01
6.6487605404e-01
6.6369082785e-01
6.6245322304e-01
6.6119132961e-01
6.5987902140e-01
6.5851617576e-01
6.5710267513e-01
6.5566140709e-01
6.5417082901e-01
6.5263084954e-01
6.5104138648e-01
6.4941567058e-01
6.4774112946e-01
6.4601771662e-01
6.4424539923e-01
6.4241925362e-01
6.4054392355e-01
6.3861942538e-01
6.3664579480e-01
6.3457695127e-01
6.3245687979e-01
6.3028569085e-01
6.2806352275e-01
6.2560573711e-01
6.2308890112e-01
6.2051331313e-01
6.1787931965e-01
6.1523201589e-01
6.1252902296e-01
6.0977082256e-01
6.0695795180e-01
6.0439507470e-01
6.0178936575e-01
5.9914133274e-01
5.9645152524e-01
5.9386642910e-01
5.9124494415e-01
5.8858764754e-01
5.8589515443e-01
5.8325445810e-01
5.8058198893e-01
5.7787841285e-01
5.7514443251e-01
5.7241957238e-01
5.6966661620e-01
5.6688634640e-01
5.6407958260e-01
5.6121268686e-01
5.5832045767e-01
5.5540386413e-01
5.5246391617e-01
5.4949553256e-01
5.4650585266e-01
5.4349601751e-01
5.4046721004e-01
5.3757914106e-01
5.3467619683e-01
5.3175948968e-01
5.2883016537e-01
5.2588389831e-01
5.2292736904e-01
5.1996182893e-01
5.1698856158e-01
5.1415598005e-01
5.1131875940e-01
5.0847808056e-01
5.0563514858e-01
5.0284997350e-01
5.0006499105e-01
4.9728139675e-01
4.9450040562e-01
4.9173626493e-01
4.8897715949e-01
4.8622434010e-01
4.8347907331e-01
4.8071437476e-01
4.7796003000e-01
4.7521738819e-01
4.7248781061e-01
4.6968748660e-01
4.6690403884e-01
4.6413899361e-01
4.6139388520e-01
4.5845749236e-01
4.5554801937e-01
4.5266740950e-01
4.4981760794e-01
4.4670189719e-01
4.4362893636e-01
4.4060134846e-01
4.3762174372e-01
4.3507174373e-01
4.3256168179e-01
4.3009323626e-01
4.2766806929e-01
4.2538688385e-01
4.2314835457e-01
4.2095389080e-01
4.1880488168e-01
4.1673714899e-01
4.1471597784e-01
4.1274262357e-01
4.1081831703e-01
4.0894648969e-01
4.0712596800e-01
4.0535789747e-01
4.0364339422e-01
4.0196601419e-01
4.0034555575e-01
3.9878307291e-01
3.9727958443e-01
3.9580598854e-01
3.9439595810e-01
3.9305045818e-01
3.9177041131e-01
3.9051993466e-01
3.8934090486e-01
3.8823418541e-01
3.8720058787e-01
3.8620306064e-01
3.8528639894e-01
3.8445133350e-01
3.8369853058e-01
3.8299552563e-01
3.8238498938e-01
3.8186746276e-01
3.8144340450e-01
3.8111319066e-01
3.8087711414e-01
3.8073538438e-01
3.8068812715e-01
