2.8527990974e-01
2.8528222720e-01
2.8528917963e-01
2.8530076715e-01
2.8531698993e-01
2.8533491278e-01
2.8535635816e-01
2.8538132633e-01
2.8540981761e-01
2.8543794950e-01
2.8546883722e-01
2.8550248108e-01
2.8553888140e-01
2.8557399250e-01
2.8561133610e-01
2.8565091249e-01
2.8569272196e-01
2.8573308076e-01
2.8577532298e-01
2.8581944889e-01
2.8586545875e-01
2.8591072921e-01
2.8595768690e-01
2.8600633204e-01
2.8605666485e-01
2.8611112498e-01
2.8616743246e-01
2.8622558751e-01
2.8628559027e-01
2.8633874489e-01
2.8639326999e-01
2.8644916559e-01
2.8650643161e-01
2.8655806251e-01
2.8661075863e-01
2.8666451978e-01
2.8671934566e-01
2.8676696592e-01
2.8681536072e-01
2.8686452968e-01
2.8691447236e-01
2.8695931849e-01
2.8700476978e-01
2.8705082571e-01
2.8709748565e-01
2.8714123210e-01
2.8718549524e-01
2.8723027433e-01
2.8727556851e-01
2.8731973188e-01
2.8736437231e-01
2.8740948871e-01
2.8745507981e-01
2.8750286961e-01
2.8755116688e-01
2.8759996966e-01
2.8764927573e-01
2.8770083433e-01
2.8775292633e-01
2.8780554832e-01
2.8785869647e-01
2.8790715360e-01
2.8795603312e-01
2.8800533122e-01
2.8805504375e-01
2.8810317651e-01
2.8815168302e-01
2.8820055853e-01
2.8824979794e-01
2.8829542562e-01
2.8834135215e-01
2.8838757258e-01
2.8843408164e-01
2.8848076422e-01
2.8852772263e-01
2.8857495060e-01
2.8862244154e-01
2.8867720940e-01
2.8873230269e-01
2.8878770968e-01
2.8884341798e-01
2.8889561421e-01
2.8894804996e-01
2.8900071369e-01
2.8905359341e-01
2.8910391571e-01
2.8915440997e-01
2.8920506488e-01
2.8925586876e-01
2.8930836800e-01
2.8936099928e-01
2.8941374885e-01
2.8946660263e-01
2.8952810110e-01
2.8958969788e-01
2.8965136964e-01
2.8971309270e-01
2.8977481373e-01
2.8983653783e-01
2.8989824057e-01
2.8995989740e-01
2.9002911503e-01
2.9009820837e-01
2.9016714232e-01
2.9023588187e-01
2.9030713978e-01
2.9037811072e-01
2.9044875612e-01
2.9051903786e-01
2.9058636473e-01
2.9065328610e-01
2.9071976940e-01
2.9078578266e-01
2.9085268800e-01
2.9091903765e-01
2.9098479969e-01
2.9104994299e-01
2.9111877740e-01
2.9118683604e-01
2.9125408411e-01
2.9132048791e-01
2.9139036368e-01
2.9145920323e-01
2.9152696979e-01
2.9159362802e-01
2.9166644798e-01
2.9173780927e-01
2.9180766924e-01
2.9187598732e-01
2.9195619531e-01
2.9203404547e-01
2.9210947800e-01
2.9218243691e-01
2.9226149281e-01
2.9233728271e-01
2.9240974264e-01
2.9247881363e-01
2.9257517379e-01
2.9266375598e-01
2.9274441998e-01
2.9281704404e-01
2.9286590060e-01
2.9291019057e-01
2.9294988061e-01
2.9298494157e-01
2.9301601626e-01
2.9304218933e-01
2.9306344186e-01
2.9307975871e-01
2.9309146453e-01
2.9309782923e-01
2.9309884808e-01
2.9309452030e-01
2.9308558044e-01
2.9307192543e-01
2.9305356438e-01
2.9303050966e-01
2.9300147392e-01
2.9296736933e-01
2.9292822218e-01
2.9288406336e-01
2.9283764100e-01
2.9278678781e-01
2.9273154286e-01
2.9267194992e-01
2.9261343527e-01
2.9255133659e-01
2.9248569968e-01
2.9241657466e-01
2.9235380016e-01
2.9228847834e-01
2.9222065075e-01
2.9215036195e-01
2.9208890887e-01
2.9202575358e-01
2.9196092877e-01
2.9189446893e-01
2.9183283546e-01
2.9176991657e-01
2.9170574210e-01
2.9164034328e-01
2.9157794309e-01
2.9151452332e-01
2.9145011316e-01
2.9138474290e-01
2.9132255148e-01
2.9125956916e-01
2.9119582375e-01
2.9113134397e-01
2.9106851763e-01
2.9100506366e-01
2.9094101010e-01
2.9087638576e-01
2.9080978518e-01
2.9074265157e-01
2.9067501791e-01
2.9060691787e-01
2.9053443891e-01
2.9046151820e-01
2.9038819774e-01
2.9031452017e-01
2.9025244140e-01
2.9019016724e-01
2.9012772364e-01
2.9006513664e-01
2.9000359217e-01
2.8994195951e-01
2.8988026339e-01
2.8981852850e-01
2.8976261489e-01
2.8970670775e-01
2.8965082505e-01
2.8959498457e-01
2.8954325757e-01
2.8949159585e-01
2.8944001306e-01
2.8938852260e-01
2.8933684081e-01
2.8928527890e-01
2.8923384974e-01
2.8918256587e-01
2.8910504569e-01
2.8902792940e-01
2.8895125629e-01
2.8887506367e-01
2.8882546911e-01
2.8877610493e-01
2.8872698009e-01
2.8867810318e-01
2.8863044853e-01
2.8858304723e-01
2.8853590626e-01
2.8848903224e-01
2.8843823154e-01
2.8838776331e-01
2.8833763474e-01
2.8828785252e-01
2.8823761151e-01
2.8818774092e-01
2.8813824642e-01
2.8808913326e-01
2.8803552184e-01
2.8798238418e-01
2.8792972568e-01
2.8787755125e-01
2.8782511391e-01
2.8777318365e-01
2.8772176428e-01
2.8767085918e-01
2.8762310680e-01
2.8757582112e-01
2.8752900425e-01
2.8748265806e-01
2.8743528944e-01
2.8738842627e-01
2.8734207004e-01
2.8729622203e-01
2.8724699680e-01
2.8719837389e-01
2.8715035443e-01
2.8710293941e-01
2.8704911673e-01
2.8699609695e-01
2.8694388100e-01
2.8689246966e-01
2.8683273783e-01
2.8677413199e-01
2.8671665283e-01
2.8666030088e-01
2.8659140388e-01
2.8652427158e-01
2.8645890436e-01
2.8639530244e-01
2.8633495543e-01
2.8627628861e-01
2.8621930193e-01
2.8616399529e-01
2.8610887619e-01
2.8605553315e-01
2.8600396596e-01
2.8595417438e-01
2.8590221428e-01
2.8585233934e-01
2.8580454924e-01
2.8575884368e-01
2.8571026003e-01
2.8566427588e-01
2.8562089084e-01
2.8558010452e-01
2.8553659226e-01
2.8549648647e-01
2.8545978669e-01
2.8542649248e-01
2.8539213491e-01
2.8536235946e-01
2.8533716565e-01
2.8531655308e-01
2.8530052142e-01
2.8528907042e-01
2.8528219990e-01
2.8527990973e-01
