3.0685126333e-01
3.0685137341e-01
3.0685170357e-01
3.0685225365e-01
3.0685302337e-01
3.0685391852e-01
3.0685499638e-01
3.0685625647e-01
3.0685769825e-01
3.0685921424e-01
3.0686088875e-01
3.0686272115e-01
3.0686471073e-01
3.0686675252e-01
3.0686893568e-01
3.0687125945e-01
3.0687372299e-01
3.0687623599e-01
3.0687887793e-01
3.0688164793e-01
3.0688454509e-01
3.0688750392e-01
3.0689058279e-01
3.0689378071e-01
3.0689709666e-01
3.0690050177e-01
3.0690402092e-01
3.0690765301e-01
3.0691139690e-01
3.0691528025e-01
3.0691927460e-01
3.0692337866e-01
3.0692759110e-01
3.0693204683e-01
3.0693661482e-01
3.0694129349e-01
3.0694608122e-01
3.0695143489e-01
3.0695691454e-01
3.0696251790e-01
3.0696824263e-01
3.0697421465e-01
3.0698030827e-01
3.0698652085e-01
3.0699284965e-01
3.0699864523e-01
3.0700453072e-01
3.0701050404e-01
3.0701656305e-01
3.0702245099e-01
3.0702841378e-01
3.0703444948e-01
3.0704055608e-01
3.0704662622e-01
3.0705276101e-01
3.0705895850e-01
3.0706521671e-01
3.0707152916e-01
3.0707789824e-01
3.0708432193e-01
3.0709079818e-01
3.0709742350e-01
3.0710409868e-01
3.0711082153e-01
3.0711758985e-01
3.0712467952e-01
3.0713181352e-01
3.0713898933e-01
3.0714620440e-01
3.0715361710e-01
3.0716106542e-01
3.0716854661e-01
3.0717605793e-01
3.0718396363e-01
3.0719189623e-01
3.0719985251e-01
3.0720782929e-01
3.0721584420e-01
3.0722387326e-01
3.0723191324e-01
3.0723996090e-01
3.0724790534e-01
3.0725585103e-01
3.0726379490e-01
3.0727173388e-01
3.0727978101e-01
3.0728781677e-01
3.0729583797e-01
3.0730384145e-01
3.0731210588e-01
3.0732034449e-01
3.0732855382e-01
3.0733673045e-01
3.0734542130e-01
3.0735406690e-01
3.0736266316e-01
3.0737120606e-01
3.0738126952e-01
3.0739124563e-01
3.0740112788e-01
3.0741090985e-01
3.0741973565e-01
3.0742846814e-01
3.0743710266e-01
3.0744563465e-01
3.0745363632e-01
3.0746153772e-01
3.0746933512e-01
3.0747702486e-01
3.0748448904e-01
3.0749184196e-01
3.0749908032e-01
3.0750620087e-01
3.0751320481e-01
3.0752008451e-01
3.0752683692e-01
3.0753345906e-01
3.0754001656e-01
3.0754643509e-01
3.0755271182e-01
3.0755884394e-01
3.0756493709e-01
3.0757087471e-01
3.0757665409e-01
3.0758227261e-01
3.0758786159e-01
3.0759327630e-01
3.0759851418e-01
3.0760357279e-01
3.0760859897e-01
3.0761342951e-01
3.0761806203e-01
3.0762249423e-01
3.0762688018e-01
3.0763104571e-01
3.0763498861e-01
3.0763870682e-01
3.0764235430e-01
3.0764575163e-01
3.0764889686e-01
3.0765178821e-01
3.0765457330e-01
3.0765706967e-01
3.0765927575e-01
3.0766119014e-01
3.0766294630e-01
3.0766435174e-01
3.0766540542e-01
3.0766610653e-01
3.0766645039e-01
3.0766645741e-01
3.0766612757e-01
3.0766546112e-01
3.0766454181e-01
3.0766333351e-01
3.0766183698e-01
3.0766005314e-01
3.0765809607e-01
3.0765588245e-01
3.0765341353e-01
3.0765069069e-01
3.0764784419e-01
3.0764476733e-01
3.0764146169e-01
3.0763792899e-01
3.0763430626e-01
3.0763047555e-01
3.0762643871e-01
3.0762219771e-01
3.0761788789e-01
3.0761338966e-01
3.0760870511e-01
3.0760383641e-01
3.0759890841e-01
3.0759380931e-01
3.0758854138e-01
3.0758310699e-01
3.0757761057e-01
3.0757195837e-01
3.0756615286e-01
3.0756019659e-01
3.0755415959e-01
3.0754798029e-01
3.0754166134e-01
3.0753520552e-01
3.0752862473e-01
3.0752191313e-01
3.0751507367e-01
3.0750810936e-01
3.0750091764e-01
3.0749360383e-01
3.0748617129e-01
3.0747862347e-01
3.0747053486e-01
3.0746232589e-01
3.0745400084e-01
3.0744556408e-01
3.0743626273e-01
3.0742684022e-01
3.0741730245e-01
3.0740765545e-01
3.0739935367e-01
3.0739098087e-01
3.0738254095e-01
3.0737403786e-01
3.0736600235e-01
3.0735791802e-01
3.0734978823e-01
3.0734161637e-01
3.0733370218e-01
3.0732575516e-01
3.0731777845e-01
3.0730977518e-01
3.0730189147e-01
3.0729398818e-01
3.0728606835e-01
3.0727813502e-01
3.0727014322e-01
3.0726214396e-01
3.0725414039e-01
3.0724613564e-01
3.0723791104e-01
3.0722969196e-01
3.0722148183e-01
3.0721328409e-01
3.0720562494e-01
3.0719798249e-01
3.0719035957e-01
3.0718275898e-01
3.0717521051e-01
3.0716768981e-01
3.0716019965e-01
3.0715274279e-01
3.0714572769e-01
3.0713874714e-01
3.0713180344e-01
3.0712489890e-01
3.0711816759e-01
3.0711147830e-01
3.0710483316e-01
3.0709823429e-01
3.0709170651e-01
3.0708522886e-01
3.0707880338e-01
3.0707243213e-01
3.0706603792e-01
3.0705970346e-01
3.0705343082e-01
3.0704722204e-01
3.0704085155e-01
3.0703455416e-01
3.0702833210e-01
3.0702218753e-01
3.0701557212e-01
3.0700905433e-01
3.0700263687e-01
3.0699632239e-01
3.0698987278e-01
3.0698354009e-01
3.0697732713e-01
3.0697123668e-01
3.0696587779e-01
3.0696062165e-01
3.0695547013e-01
3.0695042507e-01
3.0694566448e-01
3.0694100605e-01
3.0693645130e-01
3.0693200173e-01
3.0692770966e-01
3.0692352309e-01
3.0691944336e-01
3.0691547177e-01
3.0691159279e-01
3.0690782543e-01
3.0690417087e-01
3.0690063030e-01
3.0689714243e-01
3.0689377511e-01
3.0689052947e-01
3.0688740657e-01
3.0688431089e-01
3.0688134833e-01
3.0687851992e-01
3.0687582664e-01
3.0687314718e-01
3.0687061852e-01
3.0686824163e-01
3.0686601740e-01
3.0686380805e-01
3.0686177532e-01
3.0685992009e-01
3.0685824316e-01
3.0685661074e-01
3.0685519425e-01
3.0685399445e-01
3.0685301194e-01
3.0685224722e-01
3.0685170071e-01
3.0685137269e-01
3.0685126333e-01
