2.9748345456e-01
2.9748353897e-01
2.9748379218e-01
2.9748421415e-01
2.9748480476e-01
2.9748556039e-01
2.9748648296e-01
2.9748757227e-01
2.9748882807e-01
2.9749033528e-01
2.9749202759e-01
2.9749390457e-01
2.9749596572e-01
2.9749883133e-01
2.9750198867e-01
2.9750543640e-01
2.9750917305e-01
2.9751232032e-01
2.9751564518e-01
2.9751914670e-01
2.9752282393e-01
2.9752648452e-01
2.9753030229e-01
2.9753427625e-01
2.9753840536e-01
2.9754262767e-01
2.9754699869e-01
2.9755151729e-01
2.9755618227e-01
2.9756074814e-01
2.9756544389e-01
2.9757026836e-01
2.9757522035e-01
2.9758006315e-01
2.9758501981e-01
2.9759008920e-01
2.9759527011e-01
2.9760050377e-01
2.9760584415e-01
2.9761128998e-01
2.9761683998e-01
2.9762257289e-01
2.9762841010e-01
2.9763435015e-01
2.9764039152e-01
2.9764671463e-01
2.9765314173e-01
2.9765967106e-01
2.9766630078e-01
2.9767383264e-01
2.9768148508e-01
2.9768925538e-01
2.9769714071e-01
2.9770499091e-01
2.9771294642e-01
2.9772100441e-01
2.9772916196e-01
2.9773668016e-01
2.9774427631e-01
2.9775194810e-01
2.9775969316e-01
2.9776727547e-01
2.9777492229e-01
2.9778263138e-01
2.9779040045e-01
2.9779819930e-01
2.9780605311e-01
2.9781395955e-01
2.9782191626e-01
2.9783006142e-01
2.9783825362e-01
2.9784649030e-01
2.9785476888e-01
2.9786345602e-01
2.9787218303e-01
2.9788094691e-01
2.9788974462e-01
2.9789936058e-01
2.9790900910e-01
2.9791868620e-01
2.9792838790e-01
2.9793817089e-01
2.9794797062e-01
2.9795778299e-01
2.9796760387e-01
2.9797729532e-01
2.9798698708e-01
2.9799667521e-01
2.9800635575e-01
2.9801628133e-01
2.9802619049e-01
2.9803607897e-01
2.9804594253e-01
2.9805639473e-01
2.9806680897e-01
2.9807718022e-01
2.9808750349e-01
2.9809939024e-01
2.9811119841e-01
2.9812292042e-01
2.9813454881e-01
2.9814567223e-01
2.9815669505e-01
2.9816761079e-01
2.9817841306e-01
2.9818846843e-01
2.9819841257e-01
2.9820824037e-01
2.9821794682e-01
2.9822739113e-01
2.9823670806e-01
2.9824589305e-01
2.9825494160e-01
2.9826388893e-01
2.9827268976e-01
2.9828133983e-01
2.9828983491e-01
2.9829830513e-01
2.9830660683e-01
2.9831473591e-01
2.9832268836e-01
2.9833065478e-01
2.9833842730e-01
2.9834600194e-01
2.9835337483e-01
2.9836077761e-01
2.9836795695e-01
2.9837490901e-01
2.9838163005e-01
2.9838837878e-01
2.9839486927e-01
2.9840109778e-01
2.9840706075e-01
2.9841303238e-01
2.9841870375e-01
2.9842407131e-01
2.9842913171e-01
2.9843416674e-01
2.9843884818e-01
2.9844317277e-01
2.9844713751e-01
2.9845104623e-01
2.9845452088e-01
2.9845755862e-01
2.9846015695e-01
2.9846252170e-01
2.9846434126e-01
2.9846561381e-01
2.9846633807e-01
2.9846651753e-01
2.9846620003e-01
2.9846538588e-01
2.9846407580e-01
2.9846245916e-01
2.9846043651e-01
2.9845800935e-01
2.9845517951e-01
2.9845216874e-01
2.9844880921e-01
2.9844510314e-01
2.9844105297e-01
2.9843689459e-01
2.9843243135e-01
2.9842766593e-01
2.9842260116e-01
2.9841747733e-01
2.9841208503e-01
2.9840642726e-01
2.9840050717e-01
2.9839455693e-01
2.9838836924e-01
2.9838194731e-01
2.9837529451e-01
2.9836862204e-01
2.9836173883e-01
2.9835464829e-01
2.9834735398e-01
2.9834003121e-01
2.9833252080e-01
2.9832482638e-01
2.9831695168e-01
2.9830901472e-01
2.9830091001e-01
2.9829264141e-01
2.9828421290e-01
2.9827564501e-01
2.9826692598e-01
2.9825806002e-01
2.9824905143e-01
2.9823970886e-01
2.9823022689e-01
2.9822061036e-01
2.9821086423e-01
2.9819998668e-01
2.9818896488e-01
2.9817780579e-01
2.9816651647e-01
2.9815578341e-01
2.9814494752e-01
2.9813401497e-01
2.9812299198e-01
2.9811297752e-01
2.9810289928e-01
2.9809276196e-01
2.9808257032e-01
2.9807286075e-01
2.9806311074e-01
2.9805332444e-01
2.9804350600e-01
2.9803389199e-01
2.9802425522e-01
2.9801459962e-01
2.9800492913e-01
2.9799506339e-01
2.9798519044e-01
2.9797531449e-01
2.9796543970e-01
2.9795567423e-01
2.9794591806e-01
2.9793617524e-01
2.9792644980e-01
2.9791752297e-01
2.9790861739e-01
2.9789973616e-01
2.9789088240e-01
2.9788243268e-01
2.9787401367e-01
2.9786562805e-01
2.9785727847e-01
2.9784912180e-01
2.9784100489e-01
2.9783293019e-01
2.9782490016e-01
2.9781690254e-01
2.9780895459e-01
2.9780105871e-01
2.9779321725e-01
2.9778519195e-01
2.9777722952e-01
2.9776933247e-01
2.9776150325e-01
2.9775290398e-01
2.9774439438e-01
2.9773597767e-01
2.9772765700e-01
2.9771948142e-01
2.9771140685e-01
2.9770343624e-01
2.9769557243e-01
2.9768850850e-01
2.9768153749e-01
2.9767466145e-01
2.9766788235e-01
2.9766140813e-01
2.9765502848e-01
2.9764874509e-01
2.9764255961e-01
2.9763656138e-01
2.9763066129e-01
2.9762486082e-01
2.9761916139e-01
2.9761351591e-01
2.9760797605e-01
2.9760254315e-01
2.9759721853e-01
2.9759175517e-01
2.9758641358e-01
2.9758119513e-01
2.9757610116e-01
2.9757089475e-01
2.9756582805e-01
2.9756090244e-01
2.9755611923e-01
2.9755136560e-01
2.9754676424e-01
2.9754231639e-01
2.9753802328e-01
2.9753365633e-01
2.9752946472e-01
2.9752544966e-01
2.9752161232e-01
2.9751713994e-01
2.9751293974e-01
2.9750901349e-01
2.9750536284e-01
2.9750263896e-01
2.9750009353e-01
2.9749772722e-01
2.9749554065e-01
2.9749362006e-01
2.9749186449e-01
2.9749027434e-01
2.9748884997e-01
2.9748758662e-01
2.9748649112e-01
2.9748556374e-01
2.9748480467e-01
2.9748421410e-01
2.9748379216e-01
2.9748353896e-01
2.9748345456e-01
