2.5241242777e-01
2.5259258344e-01
2.5313330754e-01
2.5403537196e-01
2.5530006444e-01
2.5612693973e-01
2.5705863501e-01
2.5809553156e-01
2.5923805375e-01
2.6002226789e-01
2.6084978353e-01
2.6172073846e-01
2.6263527773e-01
2.6331400969e-01
2.6401503106e-01
2.6473840120e-01
2.6548418133e-01
2.6606684446e-01
2.6666255384e-01
2.6727133870e-01
2.6789322887e-01
2.6839254736e-01
2.6890003819e-01
2.6941571680e-01
2.6993959889e-01
2.7038217999e-01
2.7083047156e-01
2.7128448305e-01
2.7174422405e-01
2.7214890943e-01
2.7255794613e-01
2.7297134064e-01
2.7338909949e-01
2.7378627832e-01
2.7418733447e-01
2.7459227341e-01
2.7500110060e-01
2.7538261330e-01
2.7576745955e-01
2.7615564333e-01
2.7654716838e-01
2.7688008992e-01
2.7721539399e-01
2.7755308203e-01
2.7789315507e-01
2.7815739355e-01
2.7842305437e-01
2.7869013711e-01
2.7895864089e-01
2.7920261306e-01
2.7944774424e-01
2.7969403250e-01
2.7994147535e-01
2.8019445112e-01
2.8044861495e-01
2.8070396164e-01
2.8096048479e-01
2.8120889663e-01
2.8145838637e-01
2.8170894411e-01
2.8196055820e-01
2.8219411159e-01
2.8242854383e-01
2.8266384069e-01
2.8289998601e-01
2.8311742723e-01
2.8333555190e-01
2.8355434259e-01
2.8377378009e-01
2.8404996167e-01
2.8432708232e-01
2.8460509151e-01
2.8488393387e-01
2.8511390252e-01
2.8534435844e-01
2.8557526365e-01
2.8580657816e-01
2.8605065052e-01
2.8629507955e-01
2.8653981226e-01
2.8678479393e-01
2.8705682684e-01
2.8732901838e-01
2.8760128850e-01
2.8787355617e-01
2.8825302093e-01
2.8863210023e-01
2.8901057374e-01
2.8938822435e-01
2.8969639962e-01
2.9000376896e-01
2.9031022261e-01
2.9061565453e-01
2.9094273902e-01
2.9126840354e-01
2.9159253273e-01
2.9191501733e-01
2.9227299073e-01
2.9262865162e-01
2.9298187540e-01
2.9333254701e-01
2.9376715010e-01
2.9419741369e-01
2.9462317180e-01
2.9504427832e-01
2.9553730513e-01
2.9602343537e-01
2.9650251942e-01
2.9697443618e-01
2.9752524581e-01
2.9806570379e-01
2.9859573259e-01
2.9911528969e-01
2.9960610883e-01
3.0008720187e-01
3.0055860005e-01
3.0102035112e-01
3.0151124858e-01
3.0199092359e-01
3.0245948526e-01
3.0291705416e-01
3.0342259096e-01
3.0391437155e-01
3.0439260614e-01
3.0485751214e-01
3.0538747057e-01
3.0589967349e-01
3.0639449247e-01
3.0687230037e-01
3.0743661008e-01
3.0797648766e-01
3.0849260932e-01
3.0898564004e-01
3.0959008299e-01
3.1015836707e-01
3.1069182084e-01
3.1119172592e-01
3.1178668910e-01
3.1233080631e-01
3.1282643187e-01
3.1327577903e-01
3.1370864705e-01
3.1409302383e-01
3.1443107900e-01
3.1472477947e-01
3.1497451075e-01
3.1518366992e-01
3.1535355775e-01
3.1548525276e-01
3.1558209662e-01
3.1563976254e-01
3.1565865697e-01
3.1563891380e-01
3.1557422940e-01
3.1546399108e-01
3.1530730650e-01
3.1510292708e-01
3.1488455914e-01
3.1462745307e-01
3.1433015134e-01
3.1399101218e-01
3.1364693776e-01
3.1326572463e-01
3.1284579146e-01
3.1238544519e-01
3.1199654622e-01
3.1158098041e-01
3.1113780244e-01
3.1066602769e-01
3.1025955494e-01
3.0983282437e-01
3.0938524667e-01
3.0891621684e-01
3.0850382603e-01
3.0807538021e-01
3.0763049417e-01
3.0716877705e-01
3.0675531239e-01
3.0632868751e-01
3.0588864260e-01
3.0543491755e-01
3.0502110275e-01
3.0459615687e-01
3.0415990277e-01
3.0371216657e-01
3.0329436254e-01
3.0286677487e-01
3.0242928499e-01
3.0198178074e-01
3.0153368868e-01
3.0107580104e-01
3.0060803906e-01
3.0013033645e-01
2.9960653385e-01
2.9907118039e-01
2.9852426194e-01
2.9796579650e-01
2.9753492137e-01
2.9709748608e-01
2.9665354723e-01
2.9620317932e-01
2.9581211468e-01
2.9541646783e-01
2.9501632369e-01
2.9461178100e-01
2.9427448011e-01
2.9393432892e-01
2.9359140727e-01
2.9324580310e-01
2.9293222231e-01
2.9261661891e-01
2.9229907543e-01
2.9197968042e-01
2.9167492025e-01
2.9136866362e-01
2.9106100164e-01
2.9075203030e-01
2.9044492092e-01
2.9013672913e-01
2.8982756152e-01
2.8951752859e-01
2.8922890234e-01
2.8893972195e-01
2.8865008327e-01
2.8836008372e-01
2.8809439165e-01
2.8782855597e-01
2.8756265293e-01
2.8729675853e-01
2.8706012221e-01
2.8682360509e-01
2.8658725891e-01
2.8635113433e-01
2.8611195001e-01
2.8587309447e-01
2.8563461597e-01
2.8539656088e-01
2.8515197185e-01
2.8490792434e-01
2.8466446155e-01
2.8442162397e-01
2.8419523234e-01
2.8396944852e-01
2.8374429894e-01
2.8351980792e-01
2.8327326469e-01
2.8302757478e-01
2.8278276234e-01
2.8253884886e-01
2.8227655449e-01
2.8201535088e-01
2.8175525613e-01
2.8149628573e-01
2.8124125589e-01
2.8098734974e-01
2.8073457635e-01
2.8048294329e-01
2.8021852211e-01
2.7995538495e-01
2.7969353662e-01
2.7943298090e-01
2.7912382053e-01
2.7881650781e-01
2.7851104523e-01
2.7820743437e-01
2.7782724057e-01
2.7744999245e-01
2.7707568920e-01
2.7670432920e-01
2.7626665364e-01
2.7583313045e-01
2.7540375455e-01
2.7497852046e-01
2.7453486865e-01
2.7409580336e-01
2.7366131761e-01
2.7323140438e-01
2.7272405274e-01
2.7222319830e-01
2.7172882920e-01
2.7124093376e-01
2.7061401659e-01
2.6999807666e-01
2.6939308901e-01
2.6879902912e-01
2.6794391267e-01
2.6711237453e-01
2.6630434153e-01
2.6551974257e-01
2.6417600963e-01
2.6290648993e-01
2.6171082684e-01
2.6058868447e-01
2.5867958847e-01
2.5702660564e-01
2.5562809932e-01
2.5448268486e-01
2.5357625222e-01
2.5292946249e-01
2.5254165336e-01
2.5241242775e-01
