0.0000000000e+00
3.4974565447e-03
6.9949130894e-03
1.0492369634e-02
1.3989826179e-02
1.7304832738e-02
2.0619839298e-02
2.3934845857e-02
2.7249852417e-02
3.0425410750e-02
3.3600969083e-02
3.6776527416e-02
3.9952085749e-02
4.3022988562e-02
4.6093891374e-02
4.9164794186e-02
5.2235696998e-02
5.5243030650e-02
5.8250364303e-02
6.1257697955e-02
6.4265031607e-02
6.7267431209e-02
7.0269830810e-02
7.3272230412e-02
7.6274630013e-02
7.9426913394e-02
8.2579196774e-02
8.5731480154e-02
8.8883763535e-02
9.2453549781e-02
9.6023336027e-02
9.9593122274e-02
1.0316290852e-01
1.0623968887e-01
1.0931646922e-01
1.1239324957e-01
1.1547002991e-01
1.1832083365e-01
1.2117163739e-01
1.2402244113e-01
1.2687324487e-01
1.2962293953e-01
1.3237263420e-01
1.3512232887e-01
1.3787202353e-01
1.4059323659e-01
1.4331444965e-01
1.4603566270e-01
1.4875687576e-01
1.5136232126e-01
1.5396776676e-01
1.5657321226e-01
1.5917865776e-01
1.6173031442e-01
1.6428197108e-01
1.6683362773e-01
1.6938528439e-01
1.7201915814e-01
1.7465303189e-01
1.7728690564e-01
1.7992077939e-01
1.8279986051e-01
1.8567894162e-01
1.8855802274e-01
1.9143710386e-01
1.9436508681e-01
1.9729306976e-01
2.0022105271e-01
2.0314903566e-01
2.0587847837e-01
2.0860792107e-01
2.1133736378e-01
2.1406680648e-01
2.1668431704e-01
2.1930182759e-01
2.2191933814e-01
2.2453684869e-01
2.2716205683e-01
2.2978726497e-01
2.3241247311e-01
2.3503768124e-01
2.3775913647e-01
2.4048059170e-01
2.4320204693e-01
2.4592350216e-01
2.4892909667e-01
2.5193469118e-01
2.5494028569e-01
2.5794588020e-01
2.6103264847e-01
2.6411941674e-01
2.6720618501e-01
2.7029295328e-01
2.7340645797e-01
2.7651996265e-01
2.7963346733e-01
2.8274697201e-01
2.8604652640e-01
2.8934608079e-01
2.9264563519e-01
2.9594518958e-01
2.9995265133e-01
3.0396011308e-01
3.0796757483e-01
3.1197503658e-01
3.1568324290e-01
3.1939144921e-01
3.2309965552e-01
3.2680786183e-01
3.3032222263e-01
3.3383658342e-01
3.3735094421e-01
3.4086530501e-01
3.4436573479e-01
3.4786616458e-01
3.5136659437e-01
3.5486702416e-01
3.5843156059e-01
3.6199609702e-01
3.6556063345e-01
3.6912516988e-01
3.7280809078e-01
3.7649101169e-01
3.8017393260e-01
3.8385685351e-01
3.8771117543e-01
3.9156549735e-01
3.9541981928e-01
3.9927414120e-01
4.0336836709e-01
4.0746259298e-01
4.1155681887e-01
4.1565104476e-01
4.2004435937e-01
4.2443767398e-01
4.2883098858e-01
4.3322430319e-01
4.3801894654e-01
4.4281358988e-01
4.4760823322e-01
4.5240287657e-01
4.5743654400e-01
4.6247021143e-01
4.6750387886e-01
4.7253754629e-01
4.7803084765e-01
4.8352414901e-01
4.8901745037e-01
4.9451075174e-01
4.9971998706e-01
5.0492922239e-01
5.1013845772e-01
5.1534769305e-01
5.2032804822e-01
5.2530840340e-01
5.3028875857e-01
5.3526911375e-01
5.3989422724e-01
5.4451934072e-01
5.4914445421e-01
5.5376956769e-01
5.5817341318e-01
5.6257725867e-01
5.6698110415e-01
5.7138494964e-01
5.7542719714e-01
5.7946944464e-01
5.8351169215e-01
5.8755393965e-01
5.9138036941e-01
5.9520679917e-01
5.9903322893e-01
6.0285965869e-01
6.0652812867e-01
6.1019659865e-01
6.1386506863e-01
6.1753353861e-01
6.2109042063e-01
6.2464730264e-01
6.2820418465e-01
6.3176106667e-01
6.3525617161e-01
6.3875127656e-01
6.4224638150e-01
6.4574148645e-01
6.4924902806e-01
6.5275656967e-01
6.5626411128e-01
6.5977165289e-01
6.6348982345e-01
6.6720799400e-01
6.7092616455e-01
6.7464433511e-01
6.7844939876e-01
6.8225446241e-01
6.8605952605e-01
6.8986458970e-01
6.9316541842e-01
6.9646624714e-01
6.9976707587e-01
7.0306790459e-01
7.0617889526e-01
7.0928988594e-01
7.1240087661e-01
7.1551186729e-01
7.1860438243e-01
7.2169689757e-01
7.2478941271e-01
7.2788192785e-01
7.3093925355e-01
7.3399657925e-01
7.3705390495e-01
7.4011123065e-01
7.4286427693e-01
7.4561732321e-01
7.4837036950e-01
7.5112341578e-01
7.5376004788e-01
7.5639667998e-01
7.5903331207e-01
7.6166994417e-01
7.6427259619e-01
7.6687524820e-01
7.6947790021e-01
7.7208055223e-01
7.7473906898e-01
7.7739758574e-01
7.8005610250e-01
7.8271461925e-01
7.8564214746e-01
7.8856967566e-01
7.9149720386e-01
7.9442473207e-01
7.9737145883e-01
8.0031818559e-01
8.0326491234e-01
8.0621163910e-01
8.0888888851e-01
8.1156613792e-01
8.1424338733e-01
8.1692063673e-01
8.1947274795e-01
8.2202485917e-01
8.2457697039e-01
8.2712908161e-01
8.2968941635e-01
8.3224975108e-01
8.3481008582e-01
8.3737042055e-01
8.4006912325e-01
8.4276782594e-01
8.4546652864e-01
8.4816523134e-01
8.5089970676e-01
8.5363418219e-01
8.5636865762e-01
8.5910313305e-01
8.6192079858e-01
8.6473846411e-01
8.6755612964e-01
8.7037379517e-01
8.7335968729e-01
8.7634557941e-01
8.7933147154e-01
8.8231736366e-01
8.8605335503e-01
8.8978934641e-01
8.9352533778e-01
8.9726132915e-01
9.0041374986e-01
9.0356617056e-01
9.0671859127e-01
9.0987101197e-01
9.1288011542e-01
9.1588921888e-01
9.1889832233e-01
9.2190742578e-01
9.2490986326e-01
9.2791230074e-01
9.3091473822e-01
9.3391717570e-01
9.3697760088e-01
9.4003802607e-01
9.4309845125e-01
9.4615887644e-01
9.4932330173e-01
9.5248772703e-01
9.5565215232e-01
9.5881657761e-01
9.6212434846e-01
9.6543211931e-01
9.6873989015e-01
9.7204766100e-01
9.7554170338e-01
9.7903574575e-01
9.8252978813e-01
9.8602383050e-01
9.8951787288e-01
9.9301191525e-01
9.9650595763e-01
1.0000000000e+00
