0.0000000000e+00
6.0401677530e-03
1.2080335506e-02
1.8120503259e-02
2.4160671012e-02
2.9350584073e-02
3.4540497135e-02
3.9730410196e-02
4.4920323258e-02
4.9639795783e-02
5.4359268309e-02
5.9078740835e-02
6.3798213361e-02
6.8505090202e-02
7.3211967043e-02
7.7918843884e-02
8.2625720725e-02
8.6438366847e-02
9.0251012968e-02
9.4063659089e-02
9.7876305211e-02
1.0076206186e-01
1.0364781850e-01
1.0653357515e-01
1.0941933180e-01
1.1199208089e-01
1.1456482999e-01
1.1713757908e-01
1.1971032818e-01
1.2232930205e-01
1.2494827592e-01
1.2756724979e-01
1.3018622366e-01
1.3269735391e-01
1.3520848417e-01
1.3771961442e-01
1.4023074468e-01
1.4258155519e-01
1.4493236571e-01
1.4728317622e-01
1.4963398674e-01
1.5179288477e-01
1.5395178280e-01
1.5611068083e-01
1.5826957887e-01
1.6100073684e-01
1.6373189482e-01
1.6646305280e-01
1.6919421077e-01
1.7141515259e-01
1.7363609441e-01
1.7585703623e-01
1.7807797805e-01
1.8057720240e-01
1.8307642674e-01
1.8557565109e-01
1.8807487543e-01
1.9075646296e-01
1.9343805049e-01
1.9611963801e-01
1.9880122554e-01
2.0192881266e-01
2.0505639979e-01
2.0818398691e-01
2.1131157403e-01
2.1429687907e-01
2.1728218411e-01
2.2026748915e-01
2.2325279419e-01
2.2655167211e-01
2.2985055003e-01
2.3314942795e-01
2.3644830587e-01
2.4027516724e-01
2.4410202861e-01
2.4792888998e-01
2.5175575135e-01
2.5659898482e-01
2.6144221828e-01
2.6628545175e-01
2.7112868522e-01
2.7786526691e-01
2.8460184860e-01
2.9133843030e-01
2.9807501199e-01
3.0326781147e-01
3.0846061096e-01
3.1365341044e-01
3.1884620993e-01
3.2328574910e-01
3.2772528827e-01
3.3216482744e-01
3.3660436662e-01
3.4019358299e-01
3.4378279936e-01
3.4737201573e-01
3.5096123210e-01
3.5417370591e-01
3.5738617973e-01
3.6059865354e-01
3.6381112736e-01
3.6684634268e-01
3.6988155800e-01
3.7291677333e-01
3.7595198865e-01
3.7925573573e-01
3.8255948280e-01
3.8586322988e-01
3.8916697696e-01
3.9189436626e-01
3.9462175557e-01
3.9734914487e-01
4.0007653417e-01
4.0251308577e-01
4.0494963737e-01
4.0738618897e-01
4.0982274057e-01
4.1211000070e-01
4.1439726083e-01
4.1668452096e-01
4.1897178109e-01
4.2153004722e-01
4.2408831335e-01
4.2664657949e-01
4.2920484562e-01
4.3147191806e-01
4.3373899050e-01
4.3600606294e-01
4.3827313538e-01
4.4062056602e-01
4.4296799666e-01
4.4531542731e-01
4.4766285795e-01
4.5031090661e-01
4.5295895527e-01
4.5560700393e-01
4.5825505259e-01
4.6089727364e-01
4.6353949470e-01
4.6618171575e-01
4.6882393680e-01
4.7149751859e-01
4.7417110037e-01
4.7684468216e-01
4.7951826395e-01
4.8247113773e-01
4.8542401151e-01
4.8837688529e-01
4.9132975907e-01
4.9440318745e-01
4.9747661582e-01
5.0055004420e-01
5.0362347258e-01
5.0640407242e-01
5.0918467225e-01
5.1196527209e-01
5.1474587193e-01
5.1736795820e-01
5.1999004446e-01
5.2261213073e-01
5.2523421699e-01
5.2822636620e-01
5.3121851541e-01
5.3421066462e-01
5.3720281383e-01
5.3967041200e-01
5.4213801017e-01
5.4460560833e-01
5.4707320650e-01
5.4933036520e-01
5.5158752390e-01
5.5384468260e-01
5.5610184130e-01
5.5845077672e-01
5.6079971214e-01
5.6314864756e-01
5.6549758298e-01
5.6787206179e-01
5.7024654061e-01
5.7262101942e-01
5.7499549824e-01
5.7729767840e-01
5.7959985857e-01
5.8190203873e-01
5.8420421889e-01
5.8690227059e-01
5.8960032229e-01
5.9229837398e-01
5.9499642568e-01
5.9796510543e-01
6.0093378518e-01
6.0390246493e-01
6.0687114468e-01
6.0992518662e-01
6.1297922856e-01
6.1603327050e-01
6.1908731244e-01
6.2221369599e-01
6.2534007953e-01
6.2846646308e-01
6.3159284663e-01
6.3508897927e-01
6.3858511191e-01
6.4208124455e-01
6.4557737719e-01
6.4997296815e-01
6.5436855911e-01
6.5876415006e-01
6.6315974102e-01
6.6867512368e-01
6.7419050634e-01
6.7970588901e-01
6.8522127167e-01
6.9174287295e-01
6.9826447423e-01
7.0478607551e-01
7.1130767679e-01
7.1607922941e-01
7.2085078203e-01
7.2562233465e-01
7.3039388727e-01
7.3431221085e-01
7.3823053443e-01
7.4214885801e-01
7.4606718159e-01
7.4945228990e-01
7.5283739822e-01
7.5622250654e-01
7.5960761485e-01
7.6265825643e-01
7.6570889801e-01
7.6875953959e-01
7.7181018117e-01
7.7478433912e-01
7.7775849708e-01
7.8073265504e-01
7.8370681300e-01
7.8667911608e-01
7.8965141917e-01
7.9262372226e-01
7.9559602534e-01
7.9820015067e-01
8.0080427599e-01
8.0340840131e-01
8.0601252663e-01
8.0831542703e-01
8.1061832742e-01
8.1292122782e-01
8.1522412821e-01
8.1743226458e-01
8.1964040094e-01
8.2184853731e-01
8.2405667367e-01
8.2654527050e-01
8.2903386732e-01
8.3152246415e-01
8.3401106098e-01
8.3614988092e-01
8.3828870087e-01
8.4042752081e-01
8.4256634075e-01
8.4489127158e-01
8.4721620241e-01
8.4954113325e-01
8.5186606408e-01
8.5453373090e-01
8.5720139773e-01
8.5986906456e-01
8.6253673138e-01
8.6508521971e-01
8.6763370803e-01
8.7018219636e-01
8.7273068468e-01
8.7538396242e-01
8.7803724017e-01
8.8069051791e-01
8.8334379565e-01
8.8655453976e-01
8.8976528388e-01
8.9297602799e-01
8.9618677211e-01
9.0032906499e-01
9.0447135786e-01
9.0861365074e-01
9.1275594362e-01
9.1747603918e-01
9.2219613475e-01
9.2691623031e-01
9.3163632587e-01
9.3673632293e-01
9.4183631999e-01
9.4693631704e-01
9.5203631410e-01
9.5803162424e-01
9.6402693438e-01
9.7002224452e-01
9.7601755466e-01
9.8201316599e-01
9.8800877733e-01
9.9400438866e-01
1.0000000000e+00
