0.0000000000e+00
1.7383168948e-02
3.4766337895e-02
5.2149506843e-02
6.9532675791e-02
7.8662799282e-02
8.7792922773e-02
9.6923046265e-02
1.0605316976e-01
1.1182895839e-01
1.1760474702e-01
1.2338053565e-01
1.2915632428e-01
1.3322678022e-01
1.3729723617e-01
1.4136769212e-01
1.4543814806e-01
1.4850854021e-01
1.5157893236e-01
1.5464932451e-01
1.5771971666e-01
1.6016170626e-01
1.6260369586e-01
1.6504568545e-01
1.6748767505e-01
1.6953364711e-01
1.7157961917e-01
1.7362559123e-01
1.7567156329e-01
1.7749680383e-01
1.7932204437e-01
1.8114728491e-01
1.8297252545e-01
1.8481223686e-01
1.8665194827e-01
1.8849165968e-01
1.9033137109e-01
1.9182904944e-01
1.9332672778e-01
1.9482440612e-01
1.9632208446e-01
1.9742081261e-01
1.9851954076e-01
1.9961826891e-01
2.0071699706e-01
2.0169866587e-01
2.0268033468e-01
2.0366200349e-01
2.0464367230e-01
2.0570116891e-01
2.0675866552e-01
2.0781616213e-01
2.0887365874e-01
2.0982375911e-01
2.1077385947e-01
2.1172395984e-01
2.1267406021e-01
2.1353353428e-01
2.1439300835e-01
2.1525248242e-01
2.1611195649e-01
2.1695764974e-01
2.1780334299e-01
2.1864903624e-01
2.1949472950e-01
2.2040148545e-01
2.2130824141e-01
2.2221499736e-01
2.2312175332e-01
2.2397231634e-01
2.2482287936e-01
2.2567344238e-01
2.2652400539e-01
2.2753472488e-01
2.2854544436e-01
2.2955616385e-01
2.3056688333e-01
2.3168878195e-01
2.3281068057e-01
2.3393257918e-01
2.3505447780e-01
2.3618586753e-01
2.3731725726e-01
2.3844864699e-01
2.3958003672e-01
2.4076045927e-01
2.4194088181e-01
2.4312130436e-01
2.4430172691e-01
2.4562471450e-01
2.4694770210e-01
2.4827068969e-01
2.4959367729e-01
2.5128888464e-01
2.5298409199e-01
2.5467929934e-01
2.5637450669e-01
2.5839757182e-01
2.6042063694e-01
2.6244370207e-01
2.6446676720e-01
2.6677026436e-01
2.6907376151e-01
2.7137725867e-01
2.7368075582e-01
2.7600797141e-01
2.7833518699e-01
2.8066240258e-01
2.8298961816e-01
2.8557877526e-01
2.8816793235e-01
2.9075708945e-01
2.9334624655e-01
2.9636620904e-01
2.9938617152e-01
3.0240613401e-01
3.0542609650e-01
3.0913094164e-01
3.1283578678e-01
3.1654063192e-01
3.2024547706e-01
3.2519331728e-01
3.3014115750e-01
3.3508899772e-01
3.4003683794e-01
3.4664494645e-01
3.5325305497e-01
3.5986116348e-01
3.6646927200e-01
3.7296676805e-01
3.7946426409e-01
3.8596176014e-01
3.9245925618e-01
3.9872103051e-01
4.0498280484e-01
4.1124457918e-01
4.1750635351e-01
4.2290461512e-01
4.2830287673e-01
4.3370113834e-01
4.3909939996e-01
4.4406908123e-01
4.4903876251e-01
4.5400844378e-01
4.5897812505e-01
4.6394213631e-01
4.6890614757e-01
4.7387015882e-01
4.7883417008e-01
4.8382058445e-01
4.8880699881e-01
4.9379341318e-01
4.9877982755e-01
5.0357437236e-01
5.0836891718e-01
5.1316346199e-01
5.1795800680e-01
5.2306197559e-01
5.2816594437e-01
5.3326991316e-01
5.3837388194e-01
5.4372169936e-01
5.4906951677e-01
5.5441733419e-01
5.5976515160e-01
5.6619412143e-01
5.7262309126e-01
5.7905206109e-01
5.8548103092e-01
5.9205570673e-01
5.9863038254e-01
6.0520505835e-01
6.1177973416e-01
6.1834338270e-01
6.2490703125e-01
6.3147067979e-01
6.3803432833e-01
6.4309018459e-01
6.4814604084e-01
6.5320189709e-01
6.5825775334e-01
6.6224267151e-01
6.6622758967e-01
6.7021250783e-01
6.7419742599e-01
6.7751238499e-01
6.8082734398e-01
6.8414230297e-01
6.8745726197e-01
6.9030563221e-01
6.9315400245e-01
6.9600237268e-01
6.9885074292e-01
7.0136824772e-01
7.0388575252e-01
7.0640325732e-01
7.0892076212e-01
7.1122651184e-01
7.1353226157e-01
7.1583801129e-01
7.1814376101e-01
7.2043881181e-01
7.2273386260e-01
7.2502891339e-01
7.2732396419e-01
7.2936163318e-01
7.3139930218e-01
7.3343697118e-01
7.3547464018e-01
7.3727061432e-01
7.3906658847e-01
7.4086256261e-01
7.4265853675e-01
7.4406439861e-01
7.4547026046e-01
7.4687612232e-01
7.4828198417e-01
7.4951854174e-01
7.5075509930e-01
7.5199165687e-01
7.5322821444e-01
7.5437092174e-01
7.5551362905e-01
7.5665633636e-01
7.5779904366e-01
7.5896988650e-01
7.6014072933e-01
7.6131157216e-01
7.6248241499e-01
7.6351695477e-01
7.6455149455e-01
7.6558603433e-01
7.6662057411e-01
7.6760312504e-01
7.6858567596e-01
7.6956822688e-01
7.7055077780e-01
7.7140386189e-01
7.7225694597e-01
7.7311003005e-01
7.7396311413e-01
7.7503226624e-01
7.7610141835e-01
7.7717057046e-01
7.7823972257e-01
7.7906525147e-01
7.7989078038e-01
7.8071630929e-01
7.8154183820e-01
7.8244496736e-01
7.8334809653e-01
7.8425122569e-01
7.8515435486e-01
7.8615707227e-01
7.8715978969e-01
7.8816250710e-01
7.8916522452e-01
7.9014588930e-01
7.9112655407e-01
7.9210721885e-01
7.9308788363e-01
7.9412109358e-01
7.9515430353e-01
7.9618751348e-01
7.9722072343e-01
7.9852327318e-01
7.9982582292e-01
8.0112837267e-01
8.0243092241e-01
8.0417964046e-01
8.0592835851e-01
8.0767707655e-01
8.0942579460e-01
8.1125323902e-01
8.1308068343e-01
8.1490812785e-01
8.1673557226e-01
8.1882300558e-01
8.2091043889e-01
8.2299787221e-01
8.2508530552e-01
8.2773190148e-01
8.3037849745e-01
8.3302509341e-01
8.3567168938e-01
8.3947284890e-01
8.4327400842e-01
8.4707516794e-01
8.5087632746e-01
8.5753963489e-01
8.6420294231e-01
8.7086624974e-01
8.7752955716e-01
8.9283131676e-01
9.0813307636e-01
9.2343483596e-01
9.3873659556e-01
9.5405244667e-01
9.6936829778e-01
9.8468414889e-01
1.0000000000e+00
