7.5380197403e-03
7.6573154565e-03
8.0188533667e-03
8.6337407169e-03
9.5208203965e-03
1.0976502480e-02
1.2922718762e-02
1.5442400709e-02
1.8641098486e-02
2.1260057714e-02
2.4298354010e-02
2.7810451752e-02
3.1857598918e-02
3.5472729719e-02
3.9500001712e-02
4.3978933728e-02
4.8951750165e-02
5.3797968249e-02
5.9098144297e-02
6.4885962303e-02
7.1196004965e-02
7.7908646552e-02
8.5187824964e-02
9.3066113381e-02
1.0157507964e-01
1.1137250947e-01
1.2195363615e-01
1.3334728174e-01
1.4557672180e-01
1.5666529537e-01
1.6837801900e-01
1.8071565774e-01
1.9367367442e-01
2.0633113894e-01
2.1950808207e-01
2.3318665708e-01
2.4734427058e-01
2.6272945570e-01
2.7857766177e-01
2.9484664460e-01
3.1148960669e-01
3.2884997210e-01
3.4649087512e-01
3.6435215781e-01
3.8237215695e-01
3.9965159076e-01
4.1696513397e-01
4.3426025281e-01
4.5148611876e-01
4.7246949641e-01
4.9319121845e-01
5.1357436475e-01
5.3354986704e-01
5.5339243581e-01
5.7269498173e-01
5.9141122804e-01
6.0950341254e-01
6.2864142222e-01
6.4696015246e-01
6.6444032451e-01
6.8107139035e-01
6.9650580516e-01
7.1112936127e-01
7.2495032968e-01
7.3798111982e-01
7.5146134253e-01
7.6402366343e-01
7.7569566783e-01
7.8650685020e-01
7.9790123659e-01
8.0824761340e-01
8.1759256488e-01
8.2598139358e-01
8.3489461042e-01
8.4254879305e-01
8.4900806956e-01
8.5432902203e-01
8.5952460086e-01
8.6303792230e-01
8.6492487368e-01
8.6521753434e-01
8.6430929520e-01
8.6237831664e-01
8.5940777648e-01
8.5537116121e-01
8.5101528376e-01
8.4581441466e-01
8.3973523139e-01
8.3273982468e-01
8.2591918777e-01
8.1835229058e-01
8.1000774975e-01
8.0085272579e-01
7.9190622662e-01
7.8225287424e-01
7.7186778871e-01
7.6072659579e-01
7.4928636704e-01
7.3710693211e-01
7.2417087052e-01
7.1046332154e-01
6.9444130779e-01
6.7745736612e-01
6.5950899337e-01
6.4060249005e-01
6.2479657662e-01
6.0840158863e-01
5.9143684777e-01
5.7392753630e-01
5.5720778398e-01
5.4007579772e-01
5.2256702055e-01
5.0472208802e-01
4.8828093390e-01
4.7163861244e-01
4.5483619369e-01
4.3791774289e-01
4.1450772440e-01
3.9109555313e-01
3.6781542365e-01
3.4480379683e-01
3.2862119116e-01
3.1269240246e-01
2.9706340816e-01
2.8177765543e-01
2.6502410213e-01
2.4880910295e-01
2.3317817535e-01
2.1816979101e-01
2.0352590640e-01
1.8958797992e-01
1.7637319284e-01
1.6389121279e-01
1.5118920315e-01
1.3934658687e-01
1.2835091582e-01
1.1818343595e-01
1.0922677543e-01
1.0097923987e-01
9.3414536043e-02
8.6504915755e-02
7.9549982126e-02
7.3331969474e-02
6.7812542416e-02
6.2955034307e-02
5.7876029401e-02
5.3674463912e-02
5.0301179057e-02
4.7715082206e-02
4.5711204842e-02
4.4624549350e-02
4.4437294572e-02
4.5146343040e-02
4.6373570362e-02
4.8200186676e-02
5.0645167131e-02
5.3733364932e-02
5.6944744932e-02
6.0682514971e-02
6.4972407895e-02
6.9842654460e-02
7.5011680390e-02
8.0754490455e-02
8.7099211176e-02
9.4074440183e-02
1.0319587417e-01
1.1328883170e-01
1.2439589140e-01
1.3655426859e-01
1.4697716791e-01
1.5809247842e-01
1.6990608036e-01
1.8241849377e-01
1.9467691373e-01
2.0752555139e-01
2.2094970382e-01
2.3492928629e-01
2.4911230533e-01
2.6377315049e-01
2.7887820158e-01
2.9438942129e-01
3.1289048396e-01
3.3181212668e-01
3.5107736622e-01
3.7060572685e-01
3.8769054273e-01
4.0485709141e-01
4.2205186403e-01
4.3922256801e-01
4.5824373727e-01
4.7710649917e-01
4.9574918880e-01
5.1411507896e-01
5.3360113217e-01
5.5264604147e-01
5.7119993907e-01
5.8922057279e-01
6.1100195924e-01
6.3183816863e-01
6.5169166456e-01
6.7053896606e-01
6.8645184110e-01
7.0155862048e-01
7.1586406318e-01
7.2937762163e-01
7.4310091508e-01
7.5593661201e-01
7.6790859277e-01
7.7904300078e-01
7.9079277936e-01
8.0152456709e-01
8.1128114406e-01
8.2010460456e-01
8.2958393128e-01
8.3782642286e-01
8.4489403975e-01
8.5084217714e-01
8.5655938595e-01
8.6080766638e-01
8.6363808156e-01
8.6508435252e-01
8.6521780011e-01
8.6425118020e-01
8.6217227572e-01
8.5895735947e-01
8.5514269041e-01
8.5038195040e-01
8.4463700088e-01
8.3786337279e-01
8.3153294065e-01
8.2445256250e-01
8.1658990599e-01
8.0791081946e-01
7.9937814842e-01
7.9012969575e-01
7.8013866940e-01
7.6937845810e-01
7.5834972798e-01
7.4657276012e-01
7.3402752648e-01
7.2069619215e-01
7.0488468725e-01
6.8806161926e-01
6.7021872752e-01
6.5135643653e-01
6.3563565959e-01
6.1928751483e-01
6.0232823501e-01
5.8478001425e-01
5.6722906966e-01
5.4918360558e-01
5.3068237991e-01
5.1177074507e-01
4.9519784940e-01
4.7839627176e-01
4.6140660337e-01
4.4427268079e-01
4.2621893510e-01
4.0811506507e-01
3.9002024601e-01
3.7199531225e-01
3.5447590847e-01
3.3714047944e-01
3.2004583172e-01
3.0324692763e-01
2.8749420459e-01
2.7210318984e-01
2.5711317397e-01
2.4255944165e-01
2.2695801749e-01
2.1196716983e-01
1.9761498160e-01
1.8392217475e-01
1.6725916235e-01
1.5172653954e-01
1.3731934606e-01
1.2401766071e-01
1.1391054092e-01
1.0450222627e-01
9.5766100255e-02
8.7672820890e-02
7.9461483945e-02
7.1949124875e-02
6.5091462948e-02
5.8844239734e-02
5.1557856459e-02
4.5138637209e-02
3.9499013014e-02
3.4557303206e-02
2.8612245112e-02
2.3724788347e-02
1.9730930250e-02
1.6491508448e-02
1.4146614216e-02
1.2239799264e-02
1.0714646794e-02
9.5254423644e-03
8.6362507089e-03
8.0199399613e-03
7.6575813891e-03
7.5380175775e-03
