0.0000000000e+00
5.1750041930e-03
1.0350008386e-02
1.5525012579e-02
2.0700016772e-02
2.5528997861e-02
3.0357978950e-02
3.5186960039e-02
4.0015941129e-02
4.4609100713e-02
4.9202260298e-02
5.3795419883e-02
5.8388579467e-02
6.2939702812e-02
6.7490826156e-02
7.2041949501e-02
7.6593072845e-02
8.1572115849e-02
8.6551158854e-02
9.1530201858e-02
9.6509244862e-02
1.0036043550e-01
1.0421162614e-01
1.0806281679e-01
1.1191400743e-01
1.1558286267e-01
1.1925171792e-01
1.2292057317e-01
1.2658942842e-01
1.2960629034e-01
1.3262315227e-01
1.3564001420e-01
1.3865687612e-01
1.4138379026e-01
1.4411070439e-01
1.4683761852e-01
1.4956453265e-01
1.5211867024e-01
1.5467280784e-01
1.5722694543e-01
1.5978108303e-01
1.6224598691e-01
1.6471089079e-01
1.6717579467e-01
1.6964069855e-01
1.7213722844e-01
1.7463375832e-01
1.7713028821e-01
1.7962681810e-01
1.8284745704e-01
1.8606809598e-01
1.8928873493e-01
1.9250937387e-01
1.9494467329e-01
1.9737997272e-01
1.9981527214e-01
2.0225057156e-01
2.0451131022e-01
2.0677204888e-01
2.0903278754e-01
2.1129352620e-01
2.1353884084e-01
2.1578415547e-01
2.1802947010e-01
2.2027478473e-01
2.2236320134e-01
2.2445161794e-01
2.2654003454e-01
2.2862845114e-01
2.3073671582e-01
2.3284498050e-01
2.3495324518e-01
2.3706150987e-01
2.3941727726e-01
2.4177304466e-01
2.4412881205e-01
2.4648457945e-01
2.4879725820e-01
2.5110993695e-01
2.5342261570e-01
2.5573529445e-01
2.5787689209e-01
2.6001848972e-01
2.6216008735e-01
2.6430168499e-01
2.6644292461e-01
2.6858416424e-01
2.7072540386e-01
2.7286664348e-01
2.7514650894e-01
2.7742637439e-01
2.7970623985e-01
2.8198610531e-01
2.8458498814e-01
2.8718387098e-01
2.8978275382e-01
2.9238163666e-01
2.9494440848e-01
2.9750718030e-01
3.0006995213e-01
3.0263272395e-01
3.0548875246e-01
3.0834478098e-01
3.1120080949e-01
3.1405683801e-01
3.1713421446e-01
3.2021159092e-01
3.2328896738e-01
3.2636634384e-01
3.2924177529e-01
3.3211720674e-01
3.3499263819e-01
3.3786806964e-01
3.4075906573e-01
3.4365006181e-01
3.4654105790e-01
3.4943205399e-01
3.5244411278e-01
3.5545617157e-01
3.5846823037e-01
3.6148028916e-01
3.6468562809e-01
3.6789096703e-01
3.7109630596e-01
3.7430164489e-01
3.7771965063e-01
3.8113765637e-01
3.8455566210e-01
3.8797366784e-01
3.9174912074e-01
3.9552457365e-01
3.9930002655e-01
4.0307547945e-01
4.0743570614e-01
4.1179593282e-01
4.1615615951e-01
4.2051638619e-01
4.2560494951e-01
4.3069351282e-01
4.3578207614e-01
4.4087063946e-01
4.4745643722e-01
4.5404223498e-01
4.6062803274e-01
4.6721383050e-01
4.7350184303e-01
4.7978985557e-01
4.8607786810e-01
4.9236588063e-01
4.9862601899e-01
5.0488615735e-01
5.1114629572e-01
5.1740643408e-01
5.2336472952e-01
5.2932302497e-01
5.3528132041e-01
5.4123961585e-01
5.4618934018e-01
5.5113906452e-01
5.5608878885e-01
5.6103851318e-01
5.6541657922e-01
5.6979464526e-01
5.7417271131e-01
5.7855077735e-01
5.8240714559e-01
5.8626351383e-01
5.9011988208e-01
5.9397625032e-01
5.9747256795e-01
6.0096888557e-01
6.0446520320e-01
6.0796152083e-01
6.1122537595e-01
6.1448923108e-01
6.1775308620e-01
6.2101694132e-01
6.2410857954e-01
6.2720021775e-01
6.3029185597e-01
6.3338349418e-01
6.3631684683e-01
6.3925019947e-01
6.4218355212e-01
6.4511690476e-01
6.4798137521e-01
6.5084584565e-01
6.5371031610e-01
6.5657478654e-01
6.5951518540e-01
6.6245558426e-01
6.6539598312e-01
6.6833638198e-01
6.7157415995e-01
6.7481193792e-01
6.7804971589e-01
6.8128749387e-01
6.8393819072e-01
6.8658888757e-01
6.8923958443e-01
6.9189028128e-01
6.9441077381e-01
6.9693126633e-01
6.9945175886e-01
7.0197225139e-01
7.0450900528e-01
7.0704575918e-01
7.0958251307e-01
7.1211926697e-01
7.1433090718e-01
7.1654254739e-01
7.1875418760e-01
7.2096582781e-01
7.2309334438e-01
7.2522086095e-01
7.2734837752e-01
7.2947589408e-01
7.3165566702e-01
7.3383543996e-01
7.3601521290e-01
7.3819498584e-01
7.4087015400e-01
7.4354532215e-01
7.4622049030e-01
7.4889565845e-01
7.5112542824e-01
7.5335519804e-01
7.5558496783e-01
7.5781473762e-01
7.5989351402e-01
7.6197229042e-01
7.6405106681e-01
7.6612984321e-01
7.6824778822e-01
7.7036573322e-01
7.7248367823e-01
7.7460162323e-01
7.7687048847e-01
7.7913935371e-01
7.8140821894e-01
7.8367708418e-01
7.8604910266e-01
7.8842112114e-01
7.9079313962e-01
7.9316515810e-01
7.9575509778e-01
7.9834503746e-01
8.0093497714e-01
8.0352491682e-01
8.0616362755e-01
8.0880233829e-01
8.1144104903e-01
8.1407975977e-01
8.1653950041e-01
8.1899924105e-01
8.2145898169e-01
8.2391872233e-01
8.2640724730e-01
8.2889577226e-01
8.3138429723e-01
8.3387282220e-01
8.3649065005e-01
8.3910847790e-01
8.4172630575e-01
8.4434413360e-01
8.4720506021e-01
8.5006598682e-01
8.5292691343e-01
8.5578784005e-01
8.5910045949e-01
8.6241307894e-01
8.6572569838e-01
8.6903831783e-01
8.7280014820e-01
8.7656197857e-01
8.8032380894e-01
8.8408563931e-01
8.8877351941e-01
8.9346139951e-01
8.9814927961e-01
9.0283715971e-01
9.0740699104e-01
9.1197682237e-01
9.1654665371e-01
9.2111648504e-01
9.2569290469e-01
9.3026932434e-01
9.3484574398e-01
9.3942216363e-01
9.4423344242e-01
9.4904472121e-01
9.5385600000e-01
9.5866727878e-01
9.6383386894e-01
9.6900045909e-01
9.7416704924e-01
9.7933363939e-01
9.8450022954e-01
9.8966681970e-01
9.9483340985e-01
1.0000000000e+00
