0.0000000000e+00
3.6084705756e-03
7.2169411512e-03
1.0825411727e-02
1.4433882302e-02
1.8979887213e-02
2.3525892123e-02
2.8071897033e-02
3.2617901943e-02
3.6168069848e-02
3.9718237752e-02
4.3268405656e-02
4.6818573561e-02
5.0202797867e-02
5.3587022174e-02
5.6971246480e-02
6.0355470786e-02
6.3314549098e-02
6.6273627409e-02
6.9232705720e-02
7.2191784031e-02
7.4988854532e-02
7.7785925033e-02
8.0582995534e-02
8.3380066035e-02
8.6109699972e-02
8.8839333910e-02
9.1568967847e-02
9.4298601784e-02
9.6987327522e-02
9.9676053260e-02
1.0236477900e-01
1.0505350474e-01
1.0774109859e-01
1.1042869243e-01
1.1311628628e-01
1.1580388013e-01
1.1856796536e-01
1.2133205059e-01
1.2409613582e-01
1.2686022105e-01
1.2986471871e-01
1.3286921638e-01
1.3587371404e-01
1.3887821170e-01
1.4205641024e-01
1.4523460877e-01
1.4841280731e-01
1.5159100585e-01
1.5439966211e-01
1.5720831836e-01
1.6001697462e-01
1.6282563088e-01
1.6552258391e-01
1.6821953695e-01
1.7091648999e-01
1.7361344302e-01
1.7627393507e-01
1.7893442711e-01
1.8159491916e-01
1.8425541120e-01
1.8692831044e-01
1.8960120967e-01
1.9227410890e-01
1.9494700814e-01
1.9768135575e-01
2.0041570337e-01
2.0315005098e-01
2.0588439860e-01
2.0876731540e-01
2.1165023220e-01
2.1453314900e-01
2.1741606581e-01
2.2043878218e-01
2.2346149855e-01
2.2648421492e-01
2.2950693129e-01
2.3257473981e-01
2.3564254833e-01
2.3871035685e-01
2.4177816537e-01
2.4478905528e-01
2.4779994518e-01
2.5081083508e-01
2.5382172498e-01
2.5688216104e-01
2.5994259710e-01
2.6300303316e-01
2.6606346922e-01
2.6925049364e-01
2.7243751807e-01
2.7562454249e-01
2.7881156691e-01
2.8227508306e-01
2.8573859920e-01
2.8920211535e-01
2.9266563149e-01
2.9687654206e-01
3.0108745262e-01
3.0529836319e-01
3.0950927376e-01
3.1308768281e-01
3.1666609186e-01
3.2024450092e-01
3.2382290997e-01
3.2726031898e-01
3.3069772798e-01
3.3413513699e-01
3.3757254599e-01
3.4098212833e-01
3.4439171066e-01
3.4780129300e-01
3.5121087533e-01
3.5464071042e-01
3.5807054550e-01
3.6150038059e-01
3.6493021567e-01
3.6841303955e-01
3.7189586342e-01
3.7537868730e-01
3.7886151118e-01
3.8242472995e-01
3.8598794872e-01
3.8955116750e-01
3.9311438627e-01
3.9678434680e-01
4.0045430734e-01
4.0412426787e-01
4.0779422840e-01
4.1159938331e-01
4.1540453822e-01
4.1920969312e-01
4.2301484803e-01
4.2698978084e-01
4.3096471366e-01
4.3493964647e-01
4.3891457928e-01
4.4311062586e-01
4.4730667244e-01
4.5150271902e-01
4.5569876560e-01
4.6023256670e-01
4.6476636780e-01
4.6930016890e-01
4.7383396999e-01
4.7882004412e-01
4.8380611824e-01
4.8879219237e-01
4.9377826649e-01
4.9866195580e-01
5.0354564510e-01
5.0842933441e-01
5.1331302372e-01
5.1773836472e-01
5.2216370572e-01
5.2658904672e-01
5.3101438772e-01
5.3516180566e-01
5.3930922360e-01
5.4345664155e-01
5.4760405949e-01
5.5155194847e-01
5.5549983745e-01
5.5944772643e-01
5.6339561542e-01
5.6718539869e-01
5.7097518196e-01
5.7476496524e-01
5.7855474851e-01
5.8221653079e-01
5.8587831306e-01
5.8954009533e-01
5.9320187761e-01
5.9676135279e-01
6.0032082798e-01
6.0388030316e-01
6.0743977834e-01
6.1092133135e-01
6.1440288435e-01
6.1788443735e-01
6.2136599035e-01
6.2479555143e-01
6.2822511251e-01
6.3165467359e-01
6.3508423466e-01
6.3849349229e-01
6.4190274991e-01
6.4531200753e-01
6.4872126515e-01
6.5215844625e-01
6.5559562735e-01
6.5903280844e-01
6.6246998954e-01
6.6605139082e-01
6.6963279210e-01
6.7321419339e-01
6.7679559467e-01
6.8111233437e-01
6.8542907407e-01
6.8974581378e-01
6.9406255348e-01
6.9750096394e-01
7.0093937440e-01
7.0437778486e-01
7.0781619532e-01
7.1100975409e-01
7.1420331287e-01
7.1739687165e-01
7.2059043043e-01
7.2365856828e-01
7.2672670613e-01
7.2979484399e-01
7.3286298184e-01
7.3587606665e-01
7.3888915147e-01
7.4190223628e-01
7.4491532110e-01
7.4796994347e-01
7.5102456585e-01
7.5407918822e-01
7.5713381060e-01
7.6017620596e-01
7.6321860132e-01
7.6626099669e-01
7.6930339205e-01
7.7222540234e-01
7.7514741264e-01
7.7806942293e-01
7.8099143323e-01
7.8374434903e-01
7.8649726483e-01
7.8925018064e-01
7.9200309644e-01
7.9468456127e-01
7.9736602610e-01
8.0004749093e-01
8.0272895576e-01
8.0538834901e-01
8.0804774225e-01
8.1070713550e-01
8.1336652874e-01
8.1605149158e-01
8.1873645441e-01
8.2142141725e-01
8.2410638009e-01
8.2689270558e-01
8.2967903106e-01
8.3246535655e-01
8.3525168204e-01
8.3836693101e-01
8.4148217998e-01
8.4459742895e-01
8.4771267792e-01
8.5076333501e-01
8.5381399211e-01
8.5686464920e-01
8.5991530629e-01
8.6270271042e-01
8.6549011454e-01
8.6827751867e-01
8.7106492279e-01
8.7376073295e-01
8.7645654310e-01
8.7915235326e-01
8.8184816341e-01
8.8453061117e-01
8.8721305893e-01
8.8989550669e-01
8.9257795445e-01
8.9530756476e-01
8.9803717507e-01
9.0076678539e-01
9.0349639570e-01
9.0627619846e-01
9.0905600122e-01
9.1183580398e-01
9.1461560675e-01
9.1755851481e-01
9.2050142287e-01
9.2344433093e-01
9.2638723899e-01
9.2979410016e-01
9.3320096132e-01
9.3660782248e-01
9.4001468364e-01
9.4359668833e-01
9.4717869302e-01
9.5076069771e-01
9.5434270240e-01
9.5856897723e-01
9.6279525206e-01
9.6702152689e-01
9.7124780172e-01
9.7485094522e-01
9.7845408871e-01
9.8205723220e-01
9.8566037570e-01
9.8924528177e-01
9.9283018785e-01
9.9641509392e-01
1.0000000000e+00
