2.5899228199e-02
2.6018171390e-02
2.6375984714e-02
2.6975623099e-02
2.7822018980e-02
2.8726384103e-02
2.9814035554e-02
3.1091118930e-02
3.2564776668e-02
3.3911495443e-02
3.5398003501e-02
3.7029582247e-02
3.8811947405e-02
4.0499952500e-02
4.2312479333e-02
4.4254160730e-02
4.6329871485e-02
4.8346962625e-02
5.0484160886e-02
5.2745679186e-02
5.5135876403e-02
5.7494304525e-02
5.9973260318e-02
6.2576626647e-02
6.5308367602e-02
6.8041815683e-02
7.0899689405e-02
7.3885597785e-02
7.7003177763e-02
8.0177510352e-02
8.3484241152e-02
8.6926760341e-02
9.0508432608e-02
9.4266160728e-02
9.8172253700e-02
1.0222998879e-01
1.0644254689e-01
1.1129431889e-01
1.1634387302e-01
1.2159493260e-01
1.2705093743e-01
1.3237183106e-01
1.3787905188e-01
1.4357458499e-01
1.4946007035e-01
1.5504437560e-01
1.6079126321e-01
1.6670110736e-01
1.7277395513e-01
1.7865272466e-01
1.8467578835e-01
1.9084230685e-01
1.9715113521e-01
2.0369205571e-01
2.1037593925e-01
2.1720058409e-01
2.2416344098e-01
2.3068735284e-01
2.3732322999e-01
2.4406830929e-01
2.5091958350e-01
2.5782997565e-01
2.6483861602e-01
2.7194186923e-01
2.7913588784e-01
2.8693510568e-01
2.9482852828e-01
3.0281070540e-01
3.1087597025e-01
3.2131879892e-01
3.3187557034e-01
3.4253314983e-01
3.5327808402e-01
3.6183584336e-01
3.7043288744e-01
3.7906231681e-01
3.8771722080e-01
3.9590353863e-01
4.0410063359e-01
4.1230278182e-01
4.2050432227e-01
4.2875354780e-01
4.3699090100e-01
4.4521089325e-01
4.5340815846e-01
4.6199106759e-01
4.7053721366e-01
4.7904089070e-01
4.8749659281e-01
4.9710386277e-01
5.0663384735e-01
5.1607935137e-01
5.2543357232e-01
5.3451186215e-01
5.4349054676e-01
5.5236433574e-01
5.6112830969e-01
5.7012324796e-01
5.7898973478e-01
5.8772347994e-01
5.9632059972e-01
6.0601180924e-01
6.1551393420e-01
6.2482296105e-01
6.3393548340e-01
6.4290111539e-01
6.5166271597e-01
6.6021848802e-01
6.6856712736e-01
6.7630229867e-01
6.8384957331e-01
6.9120890832e-01
6.9838055897e-01
7.0534607963e-01
7.1212625275e-01
7.1872207983e-01
7.2513476833e-01
7.3151879827e-01
7.3771358928e-01
7.4372098531e-01
7.4954297349e-01
7.5543099590e-01
7.6112140110e-01
7.6661682943e-01
7.7192000871e-01
7.7740352936e-01
7.8267214994e-01
7.8772944684e-01
7.9257902320e-01
7.9746712094e-01
8.0213291692e-01
8.0658058650e-01
8.1081425318e-01
8.1518933795e-01
8.1932018728e-01
8.2321179184e-01
8.2686898176e-01
8.3059363679e-01
8.3405109045e-01
8.3724681017e-01
8.4018595171e-01
8.4307234107e-01
8.4567181015e-01
8.4798948246e-01
8.5002998889e-01
8.5196791443e-01
8.5357706857e-01
8.5486150708e-01
8.5582449227e-01
8.5647696772e-01
8.5680086238e-01
8.5679703875e-01
8.5646548672e-01
8.5587374979e-01
8.5500520228e-01
8.5385791681e-01
8.5242936090e-01
8.5085318144e-01
8.4903025635e-01
8.4695721701e-01
8.4463027299e-01
8.4221024190e-01
8.3955880341e-01
8.3667184857e-01
8.3354497455e-01
8.3048410743e-01
8.2721657016e-01
8.2373845262e-01
8.2004568054e-01
8.1639735003e-01
8.1255434797e-01
8.0851302180e-01
8.0426963641e-01
8.0007641546e-01
7.9569661460e-01
7.9112695960e-01
7.8636415784e-01
7.8166947646e-01
7.7679558347e-01
7.7173970365e-01
7.6649909736e-01
7.6127724108e-01
7.5587936544e-01
7.5030319967e-01
7.4454655886e-01
7.3872596510e-01
7.3272806989e-01
7.2655114663e-01
7.2019361160e-01
7.1356597901e-01
7.0675015094e-01
6.9974504576e-01
6.9254981446e-01
6.8311436870e-01
6.7336931412e-01
6.6331490598e-01
6.5295230083e-01
6.4475937186e-01
6.3638615005e-01
6.2783445126e-01
6.1910651899e-01
6.1106686816e-01
6.0288770855e-01
5.9457169435e-01
5.8612182289e-01
5.7767154752e-01
5.6909821527e-01
5.6040573118e-01
5.5159836234e-01
5.4300061853e-01
5.3430483344e-01
5.2551581984e-01
5.1663871765e-01
5.0846607500e-01
5.0022902189e-01
4.9193216988e-01
4.8358034858e-01
4.7553143556e-01
4.6744130280e-01
4.5931473036e-01
4.5115665796e-01
4.4300312584e-01
4.3482855754e-01
4.2663825398e-01
4.1843763239e-01
4.0976573857e-01
4.0109511508e-01
3.9243247899e-01
3.8378461842e-01
3.7396269276e-01
3.6417894225e-01
3.5444350249e-01
3.4476646019e-01
3.3643772398e-01
3.2816673328e-01
3.1995979344e-01
3.1182308188e-01
3.0425528774e-01
2.9675952094e-01
2.8934047836e-01
2.8200269363e-01
2.7473014729e-01
2.6754790413e-01
2.6045996315e-01
2.5347010974e-01
2.4584292498e-01
2.3834508716e-01
2.3098075405e-01
2.2375371666e-01
2.1684514253e-01
2.1007306678e-01
2.0343997110e-01
1.9694799904e-01
1.9027912947e-01
1.8376984076e-01
1.7742144711e-01
1.7123488083e-01
1.6430434651e-01
1.5758989633e-01
1.5109121783e-01
1.4480744131e-01
1.3897204727e-01
1.3333203891e-01
1.2788538929e-01
1.2262972802e-01
1.1784198866e-01
1.1321951854e-01
1.0875963964e-01
1.0445950111e-01
1.0034035833e-01
9.6373014534e-02
9.2554291657e-02
8.8880925931e-02
8.5252749970e-02
8.1770985656e-02
7.8431921735e-02
7.5231826424e-02
7.2006687107e-02
6.8927282806e-02
6.5989287177e-02
6.3188419230e-02
6.0307617863e-02
5.7577143672e-02
5.4991862490e-02
5.2546770457e-02
4.9949012748e-02
4.7516948969e-02
4.5244091505e-02
4.3124233477e-02
4.0558774020e-02
3.8235191261e-02
3.6141746743e-02
3.4267646059e-02
3.2260052524e-02
3.0549661738e-02
2.9122590049e-02
2.7967093781e-02
2.7056426267e-02
2.6411643198e-02
2.6027047966e-02
2.5899228202e-02
