2.9498205598e-01
2.9498214047e-01
2.9498239393e-01
2.9498281630e-01
2.9498340753e-01
2.9498415373e-01
2.9498506309e-01
2.9498613542e-01
2.9498737054e-01
2.9498879177e-01
2.9499038051e-01
2.9499213646e-01
2.9499405930e-01
2.9499630908e-01
2.9499875030e-01
2.9500138243e-01
2.9500420486e-01
2.9500763824e-01
2.9501131495e-01
2.9501523388e-01
2.9501939385e-01
2.9502312070e-01
2.9502702013e-01
2.9503109126e-01
2.9503533312e-01
2.9503953149e-01
2.9504388294e-01
2.9504838654e-01
2.9505304128e-01
2.9505770026e-01
2.9506249948e-01
2.9506743789e-01
2.9507251440e-01
2.9507777172e-01
2.9508316706e-01
2.9508869916e-01
2.9509436669e-01
2.9509977834e-01
2.9510530565e-01
2.9511094745e-01
2.9511670250e-01
2.9512246732e-01
2.9512833904e-01
2.9513431636e-01
2.9514039794e-01
2.9514669841e-01
2.9515310416e-01
2.9515961366e-01
2.9516622533e-01
2.9517315238e-01
2.9518018465e-01
2.9518732028e-01
2.9519455733e-01
2.9520284995e-01
2.9521126651e-01
2.9521980401e-01
2.9522845937e-01
2.9523687989e-01
2.9524540336e-01
2.9525402687e-01
2.9526274743e-01
2.9527083835e-01
2.9527900614e-01
2.9528724836e-01
2.9529556253e-01
2.9530372406e-01
2.9531194903e-01
2.9532023504e-01
2.9532857964e-01
2.9533698699e-01
2.9534544805e-01
2.9535396031e-01
2.9536252119e-01
2.9537133427e-01
2.9538019280e-01
2.9538909396e-01
2.9539803490e-01
2.9540752546e-01
2.9541705380e-01
2.9542661647e-01
2.9543620999e-01
2.9544688108e-01
2.9545758100e-01
2.9546830493e-01
2.9547904801e-01
2.9548940948e-01
2.9549977985e-01
2.9551015474e-01
2.9552052978e-01
2.9553099413e-01
2.9554144968e-01
2.9555189191e-01
2.9556231634e-01
2.9557320655e-01
2.9558406720e-01
2.9559489319e-01
2.9560567943e-01
2.9561756616e-01
2.9562939116e-01
2.9564114764e-01
2.9565282888e-01
2.9566565119e-01
2.9567836441e-01
2.9569095972e-01
2.9570342840e-01
2.9571447882e-01
2.9572541472e-01
2.9573623012e-01
2.9574691909e-01
2.9575723981e-01
2.9576742882e-01
2.9577748083e-01
2.9578739067e-01
2.9579716887e-01
2.9580679433e-01
2.9581626214e-01
2.9582556748e-01
2.9583484557e-01
2.9584394644e-01
2.9585286538e-01
2.9586159779e-01
2.9587035590e-01
2.9587890833e-01
2.9588725052e-01
2.9589537799e-01
2.9590355515e-01
2.9591149328e-01
2.9591918790e-01
2.9592663470e-01
2.9593413356e-01
2.9594135371e-01
2.9594829078e-01
2.9595494060e-01
2.9596162520e-01
2.9596798272e-01
2.9597400898e-01
2.9597970000e-01
2.9598539111e-01
2.9599069312e-01
2.9599560212e-01
2.9600011449e-01
2.9600461552e-01
2.9600862875e-01
2.9601215062e-01
2.9601517803e-01
2.9601790018e-01
2.9602003438e-01
2.9602157844e-01
2.9602253076e-01
2.9602288887e-01
2.9602267901e-01
2.9602190139e-01
2.9602055676e-01
2.9601885132e-01
2.9601668353e-01
2.9601405515e-01
2.9601096832e-01
2.9600769108e-01
2.9600402244e-01
2.9599996498e-01
2.9599552157e-01
2.9599097059e-01
2.9598608064e-01
2.9598085482e-01
2.9597529649e-01
2.9596968752e-01
2.9596378247e-01
2.9595758482e-01
2.9595109820e-01
2.9594459373e-01
2.9593782933e-01
2.9593080873e-01
2.9592353580e-01
2.9591625584e-01
2.9590874681e-01
2.9590101264e-01
2.9589305741e-01
2.9588508314e-01
2.9587690626e-01
2.9586853093e-01
2.9585996141e-01
2.9585133062e-01
2.9584251979e-01
2.9583353333e-01
2.9582437576e-01
2.9581505942e-01
2.9580558158e-01
2.9579594704e-01
2.9578616072e-01
2.9577595592e-01
2.9576560180e-01
2.9575510400e-01
2.9574446824e-01
2.9573204273e-01
2.9571945071e-01
2.9570670144e-01
2.9569380431e-01
2.9568259542e-01
2.9567129030e-01
2.9565989518e-01
2.9564841638e-01
2.9563784658e-01
2.9562721699e-01
2.9561653256e-01
2.9560579829e-01
2.9559548312e-01
2.9558513133e-01
2.9557474737e-01
2.9556433572e-01
2.9555400440e-01
2.9554365470e-01
2.9553329098e-01
2.9552291762e-01
2.9551199740e-01
2.9550107646e-01
2.9549015994e-01
2.9547925292e-01
2.9546948313e-01
2.9545972873e-01
2.9544999339e-01
2.9544028072e-01
2.9543113803e-01
2.9542202180e-01
2.9541293502e-01
2.9540388069e-01
2.9539510051e-01
2.9538635662e-01
2.9537765172e-01
2.9536898848e-01
2.9536041078e-01
2.9535187957e-01
2.9534339741e-01
2.9533496684e-01
2.9532640128e-01
2.9531789495e-01
2.9530945046e-01
2.9530107040e-01
2.9529208617e-01
2.9528318338e-01
2.9527436515e-01
2.9526563453e-01
2.9525632160e-01
2.9524711773e-01
2.9523802655e-01
2.9522905159e-01
2.9522131775e-01
2.9521367726e-01
2.9520613234e-01
2.9519868511e-01
2.9519151243e-01
2.9518443672e-01
2.9517745984e-01
2.9517058361e-01
2.9516402455e-01
2.9515756301e-01
2.9515120052e-01
2.9514493854e-01
2.9513870487e-01
2.9513257707e-01
2.9512655657e-01
2.9512064472e-01
2.9511451124e-01
2.9510850234e-01
2.9510261946e-01
2.9509686404e-01
2.9509117533e-01
2.9508561971e-01
2.9508019847e-01
2.9507491289e-01
2.9506964224e-01
2.9506451637e-01
2.9505953647e-01
2.9505470372e-01
2.9504975755e-01
2.9504497818e-01
2.9504036679e-01
2.9503592450e-01
2.9503059520e-01
2.9502553540e-01
2.9502074695e-01
2.9501623159e-01
2.9501274979e-01
2.9500945177e-01
2.9500633830e-01
2.9500341008e-01
2.9500082510e-01
2.9499840517e-01
2.9499615074e-01
2.9499406226e-01
2.9499216796e-01
2.9499043536e-01
2.9498886478e-01
2.9498745650e-01
2.9498619172e-01
2.9498509510e-01
2.9498416685e-01
2.9498340714e-01
2.9498281609e-01
2.9498239383e-01
2.9498214044e-01
2.9498205598e-01
