2.8835894129e-01
2.8835920464e-01
2.8835999468e-01
2.8836131136e-01
2.8836315462e-01
2.8836525454e-01
2.8836777745e-01
2.8837072323e-01
2.8837409174e-01
2.8837753379e-01
2.8838132746e-01
2.8838547258e-01
2.8838996896e-01
2.8839446056e-01
2.8839925492e-01
2.8840435184e-01
2.8840975108e-01
2.8841512878e-01
2.8842077578e-01
2.8842669180e-01
2.8843287657e-01
2.8843906874e-01
2.8844550818e-01
2.8845219454e-01
2.8845912747e-01
2.8846615205e-01
2.8847341211e-01
2.8848090721e-01
2.8848863690e-01
2.8849666625e-01
2.8850493296e-01
2.8851343642e-01
2.8852217601e-01
2.8853200788e-01
2.8854212061e-01
2.8855251315e-01
2.8856318434e-01
2.8857377980e-01
2.8858463408e-01
2.8859574587e-01
2.8860711377e-01
2.8861769369e-01
2.8862848378e-01
2.8863948274e-01
2.8865068918e-01
2.8866145981e-01
2.8867241281e-01
2.8868354680e-01
2.8869486031e-01
2.8870656821e-01
2.8871845907e-01
2.8873053107e-01
2.8874278231e-01
2.8875427527e-01
2.8876591824e-01
2.8877770949e-01
2.8878964716e-01
2.8880140759e-01
2.8881330314e-01
2.8882533188e-01
2.8883749182e-01
2.8885006493e-01
2.8886277085e-01
2.8887560719e-01
2.8888857145e-01
2.8890283667e-01
2.8891724718e-01
2.8893179940e-01
2.8894648963e-01
2.8896220696e-01
2.8897807030e-01
2.8899407475e-01
2.8901021528e-01
2.8902477884e-01
2.8903944349e-01
2.8905420530e-01
2.8906906024e-01
2.8908353587e-01
2.8909809120e-01
2.8911272233e-01
2.8912742527e-01
2.8914235539e-01
2.8915735047e-01
2.8917240619e-01
2.8918751816e-01
2.8920345318e-01
2.8921944013e-01
2.8923547370e-01
2.8925154849e-01
2.8926994283e-01
2.8928837563e-01
2.8930683864e-01
2.8932532352e-01
2.8934341189e-01
2.8936150523e-01
2.8937959558e-01
2.8939767497e-01
2.8941630877e-01
2.8943491355e-01
2.8945348048e-01
2.8947200073e-01
2.8949254921e-01
2.8951301679e-01
2.8953339138e-01
2.8955366094e-01
2.8957555165e-01
2.8959728899e-01
2.8961885786e-01
2.8964024331e-01
2.8965978845e-01
2.8967915358e-01
2.8969832741e-01
2.8971729877e-01
2.8973579725e-01
2.8975407780e-01
2.8977213021e-01
2.8978994447e-01
2.8980779124e-01
2.8982537183e-01
2.8984267632e-01
2.8985969499e-01
2.8987698720e-01
2.8989395321e-01
2.8991058300e-01
2.8992686684e-01
2.8994359775e-01
2.8995992536e-01
2.8997583929e-01
2.8999132952e-01
2.9000752724e-01
2.9002321057e-01
2.9003836827e-01
2.9005298956e-01
2.9006789896e-01
2.9008218159e-01
2.9009582626e-01
2.9010882235e-01
2.9012265440e-01
2.9013563953e-01
2.9014776517e-01
2.9015901970e-01
2.9016972592e-01
2.9017947910e-01
2.9018826941e-01
2.9019608802e-01
2.9020340310e-01
2.9020957693e-01
2.9021460244e-01
2.9021847388e-01
2.9022125283e-01
2.9022279650e-01
2.9022310303e-01
2.9022217205e-01
2.9022020573e-01
2.9021717986e-01
2.9021309759e-01
2.9020796318e-01
2.9020211500e-01
2.9019532738e-01
2.9018760675e-01
2.9017896048e-01
2.9017014393e-01
2.9016054938e-01
2.9015018477e-01
2.9013905871e-01
2.9012804971e-01
2.9011639969e-01
2.9010411714e-01
2.9009121107e-01
2.9007849489e-01
2.9006524252e-01
2.9005146274e-01
2.9003716473e-01
2.9002322950e-01
2.9000885122e-01
2.8999403858e-01
2.8997880058e-01
2.8996383937e-01
2.8994850611e-01
2.8993280949e-01
2.8991675847e-01
2.8990086024e-01
2.8988464590e-01
2.8986812430e-01
2.8985130453e-01
2.8983442242e-01
2.8981726811e-01
2.8979985097e-01
2.8978218052e-01
2.8976386667e-01
2.8974530892e-01
2.8972651807e-01
2.8970750508e-01
2.8968291973e-01
2.8965801398e-01
2.8963281192e-01
2.8960733801e-01
2.8958817397e-01
2.8956888290e-01
2.8954947531e-01
2.8952996179e-01
2.8951188494e-01
2.8949373550e-01
2.8947552190e-01
2.8945725260e-01
2.8943923605e-01
2.8942118188e-01
2.8940309818e-01
2.8938499302e-01
2.8936700522e-01
2.8934901208e-01
2.8933102142e-01
2.8931304104e-01
2.8929694412e-01
2.8928086721e-01
2.8926481579e-01
2.8924879532e-01
2.8923351732e-01
2.8921827719e-01
2.8920307955e-01
2.8918792896e-01
2.8917299402e-01
2.8915811383e-01
2.8914329264e-01
2.8912853461e-01
2.8911327862e-01
2.8909809974e-01
2.8908300241e-01
2.8906799100e-01
2.8904623690e-01
2.8902468795e-01
2.8900335666e-01
2.8898225507e-01
2.8896781793e-01
2.8895349963e-01
2.8893930377e-01
2.8892523381e-01
2.8891210661e-01
2.8889909670e-01
2.8888620669e-01
2.8887343913e-01
2.8886088156e-01
2.8884844954e-01
2.8883614533e-01
2.8882397108e-01
2.8881140711e-01
2.8879898923e-01
2.8878671961e-01
2.8877460035e-01
2.8876223703e-01
2.8875003852e-01
2.8873800682e-01
2.8872614387e-01
2.8871409121e-01
2.8870222178e-01
2.8869053738e-01
2.8867903973e-01
2.8866695398e-01
2.8865508546e-01
2.8864343593e-01
2.8863200705e-01
2.8861726721e-01
2.8860291751e-01
2.8858896099e-01
2.8857540042e-01
2.8856519347e-01
2.8855522560e-01
2.8854549783e-01
2.8853601110e-01
2.8852699508e-01
2.8851820974e-01
2.8850965578e-01
2.8850133384e-01
2.8849314441e-01
2.8848519407e-01
2.8847748335e-01
2.8847001276e-01
2.8846252559e-01
2.8845529720e-01
2.8844832802e-01
2.8844161847e-01
2.8843481106e-01
2.8842829435e-01
2.8842206870e-01
2.8841613444e-01
2.8841006262e-01
2.8840433028e-01
2.8839893772e-01
2.8839388522e-01
2.8838870764e-01
2.8838394429e-01
2.8837959542e-01
2.8837566127e-01
2.8837174344e-01
2.8836834753e-01
2.8836547373e-01
2.8836312223e-01
2.8836129314e-01
2.8835998658e-01
2.8835920261e-01
2.8835894129e-01
