0.0000000000e+00
1.1479612512e-02
2.2959225023e-02
3.4438837535e-02
4.5918450047e-02
5.3906029672e-02
6.1893609297e-02
6.9881188923e-02
7.7868768548e-02
8.3797855552e-02
8.9726942555e-02
9.5656029559e-02
1.0158511656e-01
1.0629720414e-01
1.1100929171e-01
1.1572137928e-01
1.2043346686e-01
1.2439074775e-01
1.2834802864e-01
1.3230530953e-01
1.3626259042e-01
1.3987279960e-01
1.4348300878e-01
1.4709321796e-01
1.5070342714e-01
1.5401378156e-01
1.5732413599e-01
1.6063449042e-01
1.6394484484e-01
1.6657776260e-01
1.6921068035e-01
1.7184359811e-01
1.7447651586e-01
1.7657700006e-01
1.7867748426e-01
1.8077796845e-01
1.8287845265e-01
1.8484320919e-01
1.8680796574e-01
1.8877272228e-01
1.9073747883e-01
1.9296163200e-01
1.9518578517e-01
1.9740993834e-01
1.9963409151e-01
2.0139684264e-01
2.0315959378e-01
2.0492234492e-01
2.0668509606e-01
2.0837986538e-01
2.1007463471e-01
2.1176940404e-01
2.1346417336e-01
2.1544461368e-01
2.1742505399e-01
2.1940549430e-01
2.2138593462e-01
2.2310289142e-01
2.2481984823e-01
2.2653680503e-01
2.2825376184e-01
2.3024149718e-01
2.3222923251e-01
2.3421696785e-01
2.3620470319e-01
2.3833708224e-01
2.4046946128e-01
2.4260184033e-01
2.4473421938e-01
2.4704910083e-01
2.4936398228e-01
2.5167886373e-01
2.5399374518e-01
2.5637147378e-01
2.5874920238e-01
2.6112693098e-01
2.6350465959e-01
2.6626856646e-01
2.6903247332e-01
2.7179638019e-01
2.7456028706e-01
2.7814651746e-01
2.8173274786e-01
2.8531897825e-01
2.8890520865e-01
2.9320226595e-01
2.9749932326e-01
3.0179638056e-01
3.0609343786e-01
3.1060635950e-01
3.1511928114e-01
3.1963220278e-01
3.2414512442e-01
3.2932504133e-01
3.3450495823e-01
3.3968487513e-01
3.4486479204e-01
3.5051079436e-01
3.5615679667e-01
3.6180279899e-01
3.6744880131e-01
3.7158568730e-01
3.7572257329e-01
3.7985945928e-01
3.8399634527e-01
3.8722871710e-01
3.9046108892e-01
3.9369346075e-01
3.9692583257e-01
3.9971437706e-01
4.0250292155e-01
4.0529146604e-01
4.0808001053e-01
4.1068517697e-01
4.1329034341e-01
4.1589550986e-01
4.1850067630e-01
4.2147293228e-01
4.2444518827e-01
4.2741744425e-01
4.3038970023e-01
4.3262506688e-01
4.3486043353e-01
4.3709580018e-01
4.3933116684e-01
4.4138524706e-01
4.4343932728e-01
4.4549340751e-01
4.4754748773e-01
4.4950668667e-01
4.5146588561e-01
4.5342508455e-01
4.5538428349e-01
4.5744072564e-01
4.5949716779e-01
4.6155360994e-01
4.6361005209e-01
4.6554231132e-01
4.6747457054e-01
4.6940682977e-01
4.7133908900e-01
4.7346840743e-01
4.7559772585e-01
4.7772704428e-01
4.7985636270e-01
4.8213660443e-01
4.8441684615e-01
4.8669708787e-01
4.8897732959e-01
4.9109672254e-01
4.9321611550e-01
4.9533550845e-01
4.9745490140e-01
4.9966229797e-01
5.0186969453e-01
5.0407709110e-01
5.0628448766e-01
5.0891036287e-01
5.1153623808e-01
5.1416211329e-01
5.1678798850e-01
5.1880225091e-01
5.2081651332e-01
5.2283077573e-01
5.2484503813e-01
5.2677062868e-01
5.2869621922e-01
5.3062180977e-01
5.3254740031e-01
5.3478623175e-01
5.3702506318e-01
5.3926389462e-01
5.4150272605e-01
5.4346059103e-01
5.4541845601e-01
5.4737632099e-01
5.4933418597e-01
5.5157450613e-01
5.5381482628e-01
5.5605514644e-01
5.5829546659e-01
5.6102434426e-01
5.6375322192e-01
5.6648209959e-01
5.6921097725e-01
5.7175698980e-01
5.7430300234e-01
5.7684901488e-01
5.7939502742e-01
5.8216084031e-01
5.8492665319e-01
5.8769246608e-01
5.9045827897e-01
5.9374205286e-01
5.9702582674e-01
6.0030960063e-01
6.0359337452e-01
6.0814506052e-01
6.1269674653e-01
6.1724843253e-01
6.2180011854e-01
6.2675227583e-01
6.3170443313e-01
6.3665659042e-01
6.4160874772e-01
6.4638499066e-01
6.5116123361e-01
6.5593747655e-01
6.6071371950e-01
6.6518654104e-01
6.6965936259e-01
6.7413218413e-01
6.7860500568e-01
6.8286371048e-01
6.8712241528e-01
6.9138112008e-01
6.9563982488e-01
6.9931432965e-01
7.0298883442e-01
7.0666333919e-01
7.1033784395e-01
7.1322537680e-01
7.1611290966e-01
7.1900044251e-01
7.2188797536e-01
7.2439967406e-01
7.2691137275e-01
7.2942307145e-01
7.3193477015e-01
7.3421895297e-01
7.3650313580e-01
7.3878731862e-01
7.4107150145e-01
7.4386414858e-01
7.4665679571e-01
7.4944944285e-01
7.5224208998e-01
7.5422891279e-01
7.5621573560e-01
7.5820255841e-01
7.6018938122e-01
7.6197728518e-01
7.6376518913e-01
7.6555309309e-01
7.6734099705e-01
7.6904037517e-01
7.7073975329e-01
7.7243913142e-01
7.7413850954e-01
7.7596946036e-01
7.7780041118e-01
7.7963136200e-01
7.8146231281e-01
7.8311899411e-01
7.8477567540e-01
7.8643235669e-01
7.8808903798e-01
7.8992028810e-01
7.9175153822e-01
7.9358278834e-01
7.9541403846e-01
7.9758388785e-01
7.9975373724e-01
8.0192358663e-01
8.0409343602e-01
8.0606525639e-01
8.0803707676e-01
8.1000889713e-01
8.1198071751e-01
8.1428171279e-01
8.1658270807e-01
8.1888370336e-01
8.2118469864e-01
8.2421312123e-01
8.2724154383e-01
8.3026996642e-01
8.3329838901e-01
8.3693084518e-01
8.4056330135e-01
8.4419575751e-01
8.4782821368e-01
8.5180649015e-01
8.5578476661e-01
8.5976304308e-01
8.6374131955e-01
8.6872289150e-01
8.7370446345e-01
8.7868603540e-01
8.8366760735e-01
8.9070182173e-01
8.9773603611e-01
9.0477025049e-01
9.1180446486e-01
9.2279470933e-01
9.3378495380e-01
9.4477519826e-01
9.5576544273e-01
9.6682408205e-01
9.7788272136e-01
9.8894136068e-01
1.0000000000e+00
