2.8727780871e-01
2.8727862629e-01
2.8728107903e-01
2.8728516694e-01
2.8729089004e-01
2.8729770533e-01
2.8730594450e-01
2.8731560756e-01
2.8732669456e-01
2.8733856147e-01
2.8735171670e-01
2.8736616027e-01
2.8738189221e-01
2.8739875093e-01
2.8741687460e-01
2.8743626321e-01
2.8745691679e-01
2.8748096126e-01
2.8750651971e-01
2.8753359205e-01
2.8756217818e-01
2.8758532714e-01
2.8760938156e-01
2.8763434128e-01
2.8766020615e-01
2.8768568811e-01
2.8771199109e-01
2.8773911483e-01
2.8776705896e-01
2.8779065150e-01
2.8781479822e-01
2.8783949879e-01
2.8786475285e-01
2.8788805568e-01
2.8791181002e-01
2.8793601548e-01
2.8796067160e-01
2.8798417380e-01
2.8800807044e-01
2.8803236101e-01
2.8805704490e-01
2.8808123875e-01
2.8810579767e-01
2.8813072092e-01
2.8815600770e-01
2.8818198858e-01
2.8820834045e-01
2.8823506219e-01
2.8826215256e-01
2.8829764269e-01
2.8833374076e-01
2.8837044310e-01
2.8840774556e-01
2.8843634761e-01
2.8846528795e-01
2.8849456415e-01
2.8852417361e-01
2.8855195649e-01
2.8858002167e-01
2.8860836654e-01
2.8863698827e-01
2.8866568579e-01
2.8869465026e-01
2.8872387832e-01
2.8875336638e-01
2.8878102389e-01
2.8880889976e-01
2.8883699054e-01
2.8886529261e-01
2.8889407406e-01
2.8892306279e-01
2.8895225446e-01
2.8898164451e-01
2.8901471365e-01
2.8904801756e-01
2.8908154892e-01
2.8911530009e-01
2.8914864001e-01
2.8918217620e-01
2.8921590048e-01
2.8924980436e-01
2.8928135272e-01
2.8931304035e-01
2.8934485984e-01
2.8937680357e-01
2.8940885837e-01
2.8944102154e-01
2.8947328492e-01
2.8950564015e-01
2.8954018146e-01
2.8957480674e-01
2.8960950533e-01
2.8964426639e-01
2.8968395365e-01
2.8972369127e-01
2.8976346254e-01
2.8980325054e-01
2.8984248545e-01
2.8988170356e-01
2.8992088831e-01
2.8996002307e-01
2.9000355672e-01
2.9004698448e-01
2.9009028330e-01
2.9013343019e-01
2.9017972471e-01
2.9022578779e-01
2.9027159122e-01
2.9031710708e-01
2.9035935177e-01
2.9040129907e-01
2.9044292706e-01
2.9048421415e-01
2.9052535963e-01
2.9056611787e-01
2.9060646809e-01
2.9064638990e-01
2.9068750628e-01
2.9072811393e-01
2.9076819136e-01
2.9080771758e-01
2.9084915188e-01
2.9088991493e-01
2.9092998356e-01
2.9096933530e-01
2.9101048364e-01
2.9105076662e-01
2.9109015973e-01
2.9112863934e-01
2.9117005402e-01
2.9121029722e-01
2.9124934096e-01
2.9128715861e-01
2.9132927496e-01
2.9136968522e-01
2.9140835457e-01
2.9144525035e-01
2.9148602582e-01
2.9152429898e-01
2.9156002830e-01
2.9159317574e-01
2.9163218709e-01
2.9166674898e-01
2.9169680325e-01
2.9172230020e-01
2.9174235318e-01
2.9175818443e-01
2.9176977100e-01
2.9177709623e-01
2.9178014554e-01
2.9177895652e-01
2.9177353084e-01
2.9176387618e-01
2.9175077147e-01
2.9173386512e-01
2.9171317925e-01
2.9168874118e-01
2.9166560984e-01
2.9163993319e-01
2.9161173560e-01
2.9158104421e-01
2.9155184305e-01
2.9152073702e-01
2.9148775072e-01
2.9145291064e-01
2.9142070919e-01
2.9138711229e-01
2.9135214200e-01
2.9131582162e-01
2.9128174603e-01
2.9124660026e-01
2.9121040457e-01
2.9117318016e-01
2.9113752186e-01
2.9110100519e-01
2.9106364970e-01
2.9102547570e-01
2.9098858017e-01
2.9095098769e-01
2.9091271742e-01
2.9087378919e-01
2.9083626426e-01
2.9079818337e-01
2.9075956498e-01
2.9072042809e-01
2.9068172847e-01
2.9064257154e-01
2.9060297633e-01
2.9056296225e-01
2.9052147271e-01
2.9047958464e-01
2.9043732039e-01
2.9039470269e-01
2.9034739364e-01
2.9029971547e-01
2.9025170007e-01
2.9020337974e-01
2.9016361680e-01
2.9012368950e-01
2.9008361604e-01
2.9004341476e-01
2.9000508642e-01
2.8996667498e-01
2.8992819631e-01
2.8988966628e-01
2.8985085183e-01
2.8981201746e-01
2.8977317919e-01
2.8973435290e-01
2.8970052474e-01
2.8966672802e-01
2.8963297298e-01
2.8959926976e-01
2.8956690671e-01
2.8953460963e-01
2.8950238716e-01
2.8947024780e-01
2.8943741395e-01
2.8940468489e-01
2.8937206924e-01
2.8933957542e-01
2.8929987531e-01
2.8926038578e-01
2.8922112105e-01
2.8918209483e-01
2.8914975801e-01
2.8911760339e-01
2.8908563803e-01
2.8905386875e-01
2.8902443315e-01
2.8899517871e-01
2.8896611031e-01
2.8893723262e-01
2.8890801156e-01
2.8887899760e-01
2.8885019504e-01
2.8882160797e-01
2.8879122730e-01
2.8876110289e-01
2.8873123898e-01
2.8870163959e-01
2.8867098140e-01
2.8864062046e-01
2.8861056056e-01
2.8858080520e-01
2.8854866780e-01
2.8851690129e-01
2.8848550931e-01
2.8845449518e-01
2.8842328878e-01
2.8839248074e-01
2.8836207375e-01
2.8833207028e-01
2.8830446715e-01
2.8827721826e-01
2.8825032510e-01
2.8822378907e-01
2.8819730719e-01
2.8817119330e-01
2.8814544845e-01
2.8812007362e-01
2.8809378063e-01
2.8806789900e-01
2.8804242955e-01
2.8801737301e-01
2.8799046264e-01
2.8796404699e-01
2.8793812675e-01
2.8791270251e-01
2.8788388454e-01
2.8785573297e-01
2.8782824842e-01
2.8780143141e-01
2.8777178787e-01
2.8774300633e-01
2.8771508723e-01
2.8768803097e-01
2.8765552231e-01
2.8762435454e-01
2.8759452802e-01
2.8756604305e-01
2.8753956686e-01
2.8751436583e-01
2.8749044006e-01
2.8746778961e-01
2.8744638462e-01
2.8742625868e-01
2.8740741181e-01
2.8738984398e-01
2.8737275376e-01
2.8735707719e-01
2.8734281424e-01
2.8732996487e-01
2.8731774058e-01
2.8730714628e-01
2.8729818194e-01
2.8729084754e-01
2.8728514303e-01
2.8728106840e-01
2.8727862363e-01
2.8727780871e-01
