4.3865388216e-01
4.3868002180e-01
4.3875842188e-01
4.3888902589e-01
4.3907173974e-01
4.3929803367e-01
4.3957284727e-01
4.3989599552e-01
4.4026726104e-01
4.4067885868e-01
4.4113644107e-01
4.4163971195e-01
4.4218834598e-01
4.4277689804e-01
4.4340934524e-01
4.4408528773e-01
4.4480429912e-01
4.4556536341e-01
4.4636850567e-01
4.4721322387e-01
4.4809899149e-01
4.4903244124e-01
4.5000642000e-01
4.5102031748e-01
4.5207350066e-01
4.5318620835e-01
4.5433829751e-01
4.5552903063e-01
4.5675764893e-01
4.5807279175e-01
4.5942705488e-01
4.6081952172e-01
4.6224925507e-01
4.6385333761e-01
4.6549951730e-01
4.6718649608e-01
4.6891295337e-01
4.7073472276e-01
4.7259561776e-01
4.7449412398e-01
4.7642871012e-01
4.7819978221e-01
4.7999770191e-01
4.8182132577e-01
4.8366950467e-01
4.8546607683e-01
4.8728319891e-01
4.8911984556e-01
4.9097499079e-01
4.9281284688e-01
4.9466656733e-01
4.9653518569e-01
4.9841773847e-01
5.0030509497e-01
5.0220437199e-01
5.0411463199e-01
5.0603494348e-01
5.0798286181e-01
5.0993913837e-01
5.1190283793e-01
5.1387303440e-01
5.1592469625e-01
5.1798136124e-01
5.2004202841e-01
5.2210571037e-01
5.2414841483e-01
5.2619218879e-01
5.2823612022e-01
5.3027931229e-01
5.3234258100e-01
5.3440330173e-01
5.3646059895e-01
5.3851361470e-01
5.4063276478e-01
5.4274552016e-01
5.4485099188e-01
5.4694831256e-01
5.4946040270e-01
5.5195803178e-01
5.5443981464e-01
5.5690441280e-01
5.5900855009e-01
5.6109823752e-01
5.6317270767e-01
5.6523121861e-01
5.6727509360e-01
5.6930156602e-01
5.7130996764e-01
5.7329965509e-01
5.7530920284e-01
5.7729800659e-01
5.7926546186e-01
5.8121098978e-01
5.8320770428e-01
5.8517957957e-01
5.8712605192e-01
5.8904658526e-01
5.9108647691e-01
5.9309505599e-01
5.9507175446e-01
5.9701603787e-01
5.9927888820e-01
6.0149467522e-01
6.0366267964e-01
6.0578223969e-01
6.0762265547e-01
6.0942402994e-01
6.1118600472e-01
6.1290825124e-01
6.1451406623e-01
6.1608320868e-01
6.1761546231e-01
6.1911063113e-01
6.2054629332e-01
6.2194568532e-01
6.2330867183e-01
6.2463513278e-01
6.2592293103e-01
6.2717412313e-01
6.2838862964e-01
6.2956638276e-01
6.3071535992e-01
6.3182694993e-01
6.3290111427e-01
6.3393782315e-01
6.3495046508e-01
6.3592458212e-01
6.3686016592e-01
6.3775721422e-01
6.3863180809e-01
6.3946638706e-01
6.4026096400e-01
6.4101555551e-01
6.4174709771e-01
6.4243672660e-01
6.4308446819e-01
6.4369034997e-01
6.4427092716e-01
6.4480711701e-01
6.4529895086e-01
6.4574645934e-01
6.4616552415e-01
6.4653655325e-01
6.4685957563e-01
6.4713461746e-01
6.4737931505e-01
6.4756730720e-01
6.4769861331e-01
6.4777324716e-01
6.4779170080e-01
6.4775955305e-01
6.4767680087e-01
6.4754343643e-01
6.4736942420e-01
6.4714951072e-01
6.4688367796e-01
6.4657190465e-01
6.4622657496e-01
6.4583820911e-01
6.4540678080e-01
6.4493226210e-01
6.4442871239e-01
6.4388424159e-01
6.4329882181e-01
6.4267242535e-01
6.4201966592e-01
6.4132760640e-01
6.4059622424e-01
6.3982549906e-01
6.3902916894e-01
6.3819475916e-01
6.3732225981e-01
6.3641166531e-01
6.3547381898e-01
6.3449873075e-01
6.3348641149e-01
6.3243687875e-01
6.3135495397e-01
6.3023619539e-01
6.2908064448e-01
6.2788835220e-01
6.2665215570e-01
6.2537892662e-01
6.2406875091e-01
6.2272172760e-01
6.2130267460e-01
6.1984515290e-01
6.1834931810e-01
6.1681534441e-01
6.1510374944e-01
6.1334753905e-01
6.1154702173e-01
6.0970253858e-01
6.0787548748e-01
6.0600796064e-01
6.0410036419e-01
6.0215313899e-01
6.0036221349e-01
5.9853977776e-01
5.9668623486e-01
5.9480201472e-01
5.9298566513e-01
5.9114250655e-01
5.8927297797e-01
5.8737754292e-01
5.8551726867e-01
5.8363361172e-01
5.8172706238e-01
5.7979813460e-01
5.7787960418e-01
5.7594048040e-01
5.7398132169e-01
5.7200271018e-01
5.6999892210e-01
5.6797680474e-01
5.6593701949e-01
5.6388025289e-01
5.6169139465e-01
5.5948527446e-01
5.5726279255e-01
5.5502488112e-01
5.5297401150e-01
5.5091189381e-01
5.4883930175e-01
5.4675703094e-01
5.4472971676e-01
5.4269483732e-01
5.4065317610e-01
5.3860553538e-01
5.3657447892e-01
5.3453918508e-01
5.3250048380e-01
5.3045922193e-01
5.2838670545e-01
5.2631336085e-01
5.2424012315e-01
5.2216794359e-01
5.2017914076e-01
5.1819307700e-01
5.1621063487e-01
5.1423270867e-01
5.1227980574e-01
5.1033310591e-01
5.0839350773e-01
5.0646191872e-01
5.0453213393e-01
5.0261227446e-01
5.0070328114e-01
4.9880610114e-01
4.9688660361e-01
4.9498136595e-01
4.9309140458e-01
4.9121773924e-01
4.8927843813e-01
4.8735921385e-01
4.8546123480e-01
4.8358566866e-01
4.8149452494e-01
4.7943517199e-01
4.7740927966e-01
4.7541850787e-01
4.7358186469e-01
4.7177902175e-01
4.7001131965e-01
4.6828008394e-01
4.6671342147e-01
4.6518005319e-01
4.6368098376e-01
4.6221720193e-01
4.6083960168e-01
4.5949659427e-01
4.5818901888e-01
4.5691769704e-01
4.5570598971e-01
4.5453071751e-01
4.5339260233e-01
4.5229234637e-01
4.5123889934e-01
4.5022402954e-01
4.4924836081e-01
4.4831249511e-01
4.4741675085e-01
4.4656196995e-01
4.4574868533e-01
4.4497740554e-01
4.4424295327e-01
4.4355214157e-01
4.4290541279e-01
4.4230318200e-01
4.4173659541e-01
4.4121683776e-01
4.4074425628e-01
4.4031916720e-01
4.3993001322e-01
4.3959217914e-01
4.3930590743e-01
4.3907140375e-01
4.3888883673e-01
4.3875833776e-01
4.3868000076e-01
4.3865388216e-01
