0.0000000000e+00
5.9780043158e-03
1.1956008632e-02
1.7934012947e-02
2.3912017263e-02
2.9286414451e-02
3.4660811639e-02
4.0035208827e-02
4.5409606015e-02
5.0299117819e-02
5.5188629624e-02
6.0078141428e-02
6.4967653232e-02
6.9489530173e-02
7.4011407114e-02
7.8533284055e-02
8.3055160996e-02
8.7347730508e-02
9.1640300020e-02
9.5932869533e-02
1.0022543904e-01
1.0462628543e-01
1.0902713181e-01
1.1342797819e-01
1.1782882457e-01
1.2184433015e-01
1.2585983573e-01
1.2987534131e-01
1.3389084689e-01
1.3733349030e-01
1.4077613370e-01
1.4421877711e-01
1.4766142051e-01
1.5070087387e-01
1.5374032722e-01
1.5677978057e-01
1.5981923392e-01
1.6247588447e-01
1.6513253501e-01
1.6778918556e-01
1.7044583610e-01
1.7288555866e-01
1.7532528122e-01
1.7776500378e-01
1.8020472634e-01
1.8252553123e-01
1.8484633611e-01
1.8716714100e-01
1.8948794589e-01
1.9179753131e-01
1.9410711674e-01
1.9641670217e-01
1.9872628760e-01
2.0142281817e-01
2.0411934874e-01
2.0681587931e-01
2.0951240987e-01
2.1180284607e-01
2.1409328227e-01
2.1638371847e-01
2.1867415467e-01
2.2079687080e-01
2.2291958694e-01
2.2504230307e-01
2.2716501921e-01
2.2927816645e-01
2.3139131369e-01
2.3350446094e-01
2.3561760818e-01
2.3756300461e-01
2.3950840104e-01
2.4145379747e-01
2.4339919391e-01
2.4540339606e-01
2.4740759822e-01
2.4941180038e-01
2.5141600254e-01
2.5422444440e-01
2.5703288627e-01
2.5984132813e-01
2.6264977000e-01
2.6468262005e-01
2.6671547010e-01
2.6874832015e-01
2.7078117020e-01
2.7277014497e-01
2.7475911973e-01
2.7674809449e-01
2.7873706926e-01
2.8083495881e-01
2.8293284836e-01
2.8503073791e-01
2.8712862747e-01
2.8962162508e-01
2.9211462269e-01
2.9460762031e-01
2.9710061792e-01
2.9949669670e-01
3.0189277549e-01
3.0428885427e-01
3.0668493305e-01
3.0938300780e-01
3.1208108254e-01
3.1477915728e-01
3.1747723202e-01
3.2030796610e-01
3.2313870017e-01
3.2596943425e-01
3.2880016832e-01
3.3147753324e-01
3.3415489815e-01
3.3683226306e-01
3.3950962797e-01
3.4224466730e-01
3.4497970662e-01
3.4771474595e-01
3.5044978528e-01
3.5335070373e-01
3.5625162218e-01
3.5915254062e-01
3.6205345907e-01
3.6513588455e-01
3.6821831003e-01
3.7130073551e-01
3.7438316099e-01
3.7776305563e-01
3.8114295027e-01
3.8452284491e-01
3.8790273955e-01
3.9181789542e-01
3.9573305129e-01
3.9964820716e-01
4.0356336302e-01
4.0822853005e-01
4.1289369708e-01
4.1755886411e-01
4.2222403114e-01
4.2742322137e-01
4.3262241159e-01
4.3782160182e-01
4.4302079205e-01
4.4848458836e-01
4.5394838467e-01
4.5941218099e-01
4.6487597730e-01
4.7020416072e-01
4.7553234414e-01
4.8086052756e-01
4.8618871098e-01
4.9166866984e-01
4.9714862870e-01
5.0262858756e-01
5.0810854642e-01
5.1344452865e-01
5.1878051088e-01
5.2411649311e-01
5.2945247534e-01
5.3516518866e-01
5.4087790198e-01
5.4659061531e-01
5.5230332863e-01
5.5712000063e-01
5.6193667264e-01
5.6675334465e-01
5.7157001666e-01
5.7578678155e-01
5.8000354645e-01
5.8422031134e-01
5.8843707623e-01
5.9207979250e-01
5.9572250877e-01
5.9936522504e-01
6.0300794130e-01
6.0627902840e-01
6.0955011550e-01
6.1282120260e-01
6.1609228969e-01
6.1912782617e-01
6.2216336265e-01
6.2519889913e-01
6.2823443561e-01
6.3110642465e-01
6.3397841370e-01
6.3685040274e-01
6.3972239178e-01
6.4244579993e-01
6.4516920809e-01
6.4789261624e-01
6.5061602439e-01
6.5330066535e-01
6.5598530630e-01
6.5866994725e-01
6.6135458821e-01
6.6418425149e-01
6.6701391477e-01
6.6984357804e-01
6.7267324132e-01
6.7536787881e-01
6.7806251630e-01
6.8075715379e-01
6.8345179128e-01
6.8585237494e-01
6.8825295859e-01
6.9065354224e-01
6.9305412589e-01
6.9546537168e-01
6.9787661747e-01
7.0028786325e-01
7.0269910904e-01
7.0482894197e-01
7.0695877489e-01
7.0908860782e-01
7.1121844074e-01
7.1322113978e-01
7.1522383882e-01
7.1722653785e-01
7.1922923689e-01
7.2128916690e-01
7.2334909692e-01
7.2540902694e-01
7.2746895695e-01
7.3012029838e-01
7.3277163982e-01
7.3542298125e-01
7.3807432268e-01
7.4013360264e-01
7.4219288259e-01
7.4425216255e-01
7.4631144250e-01
7.4825078461e-01
7.5019012672e-01
7.5212946884e-01
7.5406881095e-01
7.5610020840e-01
7.5813160585e-01
7.6016300331e-01
7.6219440076e-01
7.6429399122e-01
7.6639358168e-01
7.6849317214e-01
7.7059276260e-01
7.7284786686e-01
7.7510297113e-01
7.7735807540e-01
7.7961317966e-01
7.8238290193e-01
7.8515262420e-01
7.8792234646e-01
7.9069206873e-01
7.9300534542e-01
7.9531862210e-01
7.9763189878e-01
7.9994517547e-01
8.0225549778e-01
8.0456582009e-01
8.0687614241e-01
8.0918646472e-01
8.1161200952e-01
8.1403755432e-01
8.1646309912e-01
8.1888864391e-01
8.2155596354e-01
8.2422328317e-01
8.2689060280e-01
8.2955792243e-01
8.3275330291e-01
8.3594868340e-01
8.3914406388e-01
8.4233944436e-01
8.4592950165e-01
8.4951955894e-01
8.5310961622e-01
8.5669967351e-01
8.6177577547e-01
8.6685187744e-01
8.7192797940e-01
8.7700408136e-01
8.8127200692e-01
8.8553993249e-01
8.8980785805e-01
8.9407578361e-01
8.9851817029e-01
9.0296055696e-01
9.0740294364e-01
9.1184533031e-01
9.1665122548e-01
9.2145712065e-01
9.2626301582e-01
9.3106891100e-01
9.3638833277e-01
9.4170775454e-01
9.4702717632e-01
9.5234659809e-01
9.5830327333e-01
9.6425994857e-01
9.7021662381e-01
9.7617329905e-01
9.8212997428e-01
9.8808664952e-01
9.9404332476e-01
1.0000000000e+00
