1.4814543270e-05
1.5977693612e-05
1.9643193210e-05
2.6385793038e-05
3.7271856502e-05
4.9799785213e-05
6.7111039937e-05
9.0873149807e-05
1.2338064063e-04
1.5813417847e-04
2.0278017694e-04
2.6011542091e-04
3.3373496890e-04
4.1146163647e-04
5.0730146730e-04
6.2547208556e-04
7.7117371327e-04
9.2404101867e-04
1.1071725802e-03
1.3265491670e-03
1.5893281531e-03
1.8650723153e-03
2.1885289887e-03
2.5679150247e-03
3.0128464032e-03
3.4841028832e-03
4.0287123309e-03
4.6579825348e-03
5.3849256402e-03
6.1840334665e-03
7.1007148353e-03
8.1519602763e-03
9.3571143932e-03
1.0811951274e-02
1.2489577531e-02
1.4422995436e-02
1.6649713033e-02
1.8631100912e-02
2.0842290039e-02
2.3308426003e-02
2.6057020591e-02
2.8655846931e-02
3.1503718125e-02
3.4622365852e-02
3.8034965797e-02
4.1232833249e-02
4.4684247058e-02
4.8406605112e-02
5.2418019400e-02
5.6354799501e-02
6.0563708083e-02
6.5059854396e-02
6.9858602678e-02
7.4800203005e-02
8.0053226066e-02
8.5631668211e-02
9.1549321972e-02
9.8597397533e-02
1.0610611240e-01
1.1409247112e-01
1.2257201535e-01
1.3051472602e-01
1.3886419470e-01
1.4762695722e-01
1.5680774603e-01
1.6564935948e-01
1.7484947532e-01
1.8440682442e-01
1.9431829731e-01
2.0401138767e-01
2.1401069538e-01
2.2430867123e-01
2.3489611653e-01
2.4556573819e-01
2.5649233258e-01
2.6766265790e-01
2.7906209091e-01
2.9260219003e-01
3.0640409509e-01
3.2043877196e-01
3.3467558998e-01
3.4770533800e-01
3.6085015745e-01
3.7408536154e-01
3.8738608491e-01
4.0027725658e-01
4.1318420053e-01
4.2608509580e-01
4.3895864157e-01
4.5277514694e-01
4.6651112246e-01
4.8014296086e-01
4.9364837352e-01
5.0823282709e-01
5.2261635292e-01
5.3677598036e-01
5.5069096945e-01
5.6544061139e-01
5.7986214870e-01
5.9393804467e-01
6.0765359847e-01
6.2278674789e-01
6.3742559534e-01
6.5156045328e-01
6.6518523644e-01
6.7737255297e-01
6.8911801690e-01
7.0042357981e-01
7.1129291776e-01
7.2206536326e-01
7.3238534857e-01
7.4226134268e-01
7.5170289889e-01
7.6137078557e-01
7.7056358182e-01
7.7929592768e-01
7.8758303464e-01
7.9618626395e-01
8.0429277534e-01
8.1192371933e-01
8.1910023452e-01
8.2698008689e-01
8.3429505737e-01
8.4107788019e-01
8.4736035201e-01
8.5431017560e-01
8.6062940025e-01
8.6636688341e-01
8.7156876563e-01
8.7682353354e-01
8.8151527466e-01
8.8569698119e-01
8.8941752956e-01
8.9288868730e-01
8.9594562559e-01
8.9863208545e-01
9.0098774017e-01
9.0301246050e-01
9.0478376532e-01
9.0632924434e-01
9.0767368453e-01
9.0888585059e-01
9.0992577507e-01
9.1081325846e-01
9.1156567872e-01
9.1223976508e-01
9.1279184536e-01
9.1323537671e-01
9.1358141633e-01
9.1386372359e-01
9.1404411432e-01
9.1412850789e-01
9.1411969250e-01
9.1403480682e-01
9.1387555571e-01
9.1363790526e-01
9.1331590150e-01
9.1292875461e-01
9.1245159374e-01
9.1187438724e-01
9.1118526924e-01
9.1040230843e-01
9.0948836912e-01
9.0842728704e-01
9.0720079914e-01
9.0574201552e-01
9.0406057727e-01
9.0212830544e-01
8.9991378213e-01
8.9756423909e-01
8.9490782753e-01
8.9191024086e-01
8.8853390780e-01
8.8515516624e-01
8.8140783683e-01
8.7725748175e-01
8.7266710120e-01
8.6825206022e-01
8.6344042602e-01
8.5820222613e-01
8.5250589264e-01
8.4731188670e-01
8.4174642044e-01
8.3578793294e-01
8.2941418507e-01
8.2328233927e-01
8.1677599133e-01
8.0987766639e-01
8.0256969456e-01
7.9531385859e-01
7.8766592209e-01
7.7961126424e-01
7.7113548977e-01
7.6280471860e-01
7.5408124162e-01
7.4495442531e-01
7.3541427223e-01
7.2545119644e-01
7.1505723563e-01
7.0422522754e-01
6.9294931586e-01
6.7991251859e-01
6.6632036328e-01
6.5217241208e-01
6.3747162882e-01
6.2526851754e-01
6.1271851173e-01
5.9982897296e-01
5.8660929033e-01
5.7226863076e-01
5.5758742629e-01
5.4258509930e-01
5.2728412864e-01
5.1470014741e-01
5.0195234715e-01
4.8905712778e-01
4.7603218978e-01
4.6336841074e-01
4.5061970153e-01
4.3780506018e-01
4.2494435156e-01
4.1101479653e-01
3.9708244462e-01
3.8317486171e-01
3.6932006289e-01
3.5583319497e-01
3.4245046765e-01
3.2919804599e-01
3.1610156869e-01
3.0417274073e-01
2.9241682032e-01
2.8085174384e-01
2.6949443704e-01
2.5771404602e-01
2.4620146552e-01
2.3497223076e-01
2.2404010758e-01
2.1291023020e-01
2.0213160084e-01
1.9171348983e-01
1.8166292727e-01
1.7073784200e-01
1.6029341990e-01
1.5033021537e-01
1.4084579673e-01
1.3211970402e-01
1.2383019667e-01
1.1596858828e-01
1.0852458576e-01
1.0163541066e-01
9.5122760355e-02
8.8973887579e-02
8.3175421811e-02
7.7367813929e-02
7.1925157159e-02
6.6830212445e-02
6.2065728898e-02
5.7004283282e-02
5.2326818803e-02
4.8008865481e-02
4.4026738434e-02
3.9564080142e-02
3.5533135409e-02
3.1896220040e-02
2.8618114297e-02
2.4932478201e-02
2.1708703528e-02
1.8892049251e-02
1.6433473432e-02
1.4331953603e-02
1.2495114480e-02
1.0890594823e-02
9.4897488100e-03
8.2095627520e-03
7.1006203382e-03
6.1403754395e-03
5.3091566013e-03
4.5145204142e-03
3.8382908617e-03
3.2629629058e-03
2.7735791496e-03
2.2976261837e-03
1.9031808683e-03
1.5763292689e-03
1.3055172741e-03
1.0397306126e-03
8.2802698385e-04
6.5940675596e-04
5.2510500057e-04
3.9270590635e-04
2.9373417882e-04
2.1974788884e-04
1.6444533284e-04
1.1190077473e-04
7.6375425367e-05
5.2436486623e-05
3.6441192727e-05
2.5987370766e-05
1.9485870427e-05
1.5941061325e-05
1.4814568134e-05
