0.0000000000e+00
4.0190222117e-03
8.0380444235e-03
1.2057066635e-02
1.6076088847e-02
1.9993900552e-02
2.3911712257e-02
2.7829523962e-02
3.1747335667e-02
3.5658433091e-02
3.9569530514e-02
4.3480627937e-02
4.7391725360e-02
5.1392255640e-02
5.5392785921e-02
5.9393316201e-02
6.3393846482e-02
6.7713727184e-02
7.2033607886e-02
7.6353488587e-02
8.0673369289e-02
8.4950803142e-02
8.9228236995e-02
9.3505670848e-02
9.7783104701e-02
1.0171978617e-01
1.0565646765e-01
1.0959314912e-01
1.1352983059e-01
1.1727601679e-01
1.2102220299e-01
1.2476838919e-01
1.2851457539e-01
1.3219331195e-01
1.3587204850e-01
1.3955078506e-01
1.4322952162e-01
1.4727343327e-01
1.5131734492e-01
1.5536125658e-01
1.5940516823e-01
1.6291283876e-01
1.6642050929e-01
1.6992817983e-01
1.7343585036e-01
1.7675429175e-01
1.8007273314e-01
1.8339117454e-01
1.8670961593e-01
1.8992146257e-01
1.9313330922e-01
1.9634515586e-01
1.9955700251e-01
2.0269277723e-01
2.0582855195e-01
2.0896432667e-01
2.1210010139e-01
2.1518173533e-01
2.1826336926e-01
2.2134500320e-01
2.2442663714e-01
2.2747097000e-01
2.3051530287e-01
2.3355963573e-01
2.3660396859e-01
2.3962662933e-01
2.4264929006e-01
2.4567195080e-01
2.4869461153e-01
2.5171221013e-01
2.5472980872e-01
2.5774740732e-01
2.6076500592e-01
2.6379987070e-01
2.6683473548e-01
2.6986960026e-01
2.7290446504e-01
2.7600545886e-01
2.7910645268e-01
2.8220744649e-01
2.8530844031e-01
2.8839677080e-01
2.9148510130e-01
2.9457343179e-01
2.9766176229e-01
3.0071771050e-01
3.0377365870e-01
3.0682960691e-01
3.0988555512e-01
3.1295512524e-01
3.1602469536e-01
3.1909426548e-01
3.2216383559e-01
3.2529087861e-01
3.2841792162e-01
3.3154496464e-01
3.3467200765e-01
3.3794025508e-01
3.4120850252e-01
3.4447674995e-01
3.4774499738e-01
3.5164864214e-01
3.5555228690e-01
3.5945593165e-01
3.6335957641e-01
3.6663586825e-01
3.6991216010e-01
3.7318845194e-01
3.7646474378e-01
3.7953812203e-01
3.8261150028e-01
3.8568487852e-01
3.8875825677e-01
3.9172173227e-01
3.9468520778e-01
3.9764868328e-01
4.0061215878e-01
4.0350627257e-01
4.0640038636e-01
4.0929450014e-01
4.1218861393e-01
4.1503833492e-01
4.1788805592e-01
4.2073777691e-01
4.2358749790e-01
4.2641136390e-01
4.2923522990e-01
4.3205909589e-01
4.3488296189e-01
4.3769723961e-01
4.4051151733e-01
4.4332579505e-01
4.4614007277e-01
4.4896133247e-01
4.5178259218e-01
4.5460385188e-01
4.5742511158e-01
4.6027318744e-01
4.6312126331e-01
4.6596933917e-01
4.6881741503e-01
4.7172430531e-01
4.7463119559e-01
4.7753808587e-01
4.8044497615e-01
4.8348333814e-01
4.8652170014e-01
4.8956006213e-01
4.9259842412e-01
4.9570134728e-01
4.9880427044e-01
5.0190719361e-01
5.0501011677e-01
5.0793722703e-01
5.1086433729e-01
5.1379144755e-01
5.1671855782e-01
5.1957757865e-01
5.2243659949e-01
5.2529562032e-01
5.2815464116e-01
5.3098064481e-01
5.3380664847e-01
5.3663265213e-01
5.3945865579e-01
5.4227294580e-01
5.4508723581e-01
5.4790152582e-01
5.5071581583e-01
5.5353530182e-01
5.5635478782e-01
5.5917427382e-01
5.6199375981e-01
5.6483473873e-01
5.6767571765e-01
5.7051669656e-01
5.7335767548e-01
5.7623832748e-01
5.7911897948e-01
5.8199963148e-01
5.8488028348e-01
5.8782485422e-01
5.9076942497e-01
5.9371399572e-01
5.9665856646e-01
5.9970659741e-01
6.0275462836e-01
6.0580265930e-01
6.0885069025e-01
6.1210387396e-01
6.1535705766e-01
6.1861024136e-01
6.2186342507e-01
6.2575054534e-01
6.2963766562e-01
6.3352478590e-01
6.3741190617e-01
6.4070665068e-01
6.4400139519e-01
6.4729613969e-01
6.5059088420e-01
6.5373328626e-01
6.5687568832e-01
6.6001809039e-01
6.6316049245e-01
6.6623795329e-01
6.6931541413e-01
6.7239287497e-01
6.7547033581e-01
6.7852740845e-01
6.8158448110e-01
6.8464155375e-01
6.8769862640e-01
6.9077859850e-01
6.9385857060e-01
6.9693854271e-01
7.0001851481e-01
7.0316069097e-01
7.0630286713e-01
7.0944504329e-01
7.1258721945e-01
7.1562994406e-01
7.1867266866e-01
7.2171539327e-01
7.2475811788e-01
7.2777761162e-01
7.3079710537e-01
7.3381659911e-01
7.3683609286e-01
7.3985683498e-01
7.4287757711e-01
7.4589831924e-01
7.4891906137e-01
7.5195855279e-01
7.5499804421e-01
7.5803753563e-01
7.6107702705e-01
7.6415139428e-01
7.6722576150e-01
7.7030012873e-01
7.7337449596e-01
7.7650101051e-01
7.7962752506e-01
7.8275403960e-01
7.8588055415e-01
7.8908065748e-01
7.9228076081e-01
7.9548086414e-01
7.9868096747e-01
8.0198630207e-01
8.0529163667e-01
8.0859697127e-01
8.1190230587e-01
8.1538645453e-01
8.1887060319e-01
8.2235475185e-01
8.2583890051e-01
8.2959151011e-01
8.3334411972e-01
8.3709672933e-01
8.4084933894e-01
8.4452984409e-01
8.4821034924e-01
8.5189085439e-01
8.5557135955e-01
8.5931465140e-01
8.6305794325e-01
8.6680123511e-01
8.7054452696e-01
8.7448742560e-01
8.7843032423e-01
8.8237322286e-01
8.8631612149e-01
8.9059900352e-01
8.9488188555e-01
8.9916476758e-01
9.0344764962e-01
9.0772716927e-01
9.1200668892e-01
9.1628620858e-01
9.2056572823e-01
9.2455789856e-01
9.2855006888e-01
9.3254223921e-01
9.3653440953e-01
9.4044551532e-01
9.4435662111e-01
9.4826772690e-01
9.5217883269e-01
9.5609826158e-01
9.6001769047e-01
9.6393711936e-01
9.6785654825e-01
9.7187448100e-01
9.7589241374e-01
9.7991034648e-01
9.8392827922e-01
9.8794620942e-01
9.9196413961e-01
9.9598206981e-01
1.0000000000e+00
