2.3756887308e-10
1.0696220323e-10
5.7243263695e-10
1.8144252273e-09
1.4503201488e-08
4.0706628653e-08
1.1015124890e-07
2.9708083015e-07
8.2912425617e-07
1.5886711787e-06
3.0290120423e-06
5.7746937354e-06
1.1048191782e-05
1.7529255466e-05
2.7787781255e-05
4.4049193631e-05
6.9872028989e-05
9.9223690904e-05
1.4087303109e-04
2.0000025934e-04
2.8398391815e-04
3.7439571613e-04
4.9354333318e-04
6.5057803346e-04
8.5756937926e-04
1.0793460825e-03
1.3583482547e-03
1.7093191055e-03
2.1507781299e-03
2.6266040676e-03
3.2072496332e-03
3.9156395653e-03
4.7796208551e-03
5.7711043517e-03
6.9664528845e-03
8.4068367211e-03
1.0141378813e-02
1.2016308577e-02
1.4231730405e-02
1.6847075367e-02
1.9931150449e-02
2.2919729732e-02
2.6341552111e-02
3.0254658771e-02
3.4723312464e-02
3.8693949001e-02
4.3093242631e-02
4.7961322270e-02
5.3340578450e-02
5.8689846205e-02
6.4528895144e-02
7.0892715387e-02
7.7816718485e-02
8.5635163728e-02
9.4134343911e-02
1.0335151635e-01
1.1332139250e-01
1.2340292060e-01
1.3419856898e-01
1.4572562342e-01
1.5799575640e-01
1.7041066947e-01
1.8350612962e-01
1.9727355821e-01
2.1169715775e-01
2.2529370709e-01
2.3938570617e-01
2.5394534201e-01
2.6893989286e-01
2.8848582198e-01
3.0858311762e-01
3.2913765292e-01
3.5004852508e-01
3.6750582683e-01
3.8507365586e-01
4.0269164590e-01
4.2030034794e-01
4.3907860585e-01
4.5771230115e-01
4.7613784951e-01
4.9429640723e-01
5.1361948255e-01
5.3250491534e-01
5.5089974613e-01
5.6875892402e-01
5.9015063660e-01
6.1060243979e-01
6.3007492715e-01
6.4854343694e-01
6.6457866953e-01
6.7976027319e-01
6.9409455454e-01
7.0759363359e-01
7.2108247512e-01
7.3366718086e-01
7.4537711180e-01
7.5624463248e-01
7.6750987384e-01
7.7780344933e-01
7.8717779058e-01
7.9568563333e-01
8.0549977029e-01
8.1405977428e-01
8.2147221808e-01
8.2783839234e-01
8.3400689638e-01
8.3904560238e-01
8.4307903734e-01
8.4622056461e-01
8.4879674092e-01
8.5051872801e-01
8.5149933243e-01
8.5183809950e-01
8.5161714877e-01
8.5090842533e-01
8.4978133736e-01
8.4829642470e-01
8.4633176039e-01
8.4406335048e-01
8.4154188703e-01
8.3881080707e-01
8.3549765435e-01
8.3200759940e-01
8.2837946112e-01
8.2464570309e-01
8.2013991800e-01
8.1556123291e-01
8.1093942631e-01
8.0629856852e-01
8.0056755053e-01
7.9486580985e-01
7.8921579880e-01
7.8363485191e-01
7.7643697507e-01
7.6940392773e-01
7.6255307105e-01
7.5589787867e-01
7.4773329817e-01
7.3992322829e-01
7.3248729242e-01
7.2544602274e-01
7.1857806554e-01
7.1218787015e-01
7.0630663053e-01
7.0096813175e-01
6.9635293444e-01
6.9231212012e-01
6.8887772250e-01
6.8607960173e-01
6.8392374532e-01
6.8246762821e-01
6.8172668054e-01
6.8170898390e-01
6.8260926205e-01
6.8449026319e-01
6.8732481413e-01
6.9107424991e-01
6.9489736064e-01
6.9930170361e-01
7.0425496175e-01
7.0972489565e-01
7.1533530911e-01
7.2135403739e-01
7.2775860859e-01
7.3452863472e-01
7.4028572674e-01
7.4626276500e-01
7.5245092824e-01
7.5884127577e-01
7.6410610797e-01
7.6948924271e-01
7.7498406859e-01
7.8058252660e-01
7.8532431034e-01
7.9012402663e-01
7.9497270176e-01
7.9985917777e-01
8.0407324912e-01
8.0829425306e-01
8.1250911328e-01
8.1670196635e-01
8.2035647467e-01
8.2396354729e-01
8.2750463420e-01
8.3095775820e-01
8.3397420415e-01
8.3687578231e-01
8.3963648092e-01
8.4222603962e-01
8.4446928857e-01
8.4649739987e-01
8.4827174068e-01
8.4974790896e-01
8.5107699847e-01
8.5176958390e-01
8.5169588683e-01
8.5070319941e-01
8.4938704686e-01
8.4747955916e-01
8.4490604811e-01
8.4158390435e-01
8.3803120910e-01
8.3378420609e-01
8.2877328824e-01
8.2292370231e-01
8.1747894997e-01
8.1137811212e-01
8.0457349728e-01
7.9701562828e-01
7.8954818613e-01
7.8139513368e-01
7.7251846109e-01
7.6288016294e-01
7.5322186708e-01
7.4284608182e-01
7.3172483098e-01
7.1983193066e-01
7.0689371246e-01
6.9310752652e-01
6.7845581888e-01
6.6292628637e-01
6.4795729834e-01
6.3225043441e-01
6.1581253136e-01
5.9865720384e-01
5.8180929115e-01
5.6436441238e-01
5.4635433257e-01
5.2781833946e-01
5.1156189645e-01
4.9498841633e-01
4.7813641236e-01
4.6104854908e-01
4.4376471247e-01
4.2634184054e-01
4.0883342795e-01
3.9129559367e-01
3.7283656474e-01
3.5447905815e-01
3.3629294945e-01
3.1834730504e-01
3.0228389774e-01
2.8652350328e-01
2.7111146611e-01
2.5608960203e-01
2.4020172813e-01
2.2486514362e-01
2.1011571610e-01
1.9598219517e-01
1.8079869949e-01
1.6644695348e-01
1.5293626404e-01
1.4026594669e-01
1.2879360355e-01
1.1808374988e-01
1.0811500975e-01
9.8861350768e-02
8.9983146483e-02
8.1806671085e-02
7.4293703678e-02
6.7404851753e-02
6.0001272034e-02
5.3351156896e-02
4.7390734255e-02
4.2058748928e-02
3.6102105469e-02
3.0954919404e-02
2.6516433876e-02
2.2695858826e-02
1.8795581849e-02
1.5552481828e-02
1.2859967127e-02
1.0627367638e-02
8.7064475017e-03
7.1297351378e-03
5.8365099679e-03
4.7764306406e-03
3.7670929108e-03
2.9703330197e-03
2.3416090508e-03
1.8456140273e-03
1.3583254872e-03
9.9962014790e-04
7.3555607927e-04
5.4114470341e-04
3.4730084844e-04
2.2299486205e-04
1.4317212143e-04
9.1853899385e-05
4.2283124576e-05
1.9630443544e-05
9.1103884339e-06
4.1783355975e-06
7.2710637038e-07
1.9812733881e-07
4.3212242222e-08
2.3047504314e-08
3.9659122691e-09
1.0881942675e-09
2.5611223997e-10
2.5697938067e-10
