0.0000000000e+00
4.9870177467e-03
9.9740354934e-03
1.4961053240e-02
1.9948070987e-02
2.4658656831e-02
2.9369242676e-02
3.4079828520e-02
3.8790414364e-02
4.3365278820e-02
4.7940143276e-02
5.2515007731e-02
5.7089872187e-02
6.1952795650e-02
6.6815719113e-02
7.1678642576e-02
7.6541566039e-02
8.0825702248e-02
8.5109838457e-02
8.9393974665e-02
9.3678110874e-02
9.7426472933e-02
1.0117483499e-01
1.0492319705e-01
1.0867155911e-01
1.1201642083e-01
1.1536128255e-01
1.1870614427e-01
1.2205100599e-01
1.2499095717e-01
1.2793090835e-01
1.3087085954e-01
1.3381081072e-01
1.3651527385e-01
1.3921973698e-01
1.4192420011e-01
1.4462866323e-01
1.4718985467e-01
1.4975104612e-01
1.5231223756e-01
1.5487342900e-01
1.5737197173e-01
1.5987051446e-01
1.6236905720e-01
1.6486759993e-01
1.6744222389e-01
1.7001684786e-01
1.7259147182e-01
1.7516609579e-01
1.7809756416e-01
1.8102903252e-01
1.8396050089e-01
1.8689196925e-01
1.8935367075e-01
1.9181537225e-01
1.9427707375e-01
1.9673877524e-01
1.9903781667e-01
2.0133685809e-01
2.0363589951e-01
2.0593494093e-01
2.0821334312e-01
2.1049174531e-01
2.1277014750e-01
2.1504854969e-01
2.1717508949e-01
2.1930162928e-01
2.2142816908e-01
2.2355470887e-01
2.2569458044e-01
2.2783445200e-01
2.2997432357e-01
2.3211419513e-01
2.3447475353e-01
2.3683531193e-01
2.3919587032e-01
2.4155642872e-01
2.4394711478e-01
2.4633780084e-01
2.4872848690e-01
2.5111917296e-01
2.5331192280e-01
2.5550467264e-01
2.5769742248e-01
2.5989017232e-01
2.6206090396e-01
2.6423163560e-01
2.6640236725e-01
2.6857309889e-01
2.7085357506e-01
2.7313405123e-01
2.7541452740e-01
2.7769500357e-01
2.8037443942e-01
2.8305387527e-01
2.8573331113e-01
2.8841274698e-01
2.9100364524e-01
2.9359454350e-01
2.9618544176e-01
2.9877634002e-01
3.0157160524e-01
3.0436687046e-01
3.0716213567e-01
3.0995740089e-01
3.1326635776e-01
3.1657531462e-01
3.1988427148e-01
3.2319322835e-01
3.2615126906e-01
3.2910930977e-01
3.3206735048e-01
3.3502539119e-01
3.3795015712e-01
3.4087492306e-01
3.4379968899e-01
3.4672445492e-01
3.4974041015e-01
3.5275636537e-01
3.5577232059e-01
3.5878827581e-01
3.6200800000e-01
3.6522772418e-01
3.6844744836e-01
3.7166717255e-01
3.7505650846e-01
3.7844584438e-01
3.8183518029e-01
3.8522451621e-01
3.8890964349e-01
3.9259477076e-01
3.9627989804e-01
3.9996502532e-01
4.0422445844e-01
4.0848389156e-01
4.1274332467e-01
4.1700275779e-01
4.2172919616e-01
4.2645563453e-01
4.3118207289e-01
4.3590851126e-01
4.4210084492e-01
4.4829317858e-01
4.5448551223e-01
4.6067784589e-01
4.6761692836e-01
4.7455601083e-01
4.8149509329e-01
4.8843417576e-01
4.9601617780e-01
5.0359817985e-01
5.1118018189e-01
5.1876218394e-01
5.2457818525e-01
5.3039418655e-01
5.3621018786e-01
5.4202618917e-01
5.4680639205e-01
5.5158659493e-01
5.5636679781e-01
5.6114700069e-01
5.6570912985e-01
5.7027125900e-01
5.7483338816e-01
5.7939551731e-01
5.8321352521e-01
5.8703153310e-01
5.9084954100e-01
5.9466754890e-01
5.9815920875e-01
6.0165086860e-01
6.0514252846e-01
6.0863418831e-01
6.1192404703e-01
6.1521390575e-01
6.1850376446e-01
6.2179362318e-01
6.2489556752e-01
6.2799751185e-01
6.3109945619e-01
6.3420140053e-01
6.3716793719e-01
6.4013447384e-01
6.4310101050e-01
6.4606754716e-01
6.4898054126e-01
6.5189353536e-01
6.5480652946e-01
6.5771952357e-01
6.6074167663e-01
6.6376382970e-01
6.6678598276e-01
6.6980813583e-01
6.7296427752e-01
6.7612041922e-01
6.7927656092e-01
6.8243270262e-01
6.8513002798e-01
6.8782735335e-01
6.9052467871e-01
6.9322200408e-01
6.9578955503e-01
6.9835710598e-01
7.0092465693e-01
7.0349220788e-01
7.0606849368e-01
7.0864477947e-01
7.1122106526e-01
7.1379735105e-01
7.1605951056e-01
7.1832167007e-01
7.2058382958e-01
7.2284598908e-01
7.2501263792e-01
7.2717928676e-01
7.2934593559e-01
7.3151258443e-01
7.3370471577e-01
7.3589684710e-01
7.3808897844e-01
7.4028110978e-01
7.4281301344e-01
7.4534491710e-01
7.4787682077e-01
7.5040872443e-01
7.5272020951e-01
7.5503169460e-01
7.5734317968e-01
7.5965466477e-01
7.6178598345e-01
7.6391730213e-01
7.6604862080e-01
7.6817993948e-01
7.7030459252e-01
7.7242924556e-01
7.7455389860e-01
7.7667855163e-01
7.7915448649e-01
7.8163042135e-01
7.8410635620e-01
7.8658229106e-01
7.8890652148e-01
7.9123075191e-01
7.9355498233e-01
7.9587921276e-01
7.9838641432e-01
8.0089361589e-01
8.0340081745e-01
8.0590801902e-01
8.0884038656e-01
8.1177275410e-01
8.1470512165e-01
8.1763748919e-01
8.2016071111e-01
8.2268393302e-01
8.2520715494e-01
8.2773037686e-01
8.3023673270e-01
8.3274308854e-01
8.3524944439e-01
8.3775580023e-01
8.4035335434e-01
8.4295090845e-01
8.4554846256e-01
8.4814601667e-01
8.5092912068e-01
8.5371222470e-01
8.5649532871e-01
8.5927843273e-01
8.6239116632e-01
8.6550389992e-01
8.6861663352e-01
8.7172936712e-01
8.7545111770e-01
8.7917286829e-01
8.8289461888e-01
8.8661636947e-01
8.9074695987e-01
8.9487755028e-01
8.9900814068e-01
9.0313873109e-01
9.0811565909e-01
9.1309258710e-01
9.1806951511e-01
9.2304644312e-01
9.2762095388e-01
9.3219546464e-01
9.3676997541e-01
9.4134448617e-01
9.4604611589e-01
9.5074774561e-01
9.5544937533e-01
9.6015100505e-01
9.6513212942e-01
9.7011325379e-01
9.7509437815e-01
9.8007550252e-01
9.8505662689e-01
9.9003775126e-01
9.9501887563e-01
1.0000000000e+00
