0.0000000000e+00
1.0545596739e-02
2.1091193478e-02
3.1636790217e-02
4.2182386956e-02
4.9667672270e-02
5.7152957584e-02
6.4638242899e-02
7.2123528213e-02
7.7843786331e-02
8.3564044449e-02
8.9284302566e-02
9.5004560684e-02
9.9644306265e-02
1.0428405185e-01
1.0892379743e-01
1.1356354301e-01
1.1753139077e-01
1.2149923853e-01
1.2546708629e-01
1.2943493405e-01
1.3328208952e-01
1.3712924499e-01
1.4097640046e-01
1.4482355593e-01
1.4799662831e-01
1.5116970068e-01
1.5434277305e-01
1.5751584543e-01
1.6006063373e-01
1.6260542203e-01
1.6515021034e-01
1.6769499864e-01
1.6983170734e-01
1.7196841604e-01
1.7410512474e-01
1.7624183344e-01
1.7827930464e-01
1.8031677583e-01
1.8235424703e-01
1.8439171823e-01
1.8647921898e-01
1.8856671972e-01
1.9065422047e-01
1.9274172121e-01
1.9460990363e-01
1.9647808606e-01
1.9834626848e-01
2.0021445090e-01
2.0193568721e-01
2.0365692352e-01
2.0537815983e-01
2.0709939614e-01
2.0922088933e-01
2.1134238253e-01
2.1346387572e-01
2.1558536892e-01
2.1736506965e-01
2.1914477038e-01
2.2092447112e-01
2.2270417185e-01
2.2500918519e-01
2.2731419854e-01
2.2961921188e-01
2.3192422523e-01
2.3424767737e-01
2.3657112950e-01
2.3889458164e-01
2.4121803378e-01
2.4357519292e-01
2.4593235205e-01
2.4828951118e-01
2.5064667032e-01
2.5312119678e-01
2.5559572324e-01
2.5807024970e-01
2.6054477616e-01
2.6336407042e-01
2.6618336468e-01
2.6900265894e-01
2.7182195320e-01
2.7556240242e-01
2.7930285164e-01
2.8304330085e-01
2.8678375007e-01
2.9170831206e-01
2.9663287404e-01
3.0155743603e-01
3.0648199802e-01
3.1114019157e-01
3.1579838513e-01
3.2045657868e-01
3.2511477224e-01
3.3016517789e-01
3.3521558354e-01
3.4026598920e-01
3.4531639485e-01
3.5024986934e-01
3.5518334383e-01
3.6011681832e-01
3.6505029281e-01
3.6900889743e-01
3.7296750206e-01
3.7692610668e-01
3.8088471131e-01
3.8404067567e-01
3.8719664003e-01
3.9035260439e-01
3.9350856875e-01
3.9633481459e-01
3.9916106042e-01
4.0198730625e-01
4.0481355209e-01
4.0741454643e-01
4.1001554078e-01
4.1261653512e-01
4.1521752946e-01
4.1798509525e-01
4.2075266104e-01
4.2352022682e-01
4.2628779261e-01
4.2858900320e-01
4.3089021379e-01
4.3319142439e-01
4.3549263498e-01
4.3753565343e-01
4.3957867188e-01
4.4162169033e-01
4.4366470878e-01
4.4567642485e-01
4.4768814092e-01
4.4969985699e-01
4.5171157306e-01
4.5374199571e-01
4.5577241837e-01
4.5780284102e-01
4.5983326367e-01
4.6180183087e-01
4.6377039807e-01
4.6573896527e-01
4.6770753247e-01
4.6988221499e-01
4.7205689751e-01
4.7423158002e-01
4.7640626254e-01
4.7871098744e-01
4.8101571233e-01
4.8332043723e-01
4.8562516212e-01
4.8779723460e-01
4.8996930707e-01
4.9214137955e-01
4.9431345203e-01
4.9650368007e-01
4.9869390810e-01
5.0088413614e-01
5.0307436418e-01
5.0530470778e-01
5.0753505137e-01
5.0976539496e-01
5.1199573856e-01
5.1419783922e-01
5.1639993987e-01
5.1860204053e-01
5.2080414119e-01
5.2290862551e-01
5.2501310982e-01
5.2711759413e-01
5.2922207844e-01
5.3119067146e-01
5.3315926447e-01
5.3512785749e-01
5.3709645050e-01
5.3919972266e-01
5.4130299482e-01
5.4340626698e-01
5.4550953914e-01
5.4750296276e-01
5.4949638639e-01
5.5148981001e-01
5.5348323364e-01
5.5575661412e-01
5.5802999460e-01
5.6030337508e-01
5.6257675556e-01
5.6586513918e-01
5.6915352280e-01
5.7244190642e-01
5.7573029004e-01
5.7835404167e-01
5.8097779329e-01
5.8360154492e-01
5.8622529654e-01
5.8908516033e-01
5.9194502412e-01
5.9480488791e-01
5.9766475170e-01
6.0113032060e-01
6.0459588950e-01
6.0806145840e-01
6.1152702729e-01
6.1621684210e-01
6.2090665690e-01
6.2559647170e-01
6.3028628650e-01
6.3532472195e-01
6.4036315740e-01
6.4540159284e-01
6.5044002829e-01
6.5515000701e-01
6.5985998573e-01
6.6456996445e-01
6.6927994316e-01
6.7530060740e-01
6.8132127164e-01
6.8734193588e-01
6.9336260012e-01
6.9753664098e-01
7.0171068184e-01
7.0588472270e-01
7.1005876356e-01
7.1313862227e-01
7.1621848097e-01
7.1929833968e-01
7.2237819838e-01
7.2501835174e-01
7.2765850510e-01
7.3029865846e-01
7.3293881181e-01
7.3534465513e-01
7.3775049844e-01
7.4015634176e-01
7.4256218507e-01
7.4494698053e-01
7.4733177599e-01
7.4971657144e-01
7.5210136690e-01
7.5431738797e-01
7.5653340903e-01
7.5874943010e-01
7.6096545117e-01
7.6308370619e-01
7.6520196121e-01
7.6732021624e-01
7.6943847126e-01
7.7126217011e-01
7.7308586896e-01
7.7490956782e-01
7.7673326667e-01
7.7904179326e-01
7.8135031985e-01
7.8365884645e-01
7.8596737304e-01
7.8768454868e-01
7.8940172431e-01
7.9111889995e-01
7.9283607559e-01
7.9473156571e-01
7.9662705584e-01
7.9852254596e-01
8.0041803608e-01
8.0284958922e-01
8.0528114235e-01
8.0771269548e-01
8.1014424861e-01
8.1218473682e-01
8.1422522503e-01
8.1626571323e-01
8.1830620144e-01
8.2061679411e-01
8.2292738678e-01
8.2523797946e-01
8.2754857213e-01
8.3060704924e-01
8.3366552634e-01
8.3672400345e-01
8.3978248056e-01
8.4370104338e-01
8.4761960620e-01
8.5153816901e-01
8.5545673183e-01
8.5949133078e-01
8.6352592972e-01
8.6756052867e-01
8.7159512761e-01
8.7653392921e-01
8.8147273080e-01
8.8641153240e-01
8.9135033400e-01
8.9808994852e-01
9.0482956304e-01
9.1156917756e-01
9.1830879208e-01
9.2852019307e-01
9.3873159406e-01
9.4894299505e-01
9.5915439604e-01
9.6936579703e-01
9.7957719802e-01
9.8978859901e-01
1.0000000000e+00
