2.5319848196e-01
2.5340134348e-01
2.5401025300e-01
2.5502618624e-01
2.5645077125e-01
2.5735408204e-01
2.5836895885e-01
2.5949584164e-01
2.6073521894e-01
2.6157740697e-01
2.6246495518e-01
2.6339801747e-01
2.6437675564e-01
2.6508728827e-01
2.6582023031e-01
2.6657564372e-01
2.6735359237e-01
2.6795329629e-01
2.6856580141e-01
2.6919113700e-01
2.6982933293e-01
2.7034978044e-01
2.7087851325e-01
2.7141554754e-01
2.7196089974e-01
2.7243196965e-01
2.7290909636e-01
2.7339229038e-01
2.7388156231e-01
2.7441218860e-01
2.7494980818e-01
2.7549443395e-01
2.7604607850e-01
2.7644007843e-01
2.7683759206e-01
2.7723862285e-01
2.7764317364e-01
2.7796241011e-01
2.7828380658e-01
2.7860736291e-01
2.7893307817e-01
2.7922515804e-01
2.7951894880e-01
2.7981444731e-01
2.8011164920e-01
2.8043575833e-01
2.8076185261e-01
2.8108991911e-01
2.8141994115e-01
2.8170041812e-01
2.8198226174e-01
2.8226545318e-01
2.8254997009e-01
2.8281305082e-01
2.8307720883e-01
2.8334241682e-01
2.8360864374e-01
2.8389760862e-01
2.8418767396e-01
2.8447878402e-01
2.8477087698e-01
2.8504760513e-01
2.8532508732e-01
2.8560325661e-01
2.8588204163e-01
2.8618855175e-01
2.8649560692e-01
2.8680309715e-01
2.8711090836e-01
2.8745357419e-01
2.8779632653e-01
2.8813899781e-01
2.8848141950e-01
2.8886301152e-01
2.8924385205e-01
2.8962371442e-01
2.9000237809e-01
2.9038582292e-01
2.9076759486e-01
2.9114748995e-01
2.9152531527e-01
2.9195579248e-01
2.9238305574e-01
2.9280687144e-01
2.9322702641e-01
2.9378993003e-01
2.9434534251e-01
2.9489290121e-01
2.9543230022e-01
2.9607199449e-01
2.9669908505e-01
2.9731330432e-01
2.9791446144e-01
2.9851896907e-01
2.9910945695e-01
2.9968590516e-01
3.0024833889e-01
3.0084352815e-01
3.0142237535e-01
3.0198503688e-01
3.0253169723e-01
3.0314957038e-01
3.0374630052e-01
3.0432226789e-01
3.0487786916e-01
3.0553573288e-01
3.0616400906e-01
3.0676347904e-01
3.0733492175e-01
3.0805249885e-01
3.0872368534e-01
3.0935020888e-01
3.0993374178e-01
3.1057256689e-01
3.1115571898e-01
3.1168566135e-01
3.1216474317e-01
3.1258832648e-01
3.1296696180e-01
3.1330261682e-01
3.1359720234e-01
3.1380401967e-01
3.1398683418e-01
3.1414659552e-01
3.1428426869e-01
3.1438171888e-01
3.1446544590e-01
3.1453604602e-01
3.1459414428e-01
3.1463758352e-01
3.1467131491e-01
3.1469593446e-01
3.1471207418e-01
3.1472012982e-01
3.1472182864e-01
3.1471779814e-01
3.1470869673e-01
3.1469672666e-01
3.1468172055e-01
3.1466421261e-01
3.1464474714e-01
3.1462519764e-01
3.1460486421e-01
3.1458419654e-01
3.1456363491e-01
3.1454213908e-01
3.1452176062e-01
3.1450296726e-01
3.1448618443e-01
3.1447385805e-01
3.1446343015e-01
3.1445506517e-01
3.1444889451e-01
3.1444501296e-01
3.1444348654e-01
3.1444433907e-01
3.1444755726e-01
3.1445540581e-01
3.1446712364e-01
3.1448238511e-01
3.1450076367e-01
3.1451747296e-01
3.1453555838e-01
3.1455468180e-01
3.1457448032e-01
3.1459731784e-01
3.1461994521e-01
3.1464175966e-01
3.1466214982e-01
3.1468524240e-01
3.1470370434e-01
3.1471629301e-01
3.1472181383e-01
3.1471977246e-01
3.1471022747e-01
3.1469242729e-01
3.1466566348e-01
3.1461953551e-01
3.1455771925e-01
3.1447913555e-01
3.1438277241e-01
3.1423068453e-01
3.1404548637e-01
3.1382531061e-01
3.1356833624e-01
3.1326423349e-01
3.1291744523e-01
3.1252595684e-01
3.1208769018e-01
3.1166129527e-01
3.1119541515e-01
3.1068844916e-01
3.1013872832e-01
3.0968128871e-01
3.0919617903e-01
3.0868252810e-01
3.0813943938e-01
3.0766731803e-01
3.0717389357e-01
3.0665862484e-01
3.0612096373e-01
3.0564265666e-01
3.0514719869e-01
3.0463424354e-01
3.0410344839e-01
3.0361821942e-01
3.0311850756e-01
3.0260409395e-01
3.0207477115e-01
3.0156167499e-01
3.0103499683e-01
3.0049460908e-01
2.9994040723e-01
2.9939377441e-01
2.9883422931e-01
2.9826176820e-01
2.9767642874e-01
2.9715624803e-01
2.9662645599e-01
2.9608718193e-01
2.9553859768e-01
2.9511958445e-01
2.9469553083e-01
2.9426656877e-01
2.9383285018e-01
2.9345266174e-01
2.9306914677e-01
2.9268244574e-01
2.9229271302e-01
2.9193351631e-01
2.9157206138e-01
2.9120849848e-01
2.9084298807e-01
2.9042416901e-01
2.9000330888e-01
2.8958069052e-01
2.8915661034e-01
2.8883110924e-01
2.8850507358e-01
2.8817864761e-01
2.8785197696e-01
2.8756435455e-01
2.8727675513e-01
2.8698927704e-01
2.8670201704e-01
2.8641649663e-01
2.8613137649e-01
2.8584674395e-01
2.8556268262e-01
2.8527944746e-01
2.8499693691e-01
2.8471522086e-01
2.8443436409e-01
2.8415429481e-01
2.8387519967e-01
2.8359712784e-01
2.8332012342e-01
2.8301692280e-01
2.8271510463e-01
2.8241470824e-01
2.8211576718e-01
2.8180837996e-01
2.8150260349e-01
2.8119845934e-01
2.8089596508e-01
2.8058278066e-01
2.8027141281e-01
2.7996187141e-01
2.7965416403e-01
2.7923773825e-01
2.7882473938e-01
2.7841517326e-01
2.7800904276e-01
2.7743134428e-01
2.7686074058e-01
2.7629722424e-01
2.7574078519e-01
2.7521760666e-01
2.7470082140e-01
2.7419041829e-01
2.7368638602e-01
2.7307159439e-01
2.7246651558e-01
2.7187112828e-01
2.7128541144e-01
2.7046100003e-01
2.6965643636e-01
2.6887166142e-01
2.6810661765e-01
2.6679883213e-01
2.6555256533e-01
2.6436752988e-01
2.6324345254e-01
2.6087823000e-01
2.5883409284e-01
2.5710852504e-01
2.5569940272e-01
2.5460423893e-01
2.5382294203e-01
2.5335454881e-01
2.5319848186e-01
