5.5638014184e-05
6.0843918218e-05
7.7393483911e-05
1.0837586972e-04
1.5963499868e-04
2.1810431378e-04
3.0008921465e-04
4.1445029919e-04
5.7357574105e-04
7.4614697099e-04
9.7091775765e-04
1.2635942765e-03
1.6446191128e-03
2.0564425927e-03
2.5711210383e-03
3.2142003761e-03
4.0174896888e-03
4.9283977304e-03
6.0443271216e-03
7.4107437754e-03
9.0828297697e-03
1.0969998721e-02
1.3242992326e-02
1.5977928189e-02
1.9264622975e-02
2.2411935349e-02
2.6057015267e-02
3.0272819692e-02
3.5140925874e-02
3.9491191157e-02
4.4349744601e-02
4.9767993658e-02
5.5800430881e-02
6.1855540468e-02
6.8508135360e-02
7.5803494316e-02
8.3787198960e-02
9.5230122180e-02
1.0799898155e-01
1.2217948285e-01
1.3784392323e-01
1.4984793899e-01
1.6263336268e-01
1.7620474141e-01
1.9055852549e-01
2.0448510387e-01
2.1905031637e-01
2.3423010130e-01
2.4999324018e-01
2.6768185230e-01
2.8595244588e-01
3.0473927872e-01
3.2396946983e-01
3.4272267824e-01
3.6173738636e-01
3.8093885014e-01
4.0025157074e-01
4.1995905846e-01
4.3962688974e-01
4.5918105766e-01
4.7855173776e-01
5.0038624734e-01
5.2180870257e-01
5.4274175144e-01
5.6311871764e-01
5.9097774483e-01
6.1748150647e-01
6.4254453891e-01
6.6611599380e-01
6.8399235545e-01
7.0088942979e-01
7.1681703675e-01
7.3179229479e-01
7.4726299515e-01
7.6163639655e-01
7.7495509793e-01
7.8726523087e-01
8.0060789862e-01
8.1268571324e-01
8.2358078567e-01
8.3337372083e-01
8.4508738829e-01
8.5508347660e-01
8.6353243654e-01
8.7058787578e-01
8.7723778228e-01
8.8236067966e-01
8.8610921318e-01
8.8860450124e-01
8.9001548831e-01
8.9007558797e-01
8.8882341014e-01
8.8625537626e-01
8.8305968566e-01
8.7886047718e-01
8.7358784658e-01
8.6715093296e-01
8.6129168358e-01
8.5460559747e-01
8.4702429182e-01
8.3847209488e-01
8.3066262127e-01
8.2209337564e-01
8.1271288182e-01
8.0246765517e-01
7.9246151575e-01
7.8166985029e-01
7.7005241175e-01
7.5756991172e-01
7.4479567865e-01
7.3116644513e-01
7.1665527281e-01
7.0123971238e-01
6.8452260164e-01
6.6683189407e-01
6.4816695989e-01
6.2853851088e-01
6.1093346223e-01
5.9265922345e-01
5.7374877492e-01
5.5424485680e-01
5.3655705409e-01
5.1849070931e-01
5.0009611494e-01
4.8143011633e-01
4.6278452801e-01
4.4400227824e-01
4.2515484266e-01
4.0631779761e-01
3.8697961413e-01
3.6782490613e-01
3.4894275692e-01
3.3042121040e-01
3.1349780240e-01
2.9703130374e-01
2.8108383216e-01
2.6571225393e-01
2.4967988650e-01
2.3444841383e-01
2.2006520994e-01
2.0656805178e-01
1.9139346236e-01
1.7760361626e-01
1.6521586012e-01
1.5423380706e-01
1.4591517329e-01
1.3862005441e-01
1.3233689647e-01
1.2705287083e-01
1.2240414327e-01
1.1891846786e-01
1.1658303027e-01
1.1538862979e-01
1.1529532248e-01
1.1617370400e-01
1.1802687623e-01
1.2086116633e-01
1.2476141958e-01
1.2969906013e-01
1.3568775031e-01
1.4274162250e-01
1.5076563909e-01
1.5985225826e-01
1.7000849436e-01
1.8123608039e-01
1.9265036200e-01
2.0497868776e-01
2.1820292882e-01
2.3229676069e-01
2.4609682475e-01
2.6057797003e-01
2.7569846627e-01
2.9141004141e-01
3.1098526811e-01
3.3122963045e-01
3.5202931221e-01
3.7326384364e-01
3.9157814136e-01
4.1003977800e-01
4.2857238537e-01
4.4710159741e-01
4.7050991244e-01
4.9366159785e-01
5.1643301006e-01
5.3871469219e-01
5.6078345764e-01
5.8216474948e-01
6.0279166083e-01
6.2261256068e-01
6.4220032655e-01
6.6086158007e-01
6.7858234107e-01
6.9535981337e-01
7.1176609586e-01
7.2718219677e-01
7.4163174813e-01
7.5514409676e-01
7.6937282435e-01
7.8249403327e-01
7.9456438682e-01
8.0564203481e-01
8.1855865946e-01
8.3004348980e-01
8.4021376030e-01
8.4917950243e-01
8.6136162760e-01
8.7104128713e-01
8.7852314651e-01
8.8404236177e-01
8.8705955601e-01
8.8906252979e-01
8.9007557927e-01
8.9009923501e-01
8.8916099146e-01
8.8723535172e-01
8.8425776262e-01
8.8014113516e-01
8.7593632111e-01
8.7085770022e-01
8.6482665333e-01
8.5775424971e-01
8.5127816568e-01
8.4401637463e-01
8.3590948052e-01
8.2689448818e-01
8.1814599860e-01
8.0859416770e-01
7.9819097891e-01
7.8688791024e-01
7.7576303460e-01
7.6381478467e-01
7.5100873001e-01
7.3731264862e-01
7.2195791013e-01
7.0556308149e-01
6.8810614061e-01
6.6957340495e-01
6.5272491618e-01
6.3507848186e-01
6.1664689888e-01
5.9745177683e-01
5.7841503581e-01
5.5874552140e-01
5.3848938997e-01
5.1770278580e-01
4.9961325377e-01
4.8123327877e-01
4.6261506049e-01
4.4381568375e-01
4.1884982278e-01
3.9382736465e-01
3.6890713623e-01
3.4425186727e-01
3.2613223401e-01
3.0831598598e-01
2.9086567816e-01
2.7383989525e-01
2.5583322788e-01
2.3845584946e-01
2.2176009153e-01
2.0578851010e-01
1.8878723037e-01
1.7276684280e-01
1.5774279361e-01
1.4371649269e-01
1.3105385583e-01
1.1929939761e-01
1.0842525936e-01
9.8397223448e-02
8.8621076703e-02
7.9705588546e-02
7.1597036096e-02
6.4240457393e-02
5.5785682577e-02
4.8371839636e-02
4.1889206409e-02
3.6234733811e-02
2.9661282302e-02
2.4244000606e-02
1.9791841197e-02
1.6140992624e-02
1.3145885841e-02
1.0699446245e-02
8.7035410244e-03
7.0767442902e-03
5.5681179155e-03
4.3795503072e-03
3.4436939574e-03
2.7071451257e-03
1.9926885349e-03
1.4666949113e-03
1.0795190317e-03
7.9457615928e-04
5.2352705419e-04
3.4576487378e-04
2.2944325343e-04
1.5383412697e-04
1.0566305693e-04
7.6342929174e-05
6.0602095089e-05
5.5638180675e-05
