2.5212797863e-01
2.5231293417e-01
2.5286807208e-01
2.5379420682e-01
2.5509269730e-01
2.5593772809e-01
2.5688946702e-01
2.5794831091e-01
2.5911470124e-01
2.5991274217e-01
2.6075462046e-01
2.6164047808e-01
2.6257046446e-01
2.6325902336e-01
2.6397005450e-01
2.6470361858e-01
2.6545977820e-01
2.6604858111e-01
2.6665045622e-01
2.6726543309e-01
2.6789354195e-01
2.6839946051e-01
2.6891362266e-01
2.6943604419e-01
2.6996674114e-01
2.7041522473e-01
2.7086947352e-01
2.7132949718e-01
2.7179530550e-01
2.7220599888e-01
2.7262110025e-01
2.7304061626e-01
2.7346455361e-01
2.7387433207e-01
2.7428817039e-01
2.7470607444e-01
2.7512805006e-01
2.7550304652e-01
2.7588120902e-01
2.7626254116e-01
2.7664704632e-01
2.7696807245e-01
2.7729128091e-01
2.7761667283e-01
2.7794424896e-01
2.7821123145e-01
2.7847964739e-01
2.7874949619e-01
2.7902077680e-01
2.7926858233e-01
2.7951756766e-01
2.7976773056e-01
2.8001906815e-01
2.8028995143e-01
2.8056217628e-01
2.8083573564e-01
2.8111062079e-01
2.8136001200e-01
2.8161046657e-01
2.8186197340e-01
2.8211451948e-01
2.8235415805e-01
2.8259469685e-01
2.8283611914e-01
2.8307840593e-01
2.8330372553e-01
2.8352975052e-01
2.8375645997e-01
2.8398383087e-01
2.8426051107e-01
2.8453807854e-01
2.8481647941e-01
2.8509565510e-01
2.8532945073e-01
2.8556370389e-01
2.8579837323e-01
2.8603341545e-01
2.8629602574e-01
2.8655897886e-01
2.8682220750e-01
2.8708564246e-01
2.8736885355e-01
2.8765213169e-01
2.8793538645e-01
2.8821852681e-01
2.8856717571e-01
2.8891534282e-01
2.8926286065e-01
2.8960956495e-01
2.8992379328e-01
2.9023710090e-01
2.9054937513e-01
2.9086050752e-01
2.9119636526e-01
2.9153063306e-01
2.9186319153e-01
2.9219392817e-01
2.9256652263e-01
2.9293649731e-01
2.9330372037e-01
2.9366807098e-01
2.9414123966e-01
2.9460906064e-01
2.9507134076e-01
2.9552791353e-01
2.9604467359e-01
2.9655355397e-01
2.9705441298e-01
2.9754714101e-01
2.9807528782e-01
2.9859359213e-01
2.9910201443e-01
2.9960054255e-01
3.0009806764e-01
3.0058537782e-01
3.0106252531e-01
3.0152957819e-01
3.0203207824e-01
3.0252257226e-01
3.0300119787e-01
3.0346810367e-01
3.0398880731e-01
3.0449458346e-01
3.0498568843e-01
3.0546238489e-01
3.0601172196e-01
3.0654145358e-01
3.0705203666e-01
3.0754392727e-01
3.0813465236e-01
3.0869761517e-01
3.0923368208e-01
3.0974370207e-01
3.1038371444e-01
3.1098092799e-01
3.1153717400e-01
3.1205421313e-01
3.1262925940e-01
3.1315232396e-01
3.1362609085e-01
3.1405308573e-01
3.1443254878e-01
3.1477051545e-01
3.1506896810e-01
3.1532972105e-01
3.1555294959e-01
3.1574205701e-01
3.1589828957e-01
3.1602270370e-01
3.1611772809e-01
3.1618123089e-01
3.1621368316e-01
3.1621532775e-01
3.1617503897e-01
3.1608760090e-01
3.1595203351e-01
3.1576684559e-01
3.1558443755e-01
3.1536873025e-01
3.1511836124e-01
3.1483179739e-01
3.1451947651e-01
3.1417023167e-01
3.1378226645e-01
3.1335365486e-01
3.1296336988e-01
3.1254208992e-01
3.1208849552e-01
3.1160120772e-01
3.1118865456e-01
3.1075313157e-01
3.1029386582e-01
3.0981006163e-01
3.0939007489e-01
3.0895220863e-01
3.0849597710e-01
3.0802088566e-01
3.0759961408e-01
3.0716388796e-01
3.0671338669e-01
3.0624778755e-01
3.0582695198e-01
3.0539404688e-01
3.0494885525e-01
3.0449116215e-01
3.0406898802e-01
3.0363639507e-01
3.0319323693e-01
3.0273937259e-01
3.0230747220e-01
3.0186609044e-01
3.0141513320e-01
3.0095451549e-01
3.0046404844e-01
2.9996293648e-01
2.9945112866e-01
2.9892859535e-01
2.9847960638e-01
2.9802299905e-01
2.9755880322e-01
2.9708706771e-01
2.9665709279e-01
2.9622116129e-01
2.9577935748e-01
2.9533178453e-01
2.9497515304e-01
2.9461508663e-01
2.9425166483e-01
2.9388497692e-01
2.9355872920e-01
2.9323009047e-01
2.9289914300e-01
2.9256597614e-01
2.9225736313e-01
2.9194703158e-01
2.9163506777e-01
2.9132156337e-01
2.9101000231e-01
2.9069712757e-01
2.9038304319e-01
2.9006785792e-01
2.8975924575e-01
2.8944980177e-01
2.8913963857e-01
2.8882887173e-01
2.8855347091e-01
2.8827777292e-01
2.8800186164e-01
2.8772582135e-01
2.8747950297e-01
2.8723320870e-01
2.8698699763e-01
2.8674092812e-01
2.8650288295e-01
2.8626507514e-01
2.8602755424e-01
2.8579036830e-01
2.8552189714e-01
2.8525398069e-01
2.8498668010e-01
2.8472005294e-01
2.8449283378e-01
2.8426617673e-01
2.8404011097e-01
2.8381466354e-01
2.8356913958e-01
2.8332441282e-01
2.8308051016e-01
2.8283745576e-01
2.8257208410e-01
2.8230778220e-01
2.8204457192e-01
2.8178247217e-01
2.8152053662e-01
2.8125975015e-01
2.8100012458e-01
2.8074166985e-01
2.8048025871e-01
2.8022007211e-01
2.7996111588e-01
2.7970339470e-01
2.7940377354e-01
2.7910584881e-01
2.7880962384e-01
2.7851510091e-01
2.7814088224e-01
2.7776945186e-01
2.7740081002e-01
2.7703495597e-01
2.7658565356e-01
2.7614062198e-01
2.7569985640e-01
2.7526335142e-01
2.7482021080e-01
2.7438153665e-01
2.7394732232e-01
2.7351756106e-01
2.7301694874e-01
2.7252249681e-01
2.7203419425e-01
2.7155203013e-01
2.7094294622e-01
2.7034390772e-01
2.6975489249e-01
2.6917587868e-01
2.6836094328e-01
2.6756657241e-01
2.6679270520e-01
2.6603928237e-01
2.6478029155e-01
2.6358239330e-01
2.6244531121e-01
2.6136878293e-01
2.5919416220e-01
2.5731428042e-01
2.5572699982e-01
2.5443051538e-01
2.5342229486e-01
2.5270295719e-01
2.5227168231e-01
2.5212797861e-01
