2.8787171611e-01
2.8787418567e-01
2.8788159418e-01
2.8789394102e-01
2.8791122500e-01
2.8792532924e-01
2.8794158055e-01
2.8795997786e-01
2.8798051977e-01
2.8799855065e-01
2.8801795970e-01
2.8803874542e-01
2.8806090592e-01
2.8808197141e-01
2.8810414125e-01
2.8812741304e-01
2.8815178389e-01
2.8817716190e-01
2.8820362408e-01
2.8823116567e-01
2.8825978102e-01
2.8829025984e-01
2.8832185434e-01
2.8835455463e-01
2.8838834916e-01
2.8841883529e-01
2.8845014016e-01
2.8848225207e-01
2.8851515779e-01
2.8854654203e-01
2.8857859019e-01
2.8861128746e-01
2.8864461757e-01
2.8868090665e-01
2.8871787391e-01
2.8875549333e-01
2.8879373666e-01
2.8883305708e-01
2.8887295150e-01
2.8891338341e-01
2.8895431393e-01
2.8899340678e-01
2.8903287144e-01
2.8907266970e-01
2.8911276177e-01
2.8916136593e-01
2.8921026171e-01
2.8925937225e-01
2.8930861870e-01
2.8935899250e-01
2.8940933692e-01
2.8945956395e-01
2.8950958513e-01
2.8956731926e-01
2.8962451825e-01
2.8968104572e-01
2.8973676754e-01
2.8978839533e-01
2.8983908512e-01
2.8988873321e-01
2.8993723930e-01
2.8998813384e-01
2.9003747336e-01
2.9008514742e-01
2.9013105123e-01
2.9018101346e-01
2.9022841820e-01
2.9027313873e-01
2.9031505826e-01
2.9036132425e-01
2.9040327497e-01
2.9044076576e-01
2.9047367114e-01
2.9050742309e-01
2.9053404978e-01
2.9055343459e-01
2.9056549981e-01
2.9057003388e-01
2.9056884235e-01
2.9056194586e-01
2.9054938819e-01
2.9053377477e-01
2.9051392185e-01
2.9048990382e-01
2.9046180951e-01
2.9043470560e-01
2.9040478463e-01
2.9037212754e-01
2.9033682345e-01
2.9030301822e-01
2.9026724133e-01
2.9022957398e-01
2.9019010277e-01
2.9015117456e-01
2.9011079581e-01
2.9006905303e-01
2.9002603680e-01
2.8997222990e-01
2.8991686164e-01
2.8986011598e-01
2.8980218357e-01
2.8975831407e-01
2.8971397665e-01
2.8966925562e-01
2.8962423607e-01
2.8958242208e-01
2.8954049372e-01
2.8949851841e-01
2.8945656305e-01
2.8941903403e-01
2.8938162103e-01
2.8934437005e-01
2.8930732603e-01
2.8926806703e-01
2.8922914520e-01
2.8919061015e-01
2.8915250939e-01
2.8911664835e-01
2.8908125998e-01
2.8904637942e-01
2.8901203975e-01
2.8897946681e-01
2.8894745150e-01
2.8891601788e-01
2.8888518819e-01
2.8885302153e-01
2.8882158664e-01
2.8879090406e-01
2.8876099235e-01
2.8872542524e-01
2.8869106685e-01
2.8865794061e-01
2.8862606672e-01
2.8859849777e-01
2.8857196551e-01
2.8854647922e-01
2.8852204686e-01
2.8849784372e-01
2.8847478643e-01
2.8845288044e-01
2.8843213033e-01
2.8840871958e-01
2.8838699044e-01
2.8836694731e-01
2.8834859373e-01
2.8832074758e-01
2.8829801415e-01
2.8828040066e-01
2.8826791175e-01
2.8826060736e-01
2.8825831108e-01
2.8826102336e-01
2.8826874366e-01
2.8827660641e-01
2.8828666133e-01
2.8829890737e-01
2.8831334313e-01
2.8832646231e-01
2.8834097951e-01
2.8835689323e-01
2.8837420156e-01
2.8839092261e-01
2.8840876331e-01
2.8842772122e-01
2.8844779343e-01
2.8846905078e-01
2.8849142242e-01
2.8851490341e-01
2.8853948791e-01
2.8856485333e-01
2.8859128137e-01
2.8861876296e-01
2.8864728752e-01
2.8867413061e-01
2.8870181610e-01
2.8873033202e-01
2.8875966484e-01
2.8878750539e-01
2.8881601822e-01
2.8884518851e-01
2.8887499994e-01
2.8890727868e-01
2.8894023429e-01
2.8897384129e-01
2.8900807197e-01
2.8904283229e-01
2.8907815216e-01
2.8911399732e-01
2.8915033129e-01
2.8918616726e-01
2.8922239301e-01
2.8925896914e-01
2.8929585459e-01
2.8934183191e-01
2.8938813342e-01
2.8943467277e-01
2.8948136120e-01
2.8952867650e-01
2.8957595613e-01
2.8962310367e-01
2.8967002227e-01
2.8972056114e-01
2.8977059343e-01
2.8981999754e-01
2.8986865383e-01
2.8991587840e-01
2.8996214840e-01
2.9000735688e-01
2.9005140045e-01
2.9009745378e-01
2.9014191866e-01
2.9018468136e-01
2.9022563402e-01
2.9027003496e-01
2.9031180362e-01
2.9035080872e-01
2.9038692936e-01
2.9042582365e-01
2.9046035306e-01
2.9049037237e-01
2.9051575576e-01
2.9054168524e-01
2.9055938729e-01
2.9056872583e-01
2.9056961620e-01
2.9056406519e-01
2.9055288147e-01
2.9053609386e-01
2.9051375368e-01
2.9049026150e-01
2.9046281041e-01
2.9043147314e-01
2.9039633531e-01
2.9036268928e-01
2.9032630501e-01
2.9028726401e-01
2.9024565576e-01
2.9020632124e-01
2.9016508392e-01
2.9012202440e-01
2.9007722851e-01
2.9003283878e-01
2.8998702755e-01
2.8993988300e-01
2.8989149734e-01
2.8983794997e-01
2.8978319267e-01
2.8972735596e-01
2.8967057450e-01
2.8962187079e-01
2.8957267473e-01
2.8952307316e-01
2.8947315376e-01
2.8942801052e-01
2.8938274567e-01
2.8933742350e-01
2.8929210788e-01
2.8925061290e-01
2.8920922461e-01
2.8916799017e-01
2.8912695571e-01
2.8908309553e-01
2.8903957288e-01
2.8899643996e-01
2.8895374673e-01
2.8891413780e-01
2.8887499509e-01
2.8883635391e-01
2.8879824747e-01
2.8876167452e-01
2.8872566527e-01
2.8869024463e-01
2.8865543567e-01
2.8861896334e-01
2.8858323630e-01
2.8854827590e-01
2.8851410144e-01
2.8847115201e-01
2.8842957510e-01
2.8838939882e-01
2.8835064706e-01
2.8831829997e-01
2.8828704444e-01
2.8825688998e-01
2.8822784472e-01
2.8819922795e-01
2.8817179035e-01
2.8814553722e-01
2.8812047298e-01
2.8809162804e-01
2.8806454858e-01
2.8803923891e-01
2.8801570245e-01
2.8798315003e-01
2.8795475630e-01
2.8793052623e-01
2.8791046322e-01
2.8789351247e-01
2.8788140372e-01
2.8787413807e-01
2.8787171613e-01
