0.0000000000e+00
1.7948758766e-02
3.5897517533e-02
5.3846276299e-02
7.1795035066e-02
8.1302911200e-02
9.0810787335e-02
1.0031866347e-01
1.0982653960e-01
1.1585745757e-01
1.2188837553e-01
1.2791929349e-01
1.3395021145e-01
1.3822491180e-01
1.4249961214e-01
1.4677431248e-01
1.5104901282e-01
1.5428294123e-01
1.5751686963e-01
1.6075079804e-01
1.6398472644e-01
1.6654668737e-01
1.6910864829e-01
1.7167060922e-01
1.7423257014e-01
1.7636943909e-01
1.7850630804e-01
1.8064317698e-01
1.8278004593e-01
1.8464914132e-01
1.8651823671e-01
1.8838733210e-01
1.9025642749e-01
1.9212260036e-01
1.9398877324e-01
1.9585494611e-01
1.9772111898e-01
1.9924010599e-01
2.0075909300e-01
2.0227808001e-01
2.0379706702e-01
2.0503813567e-01
2.0627920432e-01
2.0752027298e-01
2.0876134163e-01
2.0980204861e-01
2.1084275560e-01
2.1188346258e-01
2.1292416957e-01
2.1389502548e-01
2.1486588139e-01
2.1583673730e-01
2.1680759320e-01
2.1797051810e-01
2.1913344300e-01
2.2029636790e-01
2.2145929280e-01
2.2235661076e-01
2.2325392873e-01
2.2415124670e-01
2.2504856466e-01
2.2587820933e-01
2.2670785400e-01
2.2753749867e-01
2.2836714333e-01
2.2923436388e-01
2.3010158443e-01
2.3096880497e-01
2.3183602552e-01
2.3271504033e-01
2.3359405513e-01
2.3447306994e-01
2.3535208474e-01
2.3620002568e-01
2.3704796661e-01
2.3789590754e-01
2.3874384848e-01
2.3976202086e-01
2.4078019324e-01
2.4179836562e-01
2.4281653800e-01
2.4390385244e-01
2.4499116688e-01
2.4607848132e-01
2.4716579576e-01
2.4830401686e-01
2.4944223795e-01
2.5058045904e-01
2.5171868013e-01
2.5287196011e-01
2.5402524010e-01
2.5517852008e-01
2.5633180006e-01
2.5760483349e-01
2.5887786692e-01
2.6015090035e-01
2.6142393378e-01
2.6294778975e-01
2.6447164571e-01
2.6599550167e-01
2.6751935764e-01
2.6946657123e-01
2.7141378482e-01
2.7336099840e-01
2.7530821199e-01
2.7796015354e-01
2.8061209510e-01
2.8326403665e-01
2.8591597820e-01
2.8819618797e-01
2.9047639774e-01
2.9275660751e-01
2.9503681728e-01
2.9751274677e-01
2.9998867627e-01
3.0246460576e-01
3.0494053526e-01
3.0775961115e-01
3.1057868704e-01
3.1339776294e-01
3.1621683883e-01
3.1956247631e-01
3.2290811379e-01
3.2625375127e-01
3.2959938875e-01
3.3380059990e-01
3.3800181106e-01
3.4220302222e-01
3.4640423338e-01
3.5204005304e-01
3.5767587270e-01
3.6331169237e-01
3.6894751203e-01
3.7574967809e-01
3.8255184415e-01
3.8935401021e-01
3.9615617627e-01
4.0303153717e-01
4.0990689807e-01
4.1678225897e-01
4.2365761987e-01
4.2979599931e-01
4.3593437875e-01
4.4207275819e-01
4.4821113763e-01
4.5465522221e-01
4.6109930680e-01
4.6754339138e-01
4.7398747597e-01
4.8036086517e-01
4.8673425437e-01
4.9310764357e-01
4.9948103276e-01
5.0560618123e-01
5.1173132970e-01
5.1785647817e-01
5.2398162663e-01
5.3017722472e-01
5.3637282281e-01
5.4256842090e-01
5.4876401899e-01
5.5630604480e-01
5.6384807062e-01
5.7139009643e-01
5.7893212224e-01
5.8578528381e-01
5.9263844538e-01
5.9949160695e-01
6.0634476852e-01
6.1212803628e-01
6.1791130403e-01
6.2369457179e-01
6.2947783954e-01
6.3399980241e-01
6.3852176527e-01
6.4304372814e-01
6.4756569100e-01
6.5126618645e-01
6.5496668190e-01
6.5866717735e-01
6.6236767280e-01
6.6550923185e-01
6.6865079091e-01
6.7179234997e-01
6.7493390902e-01
6.7767428854e-01
6.8041466807e-01
6.8315504759e-01
6.8589542711e-01
6.8834897072e-01
6.9080251433e-01
6.9325605794e-01
6.9570960155e-01
6.9798845061e-01
7.0026729967e-01
7.0254614873e-01
7.0482499779e-01
7.0717399151e-01
7.0952298523e-01
7.1187197895e-01
7.1422097267e-01
7.1621306434e-01
7.1820515600e-01
7.2019724767e-01
7.2218933933e-01
7.2397525099e-01
7.2576116266e-01
7.2754707432e-01
7.2933298598e-01
7.3073162374e-01
7.3213026150e-01
7.3352889927e-01
7.3492753703e-01
7.3616504105e-01
7.3740254507e-01
7.3864004908e-01
7.3987755310e-01
7.4101873920e-01
7.4215992530e-01
7.4330111140e-01
7.4444229751e-01
7.4559143229e-01
7.4674056708e-01
7.4788970186e-01
7.4903883664e-01
7.5010425042e-01
7.5116966420e-01
7.5223507797e-01
7.5330049175e-01
7.5431795034e-01
7.5533540893e-01
7.5635286752e-01
7.5737032612e-01
7.5822179828e-01
7.5907327045e-01
7.5992474261e-01
7.6077621478e-01
7.6163928944e-01
7.6250236410e-01
7.6336543877e-01
7.6422851343e-01
7.6511009022e-01
7.6599166702e-01
7.6687324381e-01
7.6775482061e-01
7.6857694647e-01
7.6939907233e-01
7.7022119819e-01
7.7104332404e-01
7.7194460974e-01
7.7284589544e-01
7.7374718113e-01
7.7464846683e-01
7.7591319817e-01
7.7717792950e-01
7.7844266083e-01
7.7970739217e-01
7.8068322286e-01
7.8165905356e-01
7.8263488425e-01
7.8361071495e-01
7.8470080830e-01
7.8579090165e-01
7.8688099501e-01
7.8797108836e-01
7.8943243554e-01
7.9089378273e-01
7.9235512991e-01
7.9381647709e-01
7.9584539010e-01
7.9787430311e-01
7.9990321611e-01
8.0193212912e-01
8.0380449209e-01
8.0567685505e-01
8.0754921802e-01
8.0942158099e-01
8.1161155311e-01
8.1380152523e-01
8.1599149735e-01
8.1818146946e-01
8.2097965109e-01
8.2377783271e-01
8.2657601433e-01
8.2937419595e-01
8.3339377549e-01
8.3741335503e-01
8.4143293457e-01
8.4545251410e-01
8.5245758609e-01
8.5946265808e-01
8.6646773006e-01
8.7347280205e-01
8.8928770827e-01
9.0510261449e-01
9.2091752071e-01
9.3673242693e-01
9.5254932020e-01
9.6836621346e-01
9.8418310673e-01
1.0000000000e+00
