2.8308111945e-01
2.8308613273e-01
2.8310117276e-01
2.8312624008e-01
2.8316133556e-01
2.8319749244e-01
2.8324035817e-01
2.8328993375e-01
2.8334622035e-01
2.8339887037e-01
2.8345628900e-01
2.8351847721e-01
2.8358543604e-01
2.8364718090e-01
2.8371249423e-01
2.8378137686e-01
2.8385382964e-01
2.8392089345e-01
2.8399075195e-01
2.8406340583e-01
2.8413885579e-01
2.8420956539e-01
2.8428256726e-01
2.8435786194e-01
2.8443545003e-01
2.8450996004e-01
2.8458647016e-01
2.8466498087e-01
2.8474549266e-01
2.8482990547e-01
2.8491641239e-01
2.8500501386e-01
2.8509571033e-01
2.8517710213e-01
2.8526011072e-01
2.8534473625e-01
2.8543097880e-01
2.8550812639e-01
2.8558652341e-01
2.8566616970e-01
2.8574706497e-01
2.8581563870e-01
2.8588508439e-01
2.8595540161e-01
2.8602658984e-01
2.8609031037e-01
2.8615471186e-01
2.8621979365e-01
2.8628555495e-01
2.8634733599e-01
2.8640970333e-01
2.8647265598e-01
2.8653619276e-01
2.8659918590e-01
2.8666274022e-01
2.8672685406e-01
2.8679152557e-01
2.8687603129e-01
2.8696146191e-01
2.8704781129e-01
2.8713507230e-01
2.8720115721e-01
2.8726774707e-01
2.8733483750e-01
2.8740242367e-01
2.8746619013e-01
2.8753038224e-01
2.8759499474e-01
2.8766002190e-01
2.8772161279e-01
2.8778356007e-01
2.8784585768e-01
2.8790849916e-01
2.8797084169e-01
2.8803350719e-01
2.8809648802e-01
2.8815977604e-01
2.8823294604e-01
2.8830649716e-01
2.8838041458e-01
2.8845468263e-01
2.8852344938e-01
2.8859248646e-01
2.8866177960e-01
2.8873131396e-01
2.8879802773e-01
2.8886493403e-01
2.8893201842e-01
2.8899926600e-01
2.8907051004e-01
2.8914190080e-01
2.8921341928e-01
2.8928504610e-01
2.8936756309e-01
2.8945016664e-01
2.8953282557e-01
2.8961550831e-01
2.8969986442e-01
2.8978417790e-01
2.8986841439e-01
2.8995253944e-01
2.9006425776e-01
2.9017563668e-01
2.9028659575e-01
2.9039705537e-01
2.9048688461e-01
2.9057628582e-01
2.9066521752e-01
2.9075363901e-01
2.9084304540e-01
2.9093184112e-01
2.9101998608e-01
2.9110744119e-01
2.9120125860e-01
2.9129417694e-01
2.9138615103e-01
2.9147713721e-01
2.9157268575e-01
2.9166702287e-01
2.9176010199e-01
2.9185187852e-01
2.9195399173e-01
2.9205432775e-01
2.9215283101e-01
2.9224944893e-01
2.9236594879e-01
2.9247941769e-01
2.9258977442e-01
2.9269694370e-01
2.9281052116e-01
2.9292011160e-01
2.9302563795e-01
2.9312702980e-01
2.9325306846e-01
2.9337182370e-01
2.9348318244e-01
2.9358704531e-01
2.9366906243e-01
2.9374559658e-01
2.9381660645e-01
2.9388205551e-01
2.9394304878e-01
2.9399819381e-01
2.9404746468e-01
2.9409083906e-01
2.9413042830e-01
2.9416332580e-01
2.9418951621e-01
2.9420898760e-01
2.9422196912e-01
2.9422786808e-01
2.9422668174e-01
2.9421841067e-01
2.9420442277e-01
2.9418435842e-01
2.9415822575e-01
2.9412603555e-01
2.9408895711e-01
2.9404618448e-01
2.9399773573e-01
2.9394363199e-01
2.9388153600e-01
2.9381340851e-01
2.9373928567e-01
2.9365920876e-01
2.9357926645e-01
2.9349423665e-01
2.9340416712e-01
2.9330911111e-01
2.9321923380e-01
2.9312540342e-01
2.9302767248e-01
2.9292609848e-01
2.9283345841e-01
2.9273792966e-01
2.9263956254e-01
2.9253841123e-01
2.9245068661e-01
2.9236104775e-01
2.9226953462e-01
2.9217618960e-01
2.9209021584e-01
2.9200281487e-01
2.9191402343e-01
2.9182388002e-01
2.9173769622e-01
2.9165038202e-01
2.9156197426e-01
2.9147251127e-01
2.9138820628e-01
2.9130305257e-01
2.9121708477e-01
2.9113033867e-01
2.9104432823e-01
2.9095763722e-01
2.9087030279e-01
2.9078236306e-01
2.9068469742e-01
2.9058639644e-01
2.9048751507e-01
2.9038810940e-01
2.9030267332e-01
2.9021693147e-01
2.9013092058e-01
2.9004467773e-01
2.8996465338e-01
2.8988449198e-01
2.8980422334e-01
2.8972387732e-01
2.8964686573e-01
2.8956983654e-01
2.8949281565e-01
2.8941582873e-01
2.8934678862e-01
2.8927781445e-01
2.8920892408e-01
2.8914013508e-01
2.8907141015e-01
2.8900282097e-01
2.8893438410e-01
2.8886611566e-01
2.8878707099e-01
2.8870829839e-01
2.8862982075e-01
2.8855166002e-01
2.8848382610e-01
2.8841626203e-01
2.8834898049e-01
2.8828199356e-01
2.8821823805e-01
2.8815477185e-01
2.8809160400e-01
2.8802874304e-01
2.8795980007e-01
2.8789125010e-01
2.8782310259e-01
2.8775536633e-01
2.8768632878e-01
2.8761774053e-01
2.8754960906e-01
2.8748194124e-01
2.8740531282e-01
2.8732930449e-01
2.8725392385e-01
2.8717917768e-01
2.8711006371e-01
2.8704151093e-01
2.8697352326e-01
2.8690610418e-01
2.8684031478e-01
2.8677508167e-01
2.8671040718e-01
2.8664629337e-01
2.8657892940e-01
2.8651219967e-01
2.8644610582e-01
2.8638064928e-01
2.8630736499e-01
2.8623489954e-01
2.8616325421e-01
2.8609243009e-01
2.8600572268e-01
2.8592028151e-01
2.8583610764e-01
2.8575320189e-01
2.8565882665e-01
2.8556615179e-01
2.8547517772e-01
2.8538590467e-01
2.8529074633e-01
2.8519759994e-01
2.8510646533e-01
2.8501734221e-01
2.8492929016e-01
2.8484329300e-01
2.8475935030e-01
2.8467746158e-01
2.8459063586e-01
2.8450624391e-01
2.8442428507e-01
2.8434475870e-01
2.8425781001e-01
2.8417396637e-01
2.8409322692e-01
2.8401559078e-01
2.8392876151e-01
2.8384617128e-01
2.8376781888e-01
2.8369370314e-01
2.8360935798e-01
2.8353126268e-01
2.8345941552e-01
2.8339381492e-01
2.8332051659e-01
2.8325699649e-01
2.8320325242e-01
2.8315928252e-01
2.8312508529e-01
2.8310065954e-01
2.8308600443e-01
2.8308111944e-01
