2.8870253457e-01
2.8870374296e-01
2.8870736795e-01
2.8871340891e-01
2.8872186474e-01
2.8873043815e-01
2.8874057865e-01
2.8875228475e-01
2.8876555454e-01
2.8877860607e-01
2.8879287941e-01
2.8880837208e-01
2.8882508110e-01
2.8884256198e-01
2.8886119460e-01
2.8888097422e-01
2.8890189523e-01
2.8892533346e-01
2.8895003979e-01
2.8897600310e-01
2.8900321029e-01
2.8902751472e-01
2.8905271098e-01
2.8907878633e-01
2.8910572633e-01
2.8913157071e-01
2.8915813578e-01
2.8918540522e-01
2.8921336103e-01
2.8924376383e-01
2.8927489164e-01
2.8930671599e-01
2.8933920589e-01
2.8937268545e-01
2.8940677322e-01
2.8944142917e-01
2.8947661062e-01
2.8951060062e-01
2.8954498589e-01
2.8957972323e-01
2.8961476766e-01
2.8965803097e-01
2.8970159611e-01
2.8974537165e-01
2.8978926383e-01
2.8983406623e-01
2.8987878760e-01
2.8992332427e-01
2.8996757230e-01
2.9001617845e-01
2.9006416199e-01
2.9011138476e-01
2.9015771126e-01
2.9020176228e-01
2.9024472330e-01
2.9028648017e-01
2.9032692287e-01
2.9036986235e-01
2.9041094115e-01
2.9045003141e-01
2.9048701258e-01
2.9052699233e-01
2.9056383933e-01
2.9059740443e-01
2.9062755172e-01
2.9065908094e-01
2.9068531105e-01
2.9070607973e-01
2.9072125029e-01
2.9073188364e-01
2.9073421816e-01
2.9072815819e-01
2.9071365648e-01
2.9069537302e-01
2.9067138819e-01
2.9064174916e-01
2.9060652571e-01
2.9057226738e-01
2.9053411192e-01
2.9049214198e-01
2.9044645301e-01
2.9040268385e-01
2.9035613180e-01
2.9030689101e-01
2.9025506420e-01
2.9020689719e-01
2.9015685753e-01
2.9010503482e-01
2.9005152404e-01
2.8999763798e-01
2.8994233114e-01
2.8988570691e-01
2.8982787309e-01
2.8976914391e-01
2.8970943926e-01
2.8964887723e-01
2.8958757885e-01
2.8953262224e-01
2.8947727014e-01
2.8942161118e-01
2.8936573449e-01
2.8931588514e-01
2.8926599659e-01
2.8921613100e-01
2.8916634979e-01
2.8911950780e-01
2.8907284451e-01
2.8902640849e-01
2.8898024693e-01
2.8892840359e-01
2.8887703365e-01
2.8882619765e-01
2.8877595286e-01
2.8873169627e-01
2.8868798841e-01
2.8864486283e-01
2.8860235079e-01
2.8855941496e-01
2.8851718377e-01
2.8847568354e-01
2.8843493821e-01
2.8839164070e-01
2.8834928073e-01
2.8830788028e-01
2.8826745875e-01
2.8822638502e-01
2.8818641017e-01
2.8814754870e-01
2.8810981308e-01
2.8807337433e-01
2.8803807093e-01
2.8800391050e-01
2.8797089946e-01
2.8793584546e-01
2.8790220096e-01
2.8786997091e-01
2.8783915938e-01
2.8780163555e-01
2.8776646734e-01
2.8773365897e-01
2.8770321362e-01
2.8766844267e-01
2.8763738018e-01
2.8761002850e-01
2.8758638921e-01
2.8756577968e-01
2.8754917180e-01
2.8753656606e-01
2.8752796276e-01
2.8752346100e-01
2.8752267115e-01
2.8752559324e-01
2.8753222722e-01
2.8754288118e-01
2.8755743586e-01
2.8757589087e-01
2.8759824562e-01
2.8761948021e-01
2.8764333431e-01
2.8766980690e-01
2.8769889653e-01
2.8772310337e-01
2.8774886271e-01
2.8777617307e-01
2.8780503254e-01
2.8783171583e-01
2.8785959563e-01
2.8788866953e-01
2.8791893465e-01
2.8795007119e-01
2.8798236808e-01
2.8801582047e-01
2.8805042258e-01
2.8808630722e-01
2.8812333538e-01
2.8816149741e-01
2.8820078201e-01
2.8823712372e-01
2.8827435474e-01
2.8831246239e-01
2.8835143229e-01
2.8838820973e-01
2.8842569580e-01
2.8846387454e-01
2.8850272833e-01
2.8854516409e-01
2.8858832902e-01
2.8863219424e-01
2.8867672831e-01
2.8872092356e-01
2.8876569226e-01
2.8881099754e-01
2.8885680020e-01
2.8890233129e-01
2.8894826232e-01
2.8899454961e-01
2.8904114764e-01
2.8909614720e-01
2.8915143048e-01
2.8920691610e-01
2.8926252068e-01
2.8932243979e-01
2.8938229044e-01
2.8944196399e-01
2.8950135146e-01
2.8956393273e-01
2.8962594054e-01
2.8968724775e-01
2.8974772955e-01
2.8980742326e-01
2.8986604497e-01
2.8992347901e-01
2.8997961387e-01
2.9004023251e-01
2.9009898162e-01
2.9015572927e-01
2.9021035107e-01
2.9027056927e-01
2.9032763733e-01
2.9038140274e-01
2.9043172667e-01
2.9048694047e-01
2.9053692012e-01
2.9058150496e-01
2.9062055967e-01
2.9065891450e-01
2.9068949218e-01
2.9071220295e-01
2.9072699980e-01
2.9073337636e-01
2.9073396594e-01
2.9072881299e-01
2.9071798500e-01
2.9070431884e-01
2.9068665288e-01
2.9066507022e-01
2.9063966707e-01
2.9061397126e-01
2.9058542998e-01
2.9055413784e-01
2.9052019823e-01
2.9048792069e-01
2.9045372715e-01
2.9041770766e-01
2.9037995777e-01
2.9034156701e-01
2.9030172466e-01
2.9026053392e-01
2.9021810251e-01
2.9017392848e-01
2.9012871486e-01
2.9008258620e-01
2.9003567027e-01
2.8999443101e-01
2.8995278405e-01
2.8991081683e-01
2.8986861729e-01
2.8983038375e-01
2.8979209729e-01
2.8975382209e-01
2.8971562165e-01
2.8968012721e-01
2.8964480180e-01
2.8960969397e-01
2.8957485096e-01
2.8953060361e-01
2.8948696022e-01
2.8944400861e-01
2.8940183125e-01
2.8937035950e-01
2.8933941041e-01
2.8930901346e-01
2.8927919618e-01
2.8924641998e-01
2.8921444092e-01
2.8918328929e-01
2.8915299250e-01
2.8912264974e-01
2.8909326769e-01
2.8906486777e-01
2.8903746883e-01
2.8900936842e-01
2.8898244283e-01
2.8895670707e-01
2.8893217397e-01
2.8890961466e-01
2.8888819747e-01
2.8886792955e-01
2.8884881691e-01
2.8882877064e-01
2.8881018857e-01
2.8879307560e-01
2.8877743574e-01
2.8875989569e-01
2.8874468635e-01
2.8873181161e-01
2.8872127436e-01
2.8871307675e-01
2.8870722031e-01
2.8870370606e-01
2.8870253458e-01
