2.8388091613e-01
2.8388816184e-01
2.8390989933e-01
2.8394612972e-01
2.8399685485e-01
2.8404750375e-01
2.8410730982e-01
2.8417627499e-01
2.8425440148e-01
2.8432638324e-01
2.8440470947e-01
2.8448938188e-01
2.8458040232e-01
2.8466518892e-01
2.8475483137e-01
2.8484933110e-01
2.8494868958e-01
2.8506197871e-01
2.8518099007e-01
2.8530572541e-01
2.8543618621e-01
2.8553404605e-01
2.8563489770e-01
2.8573874104e-01
2.8584557557e-01
2.8593343292e-01
2.8602321334e-01
2.8611491557e-01
2.8620853783e-01
2.8629089685e-01
2.8637468277e-01
2.8645989302e-01
2.8654652436e-01
2.8663214862e-01
2.8671910900e-01
2.8680739991e-01
2.8689701451e-01
2.8699002607e-01
2.8708440296e-01
2.8718013241e-01
2.8727719919e-01
2.8736456009e-01
2.8745294801e-01
2.8754234594e-01
2.8763273442e-01
2.8771698218e-01
2.8780203465e-01
2.8788786999e-01
2.8797446401e-01
2.8808064378e-01
2.8818785078e-01
2.8829602627e-01
2.8840510567e-01
2.8849775065e-01
2.8859094311e-01
2.8868463481e-01
2.8877877481e-01
2.8888095903e-01
2.8898353384e-01
2.8908642581e-01
2.8918955903e-01
2.8930410702e-01
2.8941874657e-01
2.8953336675e-01
2.8964785535e-01
2.8978880082e-01
2.8992916175e-01
2.9006872775e-01
2.9020729157e-01
2.9033313780e-01
2.9045782170e-01
2.9058119627e-01
2.9070311966e-01
2.9083532416e-01
2.9096543696e-01
2.9109329396e-01
2.9121874014e-01
2.9136238557e-01
2.9150230722e-01
2.9163830410e-01
2.9177019193e-01
2.9193822392e-01
2.9209841036e-01
2.9225044846e-01
2.9239407810e-01
2.9256274272e-01
2.9271735537e-01
2.9285764573e-01
2.9298342389e-01
2.9311802158e-01
2.9323044535e-01
2.9332078733e-01
2.9338929755e-01
2.9342050852e-01
2.9344388581e-01
2.9345957769e-01
2.9346775825e-01
2.9346900014e-01
2.9346543997e-01
2.9345721724e-01
2.9344448571e-01
2.9342979396e-01
2.9341190738e-01
2.9339095762e-01
2.9336708586e-01
2.9334281019e-01
2.9331633687e-01
2.9328779551e-01
2.9325732256e-01
2.9322421445e-01
2.9318938681e-01
2.9315300789e-01
2.9311525228e-01
2.9308067905e-01
2.9304529042e-01
2.9300921900e-01
2.9297259949e-01
2.9293677985e-01
2.9290069856e-01
2.9286447945e-01
2.9282824565e-01
2.9279749232e-01
2.9276689032e-01
2.9273651194e-01
2.9270642768e-01
2.9266311915e-01
2.9262078925e-01
2.9257962951e-01
2.9253981739e-01
2.9251433215e-01
2.9248954946e-01
2.9246550934e-01
2.9244224874e-01
2.9241807430e-01
2.9239488488e-01
2.9237271549e-01
2.9235159745e-01
2.9232925364e-01
2.9230829466e-01
2.9228875026e-01
2.9227064606e-01
2.9225448588e-01
2.9223971756e-01
2.9222635548e-01
2.9221441174e-01
2.9220368024e-01
2.9219444978e-01
2.9218672753e-01
2.9218051917e-01
2.9217542908e-01
2.9217219319e-01
2.9217081412e-01
2.9217129293e-01
2.9217327546e-01
2.9217672170e-01
2.9218162947e-01
2.9218799554e-01
2.9219589191e-01
2.9220526259e-01
2.9221610040e-01
2.9222839650e-01
2.9224196857e-01
2.9225694168e-01
2.9227330114e-01
2.9229102958e-01
2.9230831777e-01
2.9232670305e-01
2.9234616528e-01
2.9236668159e-01
2.9238739104e-01
2.9240902654e-01
2.9243155944e-01
2.9245495805e-01
2.9248632731e-01
2.9251899329e-01
2.9255286437e-01
2.9258783979e-01
2.9261623610e-01
2.9264519752e-01
2.9267466256e-01
2.9270456676e-01
2.9274008008e-01
2.9277599150e-01
2.9281218452e-01
2.9284853933e-01
2.9288680545e-01
2.9292497071e-01
2.9296288954e-01
2.9300041606e-01
2.9304054487e-01
2.9307985572e-01
2.9311816746e-01
2.9315530288e-01
2.9319139963e-01
2.9322595213e-01
2.9325879517e-01
2.9328977023e-01
2.9332257870e-01
2.9335255576e-01
2.9337950152e-01
2.9340322860e-01
2.9342906934e-01
2.9344877106e-01
2.9346201043e-01
2.9346849725e-01
2.9346623978e-01
2.9345111256e-01
2.9342267820e-01
2.9338057987e-01
2.9332558268e-01
2.9325689905e-01
2.9317439190e-01
2.9307798635e-01
2.9297827849e-01
2.9286710881e-01
2.9274455614e-01
2.9261074530e-01
2.9249714101e-01
2.9237672044e-01
2.9224961334e-01
2.9211597224e-01
2.9200273110e-01
2.9188540186e-01
2.9176410321e-01
2.9163896599e-01
2.9152417880e-01
2.9140656002e-01
2.9128622895e-01
2.9116331363e-01
2.9104807325e-01
2.9093087473e-01
2.9081183762e-01
2.9069108773e-01
2.9056186603e-01
2.9043104404e-01
2.9029879103e-01
2.9016528252e-01
2.9005122792e-01
2.8993651397e-01
2.8982125579e-01
2.8970556995e-01
2.8959482864e-01
2.8948390722e-01
2.8937290794e-01
2.8926193225e-01
2.8916501414e-01
2.8906825628e-01
2.8897172289e-01
2.8887547647e-01
2.8876076111e-01
2.8864664276e-01
2.8853321569e-01
2.8842056856e-01
2.8832981058e-01
2.8823966156e-01
2.8815015984e-01
2.8806134097e-01
2.8796416203e-01
2.8786789454e-01
2.8777257474e-01
2.8767823504e-01
2.8757831333e-01
2.8747958013e-01
2.8738206259e-01
2.8728578415e-01
2.8719017986e-01
2.8709586784e-01
2.8700286286e-01
2.8691117733e-01
2.8681797043e-01
2.8672618871e-01
2.8663583994e-01
2.8654693049e-01
2.8644123432e-01
2.8633766202e-01
2.8623621912e-01
2.8613690975e-01
2.8601154983e-01
2.8588977350e-01
2.8577158369e-01
2.8565698212e-01
2.8553090115e-01
2.8540947071e-01
2.8529269041e-01
2.8518055941e-01
2.8506270298e-01
2.8495045754e-01
2.8484382129e-01
2.8474279239e-01
2.8462687772e-01
2.8451934061e-01
2.8442017799e-01
2.8432938701e-01
2.8422425550e-01
2.8413315198e-01
2.8405607198e-01
2.8399301170e-01
2.8394396804e-01
2.8390893859e-01
2.8388792161e-01
2.8388091606e-01
