1.7323077824e-03
1.7503385776e-03
1.8048023563e-03
1.8968257038e-03
2.0283128588e-03
2.1845973949e-03
2.3784943317e-03
2.6133155456e-03
2.8930667851e-03
3.1948281348e-03
3.5431515010e-03
3.9430519545e-03
4.4002724772e-03
4.8874624240e-03
5.4370390189e-03
6.0558843591e-03
6.7517157504e-03
7.5135080162e-03
8.3658413529e-03
9.3186819089e-03
1.0383097238e-02
1.1731946570e-02
1.3257721046e-02
1.4982327857e-02
1.6930221833e-02
1.8559339923e-02
2.0342902756e-02
2.2294632511e-02
2.4429320135e-02
2.6599841807e-02
2.8957269096e-02
3.1516337612e-02
3.4292707758e-02
3.6776048366e-02
3.9430769817e-02
4.2267319922e-02
4.5296579195e-02
4.8199479458e-02
5.1276431219e-02
5.4536213239e-02
5.7987826940e-02
6.1405544243e-02
6.5007601206e-02
6.8801806727e-02
7.2796038452e-02
7.6872010218e-02
8.1151143646e-02
8.5640622794e-02
9.0347542030e-02
9.5453138108e-02
1.0080638335e-01
1.0641448216e-01
1.1228428263e-01
1.1887369164e-01
1.2577837921e-01
1.3300479079e-01
1.4055845299e-01
1.4749028976e-01
1.5468212531e-01
1.6213551391e-01
1.6985117923e-01
1.7732799205e-01
1.8503462138e-01
1.9296941036e-01
2.0112990687e-01
2.0912143662e-01
2.1731181740e-01
2.2569679699e-01
2.3427141920e-01
2.4273364904e-01
2.5136202242e-01
2.6015022890e-01
2.6909138840e-01
2.7877742407e-01
2.8861901404e-01
2.9860591535e-01
3.0872732042e-01
3.2072572112e-01
3.3287386194e-01
3.4515218109e-01
3.5754059312e-01
3.6802145821e-01
3.7855336474e-01
3.8912402270e-01
3.9972117215e-01
4.1009916373e-01
4.2047960795e-01
4.3085145445e-01
4.4120388944e-01
4.5205007869e-01
4.6285135464e-01
4.7359630644e-01
4.8427399283e-01
4.9715401053e-01
5.0990140804e-01
5.2249967595e-01
5.3493354767e-01
5.4643594889e-01
5.5777079609e-01
5.6892852400e-01
5.7990053173e-01
5.9198304837e-01
6.0381261279e-01
6.1538118140e-01
6.2668204854e-01
6.3843773765e-01
6.4987744282e-01
6.6099750444e-01
6.7179560032e-01
6.8161610731e-01
6.9115322455e-01
7.0040774180e-01
7.0938116633e-01
7.1820697459e-01
7.2674809226e-01
7.3500793384e-01
7.4299039722e-01
7.5110477943e-01
7.5892159528e-01
7.6644671264e-01
7.7368631693e-01
7.8107010467e-01
7.8814706520e-01
7.9492536525e-01
8.0141330780e-01
8.0812630668e-01
8.1451886909e-01
8.2060169474e-01
8.2638541305e-01
8.3259253201e-01
8.3844394714e-01
8.4395437451e-01
8.4913814299e-01
8.5478517832e-01
8.6002866131e-01
8.6488883430e-01
8.6938496205e-01
8.7415890832e-01
8.7849603626e-01
8.8242103650e-01
8.8595670572e-01
8.8956938028e-01
8.9272321973e-01
8.9544372107e-01
8.9775318168e-01
8.9955029780e-01
9.0102095308e-01
9.0217589424e-01
9.0302361179e-01
9.0357657740e-01
9.0382326879e-01
9.0376557555e-01
9.0340305533e-01
9.0272627089e-01
9.0173165383e-01
9.0041151622e-01
8.9875570775e-01
8.9685993664e-01
8.9463676488e-01
8.9207113626e-01
8.8914586756e-01
8.8621039197e-01
8.8295673859e-01
8.7936819344e-01
8.7542662100e-01
8.7161019046e-01
8.6748460027e-01
8.6303428033e-01
8.5824279487e-01
8.5394298567e-01
8.4937973983e-01
8.4454199138e-01
8.3941830874e-01
8.3449221441e-01
8.2930996791e-01
8.2386226108e-01
8.1813962713e-01
8.1251483642e-01
8.0663185334e-01
8.0048265808e-01
7.9405922981e-01
7.8774417291e-01
7.8117157526e-01
7.7433491458e-01
7.6722781281e-01
7.6016007625e-01
7.5283323017e-01
7.4524228131e-01
7.3738252775e-01
7.2927872360e-01
7.2089974303e-01
7.1224211048e-01
7.0330285949e-01
6.9302702069e-01
6.8239751531e-01
6.7141309264e-01
6.6007373263e-01
6.4996125696e-01
6.3958498777e-01
6.2894761056e-01
6.1805278717e-01
6.0785093193e-01
5.9744140851e-01
5.8682946104e-01
5.7602118672e-01
5.6458021361e-01
5.5294336809e-01
5.4112065434e-01
5.2912319525e-01
5.1881600851e-01
5.0839995520e-01
4.9788374311e-01
4.8727665397e-01
4.7711613655e-01
4.6689127514e-01
4.5661140710e-01
4.4628626873e-01
4.3571277810e-01
4.2511377836e-01
4.1450070293e-01
4.0388526539e-01
3.9127229084e-01
3.7869330715e-01
3.6616893592e-01
3.5371986024e-01
3.4307990915e-01
3.3252401270e-01
3.2206494628e-01
3.1171519550e-01
3.0217879512e-01
2.9275735367e-01
2.8345996961e-01
2.7429532201e-01
2.6502674558e-01
2.5591531231e-01
2.4696879675e-01
2.3819435286e-01
2.2912562802e-01
2.2026275272e-01
2.1161173685e-01
2.0317774218e-01
1.9434852551e-01
1.8577993149e-01
1.7747514802e-01
1.6943629471e-01
1.5887020710e-01
1.4880369192e-01
1.3923348245e-01
1.3015347785e-01
1.2366106029e-01
1.1743502393e-01
1.1147030336e-01
1.0576129879e-01
1.0034393906e-01
9.5166019704e-02
9.0220936291e-02
8.5501835610e-02
8.0808542355e-02
7.6345698182e-02
7.2105025348e-02
6.8078196562e-02
6.3929300159e-02
6.0013109719e-02
5.6319072614e-02
5.2836803294e-02
4.9077973161e-02
4.5571057906e-02
4.2301436185e-02
3.9255013892e-02
3.5998712204e-02
3.3001884474e-02
3.0245741613e-02
2.7712555238e-02
2.4886175610e-02
2.2341434484e-02
2.0051977561e-02
1.7993618084e-02
1.6131968077e-02
1.4461628542e-02
1.2963844591e-02
1.1621591195e-02
1.0412489952e-02
9.3310343787e-03
8.3644112969e-03
7.5010806273e-03
6.6849908826e-03
5.9627764055e-03
5.3245078050e-03
4.7613669176e-03
4.2240284531e-03
3.7577886489e-03
3.3549003750e-03
3.0086492621e-03
2.6852698673e-03
2.4172898238e-03
2.1992237050e-03
2.0266014644e-03
1.8958855115e-03
1.8043915305e-03
1.7502369128e-03
1.7323077824e-03
