2.5784362492e-01
2.5796800211e-01
2.5834125364e-01
2.5896373961e-01
2.5983606060e-01
2.6044476070e-01
2.6113493530e-01
2.6190680029e-01
2.6276059715e-01
2.6337135430e-01
2.6401825713e-01
2.6470139443e-01
2.6542085995e-01
2.6596858164e-01
2.6653572148e-01
2.6712232086e-01
2.6772842261e-01
2.6821046534e-01
2.6870421517e-01
2.6920969365e-01
2.6972692284e-01
2.7014720253e-01
2.7057495890e-01
2.7101020377e-01
2.7145294919e-01
2.7182927138e-01
2.7221086323e-01
2.7259773212e-01
2.7298988555e-01
2.7333486880e-01
2.7368385128e-01
2.7403683806e-01
2.7439383427e-01
2.7472328294e-01
2.7505608210e-01
2.7539223572e-01
2.7573174774e-01
2.7610264130e-01
2.7647747100e-01
2.7685624168e-01
2.7723895798e-01
2.7752902364e-01
2.7782131957e-01
2.7811584730e-01
2.7841260812e-01
2.7865407433e-01
2.7889700001e-01
2.7914138528e-01
2.7938722994e-01
2.7960132130e-01
2.7981650628e-01
2.8003278401e-01
2.8025015329e-01
2.8045596702e-01
2.8066274673e-01
2.8087049027e-01
2.8107919499e-01
2.8135537629e-01
2.8163320820e-01
2.8191267910e-01
2.8219377454e-01
2.8239737476e-01
2.8260180182e-01
2.8280704662e-01
2.8301309873e-01
2.8320601689e-01
2.8339961638e-01
2.8359388511e-01
2.8378880962e-01
2.8397674006e-01
2.8416524790e-01
2.8435431728e-01
2.8454393092e-01
2.8479246307e-01
2.8504184676e-01
2.8529203217e-01
2.8554296515e-01
2.8573888015e-01
2.8593518394e-01
2.8613184572e-01
2.8632883333e-01
2.8653875567e-01
2.8674896713e-01
2.8695942449e-01
2.8717008324e-01
2.8740616033e-01
2.8764236743e-01
2.8787863808e-01
2.8811490501e-01
2.8839175916e-01
2.8866840554e-01
2.8894473498e-01
2.8922063912e-01
2.8948550298e-01
2.8974978098e-01
2.9001338165e-01
2.9027621585e-01
2.9054501473e-01
2.9081282510e-01
2.9107955991e-01
2.9134513562e-01
2.9163370065e-01
2.9192068957e-01
2.9220600878e-01
2.9248957009e-01
2.9281547947e-01
2.9313880332e-01
2.9345943131e-01
2.9377726213e-01
2.9422494952e-01
2.9466653726e-01
2.9510181871e-01
2.9553061688e-01
2.9597249397e-01
2.9640695659e-01
2.9683388900e-01
2.9725319969e-01
2.9767983187e-01
2.9809813983e-01
2.9850808703e-01
2.9890965414e-01
2.9931235381e-01
2.9970626341e-01
3.0009140473e-01
3.0046781019e-01
3.0086773110e-01
3.0125741021e-01
3.0163692008e-01
3.0200634055e-01
3.0241003688e-01
3.0280119829e-01
3.0317995922e-01
3.0354645810e-01
3.0395614884e-01
3.0434977356e-01
3.0472755451e-01
3.0508971275e-01
3.0550477561e-01
3.0589794222e-01
3.0626957490e-01
3.0662002408e-01
3.0703533117e-01
3.0741763017e-01
3.0776753723e-01
3.0808562524e-01
3.0847335109e-01
3.0880270512e-01
3.0907475594e-01
3.0929039567e-01
3.0947627512e-01
3.0958219308e-01
3.0960866367e-01
3.0955581573e-01
3.0946662136e-01
3.0933449058e-01
3.0915908051e-01
3.0893993826e-01
3.0873492873e-01
3.0850179739e-01
3.0824017457e-01
3.0794964912e-01
3.0768654936e-01
3.0740299523e-01
3.0709869010e-01
3.0677331958e-01
3.0647870240e-01
3.0616828307e-01
3.0584183820e-01
3.0549913700e-01
3.0518649061e-01
3.0486111292e-01
3.0452283956e-01
3.0417150415e-01
3.0384740178e-01
3.0351268262e-01
3.0316722830e-01
3.0281092161e-01
3.0247720207e-01
3.0213431813e-01
3.0178218799e-01
3.0142073348e-01
3.0107343083e-01
3.0071781651e-01
3.0035383977e-01
2.9998145620e-01
2.9958725875e-01
2.9918399015e-01
2.9877163134e-01
2.9835017715e-01
2.9797397757e-01
2.9759084200e-01
2.9720080161e-01
2.9680390145e-01
2.9643673325e-01
2.9606399004e-01
2.9568574311e-01
2.9530207821e-01
2.9498853322e-01
2.9467158596e-01
2.9435130565e-01
2.9402776984e-01
2.9374529674e-01
2.9346051268e-01
2.9317348449e-01
2.9288428458e-01
2.9261777987e-01
2.9234958598e-01
2.9207977150e-01
2.9180840931e-01
2.9155096676e-01
2.9129228302e-01
2.9103243002e-01
2.9077148306e-01
2.9041097533e-01
2.9004876205e-01
2.8968506802e-01
2.8932012753e-01
2.8908434396e-01
2.8884820956e-01
2.8861179165e-01
2.8837515819e-01
2.8813980022e-01
2.8790436415e-01
2.8766891706e-01
2.8743352559e-01
2.8723511129e-01
2.8703682236e-01
2.8683869704e-01
2.8664077279e-01
2.8643556411e-01
2.8623065113e-01
2.8602607217e-01
2.8582186406e-01
2.8561509712e-01
2.8540878330e-01
2.8520295585e-01
2.8499764607e-01
2.8480906797e-01
2.8462097522e-01
2.8443338786e-01
2.8424632453e-01
2.8404355629e-01
2.8384144821e-01
2.8364001882e-01
2.8343928493e-01
2.8322056452e-01
2.8300271172e-01
2.8278574216e-01
2.8256966954e-01
2.8234700366e-01
2.8212532276e-01
2.8190463670e-01
2.8168495388e-01
2.8147201346e-01
2.8126003654e-01
2.8104902780e-01
2.8083899112e-01
2.8060611769e-01
2.8037445855e-01
2.8014401652e-01
2.7991479379e-01
2.7960427763e-01
2.7929603323e-01
2.7899006223e-01
2.7868636531e-01
2.7829569420e-01
2.7790885018e-01
2.7752583070e-01
2.7714663240e-01
2.7679257962e-01
2.7644191718e-01
2.7609464134e-01
2.7575074825e-01
2.7537341267e-01
2.7500022520e-01
2.7463118042e-01
2.7426627287e-01
2.7383712383e-01
2.7341382484e-01
2.7299636692e-01
2.7258474120e-01
2.7206673113e-01
2.7155823019e-01
2.7105922061e-01
2.7056968497e-01
2.6989435964e-01
2.6923785315e-01
2.6860011974e-01
2.6798111494e-01
2.6699740560e-01
2.6606471954e-01
2.6518287850e-01
2.6435171398e-01
2.6282189847e-01
2.6149841778e-01
2.6038023285e-01
2.5946646580e-01
2.5875605457e-01
2.5824901644e-01
2.5794495288e-01
2.5784362491e-01
