0.0000000000e+00
1.8927631359e-02
3.7855262718e-02
5.6782894077e-02
7.5710525436e-02
8.6218594510e-02
9.6726663583e-02
1.0723473266e-01
1.1774280173e-01
1.2458829198e-01
1.3143378223e-01
1.3827927247e-01
1.4512476272e-01
1.5007775710e-01
1.5503075147e-01
1.5998374585e-01
1.6493674022e-01
1.6872022521e-01
1.7250371019e-01
1.7628719518e-01
1.8007068017e-01
1.8308257832e-01
1.8609447647e-01
1.8910637462e-01
1.9211827277e-01
1.9462986134e-01
1.9714144990e-01
1.9965303846e-01
2.0216462703e-01
2.0434163502e-01
2.0651864301e-01
2.0869565099e-01
2.1087265898e-01
2.1286053515e-01
2.1484841131e-01
2.1683628747e-01
2.1882416364e-01
2.2101996474e-01
2.2321576584e-01
2.2541156694e-01
2.2760736804e-01
2.2917475165e-01
2.3074213526e-01
2.3230951886e-01
2.3387690247e-01
2.3515900163e-01
2.3644110079e-01
2.3772319995e-01
2.3900529911e-01
2.4012318254e-01
2.4124106598e-01
2.4235894942e-01
2.4347683285e-01
2.4455216378e-01
2.4562749471e-01
2.4670282564e-01
2.4777815657e-01
2.4908530112e-01
2.5039244568e-01
2.5169959024e-01
2.5300673479e-01
2.5401762559e-01
2.5502851638e-01
2.5603940718e-01
2.5705029797e-01
2.5799549403e-01
2.5894069009e-01
2.5988588615e-01
2.6083108221e-01
2.6180393148e-01
2.6277678075e-01
2.6374963002e-01
2.6472247928e-01
2.6586468252e-01
2.6700688576e-01
2.6814908899e-01
2.6929129223e-01
2.7022947564e-01
2.7116765905e-01
2.7210584246e-01
2.7304402588e-01
2.7405294069e-01
2.7506185551e-01
2.7607077032e-01
2.7707968514e-01
2.7824539815e-01
2.7941111116e-01
2.8057682416e-01
2.8174253717e-01
2.8304237756e-01
2.8434221794e-01
2.8564205833e-01
2.8694189871e-01
2.8818836773e-01
2.8943483674e-01
2.9068130576e-01
2.9192777477e-01
2.9324128527e-01
2.9455479577e-01
2.9586830626e-01
2.9718181676e-01
2.9864855380e-01
3.0011529084e-01
3.0158202789e-01
3.0304876493e-01
3.0480016563e-01
3.0655156632e-01
3.0830296702e-01
3.1005436772e-01
3.1227757224e-01
3.1450077676e-01
3.1672398128e-01
3.1894718580e-01
3.2156921722e-01
3.2419124865e-01
3.2681328007e-01
3.2943531150e-01
3.3192511043e-01
3.3441490936e-01
3.3690470829e-01
3.3939450721e-01
3.4203253604e-01
3.4467056486e-01
3.4730859368e-01
3.4994662250e-01
3.5287230298e-01
3.5579798346e-01
3.5872366394e-01
3.6164934441e-01
3.6500021472e-01
3.6835108503e-01
3.7170195533e-01
3.7505282564e-01
3.7902326886e-01
3.8299371209e-01
3.8696415531e-01
3.9093459854e-01
3.9586750097e-01
4.0080040341e-01
4.0573330584e-01
4.1066620828e-01
4.1746495797e-01
4.2426370765e-01
4.3106245734e-01
4.3786120703e-01
4.4845848585e-01
4.5905576468e-01
4.6965304350e-01
4.8025032233e-01
4.9038430752e-01
5.0051829270e-01
5.1065227789e-01
5.2078626308e-01
5.2840832922e-01
5.3603039537e-01
5.4365246151e-01
5.5127452766e-01
5.5702566586e-01
5.6277680406e-01
5.6852794226e-01
5.7427908046e-01
5.7897251704e-01
5.8366595362e-01
5.8835939020e-01
5.9305282678e-01
5.9701279914e-01
6.0097277151e-01
6.0493274387e-01
6.0889271624e-01
6.1231687898e-01
6.1574104171e-01
6.1916520445e-01
6.2258936719e-01
6.2561401604e-01
6.2863866489e-01
6.3166331374e-01
6.3468796259e-01
6.3741715191e-01
6.4014634123e-01
6.4287553056e-01
6.4560471988e-01
6.4813499812e-01
6.5066527636e-01
6.5319555460e-01
6.5572583284e-01
6.5820603878e-01
6.6068624472e-01
6.6316645066e-01
6.6564665659e-01
6.6805590761e-01
6.7046515863e-01
6.7287440965e-01
6.7528366066e-01
6.7738953780e-01
6.7949541494e-01
6.8160129207e-01
6.8370716921e-01
6.8542860399e-01
6.8715003877e-01
6.8887147355e-01
6.9059290832e-01
6.9205638350e-01
6.9351985868e-01
6.9498333385e-01
6.9644680903e-01
6.9778783185e-01
6.9912885467e-01
7.0046987749e-01
7.0181090031e-01
7.0305117762e-01
7.0429145492e-01
7.0553173223e-01
7.0677200953e-01
7.0806482078e-01
7.0935763202e-01
7.1065044326e-01
7.1194325451e-01
7.1310672555e-01
7.1427019659e-01
7.1543366763e-01
7.1659713867e-01
7.1770637165e-01
7.1881560464e-01
7.1992483762e-01
7.2103407060e-01
7.2198812631e-01
7.2294218203e-01
7.2389623775e-01
7.2485029346e-01
7.2577855571e-01
7.2670681796e-01
7.2763508021e-01
7.2856334247e-01
7.2961896126e-01
7.3067458006e-01
7.3173019886e-01
7.3278581765e-01
7.3368858610e-01
7.3459135454e-01
7.3549412298e-01
7.3639689142e-01
7.3742199247e-01
7.3844709353e-01
7.3947219458e-01
7.4049729563e-01
7.4153608594e-01
7.4257487625e-01
7.4361366656e-01
7.4465245687e-01
7.4578872922e-01
7.4692500156e-01
7.4806127391e-01
7.4919754626e-01
7.5026368630e-01
7.5132982634e-01
7.5239596638e-01
7.5346210642e-01
7.5463684955e-01
7.5581159268e-01
7.5698633581e-01
7.5816107895e-01
7.5976529443e-01
7.6136950991e-01
7.6297372539e-01
7.6457794087e-01
7.6660607139e-01
7.6863420192e-01
7.7066233244e-01
7.7269046297e-01
7.7467633303e-01
7.7666220309e-01
7.7864807315e-01
7.8063394321e-01
7.8282510955e-01
7.8501627589e-01
7.8720744223e-01
7.8939860857e-01
7.9200690678e-01
7.9461520499e-01
7.9722350320e-01
7.9983180141e-01
8.0317668287e-01
8.0652156433e-01
8.0986644579e-01
8.1321132725e-01
8.1796454406e-01
8.2271776086e-01
8.2747097767e-01
8.3222419448e-01
8.4022549328e-01
8.4822679208e-01
8.5622809087e-01
8.6422938967e-01
8.8119825989e-01
8.9816713010e-01
9.1513600031e-01
9.3210487052e-01
9.4907865289e-01
9.6605243526e-01
9.8302621763e-01
1.0000000000e+00
