2.8392632995e-01
2.8393007283e-01
2.8394130158e-01
2.8396001649e-01
2.8398621806e-01
2.8401403398e-01
2.8404714059e-01
2.8408553848e-01
2.8412922838e-01
2.8417098618e-01
2.8421665042e-01
2.8426622171e-01
2.8431970075e-01
2.8436986495e-01
2.8442304117e-01
2.8447922998e-01
2.8453843197e-01
2.8459405075e-01
2.8465209070e-01
2.8471255230e-01
2.8477543605e-01
2.8483524377e-01
2.8489709002e-01
2.8496097521e-01
2.8502689978e-01
2.8509157323e-01
2.8515809673e-01
2.8522647065e-01
2.8529669534e-01
2.8538586479e-01
2.8547785119e-01
2.8557265507e-01
2.8567027684e-01
2.8573767726e-01
2.8580635844e-01
2.8587632034e-01
2.8594756287e-01
2.8601273989e-01
2.8607895270e-01
2.8614620103e-01
2.8621448445e-01
2.8627258857e-01
2.8633142097e-01
2.8639098117e-01
2.8645126860e-01
2.8650665442e-01
2.8656263898e-01
2.8661922158e-01
2.8667640140e-01
2.8673116252e-01
2.8678645866e-01
2.8684228879e-01
2.8689865167e-01
2.8695601626e-01
2.8701391943e-01
2.8707235940e-01
2.8713133413e-01
2.8720014376e-01
2.8726966036e-01
2.8733987935e-01
2.8741079554e-01
2.8747036379e-01
2.8753040742e-01
2.8759092222e-01
2.8765190356e-01
2.8770983075e-01
2.8776816361e-01
2.8782689706e-01
2.8788602559e-01
2.8794135666e-01
2.8799701899e-01
2.8805300704e-01
2.8810931485e-01
2.8816590129e-01
2.8822279402e-01
2.8827998585e-01
2.8833746919e-01
2.8840492694e-01
2.8847275730e-01
2.8854094586e-01
2.8860947736e-01
2.8867170289e-01
2.8873418296e-01
2.8879690457e-01
2.8885985414e-01
2.8892037398e-01
2.8898107738e-01
2.8904195110e-01
2.8910298151e-01
2.8916725609e-01
2.8923167151e-01
2.8929621071e-01
2.8936085624e-01
2.8943647580e-01
2.8951218735e-01
2.8958796157e-01
2.8966376870e-01
2.8973955232e-01
2.8981530844e-01
2.8989100655e-01
2.8996661602e-01
2.9007587316e-01
2.9018478720e-01
2.9029326570e-01
2.9040121711e-01
2.9048296643e-01
2.9056431887e-01
2.9064523583e-01
2.9072567935e-01
2.9080634725e-01
2.9088645750e-01
2.9096597344e-01
2.9104485930e-01
2.9112795257e-01
2.9121025443e-01
2.9129172545e-01
2.9137232745e-01
2.9145742408e-01
2.9154144361e-01
2.9162434427e-01
2.9170608594e-01
2.9179552711e-01
2.9188343867e-01
2.9196977252e-01
2.9205448292e-01
2.9215370378e-01
2.9225046522e-01
2.9234470135e-01
2.9243635050e-01
2.9253785555e-01
2.9263582658e-01
2.9273019006e-01
2.9282087838e-01
2.9292091638e-01
2.9301588747e-01
2.9310571321e-01
2.9319032308e-01
2.9326884940e-01
2.9334215191e-01
2.9341018165e-01
2.9347289508e-01
2.9352953862e-01
2.9358093383e-01
2.9362705214e-01
2.9366786873e-01
2.9370491630e-01
2.9373610222e-01
2.9376140948e-01
2.9378082456e-01
2.9379479553e-01
2.9380232613e-01
2.9380341213e-01
2.9379805292e-01
2.9378735797e-01
2.9377115440e-01
2.9374945012e-01
2.9372225584e-01
2.9369001017e-01
2.9365243511e-01
2.9360954997e-01
2.9356137738e-01
2.9350059105e-01
2.9343312612e-01
2.9335903332e-01
2.9327837090e-01
2.9320802736e-01
2.9313342892e-01
2.9305461987e-01
2.9297164904e-01
2.9288892167e-01
2.9280252871e-01
2.9271252548e-01
2.9261897223e-01
2.9253982473e-01
2.9245838265e-01
2.9237468729e-01
2.9228878272e-01
2.9221153317e-01
2.9213264867e-01
2.9205216482e-01
2.9197011910e-01
2.9189349551e-01
2.9181562210e-01
2.9173653232e-01
2.9165626113e-01
2.9157953090e-01
2.9150181473e-01
2.9142314566e-01
2.9134355799e-01
2.9126752075e-01
2.9119072559e-01
2.9111320450e-01
2.9103499046e-01
2.9095565620e-01
2.9087569067e-01
2.9079513025e-01
2.9071401221e-01
2.9061272097e-01
2.9051070563e-01
2.9040804229e-01
2.9030480861e-01
2.9022925614e-01
2.9015347361e-01
2.9007749220e-01
2.9000134330e-01
2.8992916135e-01
2.8985688440e-01
2.8978453916e-01
2.8971215230e-01
2.8964455544e-01
2.8957696691e-01
2.8950940801e-01
2.8944189979e-01
2.8937957369e-01
2.8931732484e-01
2.8925516915e-01
2.8919312228e-01
2.8912897214e-01
2.8906497195e-01
2.8900113798e-01
2.8893748605e-01
2.8886383640e-01
2.8879047603e-01
2.8871742720e-01
2.8864471123e-01
2.8858428830e-01
2.8852412270e-01
2.8846422520e-01
2.8840460606e-01
2.8834651872e-01
2.8828871622e-01
2.8823120681e-01
2.8817399826e-01
2.8811189780e-01
2.8805017360e-01
2.8798883403e-01
2.8792788685e-01
2.8786549634e-01
2.8780353753e-01
2.8774201716e-01
2.8768094139e-01
2.8761319945e-01
2.8754602736e-01
2.8747943158e-01
2.8741341795e-01
2.8735119679e-01
2.8728951062e-01
2.8722836305e-01
2.8716775730e-01
2.8710901247e-01
2.8705079099e-01
2.8699309499e-01
2.8693592638e-01
2.8687628803e-01
2.8681723824e-01
2.8675877854e-01
2.8670091022e-01
2.8663619530e-01
2.8657223928e-01
2.8650904339e-01
2.8644660865e-01
2.8636973276e-01
2.8629404590e-01
2.8621954916e-01
2.8614624339e-01
2.8606624209e-01
2.8598771067e-01
2.8591064959e-01
2.8583505916e-01
2.8574880293e-01
2.8566454528e-01
2.8558228617e-01
2.8550202544e-01
2.8542585969e-01
2.8535158487e-01
2.8527920067e-01
2.8520870674e-01
2.8513516213e-01
2.8506379336e-01
2.8499459998e-01
2.8492758152e-01
2.8485545028e-01
2.8478601941e-01
2.8471928829e-01
2.8465525631e-01
2.8458499137e-01
2.8451829068e-01
2.8445515342e-01
2.8439557881e-01
2.8432951312e-01
2.8426846078e-01
2.8421242070e-01
2.8416139191e-01
2.8410629345e-01
2.8405854433e-01
2.8401814331e-01
2.8398508936e-01
2.8395938162e-01
2.8394101942e-01
2.8393000230e-01
2.8392632995e-01
