2.7798839526e-01
2.7800372663e-01
2.7804972242e-01
2.7812638773e-01
2.7823373099e-01
2.7833510626e-01
2.7845398163e-01
2.7859036457e-01
2.7874426366e-01
2.7887662674e-01
2.7901968177e-01
2.7917343424e-01
2.7933789003e-01
2.7947763283e-01
2.7962427823e-01
2.7977782984e-01
2.7993829145e-01
2.8007850506e-01
2.8022360529e-01
2.8037359465e-01
2.8052847577e-01
2.8066646566e-01
2.8080812315e-01
2.8095345010e-01
2.8110244839e-01
2.8123802891e-01
2.8137651543e-01
2.8151790937e-01
2.8166221216e-01
2.8179748334e-01
2.8193521685e-01
2.8207541384e-01
2.8221807545e-01
2.8236473772e-01
2.8251391889e-01
2.8266562012e-01
2.8281984248e-01
2.8295586300e-01
2.8309378747e-01
2.8323361643e-01
2.8337535032e-01
2.8350861943e-01
2.8364353031e-01
2.8378008289e-01
2.8391827695e-01
2.8402662302e-01
2.8413595646e-01
2.8424627677e-01
2.8435758329e-01
2.8445700865e-01
2.8455720652e-01
2.8465817599e-01
2.8475991595e-01
2.8485685331e-01
2.8495447747e-01
2.8505278691e-01
2.8515177980e-01
2.8525583659e-01
2.8536063301e-01
2.8546616588e-01
2.8557243149e-01
2.8567697634e-01
2.8578221232e-01
2.8588813426e-01
2.8599473632e-01
2.8609188177e-01
2.8618957438e-01
2.8628780801e-01
2.8638657590e-01
2.8648089287e-01
2.8657567823e-01
2.8667092431e-01
2.8676662274e-01
2.8685928098e-01
2.8695234226e-01
2.8704579714e-01
2.8713963548e-01
2.8724655151e-01
2.8735393025e-01
2.8746175355e-01
2.8757000206e-01
2.8767151247e-01
2.8777335839e-01
2.8787552118e-01
2.8797798129e-01
2.8807702568e-01
2.8817630844e-01
2.8827580985e-01
2.8837550957e-01
2.8848389335e-01
2.8859245834e-01
2.8870117628e-01
2.8881001825e-01
2.8892767116e-01
2.8904539653e-01
2.8916315602e-01
2.8928091084e-01
2.8941188551e-01
2.8954275186e-01
2.8967345564e-01
2.8980394268e-01
2.8994274245e-01
2.9008116979e-01
2.9021916061e-01
2.9035665174e-01
2.9048910470e-01
2.9062097702e-01
2.9075221481e-01
2.9088276553e-01
2.9101885401e-01
2.9115407360e-01
2.9128836886e-01
2.9142168621e-01
2.9156416291e-01
2.9170538256e-01
2.9184528574e-01
2.9198381565e-01
2.9213814626e-01
2.9229059231e-01
2.9244108441e-01
2.9258955720e-01
2.9277336924e-01
2.9295377478e-01
2.9313066886e-01
2.9330395510e-01
2.9349014281e-01
2.9367175934e-01
2.9384870841e-01
2.9402090336e-01
2.9423606675e-01
2.9444302925e-01
2.9464166367e-01
2.9483186095e-01
2.9499217662e-01
2.9514583255e-01
2.9529278199e-01
2.9543298488e-01
2.9557069469e-01
2.9570113715e-01
2.9582428564e-01
2.9594011804e-01
2.9605593700e-01
2.9616334079e-01
2.9626231502e-01
2.9635284841e-01
2.9644200180e-01
2.9652108480e-01
2.9659009128e-01
2.9664901694e-01
2.9670391712e-01
2.9674569625e-01
2.9677435275e-01
2.9678988582e-01
2.9679259702e-01
2.9678429179e-01
2.9676497029e-01
2.9673463291e-01
2.9669716621e-01
2.9665045317e-01
2.9659449542e-01
2.9652929547e-01
2.9646041754e-01
2.9638356398e-01
2.9629874025e-01
2.9620595356e-01
2.9611080919e-01
2.9600855011e-01
2.9589918875e-01
2.9578274037e-01
2.9566061562e-01
2.9553159810e-01
2.9539571366e-01
2.9525299302e-01
2.9509806500e-01
2.9493589508e-01
2.9476653863e-01
2.9459006024e-01
2.9443723328e-01
2.9427953837e-01
2.9411703156e-01
2.9394977565e-01
2.9378813847e-01
2.9362242431e-01
2.9345270494e-01
2.9327905942e-01
2.9313814400e-01
2.9299484520e-01
2.9284921405e-01
2.9270130528e-01
2.9256757145e-01
2.9243211809e-01
2.9229499198e-01
2.9215624261e-01
2.9202435349e-01
2.9189112119e-01
2.9175659365e-01
2.9162082104e-01
2.9149397036e-01
2.9136613953e-01
2.9123737370e-01
2.9110771969e-01
2.9097773935e-01
2.9084697533e-01
2.9071547862e-01
2.9058330169e-01
2.9043880595e-01
2.9029364010e-01
2.9014787690e-01
2.9000159055e-01
2.8988185292e-01
2.8976185861e-01
2.8964164953e-01
2.8952126786e-01
2.8939936103e-01
2.8927736474e-01
2.8915532272e-01
2.8903327847e-01
2.8893020699e-01
2.8882719044e-01
2.8872425422e-01
2.8862142333e-01
2.8851949452e-01
2.8841771722e-01
2.8831611441e-01
2.8821470850e-01
2.8806323546e-01
2.8791232304e-01
2.8776203771e-01
2.8761244195e-01
2.8751591538e-01
2.8741971773e-01
2.8732386316e-01
2.8722836501e-01
2.8713262227e-01
2.8703726544e-01
2.8694230584e-01
2.8684775402e-01
2.8674704057e-01
2.8664681645e-01
2.8654709194e-01
2.8644787645e-01
2.8634023070e-01
2.8623321109e-01
2.8612682674e-01
2.8602108583e-01
2.8591018675e-01
2.8580002019e-01
2.8569059287e-01
2.8558191069e-01
2.8547990649e-01
2.8537857598e-01
2.8527792246e-01
2.8517794885e-01
2.8507258344e-01
2.8496798941e-01
2.8486416897e-01
2.8476112400e-01
2.8464383221e-01
2.8452756571e-01
2.8441232610e-01
2.8429811470e-01
2.8415168205e-01
2.8400697849e-01
2.8386400518e-01
2.8372276288e-01
2.8352502107e-01
2.8333077626e-01
2.8314002807e-01
2.8295277555e-01
2.8279940201e-01
2.8264845420e-01
2.8249993115e-01
2.8235383183e-01
2.8219832209e-01
2.8204565307e-01
2.8189582336e-01
2.8174883155e-01
2.8158473970e-01
2.8142433120e-01
2.8126760401e-01
2.8111455610e-01
2.8093716679e-01
2.8076498488e-01
2.8059800717e-01
2.8043623059e-01
2.8024039351e-01
2.8005275180e-01
2.7987330001e-01
2.7970203287e-01
2.7948404566e-01
2.7928091906e-01
2.7909264228e-01
2.7891920529e-01
2.7870095354e-01
2.7851184816e-01
2.7835186937e-01
2.7822100045e-01
2.7811922769e-01
2.7804654047e-01
2.7800293118e-01
2.7798839525e-01
