2.7437647139e-09
4.3071289675e-09
1.5935054358e-08
5.7526028284e-08
2.6669433292e-07
6.2246002621e-07
1.4279367546e-06
3.2735228226e-06
7.6015513941e-06
1.3295760935e-05
2.3201448694e-05
4.0485628548e-05
7.0764043417e-05
1.0583455346e-04
1.5821412194e-04
2.3650938687e-04
3.5365209340e-04
4.8255317033e-04
6.5832439586e-04
8.9805103722e-04
1.2250556762e-03
1.5817029915e-03
2.0418410416e-03
2.6354131290e-03
3.4009398728e-03
4.2712220156e-03
5.3626484735e-03
6.7306947593e-03
8.4442916735e-03
1.0413084110e-02
1.2833577963e-02
1.5805822729e-02
1.9450071047e-02
2.2844295181e-02
2.6810989274e-02
3.1439243538e-02
3.6829138517e-02
4.1742905525e-02
4.7272165074e-02
5.3482593795e-02
6.0443617121e-02
6.7732683196e-02
7.5810178463e-02
8.4738273175e-02
9.4578194639e-02
1.0591133404e-01
1.1836844710e-01
1.3200276949e-01
1.4685589709e-01
1.6073753521e-01
1.7556176827e-01
1.9132308117e-01
2.0800288290e-01
2.2458312537e-01
2.4191547239e-01
2.5994901271e-01
2.7862187717e-01
3.0054598092e-01
3.2308398360e-01
3.4610494486e-01
3.6947018953e-01
3.9082345605e-01
4.1223596662e-01
4.3360399437e-01
4.5482817007e-01
4.8024611069e-01
5.0516372552e-01
5.2944791465e-01
5.5298524305e-01
5.8420578439e-01
6.1362849095e-01
6.4113273330e-01
6.6665573666e-01
6.8574479562e-01
7.0355308179e-01
7.2010532204e-01
7.3543681393e-01
7.5157534468e-01
7.6624035777e-01
7.7951332106e-01
7.9147952322e-01
8.0469198585e-01
8.1617725742e-01
8.2609685669e-01
8.3460479556e-01
8.4338205808e-01
8.5047564881e-01
8.5611181934e-01
8.6049239502e-01
8.6413513136e-01
8.6663913146e-01
8.6819358009e-01
8.6896006751e-01
8.6906671385e-01
8.6859007452e-01
8.6764225881e-01
8.6631661965e-01
8.6441882986e-01
8.6221711846e-01
8.5978807057e-01
8.5719143748e-01
8.5409186894e-01
8.5088196993e-01
8.4759251762e-01
8.4423876143e-01
8.4083144025e-01
8.3734864591e-01
8.3376424634e-01
8.3003781962e-01
8.2625399105e-01
8.2222091507e-01
8.1785674340e-01
8.1306080993e-01
8.0848485506e-01
8.0340517944e-01
7.9771473694e-01
7.9129063786e-01
7.8528775541e-01
7.7859107423e-01
7.7110242600e-01
7.6271557833e-01
7.5520664009e-01
7.4697458516e-01
7.3795485179e-01
7.2808217207e-01
7.1761704404e-01
7.0622929507e-01
6.9386597799e-01
6.8048065594e-01
6.6628041836e-01
6.5103132627e-01
6.3472512698e-01
6.1737260614e-01
6.0220126997e-01
5.8636506257e-01
5.6991148278e-01
5.5290357523e-01
5.3621350155e-01
5.1917415782e-01
5.0188385047e-01
4.8445467488e-01
4.6692873345e-01
4.4952710318e-01
4.3239705961e-01
4.1569222751e-01
3.9952264932e-01
3.8409710189e-01
3.6956983374e-01
3.5608802786e-01
3.4009682010e-01
3.2645538549e-01
3.1540084960e-01
3.0712144244e-01
3.0101088748e-01
2.9929913538e-01
3.0202650143e-01
3.0912870186e-01
3.1576054181e-01
3.2399213852e-01
3.3374274646e-01
3.4491506578e-01
3.5793586035e-01
3.7223033887e-01
3.8763943456e-01
4.0399270501e-01
4.1936082131e-01
4.3521631385e-01
4.5142759986e-01
4.6786605983e-01
4.8718960158e-01
5.0647134575e-01
5.2554517265e-01
5.4426460269e-01
5.6593702570e-01
5.8675719874e-01
6.0659518626e-01
6.2536013190e-01
6.4193702075e-01
6.5749912937e-01
6.7204437610e-01
6.8558685623e-01
6.9925155011e-01
7.1180329638e-01
7.2330010984e-01
7.3380656807e-01
7.4604767124e-01
7.5689564998e-01
7.6649983165e-01
7.7500378054e-01
7.8495828953e-01
7.9345995795e-01
8.0077305295e-01
8.0712615447e-01
8.1268282153e-01
8.1764377157e-01
8.2214298832e-01
8.2629053190e-01
8.3049142788e-01
8.3447196029e-01
8.3829850176e-01
8.4201708327e-01
8.4514390187e-01
8.4821814064e-01
8.5123653860e-01
8.5418546240e-01
8.5666327731e-01
8.5904712997e-01
8.6130546424e-01
8.6339759060e-01
8.6511252099e-01
8.6660075905e-01
8.6780519350e-01
8.6865727434e-01
8.6909612749e-01
8.6878705194e-01
8.6753894039e-01
8.6512021534e-01
8.6250363624e-01
8.5901826104e-01
8.5452723609e-01
8.4887634252e-01
8.4351655972e-01
8.3724431200e-01
8.2996040172e-01
8.2155844211e-01
8.1350499465e-01
8.0450109245e-01
7.9447261302e-01
7.8334373217e-01
7.7235984642e-01
7.6037364219e-01
7.4733169325e-01
7.3318326257e-01
7.1544935832e-01
6.9612321321e-01
6.7515821961e-01
6.5252738572e-01
6.3377381437e-01
6.1402234898e-01
5.9329785254e-01
5.7164002012e-01
5.5203472866e-01
5.3181018386e-01
5.1102538131e-01
4.8975029452e-01
4.6914513403e-01
4.4824832405e-01
4.2714601662e-01
4.0593115013e-01
3.8398326440e-01
3.6213338262e-01
3.4049618743e-01
3.1918555190e-01
2.9930298220e-01
2.7990664185e-01
2.6107931775e-01
2.4289495067e-01
2.2338922066e-01
2.0484041179e-01
1.8730251941e-01
1.7081114699e-01
1.5424520567e-01
1.3891383838e-01
1.2479904449e-01
1.1186670337e-01
1.0018561422e-01
8.9561361012e-02
7.9932556686e-02
7.1233787171e-02
6.1521616224e-02
5.3036976587e-02
4.5650458970e-02
3.9239183458e-02
3.1479112079e-02
2.5203878213e-02
2.0147647726e-02
1.6085175952e-02
1.2771732376e-02
1.0132435129e-02
8.0331865257e-03
6.3653561117e-03
4.8108846862e-03
3.6345260585e-03
2.7448570868e-03
2.0722868805e-03
1.4038804545e-03
9.5107852124e-04
6.4420846138e-04
4.3614197199e-04
2.2478782537e-04
1.1629466382e-04
6.0156099975e-05
3.0945735304e-05
7.8796592593e-06
2.3111721224e-06
6.5468630679e-07
1.9428532816e-07
4.9425543756e-08
1.4570765223e-08
4.4072094968e-09
2.4329818030e-09
