2.4301559849e-10
2.2254530106e-10
9.6638617477e-10
3.4981612290e-09
2.1048018822e-08
5.4637256887e-08
1.3790533890e-07
3.4747695281e-07
8.9586309113e-07
1.6561251341e-06
3.0501745177e-06
5.6173370099e-06
1.0372882028e-05
1.6161530344e-05
2.5162535253e-05
3.9176108076e-05
6.1026608643e-05
8.5610773387e-05
1.2007559088e-04
1.6841209973e-04
2.3623460025e-04
3.0925912661e-04
4.0482329776e-04
5.2989847938e-04
6.9361601967e-04
8.6816039326e-04
1.0865460571e-03
1.3597752107e-03
1.7015998350e-03
2.0665051311e-03
2.5093989851e-03
3.0468608757e-03
3.6989467534e-03
4.4149082350e-03
5.2685279888e-03
6.2859267869e-03
7.4980258159e-03
9.1072928830e-03
1.1057179548e-02
1.3417651881e-02
1.6271990143e-02
1.8665311648e-02
2.1401234886e-02
2.4525858437e-02
2.8090540516e-02
3.1373165107e-02
3.5022229971e-02
3.9074393433e-02
4.3568921710e-02
4.7881378618e-02
5.2591081389e-02
5.7728449826e-02
6.3324943346e-02
6.9171709558e-02
7.5502328498e-02
8.2346003394e-02
8.9731606073e-02
9.9479573616e-02
1.1011752449e-01
1.2168852335e-01
1.3422921775e-01
1.4461099610e-01
1.5559888518e-01
1.6719750385e-01
1.7940665928e-01
1.9136994996e-01
2.0385333202e-01
2.1684328377e-01
2.3032161980e-01
2.4468014956e-01
2.5950171936e-01
2.7475133087e-01
2.9038941143e-01
3.0918634142e-01
3.2838147890e-01
3.4789293807e-01
3.6763538570e-01
3.8396290363e-01
4.0033910077e-01
4.1671630202e-01
4.3304802916e-01
4.5050908598e-01
4.6781287825e-01
4.8490994347e-01
5.0175461388e-01
5.2084862099e-01
5.3949330819e-01
5.5763940581e-01
5.7524530982e-01
5.9419841354e-01
6.1240069933e-01
6.2982537109e-01
6.4645490091e-01
6.6164623943e-01
6.7609620031e-01
6.8980839384e-01
7.0279107851e-01
7.1569615066e-01
7.2782298113e-01
7.3919300044e-01
7.4983020724e-01
7.6087421227e-01
7.7107508622e-01
7.8047235033e-01
7.8910624630e-01
7.9847219197e-01
8.0687550545e-01
8.1438282649e-01
8.2105868508e-01
8.2843227265e-01
8.3468553777e-01
8.3993013400e-01
8.4426932677e-01
8.4835205108e-01
8.5144800103e-01
8.5368331927e-01
8.5517023161e-01
8.5597996101e-01
8.5627988183e-01
8.5613684582e-01
8.5560999384e-01
8.5469096581e-01
8.5345412842e-01
8.5194724622e-01
8.5021204099e-01
8.4806453746e-01
8.4572383697e-01
8.4322695280e-01
8.4060567965e-01
8.3748558975e-01
8.3427285088e-01
8.3099686778e-01
8.2768239298e-01
8.2373366404e-01
8.1978884509e-01
8.1587170649e-01
8.1200182323e-01
8.0728376387e-01
8.0268871429e-01
7.9823712086e-01
7.9394560990e-01
7.8831808289e-01
7.8304959767e-01
7.7816397597e-01
7.7368103338e-01
7.6753568348e-01
7.6246319846e-01
7.5850768489e-01
7.5570387703e-01
7.5412328853e-01
7.5363231306e-01
7.5423508847e-01
7.5592653372e-01
7.5790781701e-01
7.6048786978e-01
7.6365486730e-01
7.6739449874e-01
7.7058513855e-01
7.7408412965e-01
7.7788233947e-01
7.8196948643e-01
7.8551100133e-01
7.8922996076e-01
7.9311806699e-01
7.9716567904e-01
8.0069652617e-01
8.0432489763e-01
8.0804138483e-01
8.1183484391e-01
8.1516694097e-01
8.1853657806e-01
8.2193180202e-01
8.2533849960e-01
8.2834400933e-01
8.3133202773e-01
8.3428682036e-01
8.3719002656e-01
8.3974766328e-01
8.4222769735e-01
8.4460911450e-01
8.4686770336e-01
8.4882774176e-01
8.5063287928e-01
8.5225409560e-01
8.5365831462e-01
8.5478788912e-01
8.5563254933e-01
8.5614655350e-01
8.5627806591e-01
8.5598405762e-01
8.5521329709e-01
8.5389766288e-01
8.5196078088e-01
8.4969224384e-01
8.4682093025e-01
8.4327766566e-01
8.3898689863e-01
8.3486707111e-01
8.3014471828e-01
8.2476855400e-01
8.1868432023e-01
8.1291235323e-01
8.0655077431e-01
7.9956175262e-01
7.9190643224e-01
7.8427281554e-01
7.7601560493e-01
7.6710393224e-01
7.5750721805e-01
7.4799568772e-01
7.3784970915e-01
7.2704764804e-01
7.1556947521e-01
7.0286605738e-01
6.8939112597e-01
6.7513113813e-01
6.6007713311e-01
6.4584728182e-01
6.3097309357e-01
6.1546107355e-01
5.9932301538e-01
5.8337039610e-01
5.6688535569e-01
5.4989422702e-01
5.3242930715e-01
5.1705783825e-01
5.0139249634e-01
4.8546500766e-01
4.6931050460e-01
4.5341138347e-01
4.3737191580e-01
4.2123277223e-01
4.0503678291e-01
3.8660640529e-01
3.6822791285e-01
3.4997003521e-01
3.3190155323e-01
3.1665080075e-01
3.0162925373e-01
2.8687621003e-01
2.7242871639e-01
2.5643734933e-01
2.4092958328e-01
2.2594503828e-01
2.1151716992e-01
1.9749219429e-01
1.8408790819e-01
1.7131888347e-01
1.5919323739e-01
1.4666871306e-01
1.3491135865e-01
1.2390929876e-01
1.1364464608e-01
1.0466368852e-01
9.6289563091e-02
8.8497726829e-02
8.1261855561e-02
7.3899673931e-02
6.7141211518e-02
6.0948395878e-02
5.5283414708e-02
4.8332917280e-02
4.2206812916e-02
3.6819394650e-02
3.2090829060e-02
2.6941886724e-02
2.2595216875e-02
1.8932998754e-02
1.5852477698e-02
1.3314285892e-02
1.1176883203e-02
9.3786275723e-03
7.8668522807e-03
6.4776911515e-03
5.3322675881e-03
4.3882962074e-03
3.6106639560e-03
2.8619112167e-03
2.2680451187e-03
1.7971398934e-03
1.4238009962e-03
1.0560646820e-03
7.8327439348e-04
5.8089802941e-04
4.3074233491e-04
2.8155727432e-04
1.8411054731e-04
1.2038469795e-04
7.8668862381e-05
3.8378932624e-05
1.8832018681e-05
9.2387640916e-06
4.4956514492e-06
9.2649126116e-07
2.5307937951e-07
6.2122147967e-08
2.2863655506e-08
4.7108786396e-09
1.2928208430e-09
3.3957411798e-10
2.3253851915e-10
