0.0000000000e+00
5.3390004680e-03
1.0678000936e-02
1.6017001404e-02
2.1356001872e-02
2.6284438039e-02
3.1212874207e-02
3.6141310374e-02
4.1069746542e-02
4.5685717082e-02
5.0301687623e-02
5.4917658164e-02
5.9533628704e-02
6.3958882939e-02
6.8384137175e-02
7.2809391410e-02
7.7234645645e-02
8.1805813084e-02
8.6376980523e-02
9.0948147962e-02
9.5519315401e-02
9.9708893032e-02
1.0389847066e-01
1.0808804829e-01
1.1227762592e-01
1.1588014450e-01
1.1948266307e-01
1.2308518165e-01
1.2668770022e-01
1.2991877924e-01
1.3314985826e-01
1.3638093728e-01
1.3961201630e-01
1.4243151898e-01
1.4525102165e-01
1.4807052433e-01
1.5089002700e-01
1.5346934526e-01
1.5604866352e-01
1.5862798178e-01
1.6120730004e-01
1.6364555017e-01
1.6608380029e-01
1.6852205041e-01
1.7096030054e-01
1.7334365323e-01
1.7572700592e-01
1.7811035862e-01
1.8049371131e-01
1.8298457744e-01
1.8547544357e-01
1.8796630970e-01
1.9045717583e-01
1.9305629690e-01
1.9565541797e-01
1.9825453905e-01
2.0085366012e-01
2.0319451455e-01
2.0553536898e-01
2.0787622341e-01
2.1021707785e-01
2.1240669152e-01
2.1459630518e-01
2.1678591885e-01
2.1897553252e-01
2.2107295634e-01
2.2317038015e-01
2.2526780397e-01
2.2736522779e-01
2.2938328971e-01
2.3140135164e-01
2.3341941357e-01
2.3543747550e-01
2.3754779477e-01
2.3965811404e-01
2.4176843331e-01
2.4387875257e-01
2.4651223649e-01
2.4914572040e-01
2.5177920431e-01
2.5441268822e-01
2.5660283781e-01
2.5879298741e-01
2.6098313701e-01
2.6317328660e-01
2.6524049346e-01
2.6730770032e-01
2.6937490718e-01
2.7144211404e-01
2.7357549375e-01
2.7570887347e-01
2.7784225318e-01
2.7997563290e-01
2.8241914368e-01
2.8486265447e-01
2.8730616526e-01
2.8974967605e-01
2.9220523353e-01
2.9466079102e-01
2.9711634851e-01
2.9957190600e-01
3.0220649969e-01
3.0484109338e-01
3.0747568707e-01
3.1011028076e-01
3.1316597909e-01
3.1622167743e-01
3.1927737576e-01
3.2233307409e-01
3.2521222399e-01
3.2809137388e-01
3.3097052378e-01
3.3384967368e-01
3.3664555170e-01
3.3944142972e-01
3.4223730774e-01
3.4503318576e-01
3.4791901904e-01
3.5080485233e-01
3.5369068561e-01
3.5657651889e-01
3.5963024765e-01
3.6268397641e-01
3.6573770516e-01
3.6879143392e-01
3.7204995050e-01
3.7530846708e-01
3.7856698366e-01
3.8182550025e-01
3.8540459476e-01
3.8898368928e-01
3.9256278379e-01
3.9614187831e-01
4.0024715884e-01
4.0435243938e-01
4.0845771991e-01
4.1256300045e-01
4.1764653397e-01
4.2273006749e-01
4.2781360102e-01
4.3289713454e-01
4.3980975135e-01
4.4672236817e-01
4.5363498498e-01
4.6054760180e-01
4.6658841837e-01
4.7262923494e-01
4.7867005151e-01
4.8471086808e-01
4.9047696321e-01
4.9624305833e-01
5.0200915346e-01
5.0777524859e-01
5.1458496900e-01
5.2139468941e-01
5.2820440982e-01
5.3501413023e-01
5.4053336403e-01
5.4605259783e-01
5.5157183163e-01
5.5709106543e-01
5.6157267971e-01
5.6605429398e-01
5.7053590826e-01
5.7501752254e-01
5.7897588542e-01
5.8293424831e-01
5.8689261119e-01
5.9085097408e-01
5.9437829077e-01
5.9790560746e-01
6.0143292415e-01
6.0496024084e-01
6.0820989584e-01
6.1145955084e-01
6.1470920583e-01
6.1795886083e-01
6.2107095147e-01
6.2418304211e-01
6.2729513275e-01
6.3040722339e-01
6.3330498778e-01
6.3620275217e-01
6.3910051657e-01
6.4199828096e-01
6.4479193623e-01
6.4758559151e-01
6.5037924679e-01
6.5317290207e-01
6.5598713941e-01
6.5880137675e-01
6.6161561409e-01
6.6442985143e-01
6.6771943251e-01
6.7100901358e-01
6.7429859466e-01
6.7758817574e-01
6.8030556910e-01
6.8302296247e-01
6.8574035583e-01
6.8845774919e-01
6.9092663923e-01
6.9339552927e-01
6.9586441930e-01
6.9833330934e-01
7.0080557892e-01
7.0327784851e-01
7.0575011809e-01
7.0822238767e-01
7.1042505679e-01
7.1262772591e-01
7.1483039503e-01
7.1703306415e-01
7.1910894526e-01
7.2118482638e-01
7.2326070749e-01
7.2533658860e-01
7.2743974000e-01
7.2954289139e-01
7.3164604278e-01
7.3374919418e-01
7.3708909825e-01
7.4042900233e-01
7.4376890640e-01
7.4710881048e-01
7.4921561474e-01
7.5132241900e-01
7.5342922326e-01
7.5553602752e-01
7.5755299448e-01
7.5956996145e-01
7.6158692842e-01
7.6360389538e-01
7.6568902986e-01
7.6777416433e-01
7.6985929880e-01
7.7194443327e-01
7.7413484475e-01
7.7632525623e-01
7.7851566770e-01
7.8070607918e-01
7.8306831243e-01
7.8543054569e-01
7.8779277895e-01
7.9015501220e-01
7.9295866159e-01
7.9576231097e-01
7.9856596035e-01
8.0136960974e-01
8.0381362087e-01
8.0625763200e-01
8.0870164313e-01
8.1114565426e-01
8.1352899818e-01
8.1591234209e-01
8.1829568601e-01
8.2067902993e-01
8.2313462206e-01
8.2559021418e-01
8.2804580631e-01
8.3050139843e-01
8.3312751588e-01
8.3575363334e-01
8.3837975079e-01
8.4100586825e-01
8.4394484019e-01
8.4688381214e-01
8.4982278408e-01
8.5276175603e-01
8.5630955893e-01
8.5985736182e-01
8.6340516472e-01
8.6695296762e-01
8.7087943560e-01
8.7480590359e-01
8.7873237158e-01
8.8265883957e-01
8.8743826573e-01
8.9221769189e-01
8.9699711805e-01
9.0177654421e-01
9.0619109136e-01
9.1060563851e-01
9.1502018565e-01
9.1943473280e-01
9.2401694213e-01
9.2859915145e-01
9.3318136078e-01
9.3776357010e-01
9.4266730994e-01
9.4757104977e-01
9.5247478961e-01
9.5737852944e-01
9.6270621326e-01
9.6803389708e-01
9.7336158090e-01
9.7868926472e-01
9.8401694854e-01
9.8934463236e-01
9.9467231618e-01
1.0000000000e+00
