2.7530905121e-01
2.7537831663e-01
2.7558606904e-01
2.7593217673e-01
2.7641641991e-01
2.7707897804e-01
2.7789541823e-01
2.7886515414e-01
2.7998748591e-01
2.8137177924e-01
2.8293234073e-01
2.8466782717e-01
2.8657673244e-01
2.8841198298e-01
2.9038084225e-01
2.9248193296e-01
2.9471377232e-01
2.9708377464e-01
2.9958218137e-01
3.0220716710e-01
3.0495679628e-01
3.0740871693e-01
3.0994917754e-01
3.1257677004e-01
3.1529002733e-01
3.1794817756e-01
3.2068104944e-01
3.2348723515e-01
3.2636528044e-01
3.2925896790e-01
3.3221899590e-01
3.3524386257e-01
3.3833202617e-01
3.4145982414e-01
3.4464689973e-01
3.4789163310e-01
3.5119237043e-01
3.5457519222e-01
3.5801146677e-01
3.6149940354e-01
3.6503718343e-01
3.6879381495e-01
3.7260094409e-01
3.7645639405e-01
3.8035796339e-01
3.8497567836e-01
3.8964982428e-01
3.9437678415e-01
3.9915291775e-01
4.0343718011e-01
4.0775483755e-01
4.1210331082e-01
4.1648002144e-01
4.2058585566e-01
4.2471193664e-01
4.2885618952e-01
4.3301655029e-01
4.3708578035e-01
4.4116648305e-01
4.4525678882e-01
4.4935484603e-01
4.5344535507e-01
4.5753995229e-01
4.6163686832e-01
4.6573435841e-01
4.6989236575e-01
4.7404742557e-01
4.7819780052e-01
4.8234178547e-01
4.8663590558e-01
4.9091950338e-01
4.9519078902e-01
4.9944801546e-01
5.0399199962e-01
5.0851585020e-01
5.1301758955e-01
5.1749530127e-01
5.2219691625e-01
5.2686754452e-01
5.3150515519e-01
5.3610779633e-01
5.4045223897e-01
5.4476179207e-01
5.4903497431e-01
5.5327036863e-01
5.5750931077e-01
5.6170697806e-01
5.6586210609e-01
5.6997349469e-01
5.7418738955e-01
5.7835188217e-01
5.8246584800e-01
5.8652823158e-01
5.9084648015e-01
5.9510254833e-01
5.9929537212e-01
6.0342397122e-01
6.0865010714e-01
6.1376628733e-01
6.1877098264e-01
6.2366286014e-01
6.2757732916e-01
6.3141509450e-01
6.3517569211e-01
6.3885872895e-01
6.4232359750e-01
6.4571635081e-01
6.4903680663e-01
6.5228483096e-01
6.5543143124e-01
6.5850679599e-01
6.6151091862e-01
6.6444382831e-01
6.6732141848e-01
6.7012715400e-01
6.7286115869e-01
6.7552358300e-01
6.7815429062e-01
6.8071156330e-01
6.8319562822e-01
6.8560673134e-01
6.8799907454e-01
6.9031556792e-01
6.9255652202e-01
6.9472225873e-01
6.9687575955e-01
6.9895010309e-01
7.0094566556e-01
7.0286282695e-01
7.0476956645e-01
7.0659273888e-01
7.0833276778e-01
7.0999007213e-01
7.1163473793e-01
7.1318989667e-01
7.1465599755e-01
7.1603347551e-01
7.1739293298e-01
7.1865441517e-01
7.1981836955e-01
7.2088521713e-01
7.2192847810e-01
7.2285945884e-01
7.2367857150e-01
7.2438618351e-01
7.2503490513e-01
7.2555003313e-01
7.2593185422e-01
7.2618058236e-01
7.2629610029e-01
7.2628010377e-01
7.2613258384e-01
7.2585345818e-01
7.2549074227e-01
7.2502172501e-01
7.2444619834e-01
7.2376390889e-01
7.2302806446e-01
7.2219809244e-01
7.2127368239e-01
7.2025449311e-01
7.1919715648e-01
7.1805345195e-01
7.1682301597e-01
7.1550546491e-01
7.1415984669e-01
7.1273338456e-01
7.1122569634e-01
7.0963638847e-01
7.0802442759e-01
7.0633566721e-01
7.0456973226e-01
7.0272624399e-01
7.0086114025e-01
6.9892216906e-01
6.9690898308e-01
6.9482123835e-01
6.9270819444e-01
6.9052328286e-01
6.8826620209e-01
6.8593666078e-01
6.8357198934e-01
6.8113655149e-01
6.7863010941e-01
6.7605244258e-01
6.7341987230e-01
6.7071657600e-01
6.6794240061e-01
6.6509721856e-01
6.6215579487e-01
6.5914197728e-01
6.5605572838e-01
6.5289704717e-01
6.4952096406e-01
6.4606601359e-01
6.4253234132e-01
6.3892014965e-01
6.3453515330e-01
6.3004066360e-01
6.2543737220e-01
6.2072611513e-01
6.1687554339e-01
6.1295692747e-01
6.0897091996e-01
6.0491824604e-01
6.0108120377e-01
5.9718763891e-01
5.9323832232e-01
5.8923408791e-01
5.8533022980e-01
5.8137721835e-01
5.7737597123e-01
5.7332746616e-01
5.6929576752e-01
5.6522030530e-01
5.6110219082e-01
5.5694259626e-01
5.5263691251e-01
5.4829033613e-01
5.4390433443e-01
5.3948044518e-01
5.3512837690e-01
5.3074332066e-01
5.2632690177e-01
5.2188081032e-01
5.1765121154e-01
5.1339818962e-01
5.0912333193e-01
5.0482827647e-01
5.0070882680e-01
4.9657400508e-01
4.9242536421e-01
4.8826449662e-01
4.8418093419e-01
4.8008878259e-01
4.7598964058e-01
4.7188513936e-01
4.6779097066e-01
4.6369480598e-01
4.5959834894e-01
4.5550333007e-01
4.5134153914e-01
4.4718492580e-01
4.4303538671e-01
4.3889484033e-01
4.3452338107e-01
4.3016649490e-01
4.2582652293e-01
4.2150582304e-01
4.1587794538e-01
4.1029258512e-01
4.0475512267e-01
3.9927094602e-01
3.9513873553e-01
3.9104282874e-01
3.8698557962e-01
3.8296933023e-01
3.7919374544e-01
3.7545924928e-01
3.7176780536e-01
3.6812135810e-01
3.6457288394e-01
3.6107181887e-01
3.5761995806e-01
3.5421907068e-01
3.5083840242e-01
3.4751324827e-01
3.4424533831e-01
3.4103636869e-01
3.3785271387e-01
3.3473271940e-01
3.3167802480e-01
3.2869022846e-01
3.2562194983e-01
3.2263113957e-01
3.1971950187e-01
3.1688868582e-01
3.1376952845e-01
3.1075921763e-01
3.0785991168e-01
3.0507367232e-01
3.0232670914e-01
2.9970358046e-01
2.9720621006e-01
2.9483641286e-01
2.9224254184e-01
2.8982610056e-01
2.8758939642e-01
2.8553454362e-01
2.8386141372e-01
2.8233486722e-01
2.8095601549e-01
2.7972585502e-01
2.7869307050e-01
2.7779669431e-01
2.7703730381e-01
2.7641538591e-01
2.7593159467e-01
2.7558581021e-01
2.7537825191e-01
2.7530905121e-01
