0.0000000000e+00
4.8505454311e-03
9.7010908621e-03
1.4551636293e-02
1.9402181724e-02
2.4056949360e-02
2.8711716997e-02
3.3366484633e-02
3.8021252269e-02
4.2738377683e-02
4.7455503098e-02
5.2172628512e-02
5.6889753926e-02
6.1754013637e-02
6.6618273347e-02
7.1482533058e-02
7.6346792768e-02
8.0315092080e-02
8.4283391393e-02
8.8251690705e-02
9.2219990017e-02
9.5879958785e-02
9.9539927553e-02
1.0319989632e-01
1.0685986509e-01
1.0998703804e-01
1.1311421098e-01
1.1624138393e-01
1.1936855688e-01
1.2221376975e-01
1.2505898263e-01
1.2790419550e-01
1.3074940838e-01
1.3342018685e-01
1.3609096532e-01
1.3876174380e-01
1.4143252227e-01
1.4400646548e-01
1.4658040870e-01
1.4915435191e-01
1.5172829512e-01
1.5429902914e-01
1.5686976317e-01
1.5944049720e-01
1.6201123122e-01
1.6484405315e-01
1.6767687508e-01
1.7050969701e-01
1.7334251894e-01
1.7600133219e-01
1.7866014543e-01
1.8131895868e-01
1.8397777193e-01
1.8646295284e-01
1.8894813376e-01
1.9143331467e-01
1.9391849559e-01
1.9626189145e-01
1.9860528731e-01
2.0094868317e-01
2.0329207903e-01
2.0553478716e-01
2.0777749529e-01
2.1002020341e-01
2.1226291154e-01
2.1442240654e-01
2.1658190154e-01
2.1874139653e-01
2.2090089153e-01
2.2312969424e-01
2.2535849694e-01
2.2758729965e-01
2.2981610236e-01
2.3239722253e-01
2.3497834270e-01
2.3755946286e-01
2.4014058303e-01
2.4250479384e-01
2.4486900465e-01
2.4723321546e-01
2.4959742627e-01
2.5181638163e-01
2.5403533699e-01
2.5625429236e-01
2.5847324772e-01
2.6070493701e-01
2.6293662629e-01
2.6516831557e-01
2.6740000485e-01
2.6977618474e-01
2.7215236463e-01
2.7452854453e-01
2.7690472442e-01
2.7979687457e-01
2.8268902472e-01
2.8558117487e-01
2.8847332502e-01
2.9113372065e-01
2.9379411629e-01
2.9645451193e-01
2.9911490756e-01
3.0204065624e-01
3.0496640492e-01
3.0789215361e-01
3.1081790229e-01
3.1423132118e-01
3.1764474007e-01
3.2105815897e-01
3.2447157786e-01
3.2747499918e-01
3.3047842050e-01
3.3348184181e-01
3.3648526313e-01
3.3948168927e-01
3.4247811540e-01
3.4547454153e-01
3.4847096766e-01
3.5156355559e-01
3.5465614352e-01
3.5774873145e-01
3.6084131938e-01
3.6411606394e-01
3.6739080850e-01
3.7066555306e-01
3.7394029762e-01
3.7741011261e-01
3.8087992759e-01
3.8434974257e-01
3.8781955755e-01
3.9157751049e-01
3.9533546342e-01
3.9909341635e-01
4.0285136929e-01
4.0708420636e-01
4.1131704342e-01
4.1554988049e-01
4.1978271756e-01
4.2450921549e-01
4.2923571341e-01
4.3396221133e-01
4.3868870926e-01
4.4435805312e-01
4.5002739698e-01
4.5569674084e-01
4.6136608470e-01
4.7022661370e-01
4.7908714271e-01
4.8794767171e-01
4.9680820071e-01
5.0345045003e-01
5.1009269934e-01
5.1673494866e-01
5.2337719798e-01
5.2865788237e-01
5.3393856676e-01
5.3921925115e-01
5.4449993554e-01
5.4914390685e-01
5.5378787817e-01
5.5843184948e-01
5.6307582080e-01
5.6732409168e-01
5.7157236256e-01
5.7582063344e-01
5.8006890433e-01
5.8386550211e-01
5.8766209990e-01
5.9145869768e-01
5.9525529546e-01
5.9876802672e-01
6.0228075798e-01
6.0579348923e-01
6.0930622049e-01
6.1268346978e-01
6.1606071907e-01
6.1943796836e-01
6.2281521764e-01
6.2595208363e-01
6.2908894961e-01
6.3222581559e-01
6.3536268158e-01
6.3838039832e-01
6.4139811507e-01
6.4441583181e-01
6.4743354856e-01
6.5041766162e-01
6.5340177469e-01
6.5638588775e-01
6.5937000082e-01
6.6251479721e-01
6.6565959359e-01
6.6880438998e-01
6.7194918637e-01
6.7509108185e-01
6.7823297732e-01
6.8137487280e-01
6.8451676828e-01
6.8725108553e-01
6.8998540278e-01
6.9271972004e-01
6.9545403729e-01
6.9807961800e-01
7.0070519870e-01
7.0333077941e-01
7.0595636012e-01
7.0858841336e-01
7.1122046660e-01
7.1385251985e-01
7.1648457309e-01
7.1879690412e-01
7.2110923515e-01
7.2342156618e-01
7.2573389721e-01
7.2795349383e-01
7.3017309044e-01
7.3239268705e-01
7.3461228366e-01
7.3685378079e-01
7.3909527792e-01
7.4133677504e-01
7.4357827217e-01
7.4605304061e-01
7.4852780906e-01
7.5100257750e-01
7.5347734595e-01
7.5589556006e-01
7.5831377418e-01
7.6073198830e-01
7.6315020241e-01
7.6534878055e-01
7.6754735868e-01
7.6974593682e-01
7.7194451495e-01
7.7411140472e-01
7.7627829448e-01
7.7844518425e-01
7.8061207401e-01
7.8290145527e-01
7.8519083653e-01
7.8748021779e-01
7.8976959905e-01
7.9211405010e-01
7.9445850116e-01
7.9680295222e-01
7.9914740327e-01
8.0165828238e-01
8.0416916149e-01
8.0668004060e-01
8.0919091971e-01
8.1217722869e-01
8.1516353768e-01
8.1814984667e-01
8.2113615566e-01
8.2378627854e-01
8.2643640142e-01
8.2908652431e-01
8.3173664719e-01
8.3429293512e-01
8.3684922305e-01
8.3940551098e-01
8.4196179892e-01
8.4456621812e-01
8.4717063731e-01
8.4977505651e-01
8.5237947571e-01
8.5512146041e-01
8.5786344511e-01
8.6060542980e-01
8.6334741450e-01
8.6633390732e-01
8.6932040013e-01
8.7230689295e-01
8.7529338577e-01
8.7872106835e-01
8.8214875094e-01
8.8557643352e-01
8.8900411611e-01
8.9291196997e-01
8.9681982384e-01
9.0072767771e-01
9.0463553158e-01
9.0940933240e-01
9.1418313321e-01
9.1895693403e-01
9.2373073484e-01
9.2845164497e-01
9.3317255509e-01
9.3789346522e-01
9.4261437534e-01
9.4726667182e-01
9.5191896831e-01
9.5657126479e-01
9.6122356127e-01
9.6607060159e-01
9.7091764190e-01
9.7576468221e-01
9.8061172253e-01
9.8545879190e-01
9.9030586126e-01
9.9515293063e-01
1.0000000000e+00
