0.0000000000e+00
1.7995534614e-02
3.5991069228e-02
5.3986603843e-02
7.1982138457e-02
8.1378475582e-02
9.0774812706e-02
1.0017114983e-01
1.0956748696e-01
1.1555656831e-01
1.2154564967e-01
1.2753473103e-01
1.3352381239e-01
1.3770552893e-01
1.4188724548e-01
1.4606896202e-01
1.5025067856e-01
1.5339842261e-01
1.5654616665e-01
1.5969391069e-01
1.6284165473e-01
1.6537825133e-01
1.6791484793e-01
1.7045144453e-01
1.7298804113e-01
1.7518628285e-01
1.7738452457e-01
1.7958276629e-01
1.8178100801e-01
1.8401232766e-01
1.8624364732e-01
1.8847496697e-01
1.9070628663e-01
1.9237827479e-01
1.9405026295e-01
1.9572225111e-01
1.9739423927e-01
1.9865308242e-01
1.9991192557e-01
2.0117076872e-01
2.0242961188e-01
2.0359331523e-01
2.0475701858e-01
2.0592072194e-01
2.0708442529e-01
2.0833027650e-01
2.0957612771e-01
2.1082197892e-01
2.1206783013e-01
2.1312617587e-01
2.1418452160e-01
2.1524286733e-01
2.1630121307e-01
2.1729113012e-01
2.1828104718e-01
2.1927096423e-01
2.2026088129e-01
2.2138083125e-01
2.2250078122e-01
2.2362073118e-01
2.2474068115e-01
2.2576140173e-01
2.2678212231e-01
2.2780284289e-01
2.2882356347e-01
2.3000823135e-01
2.3119289923e-01
2.3237756710e-01
2.3356223498e-01
2.3511295375e-01
2.3666367252e-01
2.3821439130e-01
2.3976511007e-01
2.4112904823e-01
2.4249298640e-01
2.4385692457e-01
2.4522086274e-01
2.4675477387e-01
2.4828868500e-01
2.4982259614e-01
2.5135650727e-01
2.5332034562e-01
2.5528418397e-01
2.5724802232e-01
2.5921186067e-01
2.6165395460e-01
2.6409604852e-01
2.6653814244e-01
2.6898023637e-01
2.7168705104e-01
2.7439386572e-01
2.7710068039e-01
2.7980749507e-01
2.8266862559e-01
2.8552975612e-01
2.8839088664e-01
2.9125201717e-01
2.9455964038e-01
2.9786726358e-01
3.0117488679e-01
3.0448251000e-01
3.0853081881e-01
3.1257912762e-01
3.1662743643e-01
3.2067574525e-01
3.2598931432e-01
3.3130288339e-01
3.3661645246e-01
3.4193002154e-01
3.4749177657e-01
3.5305353161e-01
3.5861528665e-01
3.6417704168e-01
3.7031304058e-01
3.7644903947e-01
3.8258503837e-01
3.8872103727e-01
3.9329420211e-01
3.9786736696e-01
4.0244053181e-01
4.0701369666e-01
4.1060829914e-01
4.1420290161e-01
4.1779750409e-01
4.2139210657e-01
4.2449060682e-01
4.2758910708e-01
4.3068760734e-01
4.3378610760e-01
4.3703542714e-01
4.4028474667e-01
4.4353406620e-01
4.4678338574e-01
4.4944040655e-01
4.5209742736e-01
4.5475444817e-01
4.5741146899e-01
4.5983431423e-01
4.6225715947e-01
4.6468000470e-01
4.6710284994e-01
4.6948685416e-01
4.7187085838e-01
4.7425486260e-01
4.7663886682e-01
4.7903569735e-01
4.8143252787e-01
4.8382935839e-01
4.8622618891e-01
4.8857346910e-01
4.9092074929e-01
4.9326802948e-01
4.9561530967e-01
4.9792671146e-01
5.0023811324e-01
5.0254951503e-01
5.0486091682e-01
5.0738061313e-01
5.0990030944e-01
5.1242000575e-01
5.1493970206e-01
5.1730053246e-01
5.1966136286e-01
5.2202219326e-01
5.2438302366e-01
5.2687976477e-01
5.2937650587e-01
5.3187324697e-01
5.3436998807e-01
5.3715030788e-01
5.3993062769e-01
5.4271094749e-01
5.4549126730e-01
5.4852230034e-01
5.5155333339e-01
5.5458436643e-01
5.5761539948e-01
5.6086711882e-01
5.6411883816e-01
5.6737055751e-01
5.7062227685e-01
5.7483737546e-01
5.7905247407e-01
5.8326757267e-01
5.8748267128e-01
5.9390971747e-01
6.0033676366e-01
6.0676380985e-01
6.1319085604e-01
6.1894547862e-01
6.2470010120e-01
6.3045472378e-01
6.3620934636e-01
6.4149190025e-01
6.4677445415e-01
6.5205700804e-01
6.5733956193e-01
6.6165020809e-01
6.6596085425e-01
6.7027150041e-01
6.7458214657e-01
6.7816369253e-01
6.8174523848e-01
6.8532678443e-01
6.8890833038e-01
6.9199740332e-01
6.9508647626e-01
6.9817554920e-01
7.0126462213e-01
7.0403868277e-01
7.0681274342e-01
7.0958680406e-01
7.1236086470e-01
7.1552209152e-01
7.1868331835e-01
7.2184454518e-01
7.2500577200e-01
7.2737902171e-01
7.2975227142e-01
7.3212552114e-01
7.3449877085e-01
7.3635915021e-01
7.3821952957e-01
7.4007990892e-01
7.4194028828e-01
7.4348788889e-01
7.4503548949e-01
7.4658309009e-01
7.4813069069e-01
7.4951391354e-01
7.5089713640e-01
7.5228035925e-01
7.5366358210e-01
7.5508472727e-01
7.5650587245e-01
7.5792701762e-01
7.5934816279e-01
7.6057564555e-01
7.6180312830e-01
7.6303061105e-01
7.6425809381e-01
7.6537054183e-01
7.6648298985e-01
7.6759543788e-01
7.6870788590e-01
7.6972255383e-01
7.7073722175e-01
7.7175188967e-01
7.7276655760e-01
7.7384934360e-01
7.7493212960e-01
7.7601491560e-01
7.7709770160e-01
7.7809814226e-01
7.7909858291e-01
7.8009902357e-01
7.8109946423e-01
7.8221200344e-01
7.8332454265e-01
7.8443708186e-01
7.8554962107e-01
7.8676457610e-01
7.8797953114e-01
7.8919448617e-01
7.9040944121e-01
7.9160961160e-01
7.9280978199e-01
7.9400995237e-01
7.9521012276e-01
7.9672165364e-01
7.9823318451e-01
7.9974471539e-01
8.0125624626e-01
8.0355639036e-01
8.0585653446e-01
8.0815667856e-01
8.1045682266e-01
8.1270304859e-01
8.1494927452e-01
8.1719550045e-01
8.1944172638e-01
8.2217930679e-01
8.2491688721e-01
8.2765446762e-01
8.3039204803e-01
8.3428602832e-01
8.3818000861e-01
8.4207398890e-01
8.4596796918e-01
8.5283624312e-01
8.5970451706e-01
8.6657279101e-01
8.7344106495e-01
8.8923057885e-01
9.0502009276e-01
9.2080960667e-01
9.3659912058e-01
9.5244934043e-01
9.6829956029e-01
9.8414978014e-01
1.0000000000e+00
