2.7008630889e-01
2.7015335573e-01
2.7035452954e-01
2.7068993019e-01
2.7115972422e-01
2.7151735217e-01
2.7192646501e-01
2.7238714031e-01
2.7289946544e-01
2.7328493540e-01
2.7369530156e-01
2.7413060129e-01
2.7459087426e-01
2.7494960919e-01
2.7532221391e-01
2.7570870720e-01
2.7610910855e-01
2.7643788927e-01
2.7677551127e-01
2.7712198533e-01
2.7747732252e-01
2.7778443738e-01
2.7809789322e-01
2.7841769711e-01
2.7874385622e-01
2.7907600795e-01
2.7941451535e-01
2.7975938556e-01
2.8011062556e-01
2.8038724824e-01
2.8066770428e-01
2.8095199611e-01
2.8124012559e-01
2.8146878938e-01
2.8169981451e-01
2.8193320043e-01
2.8216894585e-01
2.8237363477e-01
2.8258006600e-01
2.8278823650e-01
2.8299814213e-01
2.8321829700e-01
2.8344031506e-01
2.8366418599e-01
2.8388989667e-01
2.8409968306e-01
2.8431100446e-01
2.8452384149e-01
2.8473817086e-01
2.8492887758e-01
2.8512070667e-01
2.8531363228e-01
2.8550762485e-01
2.8571071466e-01
2.8591488216e-01
2.8612007941e-01
2.8632625303e-01
2.8652816406e-01
2.8673088766e-01
2.8693435919e-01
2.8713850920e-01
2.8735068595e-01
2.8756342437e-01
2.8777663273e-01
2.8799021531e-01
2.8823228538e-01
2.8847455962e-01
2.8871688660e-01
2.8895911263e-01
2.8924966830e-01
2.8953958712e-01
2.8982860403e-01
2.9011645891e-01
2.9039005773e-01
2.9066215231e-01
2.9093253773e-01
2.9120101819e-01
2.9150071166e-01
2.9179750606e-01
2.9209116812e-01
2.9238148137e-01
2.9275072612e-01
2.9311367802e-01
2.9346999131e-01
2.9381936106e-01
2.9424078920e-01
2.9465079787e-01
2.9504903160e-01
2.9543520020e-01
2.9584353252e-01
2.9623691488e-01
2.9661517176e-01
2.9697817982e-01
2.9734195136e-01
2.9768886145e-01
2.9801889931e-01
2.9833208509e-01
2.9867274006e-01
2.9899110441e-01
2.9928731529e-01
2.9956153692e-01
2.9981048802e-01
3.0003846046e-01
3.0024567640e-01
3.0043238023e-01
3.0061095126e-01
3.0076638024e-01
3.0089908677e-01
3.0100954603e-01
3.0108125796e-01
3.0113979374e-01
3.0118548987e-01
3.0121872480e-01
3.0123605215e-01
3.0124649606e-01
3.0125029180e-01
3.0124769718e-01
3.0124050047e-01
3.0122891810e-01
3.0121316478e-01
3.0119347132e-01
3.0117177182e-01
3.0114707454e-01
3.0111960665e-01
3.0108960822e-01
3.0105625086e-01
3.0102075746e-01
3.0098343240e-01
3.0094459145e-01
3.0091023724e-01
3.0087521466e-01
3.0083973795e-01
3.0080402293e-01
3.0077271856e-01
3.0074154132e-01
3.0071063363e-01
3.0068013529e-01
3.0063893569e-01
3.0059912202e-01
3.0056101978e-01
3.0052493158e-01
3.0050019362e-01
3.0047675616e-01
3.0045470782e-01
3.0043412932e-01
3.0041202097e-01
3.0039212598e-01
3.0037453339e-01
3.0035931882e-01
3.0034693838e-01
3.0033688205e-01
3.0032918621e-01
3.0032387803e-01
3.0032097215e-01
3.0032049284e-01
3.0032244176e-01
3.0032681221e-01
3.0033369969e-01
3.0034303581e-01
3.0035478603e-01
3.0036890561e-01
3.0038310123e-01
3.0039901082e-01
3.0041658347e-01
3.0043576098e-01
3.0045947488e-01
3.0048507559e-01
3.0051244017e-01
3.0054143238e-01
3.0056825925e-01
3.0059612747e-01
3.0062491906e-01
3.0065450950e-01
3.0069042289e-01
3.0072704796e-01
3.0076415037e-01
3.0080148969e-01
3.0084323024e-01
3.0088461620e-01
3.0092530335e-01
3.0096495106e-01
3.0100209732e-01
3.0103765397e-01
3.0107133357e-01
3.0110285956e-01
3.0113471244e-01
3.0116331018e-01
3.0118833828e-01
3.0120950168e-01
3.0123007023e-01
3.0124370146e-01
3.0124994537e-01
3.0124839355e-01
3.0123461369e-01
3.0120699939e-01
3.0116495844e-01
3.0110797109e-01
3.0102848324e-01
3.0093025807e-01
3.0081284328e-01
3.0067584001e-01
3.0049890892e-01
3.0029657542e-01
3.0006844558e-01
2.9981416636e-01
2.9958738522e-01
2.9934287110e-01
2.9908048339e-01
2.9880009701e-01
2.9852566034e-01
2.9823577421e-01
2.9793038502e-01
2.9760945850e-01
2.9722942003e-01
2.9682968659e-01
2.9641033764e-01
2.9597151832e-01
2.9562722385e-01
2.9527207422e-01
2.9490623722e-01
2.9452992132e-01
2.9423285956e-01
2.9392985893e-01
2.9362107664e-01
2.9330669153e-01
2.9303575062e-01
2.9276105981e-01
2.9248276989e-01
2.9220104570e-01
2.9194241764e-01
2.9168125092e-01
2.9141770084e-01
2.9115193298e-01
2.9087219246e-01
2.9059043664e-01
2.9030688857e-01
2.9002178176e-01
2.8977981388e-01
2.8953705728e-01
2.8929366633e-01
2.8904979785e-01
2.8882594443e-01
2.8860194524e-01
2.8837792224e-01
2.8815399623e-01
2.8795016151e-01
2.8774659390e-01
2.8754337888e-01
2.8734059899e-01
2.8711671375e-01
2.8689356103e-01
2.8667123673e-01
2.8644983018e-01
2.8625466919e-01
2.8606034445e-01
2.8586690403e-01
2.8567439159e-01
2.8546174838e-01
2.8525034599e-01
2.8504022653e-01
2.8483142659e-01
2.8459215415e-01
2.8435472154e-01
2.8411916250e-01
2.8388550457e-01
2.8366675258e-01
2.8344972861e-01
2.8323444469e-01
2.8302091033e-01
2.8276327085e-01
2.8250824639e-01
2.8225584412e-01
2.8200606894e-01
2.8167415099e-01
2.8134699840e-01
2.8102461224e-01
2.8070699148e-01
2.8035787069e-01
2.8001468690e-01
2.7967743462e-01
2.7934610781e-01
2.7896618582e-01
2.7859434692e-01
2.7823058076e-01
2.7787487703e-01
2.7741106734e-01
2.7696167906e-01
2.7652668893e-01
2.7610607436e-01
2.7547013583e-01
2.7487001892e-01
2.7430564562e-01
2.7377694253e-01
2.7291044641e-01
2.7216022825e-01
2.7152596839e-01
2.7100739660e-01
2.7060429193e-01
2.7031648265e-01
2.7014384611e-01
2.7008630877e-01
