2.8757055431e-01
2.8757235208e-01
2.8757774537e-01
2.8758673405e-01
2.8759931794e-01
2.8761414876e-01
2.8763205135e-01
2.8765302510e-01
2.8767706911e-01
2.8769843699e-01
2.8772175469e-01
2.8774702106e-01
2.8777423460e-01
2.8779823722e-01
2.8782357181e-01
2.8785023663e-01
2.8787822957e-01
2.8790502879e-01
2.8793293734e-01
2.8796195232e-01
2.8799207027e-01
2.8802503206e-01
2.8805921086e-01
2.8809459981e-01
2.8813119070e-01
2.8816604557e-01
2.8820190859e-01
2.8823876938e-01
2.8827661599e-01
2.8831364744e-01
2.8835155086e-01
2.8839031080e-01
2.8842990982e-01
2.8846661343e-01
2.8850397784e-01
2.8854198513e-01
2.8858061567e-01
2.8863058331e-01
2.8868147500e-01
2.8873323770e-01
2.8878581345e-01
2.8883043000e-01
2.8887553342e-01
2.8892108192e-01
2.8896703155e-01
2.8901517101e-01
2.8906364027e-01
2.8911238343e-01
2.8916134282e-01
2.8921512691e-01
2.8926901955e-01
2.8932293971e-01
2.8937680529e-01
2.8944240750e-01
2.8950765327e-01
2.8957239166e-01
2.8963647310e-01
2.8969719236e-01
2.8975704386e-01
2.8981590323e-01
2.8987364969e-01
2.8993149520e-01
2.8998793123e-01
2.9004284234e-01
2.9009611840e-01
2.9015397136e-01
2.9020948226e-01
2.9026251996e-01
2.9031296258e-01
2.9036925601e-01
2.9042157208e-01
2.9046975772e-01
2.9051367750e-01
2.9056120056e-01
2.9060205314e-01
2.9063609207e-01
2.9066320943e-01
2.9068271852e-01
2.9069570003e-01
2.9070214723e-01
2.9070208238e-01
2.9069664173e-01
2.9068620520e-01
2.9067084552e-01
2.9065065388e-01
2.9062984822e-01
2.9060573089e-01
2.9057838969e-01
2.9054792270e-01
2.9051859727e-01
2.9048701367e-01
2.9045325916e-01
2.9041742743e-01
2.9038224055e-01
2.9034542154e-01
2.9030706134e-01
2.9026725560e-01
2.9022118704e-01
2.9017358495e-01
2.9012460202e-01
2.9007439686e-01
2.9003193952e-01
2.8998884986e-01
2.8994522564e-01
2.8990116606e-01
2.8985938800e-01
2.8981739705e-01
2.8977527725e-01
2.8973311232e-01
2.8969648309e-01
2.8965993638e-01
2.8962352518e-01
2.8958730142e-01
2.8955070839e-01
2.8951441341e-01
2.8947846649e-01
2.8944291575e-01
2.8940791059e-01
2.8937338843e-01
2.8933939037e-01
2.8930595513e-01
2.8927485813e-01
2.8924432666e-01
2.8921438744e-01
2.8918506526e-01
2.8915480721e-01
2.8912528672e-01
2.8909652615e-01
2.8906854569e-01
2.8903645302e-01
2.8900550584e-01
2.8897572747e-01
2.8894713811e-01
2.8892121406e-01
2.8889638135e-01
2.8887265089e-01
2.8885003203e-01
2.8882809525e-01
2.8880733252e-01
2.8878774991e-01
2.8876935254e-01
2.8874959668e-01
2.8873143102e-01
2.8871485997e-01
2.8869988710e-01
2.8868229574e-01
2.8866759812e-01
2.8865579814e-01
2.8864689859e-01
2.8864054327e-01
2.8863758011e-01
2.8863800977e-01
2.8864183215e-01
2.8864702217e-01
2.8865418114e-01
2.8866330803e-01
2.8867440142e-01
2.8868518578e-01
2.8869734239e-01
2.8871086951e-01
2.8872576498e-01
2.8874055775e-01
2.8875648657e-01
2.8877354854e-01
2.8879174017e-01
2.8881213454e-01
2.8883377377e-01
2.8885665096e-01
2.8888075792e-01
2.8890405222e-01
2.8892837365e-01
2.8895371192e-01
2.8898005512e-01
2.8900603897e-01
2.8903290670e-01
2.8906064307e-01
2.8908923093e-01
2.8911600350e-01
2.8914345083e-01
2.8917155508e-01
2.8920029673e-01
2.8924050138e-01
2.8928179305e-01
2.8932410554e-01
2.8936736603e-01
2.8940030852e-01
2.8943370182e-01
2.8946750836e-01
2.8950168868e-01
2.8953852062e-01
2.8957567898e-01
2.8961310974e-01
2.8965075713e-01
2.8969287631e-01
2.8973511215e-01
2.8977738214e-01
2.8981960261e-01
2.8987657497e-01
2.8993309086e-01
2.8998894045e-01
2.9004391627e-01
2.9008996785e-01
2.9013511164e-01
2.9017922727e-01
2.9022219798e-01
2.9026566310e-01
2.9030763802e-01
2.9034800535e-01
2.9038665331e-01
2.9042823015e-01
2.9046731907e-01
2.9050378500e-01
2.9053750277e-01
2.9057397174e-01
2.9060618874e-01
2.9063399586e-01
2.9065725437e-01
2.9067914732e-01
2.9069402823e-01
2.9070175911e-01
2.9070223968e-01
2.9069614302e-01
2.9068372435e-01
2.9066498855e-01
2.9063996770e-01
2.9061278512e-01
2.9058083552e-01
2.9054419422e-01
2.9050295383e-01
2.9046473496e-01
2.9042340776e-01
2.9037905725e-01
2.9033177788e-01
2.9028740789e-01
2.9024088810e-01
2.9019230386e-01
2.9014174665e-01
2.9009269492e-01
2.9004208311e-01
2.8999000072e-01
2.8993654176e-01
2.8987429836e-01
2.8981055762e-01
2.8974547641e-01
2.8967921748e-01
2.8962550367e-01
2.8957123216e-01
2.8951649232e-01
2.8946137469e-01
2.8940698675e-01
2.8935240944e-01
2.8929772939e-01
2.8924303276e-01
2.8919725807e-01
2.8915158105e-01
2.8910605027e-01
2.8906071329e-01
2.8901382176e-01
2.8896724052e-01
2.8892101839e-01
2.8887520218e-01
2.8882995210e-01
2.8878519258e-01
2.8874096352e-01
2.8869730241e-01
2.8865698232e-01
2.8861721732e-01
2.8857803235e-01
2.8853945048e-01
2.8849858327e-01
2.8845846501e-01
2.8841911772e-01
2.8838056123e-01
2.8833546269e-01
2.8829155017e-01
2.8824884708e-01
2.8820737362e-01
2.8817047295e-01
2.8813463016e-01
2.8809985506e-01
2.8806615602e-01
2.8803238949e-01
2.8799979205e-01
2.8796836936e-01
2.8793812617e-01
2.8790402054e-01
2.8787156222e-01
2.8784075548e-01
2.8781160372e-01
2.8777598503e-01
2.8774320549e-01
2.8771326853e-01
2.8768617663e-01
2.8765909451e-01
2.8763561913e-01
2.8761575171e-01
2.8759949307e-01
2.8758683257e-01
2.8757778916e-01
2.8757236305e-01
2.8757055433e-01
