0.0000000000e+00
1.7960544900e-02
3.5921089800e-02
5.3881634700e-02
7.1842179600e-02
8.2450994016e-02
9.3059808431e-02
1.0366862285e-01
1.1427743726e-01
1.2149588955e-01
1.2871434184e-01
1.3593279412e-01
1.4315124641e-01
1.4848843974e-01
1.5382563307e-01
1.5916282640e-01
1.6450001973e-01
1.6865705886e-01
1.7281409799e-01
1.7697113712e-01
1.8112817625e-01
1.8448831410e-01
1.8784845195e-01
1.9120858980e-01
1.9456872765e-01
1.9740303239e-01
2.0023733713e-01
2.0307164187e-01
2.0590594661e-01
2.0838503110e-01
2.1086411559e-01
2.1334320009e-01
2.1582228458e-01
2.1810621643e-01
2.2039014828e-01
2.2267408014e-01
2.2495801199e-01
2.2746996809e-01
2.2998192418e-01
2.3249388027e-01
2.3500583636e-01
2.3681511304e-01
2.3862438972e-01
2.4043366640e-01
2.4224294308e-01
2.4373610795e-01
2.4522927282e-01
2.4672243769e-01
2.4821560256e-01
2.4951364267e-01
2.5081168278e-01
2.5210972289e-01
2.5340776300e-01
2.5463481043e-01
2.5586185786e-01
2.5708890529e-01
2.5831595272e-01
2.5964956874e-01
2.6098318476e-01
2.6231680078e-01
2.6365041680e-01
2.6483759690e-01
2.6602477699e-01
2.6721195709e-01
2.6839913718e-01
2.6952499582e-01
2.7065085445e-01
2.7177671308e-01
2.7290257171e-01
2.7396359535e-01
2.7502461898e-01
2.7608564262e-01
2.7714666625e-01
2.7864033914e-01
2.8013401202e-01
2.8162768490e-01
2.8312135778e-01
2.8421394153e-01
2.8530652527e-01
2.8639910902e-01
2.8749169277e-01
2.8860438511e-01
2.8971707744e-01
2.9082976978e-01
2.9194246212e-01
2.9317813695e-01
2.9441381178e-01
2.9564948660e-01
2.9688516143e-01
2.9830015031e-01
2.9971513919e-01
3.0113012807e-01
3.0254511694e-01
3.0398048986e-01
3.0541586278e-01
3.0685123569e-01
3.0828660861e-01
3.0972889960e-01
3.1117119058e-01
3.1261348157e-01
3.1405577255e-01
3.1561156499e-01
3.1716735743e-01
3.1872314988e-01
3.2027894232e-01
3.2203462137e-01
3.2379030042e-01
3.2554597946e-01
3.2730165851e-01
3.2954253372e-01
3.3178340892e-01
3.3402428413e-01
3.3626515933e-01
3.3879804846e-01
3.4133093760e-01
3.4386382673e-01
3.4639671586e-01
3.4932362892e-01
3.5225054197e-01
3.5517745503e-01
3.5810436808e-01
3.6097874464e-01
3.6385312120e-01
3.6672749776e-01
3.6960187432e-01
3.7264961538e-01
3.7569735644e-01
3.7874509749e-01
3.8179283855e-01
3.8516325487e-01
3.8853367118e-01
3.9190408750e-01
3.9527450382e-01
3.9911287927e-01
4.0295125471e-01
4.0678963016e-01
4.1062800561e-01
4.1513483818e-01
4.1964167075e-01
4.2414850332e-01
4.2865533589e-01
4.3415164035e-01
4.3964794482e-01
4.4514424929e-01
4.5064055375e-01
4.5758414974e-01
4.6452774573e-01
4.7147134172e-01
4.7841493771e-01
4.8597997299e-01
4.9354500826e-01
5.0111004354e-01
5.0867507882e-01
5.1497158870e-01
5.2126809857e-01
5.2756460845e-01
5.3386111833e-01
5.3908268340e-01
5.4430424846e-01
5.4952581353e-01
5.5474737860e-01
5.5919635331e-01
5.6364532802e-01
5.6809430273e-01
5.7254327744e-01
5.7642064657e-01
5.8029801569e-01
5.8417538481e-01
5.8805275393e-01
5.9150005517e-01
5.9494735640e-01
5.9839465764e-01
6.0184195887e-01
6.0496916969e-01
6.0809638050e-01
6.1122359131e-01
6.1435080212e-01
6.1726155212e-01
6.2017230212e-01
6.2308305212e-01
6.2599380211e-01
6.2887404352e-01
6.3175428494e-01
6.3463452635e-01
6.3751476776e-01
6.4025022591e-01
6.4298568406e-01
6.4572114222e-01
6.4845660037e-01
6.5093222626e-01
6.5340785216e-01
6.5588347805e-01
6.5835910395e-01
6.6038742108e-01
6.6241573822e-01
6.6444405536e-01
6.6647237249e-01
6.6819564249e-01
6.6991891250e-01
6.7164218250e-01
6.7336545250e-01
6.7492931283e-01
6.7649317316e-01
6.7805703349e-01
6.7962089382e-01
6.8106732027e-01
6.8251374672e-01
6.8396017317e-01
6.8540659962e-01
6.8685360329e-01
6.8830060695e-01
6.8974761062e-01
6.9119461428e-01
6.9260631853e-01
6.9401802278e-01
6.9542972703e-01
6.9684143128e-01
6.9810455151e-01
6.9936767173e-01
7.0063079196e-01
7.0189391219e-01
7.0304738473e-01
7.0420085727e-01
7.0535432981e-01
7.0650780235e-01
7.0757099519e-01
7.0863418803e-01
7.0969738087e-01
7.1076057371e-01
7.1192372020e-01
7.1308686668e-01
7.1425001317e-01
7.1541315966e-01
7.1650170513e-01
7.1759025060e-01
7.1867879608e-01
7.1976734155e-01
7.2081001684e-01
7.2185269213e-01
7.2289536742e-01
7.2393804271e-01
7.2504688636e-01
7.2615573002e-01
7.2726457367e-01
7.2837341732e-01
7.2963823015e-01
7.3090304297e-01
7.3216785579e-01
7.3343266861e-01
7.3467829080e-01
7.3592391299e-01
7.3716953518e-01
7.3841515736e-01
7.3965514029e-01
7.4089512321e-01
7.4213510614e-01
7.4337508906e-01
7.4475247761e-01
7.4612986615e-01
7.4750725470e-01
7.4888464324e-01
7.5067595347e-01
7.5246726371e-01
7.5425857394e-01
7.5604988417e-01
7.5868687321e-01
7.6132386225e-01
7.6396085129e-01
7.6659784034e-01
7.6889930768e-01
7.7120077501e-01
7.7350224235e-01
7.7580370969e-01
7.7834326628e-01
7.8088282288e-01
7.8342237947e-01
7.8596193606e-01
7.8897056483e-01
7.9197919361e-01
7.9498782238e-01
7.9799645116e-01
8.0180914195e-01
8.0562183275e-01
8.0943452355e-01
8.1324721434e-01
8.1854540481e-01
8.2384359527e-01
8.2914178573e-01
8.3443997620e-01
8.4292114489e-01
8.5140231358e-01
8.5988348228e-01
8.6836465097e-01
8.8479040851e-01
9.0121616606e-01
9.1764192360e-01
9.3406768114e-01
9.5055076085e-01
9.6703384057e-01
9.8351692028e-01
1.0000000000e+00
