3.6885984013e-02
3.7224853754e-02
3.8246775228e-02
3.9967656523e-02
4.2413940619e-02
4.4938818415e-02
4.7983026993e-02
5.1574905970e-02
5.5746792854e-02
5.9953341219e-02
6.4670077262e-02
6.9926109099e-02
7.5752038508e-02
8.2019261779e-02
8.8889874863e-02
9.6393934820e-02
1.0456088402e-01
1.1398239397e-01
1.2421290246e-01
1.3527948457e-01
1.4720405718e-01
1.5812252131e-01
1.6968843583e-01
1.8190221392e-01
1.9475893529e-01
2.0729732448e-01
2.2037038140e-01
2.3395991193e-01
2.4804291739e-01
2.6350031169e-01
2.7944351896e-01
2.9582832394e-01
3.1260569135e-01
3.2990717726e-01
3.4749689315e-01
3.6531399267e-01
3.8329610657e-01
4.0053624172e-01
4.1781493238e-01
4.3507910841e-01
4.5227741700e-01
4.7317612277e-01
4.9381818935e-01
5.1412645303e-01
5.3403158873e-01
5.5386118438e-01
5.7315173670e-01
5.9185631260e-01
6.0993657864e-01
6.2922049889e-01
6.4766941142e-01
6.6526317875e-01
6.8199074971e-01
6.9741897582e-01
7.1202894358e-01
7.2582890918e-01
7.3883128845e-01
7.5226132774e-01
7.6476588159e-01
7.7637239824e-01
7.8711015816e-01
7.9848181620e-01
8.0878008620e-01
8.1805162663e-01
8.2634154643e-01
8.3506383342e-01
8.4249916614e-01
8.4870859124e-01
8.5374495684e-01
8.5828621993e-01
8.6127199403e-01
8.6274019546e-01
8.6270865651e-01
8.6155536862e-01
8.5937176971e-01
8.5613681621e-01
8.5182030395e-01
8.4727239281e-01
8.4188608223e-01
8.3562810489e-01
8.2846117469e-01
8.2127400328e-01
8.1330105973e-01
8.0450950593e-01
7.9486524964e-01
7.8554505943e-01
7.7549841221e-01
7.6470101030e-01
7.5312936398e-01
7.4103844262e-01
7.2816635844e-01
7.1449668429e-01
7.0001619207e-01
6.8476903991e-01
6.6870294577e-01
6.5181931847e-01
6.3412628903e-01
6.1774708616e-01
6.0075864065e-01
5.8318379180e-01
5.6505185803e-01
5.4847230696e-01
5.3151031601e-01
5.1420095114e-01
4.9658398427e-01
4.7971839580e-01
4.6265946792e-01
4.4545153691e-01
4.2814195339e-01
4.0849660604e-01
3.8886084044e-01
3.6931254998e-01
3.4993066386e-01
3.3285378658e-01
3.1602637734e-01
2.9950099914e-01
2.8332744099e-01
2.6715262822e-01
2.5144202734e-01
2.3623574810e-01
2.2156821714e-01
2.0630746256e-01
1.9174137524e-01
1.7788961116e-01
1.6476371178e-01
1.5185843049e-01
1.3974219652e-01
1.2840399329e-01
1.1782648606e-01
1.0802918817e-01
9.8936799039e-02
9.0519636781e-02
8.2745700826e-02
7.4880636331e-02
6.7710470006e-02
6.1188995966e-02
5.5270561750e-02
4.8476094832e-02
4.2514752523e-02
3.7302112901e-02
3.2760240292e-02
2.7913100226e-02
2.3882104102e-02
2.0560267088e-02
1.7856649427e-02
1.5623201391e-02
1.3905491826e-02
1.2649709102e-02
1.1816069639e-02
1.1387372719e-02
1.1312688731e-02
1.1589781079e-02
1.2226915692e-02
1.3273695097e-02
1.4751174625e-02
1.6704713365e-02
1.9193500861e-02
2.1684420823e-02
2.4633271296e-02
2.8096559883e-02
3.2138882453e-02
3.5695524351e-02
3.9676272224e-02
4.4121035194e-02
4.9072638079e-02
5.3886810613e-02
5.9161684171e-02
6.4931212506e-02
7.1230319757e-02
7.8023916982e-02
8.5406217391e-02
9.3411441882e-02
1.0207275446e-01
1.1145889874e-01
1.2156700851e-01
1.3242255274e-01
1.4404637937e-01
1.5518887177e-01
1.6697390813e-01
1.7940295368e-01
1.9247192786e-01
2.0511373602e-01
2.1828107256e-01
2.3195635091e-01
2.4611716505e-01
2.6182699493e-01
2.7802539566e-01
2.9466725743e-01
3.1170243827e-01
3.2870126724e-01
3.4597027889e-01
3.6345294102e-01
3.8109130182e-01
3.9854874433e-01
4.1604481137e-01
4.3352511391e-01
4.5093700363e-01
4.7120911694e-01
4.9124167518e-01
5.1096472230e-01
5.3031508910e-01
5.5067366238e-01
5.7047463828e-01
5.8966721273e-01
6.0820992563e-01
6.2713858344e-01
6.4527015446e-01
6.6258514285e-01
6.7907241346e-01
6.9476934218e-01
7.0963284648e-01
7.2367073246e-01
7.3689521865e-01
7.5063232453e-01
7.6341362986e-01
7.7526761432e-01
7.8622480237e-01
7.9779232264e-01
8.0825800001e-01
8.1767056042e-01
8.2607721639e-01
8.3483019115e-01
8.4229284307e-01
8.4852785314e-01
8.5358986437e-01
8.5806590958e-01
8.6107102460e-01
8.6264473037e-01
8.6280885817e-01
8.6183238311e-01
8.5981729591e-01
8.5674610228e-01
8.5259189410e-01
8.4816167111e-01
8.4288836249e-01
8.3673983644e-01
8.2967972686e-01
8.2260735972e-01
8.1475259712e-01
8.0608309774e-01
7.9656513940e-01
7.8737107244e-01
7.7745570855e-01
7.6679479975e-01
7.5536479995e-01
7.4345402206e-01
7.3077124992e-01
7.1729979502e-01
7.0302599594e-01
6.8772414359e-01
6.7158181475e-01
6.5459955406e-01
6.3678488684e-01
6.2066696010e-01
6.0394973111e-01
5.8665464688e-01
5.6880936016e-01
5.5225023560e-01
5.3530043290e-01
5.1799487561e-01
5.0037331817e-01
4.8369804880e-01
4.6682654431e-01
4.4980187686e-01
4.3267013746e-01
4.1060927592e-01
3.8856077043e-01
3.6663649920e-01
3.4494987252e-01
3.2870553058e-01
3.1271137969e-01
2.9701352016e-01
2.8165552731e-01
2.6485661695e-01
2.4858962436e-01
2.3289990036e-01
2.1782577671e-01
2.0294810525e-01
1.8878470864e-01
1.7535306798e-01
1.6266279322e-01
1.4994748584e-01
1.3807237771e-01
1.2702453761e-01
1.1678477667e-01
1.0763264372e-01
9.9187295106e-02
9.1420897143e-02
8.4303989643e-02
7.7060255917e-02
7.0551586477e-02
6.4735740627e-02
5.9571979028e-02
5.3954730599e-02
4.9233956883e-02
4.5347460245e-02
4.2241723445e-02
3.9872454706e-02
3.8204995108e-02
3.7214488879e-02
3.6885984325e-02
