2.5533400850e-01
2.5552176064e-01
2.5608529307e-01
2.5702543456e-01
2.5834356783e-01
2.5918597665e-01
2.6013307128e-01
2.6118523425e-01
2.6234289054e-01
2.6314036988e-01
2.6398148859e-01
2.6486638615e-01
2.6579520932e-01
2.6646948598e-01
2.6716528307e-01
2.6788265678e-01
2.6862166504e-01
2.6919221970e-01
2.6977509131e-01
2.7037030651e-01
2.7097789254e-01
2.7147750480e-01
2.7198521459e-01
2.7250103702e-01
2.7302498743e-01
2.7348765468e-01
2.7395650160e-01
2.7443153861e-01
2.7491277620e-01
2.7539503183e-01
2.7588337777e-01
2.7637782386e-01
2.7687837949e-01
2.7726090242e-01
2.7764692620e-01
2.7803645354e-01
2.7842948629e-01
2.7873307840e-01
2.7903872959e-01
2.7934643880e-01
2.7965620405e-01
2.7994567008e-01
2.8023690244e-01
2.8052989610e-01
2.8082464436e-01
2.8113790271e-01
2.8145309601e-01
2.8177020724e-01
2.8208921490e-01
2.8236597669e-01
2.8264410978e-01
2.8292358941e-01
2.8320438648e-01
2.8346843890e-01
2.8373358442e-01
2.8399978669e-01
2.8426700475e-01
2.8456739059e-01
2.8486892112e-01
2.8517151683e-01
2.8547509032e-01
2.8575644868e-01
2.8603848053e-01
2.8632110030e-01
2.8660421791e-01
2.8693549452e-01
2.8726716594e-01
2.8759907116e-01
2.8793104547e-01
2.8835882603e-01
2.8878608408e-01
2.8921246257e-01
2.8963761078e-01
2.9001364120e-01
2.9038820399e-01
2.9076107895e-01
2.9113205631e-01
2.9154994145e-01
2.9196486417e-01
2.9237657392e-01
2.9278484021e-01
2.9331887493e-01
2.9384609294e-01
2.9436611663e-01
2.9487862156e-01
2.9549496484e-01
2.9609923587e-01
2.9669111223e-01
2.9727035064e-01
2.9787794330e-01
2.9847063091e-01
2.9904833979e-01
2.9961105232e-01
3.0019903702e-01
3.0076982625e-01
3.0132354643e-01
3.0186035722e-01
3.0246503137e-01
3.0304731005e-01
3.0360754868e-01
3.0414612185e-01
3.0478206135e-01
3.0538627821e-01
3.0595952077e-01
3.0650253407e-01
3.0716856913e-01
3.0778572269e-01
3.0835554878e-01
3.0887954200e-01
3.0933905455e-01
3.0975916840e-01
3.1014103583e-01
3.1048576693e-01
3.1080043871e-01
3.1107866004e-01
3.1132153605e-01
3.1153017847e-01
3.1167087204e-01
3.1179169726e-01
3.1189326077e-01
3.1197621087e-01
3.1202894018e-01
3.1207090809e-01
3.1210251742e-01
3.1212420584e-01
3.1213538514e-01
3.1213973842e-01
3.1213763603e-01
3.1212947797e-01
3.1211243944e-01
3.1208819992e-01
3.1205761953e-01
3.1202162523e-01
3.1199310987e-01
3.1196271198e-01
3.1193082551e-01
3.1189785513e-01
3.1186669309e-01
3.1183528676e-01
3.1180396867e-01
3.1177306913e-01
3.1174258481e-01
3.1171318809e-01
3.1168519369e-01
3.1165890063e-01
3.1163548420e-01
3.1161413024e-01
3.1159504773e-01
3.1157842278e-01
3.1156405732e-01
3.1155260965e-01
3.1154419658e-01
3.1153890369e-01
3.1153680619e-01
3.1153767304e-01
3.1154149608e-01
3.1154823935e-01
3.1155905315e-01
3.1157325297e-01
3.1159067321e-01
3.1161110993e-01
3.1163202265e-01
3.1165501036e-01
3.1167984970e-01
3.1170629860e-01
3.1173656085e-01
3.1176806776e-01
3.1180045423e-01
3.1183334417e-01
3.1187015444e-01
3.1190657813e-01
3.1194208149e-01
3.1197613826e-01
3.1201025964e-01
3.1204155355e-01
3.1206944473e-01
3.1209338658e-01
3.1211424457e-01
3.1212926583e-01
3.1213788277e-01
3.1213957036e-01
3.1213066988e-01
3.1210837833e-01
3.1207183512e-01
3.1202026525e-01
3.1192149504e-01
3.1179018278e-01
3.1162478188e-01
3.1142387649e-01
3.1120021291e-01
3.1094258231e-01
3.1064991872e-01
3.1032115318e-01
3.0994825961e-01
3.0953564561e-01
3.0908208746e-01
3.0858631104e-01
3.0816137976e-01
3.0770826049e-01
3.0722623731e-01
3.0671457237e-01
3.0626492960e-01
3.0579372160e-01
3.0530049347e-01
3.0478478604e-01
3.0432124057e-01
3.0384031032e-01
3.0334170428e-01
3.0282513828e-01
3.0234547526e-01
3.0185090372e-01
3.0134124779e-01
3.0081634822e-01
3.0024995497e-01
2.9966655176e-01
2.9906605074e-01
2.9844841350e-01
2.9793639187e-01
2.9741322068e-01
2.9687898263e-01
2.9633380282e-01
2.9588147205e-01
2.9542210730e-01
2.9495585678e-01
2.9448289864e-01
2.9409072083e-01
2.9369431839e-01
2.9329384176e-01
2.9288945929e-01
2.9252568658e-01
2.9215910180e-01
2.9178986335e-01
2.9141814242e-01
2.9104530067e-01
2.9067036970e-01
2.9029355644e-01
2.8991507935e-01
2.8957522028e-01
2.8923438324e-01
2.8889274402e-01
2.8855048269e-01
2.8823347962e-01
2.8791624729e-01
2.8759893229e-01
2.8728168039e-01
2.8700242692e-01
2.8672343062e-01
2.8644478551e-01
2.8616658262e-01
2.8586085232e-01
2.8555587547e-01
2.8525175655e-01
2.8494859288e-01
2.8467874750e-01
2.8440979412e-01
2.8414178629e-01
2.8387477253e-01
2.8358125422e-01
2.8328905197e-01
2.8299821110e-01
2.8270877078e-01
2.8238595399e-01
2.8206497935e-01
2.8174587941e-01
2.8142868059e-01
2.8112203892e-01
2.8081723075e-01
2.8051426824e-01
2.8021316080e-01
2.7983847166e-01
2.7946671657e-01
2.7909790216e-01
2.7873203236e-01
2.7819702274e-01
2.7766844163e-01
2.7714628518e-01
2.7663054655e-01
2.7611739217e-01
2.7561073419e-01
2.7511056200e-01
2.7461686465e-01
2.7402466893e-01
2.7344202921e-01
2.7286892547e-01
2.7230533789e-01
2.7152204604e-01
2.7075781421e-01
2.7001258884e-01
2.6928631762e-01
2.6805253607e-01
2.6687717972e-01
2.6575999238e-01
2.6470073055e-01
2.6249648758e-01
2.6059100002e-01
2.5898209907e-01
2.5766795354e-01
2.5664597931e-01
2.5591682950e-01
2.5547967211e-01
2.5533400837e-01
