4.8913912529e-02
4.9252279523e-02
5.0271123174e-02
5.1981611445e-02
5.4402224722e-02
5.7059156656e-02
6.0275768519e-02
6.4075611110e-02
6.8485432627e-02
7.3103317154e-02
7.8286673762e-02
8.4061708656e-02
9.0455558337e-02
9.8014775017e-02
1.0634788185e-01
1.1548716550e-01
1.2546255960e-01
1.3521076614e-01
1.4567844897e-01
1.5687752861e-01
1.6881498654e-01
1.8135536610e-01
1.9461494383e-01
2.0858177812e-01
2.2323661555e-01
2.3677115655e-01
2.5080080676e-01
2.6529712907e-01
2.8022719643e-01
2.9979192075e-01
3.1991309415e-01
3.4049740188e-01
3.6144544632e-01
3.7860426609e-01
3.9587807944e-01
4.1321135279e-01
4.3054944465e-01
4.4931496352e-01
4.6795866864e-01
4.8641947572e-01
5.0464071063e-01
5.2413797515e-01
5.4323039188e-01
5.6186559921e-01
5.7999866940e-01
6.0215443672e-01
6.2338724285e-01
6.4365324353e-01
6.6292341403e-01
6.7934444919e-01
6.9494807667e-01
7.0973681779e-01
7.2371847567e-01
7.3771586485e-01
7.5083335214e-01
7.6309336255e-01
7.7452088340e-01
7.8653223762e-01
7.9754372740e-01
8.0759679926e-01
8.1673261284e-01
8.2656127401e-01
8.3518769375e-01
8.4267344894e-01
8.4907442696e-01
8.5555774077e-01
8.6053902630e-01
8.6407970833e-01
8.6622341996e-01
8.6698314921e-01
8.6659875968e-01
8.6506310532e-01
8.6235598629e-01
8.5895530574e-01
8.5457917039e-01
8.4918846046e-01
8.4273661631e-01
8.3665935933e-01
8.2981012684e-01
8.2215402897e-01
8.1365387157e-01
8.0535103826e-01
7.9632078081e-01
7.8653411575e-01
7.7596197779e-01
7.6538149465e-01
7.5407203668e-01
7.4201245014e-01
7.2918338562e-01
7.1382505209e-01
6.9745401976e-01
6.8005747917e-01
6.6163061233e-01
6.4590765046e-01
6.2951582418e-01
6.1246882890e-01
5.9478662749e-01
5.7722794061e-01
5.5913803304e-01
5.4055386325e-01
5.2151936684e-01
5.0486061431e-01
4.8794408828e-01
4.7081005402e-01
4.5350235907e-01
4.3532206918e-01
4.1706118908e-01
3.9877942337e-01
3.8053860100e-01
3.6283623470e-01
3.4529214671e-01
3.2796480926e-01
3.1091123098e-01
2.9490430732e-01
2.7924311105e-01
2.6396938857e-01
2.4912100881e-01
2.3370912805e-01
2.1886025092e-01
2.0460324615e-01
1.9096039839e-01
1.7237721872e-01
1.5513006077e-01
1.3921835567e-01
1.2461980042e-01
1.1447426404e-01
1.0502706762e-01
9.6251857650e-02
8.8119507705e-02
7.9981666671e-02
7.2523373958e-02
6.5702372162e-02
5.9476348241e-02
5.2178172041e-02
4.5732246521e-02
4.0053482570e-02
3.5062244012e-02
2.9061848240e-02
2.4094276547e-02
1.9999539123e-02
1.6640576117e-02
1.4087781232e-02
1.1988283034e-02
1.0277474613e-02
8.9019426093e-03
7.7185072706e-03
6.8465634402e-03
6.2517498072e-03
5.9105213084e-03
5.8087819359e-03
5.9126350431e-03
6.2256726633e-03
6.7587415923e-03
7.4986350276e-03
8.4839335487e-03
9.7459169949e-03
1.1324329143e-02
1.3080243465e-02
1.5184587428e-02
1.7690322936e-02
2.0659385359e-02
2.3523204476e-02
2.6801052902e-02
3.0544775794e-02
3.4811833396e-02
3.8669470681e-02
4.2942763386e-02
4.7669800286e-02
5.2890917146e-02
5.8068514596e-02
6.3716582487e-02
6.9868530274e-02
7.6558337012e-02
8.4060760242e-02
9.2209333690e-02
1.0104008962e-01
1.1058714326e-01
1.2035295525e-01
1.3081779002e-01
1.4200127204e-01
1.5391811866e-01
1.6567636647e-01
1.7807980009e-01
1.9112489242e-01
2.0480210848e-01
2.1789161510e-01
2.3148263043e-01
2.4555327341e-01
2.6007702241e-01
2.7782868481e-01
2.9611350828e-01
3.1486509130e-01
3.3401094217e-01
3.5102125081e-01
3.6822030880e-01
3.8555329553e-01
4.0296513149e-01
4.2092348489e-01
4.3884927902e-01
4.5668643185e-01
4.7438163262e-01
4.9414292133e-01
5.1359277267e-01
5.3267137051e-01
5.5132574657e-01
5.7979853735e-01
6.0695569963e-01
6.3269096011e-01
6.5693423732e-01
6.7375304353e-01
6.8974156278e-01
7.0490067725e-01
7.1923694235e-01
7.3348262331e-01
7.4684297294e-01
7.5933954142e-01
7.7099667947e-01
7.8323933609e-01
7.9447586123e-01
8.0474754711e-01
8.1409571196e-01
8.2424368047e-01
8.3316449191e-01
8.4092301314e-01
8.4757878922e-01
8.5441348451e-01
8.5970554523e-01
8.6352689841e-01
8.6593167920e-01
8.6692718243e-01
8.6675143331e-01
8.6540522039e-01
8.6287572600e-01
8.5970768907e-01
8.5560676929e-01
8.5054043495e-01
8.4446905766e-01
8.3858793522e-01
8.3194132901e-01
8.2449583395e-01
8.1621551427e-01
8.0811177564e-01
7.9928839747e-01
7.8971671446e-01
7.7936779125e-01
7.6904128917e-01
7.5799795473e-01
7.4621646073e-01
7.3367707436e-01
7.1888699710e-01
7.0312646218e-01
6.8638145149e-01
6.6864498517e-01
6.5318157841e-01
6.3704295370e-01
6.2024075209e-01
6.0279277561e-01
5.8510995906e-01
5.6686171063e-01
5.4808527534e-01
5.2882552559e-01
5.1235556555e-01
4.9561853134e-01
4.7865356070e-01
4.6150347347e-01
4.4354533515e-01
4.2549288456e-01
4.0740456004e-01
3.8934118777e-01
3.7153021872e-01
3.5386661728e-01
3.3641162537e-01
3.1922532732e-01
3.0329842823e-01
2.8770915827e-01
2.7250078849e-01
2.5771297789e-01
2.4231309953e-01
2.2747969872e-01
2.1324494986e-01
1.9963455369e-01
1.8046178974e-01
1.6276895969e-01
1.4656588091e-01
1.3183755178e-01
1.2205228396e-01
1.1300637249e-01
1.0467760696e-01
9.7041343628e-02
8.9563589525e-02
8.2824306911e-02
7.6789611963e-02
7.1426310995e-02
6.5936871115e-02
6.1283291327e-02
5.7422342271e-02
5.4316380362e-02
5.1933918318e-02
5.0250116853e-02
4.9247057752e-02
4.8913914076e-02
