2.7592518877e-01
2.7595988679e-01
2.7606398957e-01
2.7623752330e-01
2.7648053161e-01
2.7668394560e-01
2.7691908743e-01
2.7718598407e-01
2.7748466613e-01
2.7772156916e-01
2.7797527505e-01
2.7824579912e-01
2.7853315776e-01
2.7876862939e-01
2.7901433126e-01
2.7927027236e-01
2.7953646210e-01
2.7976376451e-01
2.7999805309e-01
2.8023933363e-01
2.8048761212e-01
2.8071328410e-01
2.8094445110e-01
2.8118111750e-01
2.8142328766e-01
2.8166541653e-01
2.8191281601e-01
2.8216548986e-01
2.8242344147e-01
2.8263132802e-01
2.8284252289e-01
2.8305702653e-01
2.8327483866e-01
2.8344253393e-01
2.8361213713e-01
2.8378364656e-01
2.8395705974e-01
2.8411623027e-01
2.8427696547e-01
2.8443926092e-01
2.8460311104e-01
2.8479659103e-01
2.8499217113e-01
2.8518983302e-01
2.8538955358e-01
2.8554654385e-01
2.8570474958e-01
2.8586415144e-01
2.8602472695e-01
2.8617418415e-01
2.8632459864e-01
2.8647594393e-01
2.8662819029e-01
2.8682883823e-01
2.8703089030e-01
2.8723425221e-01
2.8743881873e-01
2.8760011020e-01
2.8776201157e-01
2.8792445845e-01
2.8808738291e-01
2.8828529985e-01
2.8848368069e-01
2.8868238780e-01
2.8888127921e-01
2.8909510514e-01
2.8930879294e-01
2.8952215819e-01
2.8973501658e-01
2.8995421457e-01
2.9017247754e-01
2.9038961124e-01
2.9060542686e-01
2.9083148840e-01
2.9105567401e-01
2.9127778757e-01
2.9149764296e-01
2.9174825021e-01
2.9199536595e-01
2.9223875643e-01
2.9247820629e-01
2.9280578959e-01
2.9312481559e-01
2.9343486352e-01
2.9373556962e-01
2.9415049233e-01
2.9454475727e-01
2.9491778024e-01
2.9526912402e-01
2.9554233711e-01
2.9580047066e-01
2.9604344491e-01
2.9627121694e-01
2.9653171436e-01
2.9676901691e-01
2.9698322728e-01
2.9717450633e-01
2.9732679682e-01
2.9746099644e-01
2.9757734296e-01
2.9767611851e-01
2.9774691237e-01
2.9780533180e-01
2.9785165014e-01
2.9788617841e-01
2.9790543494e-01
2.9791767293e-01
2.9792311087e-01
2.9792198949e-01
2.9791616511e-01
2.9790606294e-01
2.9789186758e-01
2.9787377770e-01
2.9785384545e-01
2.9783096566e-01
2.9780532738e-01
2.9777713063e-01
2.9774683503e-01
2.9771444503e-01
2.9768018680e-01
2.9764429565e-01
2.9761082248e-01
2.9757640777e-01
2.9754123754e-01
2.9750550073e-01
2.9747094217e-01
2.9743620727e-01
2.9740146331e-01
2.9736687590e-01
2.9733651505e-01
2.9730651522e-01
2.9727698387e-01
2.9724802484e-01
2.9721759246e-01
2.9718805783e-01
2.9715953247e-01
2.9713212053e-01
2.9710817213e-01
2.9708529767e-01
2.9706355903e-01
2.9704301261e-01
2.9702156432e-01
2.9700172566e-01
2.9698355204e-01
2.9696709166e-01
2.9695188287e-01
2.9693859814e-01
2.9692726998e-01
2.9691792487e-01
2.9691067469e-01
2.9690538681e-01
2.9690207210e-01
2.9690073724e-01
2.9690133958e-01
2.9690381336e-01
2.9690815390e-01
2.9691435283e-01
2.9692271098e-01
2.9693302792e-01
2.9694528041e-01
2.9695943963e-01
2.9697410154e-01
2.9699031205e-01
2.9700803400e-01
2.9702722474e-01
2.9704719908e-01
2.9706846015e-01
2.9709095229e-01
2.9711461401e-01
2.9714008646e-01
2.9716664352e-01
2.9719419857e-01
2.9722265855e-01
2.9725176864e-01
2.9728157275e-01
2.9731196254e-01
2.9734282516e-01
2.9737849989e-01
2.9741445978e-01
2.9745052174e-01
2.9748649997e-01
2.9753126714e-01
2.9757523664e-01
2.9761804181e-01
2.9765932286e-01
2.9769487608e-01
2.9772866468e-01
2.9776045087e-01
2.9779000669e-01
2.9782073517e-01
2.9784796929e-01
2.9787142160e-01
2.9789082331e-01
2.9790960203e-01
2.9792058603e-01
2.9792331716e-01
2.9791738315e-01
2.9789739638e-01
2.9786285097e-01
2.9781320384e-01
2.9774798498e-01
2.9766665575e-01
2.9756895081e-01
2.9745456851e-01
2.9732325138e-01
2.9718071269e-01
2.9702213216e-01
2.9684737662e-01
2.9665634140e-01
2.9646250148e-01
2.9625426225e-01
2.9603160871e-01
2.9579455236e-01
2.9554393481e-01
2.9527911659e-01
2.9500020788e-01
2.9470736143e-01
2.9445010446e-01
2.9418325667e-01
2.9390700008e-01
2.9362155182e-01
2.9339709542e-01
2.9316753829e-01
2.9293302785e-01
2.9269372849e-01
2.9248199094e-01
2.9226690448e-01
2.9204861182e-01
2.9182726734e-01
2.9161989506e-01
2.9141019352e-01
2.9119831275e-01
2.9098441170e-01
2.9073611139e-01
2.9048562947e-01
2.9023324843e-01
2.8997926308e-01
2.8978804947e-01
2.8959623793e-01
2.8940396211e-01
2.8921135694e-01
2.8903685243e-01
2.8886228934e-01
2.8868776708e-01
2.8851338373e-01
2.8834820658e-01
2.8818332098e-01
2.8801880452e-01
2.8785473197e-01
2.8767921013e-01
2.8750436612e-01
2.8733027889e-01
2.8715702206e-01
2.8700000641e-01
2.8684378344e-01
2.8668839655e-01
2.8653388532e-01
2.8636340093e-01
2.8619408377e-01
2.8602597236e-01
2.8585910033e-01
2.8566646844e-01
2.8547559396e-01
2.8528650933e-01
2.8509924122e-01
2.8492724504e-01
2.8475684329e-01
2.8458804740e-01
2.8442086656e-01
2.8422450197e-01
2.8403043329e-01
2.8383866760e-01
2.8364921003e-01
2.8340309510e-01
2.8316099908e-01
2.8292292473e-01
2.8268887298e-01
2.8242026110e-01
2.8215714822e-01
2.8189953136e-01
2.8164740691e-01
2.8137107986e-01
2.8110165489e-01
2.8083912589e-01
2.8058348672e-01
2.8026584845e-01
2.7995950956e-01
2.7966445783e-01
2.7938068141e-01
2.7898424370e-01
2.7861207796e-01
2.7826415182e-01
2.7794043504e-01
2.7746767222e-01
2.7705816215e-01
2.7671181148e-01
2.7642854125e-01
2.7620828685e-01
2.7605099813e-01
2.7595663923e-01
2.7592518866e-01
