0.0000000000e+00
3.6556258686e-03
7.3112517372e-03
1.0966877606e-02
1.4622503474e-02
1.7963259102e-02
2.1304014729e-02
2.4644770357e-02
2.7985525984e-02
3.1117209232e-02
3.4248892479e-02
3.7380575727e-02
4.0512258975e-02
4.3496965445e-02
4.6481671915e-02
4.9466378385e-02
5.2451084856e-02
5.5335753150e-02
5.8220421445e-02
6.1105089740e-02
6.3989758035e-02
6.6814089777e-02
6.9638421520e-02
7.2462753263e-02
7.5287085005e-02
7.8088900042e-02
8.0890715078e-02
8.3692530114e-02
8.6494345151e-02
8.9316842407e-02
9.2139339663e-02
9.4961836918e-02
9.7784334174e-02
1.0069476568e-01
1.0360519719e-01
1.0651562870e-01
1.0942606021e-01
1.1260592922e-01
1.1578579822e-01
1.1896566723e-01
1.2214553624e-01
1.2539451064e-01
1.2864348504e-01
1.3189245944e-01
1.3514143384e-01
1.3806679634e-01
1.4099215884e-01
1.4391752134e-01
1.4684288384e-01
1.4964776578e-01
1.5245264771e-01
1.5525752965e-01
1.5806241159e-01
1.6081969354e-01
1.6357697550e-01
1.6633425745e-01
1.6909153941e-01
1.7184686945e-01
1.7460219950e-01
1.7735752955e-01
1.8011285959e-01
1.8290963995e-01
1.8570642030e-01
1.8850320065e-01
1.9129998101e-01
1.9421058271e-01
1.9712118441e-01
2.0003178611e-01
2.0294238781e-01
2.0591741690e-01
2.0889244599e-01
2.1186747507e-01
2.1484250416e-01
2.1796212327e-01
2.2108174238e-01
2.2420136149e-01
2.2732098060e-01
2.3044872935e-01
2.3357647810e-01
2.3670422685e-01
2.3983197560e-01
2.4291789378e-01
2.4600381195e-01
2.4908973012e-01
2.5217564829e-01
2.5530677414e-01
2.5843789999e-01
2.6156902583e-01
2.6470015168e-01
2.6794198203e-01
2.7118381237e-01
2.7442564272e-01
2.7766747306e-01
2.8112901610e-01
2.8459055913e-01
2.8805210216e-01
2.9151364520e-01
2.9562159607e-01
2.9972954694e-01
3.0383749781e-01
3.0794544868e-01
3.1169079773e-01
3.1543614677e-01
3.1918149582e-01
3.2292684486e-01
3.2648284976e-01
3.3003885465e-01
3.3359485955e-01
3.3715086444e-01
3.4065283034e-01
3.4415479624e-01
3.4765676214e-01
3.5115872804e-01
3.5466289524e-01
3.5816706243e-01
3.6167122963e-01
3.6517539682e-01
3.6871696160e-01
3.7225852638e-01
3.7580009117e-01
3.7934165595e-01
3.8294815047e-01
3.8655464499e-01
3.9016113951e-01
3.9376763403e-01
3.9746400470e-01
4.0116037537e-01
4.0485674604e-01
4.0855311671e-01
4.1236481856e-01
4.1617652040e-01
4.1998822225e-01
4.2379992410e-01
4.2775604204e-01
4.3171215999e-01
4.3566827793e-01
4.3962439587e-01
4.4376340684e-01
4.4790241780e-01
4.5204142876e-01
4.5618043972e-01
4.6056657209e-01
4.6495270446e-01
4.6933883683e-01
4.7372496919e-01
4.7851541104e-01
4.8330585289e-01
4.8809629473e-01
4.9288673658e-01
4.9756395790e-01
5.0224117923e-01
5.0691840055e-01
5.1159562187e-01
5.1593660539e-01
5.2027758892e-01
5.2461857244e-01
5.2895955596e-01
5.3307818321e-01
5.3719681047e-01
5.4131543772e-01
5.4543406498e-01
5.4938140837e-01
5.5332875177e-01
5.5727609516e-01
5.6122343856e-01
5.6503273048e-01
5.6884202240e-01
5.7265131431e-01
5.7646060623e-01
5.8015809360e-01
5.8385558096e-01
5.8755306833e-01
5.9125055570e-01
5.9485984456e-01
5.9846913343e-01
6.0207842230e-01
6.0568771117e-01
6.0923216694e-01
6.1277662271e-01
6.1632107847e-01
6.1986553424e-01
6.2337129683e-01
6.2687705943e-01
6.3038282202e-01
6.3388858461e-01
6.3738955799e-01
6.4089053137e-01
6.4439150475e-01
6.4789247813e-01
6.5144521178e-01
6.5499794544e-01
6.5855067909e-01
6.6210341275e-01
6.6585364085e-01
6.6960386896e-01
6.7335409707e-01
6.7710432517e-01
6.8118476538e-01
6.8526520559e-01
6.8934564580e-01
6.9342608602e-01
6.9690302590e-01
7.0037996579e-01
7.0385690568e-01
7.0733384557e-01
7.1059753455e-01
7.1386122354e-01
7.1712491253e-01
7.2038860152e-01
7.2353476001e-01
7.2668091849e-01
7.2982707698e-01
7.3297323547e-01
7.3606342649e-01
7.3915361751e-01
7.4224380854e-01
7.4533399956e-01
7.4844285931e-01
7.5155171906e-01
7.5466057882e-01
7.5776943857e-01
7.6096449649e-01
7.6415955440e-01
7.6735461232e-01
7.7054967023e-01
7.7354038308e-01
7.7653109592e-01
7.7952180876e-01
7.8251252161e-01
7.8549257068e-01
7.8847261976e-01
7.9145266884e-01
7.9443271792e-01
7.9724945009e-01
8.0006618227e-01
8.0288291444e-01
8.0569964661e-01
8.0846212321e-01
8.1122459980e-01
8.1398707640e-01
8.1674955300e-01
8.1950241987e-01
8.2225528674e-01
8.2500815361e-01
8.2776102048e-01
8.3054857793e-01
8.3333613539e-01
8.3612369284e-01
8.3891125030e-01
8.4180268136e-01
8.4469411242e-01
8.4758554348e-01
8.5047697454e-01
8.5363277478e-01
8.5678857501e-01
8.5994437525e-01
8.6310017549e-01
8.6637944275e-01
8.6965871001e-01
8.7293797728e-01
8.7621724454e-01
8.7915996746e-01
8.8210269037e-01
8.8504541329e-01
8.8798813620e-01
8.9082468463e-01
8.9366123306e-01
8.9649778148e-01
8.9933432991e-01
9.0213725265e-01
9.0494017538e-01
9.0774309811e-01
9.1054602085e-01
9.1336130348e-01
9.1617658612e-01
9.1899186876e-01
9.2180715139e-01
9.2467462456e-01
9.2754209773e-01
9.3040957091e-01
9.3327704408e-01
9.3623883232e-01
9.3920062056e-01
9.4216240880e-01
9.4512419704e-01
9.4823165314e-01
9.5133910925e-01
9.5444656535e-01
9.5755402146e-01
9.6087814149e-01
9.6420226152e-01
9.6752638155e-01
9.7085050158e-01
9.7449415024e-01
9.7813779890e-01
9.8178144756e-01
9.8542509622e-01
9.8906882216e-01
9.9271254811e-01
9.9635627405e-01
1.0000000000e+00
