0.0000000000e+00
5.1636615154e-03
1.0327323031e-02
1.5490984546e-02
2.0654646062e-02
2.5543783170e-02
3.0432920278e-02
3.5322057386e-02
4.0211194494e-02
4.4779405600e-02
4.9347616707e-02
5.3915827814e-02
5.8484038920e-02
6.2254843782e-02
6.6025648644e-02
6.9796453506e-02
7.3567258368e-02
7.6557265478e-02
7.9547272587e-02
8.2537279696e-02
8.5527286806e-02
8.8218702132e-02
9.0910117459e-02
9.3601532786e-02
9.6292948112e-02
9.9068523893e-02
1.0184409967e-01
1.0461967546e-01
1.0739525124e-01
1.1001879503e-01
1.1264233881e-01
1.1526588260e-01
1.1788942639e-01
1.2036340651e-01
1.2283738663e-01
1.2531136675e-01
1.2778534687e-01
1.3003856348e-01
1.3229178008e-01
1.3454499669e-01
1.3679821329e-01
1.3976364717e-01
1.4272908106e-01
1.4569451494e-01
1.4865994882e-01
1.5096238273e-01
1.5326481663e-01
1.5556725054e-01
1.5786968444e-01
1.6034712483e-01
1.6282456522e-01
1.6530200560e-01
1.6777944599e-01
1.7056273628e-01
1.7334602658e-01
1.7612931687e-01
1.7891260716e-01
1.8248240082e-01
1.8605219447e-01
1.8962198813e-01
1.9319178178e-01
1.9633480672e-01
1.9947783165e-01
2.0262085659e-01
2.0576388153e-01
2.0912059110e-01
2.1247730066e-01
2.1583401023e-01
2.1919071980e-01
2.2302228038e-01
2.2685384096e-01
2.3068540154e-01
2.3451696211e-01
2.3917405930e-01
2.4383115649e-01
2.4848825368e-01
2.5314535087e-01
2.5919670097e-01
2.6524805107e-01
2.7129940117e-01
2.7735075127e-01
2.8257899118e-01
2.8780723108e-01
2.9303547099e-01
2.9826371090e-01
3.0294917896e-01
3.0763464703e-01
3.1232011509e-01
3.1700558316e-01
3.2073546024e-01
3.2446533731e-01
3.2819521439e-01
3.3192509147e-01
3.3526302288e-01
3.3860095430e-01
3.4193888571e-01
3.4527681713e-01
3.4841861546e-01
3.5156041379e-01
3.5470221212e-01
3.5784401045e-01
3.6185796893e-01
3.6587192740e-01
3.6988588588e-01
3.7389984435e-01
3.7666803299e-01
3.7943622163e-01
3.8220441027e-01
3.8497259891e-01
3.8755217773e-01
3.9013175655e-01
3.9271133537e-01
3.9529091419e-01
3.9768034061e-01
4.0006976702e-01
4.0245919344e-01
4.0484861985e-01
4.0765215144e-01
4.1045568303e-01
4.1325921462e-01
4.1606274621e-01
4.1839645348e-01
4.2073016075e-01
4.2306386802e-01
4.2539757530e-01
4.2795413879e-01
4.3051070228e-01
4.3306726578e-01
4.3562382927e-01
4.3827561892e-01
4.4092740857e-01
4.4357919822e-01
4.4623098786e-01
4.4907733698e-01
4.5192368609e-01
4.5477003520e-01
4.5761638431e-01
4.6037388849e-01
4.6313139267e-01
4.6588889684e-01
4.6864640102e-01
4.7173215073e-01
4.7481790044e-01
4.7790365015e-01
4.8098939985e-01
4.8459780173e-01
4.8820620360e-01
4.9181460548e-01
4.9542300735e-01
4.9891922762e-01
5.0241544788e-01
5.0591166814e-01
5.0940788841e-01
5.1240408218e-01
5.1540027595e-01
5.1839646972e-01
5.2139266349e-01
5.2413977967e-01
5.2688689584e-01
5.2963401201e-01
5.3238112818e-01
5.3515877055e-01
5.3793641293e-01
5.4071405530e-01
5.4349169767e-01
5.4616577429e-01
5.4883985091e-01
5.5151392753e-01
5.5418800415e-01
5.5662746508e-01
5.5906692601e-01
5.6150638694e-01
5.6394584787e-01
5.6626892961e-01
5.6859201135e-01
5.7091509309e-01
5.7323817483e-01
5.7584277390e-01
5.7844737298e-01
5.8105197205e-01
5.8365657112e-01
5.8602570364e-01
5.8839483616e-01
5.9076396868e-01
5.9313310120e-01
5.9560151735e-01
5.9806993351e-01
6.0053834966e-01
6.0300676581e-01
6.0583939264e-01
6.0867201946e-01
6.1150464628e-01
6.1433727310e-01
6.1776309939e-01
6.2118892568e-01
6.2461475197e-01
6.2804057827e-01
6.3119025922e-01
6.3433994018e-01
6.3748962114e-01
6.4063930210e-01
6.4396929976e-01
6.4729929742e-01
6.5062929508e-01
6.5395929274e-01
6.5774575679e-01
6.6153222084e-01
6.6531868488e-01
6.6910514893e-01
6.7372897854e-01
6.7835280814e-01
6.8297663775e-01
6.8760046735e-01
6.9320307247e-01
6.9880567758e-01
7.0440828269e-01
7.1001088781e-01
7.1549994669e-01
7.2098900557e-01
7.2647806445e-01
7.3196712333e-01
7.3650486539e-01
7.4104260745e-01
7.4558034952e-01
7.5011809158e-01
7.5393541636e-01
7.5775274113e-01
7.6157006591e-01
7.6538739068e-01
7.6879504690e-01
7.7220270312e-01
7.7561035934e-01
7.7901801556e-01
7.8214903788e-01
7.8528006019e-01
7.8841108250e-01
7.9154210481e-01
7.9473316103e-01
7.9792421725e-01
8.0111527346e-01
8.0430632968e-01
8.0722097072e-01
8.1013561176e-01
8.1305025281e-01
8.1596489385e-01
8.1880487346e-01
8.2164485307e-01
8.2448483268e-01
8.2732481229e-01
8.2966537938e-01
8.3200594646e-01
8.3434651355e-01
8.3668708064e-01
8.3905338871e-01
8.4141969679e-01
8.4378600486e-01
8.4615231293e-01
8.4860600337e-01
8.5105969381e-01
8.5351338425e-01
8.5596707469e-01
8.5822047191e-01
8.6047386912e-01
8.6272726634e-01
8.6498066355e-01
8.6743046162e-01
8.6988025969e-01
8.7233005776e-01
8.7477985583e-01
8.7770038152e-01
8.8062090722e-01
8.8354143291e-01
8.8646195861e-01
8.8912626712e-01
8.9179057562e-01
8.9445488412e-01
8.9711919263e-01
8.9991799217e-01
9.0271679171e-01
9.0551559125e-01
9.0831439079e-01
9.1169111559e-01
9.1506784040e-01
9.1844456520e-01
9.2182129000e-01
9.2614806464e-01
9.3047483928e-01
9.3480161392e-01
9.3912838855e-01
9.4403630137e-01
9.4894421418e-01
9.5385212699e-01
9.5876003981e-01
9.6391503483e-01
9.6907002985e-01
9.7422502488e-01
9.7938001990e-01
9.8453501493e-01
9.8969000995e-01
9.9484500498e-01
1.0000000000e+00
