0.0000000000e+00
6.2191642101e-03
1.2438328420e-02
1.8657492630e-02
2.4876656841e-02
3.0160540213e-02
3.5444423585e-02
4.0728306958e-02
4.6012190330e-02
5.0706892343e-02
5.5401594355e-02
6.0096296368e-02
6.4790998380e-02
6.9818742770e-02
7.4846487159e-02
7.9874231549e-02
8.4901975938e-02
8.8716642651e-02
9.2531309364e-02
9.6345976077e-02
1.0016064279e-01
1.0311424814e-01
1.0606785349e-01
1.0902145884e-01
1.1197506419e-01
1.1455378006e-01
1.1713249594e-01
1.1971121181e-01
1.2228992768e-01
1.2483943656e-01
1.2738894543e-01
1.2993845431e-01
1.3248796319e-01
1.3500144454e-01
1.3751492590e-01
1.4002840726e-01
1.4254188862e-01
1.4485438708e-01
1.4716688554e-01
1.4947938401e-01
1.5179188247e-01
1.5391614106e-01
1.5604039964e-01
1.5816465823e-01
1.6028891681e-01
1.6285082808e-01
1.6541273935e-01
1.6797465061e-01
1.7053656188e-01
1.7272558249e-01
1.7491460310e-01
1.7710362371e-01
1.7929264432e-01
1.8159746861e-01
1.8390229290e-01
1.8620711718e-01
1.8851194147e-01
1.9108073469e-01
1.9364952792e-01
1.9621832114e-01
1.9878711436e-01
2.0202402793e-01
2.0526094150e-01
2.0849785507e-01
2.1173476863e-01
2.1470783475e-01
2.1768090087e-01
2.2065396698e-01
2.2362703310e-01
2.2684685217e-01
2.3006667124e-01
2.3328649031e-01
2.3650630938e-01
2.4017002740e-01
2.4383374542e-01
2.4749746344e-01
2.5116118146e-01
2.5576365346e-01
2.6036612546e-01
2.6496859747e-01
2.6957106947e-01
2.7619063634e-01
2.8281020321e-01
2.8942977009e-01
2.9604933696e-01
3.0155468265e-01
3.0706002835e-01
3.1256537405e-01
3.1807071974e-01
3.2256271485e-01
3.2705470995e-01
3.3154670505e-01
3.3603870016e-01
3.3972838940e-01
3.4341807864e-01
3.4710776788e-01
3.5079745711e-01
3.5406315866e-01
3.5732886020e-01
3.6059456174e-01
3.6386026328e-01
3.6688157195e-01
3.6990288063e-01
3.7292418930e-01
3.7594549798e-01
3.7995246920e-01
3.8395944042e-01
3.8796641164e-01
3.9197338286e-01
3.9461783002e-01
3.9726227719e-01
3.9990672436e-01
4.0255117153e-01
4.0500401460e-01
4.0745685767e-01
4.0990970074e-01
4.1236254381e-01
4.1462174108e-01
4.1688093834e-01
4.1914013560e-01
4.2139933286e-01
4.2417808346e-01
4.2695683405e-01
4.2973558465e-01
4.3251433524e-01
4.3470157039e-01
4.3688880553e-01
4.3907604068e-01
4.4126327582e-01
4.4362171840e-01
4.4598016097e-01
4.4833860355e-01
4.5069704613e-01
4.5330999057e-01
4.5592293502e-01
4.5853587946e-01
4.6114882390e-01
4.6376225470e-01
4.6637568549e-01
4.6898911628e-01
4.7160254707e-01
4.7423925570e-01
4.7687596434e-01
4.7951267297e-01
4.8214938161e-01
4.8506911723e-01
4.8798885285e-01
4.9090858847e-01
4.9382832409e-01
4.9679346436e-01
4.9975860464e-01
5.0272374492e-01
5.0568888519e-01
5.0835165428e-01
5.1101442337e-01
5.1367719245e-01
5.1633996154e-01
5.1892639165e-01
5.2151282176e-01
5.2409925187e-01
5.2668568198e-01
5.2948507432e-01
5.3228446665e-01
5.3508385898e-01
5.3788325132e-01
5.4022943641e-01
5.4257562151e-01
5.4492180660e-01
5.4726799170e-01
5.4946658394e-01
5.5166517619e-01
5.5386376843e-01
5.5606236068e-01
5.5841939612e-01
5.6077643156e-01
5.6313346700e-01
5.6549050245e-01
5.6779221890e-01
5.7009393536e-01
5.7239565182e-01
5.7469736827e-01
5.7699779186e-01
5.7929821544e-01
5.8159863903e-01
5.8389906261e-01
5.8655020967e-01
5.8920135674e-01
5.9185250380e-01
5.9450365086e-01
5.9759114558e-01
6.0067864030e-01
6.0376613503e-01
6.0685362975e-01
6.0985516652e-01
6.1285670330e-01
6.1585824007e-01
6.1885977685e-01
6.2200084083e-01
6.2514190480e-01
6.2828296878e-01
6.3142403276e-01
6.3498274772e-01
6.3854146268e-01
6.4210017764e-01
6.4565889260e-01
6.5007966816e-01
6.5450044372e-01
6.5892121927e-01
6.6334199483e-01
6.6923962060e-01
6.7513724638e-01
6.8103487215e-01
6.8693249792e-01
6.9327663526e-01
6.9962077260e-01
7.0596490994e-01
7.1230904728e-01
7.1686347075e-01
7.2141789422e-01
7.2597231769e-01
7.3052674116e-01
7.3429638796e-01
7.3806603475e-01
7.4183568154e-01
7.4560532833e-01
7.4888830423e-01
7.5217128014e-01
7.5545425604e-01
7.5873723194e-01
7.6171389195e-01
7.6469055196e-01
7.6766721197e-01
7.7064387199e-01
7.7357730695e-01
7.7651074191e-01
7.7944417687e-01
7.8237761183e-01
7.8524414336e-01
7.8811067489e-01
7.9097720642e-01
7.9384373796e-01
7.9639272457e-01
7.9894171118e-01
8.0149069779e-01
8.0403968440e-01
8.0627848610e-01
8.0851728780e-01
8.1075608950e-01
8.1299489120e-01
8.1518552540e-01
8.1737615960e-01
8.1956679380e-01
8.2175742800e-01
8.2413099030e-01
8.2650455260e-01
8.2887811490e-01
8.3125167720e-01
8.3336322412e-01
8.3547477104e-01
8.3758631796e-01
8.3969786488e-01
8.4199200920e-01
8.4428615352e-01
8.4658029784e-01
8.4887444216e-01
8.5162166017e-01
8.5436887817e-01
8.5711609617e-01
8.5986331418e-01
8.6236393993e-01
8.6486456568e-01
8.6736519143e-01
8.6986581719e-01
8.7252976124e-01
8.7519370530e-01
8.7785764936e-01
8.8052159341e-01
8.8386289090e-01
8.8720418840e-01
8.9054548589e-01
8.9388678338e-01
8.9825480389e-01
9.0262282440e-01
9.0699084491e-01
9.1135886542e-01
9.1601316471e-01
9.2066746400e-01
9.2532176329e-01
9.2997606258e-01
9.3514890735e-01
9.4032175212e-01
9.4549459689e-01
9.5066744166e-01
9.5683401145e-01
9.6300058125e-01
9.6916715104e-01
9.7533372083e-01
9.8150029062e-01
9.8766686042e-01
9.9383343021e-01
1.0000000000e+00
