0.0000000000e+00
1.2409246724e-02
2.4818493447e-02
3.7227740171e-02
4.9636986895e-02
5.8621250752e-02
6.7605514609e-02
7.6589778467e-02
8.5574042324e-02
9.2467075964e-02
9.9360109603e-02
1.0625314324e-01
1.1314617688e-01
1.1864588647e-01
1.2414559606e-01
1.2964530566e-01
1.3514501525e-01
1.3969940875e-01
1.4425380226e-01
1.4880819576e-01
1.5336258927e-01
1.5725814728e-01
1.6115370529e-01
1.6504926330e-01
1.6894482132e-01
1.7237336964e-01
1.7580191797e-01
1.7923046629e-01
1.8265901462e-01
1.8577605605e-01
1.8889309749e-01
1.9201013893e-01
1.9512718036e-01
1.9817349775e-01
2.0121981514e-01
2.0426613253e-01
2.0731244992e-01
2.1013681464e-01
2.1296117935e-01
2.1578554407e-01
2.1860990879e-01
2.2102627361e-01
2.2344263844e-01
2.2585900327e-01
2.2827536810e-01
2.3025565311e-01
2.3223593812e-01
2.3421622314e-01
2.3619650815e-01
2.3794069340e-01
2.3968487864e-01
2.4142906389e-01
2.4317324914e-01
2.4480650734e-01
2.4643976553e-01
2.4807302373e-01
2.4970628192e-01
2.5138082007e-01
2.5305535821e-01
2.5472989635e-01
2.5640443449e-01
2.5809492148e-01
2.5978540847e-01
2.6147589546e-01
2.6316638245e-01
2.6467499724e-01
2.6618361202e-01
2.6769222680e-01
2.6920084159e-01
2.7063533126e-01
2.7206982094e-01
2.7350431061e-01
2.7493880029e-01
2.7631525510e-01
2.7769170991e-01
2.7906816472e-01
2.8044461953e-01
2.8202845356e-01
2.8361228759e-01
2.8519612162e-01
2.8677995565e-01
2.8822870158e-01
2.8967744751e-01
2.9112619345e-01
2.9257493938e-01
2.9398497872e-01
2.9539501807e-01
2.9680505741e-01
2.9821509676e-01
2.9978555730e-01
3.0135601784e-01
3.0292647839e-01
3.0449693893e-01
3.0615895449e-01
3.0782097004e-01
3.0948298559e-01
3.1114500114e-01
3.1309148444e-01
3.1503796774e-01
3.1698445103e-01
3.1893093433e-01
3.2084717770e-01
3.2276342108e-01
3.2467966445e-01
3.2659590783e-01
3.2849942395e-01
3.3040294008e-01
3.3230645620e-01
3.3420997233e-01
3.3629378982e-01
3.3837760731e-01
3.4046142481e-01
3.4254524230e-01
3.4476162175e-01
3.4697800120e-01
3.4919438065e-01
3.5141076009e-01
3.5398477262e-01
3.5655878514e-01
3.5913279766e-01
3.6170681018e-01
3.6501378156e-01
3.6832075293e-01
3.7162772431e-01
3.7493469568e-01
3.7851221202e-01
3.8208972835e-01
3.8566724469e-01
3.8924476102e-01
3.9312044683e-01
3.9699613263e-01
4.0087181843e-01
4.0474750424e-01
4.0856099072e-01
4.1237447721e-01
4.1618796370e-01
4.2000145018e-01
4.2402845268e-01
4.2805545518e-01
4.3208245768e-01
4.3610946018e-01
4.4048081986e-01
4.4485217955e-01
4.4922353923e-01
4.5359489891e-01
4.5842736554e-01
4.6325983218e-01
4.6809229882e-01
4.7292476545e-01
4.7842514380e-01
4.8392552215e-01
4.8942590050e-01
4.9492627884e-01
5.0006721452e-01
5.0520815020e-01
5.1034908588e-01
5.1549002155e-01
5.2014182340e-01
5.2479362525e-01
5.2944542710e-01
5.3409722894e-01
5.3836381238e-01
5.4263039582e-01
5.4689697926e-01
5.5116356270e-01
5.5513553277e-01
5.5910750284e-01
5.6307947291e-01
5.6705144298e-01
5.7084554911e-01
5.7463965523e-01
5.7843376135e-01
5.8222786748e-01
5.8617804531e-01
5.9012822315e-01
5.9407840098e-01
5.9802857882e-01
6.0154614908e-01
6.0506371934e-01
6.0858128960e-01
6.1209885986e-01
6.1537270889e-01
6.1864655793e-01
6.2192040697e-01
6.2519425600e-01
6.2787363064e-01
6.3055300528e-01
6.3323237992e-01
6.3591175455e-01
6.3821868509e-01
6.4052561562e-01
6.4283254616e-01
6.4513947669e-01
6.4724159360e-01
6.4934371051e-01
6.5144582742e-01
6.5354794433e-01
6.5550562827e-01
6.5746331221e-01
6.5942099615e-01
6.6137868009e-01
6.6326684067e-01
6.6515500125e-01
6.6704316184e-01
6.6893132242e-01
6.7128439443e-01
6.7363746644e-01
6.7599053845e-01
6.7834361047e-01
6.8008268750e-01
6.8182176453e-01
6.8356084156e-01
6.8529991859e-01
6.8716067410e-01
6.8902142960e-01
6.9088218511e-01
6.9274294061e-01
6.9420303395e-01
6.9566312729e-01
6.9712322062e-01
6.9858331396e-01
6.9998904956e-01
7.0139478516e-01
7.0280052076e-01
7.0420625636e-01
7.0597351849e-01
7.0774078063e-01
7.0950804277e-01
7.1127530490e-01
7.1269196671e-01
7.1410862852e-01
7.1552529032e-01
7.1694195213e-01
7.1832229572e-01
7.1970263931e-01
7.2108298290e-01
7.2246332649e-01
7.2394124572e-01
7.2541916496e-01
7.2689708420e-01
7.2837500343e-01
7.2998249520e-01
7.3158998696e-01
7.3319747873e-01
7.3480497049e-01
7.3655139734e-01
7.3829782419e-01
7.4004425104e-01
7.4179067788e-01
7.4341011810e-01
7.4502955832e-01
7.4664899854e-01
7.4826843876e-01
7.4997386544e-01
7.5167929212e-01
7.5338471880e-01
7.5509014548e-01
7.5703764803e-01
7.5898515058e-01
7.6093265313e-01
7.6288015569e-01
7.6530062473e-01
7.6772109378e-01
7.7014156282e-01
7.7256203187e-01
7.7641141281e-01
7.8026079375e-01
7.8411017469e-01
7.8795955563e-01
7.9101108996e-01
7.9406262430e-01
7.9711415863e-01
8.0016569297e-01
8.0349178047e-01
8.0681786797e-01
8.1014395547e-01
8.1347004297e-01
8.1729164739e-01
8.2111325181e-01
8.2493485623e-01
8.2875646065e-01
8.3335872961e-01
8.3796099856e-01
8.4256326752e-01
8.4716553648e-01
8.5306758088e-01
8.5896962527e-01
8.6487166967e-01
8.7077371407e-01
8.7909134911e-01
8.8740898416e-01
8.9572661921e-01
9.0404425425e-01
9.1603872247e-01
9.2803319069e-01
9.4002765891e-01
9.5202212713e-01
9.6401659534e-01
9.7601106356e-01
9.8800553178e-01
1.0000000000e+00
