2.2376754319e-10
1.6426611601e-10
7.5602519152e-10
2.6637104587e-09
1.7509070838e-08
4.6648613130e-08
1.2049721173e-07
3.1058742789e-07
8.2185726282e-07
1.5373550931e-06
2.8639847387e-06
5.3350396806e-06
9.9673848872e-06
1.5632096500e-05
2.4497284405e-05
3.8389581053e-05
6.0194585156e-05
8.4756339565e-05
1.1931624733e-04
1.6796510809e-04
2.3647945294e-04
3.1035011638e-04
4.0726110637e-04
5.3441390522e-04
7.0126498968e-04
8.7928910737e-04
1.1024209757e-03
1.3820798056e-03
1.7325635944e-03
2.1071580270e-03
2.5624626909e-03
3.1157728211e-03
3.7880378801e-03
4.5296703012e-03
5.4155075687e-03
6.4732103026e-03
7.7355722316e-03
9.3336076849e-03
1.1257132373e-02
1.3570443692e-02
1.6349592498e-02
1.8787299092e-02
2.1578655092e-02
2.4771853392e-02
2.8420642600e-02
3.1745879195e-02
3.5442529983e-02
3.9547708962e-02
4.4101147357e-02
4.8489174964e-02
5.3283074770e-02
5.8513945113e-02
6.4213913959e-02
7.0160143110e-02
7.6598923874e-02
8.3559782009e-02
9.1071829610e-02
1.0067312514e-01
1.1112311816e-01
1.2246100539e-01
1.3472005396e-01
1.4500088933e-01
1.5587329941e-01
1.6734157075e-01
1.7940539232e-01
1.9125385358e-01
2.0361259610e-01
2.1646849852e-01
2.2980394697e-01
2.4357317788e-01
2.5777180521e-01
2.7236914054e-01
2.8733055434e-01
3.0472597811e-01
3.2248118035e-01
3.4053119510e-01
3.5880809177e-01
3.7497759361e-01
3.9122053957e-01
4.0748974100e-01
4.2373887920e-01
4.4168085111e-01
4.5948433891e-01
4.7709429575e-01
4.9445966352e-01
5.1291291607e-01
5.3097254190e-01
5.4859213904e-01
5.6573184026e-01
5.8765953142e-01
6.0862438517e-01
6.2858274702e-01
6.4750694036e-01
6.6267664354e-01
6.7709743981e-01
6.9077349643e-01
7.0371364110e-01
7.1687884527e-01
7.2922084581e-01
7.4076351372e-01
7.5153348891e-01
7.6254020730e-01
7.7268418085e-01
7.8200710857e-01
7.9055130795e-01
8.0017196890e-01
8.0873029651e-01
8.1630501304e-01
8.2297194960e-01
8.2974079737e-01
8.3546753748e-01
8.4025494829e-01
8.4419801019e-01
8.4802431576e-01
8.5084805655e-01
8.5280071518e-01
8.5399875968e-01
8.5452819554e-01
8.5455885789e-01
8.5415694235e-01
8.5338086573e-01
8.5219397153e-01
8.5069256531e-01
8.4892482080e-01
8.4693265555e-01
8.4448766612e-01
8.4185187854e-01
8.3906272580e-01
8.3615219059e-01
8.3267986117e-01
8.2911761480e-01
8.2549508946e-01
8.2183704747e-01
8.1744765971e-01
8.1306605692e-01
8.0871600930e-01
8.0441690484e-01
7.9911685139e-01
7.9394725277e-01
7.8892847523e-01
7.8407701734e-01
7.7772688647e-01
7.7174496168e-01
7.6615543466e-01
7.6097920835e-01
7.5429803876e-01
7.4856000375e-01
7.4381006323e-01
7.4008752833e-01
7.3763325613e-01
7.3606465968e-01
7.3539393548e-01
7.3562641830e-01
7.3671945854e-01
7.3865943969e-01
7.4143222170e-01
7.4501835519e-01
7.4836124522e-01
7.5217046979e-01
7.5643183100e-01
7.6112997236e-01
7.6510713094e-01
7.6933391379e-01
7.7380101750e-01
7.7849816929e-01
7.8252814913e-01
7.8669879732e-01
7.9100166710e-01
7.9542687524e-01
7.9926641278e-01
8.0317707932e-01
8.0714885227e-01
8.1116978680e-01
8.1469017324e-01
8.1822580081e-01
8.2176354340e-01
8.2528787410e-01
8.2838863528e-01
8.3144938840e-01
8.3445256438e-01
8.3737766817e-01
8.3994450112e-01
8.4240677644e-01
8.4474068466e-01
8.4691882000e-01
8.4879069829e-01
8.5046849600e-01
8.5191836193e-01
8.5310173485e-01
8.5403396590e-01
8.5453566266e-01
8.5453298338e-01
8.5394131255e-01
8.5295112753e-01
8.5144180730e-01
8.4934695021e-01
8.4659299648e-01
8.4347375712e-01
8.3968599048e-01
8.3515863208e-01
8.2981483908e-01
8.2490747524e-01
8.1938246067e-01
8.1319282752e-01
8.0628950707e-01
7.9962738459e-01
7.9234537452e-01
7.8440768894e-01
7.7577811542e-01
7.6722342002e-01
7.5802825507e-01
7.4816538986e-01
7.3760854195e-01
7.2667892165e-01
7.1505146154e-01
7.0270732323e-01
6.8963043647e-01
6.7538488155e-01
6.6033944304e-01
6.4449028443e-01
6.2783996403e-01
6.1271977984e-01
5.9701283769e-01
5.8073596614e-01
5.6391167892e-01
5.4813937712e-01
5.3196301186e-01
5.1541339074e-01
4.9852597314e-01
4.8274274421e-01
4.6674260948e-01
4.5056322682e-01
4.3424515017e-01
4.0968818651e-01
3.8507161795e-01
3.6055609143e-01
3.3630560969e-01
3.2069197899e-01
3.0530508743e-01
2.9018723971e-01
2.7537843392e-01
2.5982651994e-01
2.4471783064e-01
2.3008951270e-01
2.1597339388e-01
2.0166468944e-01
1.8797920790e-01
1.7493391528e-01
1.6253904047e-01
1.4949832043e-01
1.3726651435e-01
1.2583242559e-01
1.1517796491e-01
1.0596895264e-01
9.7387880646e-02
8.9409472471e-02
8.2006473887e-02
7.4547003079e-02
6.7701008923e-02
6.1429841584e-02
5.5695066061e-02
4.8941608143e-02
4.2959807097e-02
3.7672641040e-02
3.3008067293e-02
2.7881886406e-02
2.3527784830e-02
1.9836497974e-02
1.6712103793e-02
1.4012196998e-02
1.1742129399e-02
9.8353454599e-03
8.2350128000e-03
6.7751785452e-03
5.5724004274e-03
4.5819485321e-03
3.7666937464e-03
2.9827242753e-03
2.3615014100e-03
1.8693672952e-03
1.4795698721e-03
1.0957387489e-03
8.1144491210e-04
6.0085799068e-04
4.4485039181e-04
2.8965741312e-04
1.8867975303e-04
1.2289826991e-04
8.0000539215e-05
3.8561079514e-05
1.8704034018e-05
9.0703277628e-06
4.3598778986e-06
8.4261264648e-07
2.2857015534e-07
5.3712063001e-08
2.2413716616e-08
4.3330614540e-09
1.1810670688e-09
2.9838843811e-10
2.3044370875e-10
