1.2216182477e-09
8.5975887309e-10
4.0029586800e-09
1.4010371188e-08
9.3643722075e-08
2.4586732807e-07
6.2689183254e-07
1.5953702752e-06
4.1601346702e-06
7.7230261147e-06
1.4282056518e-05
2.6409789945e-05
4.8970724685e-05
7.5642815079e-05
1.1676482461e-04
1.8023649955e-04
2.7833483539e-04
3.8692422015e-04
5.3776813267e-04
7.4736538687e-04
1.0386775692e-03
1.3573176001e-03
1.7734060309e-03
2.3166883171e-03
3.0259174147e-03
3.8306750917e-03
4.8480794015e-03
6.1336852294e-03
7.7571289796e-03
9.6620635762e-03
1.2027744348e-02
1.4962007057e-02
1.8595826782e-02
2.1961957679e-02
2.5917614672e-02
3.0558320164e-02
3.5991976246e-02
4.0941117835e-02
4.6529743044e-02
5.2828419356e-02
5.9911948769e-02
6.7366933290e-02
7.5653931711e-02
8.4840605279e-02
9.4993542261e-02
1.0639413082e-01
1.1892503307e-01
1.3263906734e-01
1.4757710173e-01
1.6290681277e-01
1.7936840507e-01
1.9695069386e-01
2.1562317459e-01
2.3320832705e-01
2.5157435520e-01
2.7065732725e-01
2.9038112875e-01
3.1169466966e-01
3.3350753049e-01
3.5570021527e-01
3.7814828298e-01
4.0040806547e-01
4.2267345653e-01
4.4482888376e-01
4.6676504975e-01
4.9159169127e-01
5.1585661585e-01
5.3944022878e-01
5.6224206166e-01
5.8888272815e-01
6.1412958482e-01
6.3790906532e-01
6.6018051186e-01
6.7982617307e-01
6.9812371412e-01
7.1509714316e-01
7.3078254836e-01
7.4719758081e-01
7.6206699886e-01
7.7547668056e-01
7.8751686064e-01
8.0196715906e-01
8.1425110097e-01
8.2459534174e-01
8.3321405776e-01
8.4170362668e-01
8.4823604570e-01
8.5310408861e-01
8.5656430138e-01
8.5887636255e-01
8.6015589912e-01
8.6057764072e-01
8.6029030090e-01
8.5931157445e-01
8.5777266244e-01
8.5578888578e-01
8.5345574058e-01
8.5037187825e-01
8.4701737873e-01
8.4347518316e-01
8.3981087479e-01
8.3519969316e-01
8.3055328775e-01
8.2592421285e-01
8.2134814783e-01
8.1650859803e-01
8.1176707060e-01
8.0712096225e-01
8.0255371883e-01
7.9825336224e-01
7.9395766851e-01
7.8961353305e-01
7.8515196283e-01
7.8091400547e-01
7.7642577041e-01
7.7158946916e-01
7.6628835342e-01
7.6150703016e-01
7.5623500904e-01
7.5037383094e-01
7.4381355672e-01
7.3796725990e-01
7.3152605569e-01
7.2441838143e-01
7.1656961839e-01
7.0869308501e-01
7.0007681809e-01
6.9066397405e-01
6.8040113121e-01
6.6805005534e-01
6.5455711422e-01
6.3988949314e-01
6.2403945166e-01
6.1087345938e-01
5.9703012009e-01
5.8255435498e-01
5.6750994739e-01
5.5341695597e-01
5.3900251722e-01
5.2436049465e-01
5.0959954331e-01
4.9331799816e-01
4.7722430299e-01
4.6151619872e-01
4.4640189143e-01
4.3340882874e-01
4.2123578106e-01
4.1003607472e-01
3.9995481463e-01
3.8994888886e-01
3.8176340217e-01
3.7554417733e-01
3.7140277346e-01
3.6946050907e-01
3.6949674816e-01
3.7151087577e-01
3.7547010894e-01
3.8076909257e-01
3.8758398702e-01
3.9582179059e-01
4.0537103624e-01
4.1647533882e-01
4.2868657430e-01
4.4183817950e-01
4.5575681332e-01
4.7066806832e-01
4.8601484159e-01
5.0161647513e-01
5.1730354483e-01
5.3358148825e-01
5.4962827943e-01
5.6531023343e-01
5.8051615793e-01
5.9769978763e-01
6.1399293379e-01
6.2932481809e-01
6.4365694923e-01
6.5689653871e-01
6.6914929150e-01
6.8044275306e-01
6.9081726254e-01
7.0213488518e-01
7.1229545135e-01
7.2140189036e-01
7.2955892721e-01
7.3894066481e-01
7.4709977386e-01
7.5423568009e-01
7.6052786794e-01
7.6700863804e-01
7.7277363191e-01
7.7800469111e-01
7.8285255349e-01
7.8759147162e-01
7.9216203218e-01
7.9665101159e-01
8.0112530697e-01
8.0550823519e-01
8.0995603926e-01
8.1448815538e-01
8.1911197881e-01
8.2300272072e-01
8.2694391154e-01
8.3091942683e-01
8.3490532685e-01
8.3830348575e-01
8.4165812942e-01
8.4493499254e-01
8.4809127134e-01
8.5075531813e-01
8.5323679905e-01
8.5548097230e-01
8.5742210745e-01
8.5894870746e-01
8.6002522081e-01
8.6054807328e-01
8.6039443126e-01
8.5957898728e-01
8.5800391995e-01
8.5553401118e-01
8.5201398798e-01
8.4804949357e-01
8.4306874142e-01
8.3693438561e-01
8.2949518674e-01
8.2265374114e-01
8.1482634517e-01
8.0592322218e-01
7.9585058052e-01
7.8592459318e-01
7.7494690910e-01
7.6284989337e-01
7.4956710569e-01
7.3576051798e-01
7.2076991485e-01
7.0454979815e-01
6.8706246629e-01
6.6921392571e-01
6.5017902293e-01
6.2995800210e-01
6.0856672299e-01
5.8753761174e-01
5.6555900599e-01
5.4269261622e-01
5.1901894990e-01
4.9860199357e-01
4.7775680402e-01
4.5656306997e-01
4.3510947796e-01
4.0981567463e-01
3.8446549052e-01
3.5923342926e-01
3.3429748425e-01
3.1376335526e-01
2.9366091767e-01
2.7408374619e-01
2.5511722412e-01
2.3528310933e-01
2.1634075549e-01
1.9835424057e-01
1.8136990260e-01
1.6293238464e-01
1.4590264937e-01
1.3027074439e-01
1.1600374500e-01
1.0367057830e-01
9.2465768546e-02
8.2325248863e-02
7.3179705458e-02
6.3173139542e-02
5.4431615462e-02
4.6822807773e-02
4.0220568367e-02
3.2321892806e-02
2.5922288231e-02
2.0756263147e-02
1.6598104976e-02
1.3094777472e-02
1.0321575272e-02
8.1298048685e-03
6.3996543956e-03
4.7923054291e-03
3.5870954380e-03
2.6839948072e-03
2.0075574129e-03
1.3344791114e-03
8.8713024762e-04
5.8963642645e-04
3.9167733971e-04
1.9165415680e-04
9.4301122258e-05
4.6389121584e-05
2.2638209705e-05
4.3708613616e-06
1.1855536612e-06
2.7840193902e-07
1.1642244434e-07
2.2399367632e-08
6.1040986080e-09
1.5376902391e-09
1.1992948547e-09
