0.0000000000e+00
4.7759851452e-03
9.5519702905e-03
1.4327955436e-02
1.9103940581e-02
2.3997647288e-02
2.8891353996e-02
3.3785060703e-02
3.8678767411e-02
4.3524754744e-02
4.8370742077e-02
5.3216729411e-02
5.8062716744e-02
6.2180870249e-02
6.6299023755e-02
7.0417177260e-02
7.4535330765e-02
7.8136781189e-02
8.1738231613e-02
8.5339682036e-02
8.8941132460e-02
9.2121496231e-02
9.5301860001e-02
9.8482223772e-02
1.0166258754e-01
1.0458989502e-01
1.0751720249e-01
1.1044450996e-01
1.1337181744e-01
1.1613606447e-01
1.1890031151e-01
1.2166455855e-01
1.2442880558e-01
1.2710155768e-01
1.2977430977e-01
1.3244706186e-01
1.3511981395e-01
1.3778857082e-01
1.4045732770e-01
1.4312608457e-01
1.4579484144e-01
1.4868586700e-01
1.5157689256e-01
1.5446791812e-01
1.5735894368e-01
1.6019169761e-01
1.6302445153e-01
1.6585720545e-01
1.6868995938e-01
1.7127155985e-01
1.7385316032e-01
1.7643476079e-01
1.7901636126e-01
1.8144804301e-01
1.8387972476e-01
1.8631140651e-01
1.8874308826e-01
1.9114837601e-01
1.9355366377e-01
1.9595895152e-01
1.9836423928e-01
2.0062044118e-01
2.0287664308e-01
2.0513284497e-01
2.0738904687e-01
2.0965439898e-01
2.1191975108e-01
2.1418510319e-01
2.1645045530e-01
2.1890062686e-01
2.2135079843e-01
2.2380096999e-01
2.2625114156e-01
2.2897227011e-01
2.3169339865e-01
2.3441452720e-01
2.3713565574e-01
2.3949134212e-01
2.4184702850e-01
2.4420271488e-01
2.4655840126e-01
2.4885595862e-01
2.5115351597e-01
2.5345107333e-01
2.5574863069e-01
2.5810080199e-01
2.6045297330e-01
2.6280514460e-01
2.6515731590e-01
2.6770438362e-01
2.7025145133e-01
2.7279851905e-01
2.7534558676e-01
2.7811165113e-01
2.8087771549e-01
2.8364377986e-01
2.8640984422e-01
2.8918055073e-01
2.9195125724e-01
2.9472196375e-01
2.9749267027e-01
3.0054359819e-01
3.0359452612e-01
3.0664545404e-01
3.0969638197e-01
3.1319981468e-01
3.1670324739e-01
3.2020668010e-01
3.2371011281e-01
3.2683414989e-01
3.2995818696e-01
3.3308222403e-01
3.3620626111e-01
3.3931197520e-01
3.4241768930e-01
3.4552340339e-01
3.4862911749e-01
3.5181627851e-01
3.5500343954e-01
3.5819060056e-01
3.6137776159e-01
3.6472291415e-01
3.6806806671e-01
3.7141321927e-01
3.7475837183e-01
3.7831944605e-01
3.8188052028e-01
3.8544159450e-01
3.8900266873e-01
3.9280170695e-01
3.9660074517e-01
4.0039978339e-01
4.0419882161e-01
4.0839065385e-01
4.1258248610e-01
4.1677431834e-01
4.2096615059e-01
4.2558972096e-01
4.3021329133e-01
4.3483686171e-01
4.3946043208e-01
4.4457427580e-01
4.4968811951e-01
4.5480196323e-01
4.5991580695e-01
4.6582430432e-01
4.7173280169e-01
4.7764129905e-01
4.8354979642e-01
4.8984170535e-01
4.9613361428e-01
5.0242552320e-01
5.0871743213e-01
5.1413540662e-01
5.1955338112e-01
5.2497135561e-01
5.3038933010e-01
5.3523106963e-01
5.4007280916e-01
5.4491454870e-01
5.4975628823e-01
5.5430273498e-01
5.5884918173e-01
5.6339562848e-01
5.6794207523e-01
5.7199254765e-01
5.7604302007e-01
5.8009349249e-01
5.8414396491e-01
5.8787771221e-01
5.9161145951e-01
5.9534520681e-01
5.9907895411e-01
6.0261702346e-01
6.0615509282e-01
6.0969316218e-01
6.1323123153e-01
6.1655678592e-01
6.1988234031e-01
6.2320789470e-01
6.2653344908e-01
6.2971345178e-01
6.3289345447e-01
6.3607345717e-01
6.3925345986e-01
6.4235710324e-01
6.4546074662e-01
6.4856439000e-01
6.5166803338e-01
6.5481114418e-01
6.5795425497e-01
6.6109736576e-01
6.6424047656e-01
6.6854109071e-01
6.7284170487e-01
6.7714231903e-01
6.8144293319e-01
6.8440879751e-01
6.8737466184e-01
6.9034052616e-01
6.9330639049e-01
6.9605570906e-01
6.9880502763e-01
7.0155434620e-01
7.0430366477e-01
7.0713981479e-01
7.0997596481e-01
7.1281211483e-01
7.1564826484e-01
7.1816284979e-01
7.2067743474e-01
7.2319201969e-01
7.2570660464e-01
7.2805356344e-01
7.3040052224e-01
7.3274748104e-01
7.3509443983e-01
7.3739125425e-01
7.3968806866e-01
7.4198488308e-01
7.4428169749e-01
7.4664823956e-01
7.4901478163e-01
7.5138132370e-01
7.5374786576e-01
7.5673393181e-01
7.5971999786e-01
7.6270606391e-01
7.6569212995e-01
7.6810577223e-01
7.7051941451e-01
7.7293305678e-01
7.7534669906e-01
7.7760513325e-01
7.7986356744e-01
7.8212200163e-01
7.8438043582e-01
7.8664774875e-01
7.8891506168e-01
7.9118237460e-01
7.9344968753e-01
7.9591529474e-01
7.9838090194e-01
8.0084650915e-01
8.0331211635e-01
8.0575921188e-01
8.0820630741e-01
8.1065340295e-01
8.1310049848e-01
8.1572641471e-01
8.1835233094e-01
8.2097824717e-01
8.2360416341e-01
8.2692510277e-01
8.3024604214e-01
8.3356698150e-01
8.3688792087e-01
8.3962567884e-01
8.4236343680e-01
8.4510119477e-01
8.4783895274e-01
8.5049512554e-01
8.5315129834e-01
8.5580747115e-01
8.5846364395e-01
8.6116660119e-01
8.6386955843e-01
8.6657251567e-01
8.6927547291e-01
8.7210809810e-01
8.7494072329e-01
8.7777334848e-01
8.8060597367e-01
8.8366149987e-01
8.8671702607e-01
8.8977255227e-01
8.9282807848e-01
8.9626683005e-01
8.9970558162e-01
9.0314433320e-01
9.0658308477e-01
9.1068535889e-01
9.1478763301e-01
9.1888990714e-01
9.2299218126e-01
9.2780762841e-01
9.3262307557e-01
9.3743852273e-01
9.4225396988e-01
9.4713736913e-01
9.5202076837e-01
9.5690416762e-01
9.6178756687e-01
9.6656423830e-01
9.7134090973e-01
9.7611758116e-01
9.8089425259e-01
9.8567068944e-01
9.9044712629e-01
9.9522356315e-01
1.0000000000e+00
