3.2693097325e-01
3.2702564393e-01
3.2730953597e-01
3.2778228945e-01
3.2844330457e-01
3.2917297729e-01
3.3004455298e-01
3.3105718719e-01
3.3220989727e-01
3.3338447999e-01
3.3467408514e-01
3.3607766256e-01
3.3759406712e-01
3.3907935919e-01
3.4065705593e-01
3.4232607351e-01
3.4408526330e-01
3.4584440976e-01
3.4768323235e-01
3.4960057628e-01
3.5159523576e-01
3.5358485384e-01
3.5564362910e-01
3.5777036049e-01
3.5996380633e-01
3.6216818019e-01
3.6443368220e-01
3.6675905036e-01
3.6914298940e-01
3.7157007539e-01
3.7405241743e-01
3.7658865078e-01
3.7917738256e-01
3.8185603078e-01
3.8458574733e-01
3.8736499701e-01
3.9019222043e-01
3.9321898485e-01
3.9629530308e-01
3.9941928015e-01
4.0258899968e-01
4.0709668695e-01
4.1168476138e-01
4.1634781636e-01
4.2108040557e-01
4.2450404206e-01
4.2795842628e-01
4.3144155084e-01
4.3495140946e-01
4.3829757937e-01
4.4166422604e-01
4.4504966036e-01
4.4845220133e-01
4.5179574729e-01
4.5515251089e-01
4.5852095006e-01
4.6189953608e-01
4.6527517918e-01
4.6865791328e-01
4.7204627264e-01
4.7543880974e-01
4.7887703741e-01
4.8231662285e-01
4.8575612702e-01
4.8919413449e-01
4.9274211065e-01
4.9628550239e-01
4.9982283579e-01
5.0335266787e-01
5.0705552001e-01
5.1074691055e-01
5.1442527716e-01
5.1808909895e-01
5.2189238426e-01
5.2567662039e-01
5.2944023107e-01
5.3318169145e-01
5.3686575741e-01
5.4052524543e-01
5.4415882260e-01
5.4776520610e-01
5.5130997653e-01
5.5482569667e-01
5.5831126341e-01
5.6176562087e-01
5.6524959650e-01
5.6869915724e-01
5.7211333614e-01
5.7549121449e-01
5.7896678691e-01
5.8240117954e-01
5.8579351776e-01
5.8914297937e-01
5.9271720034e-01
5.9623943296e-01
5.9970883311e-01
6.0312462099e-01
6.0778688183e-01
6.1234222696e-01
6.1678912992e-01
6.2112626713e-01
6.2426624550e-01
6.2734502588e-01
6.3036226442e-01
6.3331766623e-01
6.3611516021e-01
6.3885447005e-01
6.4153544695e-01
6.4415797641e-01
6.4670244983e-01
6.4918924125e-01
6.5161832740e-01
6.5398971074e-01
6.5631583533e-01
6.5858370453e-01
6.6079338872e-01
6.6294497750e-01
6.6506839335e-01
6.6713226282e-01
6.6913672993e-01
6.7108195238e-01
6.7300836916e-01
6.7487331267e-01
6.7667698541e-01
6.7841959825e-01
6.8014796879e-01
6.8181225630e-01
6.8341270811e-01
6.8494957459e-01
6.8647322976e-01
6.8792934833e-01
6.8931820847e-01
6.9064008562e-01
6.9194683267e-01
6.9318141114e-01
6.9434411401e-01
6.9543522495e-01
6.9650716409e-01
6.9750031610e-01
6.9841496945e-01
6.9925139519e-01
7.0006575132e-01
7.0078977962e-01
7.0142374216e-01
7.0196787147e-01
7.0246416898e-01
7.0285161105e-01
7.0313037582e-01
7.0330059225e-01
7.0336205824e-01
7.0332162221e-01
7.0317926647e-01
7.0293492881e-01
7.0262579356e-01
7.0223293052e-01
7.0175620125e-01
7.0119543913e-01
7.0058949791e-01
6.9990847749e-01
6.9915217327e-01
6.9832036124e-01
6.9745508740e-01
6.9652047316e-01
6.9551627883e-01
6.9444225214e-01
6.9334217938e-01
6.9217691067e-01
6.9094619389e-01
6.8964977016e-01
6.8833125761e-01
6.8695061630e-01
6.8550759943e-01
6.8400195870e-01
6.8247483516e-01
6.8088782253e-01
6.7924069417e-01
6.7753322687e-01
6.7580124662e-01
6.7401091280e-01
6.7216203247e-01
6.7025442094e-01
6.6831437203e-01
6.6631681152e-01
6.6426159394e-01
6.6214858728e-01
6.5998723644e-01
6.5776838229e-01
6.5549194339e-01
6.5315785772e-01
6.5074070441e-01
6.4826462875e-01
6.4572963781e-01
6.4313576616e-01
6.4030232134e-01
6.3740198862e-01
6.3443492903e-01
6.3140135003e-01
6.2766496558e-01
6.2383327471e-01
6.1990694172e-01
6.1588675523e-01
6.1270119359e-01
6.0946009229e-01
6.0616399269e-01
6.0281349115e-01
5.9964346303e-01
5.9642735212e-01
5.9316577916e-01
5.8985941239e-01
5.8663983854e-01
5.8338022349e-01
5.8008129166e-01
5.7674381246e-01
5.7343297446e-01
5.7008663578e-01
5.6670565435e-01
5.6329093308e-01
5.5981720552e-01
5.5631120635e-01
5.5277400177e-01
5.4920670689e-01
5.4547377668e-01
5.4171104730e-01
5.3791993495e-01
5.3410191392e-01
5.3053386342e-01
5.2694520391e-01
5.2333725038e-01
5.1971136073e-01
5.1620037937e-01
5.1267532338e-01
5.0913752041e-01
5.0558833366e-01
5.0216043381e-01
4.9872454966e-01
4.9528198943e-01
4.9183408952e-01
4.8843538064e-01
4.8503414462e-01
4.8163173284e-01
4.7822952001e-01
4.7482745731e-01
4.7142841264e-01
4.6803382683e-01
4.6464516004e-01
4.6119803188e-01
4.5776017727e-01
4.5433319772e-01
4.5091871022e-01
4.4731701001e-01
4.4373311348e-01
4.4016898822e-01
4.3662661316e-01
4.3264568822e-01
4.2869807180e-01
4.2478666433e-01
4.2091436887e-01
4.1742577428e-01
4.1397418065e-01
4.1056176529e-01
4.0719069569e-01
4.0407882856e-01
4.0100672036e-01
3.9797610561e-01
3.9498870330e-01
3.9211667429e-01
3.8928898209e-01
3.8650717145e-01
3.8377276659e-01
3.8109294220e-01
3.7846328680e-01
3.7588524484e-01
3.7336023471e-01
3.7084669233e-01
3.6839093929e-01
3.6599437891e-01
3.6365838135e-01
3.6129075981e-01
3.5899177916e-01
3.5676286555e-01
3.5460540099e-01
3.5243808379e-01
3.5035100170e-01
3.4834555152e-01
3.4642307372e-01
3.4443317662e-01
3.4254396010e-01
3.4075690259e-01
3.3907340001e-01
3.3732197836e-01
3.3570231345e-01
3.3421596487e-01
3.3286436081e-01
3.3148085764e-01
3.3027828959e-01
3.2925816928e-01
3.2842177751e-01
3.2777016265e-01
3.2730414062e-01
3.2702429424e-01
3.2693097325e-01
