0.0000000000e+00
1.8145442728e-02
3.6290885457e-02
5.4436328185e-02
7.2581770914e-02
8.2217789865e-02
9.1853808817e-02
1.0148982777e-01
1.1112584672e-01
1.1735499440e-01
1.2358414208e-01
1.2981328976e-01
1.3604243745e-01
1.4041026241e-01
1.4477808737e-01
1.4914591233e-01
1.5351373729e-01
1.5681025450e-01
1.6010677171e-01
1.6340328892e-01
1.6669980613e-01
1.6937416072e-01
1.7204851531e-01
1.7472286990e-01
1.7739722449e-01
1.7975101224e-01
1.8210479998e-01
1.8445858773e-01
1.8681237548e-01
1.8904292517e-01
1.9127347487e-01
1.9350402456e-01
1.9573457426e-01
1.9744256279e-01
1.9915055132e-01
2.0085853986e-01
2.0256652839e-01
2.0391139044e-01
2.0525625249e-01
2.0660111455e-01
2.0794597660e-01
2.0920825667e-01
2.1047053674e-01
2.1173281681e-01
2.1299509687e-01
2.1429025800e-01
2.1558541913e-01
2.1688058026e-01
2.1817574139e-01
2.1935862516e-01
2.2054150894e-01
2.2172439271e-01
2.2290727648e-01
2.2399165196e-01
2.2507602744e-01
2.2616040292e-01
2.2724477839e-01
2.2840931517e-01
2.2957385195e-01
2.3073838873e-01
2.3190292551e-01
2.3302826272e-01
2.3415359993e-01
2.3527893714e-01
2.3640427434e-01
2.3770835464e-01
2.3901243493e-01
2.4031651522e-01
2.4162059551e-01
2.4323619368e-01
2.4485179184e-01
2.4646739001e-01
2.4808298817e-01
2.4958230607e-01
2.5108162396e-01
2.5258094185e-01
2.5408025974e-01
2.5580259199e-01
2.5752492424e-01
2.5924725650e-01
2.6096958875e-01
2.6334396945e-01
2.6571835016e-01
2.6809273086e-01
2.7046711157e-01
2.7331756644e-01
2.7616802132e-01
2.7901847620e-01
2.8186893108e-01
2.8481018239e-01
2.8775143369e-01
2.9069268499e-01
2.9363393629e-01
2.9685284144e-01
3.0007174659e-01
3.0329065175e-01
3.0650955690e-01
3.1029901692e-01
3.1408847693e-01
3.1787793695e-01
3.2166739697e-01
3.2634456525e-01
3.3102173353e-01
3.3569890181e-01
3.4037607008e-01
3.4574765616e-01
3.5111924223e-01
3.5649082830e-01
3.6186241437e-01
3.6688159338e-01
3.7190077240e-01
3.7691995141e-01
3.8193913043e-01
3.8664766029e-01
3.9135619016e-01
3.9606472002e-01
4.0077324989e-01
4.0459280738e-01
4.0841236487e-01
4.1223192236e-01
4.1605147985e-01
4.1910925503e-01
4.2216703021e-01
4.2522480539e-01
4.2828258057e-01
4.3104954821e-01
4.3381651585e-01
4.3658348350e-01
4.3935045114e-01
4.4248652580e-01
4.4562260047e-01
4.4875867514e-01
4.5189474980e-01
4.5425063984e-01
4.5660652987e-01
4.5896241991e-01
4.6131830994e-01
4.6348350738e-01
4.6564870482e-01
4.6781390226e-01
4.6997909970e-01
4.7230770230e-01
4.7463630489e-01
4.7696490748e-01
4.7929351007e-01
4.8142806232e-01
4.8356261456e-01
4.8569716680e-01
4.8783171904e-01
4.9017809929e-01
4.9252447954e-01
4.9487085979e-01
4.9721724004e-01
4.9943811940e-01
5.0165899875e-01
5.0387987810e-01
5.0610075746e-01
5.0828600816e-01
5.1047125887e-01
5.1265650958e-01
5.1484176029e-01
5.1699402907e-01
5.1914629785e-01
5.2129856663e-01
5.2345083541e-01
5.2566826162e-01
5.2788568783e-01
5.3010311404e-01
5.3232054025e-01
5.3472735772e-01
5.3713417520e-01
5.3954099267e-01
5.4194781015e-01
5.4469705828e-01
5.4744630642e-01
5.5019555456e-01
5.5294480270e-01
5.5576008995e-01
5.5857537721e-01
5.6139066446e-01
5.6420595171e-01
5.6784475834e-01
5.7148356497e-01
5.7512237160e-01
5.7876117824e-01
5.8325420133e-01
5.8774722442e-01
5.9224024751e-01
5.9673327060e-01
6.0175890492e-01
6.0678453924e-01
6.1181017356e-01
6.1683580788e-01
6.2217579712e-01
6.2751578635e-01
6.3285577559e-01
6.3819576483e-01
6.4302440278e-01
6.4785304073e-01
6.5268167868e-01
6.5751031663e-01
6.6150745960e-01
6.6550460256e-01
6.6950174553e-01
6.7349888849e-01
6.7692225375e-01
6.8034561900e-01
6.8376898426e-01
6.8719234951e-01
6.9023689277e-01
6.9328143603e-01
6.9632597929e-01
6.9937052255e-01
7.0234092273e-01
7.0531132292e-01
7.0828172310e-01
7.1125212329e-01
7.1388013590e-01
7.1650814851e-01
7.1913616112e-01
7.2176417374e-01
7.2400783953e-01
7.2625150532e-01
7.2849517112e-01
7.3073883691e-01
7.3249121999e-01
7.3424360306e-01
7.3599598614e-01
7.3774836922e-01
7.3929439010e-01
7.4084041099e-01
7.4238643187e-01
7.4393245276e-01
7.4540539029e-01
7.4687832782e-01
7.4835126535e-01
7.4982420288e-01
7.5122492872e-01
7.5262565457e-01
7.5402638041e-01
7.5542710626e-01
7.5673637017e-01
7.5804563409e-01
7.5935489800e-01
7.6066416192e-01
7.6176323843e-01
7.6286231495e-01
7.6396139147e-01
7.6506046799e-01
7.6634734052e-01
7.6763421306e-01
7.6892108560e-01
7.7020795814e-01
7.7128407153e-01
7.7236018492e-01
7.7343629831e-01
7.7451241169e-01
7.7568463440e-01
7.7685685711e-01
7.7802907981e-01
7.7920130252e-01
7.8056248899e-01
7.8192367546e-01
7.8328486193e-01
7.8464604840e-01
7.8593879443e-01
7.8723154046e-01
7.8852428649e-01
7.8981703252e-01
7.9141493207e-01
7.9301283163e-01
7.9461073118e-01
7.9620863074e-01
7.9849800347e-01
8.0078737621e-01
8.0307674895e-01
8.0536612169e-01
8.0776582762e-01
8.1016553355e-01
8.1256523947e-01
8.1496494540e-01
8.1786724917e-01
8.2076955295e-01
8.2367185672e-01
8.2657416049e-01
8.3066514985e-01
8.3475613921e-01
8.3884712856e-01
8.4293811792e-01
8.5010450253e-01
8.5727088714e-01
8.6443727175e-01
8.7160365636e-01
8.8765085549e-01
9.0369805462e-01
9.1974525375e-01
9.3579245288e-01
9.5184433966e-01
9.6789622644e-01
9.8394811322e-01
1.0000000000e+00
