0.0000000000e+00
5.0803817496e-03
1.0160763499e-02
1.5241145249e-02
2.0321526998e-02
2.3940065215e-02
2.7558603432e-02
3.1177141648e-02
3.4795679865e-02
3.7803093760e-02
4.0810507656e-02
4.3817921551e-02
4.6825335446e-02
4.9563828058e-02
5.2302320670e-02
5.5040813282e-02
5.7779305894e-02
6.0592485323e-02
6.3405664753e-02
6.6218844182e-02
6.9032023611e-02
7.1736664068e-02
7.4441304524e-02
7.7145944981e-02
7.9850585437e-02
8.2334071455e-02
8.4817557473e-02
8.7301043491e-02
8.9784529509e-02
9.2080929695e-02
9.4377329881e-02
9.6673730066e-02
9.8970130252e-02
1.0146890152e-01
1.0396767279e-01
1.0646644406e-01
1.0896521533e-01
1.1138651695e-01
1.1380781857e-01
1.1622912019e-01
1.1865042181e-01
1.2103267598e-01
1.2341493014e-01
1.2579718431e-01
1.2817943848e-01
1.3104633089e-01
1.3391322331e-01
1.3678011572e-01
1.3964700813e-01
1.4262954244e-01
1.4561207675e-01
1.4859461107e-01
1.5157714538e-01
1.5481445353e-01
1.5805176168e-01
1.6128906984e-01
1.6452637799e-01
1.6771702541e-01
1.7090767283e-01
1.7409832026e-01
1.7728896768e-01
1.8074893674e-01
1.8420890580e-01
1.8766887487e-01
1.9112884393e-01
1.9507949460e-01
1.9903014528e-01
2.0298079595e-01
2.0693144663e-01
2.1162223600e-01
2.1631302537e-01
2.2100381475e-01
2.2569460412e-01
2.3188746629e-01
2.3808032846e-01
2.4427319063e-01
2.5046605281e-01
2.5533848683e-01
2.6021092085e-01
2.6508335488e-01
2.6995578890e-01
2.7415436203e-01
2.7835293516e-01
2.8255150829e-01
2.8675008142e-01
2.9042365705e-01
2.9409723268e-01
2.9777080831e-01
3.0144438393e-01
3.0474056784e-01
3.0803675175e-01
3.1133293566e-01
3.1462911957e-01
3.1779180999e-01
3.2095450040e-01
3.2411719082e-01
3.2727988123e-01
3.3080118757e-01
3.3432249391e-01
3.3784380025e-01
3.4136510659e-01
3.4419246902e-01
3.4701983146e-01
3.4984719389e-01
3.5267455632e-01
3.5530794016e-01
3.5794132400e-01
3.6057470784e-01
3.6320809167e-01
3.6556767330e-01
3.6792725492e-01
3.7028683654e-01
3.7264641817e-01
3.7522122649e-01
3.7779603481e-01
3.8037084313e-01
3.8294565145e-01
3.8534053093e-01
3.8773541042e-01
3.9013028990e-01
3.9252516938e-01
3.9486126678e-01
3.9719736418e-01
3.9953346158e-01
4.0186955898e-01
4.0437168612e-01
4.0687381327e-01
4.0937594041e-01
4.1187806756e-01
4.1559876519e-01
4.1931946281e-01
4.2304016043e-01
4.2676085806e-01
4.2946926908e-01
4.3217768011e-01
4.3488609113e-01
4.3759450216e-01
4.4049678693e-01
4.4339907171e-01
4.4630135649e-01
4.4920364127e-01
4.5283303382e-01
4.5646242637e-01
4.6009181892e-01
4.6372121148e-01
4.7047690715e-01
4.7723260283e-01
4.8398829850e-01
4.9074399418e-01
4.9582830118e-01
5.0091260817e-01
5.0599691517e-01
5.1108122217e-01
5.1547540041e-01
5.1986957866e-01
5.2426375690e-01
5.2865793515e-01
5.3190254091e-01
5.3514714668e-01
5.3839175244e-01
5.4163635821e-01
5.4447956005e-01
5.4732276189e-01
5.5016596373e-01
5.5300916557e-01
5.5584987088e-01
5.5869057619e-01
5.6153128150e-01
5.6437198681e-01
5.6771049933e-01
5.7104901185e-01
5.7438752437e-01
5.7772603689e-01
5.8022834022e-01
5.8273064355e-01
5.8523294689e-01
5.8773525022e-01
5.9009829367e-01
5.9246133713e-01
5.9482438059e-01
5.9718742404e-01
5.9958591607e-01
6.0198440810e-01
6.0438290013e-01
6.0678139216e-01
6.0941153697e-01
6.1204168179e-01
6.1467182660e-01
6.1730197141e-01
6.1967791355e-01
6.2205385570e-01
6.2442979784e-01
6.2680573998e-01
6.2943786584e-01
6.3206999169e-01
6.3470211755e-01
6.3733424340e-01
6.4024896791e-01
6.4316369242e-01
6.4607841693e-01
6.4899314144e-01
6.5256426264e-01
6.5613538383e-01
6.5970650502e-01
6.6327762621e-01
6.6644386997e-01
6.6961011372e-01
6.7277635747e-01
6.7594260122e-01
6.7934412958e-01
6.8274565795e-01
6.8614718631e-01
6.8954871467e-01
6.9341567849e-01
6.9728264231e-01
7.0114960613e-01
7.0501656995e-01
7.0963355827e-01
7.1425054659e-01
7.1886753491e-01
7.2348452324e-01
7.2902327654e-01
7.3456202984e-01
7.4010078314e-01
7.4563953645e-01
7.5067022460e-01
7.5570091276e-01
7.6073160091e-01
7.6576228907e-01
7.7020971069e-01
7.7465713232e-01
7.7910455394e-01
7.8355197556e-01
7.8729380573e-01
7.9103563590e-01
7.9477746607e-01
7.9851929624e-01
8.0186965414e-01
8.0522001204e-01
8.0857036994e-01
8.1192072784e-01
8.1507858389e-01
8.1823643993e-01
8.2139429598e-01
8.2455215202e-01
8.2897384265e-01
8.3339553328e-01
8.3781722391e-01
8.4223891454e-01
8.4503688517e-01
8.4783485581e-01
8.5063282645e-01
8.5343079708e-01
8.5608605499e-01
8.5874131290e-01
8.6139657081e-01
8.6405182872e-01
8.6641211345e-01
8.6877239818e-01
8.7113268291e-01
8.7349296764e-01
8.7599480763e-01
8.7849664761e-01
8.8099848760e-01
8.8350032758e-01
8.8592923806e-01
8.8835814854e-01
8.9078705901e-01
8.9321596949e-01
8.9553291027e-01
8.9784985105e-01
9.0016679182e-01
9.0248373260e-01
9.0500052248e-01
9.0751731235e-01
9.1003410222e-01
9.1255089210e-01
9.1561207322e-01
9.1867325435e-01
9.2173443548e-01
9.2479561660e-01
9.2751093477e-01
9.3022625294e-01
9.3294157111e-01
9.3565688927e-01
9.3850203894e-01
9.4134718861e-01
9.4419233827e-01
9.4703748794e-01
9.5042899032e-01
9.5382049270e-01
9.5721199509e-01
9.6060349747e-01
9.6552806014e-01
9.7045262281e-01
9.7537718548e-01
9.8030174816e-01
9.8522631112e-01
9.9015087408e-01
9.9507543704e-01
1.0000000000e+00
