3.4499583205e-10
4.6707466895e-10
1.8238236548e-09
6.6807558142e-09
3.3792833280e-08
8.2771330613e-08
1.9835021179e-07
4.7482588309e-07
1.1559831952e-06
2.0800452145e-06
3.7316498788e-06
6.6943789830e-06
1.2035192068e-05
1.8455887043e-05
2.8285136449e-05
4.3348795348e-05
6.6464251728e-05
9.2485742990e-05
1.2867302506e-04
1.7901622901e-04
2.4908172209e-04
3.2400394315e-04
4.2143006178e-04
5.4813194200e-04
7.1292214857e-04
8.8830388135e-04
1.1067505017e-03
1.3788258845e-03
1.7176741327e-03
2.0787944955e-03
2.5155805772e-03
3.0438017916e-03
3.6824691201e-03
4.3813135545e-03
5.2119122763e-03
6.1987837315e-03
7.3708677822e-03
8.8861129759e-03
1.0708698894e-02
1.2899189787e-02
1.5529246465e-02
1.7844114411e-02
2.0495238181e-02
2.3528669375e-02
2.6995858319e-02
3.0153776311e-02
3.3665276049e-02
3.7566026837e-02
4.1894317004e-02
4.6019759522e-02
5.0524517982e-02
5.5437882378e-02
6.0790242435e-02
6.6263285326e-02
7.2180561733e-02
7.8568968910e-02
8.5455304897e-02
9.5323275996e-02
1.0615716526e-01
1.1800967527e-01
1.3092647058e-01
1.4091730295e-01
1.5148994873e-01
1.6265036719e-01
1.7440023184e-01
1.8588898682e-01
1.9788151213e-01
2.1036719171e-01
2.2333116411e-01
2.3622269177e-01
2.4951748736e-01
2.6319121925e-01
2.7721617378e-01
2.9601836616e-01
3.1529115164e-01
3.3495195667e-01
3.5491325645e-01
3.7060969713e-01
3.8638992308e-01
4.0221061917e-01
4.1802907853e-01
4.3481135841e-01
4.5149568253e-01
4.6803623076e-01
4.8439001106e-01
5.0243213419e-01
5.2013928629e-01
5.3746615934e-01
5.5437310220e-01
5.7361120247e-01
5.9218068672e-01
6.1004625721e-01
6.2718181866e-01
6.4295763923e-01
6.5803283224e-01
6.7240414171e-01
6.8607341324e-01
6.9937596283e-01
7.1195699932e-01
7.2383092419e-01
7.3501502874e-01
7.4646233031e-01
7.5713866482e-01
7.6707388984e-01
7.7629916810e-01
7.8613273429e-01
7.9510815368e-01
8.0327541848e-01
8.1068385726e-01
8.2002053369e-01
8.2804923373e-01
8.3489631258e-01
8.4067986531e-01
8.4571491016e-01
8.4981906852e-01
8.5309734137e-01
8.5564487314e-01
8.5760624259e-01
8.5896000309e-01
8.5978278304e-01
8.6014280374e-01
8.6009500958e-01
8.5968270794e-01
8.5895685093e-01
8.5796236137e-01
8.5662033382e-01
8.5505132219e-01
8.5329423072e-01
8.5138287758e-01
8.4908430943e-01
8.4666356345e-01
8.4415149696e-01
8.4157447496e-01
8.3853535636e-01
8.3546875730e-01
8.3239956479e-01
8.2934862380e-01
8.2572900039e-01
8.2218605313e-01
8.1874043068e-01
8.1540908065e-01
8.1136227078e-01
8.0754569326e-01
8.0397810754e-01
8.0067467633e-01
7.9657171811e-01
7.9302128656e-01
7.9004372877e-01
7.8765478319e-01
7.8557502681e-01
7.8438141512e-01
7.8408214633e-01
7.8467924705e-01
7.8568350307e-01
7.8716313450e-01
7.8911259534e-01
7.9152436800e-01
7.9375677844e-01
7.9626740125e-01
7.9904920310e-01
8.0209378991e-01
8.0481007968e-01
8.0769337534e-01
8.1073570445e-01
8.1392761717e-01
8.1676185348e-01
8.1968862821e-01
8.2269818860e-01
8.2577900359e-01
8.2851611273e-01
8.3128647006e-01
8.3407756332e-01
8.3687473285e-01
8.3935767174e-01
8.4181771858e-01
8.4423850790e-01
8.4660109102e-01
8.4868175766e-01
8.5067713821e-01
8.5256546758e-01
8.5432183234e-01
8.5582292159e-01
8.5715640505e-01
8.5829195281e-01
8.5919516760e-01
8.5984364552e-01
8.6015270415e-01
8.6006666621e-01
8.5952235886e-01
8.5861427833e-01
8.5724711040e-01
8.5536116417e-01
8.5289027576e-01
8.5007128276e-01
8.4664673106e-01
8.4255073178e-01
8.3771180652e-01
8.3321193692e-01
8.2813456600e-01
8.2243393595e-01
8.1606196549e-01
8.0996879210e-01
8.0330175880e-01
7.9602618793e-01
7.8810667342e-01
7.8026405293e-01
7.7182439052e-01
7.6276020902e-01
7.5304448925e-01
7.4325427694e-01
7.3283934692e-01
7.2177999636e-01
7.1005827220e-01
6.9282769437e-01
6.7428249817e-01
6.5440306502e-01
6.3318551506e-01
6.1880575228e-01
6.0388463671e-01
5.8843535576e-01
5.7247576057e-01
5.5612888724e-01
5.3932800949e-01
5.2210619001e-01
5.0450203469e-01
4.8939165022e-01
4.7407027708e-01
4.5857017860e-01
4.4292616250e-01
4.2657406954e-01
4.1015089723e-01
3.9370255437e-01
3.7727646338e-01
3.6068362769e-01
3.4421454232e-01
3.2791984608e-01
3.1184917147e-01
2.9728982712e-01
2.8299680659e-01
2.6900358000e-01
2.5534108085e-01
2.4089463131e-01
2.2690413223e-01
2.1339674732e-01
2.0039479926e-01
1.8677418553e-01
1.7379496003e-01
1.6146656378e-01
1.4979215425e-01
1.3839557112e-01
1.2768778415e-01
1.1765486533e-01
1.0827849988e-01
9.9758469517e-02
9.1817260712e-02
8.4430115403e-02
7.7570903108e-02
7.0517140305e-02
6.4047260916e-02
5.8123350668e-02
5.2708006217e-02
4.6079174832e-02
4.0239339224e-02
3.5105482874e-02
3.0600589731e-02
2.5577733605e-02
2.1356938857e-02
1.7817003731e-02
1.4852856472e-02
1.2504083960e-02
1.0521930838e-02
8.8505614219e-03
7.4422217035e-03
6.1391902246e-03
5.0629239373e-03
4.1743767311e-03
3.4410843730e-03
2.7333828498e-03
2.1708861539e-03
1.7239013304e-03
1.3687641503e-03
1.0188838991e-03
7.5841023489e-04
5.6447976849e-04
4.2007628423e-04
2.7670009676e-04
1.8232173327e-04
1.2012939689e-04
7.9108253543e-05
3.9563678781e-05
1.9883057796e-05
9.9908468106e-06
4.9858997726e-06
1.1768821032e-06
3.3383002722e-07
8.9758697429e-08
2.7701670524e-08
6.5353709284e-09
1.8626598271e-09
5.3400599741e-10
3.0745223218e-10
