0.0000000000e+00
1.7860981705e-02
3.5721963410e-02
5.3582945115e-02
7.1443926819e-02
8.0880945276e-02
9.0317963732e-02
9.9754982189e-02
1.0919200065e-01
1.1517489929e-01
1.2115779793e-01
1.2714069657e-01
1.3312359522e-01
1.3735867332e-01
1.4159375142e-01
1.4582882952e-01
1.5006390762e-01
1.5326483769e-01
1.5646576776e-01
1.5966669783e-01
1.6286762790e-01
1.6540634278e-01
1.6794505766e-01
1.7048377253e-01
1.7302248741e-01
1.7514180529e-01
1.7726112317e-01
1.7938044105e-01
1.8149975893e-01
1.8335809730e-01
1.8521643567e-01
1.8707477404e-01
1.8893311242e-01
1.9090989668e-01
1.9288668095e-01
1.9486346522e-01
1.9684024949e-01
1.9831455494e-01
1.9978886039e-01
2.0126316584e-01
2.0273747129e-01
2.0392741899e-01
2.0511736669e-01
2.0630731438e-01
2.0749726208e-01
2.0851728175e-01
2.0953730141e-01
2.1055732107e-01
2.1157734074e-01
2.1255302278e-01
2.1352870482e-01
2.1450438685e-01
2.1548006889e-01
2.1652634793e-01
2.1757262698e-01
2.1861890602e-01
2.1966518506e-01
2.2055882373e-01
2.2145246239e-01
2.2234610106e-01
2.2323973973e-01
2.2406431673e-01
2.2488889374e-01
2.2571347075e-01
2.2653804775e-01
2.2743131883e-01
2.2832458991e-01
2.2921786099e-01
2.3011113207e-01
2.3096950750e-01
2.3182788294e-01
2.3268625837e-01
2.3354463380e-01
2.3440863532e-01
2.3527263683e-01
2.3613663834e-01
2.3700063986e-01
2.3798527194e-01
2.3896990402e-01
2.3995453610e-01
2.4093916819e-01
2.4210698015e-01
2.4327479212e-01
2.4444260408e-01
2.4561041604e-01
2.4673893830e-01
2.4786746056e-01
2.4899598282e-01
2.5012450507e-01
2.5130807789e-01
2.5249165071e-01
2.5367522353e-01
2.5485879634e-01
2.5617756978e-01
2.5749634321e-01
2.5881511664e-01
2.6013389007e-01
2.6178426413e-01
2.6343463819e-01
2.6508501225e-01
2.6673538631e-01
2.6871889935e-01
2.7070241240e-01
2.7268592544e-01
2.7466943848e-01
2.7701647163e-01
2.7936350478e-01
2.8171053793e-01
2.8405757108e-01
2.8635313843e-01
2.8864870578e-01
2.9094427312e-01
2.9323984047e-01
2.9575609472e-01
2.9827234897e-01
3.0078860323e-01
3.0330485748e-01
3.0619087566e-01
3.0907689384e-01
3.1196291202e-01
3.1484893020e-01
3.1830251768e-01
3.2175610517e-01
3.2520969266e-01
3.2866328014e-01
3.3304522463e-01
3.3742716912e-01
3.4180911361e-01
3.4619105810e-01
3.5208970727e-01
3.5798835643e-01
3.6388700559e-01
3.6978565476e-01
3.7681961620e-01
3.8385357764e-01
3.9088753908e-01
3.9792150052e-01
4.0497657961e-01
4.1203165869e-01
4.1908673778e-01
4.2614181687e-01
4.3209847327e-01
4.3805512968e-01
4.4401178608e-01
4.4996844249e-01
4.5608314129e-01
4.6219784009e-01
4.6831253889e-01
4.7442723769e-01
4.8052700372e-01
4.8662676975e-01
4.9272653578e-01
4.9882630181e-01
5.0468132147e-01
5.1053634114e-01
5.1639136080e-01
5.2224638046e-01
5.2832396394e-01
5.3440154742e-01
5.4047913090e-01
5.4655671439e-01
5.5315155614e-01
5.5974639789e-01
5.6634123965e-01
5.7293608140e-01
5.8009160944e-01
5.8724713748e-01
5.9440266552e-01
6.0155819356e-01
6.0788559063e-01
6.1421298769e-01
6.2054038476e-01
6.2686778182e-01
6.3173855302e-01
6.3660932422e-01
6.4148009542e-01
6.4635086661e-01
6.5025422487e-01
6.5415758313e-01
6.5806094138e-01
6.6196429964e-01
6.6524330647e-01
6.6852231329e-01
6.7180132012e-01
6.7508032695e-01
6.7791683407e-01
6.8075334118e-01
6.8358984830e-01
6.8642635542e-01
6.8894536512e-01
6.9146437482e-01
6.9398338452e-01
6.9650239422e-01
6.9881302283e-01
7.0112365145e-01
7.0343428006e-01
7.0574490867e-01
7.0801995512e-01
7.1029500156e-01
7.1257004801e-01
7.1484509445e-01
7.1693823700e-01
7.1903137954e-01
7.2112452208e-01
7.2321766462e-01
7.2509587005e-01
7.2697407548e-01
7.2885228092e-01
7.3073048635e-01
7.3218229521e-01
7.3363410408e-01
7.3508591294e-01
7.3653772181e-01
7.3780055366e-01
7.3906338551e-01
7.4032621735e-01
7.4158904920e-01
7.4274733215e-01
7.4390561510e-01
7.4506389804e-01
7.4622218099e-01
7.4735680512e-01
7.4849142924e-01
7.4962605337e-01
7.5076067749e-01
7.5187619148e-01
7.5299170547e-01
7.5410721945e-01
7.5522273344e-01
7.5620345926e-01
7.5718418507e-01
7.5816491089e-01
7.5914563671e-01
7.6001749747e-01
7.6088935823e-01
7.6176121900e-01
7.6263307976e-01
7.6348645795e-01
7.6433983614e-01
7.6519321433e-01
7.6604659252e-01
7.6696699643e-01
7.6788740034e-01
7.6880780425e-01
7.6972820816e-01
7.7055196016e-01
7.7137571216e-01
7.7219946417e-01
7.7302321617e-01
7.7392224137e-01
7.7482126657e-01
7.7572029178e-01
7.7661931698e-01
7.7768940715e-01
7.7875949731e-01
7.7982958748e-01
7.8089967765e-01
7.8187555600e-01
7.8285143436e-01
7.8382731271e-01
7.8480319107e-01
7.8585900420e-01
7.8691481733e-01
7.8797063047e-01
7.8902644360e-01
7.9044066366e-01
7.9185488371e-01
7.9326910376e-01
7.9468332382e-01
7.9683166286e-01
7.9898000191e-01
8.0112834096e-01
8.0327668000e-01
8.0514024694e-01
8.0700381388e-01
8.0886738083e-01
8.1073094777e-01
8.1290108464e-01
8.1507122151e-01
8.1724135838e-01
8.1941149526e-01
8.2218132714e-01
8.2495115903e-01
8.2772099091e-01
8.3049082279e-01
8.3447750523e-01
8.3846418767e-01
8.4245087011e-01
8.4643755255e-01
8.5339228347e-01
8.6034701440e-01
8.6730174533e-01
8.7425647625e-01
8.8997162402e-01
9.0568677179e-01
9.2140191955e-01
9.3711706732e-01
9.5283780049e-01
9.6855853366e-01
9.8427926683e-01
1.0000000000e+00
