3.5078696605e-10
1.2175502892e-10
7.2064970091e-10
2.1055657023e-09
1.8746355657e-08
5.3802432080e-08
1.4855043780e-07
4.0851982282e-07
1.1673017162e-06
2.2602139749e-06
4.3530345209e-06
8.3828265520e-06
1.6204920845e-05
2.5770915967e-05
4.0946822408e-05
6.5058286779e-05
1.0343576942e-04
1.4672608362e-04
2.0808602066e-04
2.9509672726e-04
4.1854177587e-04
5.5271187975e-04
7.2980669399e-04
9.6357739836e-04
1.2721792384e-03
1.6056837132e-03
2.0263489660e-03
2.5568774846e-03
3.2258242836e-03
3.9726133288e-03
4.8911870688e-03
6.0205945720e-03
7.4084976049e-03
9.0845654426e-03
1.1134520454e-02
1.3639277945e-02
1.6695949420e-02
1.9787060966e-02
2.3433634789e-02
2.7728779362e-02
3.2778448102e-02
3.6914463789e-02
4.1544338180e-02
4.6719520306e-02
5.2494790991e-02
5.8263689837e-02
6.4611414120e-02
7.1583241452e-02
7.9225028638e-02
9.1361704066e-02
1.0507952530e-01
1.2049480032e-01
1.3770443474e-01
1.4966926597e-01
1.6240540123e-01
1.7591569879e-01
1.9019481209e-01
2.0420176713e-01
2.1884684785e-01
2.3410346430e-01
2.4993757013e-01
2.6747136112e-01
2.8555943370e-01
3.0413442883e-01
3.2312214188e-01
3.4176380397e-01
3.6064052677e-01
3.7967543480e-01
3.9879118558e-01
4.1842178806e-01
4.3797654488e-01
4.5737882176e-01
4.7655670302e-01
4.9854104721e-01
5.2003603615e-01
5.4095940641e-01
5.6124130632e-01
5.8811855090e-01
6.1354697625e-01
6.3745106431e-01
6.5979008900e-01
6.7675994341e-01
6.9269800410e-01
7.0761938200e-01
7.2154646991e-01
7.3581898022e-01
7.4895566906e-01
7.6100574199e-01
7.7202167815e-01
7.8411369182e-01
7.9485397451e-01
8.0434156716e-01
8.1267336551e-01
8.2226191755e-01
8.3012776762e-01
8.3647204719e-01
8.4147835096e-01
8.4571105642e-01
8.4867388879e-01
8.5055056375e-01
8.5150137092e-01
8.5166823512e-01
8.5118806038e-01
8.5015993106e-01
8.4866921658e-01
8.4659112776e-01
8.4412763039e-01
8.4134829321e-01
8.3831176036e-01
8.3453900310e-01
8.3055079271e-01
8.2639923696e-01
8.2212683974e-01
8.1680933189e-01
8.1141315144e-01
8.0597700765e-01
8.0053070618e-01
7.9352485854e-01
7.8657513831e-01
7.7970613221e-01
7.7293387814e-01
7.6418031672e-01
7.5562034314e-01
7.4725366515e-01
7.3907243425e-01
7.3003610859e-01
7.2119330426e-01
7.1251324882e-01
7.0396176005e-01
6.9678706579e-01
6.8965720367e-01
6.8255207416e-01
6.7545465277e-01
6.6883863162e-01
6.6221406631e-01
6.5558357071e-01
6.4895852783e-01
6.4309098891e-01
6.3726811937e-01
6.3152151327e-01
6.2589133401e-01
6.2065629340e-01
6.1562232426e-01
6.1084502738e-01
6.0638450394e-01
6.0231255814e-01
5.9868171793e-01
5.9555281786e-01
5.9298194227e-01
5.9093649068e-01
5.8960459494e-01
5.8901606088e-01
5.8918434114e-01
5.9002195813e-01
5.9149993017e-01
5.9358956646e-01
5.9625162709e-01
5.9961290680e-01
6.0348996482e-01
6.0781534457e-01
6.1252013192e-01
6.1824493378e-01
6.2427967043e-01
6.3054124127e-01
6.3695861672e-01
6.4518802633e-01
6.5348947202e-01
6.6180922485e-01
6.7012077939e-01
6.7774745788e-01
6.8537284664e-01
6.9301438776e-01
7.0069506797e-01
7.0918989299e-01
7.1779903495e-01
7.2655732956e-01
7.3549689840e-01
7.4222396908e-01
7.4907408453e-01
7.5605411261e-01
7.6316808482e-01
7.6894443297e-01
7.7480474548e-01
7.8074478676e-01
7.8675728385e-01
7.9178785755e-01
7.9685188809e-01
8.0193763504e-01
8.0702974935e-01
8.1138592955e-01
8.1571672045e-01
8.2000279579e-01
8.2422040903e-01
8.2786325291e-01
8.3140618408e-01
8.3482044395e-01
8.3807176826e-01
8.4087574993e-01
8.4347155231e-01
8.4581579437e-01
8.4785774058e-01
8.4949660975e-01
8.5073086911e-01
8.5148713663e-01
8.5168046791e-01
8.5128092337e-01
8.5024208650e-01
8.4846630076e-01
8.4584308577e-01
8.4276410205e-01
8.3885296682e-01
8.3400827319e-01
8.2811902746e-01
8.2270060424e-01
8.1650579523e-01
8.0946904131e-01
8.0152161014e-01
7.9374917365e-01
7.8517236773e-01
7.7574080177e-01
7.6540382256e-01
7.5494755632e-01
7.4362745327e-01
7.3140593220e-01
7.1824798804e-01
7.0404381971e-01
6.8883412022e-01
6.7259799247e-01
6.5532228809e-01
6.3887158738e-01
6.2157939686e-01
6.0345913631e-01
5.8453378532e-01
5.6596503304e-01
5.4674667162e-01
5.2692618883e-01
5.0656126517e-01
4.8835110990e-01
4.6982828393e-01
4.5105067786e-01
4.3208157246e-01
4.1107078960e-01
3.9000713007e-01
3.6899110750e-01
3.4812557371e-01
3.2972325235e-01
3.1159484361e-01
2.9380960766e-01
2.7643292845e-01
2.5738959848e-01
2.3902072952e-01
2.2139233799e-01
2.0455819638e-01
1.8809831947e-01
1.7255435249e-01
1.5794300041e-01
1.4426811267e-01
1.3139485257e-01
1.1945094062e-01
1.0840918007e-01
9.8235322223e-02
8.8454737461e-02
7.9534621262e-02
7.1421873497e-02
6.4061951983e-02
5.5888960987e-02
4.8689273067e-02
4.2364252600e-02
3.6820815906e-02
3.0606911465e-02
2.5407208137e-02
2.1067087881e-02
1.7451922515e-02
1.4207922822e-02
1.1558302432e-02
9.3970481439e-03
7.6360265859e-03
6.0273473105e-03
4.7556805256e-03
3.7510803512e-03
2.9578480704e-03
2.1868730527e-03
1.6165811773e-03
1.1947928575e-03
8.8285040318e-04
5.7017233954e-04
3.6836850412e-04
2.3796865532e-04
1.5361928992e-04
7.0981651408e-05
3.3070426397e-05
1.5402110478e-05
7.0908070359e-06
1.1209876343e-06
3.1208522957e-07
6.3181783195e-08
4.3266144185e-08
6.8355731795e-09
1.9145945749e-09
4.2669918816e-10
5.2854185620e-10
