3.1129785734e-02
3.1476796642e-02
3.2524616049e-02
3.4293614800e-02
3.6817752826e-02
3.9276941345e-02
4.2228204569e-02
4.5702301521e-02
4.9734337977e-02
5.3712141225e-02
5.8166834836e-02
6.3128383292e-02
6.8628475692e-02
7.4360024621e-02
8.0632527231e-02
8.7475231147e-02
9.4917288479e-02
1.0540050374e-01
1.1697662894e-01
1.2969668077e-01
1.4360278999e-01
1.5443972241e-01
1.6592265656e-01
1.7805358723e-01
1.9082921961e-01
2.0340103869e-01
2.1652066441e-01
2.3017069904e-01
2.4432871567e-01
2.5907059084e-01
2.7426671786e-01
2.8987945948e-01
3.0586694011e-01
3.2395887788e-01
3.4238817215e-01
3.6108505505e-01
3.7997756792e-01
3.9721001245e-01
4.1448911421e-01
4.3176175502e-01
4.4897641580e-01
4.6792502923e-01
4.8667857209e-01
5.0517843777e-01
5.2337112896e-01
5.4314866649e-01
5.6243084028e-01
5.8116838563e-01
5.9932026791e-01
6.2071100879e-01
6.4112768968e-01
6.6053929896e-01
6.7892805818e-01
6.9441710342e-01
7.0909421366e-01
7.2296650416e-01
7.3604530973e-01
7.4934582924e-01
7.6175342394e-01
7.7329306932e-01
7.8399159223e-01
7.9531939763e-01
8.0560974184e-01
8.1490577483e-01
8.2324946193e-01
8.3209300081e-01
8.3967751688e-01
8.4606155861e-01
8.5129637365e-01
8.5583242139e-01
8.5903999154e-01
8.6095322398e-01
8.6159238230e-01
8.6106252801e-01
8.5945760333e-01
8.5676184410e-01
8.5294956018e-01
8.4869496622e-01
8.4353849558e-01
8.3744573327e-01
8.3037737085e-01
8.2363342015e-01
8.1613759386e-01
8.0785976131e-01
7.9876843692e-01
7.8979923579e-01
7.8011075163e-01
7.6967865144e-01
7.5847916570e-01
7.4667947122e-01
7.3409356840e-01
7.2070358554e-01
7.0649458548e-01
6.9111907146e-01
6.7486972584e-01
6.5774564203e-01
6.3975313228e-01
6.2356556689e-01
6.0675906923e-01
5.8935454747e-01
5.7137927297e-01
5.5411804561e-01
5.3642265751e-01
5.1833215564e-01
4.9989131616e-01
4.8308884460e-01
4.6608517800e-01
4.4892393905e-01
4.3165182126e-01
4.1387857618e-01
3.9609640840e-01
3.7836273196e-01
3.6073598293e-01
3.4357230454e-01
3.2662374573e-01
3.0994390782e-01
2.9358412982e-01
2.7804478945e-01
2.6289402588e-01
2.4816886749e-01
2.3390205941e-01
2.1859861769e-01
2.0392927583e-01
1.8991827051e-01
1.7658243412e-01
1.6213064281e-01
1.4858318601e-01
1.3593341203e-01
1.2416554153e-01
1.1415391962e-01
1.0483780147e-01
9.6191107007e-02
8.8185129712e-02
8.0193270163e-02
7.2878140414e-02
6.6198666695e-02
6.0113851909e-02
5.3279336383e-02
4.7235919076e-02
4.1911678629e-02
3.7239516381e-02
3.2055330431e-02
2.7742310086e-02
2.4195992518e-02
2.1327502898e-02
1.9030641515e-02
1.7295468599e-02
1.6074071414e-02
1.5332335051e-02
1.5049948594e-02
1.5210368348e-02
1.5818041668e-02
1.6889806462e-02
1.8351909273e-02
2.0288132449e-02
2.2744721866e-02
2.5779315260e-02
2.8582247224e-02
3.1814302682e-02
3.5518070032e-02
3.9740873759e-02
4.3689962569e-02
4.8067321399e-02
5.2907528442e-02
5.8247080045e-02
6.3685040683e-02
6.9617984419e-02
7.6078188724e-02
8.3098221959e-02
9.0900941818e-02
9.9358774066e-02
1.0850418522e-01
1.1836726956e-01
1.2833354283e-01
1.3897883217e-01
1.5031791027e-01
1.6236061241e-01
1.7430810530e-01
1.8687754501e-01
2.0006176600e-01
2.1384780440e-01
2.2733490338e-01
2.4131598704e-01
2.5576550650e-01
2.7065327794e-01
2.8962119221e-01
3.0913242908e-01
3.2910521389e-01
3.4945149854e-01
3.6621720447e-01
3.8311779118e-01
4.0010186149e-01
4.1711837648e-01
4.3513111140e-01
4.5306646745e-01
4.7086958634e-01
4.8848885886e-01
5.0808050141e-01
5.2731485037e-01
5.4613622467e-01
5.6449594981e-01
5.8680305216e-01
6.0825214721e-01
6.2879191366e-01
6.4838553511e-01
6.6510783168e-01
6.8104320219e-01
6.9618883688e-01
7.1054745215e-01
7.2478384944e-01
7.3817411193e-01
7.5073507834e-01
7.6248649775e-01
7.7483269903e-01
7.8620490012e-01
7.9663836968e-01
8.0616884543e-01
8.1662773161e-01
8.2585701608e-01
8.3391564637e-01
8.4085810347e-01
8.4760648629e-01
8.5297284361e-01
8.5701294587e-01
8.5977007477e-01
8.6126099331e-01
8.6155363085e-01
8.6065192939e-01
8.5854729483e-01
8.5573866839e-01
8.5199222695e-01
8.4728012711e-01
8.4156800586e-01
8.3593592978e-01
8.2953421087e-01
8.2233244745e-01
8.1429783181e-01
8.0639301264e-01
7.9777076389e-01
7.8840455063e-01
7.7826756659e-01
7.6811809979e-01
7.5725706911e-01
7.4566454807e-01
7.3332210563e-01
7.1965289350e-01
7.0513705730e-01
6.8976329665e-01
6.7352534510e-01
6.5834512446e-01
6.4248451465e-01
6.2595328290e-01
6.0876701222e-01
5.9080450327e-01
5.7222872986e-01
5.5307740024e-01
5.3339652704e-01
5.1722893085e-01
5.0078677483e-01
4.8410616015e-01
4.6722669124e-01
4.5005310801e-01
4.3276821154e-01
4.1542184031e-01
3.9806607582e-01
3.7981551665e-01
3.6167859425e-01
3.4371977851e-01
3.2600279791e-01
3.1026343477e-01
2.9481560591e-01
2.7970052996e-01
2.6495643573e-01
2.4945233764e-01
2.3446282928e-01
2.2002122196e-01
2.0615488576e-01
1.9139126771e-01
1.7739068106e-01
1.6416504421e-01
1.5171799139e-01
1.4005457401e-01
1.2915396420e-01
1.1899999681e-01
1.0957183054e-01
1.0080836911e-01
9.2724438044e-02
8.5290359448e-02
7.8475252255e-02
7.1387021010e-02
6.5023056496e-02
5.9337473931e-02
5.4286271362e-02
4.8485132819e-02
4.3641967324e-02
3.9678362623e-02
3.6527311521e-02
3.4133708520e-02
3.2454647290e-02
3.1459469742e-02
3.1129786138e-02
