0.0000000000e+00
5.6824979523e-03
1.1364995905e-02
1.7047493857e-02
2.2729991809e-02
2.7902925659e-02
3.3075859510e-02
3.8248793360e-02
4.3421727210e-02
4.8190119375e-02
5.2958511540e-02
5.7726903706e-02
6.2495295871e-02
6.6971580862e-02
7.1447865854e-02
7.5924150845e-02
8.0400435837e-02
8.4770240213e-02
8.9140044590e-02
9.3509848966e-02
9.7879653343e-02
1.0280493965e-01
1.0773022596e-01
1.1265551227e-01
1.1758079858e-01
1.2128652710e-01
1.2499225562e-01
1.2869798415e-01
1.3240371267e-01
1.3586096139e-01
1.3931821012e-01
1.4277545884e-01
1.4623270757e-01
1.4910453104e-01
1.5197635451e-01
1.5484817799e-01
1.5772000146e-01
1.6030678005e-01
1.6289355863e-01
1.6548033722e-01
1.6806711580e-01
1.7049182546e-01
1.7291653511e-01
1.7534124476e-01
1.7776595442e-01
1.8011959460e-01
1.8247323479e-01
1.8482687497e-01
1.8718051516e-01
1.8961538324e-01
1.9205025133e-01
1.9448511942e-01
1.9691998750e-01
1.9952979756e-01
2.0213960762e-01
2.0474941767e-01
2.0735922773e-01
2.0965922084e-01
2.1195921395e-01
2.1425920705e-01
2.1655920016e-01
2.1871695197e-01
2.2087470378e-01
2.2303245560e-01
2.2519020741e-01
2.2724845748e-01
2.2930670756e-01
2.3136495763e-01
2.3342320770e-01
2.3541249450e-01
2.3740178130e-01
2.3939106809e-01
2.4138035489e-01
2.4349978430e-01
2.4561921370e-01
2.4773864311e-01
2.4985807252e-01
2.5233797276e-01
2.5481787301e-01
2.5729777325e-01
2.5977767350e-01
2.6186167872e-01
2.6394568395e-01
2.6602968918e-01
2.6811369441e-01
2.7015185993e-01
2.7219002546e-01
2.7422819099e-01
2.7626635651e-01
2.7840812171e-01
2.8054988690e-01
2.8269165210e-01
2.8483341729e-01
2.8743813277e-01
2.9004284825e-01
2.9264756373e-01
2.9525227921e-01
2.9769578802e-01
3.0013929683e-01
3.0258280564e-01
3.0502631446e-01
3.0776849578e-01
3.1051067710e-01
3.1325285842e-01
3.1599503974e-01
3.1892068756e-01
3.2184633539e-01
3.2477198322e-01
3.2769763105e-01
3.3043778785e-01
3.3317794465e-01
3.3591810144e-01
3.3865825824e-01
3.4144048179e-01
3.4422270533e-01
3.4700492887e-01
3.4978715241e-01
3.5271827117e-01
3.5564938993e-01
3.5858050868e-01
3.6151162744e-01
3.6462479122e-01
3.6773795501e-01
3.7085111879e-01
3.7396428257e-01
3.7733807374e-01
3.8071186491e-01
3.8408565608e-01
3.8745944725e-01
3.9128343155e-01
3.9510741585e-01
3.9893140014e-01
4.0275538444e-01
4.0721150043e-01
4.1166761642e-01
4.1612373241e-01
4.2057984839e-01
4.2573815233e-01
4.3089645626e-01
4.3605476019e-01
4.4121306412e-01
4.4714673289e-01
4.5308040166e-01
4.5901407042e-01
4.6494773919e-01
4.7047070987e-01
4.7599368055e-01
4.8151665123e-01
4.8703962191e-01
4.9264935538e-01
4.9825908885e-01
5.0386882232e-01
5.0947855578e-01
5.1513349835e-01
5.2078844091e-01
5.2644338347e-01
5.3209832603e-01
5.3747144290e-01
5.4284455976e-01
5.4821767663e-01
5.5359079349e-01
5.5839445308e-01
5.6319811267e-01
5.6800177226e-01
5.7280543185e-01
5.7707606233e-01
5.8134669282e-01
5.8561732331e-01
5.8988795379e-01
5.9347422227e-01
5.9706049075e-01
6.0064675923e-01
6.0423302771e-01
6.0749985115e-01
6.1076667460e-01
6.1403349804e-01
6.1730032148e-01
6.2036382047e-01
6.2342731946e-01
6.2649081845e-01
6.2955431744e-01
6.3244290779e-01
6.3533149814e-01
6.3822008848e-01
6.4110867883e-01
6.4387585704e-01
6.4664303525e-01
6.4941021345e-01
6.5217739166e-01
6.5493482730e-01
6.5769226293e-01
6.6044969856e-01
6.6320713420e-01
6.6627392976e-01
6.6934072533e-01
6.7240752090e-01
6.7547431647e-01
6.7813192481e-01
6.8078953315e-01
6.8344714148e-01
6.8610474982e-01
6.8853918256e-01
6.9097361530e-01
6.9340804804e-01
6.9584248077e-01
6.9837420712e-01
7.0090593347e-01
7.0343765981e-01
7.0596938616e-01
7.0811743058e-01
7.1026547500e-01
7.1241351942e-01
7.1456156384e-01
7.1660392243e-01
7.1864628101e-01
7.2068863959e-01
7.2273099817e-01
7.2481532562e-01
7.2689965307e-01
7.2898398053e-01
7.3106830798e-01
7.3354749487e-01
7.3602668176e-01
7.3850586865e-01
7.4098505554e-01
7.4311910556e-01
7.4525315557e-01
7.4738720559e-01
7.4952125561e-01
7.5151009125e-01
7.5349892689e-01
7.5548776254e-01
7.5747659818e-01
7.5951986042e-01
7.6156312265e-01
7.6360638488e-01
7.6564964711e-01
7.6780658536e-01
7.6996352360e-01
7.7212046185e-01
7.7427740009e-01
7.7659867875e-01
7.7891995742e-01
7.8124123608e-01
7.8356251475e-01
7.8673848204e-01
7.8991444933e-01
7.9309041662e-01
7.9626638392e-01
7.9864798364e-01
8.0102958337e-01
8.0341118310e-01
8.0579278283e-01
8.0815564545e-01
8.1051850807e-01
8.1288137068e-01
8.1524423330e-01
8.1771108150e-01
8.2017792971e-01
8.2264477791e-01
8.2511162612e-01
8.2779613441e-01
8.3048064270e-01
8.3316515099e-01
8.3584965929e-01
8.3893924190e-01
8.4202882451e-01
8.4511840713e-01
8.4820798974e-01
8.5177391336e-01
8.5533983698e-01
8.5890576059e-01
8.6247168421e-01
8.6684439918e-01
8.7121711415e-01
8.7558982912e-01
8.7996254409e-01
8.8436588923e-01
8.8876923438e-01
8.9317257952e-01
8.9757592466e-01
9.0200625047e-01
9.0643657628e-01
9.1086690209e-01
9.1529722790e-01
9.2000689444e-01
9.2471656097e-01
9.2942622751e-01
9.3413589404e-01
9.3926895361e-01
9.4440201318e-01
9.4953507275e-01
9.5466813232e-01
9.6033461578e-01
9.6600109924e-01
9.7166758270e-01
9.7733406616e-01
9.8300054962e-01
9.8866703308e-01
9.9433351654e-01
1.0000000000e+00
