2.8750263247e-01
2.8750332263e-01
2.8750539309e-01
2.8750884387e-01
2.8751367498e-01
2.8751950598e-01
2.8752656854e-01
2.8753486267e-01
2.8754438838e-01
2.8755481852e-01
2.8756641030e-01
2.8757916374e-01
2.8759307883e-01
2.8760914375e-01
2.8762652119e-01
2.8764521110e-01
2.8766521343e-01
2.8768392239e-01
2.8770364981e-01
2.8772439555e-01
2.8774615949e-01
2.8776603663e-01
2.8778669292e-01
2.8780812818e-01
2.8783034219e-01
2.8785082221e-01
2.8787192190e-01
2.8789364099e-01
2.8791597916e-01
2.8793612412e-01
2.8795674679e-01
2.8797784684e-01
2.8799942391e-01
2.8801969354e-01
2.8804036611e-01
2.8806144121e-01
2.8808291837e-01
2.8810362797e-01
2.8812469722e-01
2.8814612557e-01
2.8816791242e-01
2.8818951117e-01
2.8821144979e-01
2.8823372754e-01
2.8825634357e-01
2.8828000122e-01
2.8830401602e-01
2.8832838677e-01
2.8835311217e-01
2.8838169445e-01
2.8841073225e-01
2.8844022298e-01
2.8847016373e-01
2.8849565181e-01
2.8852145294e-01
2.8854756491e-01
2.8857398528e-01
2.8859893612e-01
2.8862415141e-01
2.8864962870e-01
2.8867536539e-01
2.8870112419e-01
2.8872713209e-01
2.8875338601e-01
2.8877988267e-01
2.8880482918e-01
2.8882998111e-01
2.8885533531e-01
2.8888088844e-01
2.8890679905e-01
2.8893290382e-01
2.8895919883e-01
2.8898567996e-01
2.8901510288e-01
2.8904474104e-01
2.8907458813e-01
2.8910463757e-01
2.8913526972e-01
2.8916609494e-01
2.8919710549e-01
2.8922829335e-01
2.8925704784e-01
2.8928593791e-01
2.8931495675e-01
2.8934409738e-01
2.8937305832e-01
2.8940212444e-01
2.8943128846e-01
2.8946054294e-01
2.8949136551e-01
2.8952227055e-01
2.8955324892e-01
2.8958429134e-01
2.8962083357e-01
2.8965743570e-01
2.8969408198e-01
2.8973075652e-01
2.8976623095e-01
2.8980170211e-01
2.8983715524e-01
2.8987257552e-01
2.8991073575e-01
2.8994882170e-01
2.8998681465e-01
2.9002469589e-01
2.9006936865e-01
2.9011382791e-01
2.9015804308e-01
2.9020198383e-01
2.9024100783e-01
2.9027976735e-01
2.9031824149e-01
2.9035640959e-01
2.9039382756e-01
2.9043090715e-01
2.9046762936e-01
2.9050397556e-01
2.9054104182e-01
2.9057766918e-01
2.9061383841e-01
2.9064953077e-01
2.9068708769e-01
2.9072405856e-01
2.9076042231e-01
2.9079615845e-01
2.9083307722e-01
2.9086925608e-01
2.9090467334e-01
2.9093930808e-01
2.9097605397e-01
2.9101182602e-01
2.9104660036e-01
2.9108035411e-01
2.9111806801e-01
2.9115435714e-01
2.9118919113e-01
2.9122254132e-01
2.9125777860e-01
2.9129112115e-01
2.9132253686e-01
2.9135199598e-01
2.9138758527e-01
2.9141971317e-01
2.9144833006e-01
2.9147339242e-01
2.9149720762e-01
2.9151646817e-01
2.9153113877e-01
2.9154119278e-01
2.9154687920e-01
2.9154702028e-01
2.9154161572e-01
2.9153067710e-01
2.9151854990e-01
2.9150319545e-01
2.9148463347e-01
2.9146288805e-01
2.9144265180e-01
2.9142030235e-01
2.9139585998e-01
2.9136934712e-01
2.9134213548e-01
2.9131308383e-01
2.9128221755e-01
2.9124956400e-01
2.9122088407e-01
2.9119099132e-01
2.9115990517e-01
2.9112764615e-01
2.9109713607e-01
2.9106568047e-01
2.9103329749e-01
2.9100000607e-01
2.9096782526e-01
2.9093487274e-01
2.9090116637e-01
2.9086672468e-01
2.9083359399e-01
2.9079984327e-01
2.9076548968e-01
2.9073055093e-01
2.9069660674e-01
2.9066216041e-01
2.9062722877e-01
2.9059182909e-01
2.9055662999e-01
2.9052101378e-01
2.9048499798e-01
2.9044860049e-01
2.9041045519e-01
2.9037193950e-01
2.9033307457e-01
2.9029388194e-01
2.9025262559e-01
2.9021106100e-01
2.9016921384e-01
2.9012711006e-01
2.9009094343e-01
2.9005462505e-01
2.9001817156e-01
2.8998159966e-01
2.8994669266e-01
2.8991170807e-01
2.8987666042e-01
2.8984156420e-01
2.8980631435e-01
2.8977104478e-01
2.8973576999e-01
2.8970050442e-01
2.8966955769e-01
2.8963863871e-01
2.8960775698e-01
2.8957692192e-01
2.8954744108e-01
2.8951801964e-01
2.8948866553e-01
2.8945938658e-01
2.8942984761e-01
2.8940040126e-01
2.8937105519e-01
2.8934181690e-01
2.8930819051e-01
2.8927472868e-01
2.8924144207e-01
2.8920834104e-01
2.8917829218e-01
2.8914841365e-01
2.8911871256e-01
2.8908919573e-01
2.8906214853e-01
2.8903526854e-01
2.8900856055e-01
2.8898202914e-01
2.8895576083e-01
2.8892967656e-01
2.8890378031e-01
2.8887807591e-01
2.8884836852e-01
2.8881893207e-01
2.8878977170e-01
2.8876089228e-01
2.8873404206e-01
2.8870744697e-01
2.8868111034e-01
2.8865503530e-01
2.8862720420e-01
2.8859968434e-01
2.8857247889e-01
2.8854559082e-01
2.8851454946e-01
2.8848395000e-01
2.8845379611e-01
2.8842409113e-01
2.8839889243e-01
2.8837403010e-01
2.8834950573e-01
2.8832532081e-01
2.8830163492e-01
2.8827828648e-01
2.8825527658e-01
2.8823260623e-01
2.8820947026e-01
2.8818670088e-01
2.8816429895e-01
2.8814226521e-01
2.8811906689e-01
2.8809629277e-01
2.8807394353e-01
2.8805201977e-01
2.8802800407e-01
2.8800452193e-01
2.8798157394e-01
2.8795916060e-01
2.8793306444e-01
2.8790773390e-01
2.8788316954e-01
2.8785937183e-01
2.8783385799e-01
2.8780928942e-01
2.8778566650e-01
2.8776298952e-01
2.8773692302e-01
2.8771223049e-01
2.8768891220e-01
2.8766696834e-01
2.8764801112e-01
2.8763021525e-01
2.8761358078e-01
2.8759810775e-01
2.8758341506e-01
2.8756994929e-01
2.8755771044e-01
2.8754669852e-01
2.8753637046e-01
2.8752741951e-01
2.8751984566e-01
2.8751364890e-01
2.8750882920e-01
2.8750538657e-01
2.8750332100e-01
2.8750263247e-01
