2.5468049044e-01
2.5487372829e-01
2.5545373500e-01
2.5642139072e-01
2.5777816399e-01
2.5864189775e-01
2.5961262888e-01
2.6069075895e-01
2.6187673398e-01
2.6268915538e-01
2.6354572474e-01
2.6444658602e-01
2.6539189063e-01
2.6607835790e-01
2.6678662554e-01
2.6751675156e-01
2.6826879581e-01
2.6884938556e-01
2.6944245637e-01
2.7004803578e-01
2.7066615187e-01
2.7117339959e-01
2.7168882237e-01
2.7221243573e-01
2.7274425539e-01
2.7321178568e-01
2.7368550151e-01
2.7416541345e-01
2.7465153215e-01
2.7515132418e-01
2.7565753319e-01
2.7617017001e-01
2.7668924502e-01
2.7708242743e-01
2.7747923383e-01
2.7787966720e-01
2.7828372962e-01
2.7859034434e-01
2.7889901652e-01
2.7920974518e-01
2.7952252844e-01
2.7981349737e-01
2.8010621603e-01
2.8040067958e-01
2.8069688159e-01
2.8101591033e-01
2.8133690870e-01
2.8165985954e-01
2.8198474112e-01
2.8226222347e-01
2.8254105953e-01
2.8282122536e-01
2.8310269282e-01
2.8336711081e-01
2.8363260811e-01
2.8389914969e-01
2.8416669609e-01
2.8447054251e-01
2.8477554728e-01
2.8508163118e-01
2.8538870710e-01
2.8566935956e-01
2.8595068002e-01
2.8623258648e-01
2.8651499255e-01
2.8684326538e-01
2.8717194250e-01
2.8750087221e-01
2.8782989919e-01
2.8826047621e-01
2.8869059330e-01
2.8911989615e-01
2.8954803608e-01
2.8992337658e-01
2.9029733151e-01
2.9066968668e-01
2.9104023768e-01
2.9145457029e-01
2.9186611747e-01
2.9227463892e-01
2.9267991292e-01
2.9319371526e-01
2.9370148033e-01
2.9420287190e-01
2.9469759806e-01
2.9530313345e-01
2.9589757788e-01
2.9648061326e-01
2.9705199417e-01
2.9767147689e-01
2.9827625271e-01
2.9886622423e-01
2.9944135413e-01
3.0003315296e-01
3.0060845115e-01
3.0116735639e-01
3.0171001062e-01
3.0231731910e-01
3.0290343325e-01
3.0346867808e-01
3.0401339935e-01
3.0465269744e-01
3.0526246942e-01
3.0584340201e-01
3.0639618321e-01
3.0708015031e-01
3.0771831200e-01
3.0831214294e-01
3.0886306874e-01
3.0939526105e-01
3.0988345723e-01
3.1032910007e-01
3.1073357077e-01
3.1113362334e-01
3.1148688721e-01
3.1179502570e-01
3.1205967685e-01
3.1222961301e-01
3.1237699692e-01
3.1250254691e-01
3.1260701813e-01
3.1267486120e-01
3.1273059584e-01
3.1277467160e-01
3.1280757379e-01
3.1282736985e-01
3.1283961883e-01
3.1284471432e-01
3.1284308084e-01
3.1283463945e-01
3.1281987043e-01
3.1279938635e-01
3.1277384360e-01
3.1274968428e-01
3.1272301227e-01
3.1269424692e-01
3.1266382204e-01
3.1263500908e-01
3.1260553104e-01
3.1257573531e-01
3.1254596972e-01
3.1251704611e-01
3.1248880969e-01
3.1246157498e-01
3.1243564453e-01
3.1241117980e-01
3.1238859765e-01
3.1236814976e-01
3.1235006346e-01
3.1233483321e-01
3.1232222207e-01
3.1231236338e-01
3.1230536120e-01
3.1230132930e-01
3.1230018005e-01
3.1230192515e-01
3.1230654683e-01
3.1231480599e-01
3.1232632657e-01
3.1234096839e-01
3.1235855289e-01
3.1237750820e-01
3.1239865384e-01
3.1242176147e-01
3.1244658092e-01
3.1247439253e-01
3.1250347841e-01
3.1253348373e-01
3.1256404130e-01
3.1259826029e-01
3.1263217284e-01
3.1266525386e-01
3.1269698342e-01
3.1272943625e-01
3.1275903615e-01
3.1278516802e-01
3.1280724576e-01
3.1282579244e-01
3.1283839311e-01
3.1284444952e-01
3.1284340660e-01
3.1283065404e-01
3.1280409257e-01
3.1276279980e-01
3.1270594073e-01
3.1258758234e-01
3.1242886303e-01
3.1222760108e-01
3.1198178085e-01
3.1172230047e-01
3.1142421206e-01
3.1108616232e-01
3.1070677419e-01
3.1032090500e-01
3.0989787049e-01
3.0943648757e-01
3.0893552314e-01
3.0849650780e-01
3.0802955484e-01
3.0753391493e-01
3.0700881623e-01
3.0654955783e-01
3.0606895206e-01
3.0556652808e-01
3.0504181065e-01
3.0457097169e-01
3.0408288875e-01
3.0357726063e-01
3.0305379260e-01
3.0256826714e-01
3.0206792780e-01
3.0155259025e-01
3.0102208623e-01
3.0039886446e-01
2.9975557714e-01
2.9909210182e-01
2.9840838600e-01
2.9788180977e-01
2.9734389505e-01
2.9679473461e-01
2.9623446713e-01
2.9578763184e-01
2.9533420491e-01
2.9487432899e-01
2.9440817420e-01
2.9401575089e-01
2.9361925221e-01
2.9321882663e-01
2.9281463990e-01
2.9245035013e-01
2.9208334610e-01
2.9171378381e-01
2.9134183155e-01
2.9095738263e-01
2.9057081082e-01
2.9018233833e-01
2.8979219962e-01
2.8945407341e-01
2.8911505175e-01
2.8877530364e-01
2.8843500173e-01
2.8812625982e-01
2.8781733848e-01
2.8750836914e-01
2.8719948235e-01
2.8691792668e-01
2.8663664271e-01
2.8635572371e-01
2.8607525990e-01
2.8577656728e-01
2.8547859177e-01
2.8518142759e-01
2.8488516260e-01
2.8461229811e-01
2.8434032944e-01
2.8406931031e-01
2.8379928939e-01
2.8350023819e-01
2.8320252858e-01
2.8290620693e-01
2.8261131322e-01
2.8229094398e-01
2.8197235552e-01
2.8165557860e-01
2.8134063824e-01
2.8103135315e-01
2.8072389520e-01
2.8041827651e-01
2.8011450650e-01
2.7973457048e-01
2.7935758809e-01
2.7898356604e-01
2.7861250831e-01
2.7805354959e-01
2.7750145977e-01
2.7695623426e-01
2.7641786518e-01
2.7589872384e-01
2.7538610151e-01
2.7487998733e-01
2.7438037010e-01
2.7378023099e-01
2.7318970467e-01
2.7260877072e-01
2.7203740888e-01
2.7124114628e-01
2.7046415384e-01
2.6970637643e-01
2.6896776022e-01
2.6771151999e-01
2.6651445121e-01
2.6537628931e-01
2.6429678273e-01
2.6203624240e-01
2.6008181618e-01
2.5843122077e-01
2.5708252785e-01
2.5603070920e-01
2.5528029338e-01
2.5483039695e-01
2.5468049029e-01
