2.9994491498e-01
2.9994500505e-01
2.9994527521e-01
2.9994572541e-01
2.9994635550e-01
2.9994718452e-01
2.9994820076e-01
2.9994940390e-01
2.9995079358e-01
2.9995267945e-01
2.9995482540e-01
2.9995723050e-01
2.9995989369e-01
2.9996244522e-01
2.9996519416e-01
2.9996813959e-01
2.9997128049e-01
2.9997445153e-01
2.9997779778e-01
2.9998131819e-01
2.9998501163e-01
2.9998895413e-01
2.9999307393e-01
2.9999736964e-01
3.0000183979e-01
3.0000584422e-01
3.0000997686e-01
3.0001423664e-01
3.0001862245e-01
3.0002295702e-01
3.0002740594e-01
3.0003196811e-01
3.0003664238e-01
3.0004138544e-01
3.0004623632e-01
3.0005119381e-01
3.0005625665e-01
3.0006143245e-01
3.0006671133e-01
3.0007209193e-01
3.0007757284e-01
3.0008330101e-01
3.0008913173e-01
3.0009506338e-01
3.0010109427e-01
3.0010774545e-01
3.0011450911e-01
3.0012138298e-01
3.0012836470e-01
3.0013593570e-01
3.0014362395e-01
3.0015142640e-01
3.0015933994e-01
3.0016638885e-01
3.0017351902e-01
3.0018072823e-01
3.0018801419e-01
3.0019509035e-01
3.0020223328e-01
3.0020944086e-01
3.0021671094e-01
3.0022396394e-01
3.0023127390e-01
3.0023863868e-01
3.0024605612e-01
3.0025359369e-01
3.0026118040e-01
3.0026881396e-01
3.0027649207e-01
3.0028445287e-01
3.0029245597e-01
3.0030049879e-01
3.0030857871e-01
3.0031731271e-01
3.0032608336e-01
3.0033488733e-01
3.0034372131e-01
3.0035337462e-01
3.0036305524e-01
3.0037275883e-01
3.0038248102e-01
3.0039159570e-01
3.0040071927e-01
3.0040984815e-01
3.0041897875e-01
3.0042816691e-01
3.0043734951e-01
3.0044652293e-01
3.0045568352e-01
3.0046515497e-01
3.0047460475e-01
3.0048402885e-01
3.0049342328e-01
3.0050352427e-01
3.0051358114e-01
3.0052358899e-01
3.0053354292e-01
3.0054571060e-01
3.0055778039e-01
3.0056974347e-01
3.0058159114e-01
3.0059167286e-01
3.0060165763e-01
3.0061154017e-01
3.0062131523e-01
3.0063057833e-01
3.0063973351e-01
3.0064877637e-01
3.0065770258e-01
3.0066642677e-01
3.0067502822e-01
3.0068350294e-01
3.0069184702e-01
3.0070010722e-01
3.0070822741e-01
3.0071620386e-01
3.0072403288e-01
3.0073183659e-01
3.0073948057e-01
3.0074696122e-01
3.0075427505e-01
3.0076159326e-01
3.0076872913e-01
3.0077567920e-01
3.0078244009e-01
3.0078921639e-01
3.0079578422e-01
3.0080214024e-01
3.0080828123e-01
3.0081443355e-01
3.0082034680e-01
3.0082601777e-01
3.0083144339e-01
3.0083686240e-01
3.0084200559e-01
3.0084686994e-01
3.0085145260e-01
3.0085599915e-01
3.0086022329e-01
3.0086412225e-01
3.0086769350e-01
3.0087119988e-01
3.0087431388e-01
3.0087703314e-01
3.0087935556e-01
3.0088145064e-01
3.0088306106e-01
3.0088418534e-01
3.0088482243e-01
3.0088497518e-01
3.0088467837e-01
3.0088393226e-01
3.0088273748e-01
3.0088126886e-01
3.0087943398e-01
3.0087723411e-01
3.0087467079e-01
3.0087193748e-01
3.0086888760e-01
3.0086552304e-01
3.0086184588e-01
3.0085806123e-01
3.0085399809e-01
3.0084965873e-01
3.0084504561e-01
3.0084036800e-01
3.0083544357e-01
3.0083027488e-01
3.0082486466e-01
3.0081941616e-01
3.0081374797e-01
3.0080786287e-01
3.0080176378e-01
3.0079563711e-01
3.0078931425e-01
3.0078279820e-01
3.0077609204e-01
3.0076935288e-01
3.0076243803e-01
3.0075535066e-01
3.0074809403e-01
3.0074077875e-01
3.0073330557e-01
3.0072567787e-01
3.0071789911e-01
3.0071000307e-01
3.0070196422e-01
3.0069378623e-01
3.0068547286e-01
3.0067690689e-01
3.0066820966e-01
3.0065938531e-01
3.0065043807e-01
3.0064079927e-01
3.0063103179e-01
3.0062114097e-01
3.0061113225e-01
3.0060052284e-01
3.0058979649e-01
3.0057895974e-01
3.0056801925e-01
3.0055845673e-01
3.0054882578e-01
3.0053913088e-01
3.0052937656e-01
3.0052015920e-01
3.0051089724e-01
3.0050159453e-01
3.0049225497e-01
3.0048318666e-01
3.0047409106e-01
3.0046497176e-01
3.0045583234e-01
3.0044673378e-01
3.0043762247e-01
3.0042850198e-01
3.0041937590e-01
3.0040956368e-01
3.0039975357e-01
3.0038995003e-01
3.0038015750e-01
3.0037119547e-01
3.0036224985e-01
3.0035332407e-01
3.0034442152e-01
3.0033618569e-01
3.0032797549e-01
3.0031979362e-01
3.0031164275e-01
3.0030377646e-01
3.0029594420e-01
3.0028814839e-01
3.0028039140e-01
3.0027276278e-01
3.0026517670e-01
3.0025763543e-01
3.0025014119e-01
3.0024263640e-01
3.0023518392e-01
3.0022778598e-01
3.0022044479e-01
3.0021287830e-01
3.0020537788e-01
3.0019794591e-01
3.0019058476e-01
3.0018229787e-01
3.0017410906e-01
3.0016602165e-01
3.0015803889e-01
3.0015061155e-01
3.0014328271e-01
3.0013605496e-01
3.0012893084e-01
3.0012246179e-01
3.0011608469e-01
3.0010980140e-01
3.0010361375e-01
3.0009769339e-01
3.0009186665e-01
3.0008613511e-01
3.0008050029e-01
3.0007496490e-01
3.0006952914e-01
3.0006419445e-01
3.0005896222e-01
3.0005381346e-01
3.0004877068e-01
3.0004383516e-01
3.0003900817e-01
3.0003410854e-01
3.0002932876e-01
3.0002467009e-01
3.0002013381e-01
3.0001503410e-01
3.0001010198e-01
3.0000533918e-01
3.0000074736e-01
2.9999637632e-01
2.9999217548e-01
2.9998814624e-01
2.9998428993e-01
2.9998039861e-01
2.9997670378e-01
2.9997320677e-01
2.9996990884e-01
2.9996657732e-01
2.9996347996e-01
2.9996061802e-01
2.9995799266e-01
2.9995588680e-01
2.9995396418e-01
2.9995222538e-01
2.9995067094e-01
2.9994932342e-01
2.9994815479e-01
2.9994716538e-01
2.9994635549e-01
2.9994572540e-01
2.9994527521e-01
2.9994500505e-01
2.9994491498e-01
