0.0000000000e+00
1.6462919023e-02
3.2925838045e-02
4.9388757068e-02
6.5851676091e-02
7.5463468539e-02
8.5075260988e-02
9.4687053436e-02
1.0429884589e-01
1.1077047157e-01
1.1724209726e-01
1.2371372295e-01
1.3018534864e-01
1.3490091935e-01
1.3961649007e-01
1.4433206078e-01
1.4904763149e-01
1.5272590848e-01
1.5640418547e-01
1.6008246246e-01
1.6376073944e-01
1.6681289090e-01
1.6986504236e-01
1.7291719381e-01
1.7596934527e-01
1.7878964052e-01
1.8160993578e-01
1.8443023103e-01
1.8725052629e-01
1.8966552190e-01
1.9208051750e-01
1.9449551311e-01
1.9691050872e-01
1.9881338673e-01
2.0071626473e-01
2.0261914274e-01
2.0452202075e-01
2.0610086763e-01
2.0767971450e-01
2.0925856137e-01
2.1083740825e-01
2.1236912841e-01
2.1390084857e-01
2.1543256873e-01
2.1696428890e-01
2.1844994924e-01
2.1993560957e-01
2.2142126991e-01
2.2290693025e-01
2.2427559225e-01
2.2564425425e-01
2.2701291625e-01
2.2838157824e-01
2.2969786430e-01
2.3101415035e-01
2.3233043641e-01
2.3364672246e-01
2.3500527242e-01
2.3636382238e-01
2.3772237233e-01
2.3908092229e-01
2.4042591284e-01
2.4177090338e-01
2.4311589393e-01
2.4446088447e-01
2.4599473907e-01
2.4752859368e-01
2.4906244828e-01
2.5059630289e-01
2.5253478225e-01
2.5447326160e-01
2.5641174096e-01
2.5835022032e-01
2.6012272504e-01
2.6189522977e-01
2.6366773449e-01
2.6544023922e-01
2.6743681690e-01
2.6943339458e-01
2.7142997226e-01
2.7342654994e-01
2.7601019707e-01
2.7859384420e-01
2.8117749133e-01
2.8376113846e-01
2.8695542365e-01
2.9014970883e-01
2.9334399402e-01
2.9653827920e-01
3.0003688105e-01
3.0353548291e-01
3.0703408476e-01
3.1053268661e-01
3.1423135681e-01
3.1793002702e-01
3.2162869722e-01
3.2532736742e-01
3.2956077575e-01
3.3379418407e-01
3.3802759240e-01
3.4226100072e-01
3.4714135548e-01
3.5202171023e-01
3.5690206498e-01
3.6178241973e-01
3.6631801587e-01
3.7085361201e-01
3.7538920815e-01
3.7992480429e-01
3.8431694655e-01
3.8870908881e-01
3.9310123108e-01
3.9749337334e-01
4.0110769819e-01
4.0472202303e-01
4.0833634788e-01
4.1195067272e-01
4.1478699132e-01
4.1762330991e-01
4.2045962851e-01
4.2329594710e-01
4.2581056733e-01
4.2832518755e-01
4.3083980777e-01
4.3335442799e-01
4.3578417297e-01
4.3821391795e-01
4.4064366292e-01
4.4307340790e-01
4.4531482090e-01
4.4755623389e-01
4.4979764689e-01
4.5203905989e-01
4.5414859609e-01
4.5625813228e-01
4.5836766848e-01
4.6047720468e-01
4.6234564876e-01
4.6421409284e-01
4.6608253693e-01
4.6795098101e-01
4.6998870670e-01
4.7202643240e-01
4.7406415809e-01
4.7610188379e-01
4.7802878415e-01
4.7995568452e-01
4.8188258488e-01
4.8380948525e-01
4.8699282788e-01
4.9017617052e-01
4.9335951316e-01
4.9654285580e-01
4.9898249013e-01
5.0142212446e-01
5.0386175879e-01
5.0630139313e-01
5.0832421483e-01
5.1034703654e-01
5.1236985825e-01
5.1439267995e-01
5.1628781999e-01
5.1818296002e-01
5.2007810005e-01
5.2197324009e-01
5.2391082634e-01
5.2584841260e-01
5.2778599886e-01
5.2972358511e-01
5.3174337432e-01
5.3376316352e-01
5.3578295273e-01
5.3780274193e-01
5.3997972250e-01
5.4215670307e-01
5.4433368364e-01
5.4651066421e-01
5.4898467879e-01
5.5145869337e-01
5.5393270795e-01
5.5640672254e-01
5.5895034375e-01
5.6149396497e-01
5.6403758618e-01
5.6658120740e-01
5.6954000204e-01
5.7249879668e-01
5.7545759132e-01
5.7841638596e-01
5.8259939438e-01
5.8678240280e-01
5.9096541122e-01
5.9514841965e-01
6.0002304007e-01
6.0489766050e-01
6.0977228092e-01
6.1464690135e-01
6.1927479879e-01
6.2390269624e-01
6.2853059369e-01
6.3315849114e-01
6.3771469199e-01
6.4227089284e-01
6.4682709370e-01
6.5138329455e-01
6.5529932813e-01
6.5921536171e-01
6.6313139530e-01
6.6704742888e-01
6.7066714079e-01
6.7428685270e-01
6.7790656462e-01
6.8152627653e-01
6.8522787986e-01
6.8892948318e-01
6.9263108651e-01
6.9633268984e-01
6.9933934630e-01
7.0234600276e-01
7.0535265923e-01
7.0835931569e-01
7.1077859163e-01
7.1319786757e-01
7.1561714351e-01
7.1803641946e-01
7.2003651816e-01
7.2203661687e-01
7.2403671557e-01
7.2603681428e-01
7.2782975744e-01
7.2962270061e-01
7.3141564378e-01
7.3320858695e-01
7.3501838171e-01
7.3682817648e-01
7.3863797124e-01
7.4044776601e-01
7.4205167317e-01
7.4365558034e-01
7.4525948750e-01
7.4686339467e-01
7.4835537599e-01
7.4984735731e-01
7.5133933864e-01
7.5283131996e-01
7.5413208721e-01
7.5543285446e-01
7.5673362171e-01
7.5803438895e-01
7.5952566848e-01
7.6101694802e-01
7.6250822755e-01
7.6399950708e-01
7.6527591289e-01
7.6655231869e-01
7.6782872450e-01
7.6910513031e-01
7.7051609386e-01
7.7192705742e-01
7.7333802097e-01
7.7474898452e-01
7.7640640111e-01
7.7806381769e-01
7.7972123427e-01
7.8137865086e-01
7.8293045973e-01
7.8448226860e-01
7.8603407748e-01
7.8758588635e-01
7.8949099194e-01
7.9139609752e-01
7.9330120311e-01
7.9520630870e-01
7.9779949670e-01
8.0039268469e-01
8.0298587269e-01
8.0557906069e-01
8.0843260303e-01
8.1128614537e-01
8.1413968771e-01
8.1699323005e-01
8.2038417879e-01
8.2377512753e-01
8.2716607626e-01
8.3055702500e-01
8.3521773786e-01
8.3987845072e-01
8.4453916358e-01
8.4919987644e-01
8.5694050879e-01
8.6468114115e-01
8.7242177351e-01
8.8016240586e-01
8.9514028925e-01
9.1011817264e-01
9.2509605603e-01
9.4007393942e-01
9.5505545457e-01
9.7003696971e-01
9.8501848486e-01
1.0000000000e+00
