0.0000000000e+00
1.5000311057e-02
3.0000622115e-02
4.5000933172e-02
6.0001244230e-02
6.9271549627e-02
7.8541855025e-02
8.7812160423e-02
9.7082465820e-02
1.0350806073e-01
1.0993365565e-01
1.1635925056e-01
1.2278484547e-01
1.2756634093e-01
1.3234783639e-01
1.3712933185e-01
1.4191082731e-01
1.4571811132e-01
1.4952539533e-01
1.5333267935e-01
1.5713996336e-01
1.6035647224e-01
1.6357298112e-01
1.6678949001e-01
1.7000599889e-01
1.7321896444e-01
1.7643193000e-01
1.7964489555e-01
1.8285786110e-01
1.8534814415e-01
1.8783842720e-01
1.9032871025e-01
1.9281899329e-01
1.9477210402e-01
1.9672521475e-01
1.9867832548e-01
2.0063143621e-01
2.0231162167e-01
2.0399180713e-01
2.0567199259e-01
2.0735217805e-01
2.0909971528e-01
2.1084725250e-01
2.1259478973e-01
2.1434232695e-01
2.1595405530e-01
2.1756578365e-01
2.1917751199e-01
2.2078924034e-01
2.2221414930e-01
2.2363905826e-01
2.2506396722e-01
2.2648887618e-01
2.2797254290e-01
2.2945620962e-01
2.3093987634e-01
2.3242354306e-01
2.3387017449e-01
2.3531680592e-01
2.3676343735e-01
2.3821006878e-01
2.3970906736e-01
2.4120806594e-01
2.4270706452e-01
2.4420606310e-01
2.4590270587e-01
2.4759934863e-01
2.4929599139e-01
2.5099263416e-01
2.5303025982e-01
2.5506788548e-01
2.5710551114e-01
2.5914313680e-01
2.6108917761e-01
2.6303521841e-01
2.6498125922e-01
2.6692730002e-01
2.6911778080e-01
2.7130826158e-01
2.7349874236e-01
2.7568922314e-01
2.7851501073e-01
2.8134079832e-01
2.8416658591e-01
2.8699237351e-01
2.9048165921e-01
2.9397094492e-01
2.9746023062e-01
3.0094951633e-01
3.0476638154e-01
3.0858324674e-01
3.1240011195e-01
3.1621697716e-01
3.2021467576e-01
3.2421237436e-01
3.2821007296e-01
3.3220777156e-01
3.3682282404e-01
3.4143787652e-01
3.4605292901e-01
3.5066798149e-01
3.5521679824e-01
3.5976561500e-01
3.6431443176e-01
3.6886324851e-01
3.7376596687e-01
3.7866868523e-01
3.8357140359e-01
3.8847412195e-01
3.9233692335e-01
3.9619972476e-01
4.0006252616e-01
4.0392532757e-01
4.0689155536e-01
4.0985778314e-01
4.1282401093e-01
4.1579023872e-01
4.1835995433e-01
4.2092966993e-01
4.2349938554e-01
4.2606910115e-01
4.2846565938e-01
4.3086221760e-01
4.3325877583e-01
4.3565533405e-01
4.3812955774e-01
4.4060378143e-01
4.4307800512e-01
4.4555222881e-01
4.4767924283e-01
4.4980625685e-01
4.5193327086e-01
4.5406028488e-01
4.5592309525e-01
4.5778590561e-01
4.5964871598e-01
4.6151152634e-01
4.6408447001e-01
4.6665741368e-01
4.6923035735e-01
4.7180330101e-01
4.7366805710e-01
4.7553281319e-01
4.7739756928e-01
4.7926232537e-01
4.8144353187e-01
4.8362473837e-01
4.8580594487e-01
4.8798715137e-01
4.9009427552e-01
4.9220139968e-01
4.9430852383e-01
4.9641564799e-01
4.9852739999e-01
5.0063915199e-01
5.0275090400e-01
5.0486265600e-01
5.0700364443e-01
5.0914463285e-01
5.1128562128e-01
5.1342660971e-01
5.1529263425e-01
5.1715865880e-01
5.1902468335e-01
5.2089070790e-01
5.2301610612e-01
5.2514150433e-01
5.2726690255e-01
5.2939230077e-01
5.3126852166e-01
5.3314474256e-01
5.3502096345e-01
5.3689718435e-01
5.3912014983e-01
5.4134311532e-01
5.4356608081e-01
5.4578904630e-01
5.4827526437e-01
5.5076148244e-01
5.5324770052e-01
5.5573391859e-01
5.5814538277e-01
5.6055684696e-01
5.6296831114e-01
5.6537977532e-01
5.6803039156e-01
5.7068100779e-01
5.7333162403e-01
5.7598224026e-01
5.7928920021e-01
5.8259616016e-01
5.8590312011e-01
5.8921008006e-01
5.9340894189e-01
5.9760780372e-01
6.0180666555e-01
6.0600552738e-01
6.1057267240e-01
6.1513981742e-01
6.1970696244e-01
6.2427410746e-01
6.2938382461e-01
6.3449354176e-01
6.3960325891e-01
6.4471297607e-01
6.4887707921e-01
6.5304118234e-01
6.5720528548e-01
6.6136938862e-01
6.6520704918e-01
6.6904470974e-01
6.7288237030e-01
6.7672003086e-01
6.8104195279e-01
6.8536387472e-01
6.8968579665e-01
6.9400771859e-01
6.9727281365e-01
7.0053790871e-01
7.0380300377e-01
7.0706809883e-01
7.0958487024e-01
7.1210164165e-01
7.1461841306e-01
7.1713518446e-01
7.1927020250e-01
7.2140522054e-01
7.2354023858e-01
7.2567525662e-01
7.2761383800e-01
7.2955241937e-01
7.3149100075e-01
7.3342958213e-01
7.3545420395e-01
7.3747882577e-01
7.3950344759e-01
7.4152806941e-01
7.4323899415e-01
7.4494991888e-01
7.4666084361e-01
7.4837176835e-01
7.4994027780e-01
7.5150878725e-01
7.5307729670e-01
7.5464580615e-01
7.5607487961e-01
7.5750395308e-01
7.5893302654e-01
7.6036210001e-01
7.6194416201e-01
7.6352622401e-01
7.6510828602e-01
7.6669034802e-01
7.6809081770e-01
7.6949128738e-01
7.7089175706e-01
7.7229222674e-01
7.7384739962e-01
7.7540257249e-01
7.7695774537e-01
7.7851291825e-01
7.8030757439e-01
7.8210223052e-01
7.8389688666e-01
7.8569154280e-01
7.8738525771e-01
7.8907897262e-01
7.9077268754e-01
7.9246640245e-01
7.9452877175e-01
7.9659114106e-01
7.9865351036e-01
8.0071587967e-01
8.0349076488e-01
8.0626565009e-01
8.0904053530e-01
8.1181542051e-01
8.1491469634e-01
8.1801397218e-01
8.2111324802e-01
8.2421252386e-01
8.2783658667e-01
8.3146064949e-01
8.3508471231e-01
8.3870877512e-01
8.4356277892e-01
8.4841678272e-01
8.5327078653e-01
8.5812479033e-01
8.6580175487e-01
8.7347871941e-01
8.8115568395e-01
8.8883264849e-01
9.0272856743e-01
9.1662448637e-01
9.3052040531e-01
9.4441632424e-01
9.5831224318e-01
9.7220816212e-01
9.8610408106e-01
1.0000000000e+00
