0.0000000000e+00
1.8159250348e-02
3.6318500696e-02
5.4477751043e-02
7.2637001391e-02
8.2313789737e-02
9.1990578083e-02
1.0166736643e-01
1.1134415478e-01
1.1749829328e-01
1.2365243179e-01
1.2980657029e-01
1.3596070880e-01
1.4033114033e-01
1.4470157186e-01
1.4907200340e-01
1.5344243493e-01
1.5675355491e-01
1.6006467490e-01
1.6337579488e-01
1.6668691487e-01
1.6930821643e-01
1.7192951800e-01
1.7455081956e-01
1.7717212112e-01
1.7935571157e-01
1.8153930202e-01
1.8372289246e-01
1.8590648291e-01
1.8781149763e-01
1.8971651235e-01
1.9162152708e-01
1.9352654180e-01
1.9537081822e-01
1.9721509465e-01
1.9905937108e-01
2.0090364750e-01
2.0248422875e-01
2.0406481000e-01
2.0564539125e-01
2.0722597251e-01
2.0852970081e-01
2.0983342910e-01
2.1113715740e-01
2.1244088570e-01
2.1351602976e-01
2.1459117381e-01
2.1566631786e-01
2.1674146192e-01
2.1772375576e-01
2.1870604960e-01
2.1968834344e-01
2.2067063728e-01
2.2180968385e-01
2.2294873042e-01
2.2408777698e-01
2.2522682355e-01
2.2616871659e-01
2.2711060964e-01
2.2805250268e-01
2.2899439573e-01
2.2985519490e-01
2.3071599407e-01
2.3157679324e-01
2.3243759240e-01
2.3328266226e-01
2.3412773212e-01
2.3497280198e-01
2.3581787184e-01
2.3674731848e-01
2.3767676513e-01
2.3860621177e-01
2.3953565841e-01
2.4038780206e-01
2.4123994571e-01
2.4209208936e-01
2.4294423301e-01
2.4392846328e-01
2.4491269355e-01
2.4589692382e-01
2.4688115408e-01
2.4792077072e-01
2.4896038736e-01
2.5000000399e-01
2.5103962063e-01
2.5221326518e-01
2.5338690973e-01
2.5456055428e-01
2.5573419884e-01
2.5688115694e-01
2.5802811504e-01
2.5917507315e-01
2.6032203125e-01
2.6156109014e-01
2.6280014903e-01
2.6403920792e-01
2.6527826681e-01
2.6671110445e-01
2.6814394209e-01
2.6957677973e-01
2.7100961737e-01
2.7301440228e-01
2.7501918718e-01
2.7702397209e-01
2.7902875699e-01
2.8130740668e-01
2.8358605637e-01
2.8586470606e-01
2.8814335575e-01
2.9040785683e-01
2.9267235791e-01
2.9493685899e-01
2.9720136007e-01
2.9958063404e-01
3.0195990801e-01
3.0433918198e-01
3.0671845596e-01
3.0936867835e-01
3.1201890075e-01
3.1466912314e-01
3.1731934554e-01
3.2038893038e-01
3.2345851523e-01
3.2652810008e-01
3.2959768493e-01
3.3330697920e-01
3.3701627348e-01
3.4072556776e-01
3.4443486203e-01
3.4921297512e-01
3.5399108820e-01
3.5876920129e-01
3.6354731437e-01
3.7012328454e-01
3.7669925470e-01
3.8327522486e-01
3.8985119502e-01
3.9709163402e-01
4.0433207303e-01
4.1157251203e-01
4.1881295103e-01
4.2540646632e-01
4.3199998161e-01
4.3859349689e-01
4.4518701218e-01
4.5189070623e-01
4.5859440028e-01
4.6529809434e-01
4.7200178839e-01
4.7913702340e-01
4.8627225841e-01
4.9340749343e-01
5.0054272844e-01
5.0714426300e-01
5.1374579756e-01
5.2034733212e-01
5.2694886668e-01
5.3360061838e-01
5.4025237007e-01
5.4690412177e-01
5.5355587347e-01
5.6098772992e-01
5.6841958637e-01
5.7585144283e-01
5.8328329928e-01
5.8981014766e-01
5.9633699605e-01
6.0286384444e-01
6.0939069282e-01
6.1459030125e-01
6.1978990968e-01
6.2498951811e-01
6.3018912654e-01
6.3434018515e-01
6.3849124376e-01
6.4264230237e-01
6.4679336099e-01
6.5026197405e-01
6.5373058711e-01
6.5719920017e-01
6.6066781323e-01
6.6365345891e-01
6.6663910458e-01
6.6962475025e-01
6.7261039592e-01
6.7524574418e-01
6.7788109244e-01
6.8051644069e-01
6.8315178895e-01
6.8554143477e-01
6.8793108060e-01
6.9032072642e-01
6.9271037225e-01
6.9498223336e-01
6.9725409448e-01
6.9952595559e-01
7.0179781671e-01
7.0417628907e-01
7.0655476143e-01
7.0893323379e-01
7.1131170615e-01
7.1326710976e-01
7.1522251338e-01
7.1717791699e-01
7.1913332060e-01
7.2073501158e-01
7.2233670255e-01
7.2393839353e-01
7.2554008451e-01
7.2688447897e-01
7.2822887343e-01
7.2957326789e-01
7.3091766235e-01
7.3214449369e-01
7.3337132503e-01
7.3459815637e-01
7.3582498771e-01
7.3695817080e-01
7.3809135388e-01
7.3922453697e-01
7.4035772006e-01
7.4167996273e-01
7.4300220540e-01
7.4432444807e-01
7.4564669074e-01
7.4665581580e-01
7.4766494087e-01
7.4867406593e-01
7.4968319100e-01
7.5063824207e-01
7.5159329315e-01
7.5254834423e-01
7.5350339530e-01
7.5434539908e-01
7.5518740285e-01
7.5602940663e-01
7.5687141040e-01
7.5795005341e-01
7.5902869642e-01
7.6010733943e-01
7.6118598244e-01
7.6201323671e-01
7.6284049098e-01
7.6366774525e-01
7.6449499951e-01
7.6548367651e-01
7.6647235351e-01
7.6746103051e-01
7.6844970751e-01
7.6941548561e-01
7.7038126370e-01
7.7134704180e-01
7.7231281989e-01
7.7332163208e-01
7.7433044427e-01
7.7533925646e-01
7.7634806865e-01
7.7734756665e-01
7.7834706465e-01
7.7934656264e-01
7.8034606064e-01
7.8149913684e-01
7.8265221304e-01
7.8380528924e-01
7.8495836544e-01
7.8644427976e-01
7.8793019409e-01
7.8941610841e-01
7.9090202274e-01
7.9279912412e-01
7.9469622550e-01
7.9659332689e-01
7.9849042827e-01
8.0039460846e-01
8.0229878865e-01
8.0420296885e-01
8.0610714904e-01
8.0834422599e-01
8.1058130293e-01
8.1281837988e-01
8.1505545682e-01
8.1791819640e-01
8.2078093598e-01
8.2364367556e-01
8.2650641514e-01
8.3061618485e-01
8.3472595456e-01
8.3883572427e-01
8.4294549399e-01
8.5006463683e-01
8.5718377967e-01
8.6430292251e-01
8.7142206535e-01
8.8749401870e-01
9.0356597204e-01
9.1963792538e-01
9.3570987872e-01
9.5178240904e-01
9.6785493936e-01
9.8392746968e-01
1.0000000000e+00
