0.0000000000e+00
7.1093842960e-03
1.4218768592e-02
2.1328152888e-02
2.8437537184e-02
3.4219259519e-02
4.0000981854e-02
4.5782704189e-02
5.1564426524e-02
5.6471393577e-02
6.1378360631e-02
6.6285327684e-02
7.1192294738e-02
7.5643003229e-02
8.0093711721e-02
8.4544420212e-02
8.8995128704e-02
9.3353931153e-02
9.7712733602e-02
1.0207153605e-01
1.0643033850e-01
1.1013160814e-01
1.1383287777e-01
1.1753414741e-01
1.2123541704e-01
1.2390262244e-01
1.2656982784e-01
1.2923703324e-01
1.3190423864e-01
1.3430568105e-01
1.3670712345e-01
1.3910856586e-01
1.4151000826e-01
1.4410735326e-01
1.4670469825e-01
1.4930204325e-01
1.5189938824e-01
1.5421092533e-01
1.5652246242e-01
1.5883399950e-01
1.6114553659e-01
1.6327271637e-01
1.6539989615e-01
1.6752707592e-01
1.6965425570e-01
1.7171390853e-01
1.7377356136e-01
1.7583321419e-01
1.7789286703e-01
1.8017473009e-01
1.8245659316e-01
1.8473845622e-01
1.8702031929e-01
1.8909477019e-01
1.9116922109e-01
1.9324367199e-01
1.9531812289e-01
1.9796782231e-01
2.0061752173e-01
2.0326722115e-01
2.0591692057e-01
2.0859915411e-01
2.1128138764e-01
2.1396362117e-01
2.1664585470e-01
2.1945785919e-01
2.2226986368e-01
2.2508186817e-01
2.2789387267e-01
2.3076429448e-01
2.3363471629e-01
2.3650513810e-01
2.3937555991e-01
2.4261235968e-01
2.4584915946e-01
2.4908595924e-01
2.5232275901e-01
2.5643229355e-01
2.6054182809e-01
2.6465136263e-01
2.6876089717e-01
2.7438643306e-01
2.8001196896e-01
2.8563750485e-01
2.9126304074e-01
2.9771527454e-01
3.0416750833e-01
3.1061974213e-01
3.1707197593e-01
3.2212088692e-01
3.2716979791e-01
3.3221870891e-01
3.3726761990e-01
3.4140353524e-01
3.4553945058e-01
3.4967536592e-01
3.5381128126e-01
3.5720288708e-01
3.6059449290e-01
3.6398609872e-01
3.6737770454e-01
3.7042517606e-01
3.7347264758e-01
3.7652011910e-01
3.7956759061e-01
3.8246808907e-01
3.8536858753e-01
3.8826908599e-01
3.9116958445e-01
3.9426415458e-01
3.9735872470e-01
4.0045329483e-01
4.0354786495e-01
4.0608624676e-01
4.0862462857e-01
4.1116301038e-01
4.1370139218e-01
4.1599068952e-01
4.1827998685e-01
4.2056928419e-01
4.2285858152e-01
4.2504620863e-01
4.2723383574e-01
4.2942146285e-01
4.3160908996e-01
4.3402981983e-01
4.3645054971e-01
4.3887127959e-01
4.4129200946e-01
4.4341268492e-01
4.4553336038e-01
4.4765403584e-01
4.4977471130e-01
4.5207253100e-01
4.5437035071e-01
4.5666817041e-01
4.5896599011e-01
4.6174973461e-01
4.6453347910e-01
4.6731722360e-01
4.7010096809e-01
4.7257680378e-01
4.7505263946e-01
4.7752847515e-01
4.8000431083e-01
4.8258827530e-01
4.8517223978e-01
4.8775620425e-01
4.9034016872e-01
4.9322373523e-01
4.9610730174e-01
4.9899086825e-01
5.0187443476e-01
5.0441179468e-01
5.0694915460e-01
5.0948651452e-01
5.1202387444e-01
5.1451990151e-01
5.1701592858e-01
5.1951195564e-01
5.2200798271e-01
5.2462974093e-01
5.2725149915e-01
5.2987325737e-01
5.3249501558e-01
5.3475440958e-01
5.3701380357e-01
5.3927319756e-01
5.4153259155e-01
5.4366380549e-01
5.4579501942e-01
5.4792623336e-01
5.5005744729e-01
5.5247602262e-01
5.5489459796e-01
5.5731317329e-01
5.5973174862e-01
5.6191191692e-01
5.6409208521e-01
5.6627225351e-01
5.6845242181e-01
5.7076693282e-01
5.7308144383e-01
5.7539595484e-01
5.7771046585e-01
5.8028202270e-01
5.8285357955e-01
5.8542513640e-01
5.8799669325e-01
5.9134071215e-01
5.9468473105e-01
5.9802874995e-01
6.0137276885e-01
6.0429248556e-01
6.0721220227e-01
6.1013191898e-01
6.1305163570e-01
6.1628788150e-01
6.1952412730e-01
6.2276037310e-01
6.2599661890e-01
6.2977348806e-01
6.3355035723e-01
6.3732722639e-01
6.4110409556e-01
6.4595106927e-01
6.5079804298e-01
6.5564501669e-01
6.6049199040e-01
6.6700313851e-01
6.7351428662e-01
6.8002543474e-01
6.8653658285e-01
6.9216430219e-01
6.9779202152e-01
7.0341974086e-01
7.0904746020e-01
7.1333558371e-01
7.1762370721e-01
7.2191183072e-01
7.2619995423e-01
7.2970029765e-01
7.3320064107e-01
7.3670098449e-01
7.4020132791e-01
7.4328729043e-01
7.4637325295e-01
7.4945921547e-01
7.5254517799e-01
7.5535799422e-01
7.5817081046e-01
7.6098362669e-01
7.6379644292e-01
7.6667647863e-01
7.6955651433e-01
7.7243655004e-01
7.7531658574e-01
7.7789817019e-01
7.8047975465e-01
7.8306133910e-01
7.8564292356e-01
7.8815223552e-01
7.9066154747e-01
7.9317085943e-01
7.9568017139e-01
7.9776248874e-01
7.9984480610e-01
8.0192712345e-01
8.0400944081e-01
8.0622690649e-01
8.0844437217e-01
8.1066183786e-01
8.1287930354e-01
8.1496671674e-01
8.1705412993e-01
8.1914154313e-01
8.2122895633e-01
8.2332503944e-01
8.2542112255e-01
8.2751720566e-01
8.2961328876e-01
8.3194171863e-01
8.3427014849e-01
8.3659857835e-01
8.3892700821e-01
8.4149560760e-01
8.4406420699e-01
8.4663280638e-01
8.4920140578e-01
8.5162134639e-01
8.5404128699e-01
8.5646122760e-01
8.5888116821e-01
8.6165420027e-01
8.6442723232e-01
8.6720026437e-01
8.6997329642e-01
8.7358299121e-01
8.7719268600e-01
8.8080238079e-01
8.8441207558e-01
8.8901986645e-01
8.9362765732e-01
8.9823544819e-01
9.0284323906e-01
9.0753151652e-01
9.1221979398e-01
9.1690807144e-01
9.2159634890e-01
9.2717116939e-01
9.3274598988e-01
9.3832081037e-01
9.4389563086e-01
9.5090867700e-01
9.5792172315e-01
9.6493476929e-01
9.7194781543e-01
9.7896086157e-01
9.8597390772e-01
9.9298695386e-01
1.0000000000e+00
