1.3152410999e-06
1.6927882642e-06
3.0128104862e-06
6.0121246864e-06
1.2444844127e-05
2.0569023413e-05
3.3988353029e-05
5.6184327459e-05
9.2982215891e-05
1.3464176753e-04
1.9490978557e-04
2.8214730858e-04
4.0850322173e-04
5.4666284034e-04
7.3144935446e-04
9.7862630385e-04
1.3092882679e-03
1.6680845499e-03
2.1248915955e-03
2.7063939536e-03
3.4464652405e-03
4.2821885962e-03
5.3191938099e-03
6.6053497210e-03
8.1995440398e-03
1.0070767153e-02
1.2362554012e-02
1.5166333912e-02
1.8591760765e-02
2.1822720298e-02
2.5597453366e-02
3.0000845055e-02
3.5128481877e-02
3.9680893147e-02
4.4789586326e-02
5.0513222628e-02
5.6914063722e-02
6.3429418305e-02
7.0620340211e-02
7.8539841442e-02
8.7240987526e-02
9.8606221295e-02
1.1121814484e-01
1.2514976725e-01
1.4046145241e-01
1.5322009989e-01
1.6683436770e-01
1.8130634491e-01
1.9662805791e-01
2.1189792314e-01
2.2788672542e-01
2.4455926903e-01
2.6187095429e-01
2.8372066021e-01
3.0632363610e-01
3.2955163361e-01
3.5326475909e-01
3.7325096072e-01
3.9338369987e-01
4.1357640770e-01
4.3374430211e-01
4.5764992033e-01
4.8127452395e-01
5.0449979177e-01
5.2722035262e-01
5.5090319893e-01
5.7380754868e-01
5.9585777736e-01
6.1699594819e-01
6.3821363110e-01
6.5834481299e-01
6.7737493109e-01
6.9530323634e-01
7.1282475091e-01
7.2918535570e-01
7.4441724784e-01
7.5855952182e-01
7.7352274236e-01
7.8717847755e-01
7.9960286827e-01
8.1087360546e-01
8.2439196379e-01
8.3613676153e-01
8.4628541691e-01
8.5500428416e-01
8.6450417561e-01
8.7212890202e-01
8.7814839903e-01
8.8279484734e-01
8.8604837108e-01
8.8842192956e-01
8.9002478930e-01
8.9094571834e-01
8.9124548455e-01
8.9072036006e-01
8.8942693567e-01
8.8738756114e-01
8.8456528081e-01
8.8092932737e-01
8.7640076548e-01
8.7086490488e-01
8.6572180746e-01
8.5977611487e-01
8.5292157602e-01
8.4503557984e-01
8.3822678674e-01
8.3066550633e-01
8.2227729818e-01
8.1298247181e-01
8.0423390056e-01
7.9470241225e-01
7.8433103085e-01
7.7306197432e-01
7.6180004103e-01
7.4967755066e-01
7.3665187745e-01
7.2268355028e-01
7.0424687761e-01
6.8429356292e-01
6.6279178322e-01
6.3973493236e-01
6.2252131188e-01
6.0456312347e-01
5.8589127091e-01
5.6654856069e-01
5.4859616555e-01
5.3019451501e-01
5.1140298606e-01
4.9229018619e-01
4.7330327492e-01
4.5416319644e-01
4.3495825971e-01
4.1578272716e-01
3.9652138774e-01
3.7749684404e-01
3.5881560559e-01
3.4058329252e-01
3.2330611699e-01
3.0664663004e-01
2.9068990058e-01
2.7551365471e-01
2.5970264653e-01
2.4501498780e-01
2.3151831983e-01
2.1926696135e-01
2.0821270991e-01
1.9849953996e-01
1.9014933561e-01
1.8317620873e-01
1.7750680690e-01
1.7327348825e-01
1.7047799722e-01
1.6912071157e-01
1.6916619954e-01
1.7052034155e-01
1.7318317526e-01
1.7715435630e-01
1.8287935627e-01
1.9010959455e-01
1.9883584519e-01
2.0904196765e-01
2.2027360646e-01
2.3282770175e-01
2.4665931040e-01
2.6171021429e-01
2.7600067553e-01
2.9113099716e-01
3.0703249471e-01
3.2362835017e-01
3.4196040022e-01
3.6087486770e-01
3.8025761761e-01
3.9999139139e-01
4.1903711369e-01
4.3819372865e-01
4.5736351279e-01
4.7645354088e-01
4.9796341127e-01
5.1914143800e-01
5.3988461052e-01
5.6010395000e-01
5.8639253991e-01
6.1145328756e-01
6.3518614912e-01
6.5752945420e-01
6.7541329235e-01
6.9227045027e-01
7.0811162025e-01
7.2295740428e-01
7.3825350571e-01
7.5241402833e-01
7.6549231066e-01
7.7754592265e-01
7.9129044708e-01
8.0364109124e-01
8.1471581920e-01
8.2462874436e-01
8.3586476798e-01
8.4556556168e-01
8.5392434550e-01
8.6111209630e-01
8.6758648561e-01
8.7307191115e-01
8.7769092426e-01
8.8154173789e-01
8.8460945780e-01
8.8707570269e-01
8.8897009102e-01
8.9030366977e-01
8.9103872944e-01
8.9125179284e-01
8.9090607179e-01
8.8994856441e-01
8.8835846246e-01
8.8603752267e-01
8.8288510959e-01
8.7878068218e-01
8.7443302484e-01
8.6919303702e-01
8.6294716945e-01
8.5556852386e-01
8.4897981139e-01
8.4155495752e-01
8.3321808061e-01
8.2388888396e-01
8.1488786896e-01
8.0501229016e-01
7.9420324164e-01
7.8240129312e-01
7.7074098216e-01
7.5816473488e-01
7.4463093444e-01
7.3010096143e-01
7.1023393360e-01
6.8866046066e-01
6.6534430915e-01
6.4027542933e-01
6.2201862450e-01
6.0295980481e-01
5.8312715386e-01
5.6255994531e-01
5.4351980066e-01
5.2397492300e-01
5.0397952669e-01
4.8359631981e-01
4.6374781952e-01
4.4367739437e-01
4.2346050209e-01
4.0317767870e-01
3.8166595419e-01
3.6027968428e-01
3.3912423493e-01
3.1830377337e-01
2.9953759413e-01
2.8121401296e-01
2.6340119061e-01
2.4616035073e-01
2.2775248123e-01
2.1017551246e-01
1.9347577456e-01
1.7768561504e-01
1.6051914155e-01
1.4461085462e-01
1.2994796036e-01
1.1650014960e-01
1.0510917390e-01
9.4675010226e-02
8.5148278988e-02
7.6475681344e-02
6.7276761456e-02
5.9094387452e-02
5.1837556354e-02
4.5418163824e-02
3.8082989492e-02
3.1883706949e-02
2.6659378615e-02
2.2267120087e-02
1.7984582634e-02
1.4511060517e-02
1.1698835427e-02
9.4252747291e-03
7.4141043369e-03
5.8291893258e-03
4.5812260092e-03
3.5991908420e-03
2.6516870093e-03
1.9531938808e-03
1.4383809027e-03
1.0589811345e-03
6.8139501495e-04
4.3859696789e-04
2.8228500480e-04
1.8154504500e-04
8.9809901628e-05
4.4666653514e-05
2.2221783135e-05
1.0996372859e-05
5.4925979703e-06
2.8493143767e-06
1.6595944796e-06
1.3155552182e-06
