0.0000000000e+00
3.3160952384e-03
6.6321904768e-03
9.9482857151e-03
1.3264380954e-02
1.6773695555e-02
2.0283010157e-02
2.3792324759e-02
2.7301639361e-02
3.1096134531e-02
3.4890629701e-02
3.8685124872e-02
4.2479620042e-02
4.5842265244e-02
4.9204910447e-02
5.2567555649e-02
5.5930200852e-02
5.9305329493e-02
6.2680458134e-02
6.6055586775e-02
6.9430715416e-02
7.2320716364e-02
7.5210717311e-02
7.8100718259e-02
8.0990719207e-02
8.3738868503e-02
8.6487017800e-02
8.9235167096e-02
9.1983316393e-02
9.4681046780e-02
9.7378777168e-02
1.0007650756e-01
1.0277423794e-01
1.0545323520e-01
1.0813223245e-01
1.1081122971e-01
1.1349022696e-01
1.1619122032e-01
1.1889221367e-01
1.2159320703e-01
1.2429420038e-01
1.2712301796e-01
1.2995183555e-01
1.3278065313e-01
1.3560947071e-01
1.3891727677e-01
1.4222508283e-01
1.4553288889e-01
1.4884069495e-01
1.5178129865e-01
1.5472190236e-01
1.5766250606e-01
1.6060310977e-01
1.6334613996e-01
1.6608917016e-01
1.6883220036e-01
1.7157523056e-01
1.7424924389e-01
1.7692325722e-01
1.7959727055e-01
1.8227128388e-01
1.8493652714e-01
1.8760177039e-01
1.9026701365e-01
1.9293225690e-01
1.9563763113e-01
1.9834300537e-01
2.0104837960e-01
2.0375375383e-01
2.0656272657e-01
2.0937169931e-01
2.1218067204e-01
2.1498964478e-01
2.1799939494e-01
2.2100914511e-01
2.2401889528e-01
2.2702864544e-01
2.3020781315e-01
2.3338698085e-01
2.3656614856e-01
2.3974531627e-01
2.4276974059e-01
2.4579416492e-01
2.4881858924e-01
2.5184301357e-01
2.5489835459e-01
2.5795369560e-01
2.6100903662e-01
2.6406437764e-01
2.6723110070e-01
2.7039782376e-01
2.7356454682e-01
2.7673126988e-01
2.8014333170e-01
2.8355539351e-01
2.8696745533e-01
2.9037951715e-01
2.9477814526e-01
2.9917677337e-01
3.0357540147e-01
3.0797402958e-01
3.1156988682e-01
3.1516574406e-01
3.1876160130e-01
3.2235745854e-01
3.2581192467e-01
3.2926639079e-01
3.3272085692e-01
3.3617532305e-01
3.3959798580e-01
3.4302064856e-01
3.4644331132e-01
3.4986597408e-01
3.5330780996e-01
3.5674964584e-01
3.6019148173e-01
3.6363331761e-01
3.6712862189e-01
3.7062392616e-01
3.7411923044e-01
3.7761453471e-01
3.8119176412e-01
3.8476899353e-01
3.8834622294e-01
3.9192345236e-01
3.9560987893e-01
3.9929630551e-01
4.0298273209e-01
4.0666915867e-01
4.1049411799e-01
4.1431907731e-01
4.1814403663e-01
4.2196899595e-01
4.2596789713e-01
4.2996679831e-01
4.3396569949e-01
4.3796460067e-01
4.4218932310e-01
4.4641404553e-01
4.5063876796e-01
4.5486349038e-01
4.5942472853e-01
4.6398596668e-01
4.6854720483e-01
4.7310844298e-01
4.7811504516e-01
4.8312164734e-01
4.8812824952e-01
4.9313485169e-01
4.9811551854e-01
5.0309618539e-01
5.0807685223e-01
5.1305751908e-01
5.1752779338e-01
5.2199806769e-01
5.2646834199e-01
5.3093861630e-01
5.3512400096e-01
5.3930938562e-01
5.4349477028e-01
5.4768015494e-01
5.5165981548e-01
5.5563947603e-01
5.5961913658e-01
5.6359879712e-01
5.6741497063e-01
5.7123114414e-01
5.7504731765e-01
5.7886349116e-01
5.8254725111e-01
5.8623101105e-01
5.8991477099e-01
5.9359853094e-01
5.9717640877e-01
6.0075428661e-01
6.0433216445e-01
6.0791004229e-01
6.1140723402e-01
6.1490442575e-01
6.1840161748e-01
6.2189880921e-01
6.2534205548e-01
6.2878530175e-01
6.3222854802e-01
6.3567179429e-01
6.3909384924e-01
6.4251590418e-01
6.4593795913e-01
6.4936001408e-01
6.5281120473e-01
6.5626239538e-01
6.5971358604e-01
6.6316477669e-01
6.6676906343e-01
6.7037335018e-01
6.7397763692e-01
6.7758192367e-01
6.8185614391e-01
6.8613036416e-01
6.9040458440e-01
6.9467880465e-01
6.9810213742e-01
7.0152547020e-01
7.0494880297e-01
7.0837213575e-01
7.1156320429e-01
7.1475427283e-01
7.1794534138e-01
7.2113640992e-01
7.2420683861e-01
7.2727726731e-01
7.3034769601e-01
7.3341812470e-01
7.3644155096e-01
7.3946497722e-01
7.4248840348e-01
7.4551182974e-01
7.4861108698e-01
7.5171034422e-01
7.5480960146e-01
7.5790885870e-01
7.6093328816e-01
7.6395771761e-01
7.6698214707e-01
7.7000657653e-01
7.7286625026e-01
7.7572592399e-01
7.7858559773e-01
7.8144527146e-01
7.8417650370e-01
7.8690773595e-01
7.8963896819e-01
7.9237020044e-01
7.9504394444e-01
7.9771768845e-01
8.0039143245e-01
8.0306517645e-01
8.0572979275e-01
8.0839440904e-01
8.1105902533e-01
8.1372364163e-01
8.1643384518e-01
8.1914404874e-01
8.2185425230e-01
8.2456445586e-01
8.2743362802e-01
8.3030280018e-01
8.3317197234e-01
8.3604114450e-01
8.3980035080e-01
8.4355955711e-01
8.4731876341e-01
8.5107796972e-01
8.5393718142e-01
8.5679639313e-01
8.5965560483e-01
8.6251481654e-01
8.6523124404e-01
8.6794767154e-01
8.7066409904e-01
8.7338052654e-01
8.7605817014e-01
8.7873581374e-01
8.8141345734e-01
8.8409110094e-01
8.8679494532e-01
8.8949878971e-01
8.9220263409e-01
8.9490647848e-01
8.9764093035e-01
9.0037538223e-01
9.0310983411e-01
9.0584428598e-01
9.0872001044e-01
9.1159573490e-01
9.1447145936e-01
9.1734718382e-01
9.2061766136e-01
9.2388813890e-01
9.2715861644e-01
9.3042909398e-01
9.3379444720e-01
9.3715980042e-01
9.4052515363e-01
9.4389050685e-01
9.4780521517e-01
9.5171992348e-01
9.5563463180e-01
9.5954934012e-01
9.6303086146e-01
9.6651238281e-01
9.6999390415e-01
9.7347542549e-01
9.7679202374e-01
9.8010862199e-01
9.8342522025e-01
9.8674181850e-01
9.9005636387e-01
9.9337090925e-01
9.9668545462e-01
1.0000000000e+00
