2.6863641378e-01
2.6868901090e-01
2.6884682283e-01
2.6910991139e-01
2.6947837958e-01
2.6977019346e-01
2.7010544925e-01
2.7048420096e-01
2.7090650956e-01
2.7123789910e-01
2.7159197352e-01
2.7196876243e-01
2.7236829735e-01
2.7268697903e-01
2.7301881743e-01
2.7336382859e-01
2.7372202914e-01
2.7401657220e-01
2.7431949087e-01
2.7463079440e-01
2.7495049232e-01
2.7522128811e-01
2.7549783980e-01
2.7578015316e-01
2.7606823410e-01
2.7631953399e-01
2.7657507214e-01
2.7683485246e-01
2.7709887890e-01
2.7733613280e-01
2.7757671963e-01
2.7782064224e-01
2.7806790351e-01
2.7830102764e-01
2.7853704850e-01
2.7877596843e-01
2.7901778979e-01
2.7928381992e-01
2.7955328078e-01
2.7982617519e-01
2.8010250578e-01
2.8030847260e-01
2.8051631001e-01
2.8072601873e-01
2.8093759929e-01
2.8111561326e-01
2.8129493125e-01
2.8147555310e-01
2.8165747844e-01
2.8181590214e-01
2.8197530017e-01
2.8213567171e-01
2.8229701570e-01
2.8244797592e-01
2.8259977512e-01
2.8275241164e-01
2.8290588348e-01
2.8306521372e-01
2.8322542875e-01
2.8338652483e-01
2.8354849756e-01
2.8370923255e-01
2.8387081090e-01
2.8403322591e-01
2.8419646984e-01
2.8434297254e-01
2.8449012234e-01
2.8463791120e-01
2.8478633013e-01
2.8492667644e-01
2.8506756349e-01
2.8520898114e-01
2.8535091828e-01
2.8549353111e-01
2.8563663932e-01
2.8578022862e-01
2.8592428362e-01
2.8610431198e-01
2.8628500243e-01
2.8646631773e-01
2.8664821787e-01
2.8679601014e-01
2.8694413438e-01
2.8709256547e-01
2.8724127725e-01
2.8739787264e-01
2.8755471552e-01
2.8771177219e-01
2.8786900804e-01
2.8804914603e-01
2.8822941791e-01
2.8840976837e-01
2.8859014127e-01
2.8878218923e-01
2.8897412942e-01
2.8916589282e-01
2.8935741053e-01
2.8956634932e-01
2.8977482440e-01
2.8998274863e-01
2.9019003644e-01
2.9038966219e-01
2.9058854195e-01
2.9078660419e-01
2.9098377959e-01
2.9119426531e-01
2.9140357341e-01
2.9161162755e-01
2.9181835471e-01
2.9204478325e-01
2.9226942372e-01
2.9249219252e-01
2.9271301105e-01
2.9297101810e-01
2.9322609332e-01
2.9347813290e-01
2.9372704158e-01
2.9403333807e-01
2.9433446448e-01
2.9463028566e-01
2.9492068274e-01
2.9524873991e-01
2.9556930787e-01
2.9588227182e-01
2.9618753663e-01
2.9648091108e-01
2.9676666576e-01
2.9704475401e-01
2.9731514066e-01
2.9758547871e-01
2.9784760688e-01
2.9810151582e-01
2.9834720348e-01
2.9860368971e-01
2.9885057549e-01
2.9908787890e-01
2.9931562290e-01
2.9955775702e-01
2.9978813760e-01
3.0000680920e-01
3.0021381865e-01
3.0043561152e-01
3.0064238772e-01
3.0083421869e-01
3.0101117429e-01
3.0119928766e-01
3.0136726174e-01
3.0151519044e-01
3.0164315885e-01
3.0176995598e-01
3.0186849092e-01
3.0193884938e-01
3.0198109334e-01
3.0199516641e-01
3.0198533860e-01
3.0195160244e-01
3.0189393243e-01
3.0182441157e-01
3.0173677458e-01
3.0163097275e-01
3.0150694809e-01
3.0138297456e-01
3.0124485077e-01
3.0109252185e-01
3.0092592893e-01
3.0076521129e-01
3.0059304447e-01
3.0040938099e-01
3.0021417256e-01
3.0002695933e-01
2.9983015942e-01
2.9962373771e-01
2.9940766049e-01
2.9919881723e-01
2.9898163503e-01
2.9875609342e-01
2.9852217521e-01
2.9828951931e-01
2.9804911055e-01
2.9780094630e-01
2.9754502964e-01
2.9723082937e-01
2.9690572492e-01
2.9656976531e-01
2.9622302099e-01
2.9596320251e-01
2.9569773611e-01
2.9542667741e-01
2.9515009211e-01
2.9489341321e-01
2.9463227907e-01
2.9436676544e-01
2.9409695785e-01
2.9387625091e-01
2.9365286786e-01
2.9342686946e-01
2.9319832177e-01
2.9299295085e-01
2.9278567378e-01
2.9257654849e-01
2.9236563677e-01
2.9216838042e-01
2.9196969793e-01
2.9176964794e-01
2.9156829211e-01
2.9137570056e-01
2.9118204529e-01
2.9098738693e-01
2.9079178852e-01
2.9058217461e-01
2.9037164763e-01
2.9016029250e-01
2.8994819672e-01
2.8976241119e-01
2.8957619024e-01
2.8938959600e-01
2.8920269145e-01
2.8902494546e-01
2.8884703178e-01
2.8866900544e-01
2.8849092140e-01
2.8833427913e-01
2.8817767158e-01
2.8802113534e-01
2.8786470654e-01
2.8771557533e-01
2.8756660454e-01
2.8741782376e-01
2.8726926181e-01
2.8706105368e-01
2.8685340668e-01
2.8664639143e-01
2.8644007441e-01
2.8629542313e-01
2.8615116830e-01
2.8600732906e-01
2.8586392341e-01
2.8571804443e-01
2.8557265131e-01
2.8542775959e-01
2.8528338365e-01
2.8513018319e-01
2.8497759757e-01
2.8482564011e-01
2.8467432287e-01
2.8449126772e-01
2.8430919177e-01
2.8412811011e-01
2.8394803580e-01
2.8378865661e-01
2.8363009080e-01
2.8347234429e-01
2.8331542221e-01
2.8315607100e-01
2.8299758764e-01
2.8283997552e-01
2.8268323746e-01
2.8250787858e-01
2.8233363266e-01
2.8216050194e-01
2.8198848815e-01
2.8176447459e-01
2.8154238862e-01
2.8132223166e-01
2.8110400451e-01
2.8075627660e-01
2.8041356353e-01
2.8007586289e-01
2.7974317109e-01
2.7948924325e-01
2.7923830798e-01
2.7899036297e-01
2.7874540584e-01
2.7847721495e-01
2.7821269315e-01
2.7795183708e-01
2.7769464340e-01
2.7739691749e-01
2.7710424483e-01
2.7681662014e-01
2.7653403822e-01
2.7618885900e-01
2.7585149704e-01
2.7552194280e-01
2.7520018696e-01
2.7477856957e-01
2.7437109923e-01
2.7397775496e-01
2.7359851650e-01
2.7305634595e-01
2.7254577314e-01
2.7206673900e-01
2.7161918809e-01
2.7091916280e-01
2.7031295602e-01
2.6980035780e-01
2.6938119064e-01
2.6905526612e-01
2.6882254350e-01
2.6868294217e-01
2.6863641376e-01
