0.0000000000e+00
1.8586247124e-02
3.7172494247e-02
5.5758741371e-02
7.4344988494e-02
8.4275138619e-02
9.4205288743e-02
1.0413543887e-01
1.1406558899e-01
1.2039250374e-01
1.2671941848e-01
1.3304633323e-01
1.3937324797e-01
1.4387914463e-01
1.4838504129e-01
1.5289093794e-01
1.5739683460e-01
1.6082305913e-01
1.6424928366e-01
1.6767550819e-01
1.7110173272e-01
1.7380333421e-01
1.7650493570e-01
1.7920653719e-01
1.8190813869e-01
1.8415825360e-01
1.8640836850e-01
1.8865848341e-01
1.9090859832e-01
1.9286725456e-01
1.9482591079e-01
1.9678456702e-01
1.9874322325e-01
2.0059710578e-01
2.0245098831e-01
2.0430487084e-01
2.0615875337e-01
2.0783910487e-01
2.0951945636e-01
2.1119980786e-01
2.1288015935e-01
2.1428206790e-01
2.1568397645e-01
2.1708588500e-01
2.1848779354e-01
2.1959566323e-01
2.2070353291e-01
2.2181140260e-01
2.2291927229e-01
2.2392249494e-01
2.2492571760e-01
2.2592894026e-01
2.2693216292e-01
2.2797362387e-01
2.2901508482e-01
2.3005654576e-01
2.3109800671e-01
2.3207656818e-01
2.3305512966e-01
2.3403369113e-01
2.3501225260e-01
2.3594666178e-01
2.3688107097e-01
2.3781548015e-01
2.3874988933e-01
2.3959533933e-01
2.4044078932e-01
2.4128623931e-01
2.4213168930e-01
2.4320190801e-01
2.4427212672e-01
2.4534234543e-01
2.4641256414e-01
2.4729611564e-01
2.4817966715e-01
2.4906321865e-01
2.4994677016e-01
2.5089280959e-01
2.5183884903e-01
2.5278488846e-01
2.5373092789e-01
2.5475659045e-01
2.5578225301e-01
2.5680791557e-01
2.5783357813e-01
2.5910817138e-01
2.6038276463e-01
2.6165735789e-01
2.6293195114e-01
2.6410015935e-01
2.6526836757e-01
2.6643657578e-01
2.6760478400e-01
2.6885002800e-01
2.7009527201e-01
2.7134051601e-01
2.7258576002e-01
2.7398706708e-01
2.7538837414e-01
2.7678968119e-01
2.7819098825e-01
2.8000544200e-01
2.8181989574e-01
2.8363434948e-01
2.8544880322e-01
2.8754193817e-01
2.8963507311e-01
2.9172820806e-01
2.9382134301e-01
2.9615499272e-01
2.9848864244e-01
3.0082229215e-01
3.0315594187e-01
3.0551619397e-01
3.0787644606e-01
3.1023669816e-01
3.1259695025e-01
3.1516978250e-01
3.1774261475e-01
3.2031544700e-01
3.2288827924e-01
3.2581375824e-01
3.2873923723e-01
3.3166471622e-01
3.3459019522e-01
3.3804283556e-01
3.4149547591e-01
3.4494811625e-01
3.4840075660e-01
3.5266612903e-01
3.5693150147e-01
3.6119687390e-01
3.6546224633e-01
3.7106037719e-01
3.7665850805e-01
3.8225663891e-01
3.8785476977e-01
3.9497488273e-01
4.0209499570e-01
4.0921510866e-01
4.1633522162e-01
4.2372666239e-01
4.3111810316e-01
4.3850954392e-01
4.4590098469e-01
4.5305274943e-01
4.6020451417e-01
4.6735627892e-01
4.7450804366e-01
4.8174102380e-01
4.8897400394e-01
4.9620698408e-01
5.0343996421e-01
5.1192065718e-01
5.2040135014e-01
5.2888204310e-01
5.3736273607e-01
5.4448856887e-01
5.5161440168e-01
5.5874023449e-01
5.6586606729e-01
5.7259372815e-01
5.7932138901e-01
5.8604904987e-01
5.9277671073e-01
5.9824305033e-01
6.0370938992e-01
6.0917572952e-01
6.1464206911e-01
6.1902616046e-01
6.2341025180e-01
6.2779434314e-01
6.3217843448e-01
6.3583521081e-01
6.3949198714e-01
6.4314876346e-01
6.4680553979e-01
6.4994437845e-01
6.5308321712e-01
6.5622205578e-01
6.5936089445e-01
6.6212166198e-01
6.6488242952e-01
6.6764319705e-01
6.7040396459e-01
6.7289303130e-01
6.7538209802e-01
6.7787116474e-01
6.8036023145e-01
6.8269604658e-01
6.8503186171e-01
6.8736767684e-01
6.8970349197e-01
6.9257142545e-01
6.9543935892e-01
6.9830729240e-01
7.0117522588e-01
7.0315800156e-01
7.0514077724e-01
7.0712355292e-01
7.0910632860e-01
7.1082378028e-01
7.1254123197e-01
7.1425868365e-01
7.1597613533e-01
7.1737629357e-01
7.1877645180e-01
7.2017661004e-01
7.2157676827e-01
7.2283356268e-01
7.2409035708e-01
7.2534715149e-01
7.2660394589e-01
7.2777022677e-01
7.2893650764e-01
7.3010278851e-01
7.3126906939e-01
7.3245759255e-01
7.3364611572e-01
7.3483463889e-01
7.3602316206e-01
7.3710960483e-01
7.3819604759e-01
7.3928249036e-01
7.4036893313e-01
7.4139536729e-01
7.4242180145e-01
7.4344823561e-01
7.4447466977e-01
7.4535368621e-01
7.4623270265e-01
7.4711171909e-01
7.4799073553e-01
7.4887009350e-01
7.4974945147e-01
7.5062880943e-01
7.5150816740e-01
7.5243533200e-01
7.5336249659e-01
7.5428966119e-01
7.5521682579e-01
7.5606046647e-01
7.5690410716e-01
7.5774774785e-01
7.5859138854e-01
7.5951111372e-01
7.6043083889e-01
7.6135056407e-01
7.6227028925e-01
7.6330821546e-01
7.6434614167e-01
7.6538406788e-01
7.6642199409e-01
7.6742660224e-01
7.6843121039e-01
7.6943581855e-01
7.7044042670e-01
7.7148289055e-01
7.7252535439e-01
7.7356781824e-01
7.7461028208e-01
7.7584446743e-01
7.7707865278e-01
7.7831283813e-01
7.7954702348e-01
7.8111441694e-01
7.8268181041e-01
7.8424920387e-01
7.8581659733e-01
7.8770694081e-01
7.8959728430e-01
7.9148762778e-01
7.9337797126e-01
7.9534931332e-01
7.9732065538e-01
7.9929199744e-01
8.0126333950e-01
8.0359508309e-01
8.0592682668e-01
8.0825857027e-01
8.1059031386e-01
8.1359141126e-01
8.1659250866e-01
8.1959360606e-01
8.2259470346e-01
8.2692855051e-01
8.3126239757e-01
8.3559624462e-01
8.3993009168e-01
8.4748289171e-01
8.5503569175e-01
8.6258849179e-01
8.7014129182e-01
8.8632896796e-01
9.0251664410e-01
9.1870432024e-01
9.3489199638e-01
9.5116899728e-01
9.6744599819e-01
9.8372299909e-01
1.0000000000e+00
