0.0000000000e+00
3.8210899763e-03
7.6421799525e-03
1.1463269929e-02
1.5284359905e-02
1.8420894829e-02
2.1557429752e-02
2.4693964676e-02
2.7830499600e-02
3.0631064363e-02
3.3431629126e-02
3.6232193889e-02
3.9032758653e-02
4.1796003266e-02
4.4559247880e-02
4.7322492493e-02
5.0085737107e-02
5.2960539445e-02
5.5835341783e-02
5.8710144122e-02
6.1584946460e-02
6.4075739372e-02
6.6566532284e-02
6.9057325196e-02
7.1548118108e-02
7.3872651386e-02
7.6197184664e-02
7.8521717942e-02
8.0846251221e-02
8.3318016472e-02
8.5789781723e-02
8.8261546975e-02
9.0733312226e-02
9.3232807356e-02
9.5732302486e-02
9.8231797617e-02
1.0073129275e-01
1.0312019544e-01
1.0550909813e-01
1.0789800082e-01
1.1028690351e-01
1.1334778595e-01
1.1640866839e-01
1.1946955083e-01
1.2253043327e-01
1.2553749396e-01
1.2854455466e-01
1.3155161535e-01
1.3455867605e-01
1.3783956747e-01
1.4112045889e-01
1.4440135031e-01
1.4768224173e-01
1.5089968362e-01
1.5411712552e-01
1.5733456742e-01
1.6055200932e-01
1.6410764185e-01
1.6766327438e-01
1.7121890691e-01
1.7477453944e-01
1.7887717224e-01
1.8297980503e-01
1.8708243782e-01
1.9118507062e-01
1.9611008541e-01
2.0103510020e-01
2.0596011499e-01
2.1088512978e-01
2.1707748008e-01
2.2326983038e-01
2.2946218068e-01
2.3565453098e-01
2.4047264822e-01
2.4529076545e-01
2.5010888268e-01
2.5492699992e-01
2.5906415663e-01
2.6320131334e-01
2.6733847006e-01
2.7147562677e-01
2.7508919544e-01
2.7870276411e-01
2.8231633278e-01
2.8592990145e-01
2.8919083111e-01
2.9245176076e-01
2.9571269042e-01
2.9897362007e-01
3.0214372099e-01
3.0531382192e-01
3.0848392284e-01
3.1165402376e-01
3.1504969919e-01
3.1844537461e-01
3.2184105004e-01
3.2523672546e-01
3.2800398914e-01
3.3077125282e-01
3.3353851650e-01
3.3630578018e-01
3.3886333441e-01
3.4142088864e-01
3.4397844287e-01
3.4653599710e-01
3.4894218424e-01
3.5134837139e-01
3.5375455853e-01
3.5616074567e-01
3.5936356004e-01
3.6256637441e-01
3.6576918878e-01
3.6897200315e-01
3.7127271554e-01
3.7357342792e-01
3.7587414031e-01
3.7817485270e-01
3.8072917550e-01
3.8328349831e-01
3.8583782112e-01
3.8839214392e-01
3.9107002635e-01
3.9374790879e-01
3.9642579122e-01
3.9910367365e-01
4.0192016350e-01
4.0473665334e-01
4.0755314319e-01
4.1036963304e-01
4.1311281856e-01
4.1585600409e-01
4.1859918961e-01
4.2134237513e-01
4.2445558255e-01
4.2756878996e-01
4.3068199737e-01
4.3379520479e-01
4.3791532387e-01
4.4203544295e-01
4.4615556203e-01
4.5027568111e-01
4.5545911312e-01
4.6064254512e-01
4.6582597713e-01
4.7100940914e-01
4.7601160514e-01
4.8101380113e-01
4.8601599712e-01
4.9101819312e-01
4.9595888908e-01
5.0089958505e-01
5.0584028102e-01
5.1078097698e-01
5.1613763401e-01
5.2149429103e-01
5.2685094806e-01
5.3220760508e-01
5.3631292317e-01
5.4041824126e-01
5.4452355934e-01
5.4862887743e-01
5.5191380073e-01
5.5519872403e-01
5.5848364733e-01
5.6176857063e-01
5.6461337268e-01
5.6745817473e-01
5.7030297677e-01
5.7314777882e-01
5.7586405460e-01
5.7858033037e-01
5.8129660615e-01
5.8401288192e-01
5.8720377879e-01
5.9039467566e-01
5.9358557252e-01
5.9677646939e-01
5.9928231994e-01
6.0178817049e-01
6.0429402104e-01
6.0679987159e-01
6.0913598939e-01
6.1147210718e-01
6.1380822498e-01
6.1614434277e-01
6.1851588781e-01
6.2088743284e-01
6.2325897788e-01
6.2563052291e-01
6.2819768878e-01
6.3076485464e-01
6.3333202051e-01
6.3589918637e-01
6.3824676649e-01
6.4059434662e-01
6.4294192674e-01
6.4528950686e-01
6.4802096620e-01
6.5075242555e-01
6.5348388489e-01
6.5621534423e-01
6.5908464026e-01
6.6195393629e-01
6.6482323232e-01
6.6769252835e-01
6.7109422852e-01
6.7449592870e-01
6.7789762887e-01
6.8129932905e-01
6.8447109220e-01
6.8764285535e-01
6.9081461850e-01
6.9398638164e-01
6.9741389573e-01
7.0084140982e-01
7.0426892391e-01
7.0769643800e-01
7.1160998047e-01
7.1552352294e-01
7.1943706541e-01
7.2335060787e-01
7.2805766488e-01
7.3276472189e-01
7.3747177890e-01
7.4217883591e-01
7.4807746078e-01
7.5397608566e-01
7.5987471054e-01
7.6577333541e-01
7.7082753482e-01
7.7588173422e-01
7.8093593362e-01
7.8599013302e-01
7.9039607830e-01
7.9480202357e-01
7.9920796885e-01
8.0361391412e-01
8.0734965175e-01
8.1108538937e-01
8.1482112699e-01
8.1855686462e-01
8.2190424989e-01
8.2525163515e-01
8.2859902042e-01
8.3194640569e-01
8.3512132780e-01
8.3829624991e-01
8.4147117201e-01
8.4464609412e-01
8.4869611695e-01
8.5274613979e-01
8.5679616262e-01
8.6084618546e-01
8.6365975507e-01
8.6647332469e-01
8.6928689430e-01
8.7210046392e-01
8.7473963326e-01
8.7737880261e-01
8.8001797196e-01
8.8265714130e-01
8.8513466457e-01
8.8761218784e-01
8.9008971110e-01
8.9256723437e-01
8.9550322331e-01
8.9843921225e-01
9.0137520119e-01
9.0431119014e-01
9.0663835379e-01
9.0896551744e-01
9.1129268109e-01
9.1361984474e-01
9.1629816976e-01
9.1897649478e-01
9.2165481980e-01
9.2433314482e-01
9.2700187553e-01
9.2967060624e-01
9.3233933694e-01
9.3500806765e-01
9.3789310105e-01
9.4077813445e-01
9.4366316785e-01
9.4654820125e-01
9.4930370199e-01
9.5205920273e-01
9.5481470348e-01
9.5757020422e-01
9.6063153905e-01
9.6369287388e-01
9.6675420871e-01
9.6981554354e-01
9.7358860058e-01
9.7736165762e-01
9.8113471467e-01
9.8490777171e-01
9.8868082878e-01
9.9245388586e-01
9.9622694293e-01
1.0000000000e+00
