3.8330706253e-03
3.8600113342e-03
3.9412059409e-03
4.0777798116e-03
4.2716254708e-03
4.5065172816e-03
4.7964270788e-03
5.1448350477e-03
5.5559146011e-03
6.0095453284e-03
6.5291923701e-03
7.1204329827e-03
7.7895875869e-03
8.5364610664e-03
9.3745701837e-03
1.0312573099e-02
1.1360096370e-02
1.2644194902e-02
1.4087674904e-02
1.5707802299e-02
1.7523728284e-02
1.9075949033e-02
2.0768613311e-02
2.2613222235e-02
2.4622131092e-02
2.6700855928e-02
2.8952930130e-02
3.1391361683e-02
3.4029953287e-02
3.6359875146e-02
3.8843530016e-02
4.1489814345e-02
4.4307983843e-02
4.7011194960e-02
4.9870013473e-02
5.2891979435e-02
5.6084828231e-02
5.9237387772e-02
6.2553429473e-02
6.6039677265e-02
6.9702931357e-02
7.3412462956e-02
7.7299410655e-02
8.1369943057e-02
8.5630189078e-02
9.0144678102e-02
9.4866174774e-02
9.9800697499e-02
1.0495405993e-01
1.1193436594e-01
1.1929927708e-01
1.2705891004e-01
1.3522212735e-01
1.4166732563e-01
1.4835012505e-01
1.5527248997e-01
1.6243572805e-01
1.6930164272e-01
1.7637556620e-01
1.8365680677e-01
1.9114405464e-01
1.9878219940e-01
2.0661906940e-01
2.1465144770e-01
2.2287544983e-01
2.3069279706e-01
2.3866779891e-01
2.4679576979e-01
2.5507153581e-01
2.6357011176e-01
2.7220725709e-01
2.8097622907e-01
2.8986985512e-01
2.9994569883e-01
3.1015660050e-01
3.2049093820e-01
3.3093664357e-01
3.4128758515e-01
3.5172179575e-01
3.6222700344e-01
3.7279079275e-01
3.8261449606e-01
3.9246779123e-01
4.0234079302e-01
4.1222369936e-01
4.2210517814e-01
4.3197736913e-01
4.4183096217e-01
4.5165687907e-01
4.6207861643e-01
4.7244870302e-01
4.8275726240e-01
4.9299484834e-01
5.0456693481e-01
5.1602255004e-01
5.2734994312e-01
5.3853819988e-01
5.4942493074e-01
5.6015772440e-01
5.7072852659e-01
5.8113006524e-01
5.9251449181e-01
6.0367272876e-01
6.1459796801e-01
6.2528446142e-01
6.3652654560e-01
6.4748127428e-01
6.5814515910e-01
6.6851583121e-01
6.7793978500e-01
6.8710624693e-01
6.9601554776e-01
7.0466862715e-01
7.1311175237e-01
7.2129941857e-01
7.2923411066e-01
7.3691872231e-01
7.4466264261e-01
7.5214268793e-01
7.5936322617e-01
7.6632890002e-01
7.7346710519e-01
7.8032832100e-01
7.8691884424e-01
7.9324511627e-01
7.9970736245e-01
8.0588458634e-01
8.1178483080e-01
8.1741612915e-01
8.2333333552e-01
8.2894279177e-01
8.3425496892e-01
8.3928012553e-01
8.4473955960e-01
8.4984446996e-01
8.5460925431e-01
8.5904771712e-01
8.6383250232e-01
8.6821057522e-01
8.7220048377e-01
8.7581948435e-01
8.7997849080e-01
8.8357405123e-01
8.8663368460e-01
8.8918117114e-01
8.9115400495e-01
8.9269256547e-01
8.9380809497e-01
8.9450879270e-01
8.9479943820e-01
8.9468617888e-01
8.9416818437e-01
8.9324166097e-01
8.9197420655e-01
8.9032222433e-01
8.8827491385e-01
8.8581900076e-01
8.8345686239e-01
8.8079156341e-01
8.7781156215e-01
8.7450412280e-01
8.7129463927e-01
8.6780769296e-01
8.6403215550e-01
8.5995619175e-01
8.5610711665e-01
8.5200624158e-01
8.4764418120e-01
8.4301117681e-01
8.3856809159e-01
8.3388621425e-01
8.2895757225e-01
8.2377401172e-01
8.1869770244e-01
8.1338513825e-01
8.0782938178e-01
8.0202344758e-01
7.9628678917e-01
7.9031342552e-01
7.8409745232e-01
7.7763303501e-01
7.7126468060e-01
7.6466272601e-01
7.5782253672e-01
7.5073965723e-01
7.4358482822e-01
7.3619080882e-01
7.2855415362e-01
7.2067172680e-01
7.1232180941e-01
7.0370740482e-01
6.9482643393e-01
6.8567737100e-01
6.7529180236e-01
6.6457980121e-01
6.5354219909e-01
6.4218103228e-01
6.3264131009e-01
6.2288947674e-01
6.1292875280e-01
6.0276307606e-01
5.9291091620e-01
5.8288237288e-01
5.7268281329e-01
5.6231829819e-01
5.5172721390e-01
5.4098355215e-01
5.3009572615e-01
5.1907291593e-01
5.0936041209e-01
4.9955992404e-01
4.8967895344e-01
4.7972542720e-01
4.7008979986e-01
4.6040251866e-01
4.5067167588e-01
4.4090566586e-01
4.3087238090e-01
4.2082089394e-01
4.1076105427e-01
4.0070291996e-01
3.8837626327e-01
3.7608675496e-01
3.6385370806e-01
3.5169646007e-01
3.4163512421e-01
3.3165082095e-01
3.2175437032e-01
3.1195635341e-01
3.0291955457e-01
2.9398532190e-01
2.8516141845e-01
2.7645527371e-01
2.6771350546e-01
2.5910836130e-01
2.5064643946e-01
2.4233386268e-01
2.3360101901e-01
2.2505228149e-01
2.1669322720e-01
2.0852873563e-01
2.0020560727e-01
1.9210365377e-01
1.8422601108e-01
1.7657501122e-01
1.6848173817e-01
1.6066149509e-01
1.5311427096e-01
1.4583910416e-01
1.3870480899e-01
1.3184816017e-01
1.2526553498e-01
1.1895259122e-01
1.1330630534e-01
1.0788555141e-01
1.0268548488e-01
9.7700944436e-02
9.2871848700e-02
8.8251941364e-02
8.3835191424e-02
7.9615429023e-02
7.5382129958e-02
7.1352510944e-02
6.7519173773e-02
6.3874728217e-02
6.0099204020e-02
5.6531016896e-02
5.3160827250e-02
4.9979477166e-02
4.6520005176e-02
4.3288230697e-02
4.0271129346e-02
3.7456169951e-02
3.4489394989e-02
3.1751051380e-02
2.9225259394e-02
2.6897028464e-02
2.4250867671e-02
2.1864228725e-02
1.9713685521e-02
1.7777733661e-02
1.6078299733e-02
1.4547438869e-02
1.3169958636e-02
1.1932034106e-02
1.0819606874e-02
9.8231536088e-03
8.9323707873e-03
8.1379826374e-03
7.3976577424e-03
6.7460704639e-03
6.1755910292e-03
5.6795099953e-03
5.2229755831e-03
4.8392623240e-03
4.5231100176e-03
4.2701744366e-03
4.0769765055e-03
3.9408529763e-03
3.8599236969e-03
3.8330706250e-03
