0.0000000000e+00
3.7532856635e-03
7.5065713269e-03
1.1259856990e-02
1.5013142654e-02
1.8603720026e-02
2.2194297399e-02
2.5784874771e-02
2.9375452144e-02
3.2606907328e-02
3.5838362512e-02
3.9069817695e-02
4.2301272879e-02
4.5362453139e-02
4.8423633399e-02
5.1484813659e-02
5.4545993918e-02
5.7439454550e-02
6.0332915182e-02
6.3226375814e-02
6.6119836446e-02
6.8923467905e-02
7.1727099364e-02
7.4530730824e-02
7.7334362283e-02
8.0095334042e-02
8.2856305801e-02
8.5617277560e-02
8.8378249319e-02
9.1141269468e-02
9.3904289617e-02
9.6667309767e-02
9.9430329916e-02
1.0225345460e-01
1.0507657928e-01
1.0789970396e-01
1.1072282865e-01
1.1373704216e-01
1.1675125568e-01
1.1976546920e-01
1.2277968272e-01
1.2625445585e-01
1.2972922899e-01
1.3320400212e-01
1.3667877525e-01
1.3959846256e-01
1.4251814986e-01
1.4543783716e-01
1.4835752446e-01
1.5113549425e-01
1.5391346403e-01
1.5669143382e-01
1.5946940360e-01
1.6219037923e-01
1.6491135485e-01
1.6763233047e-01
1.7035330610e-01
1.7306591270e-01
1.7577851931e-01
1.7849112591e-01
1.8120373252e-01
1.8395071772e-01
1.8669770292e-01
1.8944468812e-01
1.9219167332e-01
1.9503183741e-01
1.9787200150e-01
2.0071216559e-01
2.0355232968e-01
2.0650584067e-01
2.0945935167e-01
2.1241286267e-01
2.1536637366e-01
2.1844520644e-01
2.2152403921e-01
2.2460287199e-01
2.2768170476e-01
2.3077056607e-01
2.3385942739e-01
2.3694828870e-01
2.4003715002e-01
2.4308351833e-01
2.4612988663e-01
2.4917625494e-01
2.5222262325e-01
2.5531580615e-01
2.5840898905e-01
2.6150217196e-01
2.6459535486e-01
2.6780287778e-01
2.7101040069e-01
2.7421792360e-01
2.7742544652e-01
2.8089998228e-01
2.8437451804e-01
2.8784905380e-01
2.9132358956e-01
2.9618675787e-01
3.0104992618e-01
3.0591309449e-01
3.1077626281e-01
3.1442066806e-01
3.1806507332e-01
3.2170947857e-01
3.2535388383e-01
3.2883998446e-01
3.3232608510e-01
3.3581218573e-01
3.3929828637e-01
3.4275049166e-01
3.4620269695e-01
3.4965490225e-01
3.5310710754e-01
3.5657324355e-01
3.6003937956e-01
3.6350551557e-01
3.6697165157e-01
3.7048383070e-01
3.7399600982e-01
3.7750818895e-01
3.8102036808e-01
3.8460496652e-01
3.8818956496e-01
3.9177416341e-01
3.9535876185e-01
3.9904068269e-01
4.0272260353e-01
4.0640452437e-01
4.1008644521e-01
4.1389203953e-01
4.1769763385e-01
4.2150322816e-01
4.2530882248e-01
4.2926941708e-01
4.3323001168e-01
4.3719060628e-01
4.4115120089e-01
4.4531104451e-01
4.4947088814e-01
4.5363073177e-01
4.5779057539e-01
4.6223294403e-01
4.6667531266e-01
4.7111768129e-01
4.7556004993e-01
4.8053859013e-01
4.8551713033e-01
4.9049567054e-01
4.9547421074e-01
5.0013784956e-01
5.0480148839e-01
5.0946512721e-01
5.1412876603e-01
5.1844600399e-01
5.2276324195e-01
5.2708047991e-01
5.3139771787e-01
5.3548547795e-01
5.3957323804e-01
5.4366099812e-01
5.4774875820e-01
5.5166158702e-01
5.5557441584e-01
5.5948724466e-01
5.6340007348e-01
5.6717244920e-01
5.7094482491e-01
5.7471720063e-01
5.7848957634e-01
5.8214828747e-01
5.8580699860e-01
5.8946570973e-01
5.9312442086e-01
5.9669319839e-01
6.0026197591e-01
6.0383075343e-01
6.0739953096e-01
6.1090166489e-01
6.1440379883e-01
6.1790593276e-01
6.2140806670e-01
6.2486931499e-01
6.2833056327e-01
6.3179181156e-01
6.3525305985e-01
6.3870630031e-01
6.4215954077e-01
6.4561278122e-01
6.4906602168e-01
6.5256456833e-01
6.5606311498e-01
6.5956166163e-01
6.6306020828e-01
6.6674247840e-01
6.7042474852e-01
6.7410701864e-01
6.7778928877e-01
6.8185764204e-01
6.8592599531e-01
6.8999434858e-01
6.9406270186e-01
6.9751427526e-01
7.0096584867e-01
7.0441742207e-01
7.0786899548e-01
7.1109659789e-01
7.1432420029e-01
7.1755180270e-01
7.2077940511e-01
7.2388699733e-01
7.2699458956e-01
7.3010218178e-01
7.3320977400e-01
7.3626008984e-01
7.3931040567e-01
7.4236072151e-01
7.4541103735e-01
7.4848092730e-01
7.5155081725e-01
7.5462070720e-01
7.5769059715e-01
7.6082884961e-01
7.6396710207e-01
7.6710535454e-01
7.7024360700e-01
7.7320634748e-01
7.7616908795e-01
7.7913182843e-01
7.8209456890e-01
7.8497484049e-01
7.8785511208e-01
7.9073538366e-01
7.9361565525e-01
7.9638124013e-01
7.9914682501e-01
8.0191240989e-01
8.0467799477e-01
8.0739630160e-01
8.1011460842e-01
8.1283291525e-01
8.1555122208e-01
8.1826541497e-01
8.2097960785e-01
8.2369380074e-01
8.2640799362e-01
8.2916459094e-01
8.3192118825e-01
8.3467778556e-01
8.3743438287e-01
8.4031397024e-01
8.4319355760e-01
8.4607314497e-01
8.4895273233e-01
8.5223058294e-01
8.5550843354e-01
8.5878628415e-01
8.6206413475e-01
8.6515337965e-01
8.6824262454e-01
8.7133186944e-01
8.7442111433e-01
8.7727838099e-01
8.8013564764e-01
8.8299291430e-01
8.8585018095e-01
8.8862462643e-01
8.9139907191e-01
8.9417351739e-01
8.9694796287e-01
8.9970434228e-01
9.0246072169e-01
9.0521710110e-01
9.0797348051e-01
9.1075881029e-01
9.1354414006e-01
9.1632946983e-01
9.1911479961e-01
9.2197712156e-01
9.2483944352e-01
9.2770176548e-01
9.3056408744e-01
9.3357222848e-01
9.3658036952e-01
9.3958851056e-01
9.4259665160e-01
9.4579191856e-01
9.4898718552e-01
9.5218245248e-01
9.5537771943e-01
9.5903634795e-01
9.6269497647e-01
9.6635360499e-01
9.7001223351e-01
9.7376070432e-01
9.7750917513e-01
9.8125764594e-01
9.8500611675e-01
9.8875458757e-01
9.9250305838e-01
9.9625152919e-01
1.0000000000e+00
