2.8767011200e-01
2.8767192601e-01
2.8767736796e-01
2.8768643769e-01
2.8769913489e-01
2.8771315782e-01
2.8772993479e-01
2.8774946509e-01
2.8777174773e-01
2.8779138402e-01
2.8781275108e-01
2.8783584772e-01
2.8786067241e-01
2.8788316181e-01
2.8790690023e-01
2.8793188585e-01
2.8795811645e-01
2.8798364242e-01
2.8801024163e-01
2.8803791097e-01
2.8806664676e-01
2.8810209910e-01
2.8813903621e-01
2.8817744748e-01
2.8821732011e-01
2.8825104266e-01
2.8828572471e-01
2.8832135484e-01
2.8835792003e-01
2.8839236893e-01
2.8842758341e-01
2.8846354879e-01
2.8850024874e-01
2.8853612432e-01
2.8857264141e-01
2.8860978070e-01
2.8864752111e-01
2.8869318193e-01
2.8873961953e-01
2.8878678826e-01
2.8883463873e-01
2.8887605649e-01
2.8891789873e-01
2.8896012834e-01
2.8900270646e-01
2.8904901664e-01
2.8909563278e-01
2.8914250003e-01
2.8918956189e-01
2.8924109403e-01
2.8929271204e-01
2.8934433763e-01
2.8939589160e-01
2.8946524568e-01
2.8953412693e-01
2.8960233964e-01
2.8966969050e-01
2.8972577171e-01
2.8978099076e-01
2.8983523884e-01
2.8988841042e-01
2.8994315619e-01
2.8999647905e-01
2.9004826932e-01
2.9009842253e-01
2.9015296132e-01
2.9020515229e-01
2.9025487009e-01
2.9030199840e-01
2.9035497850e-01
2.9040390802e-01
2.9044863678e-01
2.9048903252e-01
2.9053165832e-01
2.9056770449e-01
2.9059704000e-01
2.9061956795e-01
2.9063461766e-01
2.9064342718e-01
2.9064599661e-01
2.9064235287e-01
2.9063384102e-01
2.9062042970e-01
2.9060219437e-01
2.9057922868e-01
2.9055671327e-01
2.9053110507e-01
2.9050248665e-01
2.9047094982e-01
2.9044053803e-01
2.9040797602e-01
2.9037334715e-01
2.9033674074e-01
2.9030087705e-01
2.9026345606e-01
2.9022456438e-01
2.9018429296e-01
2.9012982225e-01
2.9007338627e-01
2.9001521778e-01
2.8995555937e-01
2.8991221597e-01
2.8986833510e-01
2.8982401162e-01
2.8977934140e-01
2.8973894785e-01
2.8969842224e-01
2.8965783470e-01
2.8961725492e-01
2.8958097398e-01
2.8954480331e-01
2.8950879078e-01
2.8947298321e-01
2.8943519241e-01
2.8939773790e-01
2.8936067079e-01
2.8932404008e-01
2.8928963141e-01
2.8925569837e-01
2.8922227706e-01
2.8918940146e-01
2.8915813570e-01
2.8912743770e-01
2.8909733243e-01
2.8906784299e-01
2.8903709931e-01
2.8900710359e-01
2.8897787718e-01
2.8894943933e-01
2.8890691789e-01
2.8886639164e-01
2.8882790710e-01
2.8879150252e-01
2.8876719176e-01
2.8874393171e-01
2.8872173009e-01
2.8870059352e-01
2.8867908259e-01
2.8865881282e-01
2.8863978912e-01
2.8862201561e-01
2.8860196608e-01
2.8858379991e-01
2.8856752110e-01
2.8855313282e-01
2.8853521349e-01
2.8852149882e-01
2.8851199277e-01
2.8850669780e-01
2.8850551011e-01
2.8850738631e-01
2.8851232610e-01
2.8852032860e-01
2.8852830845e-01
2.8853799733e-01
2.8854939406e-01
2.8856249712e-01
2.8857510772e-01
2.8858897332e-01
2.8860409205e-01
2.8862046164e-01
2.8863693285e-01
2.8865449719e-01
2.8867315141e-01
2.8869289168e-01
2.8871583068e-01
2.8874006845e-01
2.8876559643e-01
2.8879240444e-01
2.8881684925e-01
2.8884225142e-01
2.8886860018e-01
2.8889588316e-01
2.8892293954e-01
2.8895082975e-01
2.8897953790e-01
2.8900904619e-01
2.8903698397e-01
2.8906556968e-01
2.8909478441e-01
2.8912460753e-01
2.8916468209e-01
2.8920571256e-01
2.8924763779e-01
2.8929039111e-01
2.8932406079e-01
2.8935814918e-01
2.8939261867e-01
2.8942742991e-01
2.8946545077e-01
2.8950377011e-01
2.8954233212e-01
2.8958107936e-01
2.8962469209e-01
2.8966837904e-01
2.8971205407e-01
2.8975563010e-01
2.8981383860e-01
2.8987149827e-01
2.8992839837e-01
2.8998433121e-01
2.9002966136e-01
2.9007408082e-01
2.9011748091e-01
2.9015975635e-01
2.9020357065e-01
2.9024586601e-01
2.9028652888e-01
2.9032545135e-01
2.9036764631e-01
2.9040729500e-01
2.9044426459e-01
2.9047843233e-01
2.9051558054e-01
2.9054835554e-01
2.9057660163e-01
2.9060018301e-01
2.9062145165e-01
2.9063620378e-01
2.9064432522e-01
2.9064573429e-01
2.9064078735e-01
2.9062968668e-01
2.9061244214e-01
2.9058908977e-01
2.9056392226e-01
2.9053425872e-01
2.9050017162e-01
2.9046174914e-01
2.9042601285e-01
2.9038733229e-01
2.9034578769e-01
2.9030146786e-01
2.9025940295e-01
2.9021525712e-01
2.9016911271e-01
2.9012105783e-01
2.9007419302e-01
2.9002580346e-01
2.8997597635e-01
2.8992480318e-01
2.8987056156e-01
2.8981509281e-01
2.8975851158e-01
2.8970093653e-01
2.8964879369e-01
2.8959604520e-01
2.8954278183e-01
2.8948909567e-01
2.8943626580e-01
2.8938320812e-01
2.8933001030e-01
2.8927675972e-01
2.8923251063e-01
2.8918833419e-01
2.8914427887e-01
2.8910039218e-01
2.8905652338e-01
2.8901291742e-01
2.8896961864e-01
2.8892666981e-01
2.8888141985e-01
2.8883665926e-01
2.8879243261e-01
2.8874878189e-01
2.8871009139e-01
2.8867192412e-01
2.8863430497e-01
2.8859725706e-01
2.8855765491e-01
2.8851877832e-01
2.8848065022e-01
2.8844329137e-01
2.8840321679e-01
2.8836411230e-01
2.8832599728e-01
2.8828888875e-01
2.8825230757e-01
2.8821678966e-01
2.8818234657e-01
2.8814898825e-01
2.8811685393e-01
2.8808581098e-01
2.8805586547e-01
2.8802702253e-01
2.8799552562e-01
2.8796546936e-01
2.8793685808e-01
2.8790969534e-01
2.8787565806e-01
2.8784421871e-01
2.8781538131e-01
2.8778914885e-01
2.8776125736e-01
2.8773708105e-01
2.8771662177e-01
2.8769988076e-01
2.8768685727e-01
2.8767755446e-01
2.8767197266e-01
2.8767011204e-01
