0.0000000000e+00
5.8509425716e-03
1.1701885143e-02
1.7552827715e-02
2.3403770286e-02
2.8487837795e-02
3.3571905303e-02
3.8655972811e-02
4.3740040319e-02
4.8474293124e-02
5.3208545928e-02
5.7942798733e-02
6.2677051538e-02
6.7102036981e-02
7.1527022424e-02
7.5952007867e-02
8.0376993310e-02
8.4044931366e-02
8.7712869422e-02
9.1380807479e-02
9.5048745535e-02
9.7908652290e-02
1.0076855905e-01
1.0362846580e-01
1.0648837256e-01
1.0906353980e-01
1.1163870705e-01
1.1421387430e-01
1.1678904155e-01
1.1949815371e-01
1.2220726588e-01
1.2491637804e-01
1.2762549021e-01
1.3011251762e-01
1.3259954504e-01
1.3508657245e-01
1.3757359986e-01
1.3996370058e-01
1.4235380129e-01
1.4474390200e-01
1.4713400272e-01
1.4931469319e-01
1.5149538366e-01
1.5367607413e-01
1.5585676461e-01
1.5846830099e-01
1.6107983736e-01
1.6369137374e-01
1.6630291012e-01
1.6852133505e-01
1.7073975997e-01
1.7295818490e-01
1.7517660983e-01
1.7770647295e-01
1.8023633608e-01
1.8276619920e-01
1.8529606232e-01
1.8799485290e-01
1.9069364348e-01
1.9339243406e-01
1.9609122464e-01
1.9923934559e-01
2.0238746653e-01
2.0553558747e-01
2.0868370841e-01
2.1168076055e-01
2.1467781270e-01
2.1767486484e-01
2.2067191698e-01
2.2400203542e-01
2.2733215385e-01
2.3066227228e-01
2.3399239072e-01
2.3781533054e-01
2.4163827037e-01
2.4546121019e-01
2.4928415001e-01
2.5407982803e-01
2.5887550604e-01
2.6367118406e-01
2.6846686207e-01
2.7504020105e-01
2.8161354003e-01
2.8818687901e-01
2.9476021799e-01
2.9994689099e-01
3.0513356398e-01
3.1032023698e-01
3.1550690998e-01
3.1996399686e-01
3.2442108374e-01
3.2887817062e-01
3.3333525750e-01
3.3694668641e-01
3.4055811532e-01
3.4416954422e-01
3.4778097313e-01
3.5101197917e-01
3.5424298521e-01
3.5747399125e-01
3.6070499729e-01
3.6375222184e-01
3.6679944640e-01
3.6984667095e-01
3.7289389550e-01
3.7636078091e-01
3.7982766632e-01
3.8329455173e-01
3.8676143714e-01
3.8946124264e-01
3.9216104814e-01
3.9486085364e-01
3.9756065914e-01
4.0003065227e-01
4.0250064541e-01
4.0497063854e-01
4.0744063168e-01
4.0971826551e-01
4.1199589934e-01
4.1427353317e-01
4.1655116700e-01
4.1933349515e-01
4.2211582330e-01
4.2489815145e-01
4.2768047959e-01
4.2991142010e-01
4.3214236061e-01
4.3437330112e-01
4.3660424162e-01
4.3899644245e-01
4.4138864328e-01
4.4378084410e-01
4.4617304493e-01
4.4880110012e-01
4.5142915531e-01
4.5405721050e-01
4.5668526569e-01
4.5935411742e-01
4.6202296915e-01
4.6469182089e-01
4.6736067262e-01
4.7003271464e-01
4.7270475667e-01
4.7537679869e-01
4.7804884072e-01
4.8101816116e-01
4.8398748160e-01
4.8695680204e-01
4.8992612248e-01
4.9317278214e-01
4.9641944179e-01
4.9966610144e-01
5.0291276110e-01
5.0575407653e-01
5.0859539196e-01
5.1143670739e-01
5.1427802282e-01
5.1690495913e-01
5.1953189543e-01
5.2215883174e-01
5.2478576804e-01
5.2776640523e-01
5.3074704243e-01
5.3372767962e-01
5.3670831682e-01
5.3930610737e-01
5.4190389792e-01
5.4450168848e-01
5.4709947903e-01
5.4944218397e-01
5.5178488890e-01
5.5412759384e-01
5.5647029877e-01
5.5873470185e-01
5.6099910492e-01
5.6326350800e-01
5.6552791108e-01
5.6807552028e-01
5.7062312947e-01
5.7317073867e-01
5.7571834787e-01
5.7799851782e-01
5.8027868777e-01
5.8255885772e-01
5.8483902767e-01
5.8757132480e-01
5.9030362193e-01
5.9303591907e-01
5.9576821620e-01
5.9860919196e-01
6.0145016773e-01
6.0429114349e-01
6.0713211925e-01
6.1027484956e-01
6.1341757986e-01
6.1656031016e-01
6.1970304047e-01
6.2279602684e-01
6.2588901322e-01
6.2898199959e-01
6.3207498597e-01
6.3551511071e-01
6.3895523545e-01
6.4239536019e-01
6.4583548493e-01
6.4992873084e-01
6.5402197674e-01
6.5811522265e-01
6.6220846856e-01
6.6730297477e-01
6.7239748098e-01
6.7749198720e-01
6.8258649341e-01
6.8910983743e-01
6.9563318146e-01
7.0215652548e-01
7.0867986950e-01
7.1365668802e-01
7.1863350653e-01
7.2361032504e-01
7.2858714356e-01
7.3271008531e-01
7.3683302706e-01
7.4095596882e-01
7.4507891057e-01
7.4856055817e-01
7.5204220577e-01
7.5552385338e-01
7.5900550098e-01
7.6213039776e-01
7.6525529455e-01
7.6838019133e-01
7.7150508811e-01
7.7447645721e-01
7.7744782630e-01
7.8041919540e-01
7.8339056449e-01
7.8667671322e-01
7.8996286194e-01
7.9324901067e-01
7.9653515940e-01
7.9915018778e-01
8.0176521616e-01
8.0438024454e-01
8.0699527293e-01
8.0938496721e-01
8.1177466148e-01
8.1416435576e-01
8.1655405004e-01
8.1876699959e-01
8.2097994913e-01
8.2319289867e-01
8.2540584822e-01
8.2818486095e-01
8.3096387369e-01
8.3374288642e-01
8.3652189916e-01
8.3868252235e-01
8.4084314553e-01
8.4300376872e-01
8.4516439191e-01
8.4752716843e-01
8.4988994496e-01
8.5225272148e-01
8.5461549801e-01
8.5719716937e-01
8.5977884073e-01
8.6236051209e-01
8.6494218346e-01
8.6753479501e-01
8.7012740657e-01
8.7272001812e-01
8.7531262967e-01
8.7794815643e-01
8.8058368319e-01
8.8321920995e-01
8.8585473672e-01
8.8895781770e-01
8.9206089868e-01
8.9516397967e-01
8.9826706065e-01
9.0224800948e-01
9.0622895831e-01
9.1020990715e-01
9.1419085598e-01
9.1899906462e-01
9.2380727326e-01
9.2861548191e-01
9.3342369055e-01
9.3844103333e-01
9.4345837611e-01
9.4847571889e-01
9.5349306167e-01
9.5930638252e-01
9.6511970337e-01
9.7093302423e-01
9.7674634508e-01
9.8255975881e-01
9.8837317254e-01
9.9418658627e-01
1.0000000000e+00
