0.0000000000e+00
8.8935482362e-03
1.7787096472e-02
2.6680644709e-02
3.5574192945e-02
4.2270583248e-02
4.8966973551e-02
5.5663363854e-02
6.2359754157e-02
6.7717058356e-02
7.3074362554e-02
7.8431666753e-02
8.3788970952e-02
8.8293833997e-02
9.2798697041e-02
9.7303560086e-02
1.0180842313e-01
1.0586195259e-01
1.0991548204e-01
1.1396901150e-01
1.1802254095e-01
1.2197555303e-01
1.2592856511e-01
1.2988157718e-01
1.3383458926e-01
1.3710289781e-01
1.4037120636e-01
1.4363951490e-01
1.4690782345e-01
1.4933576742e-01
1.5176371138e-01
1.5419165534e-01
1.5661959930e-01
1.5880145912e-01
1.6098331893e-01
1.6316517875e-01
1.6534703856e-01
1.6870437250e-01
1.7206170644e-01
1.7541904038e-01
1.7877637432e-01
1.8074150746e-01
1.8270664060e-01
1.8467177374e-01
1.8663690688e-01
1.8850629655e-01
1.9037568623e-01
1.9224507591e-01
1.9411446559e-01
1.9608429415e-01
1.9805412272e-01
2.0002395129e-01
2.0199377985e-01
2.0390968688e-01
2.0582559390e-01
2.0774150092e-01
2.0965740794e-01
2.1165141340e-01
2.1364541886e-01
2.1563942432e-01
2.1763342978e-01
2.2015721043e-01
2.2268099107e-01
2.2520477172e-01
2.2772855237e-01
2.3100280166e-01
2.3427705095e-01
2.3755130024e-01
2.4082554954e-01
2.4345695531e-01
2.4608836107e-01
2.4871976684e-01
2.5135117261e-01
2.5432141421e-01
2.5729165581e-01
2.6026189741e-01
2.6323213901e-01
2.6695983353e-01
2.7068752805e-01
2.7441522258e-01
2.7814291710e-01
2.8294398062e-01
2.8774504415e-01
2.9254610767e-01
2.9734717119e-01
3.0281742087e-01
3.0828767054e-01
3.1375792022e-01
3.1922816989e-01
3.2478080085e-01
3.3033343180e-01
3.3588606276e-01
3.4143869371e-01
3.4625130797e-01
3.5106392224e-01
3.5587653650e-01
3.6068915076e-01
3.6441183177e-01
3.6813451278e-01
3.7185719379e-01
3.7557987480e-01
3.7866542765e-01
3.8175098051e-01
3.8483653336e-01
3.8792208622e-01
3.9073322762e-01
3.9354436902e-01
3.9635551043e-01
3.9916665183e-01
4.0193761462e-01
4.0470857742e-01
4.0747954021e-01
4.1025050301e-01
4.1296062625e-01
4.1567074949e-01
4.1838087274e-01
4.2109099598e-01
4.2337562202e-01
4.2566024805e-01
4.2794487409e-01
4.3022950013e-01
4.3232916588e-01
4.3442883162e-01
4.3652849737e-01
4.3862816311e-01
4.4072309153e-01
4.4281801996e-01
4.4491294838e-01
4.4700787680e-01
4.4911744986e-01
4.5122702291e-01
4.5333659596e-01
4.5544616902e-01
4.5749692269e-01
4.5954767636e-01
4.6159843002e-01
4.6364918369e-01
4.6596765461e-01
4.6828612554e-01
4.7060459646e-01
4.7292306738e-01
4.7545783176e-01
4.7799259614e-01
4.8052736052e-01
4.8306212490e-01
4.8540676083e-01
4.8775139676e-01
4.9009603268e-01
4.9244066861e-01
4.9492615478e-01
4.9741164095e-01
4.9989712712e-01
5.0238261328e-01
5.0470358863e-01
5.0702456397e-01
5.0934553931e-01
5.1166651465e-01
5.1405414881e-01
5.1644178297e-01
5.1882941712e-01
5.2121705128e-01
5.2342501451e-01
5.2563297774e-01
5.2784094097e-01
5.3004890420e-01
5.3213577339e-01
5.3422264258e-01
5.3630951177e-01
5.3839638096e-01
5.4047596160e-01
5.4255554223e-01
5.4463512287e-01
5.4671470350e-01
5.4886393636e-01
5.5101316921e-01
5.5316240206e-01
5.5531163491e-01
5.5745106340e-01
5.5959049190e-01
5.6172992039e-01
5.6386934888e-01
5.6635562741e-01
5.6884190595e-01
5.7132818449e-01
5.7381446302e-01
5.7664294824e-01
5.7947143345e-01
5.8229991867e-01
5.8512840389e-01
5.8786907858e-01
5.9060975327e-01
5.9335042796e-01
5.9609110265e-01
5.9908893274e-01
6.0208676283e-01
6.0508459291e-01
6.0808242300e-01
6.1160695112e-01
6.1513147923e-01
6.1865600735e-01
6.2218053547e-01
6.2677796224e-01
6.3137538902e-01
6.3597281579e-01
6.4057024256e-01
6.4625738550e-01
6.5194452843e-01
6.5763167137e-01
6.6331881430e-01
6.6836364099e-01
6.7340846767e-01
6.7845329435e-01
6.8349812103e-01
6.8835608322e-01
6.9321404540e-01
6.9807200759e-01
7.0292996977e-01
7.0682371900e-01
7.1071746823e-01
7.1461121746e-01
7.1850496669e-01
7.2164350108e-01
7.2478203546e-01
7.2792056985e-01
7.3105910424e-01
7.3381984334e-01
7.3658058243e-01
7.3934132153e-01
7.4210206063e-01
7.4465972095e-01
7.4721738127e-01
7.4977504159e-01
7.5233270191e-01
7.5492692679e-01
7.5752115167e-01
7.6011537654e-01
7.6270960142e-01
7.6501384718e-01
7.6731809294e-01
7.6962233870e-01
7.7192658446e-01
7.7412294084e-01
7.7631929722e-01
7.7851565360e-01
7.8071200998e-01
7.8263734298e-01
7.8456267598e-01
7.8648800899e-01
7.8841334199e-01
7.9067530778e-01
7.9293727357e-01
7.9519923935e-01
7.9746120514e-01
7.9931540233e-01
8.0116959952e-01
8.0302379671e-01
8.0487799390e-01
8.0690617934e-01
8.0893436478e-01
8.1096255022e-01
8.1299073566e-01
8.1521681149e-01
8.1744288731e-01
8.1966896313e-01
8.2189503896e-01
8.2408275299e-01
8.2627046702e-01
8.2845818105e-01
8.3064589508e-01
8.3299513978e-01
8.3534438448e-01
8.3769362918e-01
8.4004287388e-01
8.4311941567e-01
8.4619595745e-01
8.4927249924e-01
8.5234904103e-01
8.5666608739e-01
8.6098313376e-01
8.6530018012e-01
8.6961722649e-01
8.7376378888e-01
8.7791035127e-01
8.8205691367e-01
8.8620347606e-01
8.9106432824e-01
8.9592518042e-01
9.0078603260e-01
9.0564688478e-01
9.1191117848e-01
9.1817547219e-01
9.2443976589e-01
9.3070405960e-01
9.3936605215e-01
9.4802804470e-01
9.5669003725e-01
9.6535202980e-01
9.7401402235e-01
9.8267601490e-01
9.9133800745e-01
1.0000000000e+00
