3.9838362212e-02
4.0172752349e-02
4.1180640523e-02
4.2876141035e-02
4.5282687060e-02
4.7812117244e-02
5.0865029673e-02
5.4467898762e-02
5.8650912255e-02
6.2903478975e-02
6.7671412591e-02
7.2982441338e-02
7.8865638044e-02
8.5260526962e-02
9.2270972811e-02
9.9926081182e-02
1.0825416024e-01
1.1766157519e-01
1.2785395709e-01
1.3885491072e-01
1.5068303716e-01
1.6160985257e-01
1.7317080047e-01
1.8536483284e-01
1.9818572527e-01
2.1070601261e-01
2.2374783577e-01
2.3729237770e-01
2.5131621738e-01
2.6672270431e-01
2.8260044373e-01
2.9890533267e-01
3.1558872162e-01
3.3279050413e-01
3.5026800480e-01
3.6796144414e-01
3.8580971005e-01
4.0295627519e-01
4.2013475992e-01
4.3729308299e-01
4.5438092127e-01
4.7609591479e-01
4.9752220806e-01
5.1857410877e-01
5.3917522904e-01
5.5891056594e-01
5.7809254611e-01
5.9667618164e-01
6.1462505831e-01
6.3345123625e-01
6.5146155054e-01
6.6863871472e-01
6.8497380720e-01
7.0017363243e-01
7.1456636292e-01
7.2816098769e-01
7.4097042816e-01
7.5423244635e-01
7.6658040990e-01
7.7804197224e-01
7.8864648318e-01
7.9985703101e-01
8.1001376290e-01
8.1916277372e-01
8.2734856301e-01
8.3596226058e-01
8.4331579115e-01
8.4946914475e-01
8.5447429291e-01
8.5920390219e-01
8.6225194665e-01
8.6366062526e-01
8.6344816652e-01
8.6215847948e-01
8.5987121356e-01
8.5656455697e-01
8.5220800232e-01
8.4759991596e-01
8.4215953454e-01
8.3585306385e-01
8.2864273599e-01
8.2157304063e-01
8.1375264341e-01
8.0515043636e-01
7.9573415859e-01
7.8651060695e-01
7.7657285382e-01
7.6589682452e-01
7.5445919532e-01
7.4258907979e-01
7.2995970276e-01
7.1655477621e-01
7.0236097010e-01
6.8627119138e-01
6.6925906957e-01
6.5132573872e-01
6.3248084623e-01
6.1646241929e-01
5.9986727732e-01
5.8271687356e-01
5.6503852725e-01
5.4825940348e-01
5.3108936824e-01
5.1356479276e-01
4.9572697944e-01
4.7870017613e-01
4.6147922982e-01
4.4410983446e-01
4.2664078034e-01
4.0332253439e-01
3.8004630747e-01
3.5694296075e-01
3.3414417421e-01
3.1802744838e-01
3.0218096264e-01
2.8664861207e-01
2.7147145322e-01
2.5508304826e-01
2.3922485887e-01
2.2393643228e-01
2.0925051039e-01
1.9452909882e-01
1.8051942793e-01
1.6723461493e-01
1.5468000871e-01
1.4226131234e-01
1.3063839194e-01
1.1979466852e-01
1.0970784477e-01
1.0058544303e-01
9.2127241533e-02
8.4302717112e-02
7.7079738263e-02
6.9569287892e-02
6.2742151127e-02
5.6549926120e-02
5.0945289920e-02
4.4353783835e-02
3.8611487603e-02
3.3625799364e-02
2.9312149507e-02
2.4722934807e-02
2.0943823742e-02
1.7860892276e-02
1.5378534299e-02
1.3478624317e-02
1.2007728588e-02
1.0921067967e-02
1.0185248260e-02
9.7806324003e-03
9.6838310719e-03
9.8918940263e-03
1.0411149345e-02
1.1344216444e-02
1.2694690956e-02
1.4509980354e-02
1.6853059375e-02
1.9055191789e-02
2.1657120920e-02
2.4709036762e-02
2.8268455028e-02
3.1525647842e-02
3.5186494524e-02
3.9291464333e-02
4.3884359453e-02
4.8292380668e-02
5.3134031276e-02
5.8443310569e-02
6.4255558441e-02
7.0308070923e-02
7.6884605409e-02
8.4017577549e-02
9.1739089889e-02
1.0160376851e-01
1.1237173700e-01
1.2408634844e-01
1.3678457942e-01
1.4746528584e-01
1.5878008604e-01
1.7073390375e-01
1.8332654081e-01
1.9563658811e-01
2.0848741550e-01
2.2186477351e-01
2.3574951250e-01
2.5033902743e-01
2.6539630885e-01
2.8088620233e-01
2.9676905229e-01
3.1435422983e-01
3.3228860258e-01
3.5050857842e-01
3.6894797628e-01
3.8594462871e-01
4.0301612089e-01
4.2011096317e-01
4.3717880146e-01
4.5693913510e-01
4.7652435422e-01
4.9586672893e-01
5.1490415123e-01
5.3451254724e-01
5.5366529711e-01
5.7231285251e-01
5.9041336013e-01
6.1111686394e-01
6.3095894782e-01
6.4990773023e-01
6.6794275184e-01
6.8392630040e-01
6.9910486797e-01
7.1348246045e-01
7.2706780266e-01
7.4087262129e-01
7.5378712941e-01
7.6583451586e-01
7.7704032383e-01
7.8884090465e-01
7.9962148328e-01
8.0942412311e-01
8.1829037440e-01
8.2777079838e-01
8.3602119922e-01
8.4310271369e-01
8.4907042724e-01
8.5504977487e-01
8.5943447214e-01
8.6228462418e-01
8.6364088573e-01
8.6363091415e-01
8.6254121092e-01
8.6036245354e-01
8.5707464937e-01
8.5328016020e-01
8.4859321678e-01
8.4298147386e-01
8.3640710860e-01
8.3004684944e-01
8.2293486663e-01
8.1504017352e-01
8.0632997843e-01
7.9780447240e-01
7.8857147823e-01
7.7860553827e-01
7.6788139372e-01
7.5698679249e-01
7.4536795869e-01
7.3300645126e-01
7.1988591465e-01
7.0202600945e-01
6.8288887550e-01
6.6246632858e-01
6.4076487570e-01
6.2494780659e-01
6.0853859973e-01
5.9155659407e-01
5.7402699816e-01
5.5711418319e-01
5.3977851791e-01
5.2205666961e-01
5.0399072641e-01
4.8676044676e-01
4.6931229643e-01
4.5169367566e-01
4.3395552141e-01
4.1285464600e-01
3.9175655283e-01
3.7075913578e-01
3.4996186620e-01
3.3368513681e-01
3.1764486012e-01
3.0188763871e-01
2.8645774831e-01
2.6915831839e-01
2.5240449282e-01
2.3624660133e-01
2.2072740080e-01
2.0593362550e-01
1.9183485329e-01
1.7844953717e-01
1.6578856547e-01
1.5292040383e-01
1.4089936496e-01
1.2971415850e-01
1.1934700034e-01
1.1018783214e-01
1.0173013917e-01
9.3947806432e-02
8.6813029079e-02
7.9610691101e-02
7.3132262696e-02
6.7338505580e-02
6.2191482590e-02
5.6684415766e-02
5.2043088394e-02
4.8212252494e-02
4.5144234807e-02
4.2799475583e-02
4.1146954003e-02
4.0164389259e-02
3.9838362651e-02
