0.0000000000e+00
8.4230313013e-03
1.6846062603e-02
2.5269093904e-02
3.3692125205e-02
4.0580659034e-02
4.7469192862e-02
5.4357726690e-02
6.1246260519e-02
6.7051833443e-02
7.2857406366e-02
7.8662979290e-02
8.4468552214e-02
8.9488520072e-02
9.4508487931e-02
9.9528455789e-02
1.0454842365e-01
1.0898878945e-01
1.1342915526e-01
1.1786952106e-01
1.2230988687e-01
1.2632934279e-01
1.3034879871e-01
1.3436825464e-01
1.3838771056e-01
1.4214043425e-01
1.4589315794e-01
1.4964588162e-01
1.5339860531e-01
1.5723665941e-01
1.6107471351e-01
1.6491276761e-01
1.6875082170e-01
1.7212197907e-01
1.7549313643e-01
1.7886429380e-01
1.8223545116e-01
1.8519889018e-01
1.8816232920e-01
1.9112576821e-01
1.9408920723e-01
1.9656617769e-01
1.9904314815e-01
2.0152011862e-01
2.0399708908e-01
2.0618896734e-01
2.0838084560e-01
2.1057272386e-01
2.1276460212e-01
2.1480350932e-01
2.1684241652e-01
2.1888132371e-01
2.2092023091e-01
2.2292347759e-01
2.2492672427e-01
2.2692997095e-01
2.2893321763e-01
2.3152531375e-01
2.3411740987e-01
2.3670950599e-01
2.3930160211e-01
2.4124701723e-01
2.4319243234e-01
2.4513784746e-01
2.4708326258e-01
2.4890591931e-01
2.5072857603e-01
2.5255123276e-01
2.5437388948e-01
2.5608976552e-01
2.5780564155e-01
2.5952151758e-01
2.6123739361e-01
2.6293599000e-01
2.6463458639e-01
2.6633318278e-01
2.6803177917e-01
2.6998570406e-01
2.7193962896e-01
2.7389355385e-01
2.7584747874e-01
2.7764887278e-01
2.7945026681e-01
2.8125166084e-01
2.8305305487e-01
2.8477589923e-01
2.8649874359e-01
2.8822158796e-01
2.8994443232e-01
2.9176555211e-01
2.9358667189e-01
2.9540779167e-01
2.9722891145e-01
2.9932416148e-01
3.0141941150e-01
3.0351466152e-01
3.0560991155e-01
3.0774778369e-01
3.0988565582e-01
3.1202352796e-01
3.1416140010e-01
3.1700640126e-01
3.1985140241e-01
3.2269640357e-01
3.2554140472e-01
3.2786600924e-01
3.3019061375e-01
3.3251521827e-01
3.3483982278e-01
3.3720517128e-01
3.3957051978e-01
3.4193586828e-01
3.4430121677e-01
3.4686085175e-01
3.4942048672e-01
3.5198012170e-01
3.5453975667e-01
3.5725951868e-01
3.5997928069e-01
3.6269904270e-01
3.6541880471e-01
3.6849294898e-01
3.7156709324e-01
3.7464123751e-01
3.7771538178e-01
3.8150708345e-01
3.8529878513e-01
3.8909048681e-01
3.9288218849e-01
3.9703281768e-01
4.0118344687e-01
4.0533407606e-01
4.0948470525e-01
4.1490332326e-01
4.2032194127e-01
4.2574055928e-01
4.3115917729e-01
4.3574720727e-01
4.4033523725e-01
4.4492326724e-01
4.4951129722e-01
4.5419087100e-01
4.5887044478e-01
4.6355001856e-01
4.6822959234e-01
4.7319971396e-01
4.7816983559e-01
4.8313995722e-01
4.8811007885e-01
4.9320742466e-01
4.9830477048e-01
5.0340211629e-01
5.0849946211e-01
5.1322360525e-01
5.1794774839e-01
5.2267189152e-01
5.2739603466e-01
5.3198755354e-01
5.3657907242e-01
5.4117059130e-01
5.4576211017e-01
5.5052672930e-01
5.5529134843e-01
5.6005596756e-01
5.6482058668e-01
5.6926073889e-01
5.7370089109e-01
5.7814104329e-01
5.8258119550e-01
5.8658222290e-01
5.9058325031e-01
5.9458427771e-01
5.9858530512e-01
6.0211091973e-01
6.0563653435e-01
6.0916214897e-01
6.1268776358e-01
6.1567109289e-01
6.1865442220e-01
6.2163775150e-01
6.2462108081e-01
6.2731958573e-01
6.3001809065e-01
6.3271659556e-01
6.3541510048e-01
6.3795909374e-01
6.4050308699e-01
6.4304708024e-01
6.4559107350e-01
6.4796236939e-01
6.5033366528e-01
6.5270496116e-01
6.5507625705e-01
6.5740767855e-01
6.5973910004e-01
6.6207052154e-01
6.6440194303e-01
6.6697384129e-01
6.6954573955e-01
6.7211763780e-01
6.7468953606e-01
6.7689034895e-01
6.7909116184e-01
6.8129197473e-01
6.8349278762e-01
6.8553046263e-01
6.8756813764e-01
6.8960581265e-01
6.9164348766e-01
6.9359545525e-01
6.9554742283e-01
6.9749939041e-01
6.9945135800e-01
7.0120310070e-01
7.0295484341e-01
7.0470658611e-01
7.0645832881e-01
7.0821146449e-01
7.0996460017e-01
7.1171773585e-01
7.1347087153e-01
7.1550670148e-01
7.1754253143e-01
7.1957836138e-01
7.2161419133e-01
7.2338819904e-01
7.2516220675e-01
7.2693621446e-01
7.2871022217e-01
7.3040622843e-01
7.3210223470e-01
7.3379824096e-01
7.3549424722e-01
7.3736420612e-01
7.3923416503e-01
7.4110412393e-01
7.4297408283e-01
7.4489199513e-01
7.4680990742e-01
7.4872781971e-01
7.5064573201e-01
7.5283389028e-01
7.5502204856e-01
7.5721020684e-01
7.5939836511e-01
7.6143853180e-01
7.6347869848e-01
7.6551886516e-01
7.6755903184e-01
7.6956677240e-01
7.7157451297e-01
7.7358225353e-01
7.7558999410e-01
7.7771875404e-01
7.7984751397e-01
7.8197627391e-01
7.8410503385e-01
7.8651340495e-01
7.8892177604e-01
7.9133014714e-01
7.9373851824e-01
7.9672584596e-01
7.9971317368e-01
8.0270050140e-01
8.0568782911e-01
8.0914551560e-01
8.1260320209e-01
8.1606088858e-01
8.1951857506e-01
8.2327900021e-01
8.2703942535e-01
8.3079985050e-01
8.3456027564e-01
8.3836176169e-01
8.4216324773e-01
8.4596473378e-01
8.4976621982e-01
8.5390529590e-01
8.5804437198e-01
8.6218344806e-01
8.6632252414e-01
8.7100025296e-01
8.7567798179e-01
8.8035571061e-01
8.8503343943e-01
8.9050208203e-01
8.9597072463e-01
9.0143936722e-01
9.0690800982e-01
9.1355190909e-01
9.2019580836e-01
9.2683970764e-01
9.3348360691e-01
9.4179815605e-01
9.5011270518e-01
9.5842725432e-01
9.6674180345e-01
9.7505635259e-01
9.8337090173e-01
9.9168545086e-01
1.0000000000e+00
