2.7880490330e-01
2.7882760358e-01
2.7889570813e-01
2.7900922802e-01
2.7916818176e-01
2.7930760326e-01
2.7946964223e-01
2.7965431180e-01
2.7986162692e-01
2.8003233643e-01
2.8021585209e-01
2.8041218230e-01
2.8062133603e-01
2.8079847719e-01
2.8098388942e-01
2.8117757818e-01
2.8137954914e-01
2.8155699725e-01
2.8174038818e-01
2.8192972574e-01
2.8212501382e-01
2.8231271874e-01
2.8250561743e-01
2.8270371315e-01
2.8290700909e-01
2.8308935525e-01
2.8327569547e-01
2.8346603139e-01
2.8366036427e-01
2.8381895757e-01
2.8398011736e-01
2.8414384319e-01
2.8431013397e-01
2.8444801607e-01
2.8458761042e-01
2.8472891487e-01
2.8487192653e-01
2.8500713510e-01
2.8514382779e-01
2.8528199955e-01
2.8542164409e-01
2.8557480175e-01
2.8572967141e-01
2.8588623776e-01
2.8604448203e-01
2.8617909713e-01
2.8631487101e-01
2.8645178471e-01
2.8658981629e-01
2.8671840265e-01
2.8684790036e-01
2.8697828394e-01
2.8710952494e-01
2.8729295019e-01
2.8747786940e-01
2.8766417525e-01
2.8785174781e-01
2.8799187624e-01
2.8813257266e-01
2.8827377498e-01
2.8841541789e-01
2.8858688019e-01
2.8875875950e-01
2.8893092585e-01
2.8910324545e-01
2.8928660804e-01
2.8946982225e-01
2.8965271999e-01
2.8983513327e-01
2.9002569855e-01
2.9021535824e-01
2.9040392683e-01
2.9059122374e-01
2.9078474035e-01
2.9097649828e-01
2.9116631596e-01
2.9135402059e-01
2.9156780207e-01
2.9177831533e-01
2.9198534062e-01
2.9218867454e-01
2.9245336835e-01
2.9271078731e-01
2.9296057759e-01
2.9320242858e-01
2.9348620700e-01
2.9375736394e-01
2.9401555514e-01
2.9426050141e-01
2.9449271870e-01
2.9471121030e-01
2.9491585065e-01
2.9510655571e-01
2.9531008697e-01
2.9549482379e-01
2.9566080869e-01
2.9580813950e-01
2.9593855007e-01
2.9605018233e-01
2.9614331479e-01
2.9621829323e-01
2.9626241026e-01
2.9629697574e-01
2.9632221715e-01
2.9633839191e-01
2.9634499535e-01
2.9634615151e-01
2.9634204057e-01
2.9633285922e-01
2.9632082675e-01
2.9630522721e-01
2.9628622709e-01
2.9626400441e-01
2.9624042657e-01
2.9621435178e-01
2.9618595491e-01
2.9615541986e-01
2.9611980532e-01
2.9608212788e-01
2.9604266237e-01
2.9600169352e-01
2.9596782002e-01
2.9593331832e-01
2.9589834641e-01
2.9586306345e-01
2.9583184460e-01
2.9580061656e-01
2.9576948681e-01
2.9573856120e-01
2.9570822559e-01
2.9567829038e-01
2.9564885058e-01
2.9561999755e-01
2.9559179463e-01
2.9556435000e-01
2.9553774185e-01
2.9551204336e-01
2.9548778508e-01
2.9546452662e-01
2.9544232225e-01
2.9542122140e-01
2.9539943996e-01
2.9537908676e-01
2.9536020801e-01
2.9534284406e-01
2.9532646952e-01
2.9531179611e-01
2.9529885210e-01
2.9528766106e-01
2.9527848902e-01
2.9527100278e-01
2.9526521357e-01
2.9526112976e-01
2.9525878273e-01
2.9525809322e-01
2.9525906215e-01
2.9526168822e-01
2.9526718508e-01
2.9527517177e-01
2.9528563107e-01
2.9529853943e-01
2.9531064255e-01
2.9532428222e-01
2.9533943530e-01
2.9535607458e-01
2.9537250306e-01
2.9539011188e-01
2.9540887010e-01
2.9542874302e-01
2.9545297409e-01
2.9547856755e-01
2.9550544963e-01
2.9553353878e-01
2.9555957477e-01
2.9558643361e-01
2.9561404165e-01
2.9564232070e-01
2.9567521487e-01
2.9570874337e-01
2.9574277266e-01
2.9577716422e-01
2.9581397563e-01
2.9585086006e-01
2.9588763959e-01
2.9592413496e-01
2.9596318618e-01
2.9600146451e-01
2.9603874553e-01
2.9607480920e-01
2.9611031203e-01
2.9614408402e-01
2.9617590914e-01
2.9620558026e-01
2.9623604031e-01
2.9626328043e-01
2.9628705216e-01
2.9630712270e-01
2.9632721254e-01
2.9634033992e-01
2.9634611425e-01
2.9634418292e-01
2.9632323722e-01
2.9627910921e-01
2.9621077202e-01
2.9611738674e-01
2.9602352408e-01
2.9591269643e-01
2.9578467359e-01
2.9563927637e-01
2.9549629828e-01
2.9533960430e-01
2.9516916482e-01
2.9498498087e-01
2.9478732707e-01
2.9457606215e-01
2.9435129253e-01
2.9411316727e-01
2.9390530570e-01
2.9368849994e-01
2.9346291885e-01
2.9322876238e-01
2.9304068693e-01
2.9284768134e-01
2.9264988628e-01
2.9244745803e-01
2.9226745966e-01
2.9208420060e-01
2.9189781634e-01
2.9170845311e-01
2.9153232221e-01
2.9135394799e-01
2.9117346799e-01
2.9099102766e-01
2.9079371795e-01
2.9059453495e-01
2.9039368558e-01
2.9019138538e-01
2.9002305672e-01
2.8985401730e-01
2.8968439939e-01
2.8951433700e-01
2.8935618471e-01
2.8919787427e-01
2.8903951367e-01
2.8888120991e-01
2.8873831091e-01
2.8859562066e-01
2.8845321345e-01
2.8831116137e-01
2.8814292098e-01
2.8797539121e-01
2.8780867675e-01
2.8764287528e-01
2.8750809855e-01
2.8737403773e-01
2.8724073485e-01
2.8710822851e-01
2.8696191563e-01
2.8681667389e-01
2.8667254201e-01
2.8652955416e-01
2.8634538396e-01
2.8616325420e-01
2.8598321103e-01
2.8580529201e-01
2.8566009397e-01
2.8551637680e-01
2.8537415185e-01
2.8523342837e-01
2.8507279950e-01
2.8491419195e-01
2.8475761276e-01
2.8460306722e-01
2.8440316005e-01
2.8420677461e-01
2.8401391475e-01
2.8382458257e-01
2.8359662160e-01
2.8337399502e-01
2.8315670138e-01
2.8294473839e-01
2.8272360464e-01
2.8250857994e-01
2.8229966024e-01
2.8209684139e-01
2.8185392047e-01
2.8162035757e-01
2.8139614509e-01
2.8118127567e-01
2.8089839774e-01
2.8063350244e-01
2.8038657283e-01
2.8015759312e-01
2.7984036097e-01
2.7956552345e-01
2.7933303895e-01
2.7914287223e-01
2.7899499396e-01
2.7888938263e-01
2.7882602222e-01
2.7880490316e-01
