4.3651089840e-03
4.4486828920e-03
4.7025300684e-03
5.1362047149e-03
5.7660133237e-03
6.5643221727e-03
7.5860728003e-03
8.8651227336e-03
1.0443509753e-02
1.2233929646e-02
1.4380374371e-02
1.6942057961e-02
1.9988364471e-02
2.2924841682e-02
2.6297888797e-02
3.0165362508e-02
3.4591580329e-02
3.8545205618e-02
4.2933038546e-02
4.7796068277e-02
5.3177731110e-02
5.8503216627e-02
6.4320547886e-02
7.0665283691e-02
7.7573544795e-02
8.5326428256e-02
9.3756458744e-02
1.0290152156e-01
1.1279724782e-01
1.2287036765e-01
1.3366693925e-01
1.4520618482e-01
1.5750189258e-01
1.6979645908e-01
1.8277073072e-01
1.9641863195e-01
2.1072724425e-01
2.2431711348e-01
2.3841790546e-01
2.5300400586e-01
2.6804486707e-01
2.8847312918e-01
3.0953591329e-01
3.3113085929e-01
3.5314722547e-01
3.7045756751e-01
3.8789592337e-01
4.0540639561e-01
4.2293371810e-01
4.4175035983e-01
4.6045952303e-01
4.7900020587e-01
4.9731553471e-01
5.1755842858e-01
5.3738444953e-01
5.5673521598e-01
5.7556059773e-01
5.9887022340e-01
6.2117734992e-01
6.4243148191e-01
6.6259964691e-01
6.7944357430e-01
6.9542863933e-01
7.1055821655e-01
7.2484140168e-01
7.3917672958e-01
7.5258413978e-01
7.6508892277e-01
7.7671912689e-01
7.8896406191e-01
8.0015474661e-01
8.1033790063e-01
8.1955983414e-01
8.2953943686e-01
8.3824245481e-01
8.4574015659e-01
8.5209721057e-01
8.5874668892e-01
8.6367203440e-01
8.6695514775e-01
8.6865351984e-01
8.6887059820e-01
8.6793559577e-01
8.6584070340e-01
8.6256431794e-01
8.5859556475e-01
8.5361522572e-01
8.4758038596e-01
8.4044008226e-01
8.3392696318e-01
8.2664358892e-01
8.1855475260e-01
8.0962312170e-01
8.0088352464e-01
7.9140891832e-01
7.8117023510e-01
7.7013856709e-01
7.5900533483e-01
7.4712206592e-01
7.3446796057e-01
7.2102449659e-01
7.0267635356e-01
6.8299138286e-01
6.6195972932e-01
6.3958812051e-01
6.2339199410e-01
6.0658593886e-01
5.8919115078e-01
5.7123530386e-01
5.5402817152e-01
5.3639753025e-01
5.1838282716e-01
5.0002927906e-01
4.8277060560e-01
4.6530962604e-01
4.4769490942e-01
4.2997848519e-01
4.0913638939e-01
3.8832330182e-01
3.6763519646e-01
3.4716921044e-01
3.3037195550e-01
3.1384977192e-01
2.9765467481e-01
2.8183574614e-01
2.6499172033e-01
2.4870753967e-01
2.3303017913e-01
2.1799923760e-01
2.0312549061e-01
1.8900830506e-01
1.7566578435e-01
1.6310780060e-01
1.5050384818e-01
1.3880035362e-01
1.2798384923e-01
1.1803457178e-01
1.0919952976e-01
1.0112943376e-01
9.3796505728e-02
8.7171813765e-02
8.0562176752e-02
7.4762501284e-02
6.9734398164e-02
6.5442177516e-02
6.1313314376e-02
5.8102174617e-02
5.5772686366e-02
5.4297860544e-02
5.3667545146e-02
5.3816064743e-02
5.4745095193e-02
5.6465024591e-02
5.8582446160e-02
6.1311354183e-02
6.4672851526e-02
6.8692050710e-02
7.2979637413e-02
7.7868879706e-02
8.3386210169e-02
8.9559463521e-02
9.6497526012e-02
1.0416545055e-01
1.1259246586e-01
1.2180624200e-01
1.3144329365e-01
1.4185209906e-01
1.5304762913e-01
1.6503966166e-01
1.7667752389e-01
1.8897898527e-01
2.0193613974e-01
2.1553518079e-01
2.2906389987e-01
2.4313391143e-01
2.5771724816e-01
2.7278081839e-01
2.9019373342e-01
3.0810224916e-01
3.2644013114e-01
3.4513620582e-01
3.6239009082e-01
3.7982031118e-01
3.9736821319e-01
4.1497534023e-01
4.3332133626e-01
4.5160626406e-01
4.6977009426e-01
4.8775632680e-01
5.0810994364e-01
5.2808876876e-01
5.4762902921e-01
5.6667531810e-01
5.8898360058e-01
6.1043363180e-01
6.3097424413e-01
6.5056917798e-01
6.6773045814e-01
6.8406406249e-01
6.9956824834e-01
7.1424748016e-01
7.2888078801e-01
7.4261953004e-01
7.5548444991e-01
7.6749948771e-01
7.8016236748e-01
7.9180138354e-01
8.0245867624e-01
8.1217662822e-01
8.2283050762e-01
8.3221905658e-01
8.4041083316e-01
8.4746873797e-01
8.5458172170e-01
8.6019843797e-01
8.6438827621e-01
8.6720329645e-01
8.6866104253e-01
8.6884738155e-01
8.6776078470e-01
8.6538284074e-01
8.6241741546e-01
8.5851710231e-01
8.5364566186e-01
8.4775936321e-01
8.4198442574e-01
8.3542122624e-01
8.2803250042e-01
8.1977813427e-01
8.1164368151e-01
8.0275386336e-01
7.9307621340e-01
7.8257786174e-01
7.7218016833e-01
7.6103703815e-01
7.4912466209e-01
7.3642085428e-01
7.2263846900e-01
7.0799535627e-01
6.9247782373e-01
6.7607736686e-01
6.6032393815e-01
6.4383555849e-01
6.2662191172e-01
6.0869945866e-01
5.9057710821e-01
5.7183429021e-01
5.5250888445e-01
5.3264729803e-01
5.1591415857e-01
4.9888972668e-01
4.8161362934e-01
4.6412945299e-01
4.4628977308e-01
4.2833826810e-01
4.1033041780e-01
3.9232414439e-01
3.7371845214e-01
3.5524629680e-01
3.3697522184e-01
3.1897163839e-01
3.0272840006e-01
2.8681220788e-01
2.7126716309e-01
2.5613367499e-01
2.4019029398e-01
2.2481638024e-01
2.1004534796e-01
1.9590354677e-01
1.7989292114e-01
1.6482332860e-01
1.5070148349e-01
1.3752222101e-01
1.2630818950e-01
1.1584720795e-01
1.0611584703e-01
9.7086599334e-02
8.8324102829e-02
8.0264343455e-02
7.2867524086e-02
6.6093012052e-02
5.8689997871e-02
5.2063066710e-02
4.6144129919e-02
4.0868230262e-02
3.4950366689e-02
2.9869263882e-02
2.5517668617e-02
2.1799821020e-02
1.8243195004e-02
1.5286170002e-02
1.2837078611e-02
1.0818365502e-02
9.0905129099e-03
7.7037233721e-03
6.6073725401e-03
5.7610830812e-03
5.1335461936e-03
4.7013840008e-03
4.4484014006e-03
4.3651087135e-03
