0.0000000000e+00
4.8725532034e-03
9.7451064067e-03
1.4617659610e-02
1.9490212813e-02
2.5314034218e-02
3.1137855623e-02
3.6961677028e-02
4.2785498433e-02
4.6732307859e-02
5.0679117284e-02
5.4625926710e-02
5.8572736136e-02
6.1686564669e-02
6.4800393202e-02
6.7914221736e-02
7.1028050269e-02
7.3782401317e-02
7.6536752365e-02
7.9291103412e-02
8.2045454460e-02
8.4740193408e-02
8.7434932356e-02
9.0129671304e-02
9.2824410252e-02
9.5696643584e-02
9.8568876915e-02
1.0144111025e-01
1.0431334358e-01
1.0675985409e-01
1.0920636460e-01
1.1165287510e-01
1.1409938561e-01
1.1638501257e-01
1.1867063953e-01
1.2095626649e-01
1.2324189345e-01
1.2564704142e-01
1.2805218939e-01
1.3045733736e-01
1.3286248534e-01
1.3532303171e-01
1.3778357809e-01
1.4024412446e-01
1.4270467084e-01
1.4505170127e-01
1.4739873170e-01
1.4974576213e-01
1.5209279256e-01
1.5497440077e-01
1.5785600897e-01
1.6073761718e-01
1.6361922538e-01
1.6655106121e-01
1.6948289703e-01
1.7241473285e-01
1.7534656867e-01
1.7857031310e-01
1.8179405753e-01
1.8501780196e-01
1.8824154639e-01
1.9139296436e-01
1.9454438233e-01
1.9769580031e-01
2.0084721828e-01
2.0432448384e-01
2.0780174939e-01
2.1127901495e-01
2.1475628050e-01
2.1874995605e-01
2.2274363161e-01
2.2673730716e-01
2.3073098271e-01
2.3555130016e-01
2.4037161761e-01
2.4519193505e-01
2.5001225250e-01
2.5613915386e-01
2.6226605522e-01
2.6839295658e-01
2.7451985795e-01
2.7942374743e-01
2.8432763691e-01
2.8923152640e-01
2.9413541588e-01
2.9835675389e-01
3.0257809191e-01
3.0679942992e-01
3.1102076793e-01
3.1467130276e-01
3.1832183758e-01
3.2197237241e-01
3.2562290724e-01
3.2890345168e-01
3.3218399612e-01
3.3546454056e-01
3.3874508500e-01
3.4189750573e-01
3.4504992646e-01
3.4820234719e-01
3.5135476792e-01
3.5483061462e-01
3.5830646133e-01
3.6178230803e-01
3.6525815473e-01
3.6803910150e-01
3.7082004827e-01
3.7360099504e-01
3.7638194180e-01
3.7896438253e-01
3.8154682326e-01
3.8412926399e-01
3.8671170473e-01
3.8905445800e-01
3.9139721127e-01
3.9373996454e-01
3.9608271781e-01
3.9931005394e-01
4.0253739008e-01
4.0576472621e-01
4.0899206234e-01
4.1129521067e-01
4.1359835899e-01
4.1590150732e-01
4.1820465564e-01
4.2079844855e-01
4.2339224145e-01
4.2598603435e-01
4.2857982725e-01
4.3122714774e-01
4.3387446823e-01
4.3652178871e-01
4.3916910920e-01
4.4203931536e-01
4.4490952152e-01
4.4777972768e-01
4.5064993384e-01
4.5339031263e-01
4.5613069141e-01
4.5887107020e-01
4.6161144899e-01
4.6466151634e-01
4.6771158370e-01
4.7076165105e-01
4.7381171840e-01
4.7753237931e-01
4.8125304021e-01
4.8497370112e-01
4.8869436203e-01
4.9286743687e-01
4.9704051172e-01
5.0121358657e-01
5.0538666141e-01
5.0874120126e-01
5.1209574112e-01
5.1545028097e-01
5.1880482082e-01
5.2170472726e-01
5.2460463371e-01
5.2750454015e-01
5.3040444660e-01
5.3314781508e-01
5.3589118357e-01
5.3863455205e-01
5.4137792053e-01
5.4462893220e-01
5.4787994386e-01
5.5113095553e-01
5.5438196719e-01
5.5696333140e-01
5.5954469561e-01
5.6212605982e-01
5.6470742403e-01
5.6710797746e-01
5.6950853088e-01
5.7190908431e-01
5.7430963774e-01
5.7665709369e-01
5.7900454964e-01
5.8135200559e-01
5.8369946154e-01
5.8643051684e-01
5.8916157215e-01
5.9189262746e-01
5.9462368277e-01
5.9699214320e-01
5.9936060363e-01
6.0172906406e-01
6.0409752450e-01
6.0673362207e-01
6.0936971965e-01
6.1200581722e-01
6.1464191479e-01
6.1749199685e-01
6.2034207890e-01
6.2319216095e-01
6.2604224301e-01
6.2961455443e-01
6.3318686585e-01
6.3675917727e-01
6.4033148869e-01
6.4350966488e-01
6.4668784107e-01
6.4986601727e-01
6.5304419346e-01
6.5647730359e-01
6.5991041372e-01
6.6334352386e-01
6.6677663399e-01
6.7070537212e-01
6.7463411026e-01
6.7856284839e-01
6.8249158652e-01
6.8724134683e-01
6.9199110713e-01
6.9674086744e-01
7.0149062775e-01
7.0717878055e-01
7.1286693335e-01
7.1855508615e-01
7.2424323895e-01
7.2934287310e-01
7.3444250724e-01
7.3954214139e-01
7.4464177553e-01
7.4914862325e-01
7.5365547097e-01
7.5816231870e-01
7.6266916642e-01
7.6635008560e-01
7.7003100478e-01
7.7371192396e-01
7.7739284314e-01
7.8070344938e-01
7.8401405563e-01
7.8732466188e-01
7.9063526813e-01
7.9379989146e-01
7.9696451479e-01
8.0012913813e-01
8.0329376146e-01
8.0682273138e-01
8.1035170131e-01
8.1388067123e-01
8.1740964115e-01
8.2021597345e-01
8.2302230574e-01
8.2582863804e-01
8.2863497033e-01
8.3135611879e-01
8.3407726725e-01
8.3679841571e-01
8.3951956417e-01
8.4186257700e-01
8.4420558983e-01
8.4654860267e-01
8.4889161550e-01
8.5134623109e-01
8.5380084669e-01
8.5625546228e-01
8.5871007788e-01
8.6111315552e-01
8.6351623316e-01
8.6591931080e-01
8.6832238844e-01
8.7062234643e-01
8.7292230443e-01
8.7522226243e-01
8.7752222043e-01
8.8007434928e-01
8.8262647814e-01
8.8517860699e-01
8.8773073585e-01
8.9102181403e-01
8.9431289220e-01
8.9760397038e-01
9.0089504856e-01
9.0359431259e-01
9.0629357662e-01
9.0899284064e-01
9.1169210467e-01
9.1466652102e-01
9.1764093737e-01
9.2061535372e-01
9.2358977006e-01
9.2745995233e-01
9.3133013460e-01
9.3520031686e-01
9.3907049913e-01
9.4454678587e-01
9.5002307262e-01
9.5549935936e-01
9.6097564610e-01
9.6585372317e-01
9.7073180023e-01
9.7560987729e-01
9.8048795436e-01
9.8536596577e-01
9.9024397718e-01
9.9512198859e-01
1.0000000000e+00
