4.4560333520e-10
6.7792870316e-10
2.5413090119e-09
9.2174519755e-09
4.3633815194e-08
1.0402981440e-07
2.4329903263e-07
5.6855062933e-07
1.3480223548e-06
2.3933672894e-06
4.2380885537e-06
7.5043788003e-06
1.3313526234e-05
2.0251673206e-05
3.0788887451e-05
4.6808269218e-05
7.1191100608e-05
9.8515425711e-05
1.3630580676e-04
1.8858906757e-04
2.6095080315e-04
3.3827407537e-04
4.3847696394e-04
5.6834108809e-04
7.3666058589e-04
9.1565975047e-04
1.1380722740e-03
1.4144153856e-03
1.7577426666e-03
2.1235168813e-03
2.5651464544e-03
3.0982759271e-03
3.7417313215e-03
4.4450351296e-03
5.2796573499e-03
6.2697955506e-03
7.4439663521e-03
9.0335989195e-03
1.0958060050e-02
1.3285818604e-02
1.6098328792e-02
1.8414654276e-02
2.1055525519e-02
2.4063743083e-02
2.7486915843e-02
3.0654796615e-02
3.4171898962e-02
3.8072846883e-02
4.2394744590e-02
4.6520805323e-02
5.1021548271e-02
5.5925486780e-02
6.1262171534e-02
6.6824677548e-02
7.2842055209e-02
7.9341941219e-02
8.6351832979e-02
9.6716240249e-02
1.0813137792e-01
1.2065534366e-01
1.3433755483e-01
1.4434063628e-01
1.5490717601e-01
1.6604159861e-01
1.7774421144e-01
1.8928633323e-01
2.0132171083e-01
2.1383886047e-01
2.2682216514e-01
2.4009709474e-01
2.5378519951e-01
2.6785955363e-01
2.8228964243e-01
3.0060238600e-01
3.1933824829e-01
3.3842143501e-01
3.5777213691e-01
3.7342312892e-01
3.8915025814e-01
4.0491086931e-01
4.2066298293e-01
4.3744065502e-01
4.5411404877e-01
4.7063777146e-01
4.8696930684e-01
5.0500440146e-01
5.2269815656e-01
5.4000586126e-01
5.5688848834e-01
5.7564627189e-01
5.9376256684e-01
6.1120512717e-01
6.2795006004e-01
6.4368336940e-01
6.5872093346e-01
6.7305962709e-01
6.8670135120e-01
6.9996789238e-01
7.1251960339e-01
7.2437072023e-01
7.3553831951e-01
7.4701120341e-01
7.5771497848e-01
7.6767941416e-01
7.7693558454e-01
7.8690349923e-01
7.9599816349e-01
8.0427098364e-01
8.1177267213e-01
8.2045071419e-01
8.2801464669e-01
8.3456379665e-01
8.4019159798e-01
8.4545435812e-01
8.4980329166e-01
8.5333847326e-01
8.5615096000e-01
8.5843886897e-01
8.6009321749e-01
8.6119351458e-01
8.6181063351e-01
8.6200759739e-01
8.6183025775e-01
8.6133028474e-01
8.6055332589e-01
8.5944420847e-01
8.5810159181e-01
8.5656481527e-01
8.5486815947e-01
8.5281188397e-01
8.5062830619e-01
8.4834865481e-01
8.4599969036e-01
8.4323002005e-01
8.4042830430e-01
8.3761976554e-01
8.3482559618e-01
8.3152941431e-01
8.2830436072e-01
8.2517123450e-01
8.2214713952e-01
8.1853007492e-01
8.1512914635e-01
8.1196253010e-01
8.0904484786e-01
8.0556123085e-01
8.0256339784e-01
8.0006847234e-01
7.9808944761e-01
7.9644500333e-01
7.9552642486e-01
7.9533935657e-01
7.9588492201e-01
7.9678536081e-01
7.9810221868e-01
7.9983069172e-01
8.0196420090e-01
8.0396727736e-01
8.0622107884e-01
8.0871888955e-01
8.1145258443e-01
8.1391421751e-01
8.1652729647e-01
8.1928366010e-01
8.2217358768e-01
8.2475473880e-01
8.2741725964e-01
8.3015087376e-01
8.3294344827e-01
8.3543245868e-01
8.3794452864e-01
8.4046638022e-01
8.4298251396e-01
8.4521617614e-01
8.4741573424e-01
8.4956381221e-01
8.5164037092e-01
8.5345860976e-01
8.5517735848e-01
8.5677345301e-01
8.5822047262e-01
8.5942539056e-01
8.6044092578e-01
8.6123427183e-01
8.6176832260e-01
8.6200630550e-01
8.6165658188e-01
8.6060340512e-01
8.5871231495e-01
8.5688432328e-01
8.5455014571e-01
8.5165057738e-01
8.4812077574e-01
8.4436716270e-01
8.3999645535e-01
8.3494952219e-01
8.2916311989e-01
8.2391230953e-01
8.1809968678e-01
8.1168651437e-01
8.0463264141e-01
7.9774908484e-01
7.9028996393e-01
7.8222463202e-01
7.7352227661e-01
7.6488983646e-01
7.5566360458e-01
7.4582036588e-01
7.3533787196e-01
7.2449285099e-01
7.1300370526e-01
7.0085474357e-01
6.8803277727e-01
6.7353412213e-01
6.5824299354e-01
6.4215709941e-01
6.2528067877e-01
6.1071882300e-01
5.9563392722e-01
5.8004129655e-01
5.6396090156e-01
5.4843632036e-01
5.3252828259e-01
5.1626584974e-01
4.9968234986e-01
4.8457676772e-01
4.6927336045e-01
4.5380465509e-01
4.3820560300e-01
4.2159814335e-01
4.0493278006e-01
3.8825783674e-01
3.7162305090e-01
3.5541377871e-01
3.3933935428e-01
3.2344698745e-01
3.0778276438e-01
2.9330004347e-01
2.7909333695e-01
2.6519534546e-01
2.5163614131e-01
2.3752422345e-01
2.2386103692e-01
2.1067137552e-01
1.9797546981e-01
1.8437600079e-01
1.7142911527e-01
1.5914317512e-01
1.4752018273e-01
1.3645578702e-01
1.2605363721e-01
1.1629975964e-01
1.0717622442e-01
9.8768510278e-02
9.0931379042e-02
8.3640212573e-02
7.6869110045e-02
6.9927231390e-02
6.3556571696e-02
5.7720139965e-02
5.2381479325e-02
4.6071216626e-02
4.0480202652e-02
3.5536035905e-02
3.1171297334e-02
2.5875078260e-02
2.1454160301e-02
1.7771665690e-02
1.4709562205e-02
1.2398160592e-02
1.0445302905e-02
8.7967116142e-03
7.4059215953e-03
6.1186358006e-03
5.0537559300e-03
4.1732627523e-03
3.4454997522e-03
2.7430651807e-03
2.1834959516e-03
1.7378342167e-03
1.3829494126e-03
1.0333468206e-03
7.7209019650e-04
5.7683952448e-04
4.3090363483e-04
2.8608206445e-04
1.8999125784e-04
1.2617068837e-04
8.3746383238e-05
4.2759406964e-05
2.1923693746e-05
1.1239350554e-05
5.7280265479e-06
1.4202723825e-06
4.1134288734e-07
1.1438936346e-07
3.4253724074e-08
8.4719807677e-09
2.4637969924e-09
7.3009708146e-10
4.0759882081e-10
