5.2786052106e-03
5.3744300086e-03
5.6652926303e-03
6.1615354670e-03
6.8807774013e-03
7.8256117905e-03
9.0403307973e-03
1.0565490067e-02
1.2451504457e-02
1.4439788108e-02
1.6797981458e-02
1.9582785568e-02
2.2859804753e-02
2.5964832477e-02
2.9497468815e-02
3.3509346223e-02
3.8057200207e-02
4.2245786990e-02
4.6876356352e-02
5.1988214530e-02
5.7622687963e-02
6.3291720720e-02
6.9471782123e-02
7.6197834219e-02
8.3505025740e-02
9.2293943315e-02
1.0188007012e-01
1.1230631295e-01
1.2361155907e-01
1.3424758968e-01
1.4559982714e-01
1.5768107188e-01
1.7049817966e-01
1.8320625816e-01
1.9655771608e-01
2.1054034752e-01
2.2513538061e-01
2.3937506708e-01
2.5410575371e-01
2.6929582529e-01
2.8490886817e-01
3.0426253283e-01
3.2409352323e-01
3.4431597891e-01
3.6483925986e-01
3.8221247433e-01
3.9967567408e-01
4.1717357053e-01
4.3465199391e-01
4.5418074938e-01
4.7354855001e-01
4.9268962126e-01
5.1154345558e-01
5.3157295787e-01
5.5113989304e-01
5.7019107516e-01
5.8868160576e-01
6.1065439410e-01
6.3166612417e-01
6.5167949917e-01
6.7067151813e-01
6.8695444568e-01
7.0239373644e-01
7.1699522976e-01
7.3076981892e-01
7.4483139730e-01
7.5795628172e-01
7.7017155923e-01
7.8150675197e-01
7.9348178792e-01
8.0438500126e-01
8.1426482202e-01
8.2316881005e-01
8.3286277809e-01
8.4122630859e-01
8.4833305657e-01
8.5424876919e-01
8.6026754531e-01
8.6445978840e-01
8.6690059535e-01
8.6763663051e-01
8.6700750982e-01
8.6528864244e-01
8.6246395589e-01
8.5850561283e-01
8.5415420916e-01
8.4889947534e-01
8.4270343907e-01
8.3552243795e-01
8.2864446507e-01
8.2099473636e-01
8.1253884288e-01
8.0324065570e-01
7.9413638943e-01
7.8429421931e-01
7.7368654118e-01
7.6228624649e-01
7.5058875153e-01
7.3811731088e-01
7.2485257022e-01
7.1077799642e-01
6.9416090896e-01
6.7651525339e-01
6.5783838498e-01
6.3813795174e-01
6.2189324094e-01
6.0503967989e-01
5.8759900008e-01
5.6959942899e-01
5.5252546456e-01
5.3503867633e-01
5.1717771084e-01
4.9898674182e-01
4.8186932003e-01
4.6455452957e-01
4.4708968690e-01
4.2952542155e-01
4.0778083395e-01
3.8607196426e-01
3.6450758091e-01
3.4319759264e-01
3.2656587095e-01
3.1021477710e-01
2.9419452146e-01
2.7855232197e-01
2.6232040375e-01
2.4661664008e-01
2.3148258983e-01
2.1695331280e-01
2.0187951736e-01
1.8758084537e-01
1.7407539077e-01
1.6137258249e-01
1.4911892615e-01
1.3771339043e-01
1.2714285824e-01
1.1738855292e-01
1.0846291158e-01
1.0029729348e-01
9.2863295461e-02
8.6131269222e-02
7.9391683596e-02
7.3452276467e-02
6.8273213294e-02
6.3817210529e-02
5.9338978157e-02
5.5819433587e-02
5.3215273036e-02
5.1493366063e-02
5.0648133526e-02
5.0589467172e-02
5.1316651472e-02
5.2838579350e-02
5.4772561774e-02
5.7311594434e-02
6.0477009094e-02
6.4294582417e-02
6.8312025798e-02
7.2906144235e-02
7.8103399432e-02
8.3931931895e-02
9.0482521287e-02
9.7736488534e-02
1.0572445922e-01
1.1447607785e-01
1.2377596273e-01
1.3385209201e-01
1.4472370420e-01
1.5640521960e-01
1.6774852073e-01
1.7977141214e-01
1.9246994841e-01
2.0583426980e-01
2.1878856590e-01
2.3228194036e-01
2.4629148338e-01
2.6078935954e-01
2.7760298889e-01
2.9493768214e-01
3.1273417954e-01
3.3092776562e-01
3.4808573080e-01
3.6546795089e-01
3.8301557321e-01
4.0066923433e-01
4.1865831850e-01
4.3663521764e-01
4.5454134740e-01
4.7232088179e-01
4.9242568635e-01
5.1222418074e-01
5.3165119016e-01
5.5064899148e-01
5.7210087594e-01
5.9284133100e-01
6.1281782446e-01
6.3199016389e-01
6.5003494892e-01
6.6725622549e-01
6.8364463741e-01
6.9919817357e-01
7.1436499298e-01
7.2865949363e-01
7.4209698690e-01
7.5469661857e-01
7.6790083921e-01
7.8010680368e-01
7.9135125623e-01
8.0167205425e-01
8.1322506805e-01
8.2349214989e-01
8.3254113794e-01
8.4043555536e-01
8.4836815967e-01
8.5484928170e-01
8.5995079217e-01
8.6373037429e-01
8.6631657093e-01
8.6753332581e-01
8.6739349504e-01
8.6589132647e-01
8.6360110194e-01
8.6033799865e-01
8.5606995758e-01
8.5075647736e-01
8.4543962354e-01
8.3931474487e-01
8.3234480050e-01
8.2448935453e-01
8.1672505463e-01
8.0819393101e-01
7.9886252634e-01
7.8869661419e-01
7.7874181729e-01
7.6804897949e-01
7.5659346506e-01
7.4435190020e-01
7.3118890788e-01
7.1718513576e-01
7.0232466515e-01
6.8659599594e-01
6.7098330738e-01
6.5459515053e-01
6.3743770405e-01
6.1952403568e-01
6.0237703596e-01
5.8462902932e-01
5.6630953678e-01
5.4745530290e-01
5.3074892010e-01
5.1370888753e-01
4.9637304262e-01
4.7878357134e-01
4.6138253638e-01
4.4383037121e-01
4.2617732802e-01
4.0847642837e-01
3.8890901469e-01
3.6942769310e-01
3.5011039662e-01
3.3103473256e-01
3.1466319797e-01
2.9858139964e-01
2.8283510816e-01
2.6746690546e-01
2.5125271133e-01
2.3557407369e-01
2.2046854953e-01
2.0596692813e-01
1.9045141185e-01
1.7574854660e-01
1.6187118711e-01
1.4882241308e-01
1.3675227777e-01
1.2547017861e-01
1.1495673145e-01
1.0518731278e-01
9.6001950858e-02
8.7519973031e-02
7.9705617125e-02
7.2521651401e-02
6.4890334722e-02
5.8004337959e-02
5.1804619944e-02
4.6234034685e-02
3.9907878334e-02
3.4423248133e-02
2.9680524783e-02
2.5589446585e-02
2.1376768387e-02
1.7880941404e-02
1.4992635880e-02
1.2619167847e-02
1.0666524033e-02
9.0932125399e-03
7.8450922679e-03
6.8787690409e-03
6.1604499496e-03
5.6648237581e-03
5.3743145345e-03
5.2786048348e-03
