0.0000000000e+00
1.6796551755e-02
3.3593103509e-02
5.0389655264e-02
6.7186207019e-02
7.7560933812e-02
8.7935660606e-02
9.8310387399e-02
1.0868511419e-01
1.1596996268e-01
1.2325481117e-01
1.3053965965e-01
1.3782450814e-01
1.4329394161e-01
1.4876337507e-01
1.5423280854e-01
1.5970224201e-01
1.6401335544e-01
1.6832446888e-01
1.7263558232e-01
1.7694669576e-01
1.8047831754e-01
1.8400993933e-01
1.8754156111e-01
1.9107318289e-01
1.9407709748e-01
1.9708101206e-01
2.0008492664e-01
2.0308884122e-01
2.0573360461e-01
2.0837836800e-01
2.1102313139e-01
2.1366789478e-01
2.1611747317e-01
2.1856705156e-01
2.2101662996e-01
2.2346620835e-01
2.2613131074e-01
2.2879641314e-01
2.3146151553e-01
2.3412661793e-01
2.3607801272e-01
2.3802940751e-01
2.3998080230e-01
2.4193219708e-01
2.4355169091e-01
2.4517118473e-01
2.4679067856e-01
2.4841017238e-01
2.4981586615e-01
2.5122155993e-01
2.5262725370e-01
2.5403294747e-01
2.5535153205e-01
2.5667011664e-01
2.5798870122e-01
2.5930728581e-01
2.6069683378e-01
2.6208638174e-01
2.6347592971e-01
2.6486547768e-01
2.6616808924e-01
2.6747070079e-01
2.6877331235e-01
2.7007592391e-01
2.7126931480e-01
2.7246270570e-01
2.7365609660e-01
2.7484948749e-01
2.7596682015e-01
2.7708415281e-01
2.7820148547e-01
2.7931881813e-01
2.8049362319e-01
2.8166842824e-01
2.8284323329e-01
2.8401803835e-01
2.8526490203e-01
2.8651176572e-01
2.8775862940e-01
2.8900549309e-01
2.9014618063e-01
2.9128686818e-01
2.9242755573e-01
2.9356824327e-01
2.9480552282e-01
2.9604280237e-01
2.9728008191e-01
2.9851736146e-01
2.9988253456e-01
3.0124770765e-01
3.0261288075e-01
3.0397805385e-01
3.0560325879e-01
3.0722846373e-01
3.0885366866e-01
3.1047887360e-01
3.1201174872e-01
3.1354462384e-01
3.1507749895e-01
3.1661037407e-01
3.1817751158e-01
3.1974464909e-01
3.2131178660e-01
3.2287892411e-01
3.2458202316e-01
3.2628512222e-01
3.2798822127e-01
3.2969132032e-01
3.3162765916e-01
3.3356399800e-01
3.3550033684e-01
3.3743667567e-01
3.3991712564e-01
3.4239757560e-01
3.4487802556e-01
3.4735847553e-01
3.5012244395e-01
3.5288641236e-01
3.5565038078e-01
3.5841434920e-01
3.6160447220e-01
3.6479459521e-01
3.6798471821e-01
3.7117484122e-01
3.7425882055e-01
3.7734279989e-01
3.8042677923e-01
3.8351075856e-01
3.8679489152e-01
3.9007902448e-01
3.9336315745e-01
3.9664729041e-01
4.0027062429e-01
4.0389395817e-01
4.0751729205e-01
4.1114062593e-01
4.1524767554e-01
4.1935472515e-01
4.2346177476e-01
4.2756882437e-01
4.3235299049e-01
4.3713715662e-01
4.4192132274e-01
4.4670548886e-01
4.5248723890e-01
4.5826898894e-01
4.6405073898e-01
4.6983248902e-01
4.7754969579e-01
4.8526690255e-01
4.9298410931e-01
5.0070131607e-01
5.0670804522e-01
5.1271477436e-01
5.1872150350e-01
5.2472823264e-01
5.2982901762e-01
5.3492980261e-01
5.4003058759e-01
5.4513137257e-01
5.4955804348e-01
5.5398471439e-01
5.5841138530e-01
5.6283805621e-01
5.6675208325e-01
5.7066611029e-01
5.7458013733e-01
5.7849416437e-01
5.8201897211e-01
5.8554377985e-01
5.8906858758e-01
5.9259339532e-01
5.9583335468e-01
5.9907331403e-01
6.0231327339e-01
6.0555323274e-01
6.0862637059e-01
6.1169950844e-01
6.1477264629e-01
6.1784578414e-01
6.2117751256e-01
6.2450924097e-01
6.2784096939e-01
6.3117269781e-01
6.3391318687e-01
6.3665367593e-01
6.3939416499e-01
6.4213465405e-01
6.4465426960e-01
6.4717388516e-01
6.4969350071e-01
6.5221311626e-01
6.5422843465e-01
6.5624375304e-01
6.5825907143e-01
6.6027438982e-01
6.6204332053e-01
6.6381225123e-01
6.6558118194e-01
6.6735011264e-01
6.6898667050e-01
6.7062322837e-01
6.7225978624e-01
6.7389634410e-01
6.7542807082e-01
6.7695979755e-01
6.7849152427e-01
6.8002325100e-01
6.8163573457e-01
6.8324821814e-01
6.8486070172e-01
6.8647318529e-01
6.8792339931e-01
6.8937361332e-01
6.9082382734e-01
6.9227404136e-01
6.9362431232e-01
6.9497458329e-01
6.9632485425e-01
6.9767512522e-01
6.9887797993e-01
7.0008083464e-01
7.0128368935e-01
7.0248654406e-01
7.0362227716e-01
7.0475801027e-01
7.0589374337e-01
7.0702947647e-01
7.0838722100e-01
7.0974496552e-01
7.1110271005e-01
7.1246045457e-01
7.1359797008e-01
7.1473548559e-01
7.1587300110e-01
7.1701051660e-01
7.1813767791e-01
7.1926483922e-01
7.2039200053e-01
7.2151916183e-01
7.2272787488e-01
7.2393658792e-01
7.2514530096e-01
7.2635401401e-01
7.2775717501e-01
7.2916033601e-01
7.3056349702e-01
7.3196665802e-01
7.3329882353e-01
7.3463098903e-01
7.3596315453e-01
7.3729532004e-01
7.3863620464e-01
7.3997708924e-01
7.4131797384e-01
7.4265885844e-01
7.4416617543e-01
7.4567349242e-01
7.4718080940e-01
7.4868812639e-01
7.5068729767e-01
7.5268646896e-01
7.5468564024e-01
7.5668481153e-01
7.5964611502e-01
7.6260741851e-01
7.6556872201e-01
7.6853002550e-01
7.7100554553e-01
7.7348106556e-01
7.7595658559e-01
7.7843210562e-01
7.8117598430e-01
7.8391986298e-01
7.8666374166e-01
7.8940762034e-01
7.9264596157e-01
7.9588430281e-01
7.9912264404e-01
8.0236098527e-01
8.0642928696e-01
8.1049758866e-01
8.1456589036e-01
8.1863419205e-01
8.2419646636e-01
8.2975874067e-01
8.3532101497e-01
8.4088328928e-01
8.4948035113e-01
8.5807741297e-01
8.6667447482e-01
8.7527153666e-01
8.9086258149e-01
9.0645362631e-01
9.2204467114e-01
9.3763571596e-01
9.5322678697e-01
9.6881785798e-01
9.8440892899e-01
1.0000000000e+00
