2.8424243029e-01
2.8424895619e-01
2.8426853417e-01
2.8430116513e-01
2.8434685057e-01
2.8439303861e-01
2.8444766409e-01
2.8451072861e-01
2.8458223402e-01
2.8464883710e-01
2.8472140130e-01
2.8479992812e-01
2.8488441915e-01
2.8496455084e-01
2.8504939988e-01
2.8513896755e-01
2.8523325515e-01
2.8533589220e-01
2.8544359553e-01
2.8555636635e-01
2.8567420559e-01
2.8576941961e-01
2.8586770356e-01
2.8596905701e-01
2.8607347900e-01
2.8615534061e-01
2.8623899197e-01
2.8632443154e-01
2.8641165724e-01
2.8649000227e-01
2.8656972989e-01
2.8665083711e-01
2.8673332019e-01
2.8681936493e-01
2.8690684681e-01
2.8699575835e-01
2.8708609043e-01
2.8717196395e-01
2.8725906283e-01
2.8734737422e-01
2.8743688303e-01
2.8752319155e-01
2.8761055164e-01
2.8769894302e-01
2.8778834254e-01
2.8787176777e-01
2.8795600709e-01
2.8804103470e-01
2.8812682213e-01
2.8822471743e-01
2.8832349483e-01
2.8842309989e-01
2.8852347346e-01
2.8861473768e-01
2.8870652649e-01
2.8879878673e-01
2.8889146252e-01
2.8900257704e-01
2.8911409679e-01
2.8922591406e-01
2.8933791772e-01
2.8945617691e-01
2.8957438080e-01
2.8969239191e-01
2.8981007218e-01
2.8993459044e-01
2.9005841567e-01
2.9018138639e-01
2.9030334435e-01
2.9042603675e-01
2.9054736817e-01
2.9066718747e-01
2.9078534949e-01
2.9091460279e-01
2.9104145521e-01
2.9116573604e-01
2.9128728506e-01
2.9143449548e-01
2.9157697880e-01
2.9171449328e-01
2.9184682078e-01
2.9201810628e-01
2.9217901236e-01
2.9232917983e-01
2.9246831380e-01
2.9261342694e-01
2.9274358151e-01
2.9285860413e-01
2.9295840514e-01
2.9303520004e-01
2.9309970546e-01
2.9315202075e-01
2.9319229798e-01
2.9321600056e-01
2.9323225295e-01
2.9324121163e-01
2.9324305877e-01
2.9323951819e-01
2.9323162355e-01
2.9321950997e-01
2.9320332554e-01
2.9318571237e-01
2.9316515101e-01
2.9314177174e-01
2.9311571372e-01
2.9308924077e-01
2.9306071038e-01
2.9303025496e-01
2.9299801345e-01
2.9295985171e-01
2.9291983539e-01
2.9287818845e-01
2.9283514290e-01
2.9279987463e-01
2.9276398953e-01
2.9272761412e-01
2.9269087602e-01
2.9265794882e-01
2.9262492598e-01
2.9259189739e-01
2.9255895194e-01
2.9252801059e-01
2.9249729334e-01
2.9246687044e-01
2.9243681003e-01
2.9240546208e-01
2.9237466848e-01
2.9234450022e-01
2.9231502436e-01
2.9228802688e-01
2.9226174444e-01
2.9223622236e-01
2.9221150253e-01
2.9218701882e-01
2.9216345772e-01
2.9214085357e-01
2.9211923734e-01
2.9209334084e-01
2.9206911975e-01
2.9204661620e-01
2.9202586589e-01
2.9200866927e-01
2.9199294367e-01
2.9197870478e-01
2.9196596569e-01
2.9195472691e-01
2.9194501076e-01
2.9193682451e-01
2.9193017394e-01
2.9192480977e-01
2.9192117703e-01
2.9191927828e-01
2.9191911483e-01
2.9192053014e-01
2.9192345934e-01
2.9192790063e-01
2.9193385126e-01
2.9194131138e-01
2.9195027342e-01
2.9196073097e-01
2.9197267610e-01
2.9198576946e-01
2.9200026174e-01
2.9201613995e-01
2.9203338870e-01
2.9205080608e-01
2.9206939721e-01
2.9208914211e-01
2.9211001790e-01
2.9213029289e-01
2.9215148838e-01
2.9217357856e-01
2.9219653483e-01
2.9222581830e-01
2.9225629182e-01
2.9228788383e-01
2.9232051556e-01
2.9234882688e-01
2.9237776317e-01
2.9240726531e-01
2.9243727086e-01
2.9247294645e-01
2.9250911212e-01
2.9254565341e-01
2.9258245192e-01
2.9262038074e-01
2.9265831813e-01
2.9269612794e-01
2.9273367307e-01
2.9277497834e-01
2.9281559753e-01
2.9285534470e-01
2.9289403720e-01
2.9293117917e-01
2.9296694023e-01
2.9300115702e-01
2.9303367222e-01
2.9306755535e-01
2.9309896486e-01
2.9312771533e-01
2.9315363203e-01
2.9318138664e-01
2.9320432184e-01
2.9322217843e-01
2.9323472048e-01
2.9324277373e-01
2.9324080276e-01
2.9322843712e-01
2.9320536376e-01
2.9316579637e-01
2.9311175381e-01
2.9304301544e-01
2.9295943806e-01
2.9287076555e-01
2.9276983835e-01
2.9265671142e-01
2.9253149328e-01
2.9242494507e-01
2.9231116606e-01
2.9219028480e-01
2.9206245494e-01
2.9195445367e-01
2.9184215977e-01
2.9172569349e-01
2.9160518813e-01
2.9149475052e-01
2.9138134727e-01
2.9126510009e-01
2.9114613993e-01
2.9103614126e-01
2.9092414207e-01
2.9081025983e-01
2.9069461836e-01
2.9056994928e-01
2.9044360390e-01
2.9031575285e-01
2.9018657335e-01
2.9007587049e-01
2.8996445578e-01
2.8985244688e-01
2.8973996320e-01
2.8963034055e-01
2.8952049464e-01
2.8941053636e-01
2.8930057589e-01
2.8920830819e-01
2.8911617910e-01
2.8902425071e-01
2.8893258354e-01
2.8882849143e-01
2.8872489864e-01
2.8862188491e-01
2.8851952577e-01
2.8843115131e-01
2.8834336862e-01
2.8825621852e-01
2.8816973899e-01
2.8807696883e-01
2.8798506538e-01
2.8789406556e-01
2.8780400259e-01
2.8770961201e-01
2.8761633828e-01
2.8752420883e-01
2.8743324756e-01
2.8733891125e-01
2.8724590909e-01
2.8715425847e-01
2.8706397404e-01
2.8697567238e-01
2.8688874026e-01
2.8680318594e-01
2.8671901621e-01
2.8662184765e-01
2.8652660733e-01
2.8643330088e-01
2.8634193263e-01
2.8622647037e-01
2.8611427054e-01
2.8600533662e-01
2.8589967081e-01
2.8577677264e-01
2.8565861592e-01
2.8554520078e-01
2.8543652674e-01
2.8532618350e-01
2.8522119725e-01
2.8512156650e-01
2.8502728970e-01
2.8492077486e-01
2.8482203245e-01
2.8473105992e-01
2.8464785486e-01
2.8455281642e-01
2.8447045827e-01
2.8440077675e-01
2.8434376880e-01
2.8429943170e-01
2.8426776376e-01
2.8424876356e-01
2.8424243025e-01
