3.4248245167e-08
5.8246862082e-08
1.5736919617e-07
4.5591404454e-07
1.4087213959e-06
2.8147615263e-06
5.5869368912e-06
1.1087974618e-05
2.2111276819e-05
3.5654915062e-05
5.7433886886e-05
9.2513764967e-05
1.4913238656e-04
2.1272586757e-04
3.0335824324e-04
4.3258440498e-04
6.1692885067e-04
8.1837000807e-04
1.0854253633e-03
1.4394774653e-03
1.9088592679e-03
2.4224771122e-03
3.0736998520e-03
3.8991690631e-03
4.9451164260e-03
6.2678910864e-03
7.9409277237e-03
1.0055121019e-02
1.2723726006e-02
1.5261346234e-02
1.8293668255e-02
2.1912257654e-02
2.6223428866e-02
3.0168122512e-02
3.4680286115e-02
3.9833189809e-02
4.5706833670e-02
5.1402242263e-02
5.7753584232e-02
6.4822152803e-02
7.2671198789e-02
8.1732041577e-02
9.1778784193e-02
1.0288090097e-01
1.1510298778e-01
1.2741754840e-01
1.4077019058e-01
1.5518729420e-01
1.7068278078e-01
1.8528020752e-01
2.0070910379e-01
2.1694729989e-01
2.3396123062e-01
2.5245239311e-01
2.7167153334e-01
2.9154231350e-01
3.1197746208e-01
3.3235378989e-01
3.5307908123e-01
3.7405364609e-01
3.9517602419e-01
4.1711095895e-01
4.3898637359e-01
4.6069787944e-01
4.8214793736e-01
5.0599862702e-01
5.2928515728e-01
5.5190872727e-01
5.7378697759e-01
5.9898497342e-01
6.2292820034e-01
6.4556038320e-01
6.6685099760e-01
6.8592453478e-01
7.0377554876e-01
7.2042515993e-01
7.3590460595e-01
7.5197764082e-01
7.6668248123e-01
7.8008981106e-01
7.9227417079e-01
8.0630973668e-01
8.1860115996e-01
8.2930825245e-01
8.3858412733e-01
8.4827732987e-01
8.5625878384e-01
8.6275506736e-01
8.6796860169e-01
8.7241335695e-01
8.7574129129e-01
8.7812840019e-01
8.7972499008e-01
8.8068796459e-01
8.8104570646e-01
8.8089966614e-01
8.8033259685e-01
8.7924022368e-01
8.7775256795e-01
8.7592525462e-01
8.7379348197e-01
8.7141036471e-01
8.6874631324e-01
8.6578381314e-01
8.6248872051e-01
8.5850547925e-01
8.5398792416e-01
8.4882082398e-01
8.4285913353e-01
8.3748724370e-01
8.3140976365e-01
8.2450894651e-01
8.1665129325e-01
8.0987477925e-01
8.0237172250e-01
7.9406232435e-01
7.8486178940e-01
7.7610195575e-01
7.6654645886e-01
7.5613433638e-01
7.4480463227e-01
7.3335874991e-01
7.2101646752e-01
7.0773522290e-01
6.9347779116e-01
6.7770234626e-01
6.6083195150e-01
6.4285822206e-01
6.2378988363e-01
6.0654388191e-01
5.8854244395e-01
5.6983279074e-01
5.5047810368e-01
5.3306037290e-01
5.1527414310e-01
4.9719488744e-01
4.7890823712e-01
4.5348733763e-01
4.2813128669e-01
4.0314081650e-01
3.7883075047e-01
3.6181848012e-01
3.4545021970e-01
3.2984010021e-01
3.1509557664e-01
2.9907971118e-01
2.8452507460e-01
2.7155356992e-01
2.6026710317e-01
2.5104157921e-01
2.4352358407e-01
2.3775716467e-01
2.3377385814e-01
2.3159133627e-01
2.3123121291e-01
2.3269528201e-01
2.3597627597e-01
2.4114035894e-01
2.4812648362e-01
2.5689348551e-01
2.6738573637e-01
2.7788205615e-01
2.8957622699e-01
3.0239904353e-01
3.1627055976e-01
3.3323202371e-01
3.5128755485e-01
3.7027499015e-01
3.9002212490e-01
4.0794294434e-01
4.2619275918e-01
4.4464935850e-01
4.6319434822e-01
4.8512677363e-01
5.0685246377e-01
5.2821666408e-01
5.4908463857e-01
5.7169676763e-01
5.9341887580e-01
6.1415476575e-01
6.3383735710e-01
6.5188317900e-01
6.6888286450e-01
6.8483637303e-01
6.9975770065e-01
7.1499859841e-01
7.2906913442e-01
7.4202412466e-01
7.5392472158e-01
7.6739278256e-01
7.7945094325e-01
7.9022851291e-01
7.9985129045e-01
8.1059305218e-01
8.1989370913e-01
8.2795906974e-01
8.3497231547e-01
8.4159333677e-01
8.4733724908e-01
8.5235436128e-01
8.5676949179e-01
8.6111988622e-01
8.6495424179e-01
8.6835368803e-01
8.7137140084e-01
8.7356761266e-01
8.7553007476e-01
8.7724867003e-01
8.7870100493e-01
8.7977339716e-01
8.8055125494e-01
8.8098461734e-01
8.8101071438e-01
8.8045570290e-01
8.7915099831e-01
8.7693096650e-01
8.7359492979e-01
8.7018990507e-01
8.6589102704e-01
8.6056145824e-01
8.5404710141e-01
8.4810927860e-01
8.4127904134e-01
8.3346329360e-01
8.2456259513e-01
8.1608313391e-01
8.0667991720e-01
7.9628367979e-01
7.8482387136e-01
7.7343758238e-01
7.6106346307e-01
7.4765079150e-01
7.3315176528e-01
7.1680237724e-01
6.9917806146e-01
6.8024620097e-01
6.5998679270e-01
6.4182757586e-01
6.2272459990e-01
6.0269709993e-01
5.8177713661e-01
5.6185361100e-01
5.4126580245e-01
5.2007247285e-01
4.9834434504e-01
4.7815188276e-01
4.5765516286e-01
4.3693278295e-01
4.1607001932e-01
3.9292004014e-01
3.6983880536e-01
3.4695862504e-01
3.2441180506e-01
3.0483488317e-01
2.8570551317e-01
2.6710253630e-01
2.4909711970e-01
2.2987823543e-01
2.1154334545e-01
1.9414688059e-01
1.7772694802e-01
1.6002029487e-01
1.4365212505e-01
1.2860836267e-01
1.1485508351e-01
1.0301399796e-01
9.2225659801e-02
8.2431385216e-02
7.3568092929e-02
6.3937756352e-02
5.5471865918e-02
4.8054310668e-02
4.1573983139e-02
3.4151194860e-02
2.8005882792e-02
2.2934221960e-02
1.8759326953e-02
1.4971515865e-02
1.1937398009e-02
9.5110274505e-03
7.5731651690e-03
5.7984054179e-03
4.4374903909e-03
3.3946862947e-03
2.5960488071e-03
1.8118535199e-03
1.2644144178e-03
8.8220652546e-04
6.1530071887e-04
3.4777182363e-04
1.9690126278e-04
1.1146986304e-04
6.2940063902e-05
2.2182852592e-05
8.1127936123e-06
2.9559261248e-06
1.0368919313e-06
3.6612791382e-07
1.3580883132e-07
5.4695652429e-08
3.4143397216e-08
