0.0000000000e+00
1.7449388209e-02
3.4898776418e-02
5.2348164628e-02
6.9797552837e-02
7.8985906429e-02
8.8174260021e-02
9.7362613613e-02
1.0655096720e-01
1.1236624369e-01
1.1818152017e-01
1.2399679665e-01
1.2981207313e-01
1.3391979123e-01
1.3802750933e-01
1.4213522743e-01
1.4624294553e-01
1.4934379961e-01
1.5244465369e-01
1.5554550778e-01
1.5864636186e-01
1.6110855611e-01
1.6357075036e-01
1.6603294460e-01
1.6849513885e-01
1.7055439085e-01
1.7261364284e-01
1.7467289483e-01
1.7673214683e-01
1.7854595647e-01
1.8035976611e-01
1.8217357575e-01
1.8398738539e-01
1.8579365702e-01
1.8759992865e-01
1.8940620027e-01
1.9121247190e-01
1.9276789573e-01
1.9432331957e-01
1.9587874340e-01
1.9743416724e-01
1.9858897491e-01
1.9974378257e-01
2.0089859024e-01
2.0205339791e-01
2.0304559015e-01
2.0403778238e-01
2.0502997462e-01
2.0602216686e-01
2.0703429899e-01
2.0804643113e-01
2.0905856327e-01
2.1007069540e-01
2.1102116105e-01
2.1197162669e-01
2.1292209233e-01
2.1387255798e-01
2.1475954388e-01
2.1564652978e-01
2.1653351568e-01
2.1742050158e-01
2.1825674735e-01
2.1909299311e-01
2.1992923888e-01
2.2076548464e-01
2.2166528505e-01
2.2256508546e-01
2.2346488586e-01
2.2436468627e-01
2.2522487811e-01
2.2608506995e-01
2.2694526179e-01
2.2780545363e-01
2.2881392541e-01
2.2982239718e-01
2.3083086896e-01
2.3183934073e-01
2.3291193341e-01
2.3398452609e-01
2.3505711876e-01
2.3612971144e-01
2.3725088076e-01
2.3837205007e-01
2.3949321938e-01
2.4061438870e-01
2.4176018136e-01
2.4290597402e-01
2.4405176668e-01
2.4519755934e-01
2.4644900125e-01
2.4770044317e-01
2.4895188508e-01
2.5020332700e-01
2.5170943190e-01
2.5321553681e-01
2.5472164171e-01
2.5622774662e-01
2.5810779199e-01
2.5998783736e-01
2.6186788273e-01
2.6374792809e-01
2.6600494893e-01
2.6826196976e-01
2.7051899059e-01
2.7277601143e-01
2.7507152559e-01
2.7736703975e-01
2.7966255391e-01
2.8195806807e-01
2.8440086024e-01
2.8684365241e-01
2.8928644459e-01
2.9172923676e-01
2.9451207711e-01
2.9729491746e-01
3.0007775781e-01
3.0286059816e-01
3.0617835596e-01
3.0949611376e-01
3.1281387155e-01
3.1613162935e-01
3.2033139106e-01
3.2453115276e-01
3.2873091446e-01
3.3293067617e-01
3.3854878927e-01
3.4416690237e-01
3.4978501547e-01
3.5540312857e-01
3.6224975617e-01
3.6909638376e-01
3.7594301136e-01
3.8278963896e-01
3.8930729094e-01
3.9582494292e-01
4.0234259490e-01
4.0886024688e-01
4.1457985213e-01
4.2029945738e-01
4.2601906263e-01
4.3173866788e-01
4.3705625583e-01
4.4237384379e-01
4.4769143175e-01
4.5300901970e-01
4.5815883138e-01
4.6330864305e-01
4.6845845473e-01
4.7360826640e-01
4.7918750170e-01
4.8476673701e-01
4.9034597231e-01
4.9592520762e-01
5.0118147266e-01
5.0643773770e-01
5.1169400274e-01
5.1695026778e-01
5.2216295410e-01
5.2737564041e-01
5.3258832672e-01
5.3780101303e-01
5.4354572306e-01
5.4929043309e-01
5.5503514312e-01
5.6077985315e-01
5.6802815845e-01
5.7527646375e-01
5.8252476904e-01
5.8977307434e-01
5.9772017559e-01
6.0566727684e-01
6.1361437809e-01
6.2156147934e-01
6.2733909923e-01
6.3311671911e-01
6.3889433900e-01
6.4467195888e-01
6.4913611924e-01
6.5360027960e-01
6.5806443996e-01
6.6252860032e-01
6.6616594535e-01
6.6980329038e-01
6.7344063540e-01
6.7707798043e-01
6.8015309442e-01
6.8322820842e-01
6.8630332241e-01
6.8937843641e-01
6.9205584996e-01
6.9473326351e-01
6.9741067705e-01
7.0008809060e-01
7.0248593984e-01
7.0488378908e-01
7.0728163832e-01
7.0967948756e-01
7.1192437659e-01
7.1416926562e-01
7.1641415464e-01
7.1865904367e-01
7.2104883585e-01
7.2343862804e-01
7.2582842022e-01
7.2821821240e-01
7.3015917725e-01
7.3210014210e-01
7.3404110695e-01
7.3598207180e-01
7.3756401690e-01
7.3914596200e-01
7.4072790710e-01
7.4230985219e-01
7.4362759997e-01
7.4494534774e-01
7.4626309551e-01
7.4758084329e-01
7.4877240306e-01
7.4996396284e-01
7.5115552261e-01
7.5234708239e-01
7.5346311485e-01
7.5457914731e-01
7.5569517977e-01
7.5681121223e-01
7.5805031610e-01
7.5928941998e-01
7.6052852386e-01
7.6176762774e-01
7.6274715396e-01
7.6372668018e-01
7.6470620640e-01
7.6568573262e-01
7.6657655946e-01
7.6746738629e-01
7.6835821312e-01
7.6924903996e-01
7.7008690446e-01
7.7092476897e-01
7.7176263347e-01
7.7260049797e-01
7.7358752756e-01
7.7457455714e-01
7.7556158672e-01
7.7654861630e-01
7.7736787390e-01
7.7818713149e-01
7.7900638909e-01
7.7982564669e-01
7.8072601670e-01
7.8162638671e-01
7.8252675673e-01
7.8342712674e-01
7.8444124624e-01
7.8545536573e-01
7.8646948523e-01
7.8748360472e-01
7.8845309711e-01
7.8942258950e-01
7.9039208190e-01
7.9136157429e-01
7.9240697945e-01
7.9345238461e-01
7.9449778977e-01
7.9554319494e-01
7.9689580702e-01
7.9824841911e-01
7.9960103120e-01
8.0095364329e-01
8.0284252658e-01
8.0473140987e-01
8.0662029316e-01
8.0850917645e-01
8.1033419904e-01
8.1215922164e-01
8.1398424423e-01
8.1580926683e-01
8.1791894947e-01
8.2002863211e-01
8.2213831475e-01
8.2424799739e-01
8.2693561011e-01
8.2962322283e-01
8.3231083555e-01
8.3499844826e-01
8.3886741477e-01
8.4273638128e-01
8.4660534778e-01
8.5047431429e-01
8.5725131133e-01
8.6402830837e-01
8.7080530541e-01
8.7758230245e-01
8.9286251963e-01
9.0814273680e-01
9.2342295398e-01
9.3870317115e-01
9.5402737836e-01
9.6935158558e-01
9.8467579279e-01
1.0000000000e+00
