2.6609565530e-01
2.6616370087e-01
2.6636787241e-01
2.6670827431e-01
2.6718508070e-01
2.6754783985e-01
2.6796280196e-01
2.6843004801e-01
2.6894966916e-01
2.6934588689e-01
2.6976801587e-01
2.7021609669e-01
2.7069017247e-01
2.7106321901e-01
2.7145096464e-01
2.7185343040e-01
2.7227063810e-01
2.7260989353e-01
2.7295833346e-01
2.7331596962e-01
2.7368281405e-01
2.7399019942e-01
2.7430377945e-01
2.7462356123e-01
2.7494955197e-01
2.7523172418e-01
2.7551839839e-01
2.7580957928e-01
2.7610527159e-01
2.7636934902e-01
2.7663693064e-01
2.7690801981e-01
2.7718261991e-01
2.7744008917e-01
2.7770057592e-01
2.7796408287e-01
2.7823061276e-01
2.7852402977e-01
2.7882103164e-01
2.7912162164e-01
2.7942580290e-01
2.7965080427e-01
2.7987773350e-01
2.8010659143e-01
2.8033737867e-01
2.8053037799e-01
2.8072470647e-01
2.8092036396e-01
2.8111735009e-01
2.8128940738e-01
2.8146246451e-01
2.8163652060e-01
2.8181157448e-01
2.8197668612e-01
2.8214267289e-01
2.8230953291e-01
2.8247726391e-01
2.8265496135e-01
2.8283361919e-01
2.8301323284e-01
2.8319379689e-01
2.8336392143e-01
2.8353486943e-01
2.8370663379e-01
2.8387920638e-01
2.8403801069e-01
2.8419747745e-01
2.8435759759e-01
2.8451836093e-01
2.8466945138e-01
2.8482108555e-01
2.8497325221e-01
2.8512593909e-01
2.8528702617e-01
2.8544865678e-01
2.8561081268e-01
2.8577347419e-01
2.8594664227e-01
2.8612032896e-01
2.8629450531e-01
2.8646914055e-01
2.8662927905e-01
2.8678974817e-01
2.8695052055e-01
2.8711156771e-01
2.8728652852e-01
2.8746173901e-01
2.8763715909e-01
2.8781274762e-01
2.8800663111e-01
2.8820061088e-01
2.8839462846e-01
2.8858862478e-01
2.8881946235e-01
2.8905008477e-01
2.8928039161e-01
2.8951028317e-01
2.8972664513e-01
2.8994246860e-01
2.9015767377e-01
2.9037218266e-01
2.9059068727e-01
2.9080830592e-01
2.9102496243e-01
2.9124058333e-01
2.9147365442e-01
2.9170533226e-01
2.9193553424e-01
2.9216418188e-01
2.9242216047e-01
2.9267793125e-01
2.9293139834e-01
2.9318247251e-01
2.9350047097e-01
2.9381424846e-01
2.9412366187e-01
2.9442858314e-01
2.9476292684e-01
2.9509141343e-01
2.9541392314e-01
2.9573035329e-01
2.9608790045e-01
2.9643712280e-01
2.9677793177e-01
2.9711025841e-01
2.9742341549e-01
2.9772856398e-01
2.9802568217e-01
2.9831475841e-01
2.9861375114e-01
2.9890362682e-01
2.9918439929e-01
2.9945608926e-01
2.9974533450e-01
3.0002359854e-01
3.0029092877e-01
3.0054737678e-01
3.0082497152e-01
3.0108873787e-01
3.0133876064e-01
3.0157512532e-01
3.0183335057e-01
3.0207329061e-01
3.0229507332e-01
3.0249882109e-01
3.0272115065e-01
3.0291749792e-01
3.0308803402e-01
3.0323291047e-01
3.0338652625e-01
3.0349490844e-01
3.0355823551e-01
3.0357661252e-01
3.0355982890e-01
3.0351581598e-01
3.0344452946e-01
3.0334589794e-01
3.0324060008e-01
3.0311543845e-01
3.0297032499e-01
3.0280515895e-01
3.0264548136e-01
3.0247053550e-01
3.0228023460e-01
3.0207448636e-01
3.0187962018e-01
3.0167253159e-01
3.0145314879e-01
3.0122139856e-01
3.0100204905e-01
3.0077255546e-01
3.0053286437e-01
3.0028292362e-01
3.0004409730e-01
2.9979653144e-01
2.9954019169e-01
2.9927504702e-01
2.9901539324e-01
2.9874777481e-01
2.9847217782e-01
2.9818859418e-01
2.9787212383e-01
2.9754627337e-01
2.9721106441e-01
2.9686653346e-01
2.9657619179e-01
2.9627961869e-01
2.9597686414e-01
2.9566798942e-01
2.9537867182e-01
2.9508431067e-01
2.9478498453e-01
2.9448078379e-01
2.9423402842e-01
2.9398427930e-01
2.9373160158e-01
2.9347606676e-01
2.9324948007e-01
2.9302080954e-01
2.9279011678e-01
2.9255746783e-01
2.9234054764e-01
2.9212207296e-01
2.9190210679e-01
2.9168071566e-01
2.9147227705e-01
2.9126271183e-01
2.9105208300e-01
2.9084045619e-01
2.9061666861e-01
2.9039193333e-01
2.9016633589e-01
2.8993996452e-01
2.8973578752e-01
2.8953112548e-01
2.8932604723e-01
2.8912062262e-01
2.8892910576e-01
2.8873740741e-01
2.8854558525e-01
2.8835369699e-01
2.8818274923e-01
2.8801183503e-01
2.8784099439e-01
2.8767026673e-01
2.8750920465e-01
2.8734830989e-01
2.8718761371e-01
2.8702714658e-01
2.8683565342e-01
2.8664457848e-01
2.8645396828e-01
2.8626386698e-01
2.8610502279e-01
2.8594658834e-01
2.8578858556e-01
2.8563103508e-01
2.8547538385e-01
2.8532021328e-01
2.8516553972e-01
2.8501137831e-01
2.8484664807e-01
2.8468253863e-01
2.8451906436e-01
2.8435623829e-01
2.8416804652e-01
2.8398076036e-01
2.8379439416e-01
2.8360896044e-01
2.8343378187e-01
2.8325946162e-01
2.8308600666e-01
2.8291342298e-01
2.8274059476e-01
2.8256865888e-01
2.8239761911e-01
2.8222747861e-01
2.8203729690e-01
2.8184825792e-01
2.8166036408e-01
2.8147361732e-01
2.8122770506e-01
2.8098381558e-01
2.8074195045e-01
2.8050211048e-01
2.8015056592e-01
2.7980346453e-01
2.7946080409e-01
2.7912258141e-01
2.7884324475e-01
2.7856700410e-01
2.7829385685e-01
2.7802380028e-01
2.7772807630e-01
2.7743614221e-01
2.7714799416e-01
2.7686362834e-01
2.7653287900e-01
2.7620738636e-01
2.7588714429e-01
2.7557214674e-01
2.7518384166e-01
2.7480379282e-01
2.7443198881e-01
2.7406841850e-01
2.7358464143e-01
2.7311620811e-01
2.7266309228e-01
2.7222526853e-01
2.7157859373e-01
2.7096830488e-01
2.7039432023e-01
2.6985656287e-01
2.6897351594e-01
2.6820899382e-01
2.6756265961e-01
2.6703422850e-01
2.6662346704e-01
2.6633019523e-01
2.6615428381e-01
2.6609565529e-01
