2.9427921394e-01
2.9427929859e-01
2.9427955251e-01
2.9427997566e-01
2.9428056797e-01
2.9428131316e-01
2.9428222086e-01
2.9428329094e-01
2.9428452320e-01
2.9428593062e-01
2.9428750268e-01
2.9428923913e-01
2.9429113966e-01
2.9429332050e-01
2.9429568290e-01
2.9429822640e-01
2.9430095049e-01
2.9430496202e-01
2.9430930791e-01
2.9431398650e-01
2.9431899594e-01
2.9432285090e-01
2.9432687943e-01
2.9433108064e-01
2.9433545360e-01
2.9433980833e-01
2.9434431924e-01
2.9434898538e-01
2.9435380573e-01
2.9435856438e-01
2.9436346245e-01
2.9436849893e-01
2.9437367275e-01
2.9437925972e-01
2.9438499597e-01
2.9439088011e-01
2.9439691068e-01
2.9440246541e-01
2.9440813651e-01
2.9441392279e-01
2.9441982304e-01
2.9442570416e-01
2.9443169190e-01
2.9443778499e-01
2.9444398210e-01
2.9445035076e-01
2.9445682291e-01
2.9446339708e-01
2.9447007175e-01
2.9447710386e-01
2.9448424077e-01
2.9449148062e-01
2.9449882152e-01
2.9450694058e-01
2.9451517496e-01
2.9452352200e-01
2.9453197898e-01
2.9454075568e-01
2.9454964182e-01
2.9455863425e-01
2.9456772976e-01
2.9457598272e-01
2.9458431374e-01
2.9459272032e-01
2.9460119997e-01
2.9460949092e-01
2.9461784581e-01
2.9462626223e-01
2.9463473775e-01
2.9464326039e-01
2.9465183703e-01
2.9466046515e-01
2.9466914218e-01
2.9467806357e-01
2.9468703063e-01
2.9469604053e-01
2.9470509043e-01
2.9471467607e-01
2.9472429961e-01
2.9473395763e-01
2.9474364669e-01
2.9475431611e-01
2.9476501414e-01
2.9477573612e-01
2.9478647739e-01
2.9479703236e-01
2.9480759694e-01
2.9481816669e-01
2.9482873712e-01
2.9483936832e-01
2.9484999114e-01
2.9486060104e-01
2.9487119347e-01
2.9488226171e-01
2.9489330062e-01
2.9490430503e-01
2.9491526978e-01
2.9492731661e-01
2.9493930203e-01
2.9495121922e-01
2.9496306143e-01
2.9497623597e-01
2.9498929855e-01
2.9500223994e-01
2.9501505102e-01
2.9502629880e-01
2.9503743076e-01
2.9504844078e-01
2.9505932283e-01
2.9506982761e-01
2.9508019907e-01
2.9509043186e-01
2.9510052069e-01
2.9511047883e-01
2.9512028218e-01
2.9512992573e-01
2.9513940456e-01
2.9514886049e-01
2.9515813655e-01
2.9516722792e-01
2.9517612989e-01
2.9518506371e-01
2.9519378842e-01
2.9520229933e-01
2.9521059189e-01
2.9521894141e-01
2.9522704746e-01
2.9523490544e-01
2.9524251093e-01
2.9525017648e-01
2.9525755752e-01
2.9526464958e-01
2.9527144834e-01
2.9527829051e-01
2.9528479792e-01
2.9529096624e-01
2.9529679138e-01
2.9530262632e-01
2.9530806149e-01
2.9531309282e-01
2.9531771658e-01
2.9532230027e-01
2.9532638885e-01
2.9532997871e-01
2.9533306668e-01
2.9533584013e-01
2.9533801965e-01
2.9533960302e-01
2.9534058860e-01
2.9534097311e-01
2.9534078701e-01
2.9534003047e-01
2.9533870424e-01
2.9533698211e-01
2.9533478034e-01
2.9533210074e-01
2.9532894555e-01
2.9532560591e-01
2.9532186397e-01
2.9531772240e-01
2.9531318416e-01
2.9530854079e-01
2.9530355006e-01
2.9529821518e-01
2.9529253959e-01
2.9528681730e-01
2.9528079228e-01
2.9527446811e-01
2.9526784852e-01
2.9526121593e-01
2.9525431808e-01
2.9524715878e-01
2.9523974201e-01
2.9523232350e-01
2.9522467162e-01
2.9521679039e-01
2.9520868397e-01
2.9520056377e-01
2.9519223749e-01
2.9518370937e-01
2.9517498374e-01
2.9516620187e-01
2.9515723716e-01
2.9514809410e-01
2.9513877728e-01
2.9512930676e-01
2.9511967251e-01
2.9510987941e-01
2.9509993246e-01
2.9508951866e-01
2.9507895232e-01
2.9506823922e-01
2.9505738527e-01
2.9504163546e-01
2.9502562787e-01
2.9500938072e-01
2.9499291262e-01
2.9498176723e-01
2.9497053696e-01
2.9495922762e-01
2.9494784511e-01
2.9493720500e-01
2.9492651159e-01
2.9491576973e-01
2.9490498427e-01
2.9489453721e-01
2.9488405851e-01
2.9487355259e-01
2.9486302392e-01
2.9485244029e-01
2.9484184275e-01
2.9483123581e-01
2.9482062401e-01
2.9480989495e-01
2.9479917020e-01
2.9478845443e-01
2.9477775228e-01
2.9476808689e-01
2.9475843985e-01
2.9474881459e-01
2.9473921448e-01
2.9473007165e-01
2.9472095778e-01
2.9471187575e-01
2.9470282844e-01
2.9469399796e-01
2.9468520625e-01
2.9467645596e-01
2.9466774972e-01
2.9465907050e-01
2.9465044073e-01
2.9464186297e-01
2.9463333974e-01
2.9462456362e-01
2.9461585156e-01
2.9460720626e-01
2.9459863038e-01
2.9458885843e-01
2.9457918568e-01
2.9456961598e-01
2.9456015311e-01
2.9455150151e-01
2.9454294726e-01
2.9453449316e-01
2.9452614194e-01
2.9451851095e-01
2.9451097235e-01
2.9450352815e-01
2.9449618033e-01
2.9448915409e-01
2.9448222185e-01
2.9447538529e-01
2.9446864603e-01
2.9446206736e-01
2.9445558722e-01
2.9444920708e-01
2.9444292836e-01
2.9443659647e-01
2.9443037412e-01
2.9442426271e-01
2.9441826359e-01
2.9441182308e-01
2.9440552053e-01
2.9439935755e-01
2.9439333569e-01
2.9438768965e-01
2.9438217626e-01
2.9437679675e-01
2.9437155227e-01
2.9436608825e-01
2.9436078163e-01
2.9435563369e-01
2.9435064563e-01
2.9434562402e-01
2.9434077817e-01
2.9433610925e-01
2.9433161837e-01
2.9432657168e-01
2.9432177376e-01
2.9431722610e-01
2.9431293012e-01
2.9430955470e-01
2.9430635445e-01
2.9430333001e-01
2.9430048200e-01
2.9429792235e-01
2.9429552524e-01
2.9429329109e-01
2.9429122029e-01
2.9428932924e-01
2.9428759937e-01
2.9428603097e-01
2.9428462430e-01
2.9428335713e-01
2.9428225848e-01
2.9428132853e-01
2.9428056745e-01
2.9427997536e-01
2.9427955237e-01
2.9427929855e-01
2.9427921394e-01
