1.7808449933e-07
2.6238368101e-07
5.7917092404e-07
1.4083709994e-06
3.5583247567e-06
6.5563439286e-06
1.2040105834e-05
2.2111194035e-05
4.0713538290e-05
6.2447520385e-05
9.5725865650e-05
1.4673471658e-04
2.2501882193e-04
3.1169369224e-04
4.3167465874e-04
5.9780704285e-04
8.2790971478e-04
1.0783805831e-03
1.4044316502e-03
1.8288500175e-03
2.3812570383e-03
2.9894928857e-03
3.7523110109e-03
4.7086791263e-03
5.9071756315e-03
7.4973045483e-03
9.5103650907e-03
1.2056096175e-02
1.5270892000e-02
1.8312651369e-02
2.1943914163e-02
2.6271887855e-02
3.1420116897e-02
3.5796730156e-02
4.0751447007e-02
4.6351230426e-02
5.2667980725e-02
5.8929816043e-02
6.5871056823e-02
7.3549003880e-02
8.2021669635e-02
9.3037419299e-02
1.0531288540e-01
1.1893015863e-01
1.3395964781e-01
1.4662216792e-01
1.6018340189e-01
1.7465030223e-01
1.9001911178e-01
2.0500041129e-01
2.2071585160e-01
2.3713386277e-01
2.5421326746e-01
2.7637351420e-01
2.9936683914e-01
3.2305804282e-01
3.4729769822e-01
3.6739389800e-01
3.8766029814e-01
4.0800734538e-01
4.2834695193e-01
4.5261702659e-01
4.7661578653e-01
5.0021687070e-01
5.2330752548e-01
5.4759741220e-01
5.7107188653e-01
5.9364782025e-01
6.1526178517e-01
6.3668025450e-01
6.5697715201e-01
6.7613764420e-01
6.9416150229e-01
7.1198628391e-01
7.2858196840e-01
7.4398466907e-01
7.5823803046e-01
7.7326965773e-01
7.8692780313e-01
7.9929659369e-01
8.1046154690e-01
8.2387018406e-01
8.3541669587e-01
8.4529865245e-01
8.5370049305e-01
8.6248962896e-01
8.6948144626e-01
8.7494765938e-01
8.7912316214e-01
8.8207226330e-01
8.8418693469e-01
8.8558995980e-01
8.8638383678e-01
8.8665362382e-01
8.8638479516e-01
8.8564417947e-01
8.8447969681e-01
8.8284845082e-01
8.8080583904e-01
8.7834915649e-01
8.7545747354e-01
8.7156766719e-01
8.6696834670e-01
8.6153565272e-01
8.5510826590e-01
8.4958872621e-01
8.4331601788e-01
8.3617845564e-01
8.2804974022e-01
8.2102270077e-01
8.1325322004e-01
8.0466574553e-01
7.9518020105e-01
7.8615950428e-01
7.7634322164e-01
7.6567384809e-01
7.5409388865e-01
7.4204196440e-01
7.2904702067e-01
7.1506476817e-01
7.0005634422e-01
6.8225478102e-01
6.6313521129e-01
6.4268819630e-01
6.2092790764e-01
6.0376902977e-01
5.8592458451e-01
5.6743646708e-01
5.4835923776e-01
5.3017344629e-01
5.1160315793e-01
4.9272385747e-01
4.7362103420e-01
4.5428255685e-01
4.3491921076e-01
4.1564311621e-01
3.9657164120e-01
3.7801985030e-01
3.5990427276e-01
3.4234084545e-01
3.2544163616e-01
3.0666150628e-01
2.8909088827e-01
2.7286792845e-01
2.5811144051e-01
2.4427260228e-01
2.3225926001e-01
2.2214164287e-01
2.1397115921e-01
2.0846551437e-01
2.0448251639e-01
2.0203252407e-01
2.0112135800e-01
2.0176154929e-01
2.0396431924e-01
2.0772441690e-01
2.1303207046e-01
2.1982403440e-01
2.2810716391e-01
2.3785098211e-01
2.4901480824e-01
2.6048372472e-01
2.7305770178e-01
2.8667623319e-01
3.0126865586e-01
3.1747343982e-01
3.3455075560e-01
3.5238788678e-01
3.7086435045e-01
3.8879799844e-01
4.0708111605e-01
4.2560482622e-01
4.4426206492e-01
4.6571241532e-01
4.8705495620e-01
5.0815430630e-01
5.2888904537e-01
5.5059459992e-01
5.7164871870e-01
5.9196178307e-01
6.1146420755e-01
6.3115382373e-01
6.4984068790e-01
6.6750405179e-01
6.8413927110e-01
7.0071330897e-01
7.1615918610e-01
7.3051210819e-01
7.4381560507e-01
7.5790233183e-01
7.7074488112e-01
7.8242863168e-01
7.9304003009e-01
8.0633051325e-01
8.1789301900e-01
8.2794181477e-01
8.3667301031e-01
8.4552379853e-01
8.5303710731e-01
8.5942911784e-01
8.6488036140e-01
8.6932670816e-01
8.7315651260e-01
8.7644774623e-01
8.7925662039e-01
8.8141555324e-01
8.8321990091e-01
8.8466831517e-01
8.8574562379e-01
8.8639403886e-01
8.8665131418e-01
8.8646758568e-01
8.8577881993e-01
8.8447256883e-01
8.8245431739e-01
8.7959976085e-01
8.7576113955e-01
8.7153649659e-01
8.6632669096e-01
8.5998708550e-01
8.5235524160e-01
8.4585305132e-01
8.3848655162e-01
8.3017360539e-01
8.2082728863e-01
8.1184684800e-01
8.0196541481e-01
7.9112072607e-01
7.7924999967e-01
7.6714612459e-01
7.5403746844e-01
7.3987654360e-01
7.2461963464e-01
7.0584477407e-01
6.8555075381e-01
6.6370849373e-01
6.4030973196e-01
6.2188496432e-01
6.0262415722e-01
5.8255621944e-01
5.6172193299e-01
5.4235204539e-01
5.2245278389e-01
5.0208199491e-01
4.8130677971e-01
4.6107830769e-01
4.4062256960e-01
4.2002049764e-01
3.9935842794e-01
3.7763451390e-01
3.5605336123e-01
3.3472445590e-01
3.1375560726e-01
2.9458271275e-01
2.7589404222e-01
2.5776207199e-01
2.4025118046e-01
2.2150673227e-01
2.0366666973e-01
1.8677698861e-01
1.7086779555e-01
1.5430085137e-01
1.3897102141e-01
1.2485933144e-01
1.1193088172e-01
1.0053471235e-01
9.0144035575e-02
8.0701878600e-02
7.2147631705e-02
6.2879186732e-02
5.4712290240e-02
4.7538473501e-02
4.1254086107e-02
3.4125955643e-02
2.8184896751e-02
2.3247720232e-02
1.9154616153e-02
1.5373373012e-02
1.2327371014e-02
9.8776230593e-03
7.9099126626e-03
6.1213567697e-03
4.7350550742e-03
3.6613316354e-03
2.8301499750e-03
2.0190234826e-03
1.4401595499e-03
1.0270564132e-03
7.3222040620e-04
4.3834126087e-04
2.6266334355e-04
1.5737866438e-04
9.4149763677e-05
3.9193803121e-05
1.6572446368e-05
7.0016605178e-06
2.8998600488e-06
1.2125218424e-06
5.2553598689e-07
2.5246194136e-07
1.7824409952e-07
