2.6379365192e-10
1.0300834189e-10
5.8128274172e-10
1.7658184700e-09
1.4966683599e-08
4.2571426311e-08
1.1658990693e-07
3.1812342916e-07
9.0037774814e-07
1.7357970107e-06
3.3290774297e-06
6.3842071363e-06
1.2288418742e-05
1.9542893969e-05
3.1052007497e-05
4.9338241359e-05
7.8445031456e-05
1.1140675888e-04
1.5818205635e-04
2.2459080323e-04
3.1892280828e-04
4.2095878775e-04
5.5558211399e-04
7.3321930080e-04
9.6763608378e-04
1.2192572652e-03
1.5361481255e-03
1.9352051458e-03
2.4376682822e-03
2.9823551647e-03
3.6481640429e-03
4.4618026559e-03
5.4557430423e-03
6.6492074322e-03
8.1010777684e-03
9.8661265469e-03
1.2010132396e-02
1.4137514909e-02
1.6633911126e-02
1.9560385726e-02
2.2986947236e-02
2.6223362368e-02
2.9898170260e-02
3.4065568028e-02
3.8784874822e-02
4.3173120887e-02
4.8026659809e-02
5.3387352596e-02
5.9299031446e-02
6.5322165927e-02
7.1897034226e-02
7.9061344576e-02
8.6852649433e-02
9.6778816145e-02
1.0766305102e-01
1.1955580634e-01
1.3250034991e-01
1.4388550289e-01
1.5600868405e-01
1.6887604581e-01
1.8248654561e-01
1.9538679483e-01
2.0887133270e-01
2.2292167428e-01
2.3751331307e-01
2.5318640526e-01
2.6936822971e-01
2.8601185365e-01
3.0306469467e-01
3.2059358544e-01
3.3841638414e-01
3.5646743292e-01
3.7467926636e-01
3.9264026483e-01
4.1062642052e-01
4.2857521090e-01
4.4642636210e-01
4.6666971030e-01
4.8662998459e-01
5.0623426471e-01
5.2541734056e-01
5.4610770336e-01
5.6614527602e-01
5.8547616425e-01
6.0405800948e-01
6.2259607244e-01
6.4026196225e-01
6.5704191441e-01
6.7293141760e-01
6.8823981626e-01
7.0263483373e-01
7.1613365146e-01
7.2875847163e-01
7.4156700227e-01
7.5340457809e-01
7.6431241263e-01
7.7433379890e-01
7.8516637546e-01
7.9488236252e-01
8.0355693751e-01
8.1126375735e-01
8.1964806851e-01
8.2676331512e-01
8.3273416139e-01
8.3767647732e-01
8.4272755478e-01
8.4643836102e-01
8.4899530593e-01
8.5056227380e-01
8.5126334934e-01
8.5131125301e-01
8.5079883010e-01
8.4980698741e-01
8.4832080336e-01
8.4645150971e-01
8.4426029620e-01
8.4179969815e-01
8.3876054163e-01
8.3549098707e-01
8.3203699214e-01
8.2843707471e-01
8.2406999231e-01
8.1958902214e-01
8.1502905438e-01
8.1041829811e-01
8.0470786083e-01
7.9898799723e-01
7.9328433201e-01
7.8761632556e-01
7.8017696914e-01
7.7285038222e-01
7.6565338403e-01
7.5859714483e-01
7.4982957008e-01
7.4131160293e-01
7.3305028488e-01
7.2505204625e-01
7.1704860947e-01
7.0934769589e-01
7.0196564205e-01
6.9492426218e-01
6.8861299796e-01
6.8265909322e-01
6.7709611412e-01
6.7196184706e-01
6.6745351181e-01
6.6342117343e-01
6.5990364848e-01
6.5693832397e-01
6.5450204183e-01
6.5271722655e-01
6.5160830779e-01
6.5119102371e-01
6.5148241720e-01
6.5249134275e-01
6.5420292203e-01
6.5659277134e-01
6.5952326067e-01
6.6302432950e-01
6.6705744211e-01
6.7158236874e-01
6.7707674631e-01
6.8306585152e-01
6.8950306479e-01
6.9634743021e-01
7.0327301657e-01
7.1051772287e-01
7.1806228876e-01
7.2589227589e-01
7.3256289005e-01
7.3941644594e-01
7.4644921685e-01
7.5365743218e-01
7.5942028937e-01
7.6528485462e-01
7.7124686095e-01
7.7730028625e-01
7.8235610399e-01
7.8746211849e-01
7.9261000620e-01
7.9778895672e-01
8.0222423587e-01
8.0666122856e-01
8.1108648426e-01
8.1548343641e-01
8.1929804021e-01
8.2305886733e-01
8.2674615391e-01
8.3033631666e-01
8.3345893857e-01
8.3645635652e-01
8.3930041319e-01
8.4195821085e-01
8.4424609844e-01
8.4630015901e-01
8.4807809813e-01
8.4953115629e-01
8.5071280636e-01
8.5131193149e-01
8.5121816111e-01
8.5030288349e-01
8.4896964025e-01
8.4700404988e-01
8.4432364634e-01
8.4083692832e-01
8.3720573099e-01
8.3286695922e-01
8.2774973873e-01
8.2177799142e-01
8.1614614336e-01
8.0982829813e-01
8.0277412076e-01
7.9493143480e-01
7.8710663343e-01
7.7855100260e-01
7.6922365245e-01
7.5908384911e-01
7.4897654671e-01
7.3811355860e-01
7.2646606792e-01
7.1400745587e-01
6.9877288721e-01
6.8242247792e-01
6.6493523571e-01
6.4630034441e-01
6.3088018900e-01
6.1476132002e-01
5.9795692639e-01
5.8048715010e-01
5.6316411592e-01
5.4528794122e-01
5.2689732104e-01
5.0803850224e-01
4.9133394395e-01
4.7435719365e-01
4.5715237205e-01
4.3976754457e-01
4.1960479843e-01
3.9935611495e-01
3.7910954317e-01
3.5895589210e-01
3.4170996236e-01
3.2466055049e-01
3.0786504332e-01
2.9137860025e-01
2.7447967021e-01
2.5803329225e-01
2.4208925482e-01
2.2669106571e-01
2.1069437183e-01
1.9541604249e-01
1.8088330337e-01
1.6711377220e-01
1.5292490678e-01
1.3965995545e-01
1.2730760565e-01
1.1584726702e-01
1.0577355880e-01
9.6447853851e-02
8.7837114693e-02
7.9905581813e-02
7.1701094047e-02
6.4262603444e-02
5.7534170615e-02
5.1460647936e-02
4.4433633989e-02
3.8317145744e-02
3.3006106361e-02
2.8404062764e-02
2.3212646832e-02
1.8947235534e-02
1.5450353875e-02
1.2588597481e-02
1.0310584941e-02
8.4405476895e-03
6.9067906653e-03
5.6497429250e-03
4.4641828292e-03
3.5264002011e-03
2.7849440101e-03
2.1989079369e-03
1.6256652587e-03
1.2017370126e-03
8.8823732869e-04
6.5639094112e-04
4.2492757354e-04
2.7519163377e-04
1.7820755052e-04
1.1532394423e-04
5.4019956928e-05
2.5496739997e-05
1.2030463738e-05
5.6164801910e-06
9.1072955597e-07
2.5171276524e-07
5.2010458160e-08
3.3293266012e-08
5.3661706417e-09
1.4940487053e-09
3.3735934666e-10
3.9749312611e-10
