3.1393538209e-01
3.1393537368e-01
3.1393534846e-01
3.1393530645e-01
3.1393524766e-01
3.1393517534e-01
3.1393508758e-01
3.1393498443e-01
3.1393486593e-01
3.1393473576e-01
3.1393459114e-01
3.1393443214e-01
3.1393425885e-01
3.1393407519e-01
3.1393387796e-01
3.1393366725e-01
3.1393344317e-01
3.1393320987e-01
3.1393296385e-01
3.1393270522e-01
3.1393243409e-01
3.1393215472e-01
3.1393186346e-01
3.1393156044e-01
3.1393124578e-01
3.1393092378e-01
3.1393059071e-01
3.1393024672e-01
3.1392989196e-01
3.1392953056e-01
3.1392915892e-01
3.1392877720e-01
3.1392838557e-01
3.1392798787e-01
3.1392758077e-01
3.1392716443e-01
3.1392673902e-01
3.1392630802e-01
3.1392586843e-01
3.1392542045e-01
3.1392496426e-01
3.1392450272e-01
3.1392403345e-01
3.1392355662e-01
3.1392307244e-01
3.1392258299e-01
3.1392208664e-01
3.1392158358e-01
3.1392107401e-01
3.1392055906e-01
3.1392003804e-01
3.1391951116e-01
3.1391897864e-01
3.1391844035e-01
3.1391789685e-01
3.1391734835e-01
3.1391679507e-01
3.1391623527e-01
3.1391567113e-01
3.1391510285e-01
3.1391453069e-01
3.1391395079e-01
3.1391336742e-01
3.1391278083e-01
3.1391219124e-01
3.1391159173e-01
3.1391098966e-01
3.1391038530e-01
3.1390977889e-01
3.1390915823e-01
3.1390853598e-01
3.1390791243e-01
3.1390728785e-01
3.1390664292e-01
3.1390599749e-01
3.1390535187e-01
3.1390470637e-01
3.1390404831e-01
3.1390339101e-01
3.1390273479e-01
3.1390207998e-01
3.1390142281e-01
3.1390076772e-01
3.1390011504e-01
3.1389946509e-01
3.1389878740e-01
3.1389811344e-01
3.1389744358e-01
3.1389677817e-01
3.1389605744e-01
3.1389534292e-01
3.1389463510e-01
3.1389393443e-01
3.1389332783e-01
3.1389272736e-01
3.1389213331e-01
3.1389154600e-01
3.1389099629e-01
3.1389045313e-01
3.1388991676e-01
3.1388938742e-01
3.1388888285e-01
3.1388838528e-01
3.1388789492e-01
3.1388741197e-01
3.1388694791e-01
3.1388649130e-01
3.1388604232e-01
3.1388560114e-01
3.1388517542e-01
3.1388475758e-01
3.1388434777e-01
3.1388394616e-01
3.1388355781e-01
3.1388317775e-01
3.1388280612e-01
3.1388244307e-01
3.1388209172e-01
3.1388174906e-01
3.1388141522e-01
3.1388109032e-01
3.1388077602e-01
3.1388047082e-01
3.1388017482e-01
3.1387988813e-01
3.1387961122e-01
3.1387934379e-01
3.1387908596e-01
3.1387883782e-01
3.1387859889e-01
3.1387836987e-01
3.1387815086e-01
3.1387794193e-01
3.1387774180e-01
3.1387755205e-01
3.1387737275e-01
3.1387720396e-01
3.1387704377e-01
3.1387689451e-01
3.1387675621e-01
3.1387662895e-01
3.1387651010e-01
3.1387640291e-01
3.1387630743e-01
3.1387622370e-01
3.1387614828e-01
3.1387608596e-01
3.1387603674e-01
3.1387600066e-01
3.1387597766e-01
3.1387596794e-01
3.1387597149e-01
3.1387598832e-01
3.1387601664e-01
3.1387605694e-01
3.1387610921e-01
3.1387617342e-01
3.1387624752e-01
3.1387633291e-01
3.1387642958e-01
3.1387653748e-01
3.1387665479e-01
3.1387678293e-01
3.1387692185e-01
3.1387707150e-01
3.1387723052e-01
3.1387739998e-01
3.1387757983e-01
3.1387776999e-01
3.1387796974e-01
3.1387817959e-01
3.1387839947e-01
3.1387862930e-01
3.1387886912e-01
3.1387911872e-01
3.1387937802e-01
3.1387964692e-01
3.1387992650e-01
3.1388021557e-01
3.1388051400e-01
3.1388082169e-01
3.1388114107e-01
3.1388146963e-01
3.1388180722e-01
3.1388215374e-01
3.1388251337e-01
3.1388288186e-01
3.1388325906e-01
3.1388364484e-01
3.1388404583e-01
3.1388445536e-01
3.1388487329e-01
3.1388529943e-01
3.1388574400e-01
3.1388619681e-01
3.1388665768e-01
3.1388712643e-01
3.1388761920e-01
3.1388811996e-01
3.1388862848e-01
3.1388914454e-01
3.1388969692e-01
3.1389025716e-01
3.1389082498e-01
3.1389140009e-01
3.1389207530e-01
3.1389275948e-01
3.1389345216e-01
3.1389415290e-01
3.1389479368e-01
3.1389544033e-01
3.1389609249e-01
3.1389674980e-01
3.1389738424e-01
3.1389802277e-01
3.1389866507e-01
3.1389931083e-01
3.1389995664e-01
3.1390060523e-01
3.1390125628e-01
3.1390190948e-01
3.1390255165e-01
3.1390319527e-01
3.1390384002e-01
3.1390448561e-01
3.1390511264e-01
3.1390573989e-01
3.1390636708e-01
3.1390699392e-01
3.1390760733e-01
3.1390821987e-01
3.1390883130e-01
3.1390944135e-01
3.1391004223e-01
3.1391064126e-01
3.1391123819e-01
3.1391183277e-01
3.1391242035e-01
3.1391300514e-01
3.1391358688e-01
3.1391416535e-01
3.1391473806e-01
3.1391530704e-01
3.1391587208e-01
3.1391643293e-01
3.1391698882e-01
3.1391754008e-01
3.1391808650e-01
3.1391862784e-01
3.1391916465e-01
3.1391969594e-01
3.1392022149e-01
3.1392074110e-01
3.1392125635e-01
3.1392176519e-01
3.1392226741e-01
3.1392276280e-01
3.1392325382e-01
3.1392373754e-01
3.1392421376e-01
3.1392468228e-01
3.1392514622e-01
3.1392560197e-01
3.1392604933e-01
3.1392648811e-01
3.1392692196e-01
3.1392734671e-01
3.1392776218e-01
3.1392816820e-01
3.1392856876e-01
3.1392895932e-01
3.1392933970e-01
3.1392970974e-01
3.1393007368e-01
3.1393042670e-01
3.1393076862e-01
3.1393109931e-01
3.1393142313e-01
3.1393173509e-01
3.1393203504e-01
3.1393232284e-01
3.1393260290e-01
3.1393287013e-01
3.1393312442e-01
3.1393336565e-01
3.1393359816e-01
3.1393381684e-01
3.1393402158e-01
3.1393421229e-01
3.1393439329e-01
3.1393455931e-01
3.1393471028e-01
3.1393484612e-01
3.1393497124e-01
3.1393507985e-01
3.1393517189e-01
3.1393524731e-01
3.1393530626e-01
3.1393534838e-01
3.1393537366e-01
3.1393538209e-01
