0.0000000000e+00
3.1145376807e-03
6.2290753615e-03
9.3436130422e-03
1.2458150723e-02
1.5474178914e-02
1.8490207106e-02
2.1506235297e-02
2.4522263489e-02
2.7495919016e-02
3.0469574543e-02
3.3443230070e-02
3.6416885597e-02
3.9397114073e-02
4.2377342548e-02
4.5357571024e-02
4.8337799499e-02
5.1411336245e-02
5.4484872991e-02
5.7558409738e-02
6.0631946484e-02
6.4123073776e-02
6.7614201068e-02
7.1105328360e-02
7.4596455653e-02
7.7823315439e-02
8.1050175225e-02
8.4277035011e-02
8.7503894797e-02
9.0476416136e-02
9.3448937475e-02
9.6421458814e-02
9.9393980153e-02
1.0222242265e-01
1.0505086515e-01
1.0787930764e-01
1.1070775014e-01
1.1349114195e-01
1.1627453375e-01
1.1905792556e-01
1.2184131736e-01
1.2460973907e-01
1.2737816078e-01
1.3014658249e-01
1.3291500420e-01
1.3553480401e-01
1.3815460382e-01
1.4077440363e-01
1.4339420344e-01
1.4599602328e-01
1.4859784312e-01
1.5119966296e-01
1.5380148280e-01
1.5649805995e-01
1.5919463711e-01
1.6189121427e-01
1.6458779143e-01
1.6747692163e-01
1.7036605184e-01
1.7325518204e-01
1.7614431224e-01
1.7937405457e-01
1.8260379690e-01
1.8583353922e-01
1.8906328155e-01
1.9183458832e-01
1.9460589509e-01
1.9737720186e-01
2.0014850863e-01
2.0281804194e-01
2.0548757524e-01
2.0815710855e-01
2.1082664185e-01
2.1348957307e-01
2.1615250430e-01
2.1881543552e-01
2.2147836674e-01
2.2420553791e-01
2.2693270908e-01
2.2965988025e-01
2.3238705141e-01
2.3528066244e-01
2.3817427347e-01
2.4106788449e-01
2.4396149552e-01
2.4729370306e-01
2.5062591061e-01
2.5395811815e-01
2.5729032569e-01
2.6040463547e-01
2.6351894525e-01
2.6663325503e-01
2.6974756481e-01
2.7293824100e-01
2.7612891719e-01
2.7931959338e-01
2.8251026957e-01
2.8597600349e-01
2.8944173742e-01
2.9290747134e-01
2.9637320527e-01
3.0113617385e-01
3.0589914243e-01
3.1066211101e-01
3.1542507958e-01
3.1906630703e-01
3.2270753447e-01
3.2634876191e-01
3.2998998936e-01
3.3352654490e-01
3.3706310044e-01
3.4059965598e-01
3.4413621152e-01
3.4767993974e-01
3.5122366796e-01
3.5476739619e-01
3.5831112441e-01
3.6191953239e-01
3.6552794037e-01
3.6913634835e-01
3.7274475633e-01
3.7646180674e-01
3.8017885716e-01
3.8389590757e-01
3.8761295798e-01
3.9148080843e-01
3.9534865887e-01
3.9921650932e-01
4.0308435977e-01
4.0715100339e-01
4.1121764700e-01
4.1528429062e-01
4.1935093424e-01
4.2368243181e-01
4.2801392939e-01
4.3234542696e-01
4.3667692453e-01
4.4136876985e-01
4.4606061517e-01
4.5075246049e-01
4.5544430581e-01
4.6053114762e-01
4.6561798943e-01
4.7070483124e-01
4.7579167305e-01
4.8136392655e-01
4.8693618005e-01
4.9250843355e-01
4.9808068705e-01
5.0319745461e-01
5.0831422217e-01
5.1343098973e-01
5.1854775729e-01
5.2336017751e-01
5.2817259774e-01
5.3298501797e-01
5.3779743819e-01
5.4226959568e-01
5.4674175318e-01
5.5121391067e-01
5.5568606816e-01
5.5986912670e-01
5.6405218524e-01
5.6823524377e-01
5.7241830231e-01
5.7638550420e-01
5.8035270609e-01
5.8431990798e-01
5.8828710987e-01
5.9208599881e-01
5.9588488775e-01
5.9968377669e-01
6.0348266562e-01
6.0715276520e-01
6.1082286477e-01
6.1449296434e-01
6.1816306391e-01
6.2174262799e-01
6.2532219207e-01
6.2890175616e-01
6.3248132024e-01
6.3601471624e-01
6.3954811223e-01
6.4308150823e-01
6.4661490422e-01
6.5017073661e-01
6.5372656901e-01
6.5728240140e-01
6.6083823379e-01
6.6459767546e-01
6.6835711713e-01
6.7211655881e-01
6.7587600048e-01
6.7982495496e-01
6.8377390944e-01
6.8772286392e-01
6.9167181840e-01
6.9505961648e-01
6.9844741457e-01
7.0183521265e-01
7.0522301073e-01
7.0840551861e-01
7.1158802649e-01
7.1477053438e-01
7.1795304226e-01
7.2106707269e-01
7.2418110312e-01
7.2729513355e-01
7.3040916397e-01
7.3373130222e-01
7.3705344046e-01
7.4037557870e-01
7.4369771694e-01
7.4660221734e-01
7.4950671774e-01
7.5241121814e-01
7.5531571854e-01
7.5805509288e-01
7.6079446722e-01
7.6353384155e-01
7.6627321589e-01
7.6894101441e-01
7.7160881294e-01
7.7427661147e-01
7.7694440999e-01
7.7960921630e-01
7.8227402261e-01
7.8493882892e-01
7.8760363523e-01
7.9036626726e-01
7.9312889929e-01
7.9589153132e-01
7.9865416334e-01
8.0185699835e-01
8.0505983335e-01
8.0826266836e-01
8.1146550337e-01
8.1437351611e-01
8.1728152885e-01
8.2018954160e-01
8.2309755434e-01
8.2582824119e-01
8.2855892804e-01
8.3128961489e-01
8.3402030174e-01
8.3662782625e-01
8.3923535076e-01
8.4184287527e-01
8.4445039979e-01
8.4706216288e-01
8.4967392597e-01
8.5228568906e-01
8.5489745215e-01
8.5763099041e-01
8.6036452866e-01
8.6309806692e-01
8.6583160517e-01
8.6862342251e-01
8.7141523984e-01
8.7420705717e-01
8.7699887451e-01
8.7981699383e-01
8.8263511316e-01
8.8545323248e-01
8.8827135180e-01
8.9124367554e-01
8.9421599928e-01
8.9718832302e-01
9.0016064676e-01
9.0340948129e-01
9.0665831583e-01
9.0990715037e-01
9.1315598491e-01
9.1659925175e-01
9.2004251860e-01
9.2348578545e-01
9.2692905230e-01
9.3000091718e-01
9.3307278205e-01
9.3614464692e-01
9.3921651180e-01
9.4219820761e-01
9.4517990343e-01
9.4816159924e-01
9.5114329505e-01
9.5411632290e-01
9.5708935075e-01
9.6006237859e-01
9.6303540644e-01
9.6605006822e-01
9.6906473000e-01
9.7207939178e-01
9.7509405356e-01
9.7820729686e-01
9.8132054017e-01
9.8443378347e-01
9.8754702678e-01
9.9066027008e-01
9.9377351339e-01
9.9688675669e-01
1.0000000000e+00
