0.0000000000e+00
5.0984282591e-03
1.0196856518e-02
1.5295284777e-02
2.0393713036e-02
2.4016163628e-02
2.7638614220e-02
3.1261064812e-02
3.4883515403e-02
3.7898107363e-02
4.0912699323e-02
4.3927291283e-02
4.6941883243e-02
4.9694498794e-02
5.2447114345e-02
5.5199729897e-02
5.7952345448e-02
6.0780873910e-02
6.3609402371e-02
6.6437930832e-02
6.9266459294e-02
7.1989029289e-02
7.4711599284e-02
7.7434169279e-02
8.0156739275e-02
8.2637550301e-02
8.5118361327e-02
8.7599172353e-02
9.0079983380e-02
9.2390744438e-02
9.4701505496e-02
9.7012266554e-02
9.9323027613e-02
1.0183281242e-01
1.0434259724e-01
1.0685238205e-01
1.0936216686e-01
1.1180649537e-01
1.1425082388e-01
1.1669515239e-01
1.1913948090e-01
1.2156457986e-01
1.2398967881e-01
1.2641477777e-01
1.2883987673e-01
1.3188966681e-01
1.3493945688e-01
1.3798924696e-01
1.4103903703e-01
1.4405678821e-01
1.4707453939e-01
1.5009229056e-01
1.5311004174e-01
1.5641244789e-01
1.5971485405e-01
1.6301726020e-01
1.6631966635e-01
1.6955865233e-01
1.7279763830e-01
1.7603662427e-01
1.7927561024e-01
1.8283064591e-01
1.8638568158e-01
1.8994071726e-01
1.9349575293e-01
1.9759467379e-01
2.0169359466e-01
2.0579251552e-01
2.0989143639e-01
2.1487944026e-01
2.1986744413e-01
2.2485544801e-01
2.2984345188e-01
2.3576266470e-01
2.4168187753e-01
2.4760109035e-01
2.5352030318e-01
2.5829576077e-01
2.6307121836e-01
2.6784667596e-01
2.7262213355e-01
2.7676147322e-01
2.8090081290e-01
2.8504015257e-01
2.8917949224e-01
2.9280031601e-01
2.9642113978e-01
3.0004196355e-01
3.0366278731e-01
3.0694838700e-01
3.1023398668e-01
3.1351958636e-01
3.1680518604e-01
3.2007260403e-01
3.2334002202e-01
3.2660744000e-01
3.2987485799e-01
3.3338073074e-01
3.3688660349e-01
3.4039247625e-01
3.4389834900e-01
3.4668338502e-01
3.4946842105e-01
3.5225345708e-01
3.5503849310e-01
3.5763422792e-01
3.6022996273e-01
3.6282569755e-01
3.6542143236e-01
3.6782848579e-01
3.7023553922e-01
3.7264259264e-01
3.7504964607e-01
3.7757762952e-01
3.8010561298e-01
3.8263359643e-01
3.8516157988e-01
3.8756292941e-01
3.8996427894e-01
3.9236562847e-01
3.9476697800e-01
3.9714368191e-01
3.9952038583e-01
4.0189708974e-01
4.0427379365e-01
4.0708812716e-01
4.0990246067e-01
4.1271679418e-01
4.1553112769e-01
4.1897334463e-01
4.2241556156e-01
4.2585777849e-01
4.2929999543e-01
4.3207321195e-01
4.3484642847e-01
4.3761964500e-01
4.4039286152e-01
4.4351799802e-01
4.4664313452e-01
4.4976827103e-01
4.5289340753e-01
4.5710755099e-01
4.6132169446e-01
4.6553583792e-01
4.6974998138e-01
4.7529155643e-01
4.8083313148e-01
4.8637470653e-01
4.9191628158e-01
4.9713550877e-01
5.0235473596e-01
5.0757396315e-01
5.1279319034e-01
5.1709613756e-01
5.2139908479e-01
5.2570203201e-01
5.3000497923e-01
5.3322369235e-01
5.3644240547e-01
5.3966111858e-01
5.4287983170e-01
5.4571814258e-01
5.4855645346e-01
5.5139476434e-01
5.5423307521e-01
5.5699005394e-01
5.5974703266e-01
5.6250401138e-01
5.6526099010e-01
5.6830264770e-01
5.7134430529e-01
5.7438596289e-01
5.7742762048e-01
5.7994822840e-01
5.8246883632e-01
5.8498944424e-01
5.8751005216e-01
5.8985644587e-01
5.9220283958e-01
5.9454923329e-01
5.9689562700e-01
5.9929581005e-01
6.0169599310e-01
6.0409617616e-01
6.0649635921e-01
6.0906727005e-01
6.1163818089e-01
6.1420909173e-01
6.1678000257e-01
6.1915177616e-01
6.2152354976e-01
6.2389532335e-01
6.2626709694e-01
6.2895875530e-01
6.3165041365e-01
6.3434207200e-01
6.3703373036e-01
6.3990002553e-01
6.4276632070e-01
6.4563261587e-01
6.4849891104e-01
6.5198930397e-01
6.5547969690e-01
6.5897008983e-01
6.6246048276e-01
6.6566097150e-01
6.6886146024e-01
6.7206194899e-01
6.7526243773e-01
6.7866468685e-01
6.8206693598e-01
6.8546918511e-01
6.8887143424e-01
6.9272825213e-01
6.9658507001e-01
7.0044188790e-01
7.0429870579e-01
7.0890948284e-01
7.1352025988e-01
7.1813103693e-01
7.2274181398e-01
7.2828506370e-01
7.3382831341e-01
7.3937156312e-01
7.4491481283e-01
7.5001740203e-01
7.5511999123e-01
7.6022258043e-01
7.6532516963e-01
7.6987755633e-01
7.7442994303e-01
7.7898232973e-01
7.8353471642e-01
7.8731099795e-01
7.9108727947e-01
7.9486356099e-01
7.9863984252e-01
8.0202394161e-01
8.0540804071e-01
8.0879213981e-01
8.1217623890e-01
8.1537886865e-01
8.1858149840e-01
8.2178412814e-01
8.2498675789e-01
8.2899479698e-01
8.3300283607e-01
8.3701087516e-01
8.4101891425e-01
8.4392669947e-01
8.4683448468e-01
8.4974226990e-01
8.5265005511e-01
8.5532152786e-01
8.5799300060e-01
8.6066447334e-01
8.6333594608e-01
8.6571638426e-01
8.6809682243e-01
8.7047726061e-01
8.7285769878e-01
8.7539942122e-01
8.7794114366e-01
8.8048286610e-01
8.8302458854e-01
8.8546083746e-01
8.8789708638e-01
8.9033333530e-01
8.9276958421e-01
8.9510143370e-01
8.9743328318e-01
8.9976513266e-01
9.0209698214e-01
9.0460051512e-01
9.0710404810e-01
9.0960758108e-01
9.1211111406e-01
9.1522230925e-01
9.1833350445e-01
9.2144469965e-01
9.2455589485e-01
9.2729332816e-01
9.3003076147e-01
9.3276819478e-01
9.3550562809e-01
9.3835465857e-01
9.4120368904e-01
9.4405271952e-01
9.4690175000e-01
9.5028363673e-01
9.5366552346e-01
9.5704741019e-01
9.6042929692e-01
9.6536555709e-01
9.7030181726e-01
9.7523807743e-01
9.8017433760e-01
9.8513075320e-01
9.9008716880e-01
9.9504358440e-01
1.0000000000e+00
