0.0000000000e+00
2.9685592189e-03
5.9371184378e-03
8.9056776566e-03
1.1874236876e-02
1.4750984575e-02
1.7627732275e-02
2.0504479975e-02
2.3381227675e-02
2.6215314497e-02
2.9049401319e-02
3.1883488142e-02
3.4717574964e-02
3.7536072093e-02
4.0354569222e-02
4.3173066352e-02
4.5991563481e-02
4.8816804724e-02
5.1642045967e-02
5.4467287211e-02
5.7292528454e-02
6.0148791688e-02
6.3005054922e-02
6.5861318156e-02
6.8717581390e-02
7.1638330826e-02
7.4559080261e-02
7.7479829696e-02
8.0400579131e-02
8.3448950473e-02
8.6497321814e-02
8.9545693155e-02
9.2594064497e-02
9.5962853863e-02
9.9331643228e-02
1.0270043259e-01
1.0606922196e-01
1.0943841917e-01
1.1280761639e-01
1.1617681360e-01
1.1954601081e-01
1.2262303559e-01
1.2570006037e-01
1.2877708514e-01
1.3185410992e-01
1.3482046485e-01
1.3778681979e-01
1.4075317473e-01
1.4371952966e-01
1.4663768595e-01
1.4955584223e-01
1.5247399851e-01
1.5539215479e-01
1.5830277202e-01
1.6121338925e-01
1.6412400648e-01
1.6703462371e-01
1.6998045200e-01
1.7292628029e-01
1.7587210857e-01
1.7881793686e-01
1.8186312014e-01
1.8490830341e-01
1.8795348669e-01
1.9099866997e-01
1.9398470168e-01
1.9697073339e-01
1.9995676510e-01
2.0294279681e-01
2.0595783967e-01
2.0897288252e-01
2.1198792538e-01
2.1500296823e-01
2.1809881538e-01
2.2119466253e-01
2.2429050969e-01
2.2738635684e-01
2.3065967031e-01
2.3393298378e-01
2.3720629725e-01
2.4047961072e-01
2.4378421266e-01
2.4708881460e-01
2.5039341653e-01
2.5369801847e-01
2.5695223778e-01
2.6020645709e-01
2.6346067640e-01
2.6671489571e-01
2.7000232920e-01
2.7328976270e-01
2.7657719619e-01
2.7986462968e-01
2.8323848559e-01
2.8661234150e-01
2.8998619741e-01
2.9336005332e-01
2.9688890481e-01
3.0041775631e-01
3.0394660780e-01
3.0747545930e-01
3.1130782229e-01
3.1514018529e-01
3.1897254828e-01
3.2280491127e-01
3.2717759932e-01
3.3155028737e-01
3.3592297542e-01
3.4029566347e-01
3.4412778516e-01
3.4795990685e-01
3.5179202853e-01
3.5562415022e-01
3.5933053841e-01
3.6303692660e-01
3.6674331479e-01
3.7044970298e-01
3.7411470008e-01
3.7777969718e-01
3.8144469428e-01
3.8510969139e-01
3.8877499854e-01
3.9244030570e-01
3.9610561286e-01
3.9977092002e-01
4.0346417523e-01
4.0715743044e-01
4.1085068565e-01
4.1454394085e-01
4.1828723407e-01
4.2203052729e-01
4.2577382050e-01
4.2951711372e-01
4.3333126865e-01
4.3714542357e-01
4.4095957850e-01
4.4477373343e-01
4.4868372479e-01
4.5259371615e-01
4.5650370751e-01
4.6041369887e-01
4.6446495508e-01
4.6851621129e-01
4.7256746750e-01
4.7661872371e-01
4.8092687491e-01
4.8523502610e-01
4.8954317730e-01
4.9385132850e-01
4.9807987631e-01
5.0230842413e-01
5.0653697194e-01
5.1076551976e-01
5.1477780241e-01
5.1879008506e-01
5.2280236770e-01
5.2681465035e-01
5.3070466303e-01
5.3459467572e-01
5.3848468840e-01
5.4237470108e-01
5.4617620499e-01
5.4997770890e-01
5.5377921281e-01
5.5758071673e-01
5.6131572735e-01
5.6505073798e-01
5.6878574861e-01
5.7252075923e-01
5.7620908940e-01
5.7989741956e-01
5.8358574973e-01
5.8727407989e-01
5.9093758737e-01
5.9460109485e-01
5.9826460232e-01
6.0192810980e-01
6.0559540620e-01
6.0926270260e-01
6.1292999900e-01
6.1659729540e-01
6.2031565364e-01
6.2403401189e-01
6.2775237013e-01
6.3147072838e-01
6.3538126564e-01
6.3929180291e-01
6.4320234018e-01
6.4711287744e-01
6.5181155781e-01
6.5651023818e-01
6.6120891855e-01
6.6590759892e-01
6.6964655863e-01
6.7338551833e-01
6.7712447803e-01
6.8086343773e-01
6.8435849880e-01
6.8785355988e-01
6.9134862095e-01
6.9484368202e-01
6.9820357560e-01
7.0156346918e-01
7.0492336276e-01
7.0828325634e-01
7.1156499120e-01
7.1484672605e-01
7.1812846090e-01
7.2141019575e-01
7.2466456402e-01
7.2791893228e-01
7.3117330055e-01
7.3442766881e-01
7.3774780227e-01
7.4106793573e-01
7.4438806919e-01
7.4770820264e-01
7.5095847603e-01
7.5420874941e-01
7.5745902280e-01
7.6070929618e-01
7.6379975712e-01
7.6689021807e-01
7.6998067901e-01
7.7307113995e-01
7.7608531997e-01
7.7909950000e-01
7.8211368002e-01
7.8512786005e-01
7.8811387394e-01
7.9109988784e-01
7.9408590174e-01
7.9707191563e-01
8.0011851286e-01
8.0316511009e-01
8.0621170732e-01
8.0925830456e-01
8.1220460343e-01
8.1515090231e-01
8.1809720118e-01
8.2104350005e-01
8.2395435271e-01
8.2686520537e-01
8.2977605804e-01
8.3268691070e-01
8.3560458510e-01
8.3852225950e-01
8.4143993390e-01
8.4435760831e-01
8.4732407224e-01
8.5029053617e-01
8.5325700010e-01
8.5622346403e-01
8.5930975261e-01
8.6239604119e-01
8.6548232977e-01
8.6856861835e-01
8.7200427426e-01
8.7543993016e-01
8.7887558607e-01
8.8231124197e-01
8.8562603412e-01
8.8894082626e-01
8.9225561841e-01
8.9557041055e-01
8.9861101554e-01
9.0165162053e-01
9.0469222553e-01
9.0773283052e-01
9.1065435899e-01
9.1357588746e-01
9.1649741593e-01
9.1941894441e-01
9.2227678104e-01
9.2513461767e-01
9.2799245431e-01
9.3085029094e-01
9.3367639615e-01
9.3650250136e-01
9.3932860656e-01
9.4215471177e-01
9.4497304118e-01
9.4779137060e-01
9.5060970001e-01
9.5342802942e-01
9.5626096079e-01
9.5909389215e-01
9.6192682351e-01
9.6475975487e-01
9.6763499731e-01
9.7051023976e-01
9.7338548220e-01
9.7626072464e-01
9.7922813406e-01
9.8219554348e-01
9.8516295290e-01
9.8813036232e-01
9.9109777174e-01
9.9406518116e-01
9.9703259058e-01
1.0000000000e+00
