6.1974537966e-10
1.9476555532e-10
1.2035957446e-09
3.3944642031e-09
3.1516755244e-08
9.0657804328e-08
2.5082439251e-07
6.9114441906e-07
1.9796549286e-06
3.8358497438e-06
7.3926035854e-06
1.4245842385e-05
2.7557751331e-05
4.3661314616e-05
6.9114849622e-05
1.0940449046e-04
1.7328770461e-04
2.4483039374e-04
3.4582898325e-04
4.8846671761e-04
6.8999367742e-04
9.0981411934e-04
1.1994885215e-03
1.5812136206e-03
2.0842133907e-03
2.6365802441e-03
3.3346558628e-03
4.2166064634e-03
5.3304030654e-03
6.8483250053e-03
8.7935857260e-03
1.1283761788e-02
1.4466832859e-02
1.7232061776e-02
2.0512287406e-02
2.4397858863e-02
2.8992593961e-02
3.3161543605e-02
3.7900828354e-02
4.3279512495e-02
4.9372244962e-02
5.5468261084e-02
6.2254299101e-02
6.9792045312e-02
7.8144414536e-02
8.8192525040e-02
9.9350554721e-02
1.1169193656e-01
1.2528195597e-01
1.3778360576e-01
1.5123981376e-01
1.6566422307e-01
1.8105881950e-01
1.9607976596e-01
2.1189415259e-01
2.2847145958e-01
2.4577005909e-01
2.6522478155e-01
2.8538081897e-01
3.0614531606e-01
3.2741478175e-01
3.4786710615e-01
3.6857143388e-01
3.8942716150e-01
4.1033382704e-01
4.3321512040e-01
4.5591519559e-01
4.7831836219e-01
5.0031908006e-01
5.2420710480e-01
5.4736935212e-01
5.6971343504e-01
5.9116572447e-01
6.1398293028e-01
6.3556773739e-01
6.5588958802e-01
6.7493766305e-01
6.9300003534e-01
7.0977358679e-01
7.2529072418e-01
7.3959297277e-01
7.5456103393e-01
7.6807596414e-01
7.8022308782e-01
7.9109015855e-01
8.0392508252e-01
8.1478783707e-01
8.2388335958e-01
8.3140417043e-01
8.3863572427e-01
8.4411640415e-01
8.4809790170e-01
8.5080143911e-01
8.5245160400e-01
8.5313499658e-01
8.5300748886e-01
8.5220239327e-01
8.5069177124e-01
8.4863803819e-01
8.4614425873e-01
8.4329647200e-01
8.3962114525e-01
8.3565426655e-01
8.3147144634e-01
8.2713357650e-01
8.2164113531e-01
8.1605862619e-01
8.1044132044e-01
8.0483116012e-01
7.9743745625e-01
7.9016460826e-01
7.8304838894e-01
7.7611118568e-01
7.6812856552e-01
7.6042111318e-01
7.5298219299e-01
7.4579308377e-01
7.3893920824e-01
7.3225577511e-01
7.2568759825e-01
7.1916383053e-01
7.1393261471e-01
7.0861979347e-01
7.0316275131e-01
6.9748994426e-01
6.9260190862e-01
6.8746407321e-01
6.8202393479e-01
6.7622655744e-01
6.7045723349e-01
6.6428429116e-01
6.5766497861e-01
6.5056094724e-01
6.4338531745e-01
6.3573184738e-01
6.2759348830e-01
6.1897722457e-01
6.1082669197e-01
6.0233934788e-01
5.9356228030e-01
5.8455923620e-01
5.7598053250e-01
5.6735603378e-01
5.5878077925e-01
5.5036205461e-01
5.4162259792e-01
5.3335652509e-01
5.2572489637e-01
5.1888791019e-01
5.1384711157e-01
5.0956702340e-01
5.0612185702e-01
5.0357307483e-01
5.0196646569e-01
5.0133394308e-01
5.0168726726e-01
5.0301987586e-01
5.0626246603e-01
5.1108481030e-01
5.1733604101e-01
5.2482857105e-01
5.3161687063e-01
5.3895286248e-01
5.4671708761e-01
5.5479232746e-01
5.6420747485e-01
5.7372917011e-01
5.8322402241e-01
5.9257818398e-01
6.0422598984e-01
6.1534303964e-01
6.2583251422e-01
6.3564210640e-01
6.4391345956e-01
6.5162615883e-01
6.5880425079e-01
6.6548250961e-01
6.7306496075e-01
6.8004321845e-01
6.8650661887e-01
6.9254355597e-01
6.9983620422e-01
7.0672432150e-01
7.1335261903e-01
7.1984472556e-01
7.2647823422e-01
7.3316737000e-01
7.3998434347e-01
7.4698493270e-01
7.5333494013e-01
7.5987955587e-01
7.6663162516e-01
7.7359680504e-01
7.7915114629e-01
7.8482856223e-01
7.9062081352e-01
7.9651502912e-01
8.0145454025e-01
8.0643702995e-01
8.1144391646e-01
8.1645121498e-01
8.2071366401e-01
8.2493010909e-01
8.2907091241e-01
8.3309964031e-01
8.3653826433e-01
8.3981670858e-01
8.4289003474e-01
8.4570448110e-01
8.4806436058e-01
8.5007318715e-01
8.5165549292e-01
8.5272231985e-01
8.5316504094e-01
8.5292432919e-01
8.5187314098e-01
8.4986412943e-01
8.4720238040e-01
8.4355777961e-01
8.3878656781e-01
8.3272823541e-01
8.2721091662e-01
8.2078106904e-01
8.1335065815e-01
8.0482650354e-01
7.9646517006e-01
7.8713991137e-01
7.7678311471e-01
7.6532665516e-01
7.5382035545e-01
7.4128589910e-01
7.2767549720e-01
7.1294530066e-01
6.9473914178e-01
6.7498300545e-01
6.5364874247e-01
6.3072956184e-01
6.1212055451e-01
5.9261400142e-01
5.7224326048e-01
5.5105523032e-01
5.3177766501e-01
5.1196616783e-01
4.9168211542e-01
4.7099633267e-01
4.5009399613e-01
4.2896034108e-01
4.0768978992e-01
3.8638262692e-01
3.6515654213e-01
3.4410483028e-01
3.2333359491e-01
3.0294630087e-01
2.8303230663e-01
2.6369259283e-01
2.4500892644e-01
2.2705207466e-01
2.0822221111e-01
1.9040073087e-01
1.7362832862e-01
1.5792735160e-01
1.4283198623e-01
1.2887476689e-01
1.1602943789e-01
1.0425757342e-01
9.3089703788e-02
8.2971317263e-02
7.3835309488e-02
6.5611750854e-02
5.5745114097e-02
4.7266154476e-02
4.0007663363e-02
3.3814135303e-02
2.6496237510e-02
2.0720026262e-02
1.6177303896e-02
1.2614583203e-02
9.9454938205e-03
7.8358117366e-03
6.1702493386e-03
4.8564844810e-03
3.6096675670e-03
2.6820763528e-03
1.9922735850e-03
1.4794322738e-03
9.6443335204e-04
6.2884883517e-04
4.0997573470e-04
2.6710018148e-04
1.2469373085e-04
5.8661682786e-05
2.7588025966e-05
1.2834221539e-05
1.9699308044e-06
5.5386817836e-07
1.0941566364e-07
8.1106185112e-08
1.2429390863e-08
3.5180639099e-09
7.6821283762e-10
1.0273758899e-09
