2.8831560707e-01
2.8831719771e-01
2.8832196942e-01
2.8832992155e-01
2.8834105296e-01
2.8835117969e-01
2.8836299700e-01
2.8837650367e-01
2.8839169812e-01
2.8840609589e-01
2.8842173596e-01
2.8843861643e-01
2.8845673498e-01
2.8847481243e-01
2.8849396930e-01
2.8851420232e-01
2.8853550761e-01
2.8856663436e-01
2.8859977640e-01
2.8863491550e-01
2.8867202912e-01
2.8869830005e-01
2.8872545577e-01
2.8875348464e-01
2.8878237349e-01
2.8881018367e-01
2.8883872074e-01
2.8886796944e-01
2.8889791287e-01
2.8892830687e-01
2.8895934713e-01
2.8899101180e-01
2.8902327710e-01
2.8906096921e-01
2.8909937484e-01
2.8913844864e-01
2.8917814193e-01
2.8921331279e-01
2.8924888070e-01
2.8928480713e-01
2.8932105185e-01
2.8936123064e-01
2.8940168630e-01
2.8944235945e-01
2.8948318909e-01
2.8952891323e-01
2.8957466633e-01
2.8962035872e-01
2.8966589996e-01
2.8972666212e-01
2.8978676893e-01
2.8984600365e-01
2.8990415334e-01
2.8995080268e-01
2.8999647482e-01
2.9004106235e-01
2.9008446147e-01
2.9012973028e-01
2.9017338742e-01
2.9021531942e-01
2.9025541876e-01
2.9029904368e-01
2.9033997872e-01
2.9037809126e-01
2.9041325937e-01
2.9045146719e-01
2.9048509026e-01
2.9051397694e-01
2.9053799670e-01
2.9055915337e-01
2.9057382195e-01
2.9058190704e-01
2.9058334508e-01
2.9057862290e-01
2.9056802168e-01
2.9055156409e-01
2.9052929716e-01
2.9050521391e-01
2.9047683676e-01
2.9044424319e-01
2.9040752561e-01
2.9037335648e-01
2.9033639170e-01
2.9029671294e-01
2.9025441001e-01
2.9021412035e-01
2.9017185662e-01
2.9012770194e-01
2.9008174489e-01
2.9003382862e-01
2.8998428740e-01
2.8993322769e-01
2.8988076115e-01
2.8981457203e-01
2.8974666310e-01
2.8967726978e-01
2.8960663585e-01
2.8955856441e-01
2.8951012281e-01
2.8946138934e-01
2.8941244274e-01
2.8936645146e-01
2.8932040695e-01
2.8927437346e-01
2.8922841449e-01
2.8918673001e-01
2.8914520509e-01
2.8910388487e-01
2.8906281327e-01
2.8901902753e-01
2.8897562862e-01
2.8893266527e-01
2.8889018393e-01
2.8885086159e-01
2.8881203513e-01
2.8877373671e-01
2.8873599648e-01
2.8869948025e-01
2.8866355490e-01
2.8862824330e-01
2.8859356648e-01
2.8855594884e-01
2.8851915606e-01
2.8848320943e-01
2.8844812793e-01
2.8840575988e-01
2.8836478219e-01
2.8832521894e-01
2.8828709051e-01
2.8825588324e-01
2.8822572975e-01
2.8819663764e-01
2.8816861338e-01
2.8813955262e-01
2.8811174963e-01
2.8808520929e-01
2.8805993561e-01
2.8803051240e-01
2.8800302624e-01
2.8797748110e-01
2.8795388011e-01
2.8792585834e-01
2.8790119377e-01
2.8787988931e-01
2.8786194701e-01
2.8784693590e-01
2.8783551978e-01
2.8782769936e-01
2.8782347506e-01
2.8782282651e-01
2.8782564533e-01
2.8783193140e-01
2.8784168439e-01
2.8785316664e-01
2.8786734623e-01
2.8788422235e-01
2.8790379387e-01
2.8792101605e-01
2.8793989198e-01
2.8796042039e-01
2.8798259971e-01
2.8800300589e-01
2.8802463155e-01
2.8804747477e-01
2.8807153320e-01
2.8809566888e-01
2.8812090987e-01
2.8814725266e-01
2.8817469303e-01
2.8820521302e-01
2.8823697267e-01
2.8826996341e-01
2.8830417506e-01
2.8833541488e-01
2.8836758922e-01
2.8840068702e-01
2.8843469561e-01
2.8846789358e-01
2.8850188940e-01
2.8853666733e-01
2.8857220980e-01
2.8860707701e-01
2.8864261343e-01
2.8867879806e-01
2.8871560795e-01
2.8876139299e-01
2.8880802450e-01
2.8885544838e-01
2.8890360601e-01
2.8894330949e-01
2.8898342139e-01
2.8902390378e-01
2.8906471699e-01
2.8910946481e-01
2.8915450041e-01
2.8919976680e-01
2.8924520534e-01
2.8929651392e-01
2.8934787730e-01
2.8939920677e-01
2.8945041275e-01
2.8951800331e-01
2.8958500806e-01
2.8965121890e-01
2.8971643100e-01
2.8976940482e-01
2.8982145046e-01
2.8987246117e-01
2.8992233363e-01
2.8997450389e-01
2.9002512885e-01
2.9007409587e-01
2.9012129802e-01
2.9017292208e-01
2.9022197107e-01
2.9026831412e-01
2.9031183051e-01
2.9036013510e-01
2.9040404435e-01
2.9044340703e-01
2.9047809194e-01
2.9051242113e-01
2.9054012123e-01
2.9056108350e-01
2.9057523302e-01
2.9058224483e-01
2.9058330882e-01
2.9057844186e-01
2.9056768565e-01
2.9055314983e-01
2.9053403151e-01
2.9051041180e-01
2.9048238853e-01
2.9045610188e-01
2.9042698278e-01
2.9039511220e-01
2.9036057936e-01
2.9032731423e-01
2.9029204964e-01
2.9025486797e-01
2.9021585715e-01
2.9017701733e-01
2.9013668316e-01
2.9009494481e-01
2.9005189675e-01
2.9000433810e-01
2.8995551085e-01
2.8990554691e-01
2.8985458260e-01
2.8981115673e-01
2.8976721002e-01
2.8972282836e-01
2.8967809865e-01
2.8963417564e-01
2.8959008605e-01
2.8954591144e-01
2.8950173288e-01
2.8946441428e-01
2.8942719812e-01
2.8939013142e-01
2.8935326017e-01
2.8931566977e-01
2.8927837953e-01
2.8924143486e-01
2.8920487938e-01
2.8916817314e-01
2.8913195354e-01
2.8909625993e-01
2.8906112937e-01
2.8902899774e-01
2.8899740897e-01
2.8896638729e-01
2.8893595514e-01
2.8890371187e-01
2.8887220719e-01
2.8884146293e-01
2.8881149878e-01
2.8877860942e-01
2.8874676080e-01
2.8871597279e-01
2.8868626271e-01
2.8865831605e-01
2.8863142284e-01
2.8860559350e-01
2.8858083698e-01
2.8855674998e-01
2.8853378905e-01
2.8851195999e-01
2.8849126772e-01
2.8846874558e-01
2.8844775671e-01
2.8842830543e-01
2.8841039523e-01
2.8838819505e-01
2.8836894643e-01
2.8835265360e-01
2.8833931964e-01
2.8832894641e-01
2.8832153598e-01
2.8831708935e-01
2.8831560708e-01
