0.0000000000e+00
3.5718750170e-03
7.1437500340e-03
1.0715625051e-02
1.4287500068e-02
1.7310632784e-02
2.0333765499e-02
2.3356898215e-02
2.6380030930e-02
2.9136528080e-02
3.1893025231e-02
3.4649522381e-02
3.7406019531e-02
4.0285054952e-02
4.3164090372e-02
4.6043125793e-02
4.8922161213e-02
5.1601852027e-02
5.4281542841e-02
5.6961233654e-02
5.9640924468e-02
6.2173725289e-02
6.4706526109e-02
6.7239326930e-02
6.9772127751e-02
7.2087539114e-02
7.4402950478e-02
7.6718361841e-02
7.9033773205e-02
8.1967047164e-02
8.4900321123e-02
8.7833595082e-02
9.0766869041e-02
9.3132882340e-02
9.5498895639e-02
9.7864908938e-02
1.0023092224e-01
1.0274552335e-01
1.0526012445e-01
1.0777472556e-01
1.1028932667e-01
1.1309312031e-01
1.1589691395e-01
1.1870070758e-01
1.2150450122e-01
1.2523931434e-01
1.2897412747e-01
1.3270894059e-01
1.3644375372e-01
1.3962647878e-01
1.4280920383e-01
1.4599192889e-01
1.4917465395e-01
1.5255579408e-01
1.5593693421e-01
1.5931807434e-01
1.6269921448e-01
1.6654666909e-01
1.7039412370e-01
1.7424157831e-01
1.7808903292e-01
1.8274949324e-01
1.8740995356e-01
1.9207041388e-01
1.9673087419e-01
2.0231639515e-01
2.0790191611e-01
2.1348743706e-01
2.1907295802e-01
2.2439537274e-01
2.2971778746e-01
2.3504020218e-01
2.4036261690e-01
2.4490393522e-01
2.4944525353e-01
2.5398657185e-01
2.5852789016e-01
2.6232914938e-01
2.6613040861e-01
2.6993166783e-01
2.7373292705e-01
2.7713037708e-01
2.8052782711e-01
2.8392527714e-01
2.8732272717e-01
2.9048196006e-01
2.9364119295e-01
2.9680042584e-01
2.9995965873e-01
3.0331513717e-01
3.0667061562e-01
3.1002609406e-01
3.1338157250e-01
3.1626965446e-01
3.1915773641e-01
3.2204581836e-01
3.2493390031e-01
3.2778169252e-01
3.3062948472e-01
3.3347727692e-01
3.3632506912e-01
3.3868364216e-01
3.4104221519e-01
3.4340078823e-01
3.4575936127e-01
3.4820131572e-01
3.5064327018e-01
3.5308522464e-01
3.5552717910e-01
3.5797776659e-01
3.6042835408e-01
3.6287894157e-01
3.6532952906e-01
3.6762431778e-01
3.6991910650e-01
3.7221389522e-01
3.7450868394e-01
3.7698181958e-01
3.7945495522e-01
3.8192809086e-01
3.8440122650e-01
3.8745013785e-01
3.9049904921e-01
3.9354796056e-01
3.9659687192e-01
3.9929649678e-01
4.0199612165e-01
4.0469574651e-01
4.0739537138e-01
4.1023283372e-01
4.1307029606e-01
4.1590775840e-01
4.1874522074e-01
4.2216120536e-01
4.2557718999e-01
4.2899317461e-01
4.3240915924e-01
4.3680274590e-01
4.4119633257e-01
4.4558991923e-01
4.4998350590e-01
4.5490964132e-01
4.5983577675e-01
4.6476191217e-01
4.6968804760e-01
4.7485304540e-01
4.8001804319e-01
4.8518304099e-01
4.9034803879e-01
4.9549465200e-01
5.0064126521e-01
5.0578787842e-01
5.1093449163e-01
5.1584316060e-01
5.2075182956e-01
5.2566049853e-01
5.3056916750e-01
5.3513426607e-01
5.3969936463e-01
5.4426446320e-01
5.4882956177e-01
5.5256090448e-01
5.5629224720e-01
5.6002358991e-01
5.6375493263e-01
5.6675352878e-01
5.6975212494e-01
5.7275072110e-01
5.7574931726e-01
5.7847205241e-01
5.8119478755e-01
5.8391752270e-01
5.8664025785e-01
5.8945923633e-01
5.9227821481e-01
5.9509719329e-01
5.9791617177e-01
6.0057802905e-01
6.0323988634e-01
6.0590174363e-01
6.0856360091e-01
6.1105864094e-01
6.1355368097e-01
6.1604872100e-01
6.1854376103e-01
6.2082340187e-01
6.2310304271e-01
6.2538268354e-01
6.2766232438e-01
6.3052461724e-01
6.3338691010e-01
6.3624920295e-01
6.3911149581e-01
6.4144904093e-01
6.4378658606e-01
6.4612413118e-01
6.4846167630e-01
6.5093944487e-01
6.5341721343e-01
6.5589498200e-01
6.5837275057e-01
6.6114522123e-01
6.6391769190e-01
6.6669016257e-01
6.6946263323e-01
6.7349248540e-01
6.7752233758e-01
6.8155218975e-01
6.8558204192e-01
6.8873501509e-01
6.9188798827e-01
6.9504096144e-01
6.9819393462e-01
7.0156905462e-01
7.0494417462e-01
7.0831929463e-01
7.1169441463e-01
7.1554046442e-01
7.1938651422e-01
7.2323256401e-01
7.2707861381e-01
7.3174765843e-01
7.3641670306e-01
7.4108574768e-01
7.4575479231e-01
7.5146694977e-01
7.5717910724e-01
7.6289126471e-01
7.6860342217e-01
7.7385225608e-01
7.7910108999e-01
7.8434992390e-01
7.8959875780e-01
7.9414992008e-01
7.9870108236e-01
8.0325224464e-01
8.0780340691e-01
8.1159719859e-01
8.1539099027e-01
8.1918478195e-01
8.2297857363e-01
8.2637346050e-01
8.2976834737e-01
8.3316323424e-01
8.3655812111e-01
8.3975746425e-01
8.4295680738e-01
8.4615615052e-01
8.4935549365e-01
8.5307337344e-01
8.5679125323e-01
8.6050913303e-01
8.6422701282e-01
8.6707392306e-01
8.6992083330e-01
8.7276774354e-01
8.7561465378e-01
8.7834367075e-01
8.8107268773e-01
8.8380170471e-01
8.8653072169e-01
8.8890584828e-01
8.9128097487e-01
8.9365610146e-01
8.9603122805e-01
8.9860167021e-01
9.0117211236e-01
9.0374255452e-01
9.0631299667e-01
9.0871542897e-01
9.1111786127e-01
9.1352029357e-01
9.1592272586e-01
9.1828487214e-01
9.2064701841e-01
9.2300916468e-01
9.2537131095e-01
9.2795383332e-01
9.3053635568e-01
9.3311887804e-01
9.3570140040e-01
9.3898503829e-01
9.4226867617e-01
9.4555231405e-01
9.4883595194e-01
9.5157424923e-01
9.5431254652e-01
9.5705084380e-01
9.5978914109e-01
9.6276240727e-01
9.6573567345e-01
9.6870893963e-01
9.7168220581e-01
9.7522192982e-01
9.7876165382e-01
9.8230137783e-01
9.8584110183e-01
9.8938082637e-01
9.9292055092e-01
9.9646027546e-01
1.0000000000e+00
