0.0000000000e+00
9.8227542498e-03
1.9645508500e-02
2.9468262749e-02
3.9291016999e-02
4.7003004190e-02
5.4714991382e-02
6.2426978573e-02
7.0138965764e-02
7.6370884525e-02
8.2602803287e-02
8.8834722048e-02
9.5066640810e-02
1.0030010113e-01
1.0553356146e-01
1.1076702178e-01
1.1600048210e-01
1.2052057240e-01
1.2504066269e-01
1.2956075299e-01
1.3408084328e-01
1.3808340498e-01
1.4208596668e-01
1.4608852839e-01
1.5009109009e-01
1.5373327510e-01
1.5737546010e-01
1.6101764511e-01
1.6465983012e-01
1.6813805557e-01
1.7161628101e-01
1.7509450646e-01
1.7857273191e-01
1.8222417309e-01
1.8587561427e-01
1.8952705545e-01
1.9317849663e-01
1.9604556351e-01
1.9891263039e-01
2.0177969726e-01
2.0464676414e-01
2.0710010852e-01
2.0955345289e-01
2.1200679726e-01
2.1446014164e-01
2.1657587428e-01
2.1869160692e-01
2.2080733957e-01
2.2292307221e-01
2.2485759879e-01
2.2679212537e-01
2.2872665195e-01
2.3066117853e-01
2.3253143077e-01
2.3440168301e-01
2.3627193525e-01
2.3814218749e-01
2.4023715735e-01
2.4233212722e-01
2.4442709709e-01
2.4652206696e-01
2.4837973465e-01
2.5023740234e-01
2.5209507003e-01
2.5395273773e-01
2.5566629426e-01
2.5737985080e-01
2.5909340733e-01
2.6080696387e-01
2.6242723301e-01
2.6404750216e-01
2.6566777131e-01
2.6728804045e-01
2.6887937048e-01
2.7047070050e-01
2.7206203052e-01
2.7365336055e-01
2.7550618680e-01
2.7735901306e-01
2.7921183932e-01
2.8106466558e-01
2.8274119258e-01
2.8441771959e-01
2.8609424659e-01
2.8777077360e-01
2.8939077389e-01
2.9101077418e-01
2.9263077447e-01
2.9425077476e-01
2.9599627015e-01
2.9774176554e-01
2.9948726093e-01
3.0123275632e-01
3.0313955943e-01
3.0504636255e-01
3.0695316566e-01
3.0885996878e-01
3.1092179170e-01
3.1298361462e-01
3.1504543755e-01
3.1710726047e-01
3.1945020852e-01
3.2179315657e-01
3.2413610463e-01
3.2647905268e-01
3.2865372907e-01
3.3082840546e-01
3.3300308186e-01
3.3517775825e-01
3.3742354675e-01
3.3966933525e-01
3.4191512375e-01
3.4416091225e-01
3.4657277314e-01
3.4898463402e-01
3.5139649491e-01
3.5380835580e-01
3.5645601580e-01
3.5910367580e-01
3.6175133580e-01
3.6439899580e-01
3.6750989749e-01
3.7062079918e-01
3.7373170088e-01
3.7684260257e-01
3.8059159998e-01
3.8434059739e-01
3.8808959480e-01
3.9183859221e-01
3.9604684200e-01
4.0025509178e-01
4.0446334157e-01
4.0867159135e-01
4.1310632636e-01
4.1754106137e-01
4.2197579638e-01
4.2641053139e-01
4.3076242307e-01
4.3511431474e-01
4.3946620642e-01
4.4381809810e-01
4.4835778437e-01
4.5289747064e-01
4.5743715691e-01
4.6197684318e-01
4.6684605951e-01
4.7171527584e-01
4.7658449218e-01
4.8145370851e-01
4.8690043917e-01
4.9234716983e-01
4.9779390049e-01
5.0324063115e-01
5.0802840841e-01
5.1281618566e-01
5.1760396292e-01
5.2239174018e-01
5.2689731293e-01
5.3140288567e-01
5.3590845841e-01
5.4041403115e-01
5.4475641792e-01
5.4909880468e-01
5.5344119145e-01
5.5778357821e-01
5.6225879928e-01
5.6673402036e-01
5.7120924143e-01
5.7568446250e-01
5.7985677365e-01
5.8402908480e-01
5.8820139595e-01
5.9237370710e-01
5.9611028658e-01
5.9984686607e-01
6.0358344555e-01
6.0732002504e-01
6.1059408406e-01
6.1386814308e-01
6.1714220210e-01
6.2041626112e-01
6.2318234133e-01
6.2594842154e-01
6.2871450175e-01
6.3148058196e-01
6.3397857670e-01
6.3647657144e-01
6.3897456619e-01
6.4147256093e-01
6.4381971252e-01
6.4616686411e-01
6.4851401570e-01
6.5086116729e-01
6.5305898480e-01
6.5525680231e-01
6.5745461982e-01
6.5965243733e-01
6.6185033227e-01
6.6404822721e-01
6.6624612215e-01
6.6844401709e-01
6.7088284956e-01
6.7332168203e-01
6.7576051450e-01
6.7819934698e-01
6.8015814191e-01
6.8211693685e-01
6.8407573179e-01
6.8603452673e-01
6.8810802428e-01
6.9018152183e-01
6.9225501938e-01
6.9432851693e-01
6.9600655904e-01
6.9768460115e-01
6.9936264326e-01
7.0104068537e-01
7.0265865704e-01
7.0427662871e-01
7.0589460039e-01
7.0751257206e-01
7.0926149475e-01
7.1101041745e-01
7.1275934015e-01
7.1450826285e-01
7.1622062637e-01
7.1793298989e-01
7.1964535341e-01
7.2135771693e-01
7.2293832356e-01
7.2451893019e-01
7.2609953683e-01
7.2768014346e-01
7.2935358426e-01
7.3102702506e-01
7.3270046586e-01
7.3437390667e-01
7.3612844869e-01
7.3788299072e-01
7.3963753275e-01
7.4139207478e-01
7.4337773029e-01
7.4536338581e-01
7.4734904133e-01
7.4933469684e-01
7.5125599251e-01
7.5317728818e-01
7.5509858385e-01
7.5701987951e-01
7.5889937576e-01
7.6077887200e-01
7.6265836824e-01
7.6453786449e-01
7.6654024463e-01
7.6854262477e-01
7.7054500492e-01
7.7254738506e-01
7.7483535496e-01
7.7712332485e-01
7.7941129475e-01
7.8169926464e-01
7.8450793555e-01
7.8731660646e-01
7.9012527737e-01
7.9293394828e-01
7.9648906187e-01
8.0004417546e-01
8.0359928905e-01
8.0715440263e-01
8.1063377825e-01
8.1411315387e-01
8.1759252948e-01
8.2107190510e-01
8.2472797977e-01
8.2838405445e-01
8.3204012913e-01
8.3569620380e-01
8.3976762538e-01
8.4383904696e-01
8.4791046853e-01
8.5198189011e-01
8.5669615962e-01
8.6141042912e-01
8.6612469862e-01
8.7083896813e-01
8.7653031995e-01
8.8222167177e-01
8.8791302359e-01
8.9360437541e-01
9.0086509054e-01
9.0812580567e-01
9.1538652080e-01
9.2264723593e-01
9.3231633144e-01
9.4198542694e-01
9.5165452245e-01
9.6132361796e-01
9.7099271347e-01
9.8066180898e-01
9.9033090449e-01
1.0000000000e+00
