0.0000000000e+00
1.7180148962e-02
3.4360297925e-02
5.1540446887e-02
6.8720595850e-02
7.7680959958e-02
8.6641324067e-02
9.5601688176e-02
1.0456205228e-01
1.1022164271e-01
1.1588123314e-01
1.2154082357e-01
1.2720041399e-01
1.3116911968e-01
1.3513782536e-01
1.3910653104e-01
1.4307523672e-01
1.4606311570e-01
1.4905099469e-01
1.5203887367e-01
1.5502675265e-01
1.5741153059e-01
1.5979630853e-01
1.6218108647e-01
1.6456586440e-01
1.6657785508e-01
1.6858984575e-01
1.7060183642e-01
1.7261382709e-01
1.7448923660e-01
1.7636464610e-01
1.7824005561e-01
1.8011546511e-01
1.8175010423e-01
1.8338474334e-01
1.8501938246e-01
1.8665402157e-01
1.8796012082e-01
1.8926622007e-01
1.9057231932e-01
1.9187841857e-01
1.9295109717e-01
1.9402377577e-01
1.9509645437e-01
1.9616913297e-01
1.9717599097e-01
1.9818284897e-01
1.9918970698e-01
2.0019656498e-01
2.0125708759e-01
2.0231761019e-01
2.0337813280e-01
2.0443865541e-01
2.0536229402e-01
2.0628593262e-01
2.0720957123e-01
2.0813320984e-01
2.0898506836e-01
2.0983692688e-01
2.1068878540e-01
2.1154064393e-01
2.1258235080e-01
2.1362405767e-01
2.1466576454e-01
2.1570747142e-01
2.1659522389e-01
2.1748297636e-01
2.1837072883e-01
2.1925848129e-01
2.2029444735e-01
2.2133041342e-01
2.2236637948e-01
2.2340234554e-01
2.2456856703e-01
2.2573478852e-01
2.2690101001e-01
2.2806723150e-01
2.2923283467e-01
2.3039843784e-01
2.3156404101e-01
2.3272964418e-01
2.3397136580e-01
2.3521308743e-01
2.3645480906e-01
2.3769653068e-01
2.3910637418e-01
2.4051621768e-01
2.4192606118e-01
2.4333590468e-01
2.4523613623e-01
2.4713636779e-01
2.4903659935e-01
2.5093683090e-01
2.5325712574e-01
2.5557742059e-01
2.5789771543e-01
2.6021801027e-01
2.6254887767e-01
2.6487974507e-01
2.6721061247e-01
2.6954147986e-01
2.7204494897e-01
2.7454841808e-01
2.7705188718e-01
2.7955535629e-01
2.8242793127e-01
2.8530050625e-01
2.8817308123e-01
2.9104565621e-01
2.9451596937e-01
2.9798628254e-01
3.0145659571e-01
3.0492690888e-01
3.0939742837e-01
3.1386794785e-01
3.1833846734e-01
3.2280898682e-01
3.2879661948e-01
3.3478425214e-01
3.4077188480e-01
3.4675951745e-01
3.5355998092e-01
3.6036044439e-01
3.6716090786e-01
3.7396137133e-01
3.7940625875e-01
3.8485114616e-01
3.9029603358e-01
3.9574092099e-01
4.0061582282e-01
4.0549072465e-01
4.1036562648e-01
4.1524052831e-01
4.1983732215e-01
4.2443411600e-01
4.2903090984e-01
4.3362770368e-01
4.3768857839e-01
4.4174945311e-01
4.4581032782e-01
4.4987120253e-01
4.5372237237e-01
4.5757354221e-01
4.6142471206e-01
4.6527588190e-01
4.6905648276e-01
4.7283708363e-01
4.7661768449e-01
4.8039828536e-01
4.8414361514e-01
4.8788894493e-01
4.9163427471e-01
4.9537960449e-01
4.9901668065e-01
5.0265375681e-01
5.0629083296e-01
5.0992790912e-01
5.1372180368e-01
5.1751569825e-01
5.2130959281e-01
5.2510348737e-01
5.2900899623e-01
5.3291450508e-01
5.3682001393e-01
5.4072552278e-01
5.4507230133e-01
5.4941907988e-01
5.5376585842e-01
5.5811263697e-01
5.6286603777e-01
5.6761943857e-01
5.7237283936e-01
5.7712624016e-01
5.8257381744e-01
5.8802139472e-01
5.9346897199e-01
5.9891654927e-01
6.0717694422e-01
6.1543733916e-01
6.2369773411e-01
6.3195812905e-01
6.3817711356e-01
6.4439609806e-01
6.5061508257e-01
6.5683406708e-01
6.6143517416e-01
6.6603628125e-01
6.7063738833e-01
6.7523849542e-01
6.7896140088e-01
6.8268430633e-01
6.8640721179e-01
6.9013011725e-01
6.9325674772e-01
6.9638337818e-01
6.9951000865e-01
7.0263663912e-01
7.0534902215e-01
7.0806140519e-01
7.1077378823e-01
7.1348617126e-01
7.1592026943e-01
7.1835436761e-01
7.2078846578e-01
7.2322256395e-01
7.2559104859e-01
7.2795953322e-01
7.3032801786e-01
7.3269650249e-01
7.3484942127e-01
7.3700234004e-01
7.3915525882e-01
7.4130817759e-01
7.4320944201e-01
7.4511070642e-01
7.4701197083e-01
7.4891323525e-01
7.5040611523e-01
7.5189899521e-01
7.5339187519e-01
7.5488475517e-01
7.5617402735e-01
7.5746329954e-01
7.5875257172e-01
7.6004184390e-01
7.6122011147e-01
7.6239837904e-01
7.6357664661e-01
7.6475491419e-01
7.6619241481e-01
7.6762991543e-01
7.6906741605e-01
7.7050491667e-01
7.7153256958e-01
7.7256022249e-01
7.7358787540e-01
7.7461552831e-01
7.7553771662e-01
7.7645990493e-01
7.7738209324e-01
7.7830428154e-01
7.7917569510e-01
7.8004710865e-01
7.8091852221e-01
7.8178993576e-01
7.8273639878e-01
7.8368286179e-01
7.8462932480e-01
7.8557578782e-01
7.8642629159e-01
7.8727679537e-01
7.8812729915e-01
7.8897780292e-01
7.8991245760e-01
7.9084711229e-01
7.9178176697e-01
7.9271642165e-01
7.9386558910e-01
7.9501475655e-01
7.9616392400e-01
7.9731309145e-01
7.9833055294e-01
7.9934801443e-01
8.0036547592e-01
8.0138293741e-01
8.0256578001e-01
8.0374862262e-01
8.0493146523e-01
8.0611430783e-01
8.0767048044e-01
8.0922665304e-01
8.1078282564e-01
8.1233899825e-01
8.1422663109e-01
8.1611426394e-01
8.1800189678e-01
8.1988952962e-01
8.2194302642e-01
8.2399652322e-01
8.2605002002e-01
8.2810351683e-01
8.3068387499e-01
8.3326423315e-01
8.3584459131e-01
8.3842494947e-01
8.4214719118e-01
8.4586943290e-01
8.4959167461e-01
8.5331391632e-01
8.5987855847e-01
8.6644320063e-01
8.7300784278e-01
8.7957248493e-01
8.9462164775e-01
9.0967081057e-01
9.2471997339e-01
9.3976913621e-01
9.5482685216e-01
9.6988456811e-01
9.8494228405e-01
1.0000000000e+00
