8.0944235517e-08
1.2773872197e-07
3.1066784988e-07
8.2263647463e-07
2.2822026331e-06
4.3591676018e-06
8.2875177150e-06
1.5755286666e-05
3.0056046858e-05
4.7354783768e-05
7.4548706759e-05
1.1735613331e-04
1.8485182987e-04
2.5961243677e-04
3.6452986097e-04
5.1182145602e-04
7.1867944751e-04
9.4403630964e-04
1.2398821668e-03
1.6282609158e-03
2.1380833123e-03
2.6949211779e-03
3.3961107523e-03
4.2788077975e-03
5.3895476923e-03
7.0272253015e-03
9.1566896295e-03
1.1922191264e-02
1.5507625655e-02
1.8446774240e-02
2.1927912502e-02
2.6044836049e-02
3.0904963444e-02
3.5221627104e-02
4.0110520821e-02
4.5638325284e-02
5.1876730543e-02
5.8085771566e-02
6.4973905450e-02
7.2599137100e-02
8.1020312033e-02
9.2987210186e-02
1.0645638591e-01
1.2153398042e-01
1.3830882089e-01
1.5127658939e-01
1.6514503083e-01
1.7991735357e-01
1.9558564245e-01
2.1101184831e-01
2.2717574220e-01
2.4404066909e-01
2.6156002816e-01
2.8386227423e-01
3.0694265074e-01
3.3066324182e-01
3.5487368141e-01
3.7535639707e-01
3.9597607410e-01
4.1663916121e-01
4.3725440369e-01
4.6180577683e-01
4.8602189033e-01
5.0977564478e-01
5.3295506858e-01
5.5719907745e-01
5.8056500266e-01
6.0297538562e-01
6.2437294842e-01
6.4539077200e-01
6.6526053994e-01
6.8397430701e-01
7.0153803013e-01
7.1907877462e-01
7.3535627938e-01
7.5041306404e-01
7.6429867855e-01
7.7903444759e-01
7.9235357079e-01
8.0434936551e-01
8.1511560946e-01
8.2839124218e-01
8.3965304575e-01
8.4913464520e-01
8.5705137961e-01
8.6479750245e-01
8.7085442815e-01
8.7548732994e-01
8.7892400351e-01
8.8126057884e-01
8.8283046935e-01
8.8375258995e-01
8.8412599763e-01
8.8400301973e-01
8.8340876942e-01
8.8240794763e-01
8.8104757977e-01
8.7920121476e-01
8.7698755097e-01
8.7440654193e-01
8.7143880157e-01
8.6809943249e-01
8.6429101900e-01
8.5993721254e-01
8.5493998593e-01
8.5004923558e-01
8.4450458031e-01
8.3819950404e-01
8.3101167164e-01
8.2450706423e-01
8.1726402464e-01
8.0919557010e-01
8.0020792366e-01
7.9193557718e-01
7.8289308719e-01
7.7301748147e-01
7.6224460794e-01
7.5145544665e-01
7.3979821906e-01
7.2722534825e-01
7.1369271679e-01
6.9863546040e-01
6.8247296044e-01
6.6518080358e-01
6.4674845611e-01
6.3035156681e-01
6.1316586904e-01
5.9521845131e-01
5.7654977385e-01
5.5859964779e-01
5.4013038004e-01
5.2121082218e-01
5.0192233008e-01
4.8355643361e-01
4.6503495334e-01
4.4645337840e-01
4.2791439471e-01
4.0894225134e-01
3.9025485560e-01
3.7197790981e-01
3.5423671244e-01
3.3725460913e-01
3.2103786825e-01
3.0569397460e-01
2.9132138337e-01
2.7492211890e-01
2.6030929402e-01
2.4760216377e-01
2.3689462628e-01
2.2919296369e-01
2.2312520558e-01
2.1871666702e-01
2.1598424396e-01
2.1493346567e-01
2.1565078080e-01
2.1813361681e-01
2.2237267098e-01
2.2811354438e-01
2.3545177187e-01
2.4435508104e-01
2.5478028535e-01
2.6533574067e-01
2.7701252905e-01
2.8975209095e-01
3.0348619480e-01
3.2309892893e-01
3.4411680429e-01
3.6631059567e-01
3.8943380017e-01
4.0737368529e-01
4.2558607671e-01
4.4396094922e-01
4.6239186139e-01
4.8391141942e-01
5.0521891056e-01
5.2617931317e-01
5.4667435804e-01
5.7108665400e-01
5.9449423414e-01
6.1678526414e-01
6.3788339089e-01
6.5596212190e-01
6.7300743822e-01
6.8902096448e-01
7.0401723129e-01
7.1928666806e-01
7.3341266846e-01
7.4644717875e-01
7.5844796107e-01
7.7218242763e-01
7.8450179533e-01
7.9553176032e-01
8.0539483791e-01
8.1636063759e-01
8.2587201801e-01
8.3412759902e-01
8.4130475132e-01
8.4801741793e-01
8.5382549997e-01
8.5887238811e-01
8.6327743742e-01
8.6744045815e-01
8.7105969343e-01
8.7420620399e-01
8.7692663909e-01
8.7891720151e-01
8.8061978964e-01
8.8202344215e-01
8.8310453264e-01
8.8379225101e-01
8.8412219758e-01
8.8403988923e-01
8.8347711545e-01
8.8235312432e-01
8.8056738453e-01
8.7800060216e-01
8.7451197385e-01
8.7059615242e-01
8.6573219845e-01
8.5977867408e-01
8.5257671125e-01
8.4632279302e-01
8.3920573396e-01
8.3114120009e-01
8.2203969340e-01
8.1328778693e-01
8.0363227979e-01
7.9300890757e-01
7.8135261666e-01
7.6980733827e-01
7.5730722063e-01
7.4380641228e-01
7.2926214698e-01
7.1020386911e-01
6.8950413665e-01
6.6712490398e-01
6.4305146850e-01
6.2470691222e-01
6.0551001730e-01
5.8548815805e-01
5.6468070051e-01
5.4533961164e-01
5.2545297510e-01
5.0507790981e-01
4.8428100297e-01
4.6405087250e-01
4.4357797149e-01
4.2294310531e-01
4.0223274894e-01
3.8047970305e-01
3.5885293431e-01
3.3746257094e-01
3.1641741914e-01
2.9711533725e-01
2.7828946529e-01
2.6001428285e-01
2.4235621689e-01
2.2332165847e-01
2.0520428603e-01
1.8805335544e-01
1.7190149822e-01
1.5532186216e-01
1.3996993549e-01
1.2582827857e-01
1.1286352569e-01
1.0132331169e-01
9.0804008694e-02
8.1248064965e-02
7.2594050027e-02
6.3133309667e-02
5.4812873238e-02
4.7518965782e-02
4.1142894904e-02
3.3871096191e-02
2.7838565023e-02
2.2849373649e-02
1.8733307304e-02
1.5008719924e-02
1.2013831234e-02
9.6095470927e-03
7.6818167478e-03
5.9149441063e-03
4.5523826881e-03
3.5023810893e-03
2.6936613610e-03
1.8998178866e-03
1.3397626495e-03
9.4462304574e-04
6.6579398425e-04
3.8730577431e-04
2.2559673746e-04
1.3139219059e-04
7.6370519127e-05
2.9472298915e-05
1.1644508321e-05
4.5927268505e-06
1.7609484051e-06
6.8124700960e-07
2.7424034253e-07
1.2128748790e-07
8.0956965726e-08
