2.6281698574e-10
2.7234252314e-10
1.1455515503e-09
4.1850974971e-09
2.3927649260e-08
6.0950013351e-08
1.5127208016e-07
3.7489378747e-07
9.4860973521e-07
1.7371227525e-06
3.1701109631e-06
5.7848938792e-06
1.0582650807e-05
1.6404796925e-05
2.5412877395e-05
3.9366972882e-05
6.1013844912e-05
8.5274823534e-05
1.1916117979e-04
1.6651035719e-04
2.3270002920e-04
3.0394968160e-04
3.9698336764e-04
5.1847486373e-04
6.7714607759e-04
8.4614409369e-04
1.0572431612e-03
1.3209229079e-03
1.6502612849e-03
2.0014577457e-03
2.4271484832e-03
2.9430544169e-03
3.5681706013e-03
4.2542812998e-03
5.0714767793e-03
6.0444869228e-03
7.2025664595e-03
8.7934144554e-03
1.0730921199e-02
1.3088468012e-02
1.5953859815e-02
1.8280907110e-02
2.0938509351e-02
2.3970871775e-02
2.7427238149e-02
3.0619871033e-02
3.4167946218e-02
3.8107045345e-02
4.2475320496e-02
4.6648636950e-02
5.1204382929e-02
5.6171888889e-02
6.1581549309e-02
6.7142232873e-02
7.3154792207e-02
7.9646435245e-02
8.6644209331e-02
9.6019292541e-02
1.0625360623e-01
1.1739090639e-01
1.2946939699e-01
1.3949270253e-01
1.5011015145e-01
1.6132841308e-01
1.7314972446e-01
1.8451072028e-01
1.9637004831e-01
2.0871771970e-01
2.2153961188e-01
2.3466957126e-01
2.4822369351e-01
2.6217626907e-01
2.7649786488e-01
2.9260775189e-01
3.0907488347e-01
3.2584765184e-01
3.4287143700e-01
3.5898778435e-01
3.7522667616e-01
3.9154014679e-01
4.0788052606e-01
4.2504812817e-01
4.4214092277e-01
4.5910852071e-01
4.7590338600e-01
4.9388716780e-01
5.1156345429e-01
5.2888569385e-01
5.4581275361e-01
5.6677660664e-01
5.8697842541e-01
6.0637039625e-01
6.2491737487e-01
6.4156555563e-01
6.5743464945e-01
6.7252068976e-01
6.8682600397e-01
7.0027610633e-01
7.1297504517e-01
7.2493861266e-01
7.3618564301e-01
7.4766391427e-01
7.5834484390e-01
7.6826045145e-01
7.7744404249e-01
7.8736108514e-01
7.9636732534e-01
8.0451838616e-01
8.1186895229e-01
8.1982171380e-01
8.2675720483e-01
8.3276323476e-01
8.3792245839e-01
8.4361259023e-01
8.4810402704e-01
8.5154770120e-01
8.5407860027e-01
8.5574607346e-01
8.5679024722e-01
8.5729217521e-01
8.5732365810e-01
8.5694251936e-01
8.5620380022e-01
8.5515824320e-01
8.5385044378e-01
8.5216522387e-01
8.5025751139e-01
8.4816608682e-01
8.4592452598e-01
8.4324282368e-01
8.4044199555e-01
8.3755279979e-01
8.3460138039e-01
8.3110386439e-01
8.2758139231e-01
8.2405878989e-01
8.2055671896e-01
8.1634203618e-01
8.1220889310e-01
8.0817819437e-01
8.0426701522e-01
7.9929812121e-01
7.9458936957e-01
7.9016205376e-01
7.8603353877e-01
7.7937157313e-01
7.7380135748e-01
7.6937605306e-01
7.6613625035e-01
7.6408018006e-01
7.6331394430e-01
7.6384491528e-01
7.6566798646e-01
7.6754730921e-01
7.6996239210e-01
7.7290342074e-01
7.7635837856e-01
7.7930958537e-01
7.8254042194e-01
7.8604265377e-01
7.8980681749e-01
7.9309325895e-01
7.9654261869e-01
8.0014668470e-01
8.0389582923e-01
8.0718604811e-01
8.1056455527e-01
8.1402167193e-01
8.1754594890e-01
8.2065487958e-01
8.2379383626e-01
8.2695045161e-01
8.3011018895e-01
8.3290443630e-01
8.3567375247e-01
8.3840190979e-01
8.4107005927e-01
8.4341984222e-01
8.4568348622e-01
8.4783936130e-01
8.4986264484e-01
8.5160713979e-01
8.5318482886e-01
8.5456562806e-01
8.5571535276e-01
8.5660879410e-01
8.5717566221e-01
8.5736301015e-01
8.5711075660e-01
8.5645868819e-01
8.5534756059e-01
8.5371676232e-01
8.5149893778e-01
8.4891158045e-01
8.4571624208e-01
8.4184566441e-01
8.3722671266e-01
8.3284880005e-01
8.2787404999e-01
8.2225373404e-01
8.1593652006e-01
8.0993169956e-01
8.0334120429e-01
7.9612890192e-01
7.8825783874e-01
7.8047864321e-01
7.7209248133e-01
7.6307088727e-01
7.5338582124e-01
7.4363415824e-01
7.3324809848e-01
7.2220719510e-01
7.1049276115e-01
6.9452100404e-01
6.7739555231e-01
6.5909825372e-01
6.3962260177e-01
6.2479070629e-01
6.0935279612e-01
5.9332207933e-01
5.7671731525e-01
5.6059203007e-01
5.4400621455e-01
5.2699096817e-01
5.0958282717e-01
4.9425348321e-01
4.7869245853e-01
4.6293318321e-01
4.4701191515e-01
4.3063165976e-01
4.1416704125e-01
3.9766409427e-01
3.8117052844e-01
3.6452285178e-01
3.4798635912e-01
3.3161226587e-01
3.1545094636e-01
3.0063852186e-01
2.8609057961e-01
2.7184258439e-01
2.5792741001e-01
2.4347252507e-01
2.2946335664e-01
2.1592763420e-01
2.0288835651e-01
1.8911514411e-01
1.7598441265e-01
1.6350692277e-01
1.5168698980e-01
1.4018511584e-01
1.2937283209e-01
1.1923707393e-01
1.0976026309e-01
1.0107843896e-01
9.2987938854e-02
8.5463741745e-02
7.8479321911e-02
7.1366269629e-02
6.4839196528e-02
5.8860430570e-02
5.3392740900e-02
4.6929433193e-02
4.1205469149e-02
3.6146401952e-02
3.1682829796e-02
2.6310197113e-02
2.1823253157e-02
1.8084020753e-02
1.4973381076e-02
1.2585664020e-02
1.0573743379e-02
8.8799185166e-03
7.4549059553e-03
6.1439868111e-03
5.0621944031e-03
4.1699051351e-03
3.4342035174e-03
2.7248095918e-03
2.1616096968e-03
1.7145759018e-03
1.3598043719e-03
1.0102446338e-03
7.5051742716e-04
5.5751883845e-04
4.1408787427e-04
2.7166114369e-04
1.7828666294e-04
1.1700160867e-04
7.6738809902e-05
3.7902014096e-05
1.8819885548e-05
9.3431885727e-06
4.6038619679e-06
9.9032728348e-07
2.7286033045e-07
6.8928486757e-08
2.3658621429e-08
5.0522890069e-09
1.3962267869e-09
3.7500754733e-10
2.4242725438e-10
