1.5945881926e-04
1.6974681881e-04
2.0189867948e-04
2.6005686046e-04
3.5176308229e-04
4.5620053820e-04
5.9756099720e-04
7.8729061209e-04
1.0407635488e-03
1.3146955925e-03
1.6619271187e-03
2.1017377713e-03
2.6585019800e-03
3.2649984679e-03
4.0095654945e-03
4.9232778733e-03
6.0440587079e-03
7.5479760842e-03
9.4219899335e-03
1.1754956831e-02
1.4655766589e-02
1.7179655462e-02
2.0127618554e-02
2.3566986786e-02
2.7574283394e-02
3.1257136486e-02
3.5410217868e-02
4.0087379256e-02
4.5346857891e-02
5.0403106841e-02
5.5982346620e-02
6.2129020735e-02
6.8889066220e-02
7.6097540864e-02
8.3974284293e-02
9.2562292638e-02
1.0190318249e-01
1.1227598628e-01
1.2351547696e-01
1.3565422353e-01
1.4871775073e-01
1.6111588337e-01
1.7426287579e-01
1.8815652565e-01
2.0278667017e-01
2.1692096757e-01
2.3164492470e-01
2.4693064227e-01
2.6274382572e-01
2.8260516210e-01
3.0310117255e-01
3.2413763831e-01
3.4561191369e-01
3.6398287134e-01
3.8252067263e-01
4.0115765666e-01
4.1982673279e-01
4.3996380816e-01
4.5998247536e-01
4.7980803593e-01
4.9937127115e-01
5.2068128735e-01
5.4151492916e-01
5.6180614759e-01
5.8149924289e-01
6.0491176829e-01
6.2727907756e-01
6.4855598628e-01
6.6871553164e-01
6.8618812972e-01
7.0271588675e-01
7.1830832695e-01
7.3298162354e-01
7.4807852735e-01
7.6212525879e-01
7.7516079851e-01
7.8722730561e-01
8.0018555107e-01
8.1194807024e-01
8.2258735337e-01
8.3217459620e-01
8.4336765079e-01
8.5298733700e-01
8.6117231922e-01
8.6804783742e-01
8.7501686133e-01
8.8027100676e-01
8.8396245930e-01
8.8620720573e-01
8.8710011240e-01
8.8600337381e-01
8.8291763417e-01
8.7776680235e-01
8.7355357776e-01
8.6846989436e-01
8.6245671266e-01
8.5544452274e-01
8.4888498875e-01
8.4154928401e-01
8.3338396793e-01
8.2433169166e-01
8.1564383836e-01
8.0618927313e-01
7.9592443060e-01
7.8480513946e-01
7.7384424712e-01
7.6209775439e-01
7.4953383112e-01
7.3612274259e-01
7.2146089939e-01
7.0585529103e-01
6.8928724641e-01
6.7174537815e-01
6.5533145806e-01
6.3815094369e-01
6.2021674677e-01
6.0155046256e-01
5.8282504746e-01
5.6348131842e-01
5.4356694351e-01
5.2313998617e-01
5.0540526470e-01
4.8739742038e-01
4.6917030931e-01
4.5078287630e-01
4.2374727492e-01
3.9671931670e-01
3.6992438341e-01
3.4359302052e-01
3.2656158603e-01
3.0989601310e-01
2.9365666478e-01
2.7789988844e-01
2.6150585659e-01
2.4579057484e-01
2.3080344936e-01
2.1658549587e-01
2.0163167822e-01
1.8771417006e-01
1.7485427996e-01
1.6306255406e-01
1.5264898453e-01
1.4323527698e-01
1.3481060803e-01
1.2736046610e-01
1.2073520741e-01
1.1509137882e-01
1.1041031325e-01
1.0667469207e-01
1.0363086352e-01
1.0170486234e-01
1.0088620227e-01
1.0117029884e-01
1.0234822948e-01
1.0440219284e-01
1.0734092838e-01
1.1117637195e-01
1.1596969171e-01
1.2170784606e-01
1.2840903145e-01
1.3609148643e-01
1.4466335888e-01
1.5422416092e-01
1.6478396875e-01
1.7634746770e-01
1.8772943228e-01
1.9993178090e-01
2.1294043380e-01
2.2673415502e-01
2.4071913663e-01
2.5537140693e-01
2.7065142747e-01
2.8651303182e-01
3.0772309536e-01
3.2968541254e-01
3.5226205390e-01
3.7530636044e-01
3.9377897020e-01
4.1237390769e-01
4.3101661936e-01
4.4963470317e-01
4.7132909377e-01
4.9279036255e-01
5.1392336659e-01
5.3464301420e-01
5.5590173202e-01
5.7654776816e-01
5.9652070393e-01
6.1577266211e-01
6.3581636437e-01
6.5493618194e-01
6.7311357617e-01
6.9034164328e-01
7.0676341839e-01
7.2223400211e-01
7.3677209847e-01
7.5040201223e-01
7.6485519283e-01
7.7821499447e-01
7.9053199011e-01
8.0185868396e-01
8.1524209014e-01
8.2714554916e-01
8.3768151308e-01
8.4695606348e-01
8.5748409174e-01
8.6616657218e-01
8.7317735859e-01
8.7865864120e-01
8.8266406125e-01
8.8537098938e-01
8.8682349372e-01
8.8703551254e-01
8.8613873376e-01
8.8416954768e-01
8.8107242255e-01
8.7677010488e-01
8.7245271824e-01
8.6726193101e-01
8.6112987387e-01
8.5397988344e-01
8.4736433334e-01
8.3997127962e-01
8.3174761963e-01
8.2263723071e-01
8.1371140986e-01
8.0398971695e-01
7.9342831690e-01
7.8198317150e-01
7.7063627813e-01
7.5847155741e-01
7.4545770010e-01
7.3156582736e-01
7.1591505451e-01
6.9923183156e-01
6.8149837247e-01
6.6270559502e-01
6.4594137811e-01
6.2842407324e-01
6.1016891813e-01
5.9119940932e-01
5.7245161001e-01
5.5311896969e-01
5.3324692512e-01
5.1288991120e-01
4.9474597984e-01
4.7632804220e-01
4.5768932449e-01
4.3888775590e-01
4.1626135003e-01
3.9360405932e-01
3.7103392923e-01
3.4867156618e-01
3.3076526520e-01
3.1313809882e-01
2.9585048325e-01
2.7895936256e-01
2.6084334154e-01
2.4333725086e-01
2.2649541542e-01
2.1036265762e-01
1.9390972673e-01
1.7834023358e-01
1.6367162302e-01
1.4990942400e-01
1.3697128906e-01
1.2493007430e-01
1.1376232885e-01
1.0343782394e-01
9.3631130322e-02
8.4640753411e-02
7.6420381825e-02
6.8922007066e-02
6.0741218768e-02
5.3461627473e-02
4.7000252773e-02
4.1277824870e-02
3.4847463922e-02
2.9381477985e-02
2.4746301203e-02
2.0823487096e-02
1.7093502046e-02
1.4020355012e-02
1.1492105080e-02
9.4146118578e-03
7.5583232667e-03
6.0656114088e-03
4.8661667873e-03
3.9029532892e-03
2.9797442327e-03
2.2749146158e-03
1.7371078573e-03
1.3270143029e-03
9.3776278580e-04
6.6516997614e-04
4.7525182728e-04
3.4437855901e-04
2.5642161197e-04
2.0043451177e-04
1.6940177204e-04
1.5945891350e-04
