2.9240788994e-01
2.9248655109e-01
2.9272246957e-01
2.9311545037e-01
2.9366516820e-01
2.9458010371e-01
2.9574186026e-01
2.9714889757e-01
2.9879934075e-01
3.0025609403e-01
3.0185875382e-01
3.0360599545e-01
3.0549636640e-01
3.0743017958e-01
3.0949113997e-01
3.1167766209e-01
3.1398805347e-01
3.1610829474e-01
3.1832059377e-01
3.2062361848e-01
3.2301597483e-01
3.2535816725e-01
3.2777759775e-01
3.3027293865e-01
3.3284281459e-01
3.3542123273e-01
3.3806791645e-01
3.4078146037e-01
3.4356041890e-01
3.4636023712e-01
3.4922062788e-01
3.5214010097e-01
3.5511713245e-01
3.5814887743e-01
3.6123499147e-01
3.6437385929e-01
3.6756383736e-01
3.7089615901e-01
3.7427893002e-01
3.7771027971e-01
3.8118831338e-01
3.8501957017e-01
3.8890123144e-01
3.9283078473e-01
3.9680569661e-01
4.0105695010e-01
4.0535306717e-01
4.0969099890e-01
4.1406768843e-01
4.1796529357e-01
4.2188866607e-01
4.2583569833e-01
4.2980428877e-01
4.3363338933e-01
4.3747859349e-01
4.4133806889e-01
4.4520999636e-01
4.4904001874e-01
4.5287868700e-01
4.5672430290e-01
4.6057518742e-01
4.6444766342e-01
4.6832212419e-01
4.7219693463e-01
4.7607048498e-01
4.8003013145e-01
4.8398513765e-01
4.8793387052e-01
4.9187472987e-01
4.9601946014e-01
5.0015190345e-01
5.0427031041e-01
5.0837297686e-01
5.1265587880e-01
5.1691779871e-01
5.2115693856e-01
5.2537155856e-01
5.2962225274e-01
5.3384426338e-01
5.3803595823e-01
5.4219576807e-01
5.4624593987e-01
5.5026258261e-01
5.5424438902e-01
5.5819010935e-01
5.6216254859e-01
5.6609527933e-01
5.6998716807e-01
5.7383713981e-01
5.7780070823e-01
5.8171663388e-01
5.8558389815e-01
5.8940154616e-01
5.9349309635e-01
5.9752393022e-01
6.0149306510e-01
6.0539959779e-01
6.1006361338e-01
6.1463253922e-01
6.1910519182e-01
6.2348053489e-01
6.2712152257e-01
6.3069111447e-01
6.3418890164e-01
6.3761453754e-01
6.4083698294e-01
6.4399237983e-01
6.4708056715e-01
6.5010142628e-01
6.5303124053e-01
6.5589469469e-01
6.5869178222e-01
6.6142252822e-01
6.6410261618e-01
6.6671571078e-01
6.6926192090e-01
6.7174137896e-01
6.7419099468e-01
6.7657212058e-01
6.7888495699e-01
6.8112972082e-01
6.8335609511e-01
6.8551172244e-01
6.8759687659e-01
6.8961184137e-01
6.9161410120e-01
6.9354253948e-01
6.9539748742e-01
6.9717927951e-01
6.9894982083e-01
7.0064245281e-01
7.0225754742e-01
7.0379547251e-01
7.0531999797e-01
7.0676111326e-01
7.0811921151e-01
7.0939467324e-01
7.1065183013e-01
7.1181772086e-01
7.1289273539e-01
7.1387724032e-01
7.1483965442e-01
7.1569719665e-01
7.1645022547e-01
7.1709905978e-01
7.1769264550e-01
7.1816085771e-01
7.1850394332e-01
7.1872208445e-01
7.1881473621e-01
7.1878768138e-01
7.1864090608e-01
7.1837433513e-01
7.1802921145e-01
7.1758546814e-01
7.1704292116e-01
7.1640134725e-01
7.1570994036e-01
7.1493107973e-01
7.1406449268e-01
7.1310987987e-01
7.1211912067e-01
7.1104800696e-01
7.0989621965e-01
7.0866342226e-01
7.0740346041e-01
7.0606819773e-01
7.0465729863e-01
7.0317041781e-01
7.0166124910e-01
7.0008048947e-01
6.9842780957e-01
6.9670287712e-01
6.9495656806e-01
6.9314136547e-01
6.9125696468e-01
6.8930306427e-01
6.8732441863e-01
6.8527872765e-01
6.8316572763e-01
6.8098516417e-01
6.7877086984e-01
6.7649055818e-01
6.7414402267e-01
6.7173107251e-01
6.6926640973e-01
6.6673579369e-01
6.6413909422e-01
6.6147620414e-01
6.5872441418e-01
6.5590520486e-01
6.5301855024e-01
6.5006445703e-01
6.4691471628e-01
6.4369189461e-01
6.4039612972e-01
6.3702760964e-01
6.3287111089e-01
6.2860979939e-01
6.2424433603e-01
6.1977551795e-01
6.1614264543e-01
6.1244533764e-01
6.0868420399e-01
6.0485992092e-01
6.0125205487e-01
5.9759100941e-01
5.9387749388e-01
5.9011227505e-01
5.8644699768e-01
5.8273554529e-01
5.7897875619e-01
5.7517752309e-01
5.7140215943e-01
5.6758579809e-01
5.6372944425e-01
5.5983415777e-01
5.5584657440e-01
5.5182134505e-01
5.4775975098e-01
5.4366313418e-01
5.3954949540e-01
5.3540395276e-01
5.3122801428e-01
5.2702324889e-01
5.2295923771e-01
5.1887163561e-01
5.1476199077e-01
5.1063190240e-01
5.0672359550e-01
5.0280002696e-01
4.9886265578e-01
4.9491297911e-01
4.9105544674e-01
4.8718914672e-01
4.8331556263e-01
4.7943620924e-01
4.7558461097e-01
4.7173039319e-01
4.6787511849e-01
4.6402037533e-01
4.6013075065e-01
4.5624499668e-01
4.5236482055e-01
4.4849195067e-01
4.4448246943e-01
4.4048471368e-01
4.3650067642e-01
4.3253236737e-01
4.2811671712e-01
4.2372610564e-01
4.1936339483e-01
4.1503145746e-01
4.1082193338e-01
4.0664738804e-01
4.0251052611e-01
3.9841404672e-01
3.9470865851e-01
3.9104127232e-01
3.8741391865e-01
3.8382861389e-01
3.8040300295e-01
3.7702038631e-01
3.7368253798e-01
3.7039121172e-01
3.6716409250e-01
3.6398643258e-01
3.6085988942e-01
3.5778609380e-01
3.5471405647e-01
3.5169995440e-01
3.4874541132e-01
3.4585201629e-01
3.4296986792e-01
3.4015434833e-01
3.3740701672e-01
3.3472938984e-01
3.3197224869e-01
3.2929657676e-01
3.2670401093e-01
3.2419613020e-01
3.2140063798e-01
3.1872293149e-01
3.1616516201e-01
3.1372937214e-01
3.1130202680e-01
3.0901377745e-01
3.0686660598e-01
3.0486236003e-01
3.0268374991e-01
3.0070905805e-01
2.9894060269e-01
2.9738044628e-01
2.9621618264e-01
2.9520561646e-01
2.9434959123e-01
2.9364881877e-01
2.9310624498e-01
2.9271837548e-01
2.9248552715e-01
2.9240788994e-01
