5.6031598680e-01
5.6031597994e-01
5.6031595938e-01
5.6031592512e-01
5.6031587717e-01
5.6031581796e-01
5.6031574604e-01
5.6031566146e-01
5.6031556425e-01
5.6031545671e-01
5.6031533712e-01
5.6031520551e-01
5.6031506195e-01
5.6031490865e-01
5.6031474383e-01
5.6031456756e-01
5.6031437991e-01
5.6031418287e-01
5.6031397481e-01
5.6031375582e-01
5.6031352598e-01
5.6031328656e-01
5.6031303659e-01
5.6031277615e-01
5.6031250535e-01
5.6031222492e-01
5.6031193439e-01
5.6031163387e-01
5.6031132348e-01
5.6031100358e-01
5.6031067408e-01
5.6031033509e-01
5.6030998676e-01
5.6030962810e-01
5.6030926032e-01
5.6030888356e-01
5.6030849795e-01
5.6030810191e-01
5.6030769726e-01
5.6030728416e-01
5.6030686278e-01
5.6030643008e-01
5.6030598932e-01
5.6030554066e-01
5.6030508430e-01
5.6030461546e-01
5.6030413914e-01
5.6030365551e-01
5.6030316477e-01
5.6030266056e-01
5.6030214948e-01
5.6030163174e-01
5.6030110756e-01
5.6030056723e-01
5.6030002069e-01
5.6029946816e-01
5.6029890989e-01
5.6029833206e-01
5.6029774871e-01
5.6029716012e-01
5.6029656656e-01
5.6029594643e-01
5.6029532156e-01
5.6029469225e-01
5.6029405880e-01
5.6029338425e-01
5.6029270579e-01
5.6029202380e-01
5.6029133865e-01
5.6029056111e-01
5.6028978056e-01
5.6028899756e-01
5.6028821265e-01
5.6028745333e-01
5.6028669325e-01
5.6028593290e-01
5.6028517278e-01
5.6028448488e-01
5.6028379795e-01
5.6028311236e-01
5.6028242848e-01
5.6028177908e-01
5.6028113188e-01
5.6028048720e-01
5.6027984535e-01
5.6027922646e-01
5.6027861081e-01
5.6027799868e-01
5.6027739034e-01
5.6027679945e-01
5.6027621271e-01
5.6027563039e-01
5.6027505274e-01
5.6027448976e-01
5.6027393177e-01
5.6027337900e-01
5.6027283170e-01
5.6027229692e-01
5.6027176790e-01
5.6027124487e-01
5.6027072805e-01
5.6027022231e-01
5.6026972307e-01
5.6026923054e-01
5.6026874492e-01
5.6026826977e-01
5.6026780182e-01
5.6026734125e-01
5.6026688825e-01
5.6026644486e-01
5.6026600933e-01
5.6026558182e-01
5.6026516252e-01
5.6026475255e-01
5.6026435107e-01
5.6026395823e-01
5.6026357419e-01
5.6026319906e-01
5.6026283303e-01
5.6026247625e-01
5.6026212884e-01
5.6026179038e-01
5.6026146160e-01
5.6026114264e-01
5.6026083362e-01
5.6026053354e-01
5.6026024372e-01
5.6025996428e-01
5.6025969534e-01
5.6025943480e-01
5.6025918515e-01
5.6025894649e-01
5.6025871893e-01
5.6025850019e-01
5.6025829298e-01
5.6025809738e-01
5.6025791346e-01
5.6025773863e-01
5.6025757601e-01
5.6025742569e-01
5.6025728773e-01
5.6025715890e-01
5.6025704325e-01
5.6025694081e-01
5.6025685164e-01
5.6025677169e-01
5.6025670672e-01
5.6025665675e-01
5.6025662182e-01
5.6025660208e-01
5.6025659709e-01
5.6025660685e-01
5.6025663136e-01
5.6025666840e-01
5.6025671878e-01
5.6025678249e-01
5.6025685949e-01
5.6025694717e-01
5.6025704737e-01
5.6025716005e-01
5.6025728517e-01
5.6025742067e-01
5.6025756814e-01
5.6025772754e-01
5.6025789879e-01
5.6025807958e-01
5.6025827180e-01
5.6025847538e-01
5.6025869023e-01
5.6025891460e-01
5.6025914992e-01
5.6025939607e-01
5.6025965297e-01
5.6025991912e-01
5.6026019571e-01
5.6026048261e-01
5.6026077972e-01
5.6026108629e-01
5.6026140279e-01
5.6026172910e-01
5.6026206507e-01
5.6026241052e-01
5.6026276537e-01
5.6026312949e-01
5.6026350272e-01
5.6026388602e-01
5.6026427820e-01
5.6026467909e-01
5.6026508854e-01
5.6026550826e-01
5.6026593628e-01
5.6026637243e-01
5.6026681654e-01
5.6026727121e-01
5.6026773358e-01
5.6026820344e-01
5.6026868062e-01
5.6026916968e-01
5.6026966579e-01
5.6027016876e-01
5.6027067837e-01
5.6027120115e-01
5.6027173031e-01
5.6027226563e-01
5.6027280688e-01
5.6027336331e-01
5.6027392540e-01
5.6027449290e-01
5.6027506557e-01
5.6027565658e-01
5.6027625247e-01
5.6027685296e-01
5.6027745777e-01
5.6027808666e-01
5.6027871955e-01
5.6027935614e-01
5.6027999613e-01
5.6028067292e-01
5.6028135276e-01
5.6028203527e-01
5.6028272008e-01
5.6028348813e-01
5.6028425807e-01
5.6028502939e-01
5.6028580156e-01
5.6028656579e-01
5.6028732983e-01
5.6028809319e-01
5.6028885535e-01
5.6028954177e-01
5.6029022643e-01
5.6029090897e-01
5.6029158901e-01
5.6029223123e-01
5.6029287058e-01
5.6029350672e-01
5.6029413937e-01
5.6029474919e-01
5.6029535516e-01
5.6029595698e-01
5.6029655440e-01
5.6029713359e-01
5.6029770805e-01
5.6029827754e-01
5.6029884181e-01
5.6029939099e-01
5.6029993466e-01
5.6030047259e-01
5.6030100456e-01
5.6030152330e-01
5.6030203580e-01
5.6030254186e-01
5.6030304127e-01
5.6030352890e-01
5.6030400962e-01
5.6030448323e-01
5.6030494955e-01
5.6030540507e-01
5.6030585303e-01
5.6030629327e-01
5.6030672560e-01
5.6030714782e-01
5.6030756188e-01
5.6030796761e-01
5.6030836487e-01
5.6030875251e-01
5.6030913140e-01
5.6030950141e-01
5.6030986237e-01
5.6031021427e-01
5.6031055685e-01
5.6031088998e-01
5.6031121352e-01
5.6031152799e-01
5.6031183257e-01
5.6031212717e-01
5.6031241166e-01
5.6031268714e-01
5.6031295219e-01
5.6031320672e-01
5.6031345063e-01
5.6031368587e-01
5.6031391011e-01
5.6031412324e-01
5.6031432519e-01
5.6031451831e-01
5.6031469979e-01
5.6031486954e-01
5.6031502751e-01
5.6031517621e-01
5.6031531255e-01
5.6031543647e-01
5.6031554793e-01
5.6031565049e-01
5.6031573949e-01
5.6031581489e-01
5.6031587664e-01
5.6031592482e-01
5.6031595925e-01
5.6031597991e-01
5.6031598680e-01
