2.7339056226e-01
2.7343721417e-01
2.7357718580e-01
2.7381052494e-01
2.7413731121e-01
2.7440418192e-01
2.7471183120e-01
2.7506030477e-01
2.7544965442e-01
2.7574712671e-01
2.7606475352e-01
2.7640255809e-01
2.7676056509e-01
2.7704706513e-01
2.7734533260e-01
2.7765538015e-01
2.7797722095e-01
2.7824722740e-01
2.7852502544e-01
2.7881062280e-01
2.7910402744e-01
2.7936335312e-01
2.7962849750e-01
2.7989946601e-01
2.8017626411e-01
2.8047402948e-01
2.8077827078e-01
2.8108899424e-01
2.8140620573e-01
2.8165534787e-01
2.8190835621e-01
2.8216523220e-01
2.8242597644e-01
2.8261960553e-01
2.8281531299e-01
2.8301309746e-01
2.8321295676e-01
2.8339189518e-01
2.8357245924e-01
2.8375464494e-01
2.8393844708e-01
2.8415585052e-01
2.8437545022e-01
2.8459722843e-01
2.8482116244e-01
2.8499628420e-01
2.8517266912e-01
2.8535029807e-01
2.8552914861e-01
2.8569538398e-01
2.8586261556e-01
2.8603081665e-01
2.8619995716e-01
2.8641226333e-01
2.8662590586e-01
2.8684080179e-01
2.8705685862e-01
2.8723413552e-01
2.8741205885e-01
2.8759056440e-01
2.8776958417e-01
2.8798491385e-01
2.8820075114e-01
2.8841696118e-01
2.8863340447e-01
2.8886763208e-01
2.8910178083e-01
2.8933566477e-01
2.8956909763e-01
2.8981128992e-01
2.9005258783e-01
2.9029279007e-01
2.9053170084e-01
2.9078255154e-01
2.9103153423e-01
2.9127844443e-01
2.9152308819e-01
2.9180133246e-01
2.9207607914e-01
2.9234708777e-01
2.9261413713e-01
2.9297070695e-01
2.9331912125e-01
2.9365898165e-01
2.9398994346e-01
2.9439632602e-01
2.9478743220e-01
2.9516286180e-01
2.9552230193e-01
2.9584809072e-01
2.9615914500e-01
2.9645535930e-01
2.9673666620e-01
2.9702673737e-01
2.9729899024e-01
2.9755345154e-01
2.9779017803e-01
2.9801801929e-01
2.9822682754e-01
2.9841675344e-01
2.9858797557e-01
2.9876106482e-01
2.9891034451e-01
2.9903623662e-01
2.9913923452e-01
2.9920110509e-01
2.9925099636e-01
2.9928921132e-01
2.9931609156e-01
2.9932931121e-01
2.9933622547e-01
2.9933704831e-01
2.9933201375e-01
2.9932309924e-01
2.9931014948e-01
2.9929335863e-01
2.9927293487e-01
2.9925006594e-01
2.9922425194e-01
2.9919571660e-01
2.9916469619e-01
2.9912785663e-01
2.9908864159e-01
2.9904741786e-01
2.9900456604e-01
2.9897159232e-01
2.9893809172e-01
2.9890423454e-01
2.9887019176e-01
2.9883855877e-01
2.9880704876e-01
2.9877579554e-01
2.9874493027e-01
2.9871441365e-01
2.9868454401e-01
2.9865544175e-01
2.9862722155e-01
2.9860027172e-01
2.9857439012e-01
2.9854966831e-01
2.9852619077e-01
2.9850041407e-01
2.9847655608e-01
2.9845471491e-01
2.9843497605e-01
2.9841655228e-01
2.9840061073e-01
2.9838721091e-01
2.9837640060e-01
2.9836911891e-01
2.9836385145e-01
2.9836061122e-01
2.9835940607e-01
2.9836025282e-01
2.9836316612e-01
2.9836813881e-01
2.9837515848e-01
2.9838414375e-01
2.9839510934e-01
2.9840802589e-01
2.9842285747e-01
2.9843814217e-01
2.9845496952e-01
2.9847329470e-01
2.9849306677e-01
2.9851521611e-01
2.9853881023e-01
2.9856376787e-01
2.9858999968e-01
2.9861587126e-01
2.9864270489e-01
2.9867040581e-01
2.9869887355e-01
2.9873236427e-01
2.9876655856e-01
2.9880128189e-01
2.9883635407e-01
2.9887413465e-01
2.9891187267e-01
2.9894933504e-01
2.9898628853e-01
2.9902456365e-01
2.9906174010e-01
2.9909755363e-01
2.9913174731e-01
2.9916605737e-01
2.9919796767e-01
2.9922720479e-01
2.9925350926e-01
2.9927985308e-01
2.9930163121e-01
2.9931851801e-01
2.9933021237e-01
2.9933734610e-01
2.9933293391e-01
2.9931635633e-01
2.9928706724e-01
2.9923547992e-01
2.9916482549e-01
2.9907451325e-01
2.9896403536e-01
2.9883985471e-01
2.9869671253e-01
2.9853432519e-01
2.9835244655e-01
2.9817060740e-01
2.9797245010e-01
2.9775785934e-01
2.9752674068e-01
2.9729420487e-01
2.9704694067e-01
2.9678492717e-01
2.9650816672e-01
2.9621055242e-01
2.9589767318e-01
2.9556963193e-01
2.9522657731e-01
2.9491937554e-01
2.9460136029e-01
2.9427273551e-01
2.9393374899e-01
2.9367947707e-01
2.9341995634e-01
2.9315533815e-01
2.9288579202e-01
2.9264900266e-01
2.9240880704e-01
2.9216535126e-01
2.9191879373e-01
2.9168521018e-01
2.9144920648e-01
2.9121094335e-01
2.9097059135e-01
2.9069432540e-01
2.9041586186e-01
2.9013549682e-01
2.8985353931e-01
2.8964274832e-01
2.8943138710e-01
2.8921959288e-01
2.8900750403e-01
2.8881641092e-01
2.8862529237e-01
2.8843424831e-01
2.8824337716e-01
2.8806062258e-01
2.8787819819e-01
2.8769618387e-01
2.8751465640e-01
2.8732410117e-01
2.8713424811e-01
2.8694517314e-01
2.8675694684e-01
2.8658192199e-01
2.8640774342e-01
2.8623445560e-01
2.8606209880e-01
2.8587086078e-01
2.8568087243e-01
2.8549217285e-01
2.8530479590e-01
2.8509744092e-01
2.8489180075e-01
2.8468790366e-01
2.8448577283e-01
2.8429245643e-01
2.8410081516e-01
2.8391086002e-01
2.8372259974e-01
2.8349667772e-01
2.8327326531e-01
2.8305236918e-01
2.8283399399e-01
2.8254826792e-01
2.8226698533e-01
2.8199014771e-01
2.8171775477e-01
2.8141530152e-01
2.8111851809e-01
2.8082740024e-01
2.8054194323e-01
2.8022032661e-01
2.7990619752e-01
2.7959954800e-01
2.7930037009e-01
2.7891970742e-01
2.7855183821e-01
2.7819674568e-01
2.7785441357e-01
2.7736008176e-01
2.7689494700e-01
2.7645896035e-01
2.7605207590e-01
2.7542752662e-01
2.7488663119e-01
2.7442922531e-01
2.7405517005e-01
2.7376433788e-01
2.7355666370e-01
2.7343208441e-01
2.7339056219e-01
