2.8808459934e-01
2.8808649434e-01
2.8809217916e-01
2.8810165319e-01
2.8811491534e-01
2.8812663911e-01
2.8814027347e-01
2.8815581727e-01
2.8817326902e-01
2.8818924554e-01
2.8820654072e-01
2.8822515287e-01
2.8824507990e-01
2.8826442154e-01
2.8828485503e-01
2.8830637760e-01
2.8832898593e-01
2.8835334474e-01
2.8837884083e-01
2.8840546822e-01
2.8843321983e-01
2.8846098592e-01
2.8848977719e-01
2.8851958354e-01
2.8855039331e-01
2.8857932965e-01
2.8860907641e-01
2.8863962053e-01
2.8867094733e-01
2.8870081647e-01
2.8873133574e-01
2.8876248897e-01
2.8879425840e-01
2.8882943959e-01
2.8886529778e-01
2.8890180350e-01
2.8893892486e-01
2.8897563715e-01
2.8901286686e-01
2.8905057787e-01
2.8908873196e-01
2.8912698407e-01
2.8916559149e-01
2.8920451128e-01
2.8924369890e-01
2.8929329013e-01
2.8934313761e-01
2.8939314424e-01
2.8944321076e-01
2.8949271133e-01
2.8954207308e-01
2.8959119693e-01
2.8963998386e-01
2.8969287027e-01
2.8974510767e-01
2.8979657057e-01
2.8984713617e-01
2.8989574355e-01
2.8994326314e-01
2.8998958915e-01
2.9003461977e-01
2.9008243726e-01
2.9012845372e-01
2.9017255278e-01
2.9021462477e-01
2.9026048352e-01
2.9030336467e-01
2.9034313394e-01
2.9037966911e-01
2.9041960784e-01
2.9045441906e-01
2.9048395235e-01
2.9050808191e-01
2.9052956647e-01
2.9054317245e-01
2.9054881894e-01
2.9054647049e-01
2.9053875401e-01
2.9052586570e-01
2.9050785134e-01
2.9048477623e-01
2.9046074562e-01
2.9043304390e-01
2.9040175031e-01
2.9036695583e-01
2.9033372998e-01
2.9029798060e-01
2.9025979152e-01
2.9021925389e-01
2.9018051932e-01
2.9014001083e-01
2.9009781226e-01
2.9005401241e-01
2.9000895965e-01
2.8996251276e-01
2.8991477302e-01
2.8986584606e-01
2.8981215308e-01
2.8975735986e-01
2.8970161105e-01
2.8964505511e-01
2.8959965282e-01
2.8955391382e-01
2.8950791573e-01
2.8946173648e-01
2.8941860150e-01
2.8937543962e-01
2.8933231306e-01
2.8928928326e-01
2.8924952042e-01
2.8920993991e-01
2.8917058775e-01
2.8913150868e-01
2.8909080763e-01
2.8905050374e-01
2.8901064313e-01
2.8897126968e-01
2.8893435758e-01
2.8889795612e-01
2.8886209682e-01
2.8882680916e-01
2.8879247344e-01
2.8875874915e-01
2.8872565899e-01
2.8869322378e-01
2.8865568913e-01
2.8861912786e-01
2.8858356526e-01
2.8854902363e-01
2.8850819213e-01
2.8846894788e-01
2.8843131681e-01
2.8839532052e-01
2.8836752151e-01
2.8834080311e-01
2.8831517200e-01
2.8829063387e-01
2.8826429765e-01
2.8823936122e-01
2.8821582931e-01
2.8819370581e-01
2.8816610857e-01
2.8814108410e-01
2.8811863705e-01
2.8809877088e-01
2.8807657958e-01
2.8805885972e-01
2.8804561406e-01
2.8803684437e-01
2.8803267871e-01
2.8803248475e-01
2.8803626251e-01
2.8804401161e-01
2.8805338650e-01
2.8806545948e-01
2.8808022952e-01
2.8809769517e-01
2.8811252109e-01
2.8812885313e-01
2.8814668993e-01
2.8816602978e-01
2.8818432937e-01
2.8820379431e-01
2.8822442247e-01
2.8824621124e-01
2.8826848395e-01
2.8829184541e-01
2.8831629162e-01
2.8834181780e-01
2.8837122600e-01
2.8840193291e-01
2.8843392788e-01
2.8846719824e-01
2.8849572504e-01
2.8852510767e-01
2.8855533494e-01
2.8858639417e-01
2.8861604187e-01
2.8864638521e-01
2.8867740984e-01
2.8870909991e-01
2.8874218674e-01
2.8877593111e-01
2.8881031059e-01
2.8884530079e-01
2.8888342729e-01
2.8892218910e-01
2.8896154845e-01
2.8900146491e-01
2.8903874641e-01
2.8907642967e-01
2.8911447719e-01
2.8915284980e-01
2.8919673998e-01
2.8924093457e-01
2.8928536971e-01
2.8932997970e-01
2.8937760070e-01
2.8942526096e-01
2.8947287661e-01
2.8952036303e-01
2.8957789144e-01
2.8963494900e-01
2.8969138367e-01
2.8974704548e-01
2.8979727908e-01
2.8984662829e-01
2.8989498531e-01
2.8994224564e-01
2.8999116982e-01
2.9003862433e-01
2.9008449799e-01
2.9012868506e-01
2.9017660991e-01
2.9022210168e-01
2.9026503271e-01
2.9030528486e-01
2.9034973892e-01
2.9039004144e-01
2.9042604326e-01
2.9045761381e-01
2.9048954549e-01
2.9051474984e-01
2.9053310216e-01
2.9054451355e-01
2.9054883576e-01
2.9054721499e-01
2.9053966032e-01
2.9052620581e-01
2.9050926978e-01
2.9048774352e-01
2.9046170255e-01
2.9043123904e-01
2.9040269076e-01
2.9037124545e-01
2.9033698279e-01
2.9029999093e-01
2.9026460119e-01
2.9022717274e-01
2.9018778673e-01
2.9014652990e-01
2.9010584590e-01
2.9006365192e-01
2.9002003522e-01
2.8997508735e-01
2.8991710689e-01
2.8985738797e-01
2.8979613577e-01
2.8973356348e-01
2.8968746674e-01
2.8964087691e-01
2.8959388118e-01
2.8954656758e-01
2.8950289490e-01
2.8945909747e-01
2.8941524386e-01
2.8937140217e-01
2.8933240139e-01
2.8929351046e-01
2.8925477545e-01
2.8921624142e-01
2.8917536797e-01
2.8913482547e-01
2.8909466381e-01
2.8905493076e-01
2.8901729103e-01
2.8898012505e-01
2.8894346885e-01
2.8890735631e-01
2.8887332980e-01
2.8883985638e-01
2.8880696017e-01
2.8877466348e-01
2.8874067973e-01
2.8870743399e-01
2.8867494736e-01
2.8864323887e-01
2.8860494399e-01
2.8856790602e-01
2.8853214994e-01
2.8849769722e-01
2.8846847591e-01
2.8844028846e-01
2.8841314403e-01
2.8838705053e-01
2.8836101656e-01
2.8833613467e-01
2.8831241029e-01
2.8828984801e-01
2.8826457956e-01
2.8824095918e-01
2.8821899110e-01
2.8819867874e-01
2.8817200805e-01
2.8814887690e-01
2.8812928990e-01
2.8811325025e-01
2.8810071646e-01
2.8809176281e-01
2.8808639026e-01
2.8808459935e-01
