2.5469336170e-01
2.5484572115e-01
2.5530298174e-01
2.5606569056e-01
2.5713476018e-01
2.5785429257e-01
2.5866726413e-01
2.5957396947e-01
2.6057473715e-01
2.6127420118e-01
2.6201348372e-01
2.6279269741e-01
2.6361196103e-01
2.6422881122e-01
2.6486667787e-01
2.6552561172e-01
2.6620566517e-01
2.6673744520e-01
2.6728151523e-01
2.6783790033e-01
2.6840662614e-01
2.6886834445e-01
2.6933791797e-01
2.6981536041e-01
2.7030068572e-01
2.7071113326e-01
2.7112707260e-01
2.7154851215e-01
2.7197546046e-01
2.7234988175e-01
2.7272845151e-01
2.7311117547e-01
2.7349805941e-01
2.7385663900e-01
2.7421872892e-01
2.7458433373e-01
2.7495345794e-01
2.7537732594e-01
2.7580575383e-01
2.7623874802e-01
2.7667631465e-01
2.7697637952e-01
2.7727856165e-01
2.7758286250e-01
2.7788928326e-01
2.7814361873e-01
2.7839939731e-01
2.7865661903e-01
2.7891528365e-01
2.7914297726e-01
2.7937177616e-01
2.7960167932e-01
2.7983268536e-01
2.8006213993e-01
2.8029266830e-01
2.8052426760e-01
2.8075693427e-01
2.8102280367e-01
2.8129003976e-01
2.8155863282e-01
2.8182857097e-01
2.8204705925e-01
2.8226640290e-01
2.8248659176e-01
2.8270761423e-01
2.8291474107e-01
2.8312257115e-01
2.8333109093e-01
2.8354028534e-01
2.8376914443e-01
2.8399876195e-01
2.8422911150e-01
2.8446016415e-01
2.8471917157e-01
2.8497896955e-01
2.8523950592e-01
2.8550072440e-01
2.8571602599e-01
2.8593171282e-01
2.8614774784e-01
2.8636409243e-01
2.8659921299e-01
2.8683459823e-01
2.8707019379e-01
2.8730594397e-01
2.8761291870e-01
2.8791993193e-01
2.8822685512e-01
2.8853355914e-01
2.8886859262e-01
2.8920304282e-01
2.8953674552e-01
2.8986954021e-01
2.9015760315e-01
2.9044476525e-01
2.9073093104e-01
2.9101600863e-01
2.9132362723e-01
2.9162975731e-01
2.9193429743e-01
2.9223715177e-01
2.9258294118e-01
2.9292625843e-01
2.9326698551e-01
2.9360501384e-01
2.9401082217e-01
2.9441236359e-01
2.9480949652e-01
2.9520209630e-01
2.9567996602e-01
2.9615060080e-01
2.9661385837e-01
2.9706962456e-01
2.9757328966e-01
2.9806726980e-01
2.9855150400e-01
2.9902595893e-01
2.9947058992e-01
2.9990627617e-01
3.0033304216e-01
3.0075092519e-01
3.0119393292e-01
3.0162663374e-01
3.0204911222e-01
3.0246146187e-01
3.0291372850e-01
3.0335343619e-01
3.0378074476e-01
3.0419581948e-01
3.0466344025e-01
3.0511500952e-01
3.0555079980e-01
3.0597108398e-01
3.0645863951e-01
3.0692442500e-01
3.0736890672e-01
3.0779254096e-01
3.0830550198e-01
3.0878588018e-01
3.0923454012e-01
3.0965230546e-01
3.1020862359e-01
3.1070294189e-01
3.1113731263e-01
3.1151357332e-01
3.1191928881e-01
3.1223208715e-01
3.1245432575e-01
3.1258769964e-01
3.1263216900e-01
3.1261148706e-01
3.1252553480e-01
3.1237381895e-01
3.1219220614e-01
3.1196156785e-01
3.1168096568e-01
3.1134927051e-01
3.1106558010e-01
3.1075166448e-01
3.1040683669e-01
3.1003035209e-01
3.0970095139e-01
3.0934971327e-01
3.0897615865e-01
3.0857978554e-01
3.0822826471e-01
3.0785989930e-01
3.0747435544e-01
3.0707128985e-01
3.0670915463e-01
3.0633348178e-01
3.0594403698e-01
3.0554058303e-01
3.0517295262e-01
3.0479407515e-01
3.0440378587e-01
3.0400192091e-01
3.0362963018e-01
3.0324768563e-01
3.0285597323e-01
3.0245438254e-01
3.0207266663e-01
3.0168226729e-01
3.0128310963e-01
3.0087512512e-01
3.0046685415e-01
3.0005000561e-01
2.9962454040e-01
2.9919043084e-01
2.9874809882e-01
2.9829712551e-01
2.9783752936e-01
2.9736934901e-01
2.9697563614e-01
2.9657613936e-01
2.9617092038e-01
2.9576005579e-01
2.9541149866e-01
2.9505910672e-01
2.9470295374e-01
2.9434312362e-01
2.9403540789e-01
2.9372518365e-01
2.9341252111e-01
2.9309749691e-01
2.9280832586e-01
2.9251732939e-01
2.9222458047e-01
2.9193015705e-01
2.9165441635e-01
2.9137736514e-01
2.9109907822e-01
2.9081963414e-01
2.9053343054e-01
2.9024619918e-01
2.8995803482e-01
2.8966903563e-01
2.8940084747e-01
2.8913211327e-01
2.8886291735e-01
2.8859334552e-01
2.8834474704e-01
2.8809597188e-01
2.8784708885e-01
2.8759816674e-01
2.8737839967e-01
2.8715870227e-01
2.8693912070e-01
2.8671970039e-01
2.8650738426e-01
2.8629530067e-01
2.8608348804e-01
2.8587198355e-01
2.8562985897e-01
2.8538823855e-01
2.8514717137e-01
2.8490670372e-01
2.8470177151e-01
2.8449733388e-01
2.8429341451e-01
2.8409003549e-01
2.8386873451e-01
2.8364812581e-01
2.8342823169e-01
2.8320907236e-01
2.8297903710e-01
2.8274985632e-01
2.8252154689e-01
2.8229412367e-01
2.8205233526e-01
2.8181158530e-01
2.8157188556e-01
2.8133324605e-01
2.8110378646e-01
2.8087533011e-01
2.8064788237e-01
2.8042144773e-01
2.8017503854e-01
2.7992984871e-01
2.7968588133e-01
2.7944313879e-01
2.7912211133e-01
2.7880325762e-01
2.7848657937e-01
2.7817207736e-01
2.7776914255e-01
2.7736983594e-01
2.7697415518e-01
2.7658209711e-01
2.7619983182e-01
2.7582106696e-01
2.7544579840e-01
2.7507402186e-01
2.7466877594e-01
2.7426775084e-01
2.7387094062e-01
2.7347833931e-01
2.7301658868e-01
2.7256078075e-01
2.7211090568e-01
2.7166695372e-01
2.7110604866e-01
2.7055485672e-01
2.7001335819e-01
2.6948153366e-01
2.6874092117e-01
2.6801983054e-01
2.6731820939e-01
2.6663600674e-01
2.6552975165e-01
2.6447831603e-01
2.6348148282e-01
2.6253904622e-01
2.6070558884e-01
2.5911820994e-01
2.5777541114e-01
2.5667592496e-01
2.5580792167e-01
2.5518852118e-01
2.5481712150e-01
2.5469336169e-01
