0.0000000000e+00
7.8954499128e-03
1.5790899826e-02
2.3686349738e-02
3.1581799651e-02
3.7781040293e-02
4.3980280934e-02
5.0179521576e-02
5.6378762217e-02
6.1487473501e-02
6.6596184784e-02
7.1704896068e-02
7.6813607352e-02
8.1235023318e-02
8.5656439284e-02
9.0077855251e-02
9.4499271217e-02
9.8824424889e-02
1.0314957856e-01
1.0747473223e-01
1.1179988590e-01
1.1538043484e-01
1.1896098378e-01
1.2254153272e-01
1.2612208166e-01
1.2902561770e-01
1.3192915374e-01
1.3483268977e-01
1.3773622581e-01
1.4016483036e-01
1.4259343490e-01
1.4502203945e-01
1.4745064400e-01
1.4972875801e-01
1.5200687202e-01
1.5428498604e-01
1.5656310005e-01
1.5907189380e-01
1.6158068754e-01
1.6408948128e-01
1.6659827503e-01
1.6870235282e-01
1.7080643062e-01
1.7291050842e-01
1.7501458621e-01
1.7694604406e-01
1.7887750190e-01
1.8080895974e-01
1.8274041759e-01
1.8486407625e-01
1.8698773492e-01
1.8911139358e-01
1.9123505224e-01
1.9323345588e-01
1.9523185951e-01
1.9723026314e-01
1.9922866678e-01
2.0127988992e-01
2.0333111306e-01
2.0538233621e-01
2.0743355935e-01
2.0974451297e-01
2.1205546658e-01
2.1436642020e-01
2.1667737381e-01
2.1971581337e-01
2.2275425292e-01
2.2579269248e-01
2.2883113203e-01
2.3154959889e-01
2.3426806574e-01
2.3698653260e-01
2.3970499945e-01
2.4259780076e-01
2.4549060207e-01
2.4838340338e-01
2.5127620468e-01
2.5463380193e-01
2.5799139918e-01
2.6134899643e-01
2.6470659368e-01
2.6911706793e-01
2.7352754217e-01
2.7793801641e-01
2.8234849065e-01
2.8785448401e-01
2.9336047737e-01
2.9886647073e-01
3.0437246409e-01
3.1261546082e-01
3.2085845756e-01
3.2910145429e-01
3.3734445102e-01
3.4171603320e-01
3.4608761538e-01
3.5045919756e-01
3.5483077974e-01
3.5840315157e-01
3.6197552340e-01
3.6554789523e-01
3.6912026706e-01
3.7222852984e-01
3.7533679261e-01
3.7844505539e-01
3.8155331817e-01
3.8438168125e-01
3.8721004433e-01
3.9003840741e-01
3.9286677049e-01
3.9575489499e-01
3.9864301949e-01
4.0153114400e-01
4.0441926850e-01
4.0700991374e-01
4.0960055898e-01
4.1219120423e-01
4.1478184947e-01
4.1729123047e-01
4.1980061147e-01
4.2230999248e-01
4.2481937348e-01
4.2692821692e-01
4.2903706036e-01
4.3114590380e-01
4.3325474724e-01
4.3561387057e-01
4.3797299391e-01
4.4033211725e-01
4.4269124058e-01
4.4476649574e-01
4.4684175089e-01
4.4891700604e-01
4.5099226120e-01
4.5327152928e-01
4.5555079736e-01
4.5783006544e-01
4.6010933352e-01
4.6245931565e-01
4.6480929777e-01
4.6715927990e-01
4.6950926203e-01
4.7197402267e-01
4.7443878332e-01
4.7690354397e-01
4.7936830462e-01
4.8175594004e-01
4.8414357546e-01
4.8653121088e-01
4.8891884630e-01
4.9165645980e-01
4.9439407330e-01
4.9713168680e-01
4.9986930030e-01
5.0227366115e-01
5.0467802201e-01
5.0708238287e-01
5.0948674372e-01
5.1189439162e-01
5.1430203952e-01
5.1670968742e-01
5.1911733532e-01
5.2156268525e-01
5.2400803518e-01
5.2645338511e-01
5.2889873503e-01
5.3108353669e-01
5.3326833834e-01
5.3545313999e-01
5.3763794164e-01
5.3968284401e-01
5.4172774638e-01
5.4377264874e-01
5.4581755111e-01
5.4868231875e-01
5.5154708640e-01
5.5441185404e-01
5.5727662169e-01
5.5940203141e-01
5.6152744114e-01
5.6365285086e-01
5.6577826059e-01
5.6828270308e-01
5.7078714558e-01
5.7329158807e-01
5.7579603057e-01
5.7842880842e-01
5.8106158628e-01
5.8369436413e-01
5.8632714199e-01
5.8918074872e-01
5.9203435545e-01
5.9488796219e-01
5.9774156892e-01
6.0062032220e-01
6.0349907547e-01
6.0637782875e-01
6.0925658202e-01
6.1250712519e-01
6.1575766837e-01
6.1900821154e-01
6.2225875471e-01
6.2653897354e-01
6.3081919236e-01
6.3509941118e-01
6.3937963001e-01
6.4573866555e-01
6.5209770110e-01
6.5845673665e-01
6.6481577220e-01
6.7029705825e-01
6.7577834430e-01
6.8125963035e-01
6.8674091640e-01
6.9181539756e-01
6.9688987871e-01
7.0196435987e-01
7.0703884103e-01
7.1108976511e-01
7.1514068919e-01
7.1919161327e-01
7.2324253735e-01
7.2650830602e-01
7.2977407468e-01
7.3303984335e-01
7.3630561201e-01
7.3921802699e-01
7.4213044196e-01
7.4504285694e-01
7.4795527191e-01
7.5061621730e-01
7.5327716268e-01
7.5593810807e-01
7.5859905345e-01
7.6145355465e-01
7.6430805585e-01
7.6716255705e-01
7.7001705825e-01
7.7240414823e-01
7.7479123822e-01
7.7717832820e-01
7.7956541819e-01
7.8183191051e-01
7.8409840284e-01
7.8636489516e-01
7.8863138749e-01
7.9061108117e-01
7.9259077485e-01
7.9457046854e-01
7.9655016222e-01
7.9908759681e-01
8.0162503141e-01
8.0416246600e-01
8.0669990059e-01
8.0863429355e-01
8.1056868650e-01
8.1250307946e-01
8.1443747241e-01
8.1655144888e-01
8.1866542534e-01
8.2077940181e-01
8.2289337827e-01
8.2521957781e-01
8.2754577735e-01
8.2987197689e-01
8.3219817643e-01
8.3449289765e-01
8.3678761886e-01
8.3908234007e-01
8.4137706129e-01
8.4378143467e-01
8.4618580806e-01
8.4859018144e-01
8.5099455482e-01
8.5396548453e-01
8.5693641424e-01
8.5990734394e-01
8.6287827365e-01
8.6675744538e-01
8.7063661712e-01
8.7451578885e-01
8.7839496058e-01
8.8264343258e-01
8.8689190459e-01
8.9114037659e-01
8.9538884859e-01
9.0014899056e-01
9.0490913254e-01
9.0966927452e-01
9.1442941650e-01
9.2032401578e-01
9.2621861506e-01
9.3211321434e-01
9.3800781362e-01
9.4575683453e-01
9.5350585544e-01
9.6125487634e-01
9.6900389725e-01
9.7675292294e-01
9.8450194863e-01
9.9225097431e-01
1.0000000000e+00
