5.3342775918e-04
5.5564082589e-04
6.2409228305e-04
7.4446929811e-04
9.2680711915e-04
1.1363998875e-03
1.4111658034e-03
1.7668113297e-03
2.2236431952e-03
2.7216664441e-03
3.3363198770e-03
4.0936642854e-03
5.0256690898e-03
6.1159516593e-03
7.4428559211e-03
9.0563965359e-03
1.1016745790e-02
1.3060079503e-02
1.5476095904e-02
1.8329853101e-02
2.1696613540e-02
2.4893919054e-02
2.8546146438e-02
3.2712777266e-02
3.7459399450e-02
4.1806302844e-02
4.6627887271e-02
5.1968613796e-02
5.7875285617e-02
6.3859182745e-02
7.0404099012e-02
7.7550019093e-02
8.5337032758e-02
9.6002856245e-02
1.0780014005e-01
1.2079606837e-01
1.3504828014e-01
1.4658113740e-01
1.5885786373e-01
1.7188482350e-01
1.8566125733e-01
1.9892559783e-01
2.1279834183e-01
2.2726040944e-01
2.4228639596e-01
2.5872439242e-01
2.7571067476e-01
2.9319358676e-01
3.1111521476e-01
3.2932481159e-01
3.4783967453e-01
3.6659037181e-01
3.8550579047e-01
4.0415285616e-01
4.2282261873e-01
4.4144999391e-01
4.5997251599e-01
4.8137391691e-01
5.0246531408e-01
5.2316823656e-01
5.4341317986e-01
5.6566676792e-01
5.8718609499e-01
6.0791311614e-01
6.2780356901e-01
6.4691411474e-01
6.6512814746e-01
6.8243564375e-01
6.9883553429e-01
7.1483229332e-01
7.2988189695e-01
7.4400453477e-01
7.5722504300e-01
7.7104916531e-01
7.8381281825e-01
7.9556271782e-01
8.0634696089e-01
8.1887319867e-01
8.2998434982e-01
8.3977812477e-01
8.4834688117e-01
8.5854012717e-01
8.6666983226e-01
8.7292002477e-01
8.7744085656e-01
8.8056148392e-01
8.8182149796e-01
8.8127749871e-01
8.7893606061e-01
8.7612822620e-01
8.7234343784e-01
8.6753725073e-01
8.6165237129e-01
8.5599643870e-01
8.4953000350e-01
8.4220351934e-01
8.3396245872e-01
8.2607023934e-01
8.1741251022e-01
8.0794702014e-01
7.9763015731e-01
7.8756005894e-01
7.7672887731e-01
7.6510450593e-01
7.5265599044e-01
7.3957405436e-01
7.2564077970e-01
7.1083456989e-01
6.9513838400e-01
6.7914562397e-01
6.6231016835e-01
6.4463515304e-01
6.2613209929e-01
6.0852865375e-01
5.9027592276e-01
5.7140608185e-01
5.5196017312e-01
5.3466079586e-01
5.1700442267e-01
4.9903546688e-01
4.8080382113e-01
4.6262418950e-01
4.4430045093e-01
4.2589434502e-01
4.0747110290e-01
3.8832797904e-01
3.6931909114e-01
3.5052411449e-01
3.3202211274e-01
3.1527889044e-01
2.9890870793e-01
2.8296609124e-01
2.6750138890e-01
2.5153293573e-01
2.3621276869e-01
2.2158223110e-01
2.0767491698e-01
1.9052276293e-01
1.7470540314e-01
1.6024171558e-01
1.4713289674e-01
1.3729987095e-01
1.2837200538e-01
1.2033191005e-01
1.1315957349e-01
1.0649376435e-01
1.0074884365e-01
9.5899860816e-02
9.1923717152e-02
8.8312849346e-02
8.5872650635e-02
8.4583718639e-02
8.4435501224e-02
8.5188587814e-02
8.6746063528e-02
8.9116793362e-02
9.2313878690e-02
9.6152134212e-02
1.0077642863e-01
1.0620653371e-01
1.1246371899e-01
1.2071683578e-01
1.3012758523e-01
1.4072624214e-01
1.5253796167e-01
1.6298909400e-01
1.7424959685e-01
1.8631839000e-01
1.9918810939e-01
2.1178313881e-01
2.2503296641e-01
2.3891445212e-01
2.5339841383e-01
2.6934896979e-01
2.8588622190e-01
3.0295442606e-01
3.2049177585e-01
3.3819854447e-01
3.5622887549e-01
3.7451190917e-01
3.9297537091e-01
4.1144806991e-01
4.2995706748e-01
4.4843402064e-01
4.6681351876e-01
4.8756649422e-01
5.0802836154e-01
5.2812298641e-01
5.4778297757e-01
5.7017059000e-01
5.9180474497e-01
6.1262362292e-01
6.3258064072e-01
6.5125335228e-01
6.6904988771e-01
6.8596141799e-01
7.0198785813e-01
7.1778767019e-01
7.3264590279e-01
7.4658386532e-01
7.5962745023e-01
7.7333246500e-01
7.8597823973e-01
7.9761308951e-01
8.0828639951e-01
8.2029882461e-01
8.3099200362e-01
8.4045457091e-01
8.4876948107e-01
8.5859485523e-01
8.6651552819e-01
8.7268207172e-01
8.7721260637e-01
8.8028879547e-01
8.8173125772e-01
8.8155749225e-01
8.7974459512e-01
8.7730642005e-01
8.7389259668e-01
8.6945006452e-01
8.6391321358e-01
8.5856768342e-01
8.5240415855e-01
8.4536991120e-01
8.3740731289e-01
8.2976364115e-01
8.2134424320e-01
8.1210519986e-01
8.0200117040e-01
7.9212256540e-01
7.8147084981e-01
7.7001247342e-01
7.5771487393e-01
7.4489667434e-01
7.3122612095e-01
7.1668003764e-01
7.0123931406e-01
6.8510682915e-01
6.6808140622e-01
6.5016278547e-01
6.3135916599e-01
6.1381087096e-01
5.9558940592e-01
5.7672287610e-01
5.5724783744e-01
5.3978453122e-01
5.2192820076e-01
5.0372057394e-01
4.8520891886e-01
4.6699061618e-01
4.4858815401e-01
4.3005854152e-01
4.1146237067e-01
3.9179286256e-01
3.7219771562e-01
3.5275585876e-01
3.3354614381e-01
3.1607070084e-01
2.9891835993e-01
2.8214467260e-01
2.6580112654e-01
2.4906062751e-01
2.3290005188e-01
2.1736013474e-01
2.0247377360e-01
1.8488280050e-01
1.6837477596e-01
1.5296273096e-01
1.3864333283e-01
1.2675035282e-01
1.1569579731e-01
1.0545233122e-01
9.5987559680e-02
8.6742216946e-02
7.8288509292e-02
7.0577763044e-02
6.3560445439e-02
5.5089334698e-02
4.7675831274e-02
4.1206479377e-02
3.5575009606e-02
2.8501103718e-02
2.2794167175e-02
1.8204873975e-02
1.4523734952e-02
1.1910760763e-02
9.7632404348e-03
8.0001986250e-03
6.5541755361e-03
5.2076728048e-03
4.1388967775e-03
3.2916099269e-03
2.6209478622e-03
1.9887656193e-03
1.5178954038e-03
1.1702430252e-03
9.1765220670e-04
7.3976023833e-04
6.2213188224e-04
5.5516958033e-04
5.3342777656e-04
