0.0000000000e+00
4.3444836926e-03
8.6889673852e-03
1.3033451078e-02
1.7377934770e-02
2.1353068405e-02
2.5328202040e-02
2.9303335675e-02
3.3278469310e-02
3.6826259819e-02
4.0374050327e-02
4.3921840835e-02
4.7469631344e-02
5.0552537124e-02
5.3635442904e-02
5.6718348685e-02
5.9801254465e-02
6.2670871613e-02
6.5540488760e-02
6.8410105908e-02
7.1279723055e-02
7.4046586414e-02
7.6813449772e-02
7.9580313130e-02
8.2347176489e-02
8.5048483049e-02
8.7749789609e-02
9.0451096169e-02
9.3152402730e-02
9.5817277507e-02
9.8482152284e-02
1.0114702706e-01
1.0381190184e-01
1.0649860100e-01
1.0918530017e-01
1.1187199933e-01
1.1455869849e-01
1.1734878421e-01
1.2013886993e-01
1.2292895566e-01
1.2571904138e-01
1.2886567832e-01
1.3201231527e-01
1.3515895221e-01
1.3830558916e-01
1.4130449211e-01
1.4430339507e-01
1.4730229803e-01
1.5030120099e-01
1.5306140761e-01
1.5582161424e-01
1.5858182087e-01
1.6134202749e-01
1.6400910447e-01
1.6667618145e-01
1.6934325844e-01
1.7201033542e-01
1.7464882946e-01
1.7728732351e-01
1.7992581755e-01
1.8256431160e-01
1.8521901999e-01
1.8787372838e-01
1.9052843677e-01
1.9318314516e-01
1.9590216538e-01
1.9862118561e-01
2.0134020583e-01
2.0405922605e-01
2.0694976634e-01
2.0984030663e-01
2.1273084692e-01
2.1562138721e-01
2.1860750491e-01
2.2159362262e-01
2.2457974033e-01
2.2756585804e-01
2.3059489883e-01
2.3362393962e-01
2.3665298041e-01
2.3968202120e-01
2.4266363941e-01
2.4564525762e-01
2.4862687582e-01
2.5160849403e-01
2.5462690368e-01
2.5764531332e-01
2.6066372296e-01
2.6368213261e-01
2.6680911079e-01
2.6993608898e-01
2.7306306716e-01
2.7619004535e-01
2.7955115455e-01
2.8291226375e-01
2.8627337295e-01
2.8963448215e-01
2.9442980004e-01
2.9922511793e-01
3.0402043583e-01
3.0881575372e-01
3.1236196601e-01
3.1590817830e-01
3.1945439059e-01
3.2300060288e-01
3.2640592548e-01
3.2981124809e-01
3.3321657069e-01
3.3662189329e-01
3.3999416944e-01
3.4336644559e-01
3.4673872174e-01
3.5011099789e-01
3.5349767567e-01
3.5688435346e-01
3.6027103124e-01
3.6365770902e-01
3.6709070622e-01
3.7052370343e-01
3.7395670063e-01
3.7738969783e-01
3.8089526592e-01
3.8440083401e-01
3.8790640210e-01
3.9141197019e-01
3.9501490133e-01
3.9861783247e-01
4.0222076361e-01
4.0582369475e-01
4.0955022636e-01
4.1327675797e-01
4.1700328958e-01
4.2072982119e-01
4.2461103339e-01
4.2849224560e-01
4.3237345780e-01
4.3625467001e-01
4.4033431167e-01
4.4441395334e-01
4.4849359500e-01
4.5257323667e-01
4.5693730738e-01
4.6130137809e-01
4.6566544880e-01
4.7002951951e-01
4.7487231295e-01
4.7971510640e-01
4.8455789985e-01
4.8940069330e-01
4.9429179367e-01
4.9918289404e-01
5.0407399441e-01
5.0896509478e-01
5.1339588126e-01
5.1782666775e-01
5.2225745423e-01
5.2668824071e-01
5.3082453302e-01
5.3496082532e-01
5.3909711762e-01
5.4323340992e-01
5.4716632930e-01
5.5109924867e-01
5.5503216805e-01
5.5896508742e-01
5.6273889611e-01
5.6651270479e-01
5.7028651348e-01
5.7406032216e-01
5.7770533002e-01
5.8135033788e-01
5.8499534574e-01
5.8864035360e-01
5.9218167483e-01
5.9572299606e-01
5.9926431729e-01
6.0280563852e-01
6.0626645129e-01
6.0972726406e-01
6.1318807684e-01
6.1664888961e-01
6.2005309689e-01
6.2345730417e-01
6.2686151145e-01
6.3026571873e-01
6.3364128566e-01
6.3701685259e-01
6.4039241951e-01
6.4376798644e-01
6.4715438171e-01
6.5054077697e-01
6.5392717224e-01
6.5731356750e-01
6.6079302503e-01
6.6427248255e-01
6.6775194008e-01
6.7123139761e-01
6.7519654221e-01
6.7916168681e-01
6.8312683141e-01
6.8709197602e-01
6.9069465453e-01
6.9429733305e-01
6.9790001156e-01
7.0150269007e-01
7.0476826918e-01
7.0803384829e-01
7.1129942740e-01
7.1456500651e-01
7.1765915429e-01
7.2075330208e-01
7.2384744986e-01
7.2694159765e-01
7.2994748091e-01
7.3295336418e-01
7.3595924744e-01
7.3896513070e-01
7.4195283305e-01
7.4494053541e-01
7.4792823776e-01
7.5091594012e-01
7.5406438715e-01
7.5721283419e-01
7.6036128122e-01
7.6350972825e-01
7.6649548473e-01
7.6948124121e-01
7.7246699769e-01
7.7545275417e-01
7.7827178312e-01
7.8109081206e-01
7.8390984101e-01
7.8672886995e-01
7.8943784965e-01
7.9214682936e-01
7.9485580906e-01
7.9756478876e-01
8.0021742804e-01
8.0287006732e-01
8.0552270660e-01
8.0817534588e-01
8.1081792098e-01
8.1346049609e-01
8.1610307119e-01
8.1874564629e-01
8.2142689234e-01
8.2410813839e-01
8.2678938444e-01
8.2947063049e-01
8.3228238689e-01
8.3509414328e-01
8.3790589968e-01
8.4071765607e-01
8.4481797148e-01
8.4891828689e-01
8.5301860229e-01
8.5711891770e-01
8.6005236366e-01
8.6298580963e-01
8.6591925559e-01
8.6885270155e-01
8.7157801106e-01
8.7430332057e-01
8.7702863007e-01
8.7975393958e-01
8.8242361324e-01
8.8509328690e-01
8.8776296056e-01
8.9043263422e-01
8.9310860659e-01
8.9578457897e-01
8.9846055134e-01
9.0113652372e-01
9.0389485673e-01
9.0665318974e-01
9.0941152275e-01
9.1216985576e-01
9.1498557351e-01
9.1780129126e-01
9.2061700901e-01
9.2343272676e-01
9.2642388361e-01
9.2941504047e-01
9.3240619732e-01
9.3539735417e-01
9.3889746163e-01
9.4239756908e-01
9.4589767654e-01
9.4939778399e-01
9.5332951657e-01
9.5726124914e-01
9.6119298171e-01
9.6512471428e-01
9.6946493689e-01
9.7380515951e-01
9.7814538212e-01
9.8248560474e-01
9.8686420355e-01
9.9124280237e-01
9.9562140118e-01
1.0000000000e+00
