6.0952022554e-02
6.1032683395e-02
6.1274823970e-02
6.1678917518e-02
6.2245750815e-02
6.2919086213e-02
6.3734924844e-02
6.4694609229e-02
6.5799702489e-02
6.6970137319e-02
6.8271732247e-02
6.9706279988e-02
7.1275724117e-02
7.2890861205e-02
7.4631127243e-02
7.6498521768e-02
7.8495141319e-02
8.0537547327e-02
8.2703308066e-02
8.4994494384e-02
8.7413229744e-02
8.9900130289e-02
9.2512756668e-02
9.5253179249e-02
9.8123479926e-02
1.0112458166e-01
1.0425961656e-01
1.0753063285e-01
1.1093964405e-01
1.1469140443e-01
1.1860147046e-01
1.2267198624e-01
1.2690498077e-01
1.3169068633e-01
1.3667266540e-01
1.4185288706e-01
1.4723303790e-01
1.5202613981e-01
1.5696912081e-01
1.6206244379e-01
1.6730634992e-01
1.7239947915e-01
1.7762685017e-01
1.8298805229e-01
1.8848245588e-01
1.9395818499e-01
1.9955832439e-01
2.0528165173e-01
2.1112672230e-01
2.1695839819e-01
2.2290310998e-01
2.2895887108e-01
2.3512348259e-01
2.4110202453e-01
2.4717511388e-01
2.5334030829e-01
2.5959499604e-01
2.6593082581e-01
2.7235028843e-01
2.7885029756e-01
2.8542761774e-01
2.9247111346e-01
2.9959329265e-01
3.0678982531e-01
3.1405623524e-01
3.2304130362e-01
3.3211549673e-01
3.4126988029e-01
3.5049532836e-01
3.5828522446e-01
3.6611308796e-01
3.7397333819e-01
3.8186037484e-01
3.8932371720e-01
3.9680122742e-01
4.0428822914e-01
4.1178008083e-01
4.1922099868e-01
4.2665771974e-01
4.3408586275e-01
4.4150112075e-01
4.4909887403e-01
4.5667410487e-01
4.6422244707e-01
4.7173965142e-01
4.7977237540e-01
4.8775949789e-01
4.9569625779e-01
5.0357808007e-01
5.1226197810e-01
5.2086698727e-01
5.2938768626e-01
5.3781895812e-01
5.4589649813e-01
5.5388150542e-01
5.6177014672e-01
5.6955885291e-01
5.7766421631e-01
5.8565108593e-01
5.9351619418e-01
6.0125657465e-01
6.1005012758e-01
6.1866959379e-01
6.2711178893e-01
6.3537398970e-01
6.4334506759e-01
6.5113700196e-01
6.5874836319e-01
6.6617806818e-01
6.7302582506e-01
6.7971056232e-01
6.8623211161e-01
6.9259051176e-01
6.9876968572e-01
7.0478721345e-01
7.1064365720e-01
7.1633972460e-01
7.2198594423e-01
7.2746716742e-01
7.3278452673e-01
7.3793925612e-01
7.4310971298e-01
7.4810858154e-01
7.5293749415e-01
7.5759814525e-01
7.6231815703e-01
7.6685622004e-01
7.7121443957e-01
7.7539494151e-01
7.7968253074e-01
7.8377087208e-01
7.8766257477e-01
7.9136021645e-01
7.9509710790e-01
7.9861864333e-01
8.0192774962e-01
8.0502725364e-01
8.0825314073e-01
8.1122314734e-01
8.1394069206e-01
8.1640896754e-01
8.1868595159e-01
8.2070643720e-01
8.2247304976e-01
8.2398811397e-01
8.2534827869e-01
8.2641754514e-01
8.2719761209e-01
8.2768972628e-01
8.2789249519e-01
8.2782701965e-01
8.2749320110e-01
8.2689053796e-01
8.2607900546e-01
8.2502852223e-01
8.2373771452e-01
8.2220490705e-01
8.2051492555e-01
8.1860086652e-01
8.1646053870e-01
8.1409152521e-01
8.1171855199e-01
8.0914930677e-01
8.0638147314e-01
8.0341260393e-01
8.0042760564e-01
7.9725944066e-01
7.9390578476e-01
7.9036424207e-01
7.8687458539e-01
7.8321588631e-01
7.7938605237e-01
7.7538296863e-01
7.7140270057e-01
7.6726113547e-01
7.6295643275e-01
7.5848676785e-01
7.5401237363e-01
7.4938088841e-01
7.4459076618e-01
7.3964051247e-01
7.3463610286e-01
7.2947546689e-01
7.2415740578e-01
7.1868081040e-01
7.1304127403e-01
7.0724110870e-01
7.0127954606e-01
6.9515595845e-01
6.8854350863e-01
6.8175113973e-01
6.7477873068e-01
6.6762640654e-01
6.5993393244e-01
6.5204486561e-01
6.4396037259e-01
6.3568202204e-01
6.2847081231e-01
6.2112156919e-01
6.1363604725e-01
6.0601626708e-01
5.9870867584e-01
5.9128586116e-01
5.8375022360e-01
5.7610440809e-01
5.6837694521e-01
5.6054602617e-01
5.5261503387e-01
5.4458761577e-01
5.3676141542e-01
5.2885298771e-01
5.2086631476e-01
5.1280561422e-01
5.0539557527e-01
4.9793124105e-01
4.9041631360e-01
4.8285465085e-01
4.7553698435e-01
4.6818344997e-01
4.6079787435e-01
4.5338420151e-01
4.4599035016e-01
4.3857682823e-01
4.3114781929e-01
4.2370759509e-01
4.1591597971e-01
4.0812192035e-01
4.0033055713e-01
3.9254709062e-01
3.8300407713e-01
3.7349069878e-01
3.6401678268e-01
3.5459214791e-01
3.4687198865e-01
3.3919732339e-01
3.3157350611e-01
3.2400581340e-01
3.1697475725e-01
3.1000163200e-01
3.0309051053e-01
2.9624535903e-01
2.8958415425e-01
2.8299396304e-01
2.7647819577e-01
2.7004012807e-01
2.6349924285e-01
2.5704721209e-01
2.5068711365e-01
2.4442184684e-01
2.3785811014e-01
2.3140800880e-01
2.2507434411e-01
2.1885967116e-01
2.1279714710e-01
2.0685671522e-01
2.0104016548e-01
1.9534905072e-01
1.8945179313e-01
1.8369839873e-01
1.7808988126e-01
1.7262698364e-01
1.6666456731e-01
1.6088681674e-01
1.5529366870e-01
1.4988470961e-01
1.4471444803e-01
1.3972270097e-01
1.3490819932e-01
1.3026943505e-01
1.2611458730e-01
1.2210849317e-01
1.1824949717e-01
1.1453583486e-01
1.1099285371e-01
1.0758923420e-01
1.0432302476e-01
1.0119222612e-01
9.8136813235e-02
9.5217926413e-02
9.2433374050e-02
8.9780965681e-02
8.7162643912e-02
8.4682217964e-02
8.2337311688e-02
8.0125599738e-02
7.7933599404e-02
7.5884825424e-02
7.3976802980e-02
7.2207167237e-02
7.0465134873e-02
6.8876244228e-02
6.7438089835e-02
6.6148454159e-02
6.4921056977e-02
6.3861988752e-02
6.2969261836e-02
6.2241181740e-02
6.1676353223e-02
6.1273686132e-02
6.1032399213e-02
6.0952022554e-02
