3.1861603944e-10
1.1288999058e-10
6.6245390339e-10
1.9492193192e-09
1.7204963020e-08
4.9278283893e-08
1.3580794988e-07
3.7281309423e-07
1.0629622247e-06
2.0547321073e-06
3.9509150070e-06
7.5962085399e-06
1.4659997892e-05
2.3314067994e-05
3.7043315609e-05
5.8856461650e-05
9.3576103681e-05
1.3277908365e-04
1.8836223677e-04
2.6720536679e-04
3.7909811251e-04
5.0043025976e-04
6.6052144474e-04
8.7177200861e-04
1.1505504184e-03
1.4509388076e-03
1.8295318995e-03
2.3066322271e-03
2.9077658565e-03
3.5651918892e-03
4.3704097441e-03
5.3562982493e-03
6.5628599651e-03
8.0317651050e-03
9.8253793382e-03
1.2013614174e-02
1.4680455582e-02
1.7436531564e-02
2.0696624432e-02
2.4547506050e-02
2.9088622200e-02
3.2972861700e-02
3.7350908345e-02
4.2278466640e-02
4.7815496568e-02
5.3108216036e-02
5.8940745278e-02
6.5357365677e-02
7.2403472333e-02
8.0287440049e-02
8.8922823875e-02
9.8356775129e-02
1.0863386819e-01
1.1908882717e-01
1.3035249937e-01
1.4244840949e-01
1.5539313240e-01
1.6824653125e-01
1.8184592546e-01
1.9618263946e-01
2.1123940536e-01
2.2607081128e-01
2.4148941667e-01
2.5745849463e-01
2.7393444036e-01
2.9217124964e-01
3.1086717848e-01
3.2994630623e-01
3.4932789552e-01
3.6806168260e-01
3.8692033486e-01
4.0582928749e-01
4.2471530933e-01
4.4673254063e-01
4.6851320900e-01
4.8995791516e-01
5.1097685863e-01
5.3277625620e-01
5.5392253847e-01
5.7434781200e-01
5.9399773896e-01
6.1366398506e-01
6.3240453509e-01
6.5019871170e-01
6.6703717227e-01
6.8325868860e-01
6.9849236487e-01
7.1275534845e-01
7.2607098614e-01
7.3956548897e-01
7.5200574861e-01
7.6343748826e-01
7.7390899777e-01
7.8530877297e-01
7.9547766959e-01
8.0450272335e-01
8.1246906231e-01
8.2105229476e-01
8.2826553478e-01
8.3425042831e-01
8.3913791259e-01
8.4372423321e-01
8.4708850162e-01
8.4939680812e-01
8.5079555473e-01
8.5141742881e-01
8.5134877406e-01
8.5069191810e-01
8.4953545926e-01
8.4784163833e-01
8.4574754800e-01
8.4332071825e-01
8.4061862090e-01
8.3726682444e-01
8.3368145334e-01
8.2991286951e-01
8.2600274843e-01
8.2120345602e-01
8.1629884593e-01
8.1132660362e-01
8.0631652410e-01
7.9995628738e-01
7.9360866090e-01
7.8730006044e-01
7.8104928204e-01
7.7279975046e-01
7.6469553721e-01
7.5674614274e-01
7.4895398958e-01
7.3966651086e-01
7.3059751134e-01
7.2173172790e-01
7.1305188237e-01
7.0494604384e-01
6.9698001795e-01
6.8914453974e-01
6.8143592595e-01
6.7477846467e-01
6.6823020862e-01
6.6180685865e-01
6.5553195854e-01
6.4985923730e-01
6.4437529142e-01
6.3911954594e-01
6.3413754264e-01
6.2962158327e-01
6.2545977074e-01
6.2170348762e-01
6.1840397035e-01
6.1540167983e-01
6.1304944252e-01
6.1139384272e-01
6.1046913133e-01
6.1028457542e-01
6.1076991199e-01
6.1191588361e-01
6.1370109151e-01
6.1607084555e-01
6.1899672072e-01
6.2243159567e-01
6.2632404568e-01
6.3107969082e-01
6.3625511376e-01
6.4178318188e-01
6.4760279656e-01
6.5527970080e-01
6.6324975442e-01
6.7144918049e-01
6.7983578509e-01
6.8921933758e-01
6.9879205464e-01
7.0856171154e-01
7.1854746196e-01
7.2595749743e-01
7.3350593307e-01
7.4120288987e-01
7.4905710470e-01
7.5523763647e-01
7.6151741608e-01
7.6789609171e-01
7.7437089394e-01
7.7971360116e-01
7.8511110983e-01
7.9055586927e-01
7.9603737091e-01
8.0068989921e-01
8.0534752588e-01
8.0999616234e-01
8.1461812101e-01
8.1860358122e-01
8.2253442682e-01
8.2638914834e-01
8.3014183289e-01
8.3339072929e-01
8.3650640714e-01
8.3945758959e-01
8.4220749392e-01
8.4456139714e-01
8.4665986089e-01
8.4845490837e-01
8.4989093026e-01
8.5095277586e-01
8.5144479006e-01
8.5126207848e-01
8.5028289387e-01
8.4880513453e-01
8.4662393833e-01
8.4364344595e-01
8.3975688172e-01
8.3583729393e-01
8.3116739476e-01
8.2567166491e-01
8.1926913230e-01
8.1318152312e-01
8.0635235374e-01
7.9872691961e-01
7.9024869547e-01
7.8179987627e-01
7.7256300433e-01
7.6249467048e-01
7.5155202829e-01
7.4047306022e-01
7.2855800230e-01
7.1577671429e-01
7.0210227940e-01
6.8584605155e-01
6.6843727874e-01
6.4986262666e-01
6.3012109675e-01
6.1369769042e-01
5.9656741401e-01
5.7875198746e-01
5.6028130465e-01
5.4294664105e-01
5.2513767799e-01
5.0689681488e-01
4.8827312005e-01
4.7045702195e-01
4.5240298965e-01
4.3416716260e-01
4.1580983414e-01
3.9411542920e-01
3.7245038389e-01
3.5092684381e-01
3.2965759472e-01
3.1227643361e-01
2.9520816602e-01
2.7851061454e-01
2.6223742001e-01
2.4490034318e-01
2.2819103540e-01
2.1215686826e-01
1.9683562744e-01
1.8046707324e-01
1.6506363767e-01
1.5063619927e-01
1.3718232929e-01
1.2521766936e-01
1.1410867872e-01
1.0382750221e-01
9.4340834948e-02
8.4958448656e-02
7.6405629834e-02
6.8629624103e-02
6.1576753178e-02
5.3437314071e-02
4.6306002826e-02
4.0075373152e-02
3.4644804069e-02
2.8225465831e-02
2.2960426997e-02
1.8654216190e-02
1.5140130985e-02
1.2365281314e-02
1.0092685885e-02
8.2335131968e-03
6.7139140809e-03
5.3010102218e-03
4.1840001201e-03
3.3014105884e-03
2.6043357529e-03
1.9246810859e-03
1.4221973407e-03
1.0507304991e-03
7.7611957353e-04
5.0166748190e-04
3.2438908757e-04
2.0974033850e-04
1.3551645141e-04
6.2915507824e-05
2.9445008430e-05
1.3775901075e-05
6.3730676232e-06
1.0175617894e-06
2.8244969954e-07
5.7644127109e-08
3.8443827522e-08
6.1004136977e-09
1.7063325654e-09
3.8138621155e-10
4.6724378700e-10
