2.6539758501e-10
1.0271657712e-10
5.8165594447e-10
1.7619685830e-09
1.4989325306e-08
4.2649591661e-08
1.1683810489e-07
3.1889062921e-07
9.0285782385e-07
1.7402772464e-06
3.3371153485e-06
6.3985591295e-06
1.2313940411e-05
1.9575609230e-05
3.1091607880e-05
4.9381499566e-05
7.8482335320e-05
1.1141550492e-04
1.5813189665e-04
2.2443078613e-04
3.1856926669e-04
4.2042803149e-04
5.5479718163e-04
7.3207207643e-04
9.6597523024e-04
1.2172110680e-03
1.5336288776e-03
1.9321057377e-03
2.4338581391e-03
2.9780920337e-03
3.6434364411e-03
4.4566166567e-03
5.4501305804e-03
6.6612293695e-03
8.1386849803e-03
9.9398393514e-03
1.2133732126e-02
1.4266097448e-02
1.6765368745e-02
1.9691749831e-02
2.3114178576e-02
2.6332990280e-02
2.9982999645e-02
3.4116911917e-02
3.8792353050e-02
4.3175914807e-02
4.8023688200e-02
5.3377385135e-02
5.9280679557e-02
6.5323180541e-02
7.1921121631e-02
7.9112590503e-02
8.6935514509e-02
9.7189281516e-02
1.0846297352e-01
1.2081143823e-01
1.3428122662e-01
1.4546400874e-01
1.5734666781e-01
1.6993412005e-01
1.8322475365e-01
1.9613120943e-01
2.0961856966e-01
2.2366813753e-01
2.3825524381e-01
2.5404433636e-01
2.7034553706e-01
2.8711076458e-01
3.0428620297e-01
3.2205355385e-01
3.4011654164e-01
3.5840686841e-01
3.7685445406e-01
3.9473268510e-01
4.1262851095e-01
4.3048054443e-01
4.4822969035e-01
4.6932731711e-01
4.9010567714e-01
5.1048320865e-01
5.3038758296e-01
5.5105053966e-01
5.7103835295e-01
5.9029910333e-01
6.0879251932e-01
6.2729790260e-01
6.4490831094e-01
6.6161221670e-01
6.7740738025e-01
6.9249066706e-01
7.0666012892e-01
7.1993466606e-01
7.3233793684e-01
7.4505054145e-01
7.5677594780e-01
7.6755790844e-01
7.7744207906e-01
7.8815861389e-01
7.9773609425e-01
8.0625397068e-01
8.1378974260e-01
8.2210834875e-01
8.2909303733e-01
8.3488162611e-01
8.3960140839e-01
8.4451882441e-01
8.4793214316e-01
8.5007121441e-01
8.5113497946e-01
8.5132078369e-01
8.5093238735e-01
8.5005192834e-01
8.4875091355e-01
8.4693405508e-01
8.4476291338e-01
8.4229624052e-01
8.3958423609e-01
8.3625188825e-01
8.3271006638e-01
8.2900329603e-01
8.2516862074e-01
8.2049372912e-01
8.1572370976e-01
8.1089229951e-01
8.0602642919e-01
7.9989984888e-01
7.9378508376e-01
7.8770664633e-01
7.8168257971e-01
7.7370915289e-01
7.6587823488e-01
7.5820337915e-01
7.5069256064e-01
7.4185192287e-01
7.3326069910e-01
7.2492190050e-01
7.1683938520e-01
7.0893689240e-01
7.0131380743e-01
6.9398682078e-01
6.8697917560e-01
6.8101714136e-01
6.7536052294e-01
6.7004055854e-01
6.6509251733e-01
6.6034044252e-01
6.5608795071e-01
6.5238269755e-01
6.4927078911e-01
6.4681820318e-01
6.4502245828e-01
6.4391036161e-01
6.4349912552e-01
6.4377055146e-01
6.4469140624e-01
6.4624844523e-01
6.4841996083e-01
6.5121185190e-01
6.5456660359e-01
6.5844425468e-01
6.6280274450e-01
6.6869609409e-01
6.7516601579e-01
6.8214623278e-01
6.8957949064e-01
6.9668705358e-01
7.0410246406e-01
7.1180521968e-01
7.1978096724e-01
7.2671708937e-01
7.3383768737e-01
7.4114058576e-01
7.4862399858e-01
7.5459964727e-01
7.6068251022e-01
7.6686965577e-01
7.7315646272e-01
7.7837058862e-01
7.8364146597e-01
7.8896176597e-01
7.9432171082e-01
7.9889373030e-01
8.0347511315e-01
8.0805329166e-01
8.1261262117e-01
8.1655931963e-01
8.2046139436e-01
8.2430001575e-01
8.2805258276e-01
8.3131733700e-01
8.3446854445e-01
8.3747919449e-01
8.4031760380e-01
8.4276732246e-01
8.4500200202e-01
8.4698163023e-01
8.4865996725e-01
8.5001819528e-01
8.5093221209e-01
8.5132399677e-01
8.5110355369e-01
8.5036033448e-01
8.4903107966e-01
8.4703549756e-01
8.4428388659e-01
8.4109267856e-01
8.3713447002e-01
8.3232263183e-01
8.2656303754e-01
8.2132504249e-01
8.1539150440e-01
8.0870773984e-01
8.0121663644e-01
7.9386791697e-01
7.8579864336e-01
7.7696599331e-01
7.6732688553e-01
7.5768624503e-01
7.4729035918e-01
7.3610745444e-01
7.2410753615e-01
7.1117054804e-01
6.9735236757e-01
6.8263259874e-01
6.6699626013e-01
6.5167275689e-01
6.3555322374e-01
6.1864368180e-01
6.0095782603e-01
5.8336369123e-01
5.6510925860e-01
5.4623062446e-01
5.2677297825e-01
5.1008402306e-01
4.9306492676e-01
4.7575765167e-01
4.5820872632e-01
4.4022622368e-01
4.2210485066e-01
4.0390529125e-01
3.8569110923e-01
3.6713966240e-01
3.4871267516e-01
3.3048125936e-01
3.1251530971e-01
2.9605968272e-01
2.7994557654e-01
2.6422125541e-01
2.4893071735e-01
2.3271265804e-01
2.1710713211e-01
2.0215020693e-01
1.8786964718e-01
1.6900665503e-01
1.5154001590e-01
1.3546927600e-01
1.2076967604e-01
1.1033704198e-01
1.0066689522e-01
9.1727782931e-02
8.3485046492e-02
7.5055208638e-02
6.7395012491e-02
6.0450574502e-02
5.4168364097e-02
4.6694369600e-02
4.0196051309e-02
3.4560840109e-02
2.9685087173e-02
2.4000111112e-02
1.9377014475e-02
1.5626908330e-02
1.2591019021e-02
1.0308673914e-02
8.4357813677e-03
6.9002620080e-03
5.6422471516e-03
4.4571286349e-03
3.5199341696e-03
2.7791316837e-03
2.1937611755e-03
1.6212142652e-03
1.1979700268e-03
8.8510090812e-04
6.5381268534e-04
4.2304610211e-04
2.7383650174e-04
1.7724157343e-04
1.1464121002e-04
5.3535915442e-05
2.5194868230e-05
1.1853380732e-05
5.5165434952e-06
8.9320961298e-07
2.4696699884e-07
5.0970289909e-08
3.2754546126e-08
5.3035179263e-09
1.4747315131e-09
3.3398448389e-10
3.8906077641e-10
