1.0429997324e-01
1.0436850800e-01
1.0457415648e-01
1.0491705074e-01
1.0539740981e-01
1.0598897512e-01
1.0670816672e-01
1.0755539663e-01
1.0853114302e-01
1.0960651709e-01
1.1080508213e-01
1.1212744340e-01
1.1357425174e-01
1.1512372544e-01
1.1679561806e-01
1.1859065680e-01
1.2050959241e-01
1.2255936524e-01
1.2473532262e-01
1.2703825611e-01
1.2946895490e-01
1.3214019010e-01
1.3495202933e-01
1.3790530410e-01
1.4100080424e-01
1.4526999263e-01
1.4978574064e-01
1.5454929977e-01
1.5956164321e-01
1.6345542832e-01
1.6748762513e-01
1.7165824509e-01
1.7596716430e-01
1.8029520192e-01
1.8475370387e-01
1.8934213079e-01
1.9405978663e-01
1.9855797788e-01
2.0316615802e-01
2.0788337209e-01
2.1270852865e-01
2.1778132254e-01
2.2296544724e-01
2.2825924268e-01
2.3366088353e-01
2.3877832447e-01
2.4398554833e-01
2.4928069868e-01
2.5466179449e-01
2.5998503727e-01
2.6538580352e-01
2.7086192807e-01
2.7641114040e-01
2.8210407266e-01
2.8786698667e-01
2.9369721212e-01
2.9959198280e-01
3.0588586582e-01
3.1224511140e-01
3.1866614855e-01
3.2514531502e-01
3.3316357373e-01
3.4125653440e-01
3.4941700048e-01
3.5763765883e-01
3.6454641143e-01
3.7148765627e-01
3.7845702090e-01
3.8545012367e-01
3.9207102225e-01
3.9870550042e-01
4.0534989756e-01
4.1200057767e-01
4.1858187851e-01
4.2516234851e-01
4.3173858006e-01
4.3830721487e-01
4.4498228856e-01
4.5164264758e-01
4.5828494186e-01
4.6490589613e-01
4.7184946172e-01
4.7876220646e-01
4.8564060866e-01
4.9248125771e-01
5.0016701177e-01
5.0779569530e-01
5.1536292099e-01
5.2286450158e-01
5.3008839360e-01
5.3724304308e-01
5.4432515855e-01
5.5133163017e-01
5.5836934650e-01
5.6532308229e-01
5.7219014313e-01
5.7896801966e-01
5.8612284449e-01
5.9317015390e-01
6.0010754351e-01
6.0693282903e-01
6.1514958477e-01
6.2319146958e-01
6.3105570692e-01
6.3873994038e-01
6.4541392533e-01
6.5194317115e-01
6.5832677196e-01
6.6456402860e-01
6.7040982350e-01
6.7612017178e-01
6.8169492734e-01
6.8713407736e-01
6.9242788409e-01
6.9758693006e-01
7.0261154285e-01
7.0750214536e-01
7.1233802877e-01
7.1703650870e-01
7.2159827940e-01
7.2602410220e-01
7.3044066881e-01
7.3471488426e-01
7.3884775140e-01
7.4284031481e-01
7.4684929127e-01
7.5070859564e-01
7.5441949982e-01
7.5798329147e-01
7.6157869324e-01
7.6501389907e-01
7.6829041721e-01
7.7140974143e-01
7.7457355280e-01
7.7756101099e-01
7.8037383397e-01
7.8301368548e-01
7.8566251151e-01
7.8811488256e-01
7.9037260376e-01
7.9243737142e-01
7.9444838207e-01
7.9623893623e-01
7.9781067778e-01
7.9916506944e-01
8.0037113243e-01
8.0133287324e-01
8.0205134014e-01
8.0252732141e-01
8.0275801807e-01
8.0276059455e-01
8.0253505350e-01
8.0208115972e-01
8.0138985436e-01
8.0046404449e-01
7.9930275645e-01
7.9790477886e-01
7.9648077733e-01
7.9487200999e-01
7.9307722484e-01
7.9109504439e-01
7.8908184644e-01
7.8690393741e-01
7.8455994232e-01
7.8204841051e-01
7.7953109755e-01
7.7686281513e-01
7.7404219976e-01
7.7106784829e-01
7.6809111929e-01
7.6497239988e-01
7.6171040812e-01
7.5830385035e-01
7.5488991928e-01
7.5133990517e-01
7.4765265892e-01
7.4382704379e-01
7.3997779834e-01
7.3599596211e-01
7.3188056239e-01
7.2763066182e-01
7.2332231045e-01
7.1888239822e-01
7.1431017469e-01
7.0960494953e-01
7.0476496887e-01
6.9979075340e-01
6.9468183910e-01
6.8943785412e-01
6.8382813803e-01
6.7807121556e-01
6.7216704861e-01
6.6611575222e-01
6.5926541859e-01
6.5223677673e-01
6.4503074070e-01
6.3764853013e-01
6.3126010121e-01
6.2474755615e-01
6.1811221678e-01
6.1135560243e-01
6.0498414161e-01
5.9851144601e-01
5.9193922136e-01
5.8526934399e-01
5.7868143360e-01
5.7200490189e-01
5.6524197674e-01
5.5839505664e-01
5.5111460717e-01
5.4374749488e-01
5.3629713053e-01
5.2876714515e-01
5.2201493289e-01
5.1520578356e-01
5.0834268206e-01
5.0142875032e-01
4.9489199698e-01
4.8831608761e-01
4.8170393042e-01
4.7505853346e-01
4.6856579262e-01
4.6204748449e-01
4.5550663281e-01
4.4894633864e-01
4.4237372213e-01
4.3578809534e-01
4.2919276006e-01
4.2259107705e-01
4.1570054722e-01
4.0881075830e-01
4.0192569156e-01
3.9504936908e-01
3.8569729380e-01
3.7637934382e-01
3.6710589333e-01
3.5788731102e-01
3.5107500134e-01
3.4430293899e-01
3.3757529268e-01
3.3089618092e-01
3.2464923277e-01
3.1845234463e-01
3.1230879421e-01
3.0622178946e-01
3.0033551459e-01
2.9450898326e-01
2.8874495420e-01
2.8304610042e-01
2.7732594935e-01
2.7167833824e-01
2.6610576997e-01
2.6061063889e-01
2.5453109097e-01
2.4855526506e-01
2.4268604078e-01
2.3692610879e-01
2.3162298590e-01
2.2642020674e-01
2.2131953516e-01
2.1632258774e-01
2.1116004368e-01
2.0611636166e-01
2.0119292432e-01
1.9639094339e-01
1.9148606396e-01
1.8671696016e-01
1.8208446298e-01
1.7758922570e-01
1.7161802764e-01
1.6590936910e-01
1.6046350574e-01
1.5528022002e-01
1.5159875442e-01
1.4806149658e-01
1.4466795073e-01
1.4141753305e-01
1.3842473699e-01
1.3556317302e-01
1.3283215007e-01
1.3023093972e-01
1.2776917904e-01
1.2543459376e-01
1.2322640455e-01
1.2114382749e-01
1.1916085179e-01
1.1730524921e-01
1.1557623328e-01
1.1397304057e-01
1.1245794744e-01
1.1107381596e-01
1.0981993457e-01
1.0869564103e-01
1.0766277700e-01
1.0676891919e-01
1.0601352310e-01
1.0539612128e-01
1.0491632648e-01
1.0457383476e-01
1.0436842760e-01
1.0429997324e-01
