3.3979689310e-02
3.4318592066e-02
3.5341151287e-02
3.7064907534e-02
3.9519057762e-02
4.1993798833e-02
4.4972151814e-02
4.8483385403e-02
5.2560920734e-02
5.6631129809e-02
6.1192812548e-02
6.6275369718e-02
7.1909821111e-02
7.7875799731e-02
8.4410917011e-02
9.1544784732e-02
9.9306705011e-02
1.0878824628e-01
1.1913204042e-01
1.3037155329e-01
1.4253472345e-01
1.5323486253e-01
1.6458007559e-01
1.7657292762e-01
1.8921081893e-01
2.0156374190e-01
2.1445853591e-01
2.2787902051e-01
2.4180417069e-01
2.5654814591e-01
2.7176056324e-01
2.8740373804e-01
3.0343554019e-01
3.2092543679e-01
3.3874541003e-01
3.5683210442e-01
3.7511998945e-01
3.9213324574e-01
4.0920870186e-01
4.2629455789e-01
4.4334035906e-01
4.6342726271e-01
4.8331333788e-01
5.0292789266e-01
5.2220654594e-01
5.4172092168e-01
5.6075902517e-01
5.7927303940e-01
5.9722293784e-01
6.1754147204e-01
6.3699689854e-01
6.5556093190e-01
6.7321613568e-01
6.8890228810e-01
7.0378622814e-01
7.1787324446e-01
7.3117305683e-01
7.4473555296e-01
7.5740707762e-01
7.6921145358e-01
7.8017461761e-01
7.9174502859e-01
8.0228762547e-01
8.1184456511e-01
8.2045715585e-01
8.2960646886e-01
8.3751595295e-01
8.4424419803e-01
8.4984315135e-01
8.5529943040e-01
8.5914515744e-01
8.6142966805e-01
8.6218208508e-01
8.6165223846e-01
8.6007212632e-01
8.5742615893e-01
8.5368914372e-01
8.4955534617e-01
8.4455347188e-01
8.3865075039e-01
8.3180977544e-01
8.2511903848e-01
8.1766919283e-01
8.0942928422e-01
8.0036689107e-01
7.9149220369e-01
7.8190134119e-01
7.7156968314e-01
7.6047310081e-01
7.4906298990e-01
7.3690533108e-01
7.2398285056e-01
7.1028081478e-01
6.9407840480e-01
6.7688346732e-01
6.5869361924e-01
6.3951564867e-01
6.2366336459e-01
6.0721806078e-01
5.9019921181e-01
5.7263212412e-01
5.5587279233e-01
5.3869899345e-01
5.2114606231e-01
5.0325446769e-01
4.8680019487e-01
4.7014298546e-01
4.5332340749e-01
4.3638495884e-01
4.1667696501e-01
3.9694677962e-01
3.7727250133e-01
3.5773382975e-01
3.4107239232e-01
3.2462147920e-01
3.0843011468e-01
2.9254521929e-01
2.7670922691e-01
2.6128102342e-01
2.4629954391e-01
2.3179903588e-01
2.1629635629e-01
2.0145503629e-01
1.8729939813e-01
1.7384583391e-01
1.5910154475e-01
1.4531903083e-01
1.3248851621e-01
1.2059023957e-01
1.1083605077e-01
1.0176317168e-01
9.3344762359e-02
8.5551641797e-02
7.7670243226e-02
7.0464866509e-02
6.3892921863e-02
5.7912093800e-02
5.0823285475e-02
4.4608160004e-02
3.9179764475e-02
3.4457654862e-02
2.8877669804e-02
2.4368632504e-02
2.0779171035e-02
1.7984558425e-02
1.6048098151e-02
1.4628786263e-02
1.3683343560e-02
1.3182688581e-02
1.3105876213e-02
1.3421269218e-02
1.4137836060e-02
1.5275900190e-02
1.6777414248e-02
1.8726298616e-02
2.1170922015e-02
2.4170896896e-02
2.6968476934e-02
3.0194312070e-02
3.3893711626e-02
3.8117081859e-02
4.2026256202e-02
4.6361657524e-02
5.1159064577e-02
5.6456309509e-02
6.1780945798e-02
6.7589842165e-02
7.3915346647e-02
8.0790200753e-02
8.8532195814e-02
9.6935595814e-02
1.0603476604e-01
1.1586179448e-01
1.2579166657e-01
1.3641128273e-01
1.4773705161e-01
1.5978038777e-01
1.7168365993e-01
1.8421749019e-01
1.9737576149e-01
2.1114646467e-01
2.2442331664e-01
2.3819012309e-01
2.5242297074e-01
2.6709342532e-01
2.8506808478e-01
3.0355292233e-01
3.2247867997e-01
3.4177049691e-01
3.5858994716e-01
3.7556964840e-01
3.9265708563e-01
4.0979980224e-01
4.2763401302e-01
4.4541545429e-01
4.6308989469e-01
4.8060599811e-01
5.0022514483e-01
5.1951466154e-01
5.3841698907e-01
5.5688139510e-01
5.7824584014e-01
5.9886532599e-01
6.1869118207e-01
6.3768680006e-01
6.5502827837e-01
6.7157546303e-01
6.8732167066e-01
7.0226647906e-01
7.1687394676e-01
7.3064138698e-01
7.4358335163e-01
7.5571767658e-01
7.6843565402e-01
7.8018794687e-01
7.9100804403e-01
8.0093034158e-01
8.1206582720e-01
8.2193215397e-01
8.3059140316e-01
8.3810159152e-01
8.4537863188e-01
8.5128026207e-01
8.5586627537e-01
8.5918472494e-01
8.6130731443e-01
8.6216189410e-01
8.6175927666e-01
8.6009620274e-01
8.5765529269e-01
8.5425717010e-01
8.4987546619e-01
8.4447666511e-01
8.3906957493e-01
8.3287324625e-01
8.2585623718e-01
8.1798430056e-01
8.1023833051e-01
8.0176053832e-01
7.9252294758e-01
7.8249709912e-01
7.7255449846e-01
7.6189902254e-01
7.5050971626e-01
7.3836694924e-01
7.2510057328e-01
7.1100512023e-01
6.9606778925e-01
6.8028030858e-01
6.6502334342e-01
6.4904891260e-01
6.3236511801e-01
6.1498620690e-01
5.9806615412e-01
5.8057609762e-01
5.6254592077e-01
5.4401226160e-01
5.2772058758e-01
5.1112141389e-01
4.9425068437e-01
4.7714822688e-01
4.6019925596e-01
4.4311378031e-01
4.2593899466e-01
4.0872456299e-01
3.8953281870e-01
3.7042986693e-01
3.5149036698e-01
3.3278867168e-01
3.1687061127e-01
3.0122999699e-01
2.8590981444e-01
2.7095021297e-01
2.5508798264e-01
2.3974108248e-01
2.2494625225e-01
2.1073406456e-01
1.9599453781e-01
1.8199250049e-01
1.6874201501e-01
1.5624915731e-01
1.4415603593e-01
1.3285874662e-01
1.2234228463e-01
1.1258635111e-01
1.0367599952e-01
9.5456319978e-02
8.7898464113e-02
8.0972220758e-02
7.3851575621e-02
6.7456639378e-02
6.1743580622e-02
5.6670284385e-02
5.1023819018e-02
4.6291902280e-02
4.2406084202e-02
3.9307674114e-02
3.6948251682e-02
3.5290018933e-02
3.4305916697e-02
3.3979689934e-02
