1.4283662085e-09
1.2905431963e-09
5.6235715467e-09
2.0330646872e-08
1.2299756703e-07
3.1339302451e-07
7.7800341203e-07
1.9285761711e-06
4.8812824283e-06
8.9205200891e-06
1.6246947143e-05
2.9588889560e-05
5.4018233688e-05
8.2735377833e-05
1.2664315912e-04
1.9384667397e-04
2.9683071084e-04
4.1065232536e-04
5.6800843864e-04
7.8560338501e-04
1.0865686445e-03
1.4153433182e-03
1.8432869281e-03
2.4002470311e-03
3.1249784569e-03
3.9484948072e-03
4.9875965438e-03
6.2980609836e-03
7.9496531794e-03
9.8698552417e-03
1.2246770656e-02
1.5185446485e-02
1.8813048736e-02
2.2178807962e-02
2.6127013478e-02
3.0750860614e-02
3.6155448693e-02
4.1085996129e-02
4.6648282927e-02
5.2911415212e-02
5.9948601874e-02
6.7352217651e-02
7.5576094581e-02
8.4686512445e-02
9.4748734704e-02
1.0608002584e-01
1.1853191521e-01
1.3215700633e-01
1.4699624638e-01
1.6193202596e-01
1.7795083819e-01
1.9504361623e-01
2.1318375116e-01
2.3044327681e-01
2.4847460350e-01
2.6721814923e-01
2.8660253813e-01
3.0793504801e-01
3.2979412842e-01
3.5205966600e-01
3.7460592189e-01
3.9661086221e-01
4.1864296824e-01
4.4058973818e-01
4.6234427236e-01
4.8718775139e-01
5.1149980512e-01
5.3515864160e-01
5.5806121866e-01
5.8529055527e-01
6.1110717295e-01
6.3542922653e-01
6.5821014603e-01
6.7789585218e-01
6.9625583413e-01
7.1331167055e-01
7.2909701302e-01
7.4558549212e-01
7.6055598055e-01
7.7409030323e-01
7.8627488721e-01
8.0087681371e-01
8.1335656847e-01
8.2393063232e-01
8.3280444134e-01
8.4148756198e-01
8.4829448411e-01
8.5349528614e-01
8.5732828111e-01
8.6011124702e-01
8.6182137504e-01
8.6263833295e-01
8.6271538240e-01
8.6211317753e-01
8.6093287469e-01
8.5929102422e-01
8.5728440548e-01
8.5458316496e-01
8.5159636776e-01
8.4840714702e-01
8.4508126936e-01
8.4091268319e-01
8.3668696765e-01
8.3245405147e-01
8.2824665914e-01
8.2393464855e-01
8.1967501526e-01
8.1545965068e-01
8.1126672258e-01
8.0721863237e-01
8.0311260882e-01
7.9888822277e-01
7.9446810330e-01
7.9027166177e-01
7.8575763472e-01
7.8082544484e-01
7.7535619189e-01
7.7034402750e-01
7.6478310746e-01
7.5857329219e-01
7.5160347598e-01
7.4538633983e-01
7.3853527584e-01
7.3097925015e-01
7.2264456967e-01
7.1428956167e-01
7.0516532763e-01
6.9521648299e-01
6.8439122321e-01
6.7129232601e-01
6.5700616651e-01
6.4150113317e-01
6.2477063634e-01
6.1090381573e-01
5.9633569944e-01
5.8111099165e-01
5.6529284151e-01
5.5053341561e-01
5.3543229596e-01
5.2008059165e-01
5.0458364069e-01
4.8726881803e-01
4.7010473144e-01
4.5328972688e-01
4.3703305494e-01
4.2303832187e-01
4.0982963817e-01
3.9756052372e-01
3.8637713738e-01
3.7409168169e-01
3.6396380114e-01
3.5618954758e-01
3.5091966752e-01
3.4834160498e-01
3.4811065689e-01
3.5023073987e-01
3.5466570974e-01
3.6015059017e-01
3.6716174787e-01
3.7561368272e-01
3.8540352473e-01
3.9754714308e-01
4.1098363056e-01
4.2552266099e-01
4.4096392921e-01
4.5569556765e-01
4.7085362790e-01
4.8628647501e-01
5.0184977450e-01
5.1895328574e-01
5.3589037926e-01
5.5251932956e-01
5.6871944513e-01
5.8839888616e-01
6.0708677687e-01
6.2467922963e-01
6.4111528604e-01
6.5532932096e-01
6.6852800668e-01
6.8073277778e-01
6.9197879177e-01
7.0390423368e-01
7.1467918345e-01
7.2439334826e-01
7.3313966449e-01
7.4373308606e-01
7.5291151161e-01
7.6089051422e-01
7.6786629689e-01
7.7507796629e-01
7.8137691202e-01
7.8697688195e-01
7.9205584189e-01
7.9674381009e-01
8.0117670008e-01
8.0544863341e-01
8.0963345201e-01
8.1385785299e-01
8.1809281086e-01
8.2236604348e-01
8.2669100008e-01
8.3028823347e-01
8.3391259813e-01
8.3754895376e-01
8.4117383710e-01
8.4426401976e-01
8.4729358524e-01
8.5022726623e-01
8.5302097763e-01
8.5536053237e-01
8.5749658943e-01
8.5937184169e-01
8.6091764865e-01
8.6205648382e-01
8.6268115206e-01
8.6267370562e-01
8.6189415294e-01
8.6050271069e-01
8.5831725722e-01
8.5520257335e-01
8.5100443512e-01
8.4655171707e-01
8.4111207947e-01
8.3456122793e-01
8.2676353015e-01
8.1950083466e-01
8.1125877424e-01
8.0195247410e-01
7.9149387600e-01
7.8117395522e-01
7.6981148496e-01
7.5734324301e-01
7.4370779507e-01
7.2931854803e-01
7.1372895989e-01
6.9689729633e-01
6.7879068946e-01
6.6078700318e-01
6.4165522006e-01
6.2140199244e-01
6.0004914097e-01
5.7903783946e-01
5.5713984927e-01
5.3441997984e-01
5.1096066598e-01
4.9059488663e-01
4.6984224059e-01
4.4878301603e-01
4.2750574423e-01
4.0288731573e-01
3.7826255872e-01
3.5379268692e-01
3.2964083908e-01
3.0938715039e-01
2.8957845991e-01
2.7030399523e-01
2.5164471234e-01
2.3198883878e-01
2.1323475764e-01
1.9544307332e-01
1.7865676494e-01
1.6059097862e-01
1.4390618860e-01
1.2858947886e-01
1.1460638426e-01
1.0248177801e-01
9.1463554849e-02
8.1488318784e-02
7.2487840251e-02
6.2606654203e-02
5.3971867608e-02
4.6453053680e-02
3.9926022138e-02
3.2128316640e-02
2.5802694780e-02
2.0689705417e-02
1.6568635601e-02
1.3095325140e-02
1.0340948453e-02
8.1600969306e-03
6.4354082706e-03
4.8314075406e-03
3.6256257046e-03
2.7197806272e-03
2.0395507520e-03
1.3626092704e-03
9.1039856175e-04
6.0815344242e-04
4.0602635358e-04
2.0151494095e-04
1.0051619038e-04
5.0127488547e-05
2.4817955499e-05
5.1485025484e-06
1.4078885662e-06
3.4711731496e-07
1.2629088449e-07
2.6168019110e-08
7.1881831798e-09
1.8946342269e-09
1.2850853027e-09
