2.8801872461e-01
2.8801919089e-01
2.8802058974e-01
2.8802292112e-01
2.8802618500e-01
2.8803104586e-01
2.8803711956e-01
2.8804440595e-01
2.8805290484e-01
2.8806031560e-01
2.8806845249e-01
2.8807731536e-01
2.8808690397e-01
2.8809563379e-01
2.8810488867e-01
2.8811466842e-01
2.8812497280e-01
2.8813451283e-01
2.8814446194e-01
2.8815481992e-01
2.8816558650e-01
2.8817584435e-01
2.8818644701e-01
2.8819739420e-01
2.8820868563e-01
2.8821963683e-01
2.8823089288e-01
2.8824245343e-01
2.8825431810e-01
2.8826602616e-01
2.8827801524e-01
2.8829028489e-01
2.8830283463e-01
2.8831551342e-01
2.8832846475e-01
2.8834168803e-01
2.8835518260e-01
2.8836953762e-01
2.8838418578e-01
2.8839912610e-01
2.8841435755e-01
2.8843185721e-01
2.8844972286e-01
2.8846795258e-01
2.8848654424e-01
2.8850235663e-01
2.8851841872e-01
2.8853472895e-01
2.8855128565e-01
2.8856714042e-01
2.8858321163e-01
2.8859949757e-01
2.8861599640e-01
2.8863298833e-01
2.8865019620e-01
2.8866761770e-01
2.8868525041e-01
2.8870159786e-01
2.8871811855e-01
2.8873481029e-01
2.8875167075e-01
2.8876833490e-01
2.8878515601e-01
2.8880213162e-01
2.8881925913e-01
2.8883730491e-01
2.8885551020e-01
2.8887387168e-01
2.8889238586e-01
2.8891459855e-01
2.8893701578e-01
2.8895963097e-01
2.8898243723e-01
2.8900277581e-01
2.8902325334e-01
2.8904386451e-01
2.8906460387e-01
2.8908418795e-01
2.8910387530e-01
2.8912366104e-01
2.8914354014e-01
2.8916343644e-01
2.8918341519e-01
2.8920347112e-01
2.8922359886e-01
2.8924464448e-01
2.8926575586e-01
2.8928692660e-01
2.8930815022e-01
2.8933284652e-01
2.8935759483e-01
2.8938238459e-01
2.8940720513e-01
2.8943150137e-01
2.8945580660e-01
2.8948011059e-01
2.8950440304e-01
2.8952954949e-01
2.8955466093e-01
2.8957972581e-01
2.8960473256e-01
2.8963324702e-01
2.8966165306e-01
2.8968993349e-01
2.8971807118e-01
2.8974647366e-01
2.8977469383e-01
2.8980271418e-01
2.8983051738e-01
2.8985665257e-01
2.8988256293e-01
2.8990823425e-01
2.8993365253e-01
2.8995878062e-01
2.8998362887e-01
2.9000818398e-01
2.9003243291e-01
2.9005702106e-01
2.9008125872e-01
2.9010513259e-01
2.9012862966e-01
2.9015286870e-01
2.9017666450e-01
2.9020000313e-01
2.9022287106e-01
2.9024666890e-01
2.9026990373e-01
2.9029256072e-01
2.9031462553e-01
2.9033748449e-01
2.9035963836e-01
2.9038107166e-01
2.9040176957e-01
2.9042373516e-01
2.9044477021e-01
2.9046485755e-01
2.9048398092e-01
2.9050365631e-01
2.9052215624e-01
2.9053946352e-01
2.9055556224e-01
2.9057178653e-01
2.9058652659e-01
2.9059976657e-01
2.9061149235e-01
2.9062287772e-01
2.9063230858e-01
2.9063977239e-01
2.9064525925e-01
2.9064877991e-01
2.9065028305e-01
2.9064976667e-01
2.9064723145e-01
2.9064321765e-01
2.9063756973e-01
2.9063029385e-01
2.9062139797e-01
2.9061185016e-01
2.9060096378e-01
2.9058874897e-01
2.9057521713e-01
2.9056127050e-01
2.9054617721e-01
2.9052995007e-01
2.9051260295e-01
2.9049606743e-01
2.9047865080e-01
2.9046036540e-01
2.9044122433e-01
2.9042268203e-01
2.9040342440e-01
2.9038346367e-01
2.9036281264e-01
2.9034261306e-01
2.9032181712e-01
2.9030043714e-01
2.9027848589e-01
2.9025727466e-01
2.9023557869e-01
2.9021340983e-01
2.9019078028e-01
2.9016861611e-01
2.9014604975e-01
2.9012309297e-01
2.9009975784e-01
2.9007653441e-01
2.9005297142e-01
2.9002908103e-01
2.9000487568e-01
2.8997999159e-01
2.8995480947e-01
2.8992934312e-01
2.8990360658e-01
2.8986876218e-01
2.8983349421e-01
2.8979783814e-01
2.8976183009e-01
2.8973630956e-01
2.8971064587e-01
2.8968485201e-01
2.8965894106e-01
2.8963472501e-01
2.8961042953e-01
2.8958606532e-01
2.8956164307e-01
2.8953719773e-01
2.8951271584e-01
2.8948820808e-01
2.8946368506e-01
2.8944085958e-01
2.8941803856e-01
2.8939523044e-01
2.8937244360e-01
2.8935143195e-01
2.8933045199e-01
2.8930951017e-01
2.8928861282e-01
2.8926836251e-01
2.8924816575e-01
2.8922802816e-01
2.8920795524e-01
2.8918764759e-01
2.8916741779e-01
2.8914727131e-01
2.8912721355e-01
2.8910534050e-01
2.8908358709e-01
2.8906195991e-01
2.8904046539e-01
2.8901916138e-01
2.8899800161e-01
2.8897699193e-01
2.8895613799e-01
2.8893743566e-01
2.8891886878e-01
2.8890044111e-01
2.8888215628e-01
2.8886452070e-01
2.8884702651e-01
2.8882967672e-01
2.8881247417e-01
2.8879494029e-01
2.8877756793e-01
2.8876035984e-01
2.8874331865e-01
2.8872539651e-01
2.8870766854e-01
2.8869013747e-01
2.8867280591e-01
2.8865535617e-01
2.8863811852e-01
2.8862109527e-01
2.8860428863e-01
2.8858653154e-01
2.8856902763e-01
2.8855177913e-01
2.8853478812e-01
2.8851424804e-01
2.8849410366e-01
2.8847435804e-01
2.8845501398e-01
2.8843939058e-01
2.8842404242e-01
2.8840897070e-01
2.8839417655e-01
2.8837991566e-01
2.8836592449e-01
2.8835220385e-01
2.8833875452e-01
2.8832528832e-01
2.8831210702e-01
2.8829921123e-01
2.8828660156e-01
2.8827366992e-01
2.8826105486e-01
2.8824875690e-01
2.8823677652e-01
2.8822419942e-01
2.8821199344e-01
2.8820015902e-01
2.8818869655e-01
2.8817617672e-01
2.8816413394e-01
2.8815256860e-01
2.8814148108e-01
2.8812789205e-01
2.8811509834e-01
2.8810310045e-01
2.8809189880e-01
2.8807923216e-01
2.8806776748e-01
2.8805750523e-01
2.8804844576e-01
2.8804147528e-01
2.8803543471e-01
2.8803032416e-01
2.8802614375e-01
2.8802289791e-01
2.8802057942e-01
2.8801918831e-01
2.8801872461e-01
