1.0557588107e-05
1.2276400231e-05
1.7949278585e-05
2.9407539889e-05
5.0430063105e-05
7.4878961246e-05
1.1150750723e-04
1.6630221049e-04
2.4826663000e-04
3.3843580800e-04
4.6132857610e-04
6.2884560267e-04
8.5723181646e-04
1.1044587495e-03
1.4228189314e-03
1.8327546091e-03
2.3605508344e-03
2.9363776967e-03
3.6520019793e-03
4.5410952970e-03
5.6452717904e-03
7.0831164253e-03
8.8831454478e-03
1.1134539325e-02
1.3947166343e-02
1.6493022843e-02
1.9492553061e-02
2.3022281410e-02
2.7169876467e-02
3.0974099750e-02
3.5287502574e-02
4.0171201498e-02
4.5691519343e-02
5.1017411938e-02
5.6918203615e-02
6.3444587957e-02
7.0648917441e-02
7.8509932486e-02
8.7141323769e-02
9.6594139580e-02
1.0691713976e-01
1.1786023608e-01
1.2970981106e-01
1.4249590783e-01
1.5624021221e-01
1.7055872371e-01
1.8579739349e-01
2.0194434762e-01
2.1897489206e-01
2.3474999582e-01
2.5115179618e-01
2.6813676973e-01
2.8565369765e-01
3.0623322310e-01
3.2733382967e-01
3.4885121978e-01
3.7067560182e-01
3.9035505747e-01
4.1010894907e-01
4.2985797642e-01
4.4952550733e-01
4.7307155831e-01
4.9627359752e-01
5.1902463860e-01
5.4123068087e-01
5.6513219534e-01
5.8817409276e-01
6.1028608317e-01
6.3141649270e-01
6.5142316174e-01
6.7040573911e-01
6.8835789411e-01
7.0528432009e-01
7.2211874162e-01
7.3784282128e-01
7.5248971770e-01
7.6609827205e-01
7.8049894941e-01
7.9365699409e-01
8.0564431981e-01
8.1653369711e-01
8.2936300877e-01
8.4056262295e-01
8.5028609812e-01
8.5867687800e-01
8.6776787879e-01
8.7510448778e-01
8.8090864130e-01
8.8536917346e-01
8.8852199571e-01
8.9070214000e-01
8.9199761121e-01
8.9247406251e-01
8.9212140734e-01
8.9089851582e-01
8.8880772013e-01
8.8582496376e-01
8.8219881807e-01
8.7769296881e-01
8.7222498948e-01
8.6569119616e-01
8.5963336422e-01
8.5274449206e-01
8.4494177551e-01
8.3613355162e-01
8.2828743297e-01
8.1967719686e-01
8.1024486849e-01
7.9993013891e-01
7.8984912594e-01
7.7895860009e-01
7.6721310413e-01
7.5456822497e-01
7.4163274545e-01
7.2780662297e-01
7.1305969896e-01
6.9736698864e-01
6.8065022587e-01
6.6295222952e-01
6.4427315184e-01
6.2462538969e-01
6.0660832881e-01
5.8789381826e-01
5.6852071648e-01
5.4853933054e-01
5.3061749552e-01
5.1232766323e-01
4.9372676406e-01
4.7487890042e-01
4.5543195733e-01
4.3588365911e-01
4.1632225723e-01
3.9684055308e-01
3.7786010683e-01
3.5914200553e-01
3.4077830595e-01
3.2285897600e-01
3.0553417496e-01
2.8881615792e-01
2.7277831148e-01
2.5748642796e-01
2.4174911722e-01
2.2702682188e-01
2.1336959570e-01
2.0081571351e-01
1.8891826494e-01
1.7827250491e-01
1.6888899862e-01
1.6077088647e-01
1.5418537408e-01
1.4875137264e-01
1.4446261619e-01
1.4131266660e-01
1.3927311020e-01
1.3839863426e-01
1.3868738850e-01
1.4013998182e-01
1.4275250842e-01
1.4653195510e-01
1.5148469873e-01
1.5761748130e-01
1.6505454323e-01
1.7371723751e-01
1.8360517703e-01
1.9471191545e-01
2.0612681915e-01
2.1856522128e-01
2.3199941769e-01
2.4639229761e-01
2.6066331444e-01
2.7568337450e-01
2.9139808065e-01
3.0774568524e-01
3.2686965418e-01
3.4660510991e-01
3.6683786569e-01
3.8744911378e-01
4.0630184585e-01
4.2527602238e-01
4.4428486899e-01
4.6324497662e-01
4.8516023942e-01
5.0678760536e-01
5.2802390590e-01
5.4877860295e-01
5.7226156963e-01
5.9488528777e-01
6.1657267107e-01
6.3726813669e-01
6.5623120847e-01
6.7422350178e-01
6.9124064114e-01
7.0728908631e-01
7.2379422518e-01
7.3918353778e-01
7.5349529118e-01
7.6677367352e-01
7.8076551920e-01
7.9354341646e-01
8.0518536048e-01
8.1576925940e-01
8.2832177738e-01
8.3931289364e-01
8.4890141127e-01
8.5723236563e-01
8.6590666501e-01
8.7309792573e-01
8.7897855108e-01
8.8368707293e-01
8.8703957493e-01
8.8956753465e-01
8.9130599241e-01
8.9226882532e-01
8.9237904538e-01
8.9125701822e-01
8.8879485702e-01
8.8483130005e-01
8.8104977587e-01
8.7633483770e-01
8.7057859640e-01
8.6365714463e-01
8.5755802246e-01
8.5064398044e-01
8.4284245260e-01
8.3407575430e-01
8.2574003294e-01
8.1658210718e-01
8.0654601556e-01
7.9557457926e-01
7.8478304406e-01
7.7313433818e-01
7.6058683534e-01
7.4710073932e-01
7.3265195429e-01
7.1719619112e-01
7.0070586819e-01
6.8316029571e-01
6.6601773791e-01
6.4796383590e-01
6.2900591066e-01
6.0916164788e-01
5.8915829317e-01
5.6839180489e-01
5.4691288110e-01
5.2478543333e-01
5.0583741121e-01
4.8654271738e-01
4.6696085769e-01
4.4715760316e-01
4.2095249062e-01
3.9466411655e-01
3.6847685136e-01
3.4258015040e-01
3.2405433993e-01
3.0585231066e-01
2.8804106443e-01
2.7068309129e-01
2.5233720752e-01
2.3466288469e-01
2.1771466873e-01
2.0153618582e-01
1.8232829962e-01
1.6442824732e-01
1.4784974945e-01
1.3258326161e-01
1.2043734365e-01
1.0921815179e-01
9.8889593192e-02
8.9410098075e-02
7.9835482131e-02
7.1183472874e-02
6.3387089932e-02
5.6379341560e-02
4.8112516766e-02
4.0992450630e-02
3.4878558478e-02
2.9642084827e-02
2.3838304548e-02
1.9143887160e-02
1.5356489468e-02
1.2307015484e-02
9.8672291308e-03
7.9066087538e-03
6.3326131885e-03
5.0699774743e-03
3.8709816674e-03
2.9546649437e-03
2.2546778284e-03
1.7200984080e-03
1.1947123754e-03
8.2981757004e-04
5.7630821552e-04
4.0012512993e-04
2.3291929621e-04
1.3586012155e-04
7.9394768972e-05
4.6569565054e-05
2.7784764025e-05
1.7370959788e-05
1.2149688603e-05
1.0557856092e-05
