0.0000000000e+00
2.9902486753e-03
5.9804973506e-03
8.9707460259e-03
1.1960994701e-02
1.4902473727e-02
1.7843952753e-02
2.0785431779e-02
2.3726910805e-02
2.6715162697e-02
2.9703414588e-02
3.2691666480e-02
3.5679918372e-02
3.8888217741e-02
4.2096517111e-02
4.5304816480e-02
4.8513115850e-02
5.2154695266e-02
5.5796274682e-02
5.9437854098e-02
6.3079433514e-02
6.6176668997e-02
6.9273904480e-02
7.2371139963e-02
7.5468375446e-02
7.8418584782e-02
8.1368794118e-02
8.4319003454e-02
8.7269212790e-02
9.0131209115e-02
9.2993205441e-02
9.5855201766e-02
9.8717198091e-02
1.0160296123e-01
1.0448872436e-01
1.0737448750e-01
1.1026025064e-01
1.1295410351e-01
1.1564795639e-01
1.1834180927e-01
1.2103566215e-01
1.2368302877e-01
1.2633039540e-01
1.2897776202e-01
1.3162512864e-01
1.3432172587e-01
1.3701832311e-01
1.3971492034e-01
1.4241151757e-01
1.4519376167e-01
1.4797600577e-01
1.5075824987e-01
1.5354049397e-01
1.5668261314e-01
1.5982473230e-01
1.6296685146e-01
1.6610897062e-01
1.6912661498e-01
1.7214425934e-01
1.7516190371e-01
1.7817954807e-01
1.8095063417e-01
1.8372172028e-01
1.8649280638e-01
1.8926389248e-01
1.9196186993e-01
1.9465984737e-01
1.9735782482e-01
2.0005580226e-01
2.0275589168e-01
2.0545598109e-01
2.0815607051e-01
2.1085615992e-01
2.1362074917e-01
2.1638533842e-01
2.1914992767e-01
2.2191451692e-01
2.2483667180e-01
2.2775882668e-01
2.3068098157e-01
2.3360313645e-01
2.3684382097e-01
2.4008450549e-01
2.4332519001e-01
2.4656587453e-01
2.4968735512e-01
2.5280883571e-01
2.5593031629e-01
2.5905179688e-01
2.6220144507e-01
2.6535109325e-01
2.6850074144e-01
2.7165038963e-01
2.7494800254e-01
2.7824561545e-01
2.8154322836e-01
2.8484084127e-01
2.8849094190e-01
2.9214104252e-01
2.9579114315e-01
2.9944124378e-01
3.0347778747e-01
3.0751433115e-01
3.1155087483e-01
3.1558741851e-01
3.1920188623e-01
3.2281635394e-01
3.2643082165e-01
3.3004528936e-01
3.3357844479e-01
3.3711160022e-01
3.4064475565e-01
3.4417791107e-01
3.4771675964e-01
3.5125560820e-01
3.5479445677e-01
3.5833330533e-01
3.6192686229e-01
3.6552041926e-01
3.6911397622e-01
3.7270753318e-01
3.7639334334e-01
3.8007915351e-01
3.8376496367e-01
3.8745077384e-01
3.9126366072e-01
3.9507654760e-01
3.9888943448e-01
4.0270232136e-01
4.0667937803e-01
4.1065643470e-01
4.1463349137e-01
4.1861054804e-01
4.2279660543e-01
4.2698266282e-01
4.3116872022e-01
4.3535477761e-01
4.3981535241e-01
4.4427592720e-01
4.4873650200e-01
4.5319707680e-01
4.5810310785e-01
4.6300913890e-01
4.6791516996e-01
4.7282120101e-01
4.7814379009e-01
4.8346637917e-01
4.8878896825e-01
4.9411155732e-01
4.9932019007e-01
5.0452882281e-01
5.0973745555e-01
5.1494608830e-01
5.1966209353e-01
5.2437809877e-01
5.2909410401e-01
5.3381010925e-01
5.3819250892e-01
5.4257490859e-01
5.4695730827e-01
5.5133970794e-01
5.5548117479e-01
5.5962264163e-01
5.6376410848e-01
5.6790557533e-01
5.7185630471e-01
5.7580703410e-01
5.7975776348e-01
5.8370849286e-01
5.8750636019e-01
5.9130422751e-01
5.9510209484e-01
5.9889996216e-01
6.0257789977e-01
6.0625583737e-01
6.0993377497e-01
6.1361171258e-01
6.1720174403e-01
6.2079177548e-01
6.2438180694e-01
6.2797183839e-01
6.3150974005e-01
6.3504764172e-01
6.3858554338e-01
6.4212344504e-01
6.4565844241e-01
6.4919343978e-01
6.5272843715e-01
6.5626343452e-01
6.5989441485e-01
6.6352539518e-01
6.6715637552e-01
6.7078735585e-01
6.7497349971e-01
6.7915964357e-01
6.8334578743e-01
6.8753193129e-01
6.9113406144e-01
6.9473619159e-01
6.9833832174e-01
7.0194045189e-01
7.0523602575e-01
7.0853159961e-01
7.1182717348e-01
7.1512274734e-01
7.1827674478e-01
7.2143074223e-01
7.2458473967e-01
7.2773873711e-01
7.3086146617e-01
7.3398419523e-01
7.3710692429e-01
7.4022965334e-01
7.4351533023e-01
7.4680100711e-01
7.5008668400e-01
7.5337236088e-01
7.5631914688e-01
7.5926593289e-01
7.6221271889e-01
7.6515950490e-01
7.6794065933e-01
7.7072181377e-01
7.7350296821e-01
7.7628412265e-01
7.7899151161e-01
7.8169890056e-01
7.8440628952e-01
7.8711367848e-01
7.8980808240e-01
7.9250248633e-01
7.9519689026e-01
7.9789129419e-01
8.0064672596e-01
8.0340215773e-01
8.0615758950e-01
8.0891302127e-01
8.1189190601e-01
8.1487079076e-01
8.1784967550e-01
8.2082856024e-01
8.2404081077e-01
8.2725306129e-01
8.3046531181e-01
8.3367756234e-01
8.3648055417e-01
8.3928354601e-01
8.4208653784e-01
8.4488952967e-01
8.4762540349e-01
8.5036127731e-01
8.5309715113e-01
8.5583302494e-01
8.5848150649e-01
8.6112998803e-01
8.6377846958e-01
8.6642695113e-01
8.6910737457e-01
8.7178779801e-01
8.7446822145e-01
8.7714864489e-01
8.7998383399e-01
8.8281902310e-01
8.8565421220e-01
8.8848940131e-01
8.9135625299e-01
8.9422310467e-01
8.9708995635e-01
8.9995680803e-01
9.0289250346e-01
9.0582819889e-01
9.0876389432e-01
9.1169958975e-01
9.1480205179e-01
9.1790451383e-01
9.2100697587e-01
9.2410943792e-01
9.2799939846e-01
9.3188935900e-01
9.3577931954e-01
9.3966928008e-01
9.4284416162e-01
9.4601904316e-01
9.4919392470e-01
9.5236880625e-01
9.5535552063e-01
9.5834223501e-01
9.6132894939e-01
9.6431566377e-01
9.6725719488e-01
9.7019872599e-01
9.7314025711e-01
9.7608178822e-01
9.7907152135e-01
9.8206125449e-01
9.8505098762e-01
9.8804072076e-01
9.9103054057e-01
9.9402036038e-01
9.9701018019e-01
1.0000000000e+00
