2.8700273109e-01
2.8700368985e-01
2.8700656614e-01
2.8701135998e-01
2.8701807138e-01
2.8702596878e-01
2.8703550023e-01
2.8704666580e-01
2.8705946553e-01
2.8707293583e-01
2.8708783976e-01
2.8710417736e-01
2.8712194870e-01
2.8714033194e-01
2.8716003299e-01
2.8718105191e-01
2.8720338874e-01
2.8722784593e-01
2.8725370945e-01
2.8728097933e-01
2.8730965556e-01
2.8733717312e-01
2.8736587197e-01
2.8739575206e-01
2.8742681328e-01
2.8745446645e-01
2.8748299269e-01
2.8751239185e-01
2.8754266372e-01
2.8757055656e-01
2.8759915100e-01
2.8762844677e-01
2.8765844353e-01
2.8768519175e-01
2.8771247317e-01
2.8774028744e-01
2.8776863418e-01
2.8779503211e-01
2.8782187488e-01
2.8784916203e-01
2.8787689305e-01
2.8790351502e-01
2.8793053258e-01
2.8795794514e-01
2.8798575202e-01
2.8801331321e-01
2.8804124967e-01
2.8806956053e-01
2.8809824485e-01
2.8812862107e-01
2.8815940270e-01
2.8819058828e-01
2.8822217616e-01
2.8825556385e-01
2.8828938534e-01
2.8832363816e-01
2.8835831953e-01
2.8838991902e-01
2.8842186125e-01
2.8845414359e-01
2.8848676318e-01
2.8851757778e-01
2.8854868203e-01
2.8858007297e-01
2.8861174747e-01
2.8864235116e-01
2.8867320877e-01
2.8870431693e-01
2.8873567206e-01
2.8876607038e-01
2.8879669025e-01
2.8882752787e-01
2.8885857927e-01
2.8889127431e-01
2.8892419350e-01
2.8895733154e-01
2.8899068287e-01
2.8903259255e-01
2.8907481341e-01
2.8911733292e-01
2.8916013789e-01
2.8919594437e-01
2.8923193048e-01
2.8926808765e-01
2.8930440701e-01
2.8933882819e-01
2.8937337781e-01
2.8940804777e-01
2.8944282973e-01
2.8947883352e-01
2.8951493796e-01
2.8955113332e-01
2.8958740962e-01
2.8962904587e-01
2.8967075958e-01
2.8971253503e-01
2.8975435630e-01
2.8979641362e-01
2.8983848437e-01
2.8988055187e-01
2.8992259932e-01
2.8996767093e-01
2.9001267907e-01
2.9005760277e-01
2.9010242105e-01
2.9015424325e-01
2.9020586286e-01
2.9025724750e-01
2.9030836504e-01
2.9035625618e-01
2.9040385559e-01
2.9045113726e-01
2.9049807554e-01
2.9054330368e-01
2.9058816146e-01
2.9063262652e-01
2.9067667694e-01
2.9072168700e-01
2.9076620928e-01
2.9081022118e-01
2.9085370063e-01
2.9089910599e-01
2.9094386625e-01
2.9098795730e-01
2.9103135576e-01
2.9107687521e-01
2.9112155361e-01
2.9116536524e-01
2.9120828531e-01
2.9125437208e-01
2.9129932409e-01
2.9134311225e-01
2.9138570880e-01
2.9143306627e-01
2.9147878313e-01
2.9152282347e-01
2.9156515340e-01
2.9161515231e-01
2.9166242328e-01
2.9170691420e-01
2.9174857715e-01
2.9180061513e-01
2.9184724455e-01
2.9188837913e-01
2.9192394458e-01
2.9195041522e-01
2.9197254966e-01
2.9199031898e-01
2.9200370021e-01
2.9201236382e-01
2.9201700371e-01
2.9201761452e-01
2.9201419555e-01
2.9200497362e-01
2.9199015176e-01
2.9196975410e-01
2.9194381416e-01
2.9191875303e-01
2.9189010718e-01
2.9185790890e-01
2.9182219513e-01
2.9179063793e-01
2.9175681498e-01
2.9172075330e-01
2.9168248224e-01
2.9164686733e-01
2.9160957705e-01
2.9157063647e-01
2.9153007224e-01
2.9149258018e-01
2.9145384249e-01
2.9141388147e-01
2.9137272053e-01
2.9133375889e-01
2.9129381973e-01
2.9125292402e-01
2.9121109359e-01
2.9117017871e-01
2.9112844812e-01
2.9108592333e-01
2.9104262658e-01
2.9100163781e-01
2.9096001891e-01
2.9091778965e-01
2.9087497040e-01
2.9083315054e-01
2.9079082103e-01
2.9074800162e-01
2.9070471254e-01
2.9066065063e-01
2.9061615474e-01
2.9057124695e-01
2.9052594978e-01
2.9047253877e-01
2.9041866445e-01
2.9036436484e-01
2.9030967860e-01
2.9026424070e-01
2.9021858811e-01
2.9017274339e-01
2.9012672927e-01
2.9008479545e-01
2.9004275789e-01
2.9000063384e-01
2.8995844057e-01
2.8991613748e-01
2.8987379958e-01
2.8983144409e-01
2.8978908814e-01
2.8975136452e-01
2.8971366597e-01
2.8967600429e-01
2.8963839117e-01
2.8960299791e-01
2.8956766756e-01
2.8953240952e-01
2.8949723302e-01
2.8946168687e-01
2.8942624300e-01
2.8939091048e-01
2.8935569818e-01
2.8930004762e-01
2.8924475551e-01
2.8918985388e-01
2.8913537322e-01
2.8910123657e-01
2.8906728586e-01
2.8903352775e-01
2.8899996864e-01
2.8896803266e-01
2.8893628982e-01
2.8890474508e-01
2.8887340314e-01
2.8884121990e-01
2.8880926294e-01
2.8877753674e-01
2.8874604557e-01
2.8871322195e-01
2.8868066654e-01
2.8864838347e-01
2.8861637663e-01
2.8858217286e-01
2.8854829886e-01
2.8851475859e-01
2.8848155572e-01
2.8844259098e-01
2.8840411152e-01
2.8836612206e-01
2.8832862689e-01
2.8829634771e-01
2.8826444942e-01
2.8823293415e-01
2.8820180384e-01
2.8817181869e-01
2.8814220279e-01
2.8811295747e-01
2.8808408397e-01
2.8805472527e-01
2.8802576354e-01
2.8799719978e-01
2.8796903486e-01
2.8793935634e-01
2.8791013579e-01
2.8788137397e-01
2.8785307159e-01
2.8782194305e-01
2.8779139144e-01
2.8776141744e-01
2.8773202162e-01
2.8769730717e-01
2.8766343672e-01
2.8763041089e-01
2.8759823021e-01
2.8756360058e-01
2.8753000712e-01
2.8749745021e-01
2.8746593015e-01
2.8742896240e-01
2.8739353157e-01
2.8735963787e-01
2.8732728145e-01
2.8729876103e-01
2.8727155225e-01
2.8724565510e-01
2.8722106958e-01
2.8719693759e-01
2.8717421868e-01
2.8715291282e-01
2.8713301994e-01
2.8711329632e-01
2.8709519080e-01
2.8707870332e-01
2.8706383380e-01
2.8704951252e-01
2.8703710091e-01
2.8702659890e-01
2.8701800642e-01
2.8701132344e-01
2.8700654990e-01
2.8700368579e-01
2.8700273109e-01
