0.0000000000e+00
1.7248722332e-02
3.4497444664e-02
5.1746166997e-02
6.8994889329e-02
7.7964731514e-02
8.6934573699e-02
9.5904415884e-02
1.0487425807e-01
1.1053399836e-01
1.1619373865e-01
1.2185347894e-01
1.2751321924e-01
1.3147726095e-01
1.3544130266e-01
1.3940534437e-01
1.4336938608e-01
1.4635280156e-01
1.4933621704e-01
1.5231963252e-01
1.5530304801e-01
1.5768658829e-01
1.6007012857e-01
1.6245366885e-01
1.6483720914e-01
1.6685608878e-01
1.6887496843e-01
1.7089384808e-01
1.7291272773e-01
1.7480702228e-01
1.7670131684e-01
1.7859561140e-01
1.8048990596e-01
1.8210385096e-01
1.8371779595e-01
1.8533174095e-01
1.8694568595e-01
1.8823108817e-01
1.8951649038e-01
1.9080189260e-01
1.9208729481e-01
1.9315623864e-01
1.9422518246e-01
1.9529412629e-01
1.9636307011e-01
1.9738611870e-01
1.9840916728e-01
1.9943221586e-01
2.0045526444e-01
2.0150505341e-01
2.0255484237e-01
2.0360463133e-01
2.0465442029e-01
2.0558329569e-01
2.0651217108e-01
2.0744104648e-01
2.0836992187e-01
2.0924261573e-01
2.1011530960e-01
2.1098800346e-01
2.1186069732e-01
2.1287632839e-01
2.1389195945e-01
2.1490759051e-01
2.1592322157e-01
2.1681278956e-01
2.1770235755e-01
2.1859192554e-01
2.1948149353e-01
2.2052795080e-01
2.2157440807e-01
2.2262086534e-01
2.2366732261e-01
2.2492351286e-01
2.2617970310e-01
2.2743589334e-01
2.2869208358e-01
2.2987246888e-01
2.3105285418e-01
2.3223323948e-01
2.3341362478e-01
2.3469589458e-01
2.3597816438e-01
2.3726043417e-01
2.3854270397e-01
2.4004137785e-01
2.4154005174e-01
2.4303872562e-01
2.4453739951e-01
2.4658104199e-01
2.4862468447e-01
2.5066832696e-01
2.5271196944e-01
2.5549823061e-01
2.5828449178e-01
2.6107075295e-01
2.6385701411e-01
2.6628464137e-01
2.6871226862e-01
2.7113989587e-01
2.7356752312e-01
2.7627010978e-01
2.7897269644e-01
2.8167528309e-01
2.8437786975e-01
2.8756968193e-01
2.9076149411e-01
2.9395330629e-01
2.9714511847e-01
3.0114800289e-01
3.0515088731e-01
3.0915377173e-01
3.1315665614e-01
3.1856124215e-01
3.2396582816e-01
3.2937041418e-01
3.3477500019e-01
3.4151102038e-01
3.4824704057e-01
3.5498306076e-01
3.6171908095e-01
3.6779188403e-01
3.7386468712e-01
3.7993749020e-01
3.8601029329e-01
3.9095376928e-01
3.9589724526e-01
4.0084072125e-01
4.0578419723e-01
4.1021946807e-01
4.1465473891e-01
4.1909000975e-01
4.2352528058e-01
4.2772054806e-01
4.3191581554e-01
4.3611108302e-01
4.4030635050e-01
4.4399949110e-01
4.4769263170e-01
4.5138577229e-01
4.5507891289e-01
4.5870793191e-01
4.6233695094e-01
4.6596596996e-01
4.6959498898e-01
4.7303076682e-01
4.7646654466e-01
4.7990232249e-01
4.8333810033e-01
4.8680421397e-01
4.9027032761e-01
4.9373644126e-01
4.9720255490e-01
5.0053618437e-01
5.0386981384e-01
5.0720344332e-01
5.1053707279e-01
5.1403771731e-01
5.1753836184e-01
5.2103900636e-01
5.2453965088e-01
5.2809678798e-01
5.3165392507e-01
5.3521106216e-01
5.3876819926e-01
5.4273691565e-01
5.4670563205e-01
5.5067434844e-01
5.5464306484e-01
5.5903273055e-01
5.6342239627e-01
5.6781206198e-01
5.7220172770e-01
5.7721792939e-01
5.8223413108e-01
5.8725033277e-01
5.9226653447e-01
5.9884964868e-01
6.0543276290e-01
6.1201587711e-01
6.1859899133e-01
6.2522539269e-01
6.3185179404e-01
6.3847819540e-01
6.4510459675e-01
6.5043750691e-01
6.5577041706e-01
6.6110332722e-01
6.6643623737e-01
6.7064451834e-01
6.7485279930e-01
6.7906108027e-01
6.8326936123e-01
6.8671890371e-01
6.9016844618e-01
6.9361798866e-01
6.9706753113e-01
7.0000757781e-01
7.0294762449e-01
7.0588767117e-01
7.0882771784e-01
7.1141746244e-01
7.1400720704e-01
7.1659695164e-01
7.1918669623e-01
7.2158682952e-01
7.2398696280e-01
7.2638709608e-01
7.2878722937e-01
7.3114112119e-01
7.3349501302e-01
7.3584890484e-01
7.3820279667e-01
7.4036420593e-01
7.4252561518e-01
7.4468702444e-01
7.4684843370e-01
7.4849165792e-01
7.5013488215e-01
7.5177810638e-01
7.5342133060e-01
7.5477865351e-01
7.5613597642e-01
7.5749329932e-01
7.5885062223e-01
7.6006684799e-01
7.6128307376e-01
7.6249929953e-01
7.6371552529e-01
7.6498646007e-01
7.6625739485e-01
7.6752832962e-01
7.6879926440e-01
7.6990952141e-01
7.7101977841e-01
7.7213003542e-01
7.7324029242e-01
7.7423635610e-01
7.7523241978e-01
7.7622848346e-01
7.7722454714e-01
7.7812368295e-01
7.7902281875e-01
7.7992195456e-01
7.8082109037e-01
7.8182661562e-01
7.8283214087e-01
7.8383766612e-01
7.8484319137e-01
7.8572660033e-01
7.8661000928e-01
7.8749341823e-01
7.8837682719e-01
7.8930060414e-01
7.9022438109e-01
7.9114815804e-01
7.9207193499e-01
7.9332071842e-01
7.9456950185e-01
7.9581828527e-01
7.9706706870e-01
7.9810079780e-01
7.9913452690e-01
8.0016825600e-01
8.0120198510e-01
8.0236937322e-01
8.0353676133e-01
8.0470414945e-01
8.0587153756e-01
8.0741043828e-01
8.0894933901e-01
8.1048823973e-01
8.1202714045e-01
8.1393472938e-01
8.1584231831e-01
8.1774990723e-01
8.1965749616e-01
8.2171472348e-01
8.2377195080e-01
8.2582917812e-01
8.2788640544e-01
8.3045769422e-01
8.3302898300e-01
8.3560027179e-01
8.3817156057e-01
8.4187207659e-01
8.4557259260e-01
8.4927310861e-01
8.5297362463e-01
8.5948493627e-01
8.6599624791e-01
8.7250755955e-01
8.7901887120e-01
8.9412603527e-01
9.0923319934e-01
9.2434036341e-01
9.3944752748e-01
9.5458564561e-01
9.6972376374e-01
9.8486188187e-01
1.0000000000e+00
