8.0307466412e-05
8.6888099017e-05
1.0766754940e-04
1.4604457108e-04
2.0835185054e-04
2.7935968710e-04
3.7761246837e-04
5.1270946331e-04
6.9787261459e-04
8.9838303864e-04
1.1569876943e-03
1.4903755639e-03
1.9200430401e-03
2.3855577722e-03
2.9636530074e-03
3.6813614711e-03
4.5721088938e-03
5.6076759009e-03
6.8758694841e-03
8.4280532664e-03
1.0326455966e-02
1.2334911217e-02
1.4727066000e-02
1.7573344356e-02
2.0955827405e-02
2.4163134041e-02
2.7844533366e-02
3.2064588550e-02
3.6894810824e-02
4.1345672578e-02
4.6301881904e-02
5.1812702003e-02
5.7930107956e-02
6.4155923348e-02
7.0987722943e-02
7.8470149774e-02
8.6647891633e-02
9.7062858768e-02
1.0853812319e-01
1.2113344444e-01
1.3490007980e-01
1.4679234122e-01
1.5947490235e-01
1.7295432896e-01
1.8722908069e-01
2.0097143278e-01
2.1535525900e-01
2.3035843421e-01
2.4595172131e-01
2.6349285658e-01
2.8163033123e-01
3.0030034491e-01
3.1943166621e-01
3.3803657576e-01
3.5691959208e-01
3.7600728750e-01
3.9522514371e-01
4.1489718468e-01
4.3454989518e-01
4.5410876165e-01
4.7350316783e-01
4.9514196428e-01
5.1640003874e-01
5.3720045840e-01
5.5747635469e-01
5.8473786055e-01
6.1075237602e-01
6.3543367260e-01
6.5872700394e-01
6.7699814594e-01
6.9428980268e-01
7.1060821905e-01
7.2596751308e-01
7.4163464112e-01
7.5622125335e-01
7.6976610854e-01
7.8231184157e-01
7.9571924261e-01
8.0790749272e-01
8.1895081624e-01
8.2892263368e-01
8.4067309275e-01
8.5080682097e-01
8.5947288092e-01
8.6680709057e-01
8.7423116718e-01
8.7999501301e-01
8.8426487399e-01
8.8717338026e-01
8.8894877209e-01
8.8919923573e-01
8.8797068464e-01
8.8525945614e-01
8.8212774503e-01
8.7804160898e-01
8.7293972447e-01
8.6674326475e-01
8.6096532950e-01
8.5437667761e-01
8.4691385551e-01
8.3850674409e-01
8.3071186033e-01
8.2215850661e-01
8.1279677205e-01
8.0257481932e-01
7.9260330402e-01
7.8185389396e-01
7.7028773752e-01
7.5786692669e-01
7.4505146680e-01
7.3137824254e-01
7.1682066240e-01
7.0135661708e-01
6.8499406432e-01
6.6770187878e-01
6.4947939601e-01
6.3033614106e-01
6.1266398251e-01
5.9431214753e-01
5.7531320512e-01
5.5570956627e-01
5.3809381868e-01
5.2009735084e-01
5.0176897874e-01
4.8316393355e-01
4.6446687742e-01
4.4562333657e-01
4.2670422409e-01
4.0778464304e-01
3.8862311854e-01
3.6962682713e-01
3.5088102400e-01
3.3247016654e-01
3.1537629979e-01
2.9872557647e-01
2.8258081547e-01
2.6699967440e-01
2.5087076128e-01
2.3551551151e-01
2.2098114873e-01
2.0730552185e-01
1.9188438231e-01
1.7780723537e-01
1.6509187469e-01
1.5374214514e-01
1.4499303425e-01
1.3725742657e-01
1.3052266355e-01
1.2477444182e-01
1.1969782320e-01
1.1571754836e-01
1.1281875309e-01
1.1098975451e-01
1.1023375033e-01
1.1044882233e-01
1.1163583990e-01
1.1379947954e-01
1.1687644097e-01
1.2091062606e-01
1.2591499380e-01
1.3190396006e-01
1.3943726809e-01
1.4813765286e-01
1.5801986358e-01
1.6909384005e-01
1.7956675116e-01
1.9091913597e-01
2.0314155636e-01
2.1621768293e-01
2.2921134137e-01
2.4290605206e-01
2.5726906438e-01
2.7226106693e-01
2.9622514417e-01
3.2135491708e-01
3.4743511445e-01
3.7423091082e-01
3.9267263258e-01
4.1125232531e-01
4.2989348916e-01
4.4852173418e-01
4.7050529454e-01
4.9225922770e-01
5.1368203506e-01
5.3468305727e-01
5.5624869245e-01
5.7718116205e-01
5.9741652791e-01
6.1690446812e-01
6.3694338843e-01
6.5604714796e-01
6.7419790407e-01
6.9138974919e-01
7.0788987710e-01
7.2341693749e-01
7.3799170373e-01
7.5164076375e-01
7.6596607046e-01
7.7920242038e-01
7.9140244673e-01
8.0262057837e-01
8.1571735871e-01
8.2739091349e-01
8.3775275551e-01
8.4690814355e-01
8.5913188108e-01
8.6893174889e-01
8.7658767773e-01
8.8231981016e-01
8.8567631826e-01
8.8792385319e-01
8.8909356024e-01
8.8919066170e-01
8.8827282337e-01
8.8633144479e-01
8.8330469675e-01
8.7910815921e-01
8.7485176861e-01
8.6971789826e-01
8.6363125413e-01
8.5650669265e-01
8.4994654154e-01
8.4259690033e-01
8.3439985768e-01
8.2529406362e-01
8.1644368867e-01
8.0678816842e-01
7.9628062981e-01
7.8487381751e-01
7.7359684150e-01
7.6149074826e-01
7.4852186746e-01
7.3465888859e-01
7.1921522861e-01
7.0274136269e-01
6.8521727259e-01
6.6663134304e-01
6.4968237857e-01
6.3194263803e-01
6.1342640617e-01
5.9415683334e-01
5.7484731993e-01
5.5490398276e-01
5.3437603669e-01
5.1332304164e-01
4.9496184256e-01
4.7631787962e-01
4.5744637074e-01
4.3840749914e-01
4.1420287695e-01
3.8997336676e-01
3.6586409061e-01
3.4202298630e-01
3.2399649211e-01
3.0627933605e-01
2.8893298950e-01
2.7201488569e-01
2.5409027883e-01
2.3679927781e-01
2.2019302397e-01
2.0431288909e-01
1.8758669885e-01
1.7182031935e-01
1.5702764839e-01
1.4320927922e-01
1.3061775847e-01
1.1892835983e-01
1.0811319260e-01
9.8138137548e-02
8.8474427455e-02
7.9654088840e-02
7.1624895303e-02
6.4333441802e-02
5.6128421272e-02
4.8901602929e-02
4.2553374841e-02
3.6989889387e-02
3.0672114642e-02
2.5398897714e-02
2.1008604089e-02
1.7360930044e-02
1.4179584623e-02
1.1573132825e-02
9.4403743115e-03
7.6969803946e-03
6.0983839933e-03
4.8300328416e-03
3.8243413793e-03
3.0273047050e-03
2.2576055055e-03
1.6835174431e-03
1.2554542042e-03
9.3637686382e-04
6.3325636233e-04
4.2945940653e-04
2.9288488236e-04
2.0210675191e-04
1.4306506740e-04
1.0649584577e-04
8.6615898310e-05
8.0307602061e-05
