0.0000000000e+00
4.9437600176e-03
9.8875200352e-03
1.4831280053e-02
1.9775040070e-02
2.4083380142e-02
2.8391720214e-02
3.2700060286e-02
3.7008400358e-02
4.0426642108e-02
4.3844883859e-02
4.7263125609e-02
5.0681367360e-02
5.3590795335e-02
5.6500223310e-02
5.9409651285e-02
6.2319079260e-02
6.5026566578e-02
6.7734053896e-02
7.0441541214e-02
7.3149028532e-02
7.6359694627e-02
7.9570360723e-02
8.2781026818e-02
8.5991692913e-02
8.8620382076e-02
9.1249071239e-02
9.3877760402e-02
9.6506449565e-02
9.8924556165e-02
1.0134266276e-01
1.0376076936e-01
1.0617887596e-01
1.0849829515e-01
1.1081771433e-01
1.1313713352e-01
1.1545655270e-01
1.1821655621e-01
1.2097655972e-01
1.2373656322e-01
1.2649656673e-01
1.2885664896e-01
1.3121673119e-01
1.3357681342e-01
1.3593689565e-01
1.3848474918e-01
1.4103260271e-01
1.4358045624e-01
1.4612830978e-01
1.4890983958e-01
1.5169136938e-01
1.5447289919e-01
1.5725442899e-01
1.6101010205e-01
1.6476577511e-01
1.6852144817e-01
1.7227712122e-01
1.7544963802e-01
1.7862215481e-01
1.8179467160e-01
1.8496718840e-01
1.8830981703e-01
1.9165244567e-01
1.9499507430e-01
1.9833770294e-01
2.0211204838e-01
2.0588639381e-01
2.0966073925e-01
2.1343508469e-01
2.1796383299e-01
2.2249258128e-01
2.2702132958e-01
2.3155007788e-01
2.3698882233e-01
2.4242756679e-01
2.4786631124e-01
2.5330505569e-01
2.5847693768e-01
2.6364881966e-01
2.6882070164e-01
2.7399258362e-01
2.7863214010e-01
2.8327169657e-01
2.8791125304e-01
2.9255080952e-01
2.9639226316e-01
3.0023371681e-01
3.0407517045e-01
3.0791662410e-01
3.1133239477e-01
3.1474816545e-01
3.1816393612e-01
3.2157970679e-01
3.2476754525e-01
3.2795538371e-01
3.3114322217e-01
3.3433106063e-01
3.3849115821e-01
3.4265125579e-01
3.4681135337e-01
3.5097145095e-01
3.5394001591e-01
3.5690858087e-01
3.5987714582e-01
3.6284571078e-01
3.6551568210e-01
3.6818565342e-01
3.7085562474e-01
3.7352559606e-01
3.7591687025e-01
3.7830814445e-01
3.8069941865e-01
3.8309069285e-01
3.8563283012e-01
3.8817496740e-01
3.9071710468e-01
3.9325924195e-01
3.9567825404e-01
3.9809726612e-01
4.0051627820e-01
4.0293529029e-01
4.0527628738e-01
4.0761728446e-01
4.0995828155e-01
4.1229927864e-01
4.1479560142e-01
4.1729192420e-01
4.1978824698e-01
4.2228456976e-01
4.2615769193e-01
4.3003081410e-01
4.3390393627e-01
4.3777705844e-01
4.4049762726e-01
4.4321819609e-01
4.4593876491e-01
4.4865933374e-01
4.5158161775e-01
4.5450390176e-01
4.5742618577e-01
4.6034846979e-01
4.6392558477e-01
4.6750269976e-01
4.7107981475e-01
4.7465692973e-01
4.7998445979e-01
4.8531198986e-01
4.9063951992e-01
4.9596704998e-01
5.0051051293e-01
5.0505397587e-01
5.0959743882e-01
5.1414090177e-01
5.1753655780e-01
5.2093221384e-01
5.2432786988e-01
5.2772352591e-01
5.3063910222e-01
5.3355467853e-01
5.3647025484e-01
5.3938583115e-01
5.4211776111e-01
5.4484969107e-01
5.4758162104e-01
5.5031355100e-01
5.5331558625e-01
5.5631762149e-01
5.5931965674e-01
5.6232169198e-01
5.6494292088e-01
5.6756414977e-01
5.7018537866e-01
5.7280660755e-01
5.7532288165e-01
5.7783915575e-01
5.8035542986e-01
5.8287170396e-01
5.8519493645e-01
5.8751816895e-01
5.8984140144e-01
5.9216463394e-01
5.9521735712e-01
5.9827008030e-01
6.0132280347e-01
6.0437552665e-01
6.0674222307e-01
6.0910891948e-01
6.1147561590e-01
6.1384231231e-01
6.1640425991e-01
6.1896620752e-01
6.2152815512e-01
6.2409010272e-01
6.2696400034e-01
6.2983789795e-01
6.3271179557e-01
6.3558569318e-01
6.3944502427e-01
6.4330435536e-01
6.4716368645e-01
6.5102301753e-01
6.5421109073e-01
6.5739916392e-01
6.6058723712e-01
6.6377531032e-01
6.6718181452e-01
6.7058831872e-01
6.7399482292e-01
6.7740132712e-01
6.8129200982e-01
6.8518269252e-01
6.8907337521e-01
6.9296405791e-01
6.9763332762e-01
7.0230259733e-01
7.0697186704e-01
7.1164113674e-01
7.1703075496e-01
7.2242037317e-01
7.2780999139e-01
7.3319960960e-01
7.3833425091e-01
7.4346889221e-01
7.4860353352e-01
7.5373817483e-01
7.5819400652e-01
7.6264983821e-01
7.6710566991e-01
7.7156150160e-01
7.7532328079e-01
7.7908505998e-01
7.8284683917e-01
7.8660861837e-01
7.8998518675e-01
7.9336175513e-01
7.9673832351e-01
8.0011489190e-01
8.0329120473e-01
8.0646751757e-01
8.0964383041e-01
8.1282014324e-01
8.1610534187e-01
8.1939054049e-01
8.2267573911e-01
8.2596093774e-01
8.2889394323e-01
8.3182694873e-01
8.3475995422e-01
8.3769295972e-01
8.4056172214e-01
8.4343048456e-01
8.4629924698e-01
8.4916800941e-01
8.5155302924e-01
8.5393804907e-01
8.5632306890e-01
8.5870808873e-01
8.6110390809e-01
8.6349972746e-01
8.6589554683e-01
8.6829136620e-01
8.7083953584e-01
8.7338770547e-01
8.7593587510e-01
8.7848404473e-01
8.8077321907e-01
8.8306239340e-01
8.8535156773e-01
8.8764074206e-01
8.9012932401e-01
8.9261790596e-01
8.9510648792e-01
8.9759506987e-01
9.0032496471e-01
9.0305485956e-01
9.0578475441e-01
9.0851464925e-01
9.1128245921e-01
9.1405026917e-01
9.1681807913e-01
9.1958588909e-01
9.2234228942e-01
9.2509868974e-01
9.2785509007e-01
9.3061149039e-01
9.3375035648e-01
9.3688922257e-01
9.4002808865e-01
9.4316695474e-01
9.4736215633e-01
9.5155735792e-01
9.5575255951e-01
9.5994776110e-01
9.6495393770e-01
9.6996011430e-01
9.7496629091e-01
9.7997246751e-01
9.8497935063e-01
9.8998623375e-01
9.9499311688e-01
1.0000000000e+00
