0.0000000000e+00
5.0937139379e-03
1.0187427876e-02
1.5281141814e-02
2.0374855751e-02
2.5363035103e-02
3.0351214455e-02
3.5339393806e-02
4.0327573158e-02
4.4680211871e-02
4.9032850584e-02
5.3385489298e-02
5.7738128011e-02
6.1305266997e-02
6.4872405983e-02
6.8439544969e-02
7.2006683956e-02
7.4942506474e-02
7.7878328992e-02
8.0814151510e-02
8.3749974028e-02
8.6444884969e-02
8.9139795910e-02
9.1834706851e-02
9.4529617793e-02
9.7506415072e-02
1.0048321235e-01
1.0346000963e-01
1.0643680691e-01
1.0904065092e-01
1.1164449493e-01
1.1424833894e-01
1.1685218295e-01
1.1929769498e-01
1.2174320702e-01
1.2418871905e-01
1.2663423109e-01
1.2893058200e-01
1.3122693291e-01
1.3352328383e-01
1.3581963474e-01
1.3859186739e-01
1.4136410005e-01
1.4413633270e-01
1.4690856536e-01
1.4923319256e-01
1.5155781976e-01
1.5388244697e-01
1.5620707417e-01
1.5881610953e-01
1.6142514488e-01
1.6403418024e-01
1.6664321559e-01
1.6946853820e-01
1.7229386081e-01
1.7511918342e-01
1.7794450603e-01
1.8142809612e-01
1.8491168620e-01
1.8839527628e-01
1.9187886636e-01
1.9502842715e-01
1.9817798794e-01
2.0132754873e-01
2.0447710953e-01
2.0790291744e-01
2.1132872536e-01
2.1475453327e-01
2.1818034119e-01
2.2211558859e-01
2.2605083600e-01
2.2998608341e-01
2.3392133081e-01
2.3876857119e-01
2.4361581156e-01
2.4846305194e-01
2.5331029231e-01
2.5963177797e-01
2.6595326363e-01
2.7227474928e-01
2.7859623494e-01
2.8366865320e-01
2.8874107147e-01
2.9381348973e-01
2.9888590799e-01
3.0325800709e-01
3.0763010619e-01
3.1200220529e-01
3.1637430439e-01
3.2007186670e-01
3.2376942901e-01
3.2746699132e-01
3.3116455363e-01
3.3448703696e-01
3.3780952029e-01
3.4113200362e-01
3.4445448694e-01
3.4763966585e-01
3.5082484476e-01
3.5401002367e-01
3.5719520258e-01
3.6073702726e-01
3.6427885193e-01
3.6782067661e-01
3.7136250128e-01
3.7415549579e-01
3.7694849030e-01
3.7974148481e-01
3.8253447931e-01
3.8511161393e-01
3.8768874854e-01
3.9026588315e-01
3.9284301777e-01
3.9523241517e-01
3.9762181258e-01
4.0001120999e-01
4.0240060740e-01
4.0535088354e-01
4.0830115968e-01
4.1125143582e-01
4.1420171196e-01
4.1653928562e-01
4.1887685929e-01
4.2121443295e-01
4.2355200662e-01
4.2604739621e-01
4.2854278580e-01
4.3103817539e-01
4.3353356498e-01
4.3624593368e-01
4.3895830238e-01
4.4167067109e-01
4.4438303979e-01
4.4717921947e-01
4.4997539914e-01
4.5277157881e-01
4.5556775848e-01
4.5835227631e-01
4.6113679414e-01
4.6392131197e-01
4.6670582980e-01
4.6982250291e-01
4.7293917602e-01
4.7605584913e-01
4.7917252224e-01
4.8294827229e-01
4.8672402233e-01
4.9049977238e-01
4.9427552243e-01
4.9791063515e-01
5.0154574787e-01
5.0518086058e-01
5.0881597330e-01
5.1190856515e-01
5.1500115700e-01
5.1809374885e-01
5.2118634069e-01
5.2396926845e-01
5.2675219621e-01
5.2953512397e-01
5.3231805173e-01
5.3512599333e-01
5.3793393493e-01
5.4074187653e-01
5.4354981812e-01
5.4628905001e-01
5.4902828190e-01
5.5176751379e-01
5.5450674569e-01
5.5699985071e-01
5.5949295573e-01
5.6198606076e-01
5.6447916578e-01
5.6678764023e-01
5.6909611468e-01
5.7140458913e-01
5.7371306358e-01
5.7630412315e-01
5.7889518271e-01
5.8148624227e-01
5.8407730184e-01
5.8647894527e-01
5.8888058870e-01
5.9128223213e-01
5.9368387556e-01
5.9612464657e-01
5.9856541758e-01
6.0100618859e-01
6.0344695961e-01
6.0623746704e-01
6.0902797447e-01
6.1181848191e-01
6.1460898934e-01
6.1784872429e-01
6.2108845924e-01
6.2432819419e-01
6.2756792914e-01
6.3075440631e-01
6.3394088348e-01
6.3712736065e-01
6.4031383782e-01
6.4359922875e-01
6.4688461969e-01
6.5017001062e-01
6.5345540155e-01
6.5715248701e-01
6.6084957247e-01
6.6454665792e-01
6.6824374338e-01
6.7282009976e-01
6.7739645613e-01
6.8197281251e-01
6.8654916889e-01
6.9196674863e-01
6.9738432837e-01
7.0280190811e-01
7.0821948785e-01
7.1388883400e-01
7.1955818015e-01
7.2522752630e-01
7.3089687245e-01
7.3558870134e-01
7.4028053023e-01
7.4497235911e-01
7.4966418800e-01
7.5361237360e-01
7.5756055921e-01
7.6150874481e-01
7.6545693041e-01
7.6896781131e-01
7.7247869221e-01
7.7598957311e-01
7.7950045401e-01
7.8267979568e-01
7.8585913735e-01
7.8903847902e-01
7.9221782069e-01
7.9542404348e-01
7.9863026626e-01
8.0183648905e-01
8.0504271183e-01
8.0806232327e-01
8.1108193471e-01
8.1410154615e-01
8.1712115758e-01
8.1990178924e-01
8.2268242089e-01
8.2546305254e-01
8.2824368420e-01
8.3064894125e-01
8.3305419829e-01
8.3545945534e-01
8.3786471239e-01
8.4021674989e-01
8.4256878740e-01
8.4492082490e-01
8.4727286241e-01
8.4987437302e-01
8.5247588364e-01
8.5507739425e-01
8.5767890486e-01
8.5994661314e-01
8.6221432141e-01
8.6448202969e-01
8.6674973796e-01
8.6921212237e-01
8.7167450677e-01
8.7413689118e-01
8.7659927558e-01
8.7936077533e-01
8.8212227508e-01
8.8488377483e-01
8.8764527458e-01
8.9037035670e-01
8.9309543883e-01
8.9582052095e-01
8.9854560307e-01
9.0131174222e-01
9.0407788136e-01
9.0684402050e-01
9.0961015964e-01
9.1283558985e-01
9.1606102006e-01
9.1928645026e-01
9.2251188047e-01
9.2665945705e-01
9.3080703363e-01
9.3495461021e-01
9.3910218679e-01
9.4414531317e-01
9.4918843956e-01
9.5423156594e-01
9.5927469232e-01
9.6436535574e-01
9.6945601916e-01
9.7454668257e-01
9.7963734599e-01
9.8472800949e-01
9.8981867299e-01
9.9490933650e-01
1.0000000000e+00
