0.0000000000e+00
1.7701216913e-02
3.5402433827e-02
5.3103650740e-02
7.0804867653e-02
8.0155723539e-02
8.9506579425e-02
9.8857435312e-02
1.0820829120e-01
1.1413373590e-01
1.2005918061e-01
1.2598462532e-01
1.3191007003e-01
1.3610317150e-01
1.4029627298e-01
1.4448937446e-01
1.4868247594e-01
1.5185090983e-01
1.5501934372e-01
1.5818777761e-01
1.6135621151e-01
1.6386844040e-01
1.6638066929e-01
1.6889289818e-01
1.7140512707e-01
1.7350199230e-01
1.7559885752e-01
1.7769572274e-01
1.7979258796e-01
1.8162617546e-01
1.8345976295e-01
1.8529335045e-01
1.8712693794e-01
1.8960032542e-01
1.9207371291e-01
1.9454710039e-01
1.9702048788e-01
1.9839501483e-01
1.9976954179e-01
2.0114406875e-01
2.0251859570e-01
2.0362804205e-01
2.0473748840e-01
2.0584693475e-01
2.0695638110e-01
2.0794437702e-01
2.0893237293e-01
2.0992036885e-01
2.1090836476e-01
2.1188651737e-01
2.1286466998e-01
2.1384282258e-01
2.1482097519e-01
2.1579212736e-01
2.1676327953e-01
2.1773443170e-01
2.1870558388e-01
2.1957400930e-01
2.2044243472e-01
2.2131086014e-01
2.2217928556e-01
2.2301127789e-01
2.2384327022e-01
2.2467526255e-01
2.2550725488e-01
2.2643454206e-01
2.2736182924e-01
2.2828911642e-01
2.2921640360e-01
2.3005997221e-01
2.3090354083e-01
2.3174710944e-01
2.3259067805e-01
2.3348935991e-01
2.3438804176e-01
2.3528672361e-01
2.3618540547e-01
2.3722501708e-01
2.3826462869e-01
2.3930424030e-01
2.4034385191e-01
2.4159148618e-01
2.4283912046e-01
2.4408675473e-01
2.4533438900e-01
2.4646739447e-01
2.4760039994e-01
2.4873340542e-01
2.4986641089e-01
2.5109696532e-01
2.5232751976e-01
2.5355807420e-01
2.5478862864e-01
2.5622331032e-01
2.5765799199e-01
2.5909267367e-01
2.6052735535e-01
2.6245911040e-01
2.6439086545e-01
2.6632262051e-01
2.6825437556e-01
2.7055169784e-01
2.7284902012e-01
2.7514634240e-01
2.7744366468e-01
2.7968904747e-01
2.8193443026e-01
2.8417981305e-01
2.8642519584e-01
2.8881560851e-01
2.9120602117e-01
2.9359643384e-01
2.9598684651e-01
2.9868257225e-01
3.0137829798e-01
3.0407402372e-01
3.0676974945e-01
3.0994084656e-01
3.1311194367e-01
3.1628304078e-01
3.1945413788e-01
3.2338644695e-01
3.2731875602e-01
3.3125106508e-01
3.3518337415e-01
3.4049673845e-01
3.4581010275e-01
3.5112346704e-01
3.5643683134e-01
3.6323799725e-01
3.7003916315e-01
3.7684032906e-01
3.8364149496e-01
3.9033231159e-01
3.9702312821e-01
4.0371394484e-01
4.1040476146e-01
4.1638349042e-01
4.2236221938e-01
4.2834094834e-01
4.3431967729e-01
4.4022456508e-01
4.4612945287e-01
4.5203434066e-01
4.5793922845e-01
4.6346870676e-01
4.6899818506e-01
4.7452766337e-01
4.8005714168e-01
4.8570449850e-01
4.9135185533e-01
4.9699921215e-01
5.0264656898e-01
5.0862907053e-01
5.1461157209e-01
5.2059407364e-01
5.2657657519e-01
5.3224667413e-01
5.3791677307e-01
5.4358687201e-01
5.4925697095e-01
5.5574210791e-01
5.6222724486e-01
5.6871238182e-01
5.7519751878e-01
5.8233690478e-01
5.8947629078e-01
5.9661567679e-01
6.0375506279e-01
6.1008060728e-01
6.1640615177e-01
6.2273169626e-01
6.2905724075e-01
6.3399549649e-01
6.3893375223e-01
6.4387200797e-01
6.4881026371e-01
6.5273562761e-01
6.5666099152e-01
6.6058635542e-01
6.6451171933e-01
6.6779736799e-01
6.7108301666e-01
6.7436866533e-01
6.7765431400e-01
6.8049014180e-01
6.8332596960e-01
6.8616179740e-01
6.8899762520e-01
6.9151068128e-01
6.9402373736e-01
6.9653679344e-01
6.9904984951e-01
7.0134704064e-01
7.0364423176e-01
7.0594142288e-01
7.0823861400e-01
7.1049729394e-01
7.1275597389e-01
7.1501465383e-01
7.1727333377e-01
7.1936442000e-01
7.2145550623e-01
7.2354659246e-01
7.2563767868e-01
7.2752517320e-01
7.2941266771e-01
7.3130016222e-01
7.3318765673e-01
7.3463627070e-01
7.3608488468e-01
7.3753349865e-01
7.3898211263e-01
7.4023915275e-01
7.4149619288e-01
7.4275323301e-01
7.4401027314e-01
7.4516103027e-01
7.4631178739e-01
7.4746254452e-01
7.4861330165e-01
7.4973849199e-01
7.5086368234e-01
7.5198887268e-01
7.5311406302e-01
7.5422694416e-01
7.5533982530e-01
7.5645270644e-01
7.5756558758e-01
7.5854018570e-01
7.5951478381e-01
7.6048938192e-01
7.6146398004e-01
7.6233045777e-01
7.6319693551e-01
7.6406341324e-01
7.6492989097e-01
7.6577505154e-01
7.6662021211e-01
7.6746537268e-01
7.6831053324e-01
7.6922834046e-01
7.7014614768e-01
7.7106395489e-01
7.7198176211e-01
7.7279851678e-01
7.7361527145e-01
7.7443202612e-01
7.7524878079e-01
7.7614163451e-01
7.7703448823e-01
7.7792734196e-01
7.7882019568e-01
7.7987948775e-01
7.8093877982e-01
7.8199807190e-01
7.8305736397e-01
7.8402489021e-01
7.8499241646e-01
7.8595994270e-01
7.8692746895e-01
7.8797355500e-01
7.8901964105e-01
7.9006572710e-01
7.9111181315e-01
7.9250819900e-01
7.9390458485e-01
7.9530097070e-01
7.9669735656e-01
7.9881192644e-01
8.0092649632e-01
8.0304106621e-01
8.0515563609e-01
8.0700100500e-01
8.0884637390e-01
8.1069174281e-01
8.1253711171e-01
8.1468421614e-01
8.1683132057e-01
8.1897842500e-01
8.2112552942e-01
8.2386344909e-01
8.2660136875e-01
8.2933928842e-01
8.3207720808e-01
8.3601029828e-01
8.3994338847e-01
8.4387647866e-01
8.4780956886e-01
8.5467413696e-01
8.6153870507e-01
8.6840327317e-01
8.7526784127e-01
8.9085828808e-01
9.0644873489e-01
9.2203918170e-01
9.3762962851e-01
9.5322222138e-01
9.6881481425e-01
9.8440740713e-01
1.0000000000e+00
