0.0000000000e+00
1.8552410949e-02
3.7104821899e-02
5.5657232848e-02
7.4209643798e-02
8.4848521901e-02
9.5487400004e-02
1.0612627811e-01
1.1676515621e-01
1.2386004052e-01
1.3095492482e-01
1.3804980913e-01
1.4514469344e-01
1.5033880228e-01
1.5553291112e-01
1.6072701996e-01
1.6592112880e-01
1.6994589751e-01
1.7397066621e-01
1.7799543491e-01
1.8202020362e-01
1.8523698876e-01
1.8845377391e-01
1.9167055905e-01
1.9488734420e-01
1.9758532687e-01
2.0028330954e-01
2.0298129221e-01
2.0567927487e-01
2.0802730797e-01
2.1037534107e-01
2.1272337416e-01
2.1507140726e-01
2.1721635445e-01
2.1936130165e-01
2.2150624885e-01
2.2365119605e-01
2.2607367747e-01
2.2849615890e-01
2.3091864032e-01
2.3334112175e-01
2.3504255888e-01
2.3674399601e-01
2.3844543314e-01
2.4014687027e-01
2.4154811991e-01
2.4294936956e-01
2.4435061921e-01
2.4575186885e-01
2.4696894514e-01
2.4818602143e-01
2.4940309772e-01
2.5062017402e-01
2.5178936515e-01
2.5295855628e-01
2.5412774742e-01
2.5529693855e-01
2.5688181904e-01
2.5846669953e-01
2.6005158002e-01
2.6163646051e-01
2.6271602957e-01
2.6379559863e-01
2.6487516769e-01
2.6595473675e-01
2.6697188372e-01
2.6798903069e-01
2.6900617765e-01
2.7002332462e-01
2.7102893532e-01
2.7203454601e-01
2.7304015671e-01
2.7404576740e-01
2.7529113808e-01
2.7653650876e-01
2.7778187945e-01
2.7902725013e-01
2.8002565484e-01
2.8102405954e-01
2.8202246425e-01
2.8302086896e-01
2.8408779858e-01
2.8515472820e-01
2.8622165781e-01
2.8728858743e-01
2.8848491367e-01
2.8968123991e-01
2.9087756615e-01
2.9207389240e-01
2.9344308307e-01
2.9481227375e-01
2.9618146442e-01
2.9755065510e-01
2.9889383531e-01
3.0023701552e-01
3.0158019574e-01
3.0292337595e-01
3.0430018632e-01
3.0567699669e-01
3.0705380706e-01
3.0843061743e-01
3.0993895471e-01
3.1144729199e-01
3.1295562927e-01
3.1446396655e-01
3.1622770228e-01
3.1799143800e-01
3.1975517373e-01
3.2151890945e-01
3.2381102707e-01
3.2610314469e-01
3.2839526232e-01
3.3068737994e-01
3.3322588512e-01
3.3576439031e-01
3.3830289549e-01
3.4084140068e-01
3.4353776232e-01
3.4623412397e-01
3.4893048561e-01
3.5162684725e-01
3.5436280756e-01
3.5709876786e-01
3.5983472817e-01
3.6257068847e-01
3.6553802360e-01
3.6850535872e-01
3.7147269385e-01
3.7444002897e-01
3.7776798365e-01
3.8109593832e-01
3.8442389300e-01
3.8775184767e-01
3.9159587860e-01
3.9543990952e-01
3.9928394044e-01
4.0312797137e-01
4.0772254581e-01
4.1231712026e-01
4.1691169471e-01
4.2150626916e-01
4.2726839280e-01
4.3303051644e-01
4.3879264008e-01
4.4455476372e-01
4.5223932404e-01
4.5992388435e-01
4.6760844466e-01
4.7529300497e-01
4.8426026440e-01
4.9322752383e-01
5.0219478326e-01
5.1116204269e-01
5.1796305708e-01
5.2476407147e-01
5.3156508586e-01
5.3836610024e-01
5.4383342804e-01
5.4930075583e-01
5.5476808362e-01
5.6023541141e-01
5.6481023650e-01
5.6938506159e-01
5.7395988668e-01
5.7853471177e-01
5.8246572385e-01
5.8639673594e-01
5.9032774803e-01
5.9425876012e-01
5.9770990214e-01
6.0116104416e-01
6.0461218619e-01
6.0806332821e-01
6.1115391496e-01
6.1424450172e-01
6.1733508847e-01
6.2042567523e-01
6.2325425532e-01
6.2608283542e-01
6.2891141552e-01
6.3173999562e-01
6.3441680069e-01
6.3709360576e-01
6.3977041083e-01
6.4244721590e-01
6.4585456904e-01
6.4926192218e-01
6.5266927532e-01
6.5607662846e-01
6.5837706904e-01
6.6067750963e-01
6.6297795021e-01
6.6527839079e-01
6.6733841232e-01
6.6939843386e-01
6.7145845539e-01
6.7351847692e-01
6.7517977831e-01
6.7684107971e-01
6.7850238111e-01
6.8016368250e-01
6.8164913204e-01
6.8313458157e-01
6.8462003111e-01
6.8610548064e-01
6.8747782193e-01
6.8885016321e-01
6.9022250450e-01
6.9159484579e-01
6.9293157432e-01
6.9426830286e-01
6.9560503139e-01
6.9694175993e-01
6.9837420820e-01
6.9980665648e-01
7.0123910475e-01
7.0267155303e-01
7.0385745736e-01
7.0504336170e-01
7.0622926603e-01
7.0741517037e-01
7.0852896154e-01
7.0964275271e-01
7.1075654387e-01
7.1187033504e-01
7.1286860635e-01
7.1386687766e-01
7.1486514897e-01
7.1586342028e-01
7.1691978435e-01
7.1797614841e-01
7.1903251248e-01
7.2008887655e-01
7.2112378698e-01
7.2215869741e-01
7.2319360784e-01
7.2422851827e-01
7.2520174476e-01
7.2617497126e-01
7.2714819775e-01
7.2812142425e-01
7.2916348653e-01
7.3020554881e-01
7.3124761109e-01
7.3228967337e-01
7.3345549827e-01
7.3462132317e-01
7.3578714808e-01
7.3695297298e-01
7.3812981483e-01
7.3930665668e-01
7.4048349853e-01
7.4166034038e-01
7.4282190879e-01
7.4398347720e-01
7.4514504561e-01
7.4630661402e-01
7.4759644381e-01
7.4888627360e-01
7.5017610339e-01
7.5146593318e-01
7.5315863147e-01
7.5485132975e-01
7.5654402803e-01
7.5823672631e-01
7.6062707533e-01
7.6301742435e-01
7.6540777337e-01
7.6779812240e-01
7.6995181067e-01
7.7210549894e-01
7.7425918721e-01
7.7641287549e-01
7.7879843995e-01
7.8118400442e-01
7.8356956889e-01
7.8595513335e-01
7.8879086433e-01
7.9162659531e-01
7.9446232629e-01
7.9729805726e-01
8.0091409110e-01
8.0453012494e-01
8.0814615878e-01
8.1176219262e-01
8.1683814966e-01
8.2191410670e-01
8.2699006373e-01
8.3206602077e-01
8.4037723007e-01
8.4868843936e-01
8.5699964865e-01
8.6531085795e-01
8.8213077266e-01
8.9895068737e-01
9.1577060208e-01
9.3259051679e-01
9.4944288759e-01
9.6629525839e-01
9.8314762920e-01
1.0000000000e+00
