3.1299406388e-01
3.1299409831e-01
3.1299420157e-01
3.1299437363e-01
3.1299461443e-01
3.1299491349e-01
3.1299527701e-01
3.1299570484e-01
3.1299619685e-01
3.1299674479e-01
3.1299735479e-01
3.1299802665e-01
3.1299876014e-01
3.1299955147e-01
3.1300040339e-01
3.1300131561e-01
3.1300228780e-01
3.1300332327e-01
3.1300441844e-01
3.1300557295e-01
3.1300678640e-01
3.1300807287e-01
3.1300941872e-01
3.1301082350e-01
3.1301228672e-01
3.1301383989e-01
3.1301545284e-01
3.1301712499e-01
3.1301885573e-01
3.1302070911e-01
3.1302262393e-01
3.1302459945e-01
3.1302663490e-01
3.1302888019e-01
3.1303119230e-01
3.1303357023e-01
3.1303601293e-01
3.1303896330e-01
3.1304199974e-01
3.1304512038e-01
3.1304832333e-01
3.1305109954e-01
3.1305393222e-01
3.1305682012e-01
3.1305976201e-01
3.1306262256e-01
3.1306553010e-01
3.1306848350e-01
3.1307148157e-01
3.1307446112e-01
3.1307748130e-01
3.1308054097e-01
3.1308363897e-01
3.1308675520e-01
3.1308990700e-01
3.1309309318e-01
3.1309631259e-01
3.1309959082e-01
3.1310290036e-01
3.1310623999e-01
3.1310960844e-01
3.1311308856e-01
3.1311659625e-01
3.1312013015e-01
3.1312368887e-01
3.1312718098e-01
3.1313069408e-01
3.1313422686e-01
3.1313777802e-01
3.1314134282e-01
3.1314492335e-01
3.1314851829e-01
3.1315212633e-01
3.1315577969e-01
3.1315944369e-01
3.1316311697e-01
3.1316679818e-01
3.1317055542e-01
3.1317431804e-01
3.1317808459e-01
3.1318185364e-01
3.1318574546e-01
3.1318963684e-01
3.1319352621e-01
3.1319741200e-01
3.1320154480e-01
3.1320566988e-01
3.1320978537e-01
3.1321388941e-01
3.1321798841e-01
3.1322207218e-01
3.1322613888e-01
3.1323018666e-01
3.1323416849e-01
3.1323812829e-01
3.1324206434e-01
3.1324597492e-01
3.1324989663e-01
3.1325378889e-01
3.1325764995e-01
3.1326147811e-01
3.1326536838e-01
3.1326922046e-01
3.1327303258e-01
3.1327680299e-01
3.1328070027e-01
3.1328454806e-01
3.1328834442e-01
3.1329208746e-01
3.1329611392e-01
3.1330007210e-01
3.1330395966e-01
3.1330777430e-01
3.1331173950e-01
3.1331561746e-01
3.1331940559e-01
3.1332310142e-01
3.1332641123e-01
3.1332963934e-01
3.1333278398e-01
3.1333584341e-01
3.1333870889e-01
3.1334149225e-01
3.1334419207e-01
3.1334680699e-01
3.1334929939e-01
3.1335170684e-01
3.1335402815e-01
3.1335626218e-01
3.1335840085e-01
3.1336045071e-01
3.1336241074e-01
3.1336428002e-01
3.1336606634e-01
3.1336775920e-01
3.1336935778e-01
3.1337086129e-01
3.1337228726e-01
3.1337361413e-01
3.1337484124e-01
3.1337596799e-01
3.1337701901e-01
3.1337796326e-01
3.1337880025e-01
3.1337952952e-01
3.1338018516e-01
3.1338071871e-01
3.1338112986e-01
3.1338141836e-01
3.1338158260e-01
3.1338162728e-01
3.1338155239e-01
3.1338135796e-01
3.1338106062e-01
3.1338065440e-01
3.1338013951e-01
3.1337951624e-01
3.1337880435e-01
3.1337799004e-01
3.1337707371e-01
3.1337605583e-01
3.1337495241e-01
3.1337375113e-01
3.1337245259e-01
3.1337105741e-01
3.1336957431e-01
3.1336799697e-01
3.1336632615e-01
3.1336456265e-01
3.1336270151e-01
3.1336074889e-01
3.1335870574e-01
3.1335657305e-01
3.1335431879e-01
3.1335197456e-01
3.1334954155e-01
3.1334702098e-01
3.1334431129e-01
3.1334150998e-01
3.1333861858e-01
3.1333563868e-01
3.1333204559e-01
3.1332833653e-01
3.1332451430e-01
3.1332058178e-01
3.1331709877e-01
3.1331353769e-01
3.1330990054e-01
3.1330618942e-01
3.1330268234e-01
3.1329911514e-01
3.1329548958e-01
3.1329180743e-01
3.1328822453e-01
3.1328459289e-01
3.1328091419e-01
3.1327719011e-01
3.1327351549e-01
3.1326980094e-01
3.1326604807e-01
3.1326225855e-01
3.1325847468e-01
3.1325465820e-01
3.1325081075e-01
3.1324693401e-01
3.1324298001e-01
3.1323899948e-01
3.1323499418e-01
3.1323096593e-01
3.1322694307e-01
3.1322290114e-01
3.1321884193e-01
3.1321476728e-01
3.1321089772e-01
3.1320701752e-01
3.1320312823e-01
3.1319923143e-01
3.1319545494e-01
3.1319167434e-01
3.1318789105e-01
3.1318410653e-01
3.1318039637e-01
3.1317668777e-01
3.1317298212e-01
3.1316928077e-01
3.1316562392e-01
3.1316197395e-01
3.1315833221e-01
3.1315470001e-01
3.1315108180e-01
3.1314747577e-01
3.1314388323e-01
3.1314030550e-01
3.1313667457e-01
3.1313306178e-01
3.1312946853e-01
3.1312589618e-01
3.1312239713e-01
3.1311892103e-01
3.1311546919e-01
3.1311204289e-01
3.1310867851e-01
3.1310534166e-01
3.1310203355e-01
3.1309875542e-01
3.1309549698e-01
3.1309227116e-01
3.1308907917e-01
3.1308592221e-01
3.1308274399e-01
3.1307960457e-01
3.1307650517e-01
3.1307344700e-01
3.1307028637e-01
3.1306717373e-01
3.1306411042e-01
3.1306109776e-01
3.1305700022e-01
3.1305300630e-01
3.1304911931e-01
3.1304534252e-01
3.1304270377e-01
3.1304012445e-01
3.1303760568e-01
3.1303514853e-01
3.1303289020e-01
3.1303068842e-01
3.1302854403e-01
3.1302645788e-01
3.1302449599e-01
3.1302259005e-01
3.1302074074e-01
3.1301894873e-01
3.1301724870e-01
3.1301560492e-01
3.1301401796e-01
3.1301248837e-01
3.1301103280e-01
3.1300963433e-01
3.1300829346e-01
3.1300701064e-01
3.1300579069e-01
3.1300462922e-01
3.1300352661e-01
3.1300248323e-01
3.1300149564e-01
3.1300056846e-01
3.1299970199e-01
3.1299889654e-01
3.1299814257e-01
3.1299745185e-01
3.1299682463e-01
3.1299626112e-01
3.1299574693e-01
3.1299530091e-01
3.1299492323e-01
3.1299461402e-01
3.1299437340e-01
3.1299420147e-01
3.1299409828e-01
3.1299406388e-01
