5.6774564594e-01
5.6774356768e-01
5.6773733397e-01
5.6772694798e-01
5.6771241500e-01
5.6769453680e-01
5.6767283965e-01
5.6764733378e-01
5.6761803121e-01
5.6758583701e-01
5.6755006498e-01
5.6751073117e-01
5.6746785324e-01
5.6742240174e-01
5.6737358299e-01
5.6732141808e-01
5.6726592957e-01
5.6720814640e-01
5.6714719673e-01
5.6708310615e-01
5.6701590154e-01
5.6694663693e-01
5.6687440238e-01
5.6679922745e-01
5.6672114295e-01
5.6664121060e-01
5.6655850420e-01
5.6647305690e-01
5.6638490301e-01
5.6629506759e-01
5.6620265348e-01
5.6610769712e-01
5.6601023603e-01
5.6591122869e-01
5.6580983835e-01
5.6570610451e-01
5.6560006766e-01
5.6549258840e-01
5.6538292275e-01
5.6527111307e-01
5.6515720262e-01
5.6504190674e-01
5.6492462202e-01
5.6480539354e-01
5.6468426724e-01
5.6456176543e-01
5.6443747369e-01
5.6431143978e-01
5.6418371222e-01
5.6405456791e-01
5.6392383470e-01
5.6379156301e-01
5.6365780397e-01
5.6352252423e-01
5.6338585971e-01
5.6324786363e-01
5.6310858980e-01
5.6296759806e-01
5.6282543003e-01
5.6268214192e-01
5.6253779046e-01
5.6239140395e-01
5.6224405619e-01
5.6209580672e-01
5.6194671559e-01
5.6179502346e-01
5.6164259435e-01
5.6148949191e-01
5.6133578023e-01
5.6117835747e-01
5.6102043627e-01
5.6086208590e-01
5.6070337599e-01
5.6053939051e-01
5.6037517400e-01
5.6021080378e-01
5.6004635741e-01
5.5987860326e-01
5.5971093356e-01
5.5954343119e-01
5.5937617916e-01
5.5920821531e-01
5.5904067376e-01
5.5887363913e-01
5.5870719603e-01
5.5853353557e-01
5.5836071415e-01
5.5818882852e-01
5.5801797510e-01
5.5783278558e-01
5.5764906454e-01
5.5746693565e-01
5.5728652181e-01
5.5713022758e-01
5.5697541976e-01
5.5682217879e-01
5.5667058448e-01
5.5652861828e-01
5.5638826622e-01
5.5624959422e-01
5.5611266752e-01
5.5598208136e-01
5.5585324251e-01
5.5572620785e-01
5.5560103357e-01
5.5548070009e-01
5.5536224279e-01
5.5524571183e-01
5.5513115663e-01
5.5502056851e-01
5.5491198029e-01
5.5480543664e-01
5.5470098141e-01
5.5459993696e-01
5.5450101117e-01
5.5440424389e-01
5.5430967418e-01
5.5421812123e-01
5.5412880234e-01
5.5404175304e-01
5.5395700804e-01
5.5387500323e-01
5.5379534586e-01
5.5371806743e-01
5.5364319858e-01
5.5357086064e-01
5.5350098432e-01
5.5343359731e-01
5.5336872633e-01
5.5330624766e-01
5.5324634817e-01
5.5318905180e-01
5.5313438145e-01
5.5308200437e-01
5.5303233363e-01
5.5298538941e-01
5.5294119079e-01
5.5289923780e-01
5.5286013788e-01
5.5282390735e-01
5.5279056136e-01
5.5275941700e-01
5.5273132594e-01
5.5270630051e-01
5.5268435170e-01
5.5266458265e-01
5.5264824263e-01
5.5263533961e-01
5.5262587985e-01
5.5261984966e-01
5.5261729987e-01
5.5261823174e-01
5.5262264481e-01
5.5263006821e-01
5.5264063408e-01
5.5265433773e-01
5.5267117308e-01
5.5269059548e-01
5.5271297961e-01
5.5273831603e-01
5.5276659406e-01
5.5279733396e-01
5.5283090761e-01
5.5286730128e-01
5.5290650009e-01
5.5294814641e-01
5.5299252134e-01
5.5303960704e-01
5.5308938459e-01
5.5314165987e-01
5.5319656890e-01
5.5325408983e-01
5.5331419974e-01
5.5337690861e-01
5.5344216033e-01
5.5350992897e-01
5.5358018759e-01
5.5365322026e-01
5.5372870665e-01
5.5380661661e-01
5.5388691903e-01
5.5397024859e-01
5.5405594257e-01
5.5414396633e-01
5.5423428431e-01
5.5432798844e-01
5.5442396641e-01
5.5452217866e-01
5.5462258476e-01
5.5472690745e-01
5.5483341231e-01
5.5494205416e-01
5.5505278700e-01
5.5516825547e-01
5.5528581481e-01
5.5540541310e-01
5.5552699756e-01
5.5565475348e-01
5.5578451578e-01
5.5591622353e-01
5.5604981500e-01
5.5619273496e-01
5.5633760788e-01
5.5648435861e-01
5.5663291113e-01
5.5680720920e-01
5.5698370293e-01
5.5716227037e-01
5.5734278839e-01
5.5750775136e-01
5.5767411778e-01
5.5784179431e-01
5.5801068711e-01
5.5817359742e-01
5.5833745477e-01
5.5850217548e-01
5.5866767564e-01
5.5883308437e-01
5.5899909872e-01
5.5916563548e-01
5.5933261134e-01
5.5949666497e-01
5.5966098204e-01
5.5982548408e-01
5.5999009272e-01
5.6014987052e-01
5.6030960361e-01
5.6046922080e-01
5.6062865107e-01
5.6078456895e-01
5.6094017335e-01
5.6109539828e-01
5.6125017810e-01
5.6140254224e-01
5.6155434587e-01
5.6170552674e-01
5.6185602300e-01
5.6200466216e-01
5.6215250666e-01
5.6229949731e-01
5.6244557534e-01
5.6259011610e-01
5.6273363651e-01
5.6287608000e-01
5.6301739055e-01
5.6315737076e-01
5.6329611028e-01
5.6343355500e-01
5.6356965140e-01
5.6370453377e-01
5.6383795858e-01
5.6396987406e-01
5.6410022911e-01
5.6422942383e-01
5.6435694616e-01
5.6448274665e-01
5.6460677661e-01
5.6472965049e-01
5.6485063809e-01
5.6496969231e-01
5.6508676689e-01
5.6520264542e-01
5.6531642385e-01
5.6542805755e-01
5.6553750283e-01
5.6564567206e-01
5.6575152676e-01
5.6585502495e-01
5.6595612566e-01
5.6605583100e-01
5.6615300626e-01
5.6624761230e-01
5.6633961110e-01
5.6643006267e-01
5.6651776657e-01
5.6660268678e-01
5.6668478851e-01
5.6676515715e-01
5.6684255724e-01
5.6691695627e-01
5.6698832301e-01
5.6705774689e-01
5.6712397493e-01
5.6718697848e-01
5.6724673034e-01
5.6730430998e-01
5.6735845273e-01
5.6740913432e-01
5.6745633204e-01
5.6750111784e-01
5.6754219223e-01
5.6757953587e-01
5.6761313119e-01
5.6764407259e-01
5.6767092831e-01
5.6769368469e-01
5.6771233019e-01
5.6772690024e-01
5.6773731274e-01
5.6774356237e-01
5.6774564594e-01
