2.9251112165e-01
2.9251121317e-01
2.9251148771e-01
2.9251194524e-01
2.9251258569e-01
2.9251338508e-01
2.9251435775e-01
2.9251550355e-01
2.9251682233e-01
2.9251830657e-01
2.9251996178e-01
2.9252178775e-01
2.9252378422e-01
2.9252599310e-01
2.9252837830e-01
2.9253093945e-01
2.9253367617e-01
2.9253681202e-01
2.9254014951e-01
2.9254368802e-01
2.9254742689e-01
2.9255177919e-01
2.9255637300e-01
2.9256120723e-01
2.9256628069e-01
2.9257082400e-01
2.9257554169e-01
2.9258043282e-01
2.9258549646e-01
2.9259049912e-01
2.9259565766e-01
2.9260097113e-01
2.9260643848e-01
2.9261183300e-01
2.9261736746e-01
2.9262304082e-01
2.9262885200e-01
2.9263538249e-01
2.9264207583e-01
2.9264893037e-01
2.9265594442e-01
2.9266216060e-01
2.9266849440e-01
2.9267494457e-01
2.9268150980e-01
2.9268806063e-01
2.9269471957e-01
2.9270148528e-01
2.9270835636e-01
2.9271544514e-01
2.9272263967e-01
2.9272993835e-01
2.9273733951e-01
2.9274522177e-01
2.9275321318e-01
2.9276131165e-01
2.9276951503e-01
2.9277900282e-01
2.9278862100e-01
2.9279836612e-01
2.9280823460e-01
2.9281739930e-01
2.9282666197e-01
2.9283601963e-01
2.9284546925e-01
2.9285434741e-01
2.9286330004e-01
2.9287232455e-01
2.9288141830e-01
2.9289040776e-01
2.9289945874e-01
2.9290856863e-01
2.9291773475e-01
2.9292703755e-01
2.9293639207e-01
2.9294579548e-01
2.9295524491e-01
2.9296508635e-01
2.9297497086e-01
2.9298489517e-01
2.9299485594e-01
2.9300563653e-01
2.9301645141e-01
2.9302729630e-01
2.9303816690e-01
2.9304979956e-01
2.9306145132e-01
2.9307311686e-01
2.9308479084e-01
2.9309612980e-01
2.9310746674e-01
2.9311879676e-01
2.9313011492e-01
2.9314182110e-01
2.9315350382e-01
2.9316515761e-01
2.9317677703e-01
2.9318946433e-01
2.9320209674e-01
2.9321466717e-01
2.9322716861e-01
2.9324238730e-01
2.9325747910e-01
2.9327243141e-01
2.9328723179e-01
2.9329951485e-01
2.9331167531e-01
2.9332370614e-01
2.9333560037e-01
2.9334700697e-01
2.9335827230e-01
2.9336939027e-01
2.9338035493e-01
2.9339117289e-01
2.9340182552e-01
2.9341230717e-01
2.9342261227e-01
2.9343290322e-01
2.9344300045e-01
2.9345289853e-01
2.9346259211e-01
2.9347233859e-01
2.9348185797e-01
2.9349114490e-01
2.9350019419e-01
2.9350932877e-01
2.9351819651e-01
2.9352679216e-01
2.9353511062e-01
2.9354352208e-01
2.9355161857e-01
2.9355939487e-01
2.9356684602e-01
2.9357437718e-01
2.9358153301e-01
2.9358830843e-01
2.9359469867e-01
2.9360114954e-01
2.9360714250e-01
2.9361267269e-01
2.9361773563e-01
2.9362275839e-01
2.9362720643e-01
2.9363107545e-01
2.9363436170e-01
2.9363723041e-01
2.9363942437e-01
2.9364094118e-01
2.9364177917e-01
2.9364194563e-01
2.9364149842e-01
2.9364043797e-01
2.9363876534e-01
2.9363665313e-01
2.9363401083e-01
2.9363084072e-01
2.9362714556e-01
2.9362325985e-01
2.9361892991e-01
2.9361415898e-01
2.9360895064e-01
2.9360366098e-01
2.9359799205e-01
2.9359194764e-01
2.9358553181e-01
2.9357909262e-01
2.9357232566e-01
2.9356523508e-01
2.9355782526e-01
2.9355042414e-01
2.9354273791e-01
2.9353477096e-01
2.9352652787e-01
2.9351829997e-01
2.9350982285e-01
2.9350110113e-01
2.9349213958e-01
2.9348317189e-01
2.9347398540e-01
2.9346458494e-01
2.9345497549e-01
2.9344529925e-01
2.9343542974e-01
2.9342537211e-01
2.9341513161e-01
2.9340468096e-01
2.9339405727e-01
2.9338326619e-01
2.9337231350e-01
2.9336072422e-01
2.9334897232e-01
2.9333706474e-01
2.9332500850e-01
2.9331099348e-01
2.9329680296e-01
2.9328244813e-01
2.9326794031e-01
2.9325604673e-01
2.9324406597e-01
2.9323200436e-01
2.9321986824e-01
2.9320849711e-01
2.9319707207e-01
2.9318559838e-01
2.9317408133e-01
2.9316287640e-01
2.9315164055e-01
2.9314037865e-01
2.9312909558e-01
2.9311750118e-01
2.9310589493e-01
2.9309428213e-01
2.9308266806e-01
2.9307166699e-01
2.9306067401e-01
2.9304969358e-01
2.9303873015e-01
2.9302862868e-01
2.9301854895e-01
2.9300849441e-01
2.9299846848e-01
2.9298882914e-01
2.9297922262e-01
2.9296965194e-01
2.9296012008e-01
2.9295073939e-01
2.9294140235e-01
2.9293211176e-01
2.9292287039e-01
2.9291353798e-01
2.9290426198e-01
2.9289504521e-01
2.9288589042e-01
2.9287617121e-01
2.9286652926e-01
2.9285696779e-01
2.9284748997e-01
2.9283677371e-01
2.9282617507e-01
2.9281569845e-01
2.9280534816e-01
2.9279672823e-01
2.9278820341e-01
2.9277977611e-01
2.9277144866e-01
2.9276357194e-01
2.9275579078e-01
2.9274810706e-01
2.9274052264e-01
2.9273319283e-01
2.9272596164e-01
2.9271883066e-01
2.9271180144e-01
2.9270474901e-01
2.9269780525e-01
2.9269097166e-01
2.9268424969e-01
2.9267713313e-01
2.9267014950e-01
2.9266330046e-01
2.9265658758e-01
2.9265017076e-01
2.9264388636e-01
2.9263773570e-01
2.9263172003e-01
2.9262564472e-01
2.9261971622e-01
2.9261393577e-01
2.9260830453e-01
2.9260250085e-01
2.9259686729e-01
2.9259140505e-01
2.9258611528e-01
2.9257999055e-01
2.9257411805e-01
2.9256849946e-01
2.9256313634e-01
2.9255869466e-01
2.9255444697e-01
2.9255039412e-01
2.9254653689e-01
2.9254309464e-01
2.9253982599e-01
2.9253673146e-01
2.9253381155e-01
2.9253111498e-01
2.9252858759e-01
2.9252622976e-01
2.9252404183e-01
2.9252201588e-01
2.9252016189e-01
2.9251848014e-01
2.9251697085e-01
2.9251560076e-01
2.9251441294e-01
2.9251340757e-01
2.9251258480e-01
2.9251194474e-01
2.9251148749e-01
2.9251121311e-01
2.9251112165e-01
