0.0000000000e+00
1.7892829576e-02
3.5785659151e-02
5.3678488727e-02
7.1571318303e-02
8.1291563430e-02
9.1011808557e-02
1.0073205368e-01
1.1045229881e-01
1.1678808578e-01
1.2312387275e-01
1.2945965971e-01
1.3579544668e-01
1.4028656946e-01
1.4477769223e-01
1.4926881501e-01
1.5375993779e-01
1.5718225316e-01
1.6060456853e-01
1.6402688390e-01
1.6744919927e-01
1.7023983161e-01
1.7303046395e-01
1.7582109629e-01
1.7861172863e-01
1.8108798274e-01
1.8356423686e-01
1.8604049097e-01
1.8851674509e-01
1.9082229053e-01
1.9312783597e-01
1.9543338141e-01
1.9773892684e-01
1.9951816000e-01
2.0129739315e-01
2.0307662631e-01
2.0485585946e-01
2.0627014061e-01
2.0768442176e-01
2.0909870290e-01
2.1051298405e-01
2.1184487644e-01
2.1317676883e-01
2.1450866122e-01
2.1584055361e-01
2.1720165509e-01
2.1856275656e-01
2.1992385803e-01
2.2128495951e-01
2.2255261662e-01
2.2382027372e-01
2.2508793083e-01
2.2635558794e-01
2.2750134350e-01
2.2864709906e-01
2.2979285462e-01
2.3093861018e-01
2.3216313619e-01
2.3338766219e-01
2.3461218820e-01
2.3583671420e-01
2.3702387098e-01
2.3821102776e-01
2.3939818453e-01
2.4058534131e-01
2.4196132124e-01
2.4333730117e-01
2.4471328110e-01
2.4608926103e-01
2.4779579600e-01
2.4950233098e-01
2.5120886596e-01
2.5291540094e-01
2.5449391548e-01
2.5607243002e-01
2.5765094456e-01
2.5922945910e-01
2.6102754281e-01
2.6282562652e-01
2.6462371023e-01
2.6642179394e-01
2.6887404936e-01
2.7132630477e-01
2.7377856019e-01
2.7623081561e-01
2.7917739740e-01
2.8212397920e-01
2.8507056099e-01
2.8801714278e-01
2.9111521600e-01
2.9421328923e-01
2.9731136245e-01
3.0040943568e-01
3.0376947372e-01
3.0712951176e-01
3.1048954981e-01
3.1384958785e-01
3.1777664503e-01
3.2170370221e-01
3.2563075939e-01
3.2955781658e-01
3.3434856122e-01
3.3913930586e-01
3.4393005051e-01
3.4872079515e-01
3.5368309426e-01
3.5864539336e-01
3.6360769246e-01
3.6856999157e-01
3.7334638771e-01
3.7812278384e-01
3.8289917998e-01
3.8767557612e-01
3.9194637624e-01
3.9621717636e-01
4.0048797647e-01
4.0475877659e-01
4.0828072594e-01
4.1180267529e-01
4.1532462464e-01
4.1884657399e-01
4.2166954058e-01
4.2449250716e-01
4.2731547375e-01
4.3013844034e-01
4.3271630224e-01
4.3529416415e-01
4.3787202605e-01
4.4044988796e-01
4.4331148830e-01
4.4617308864e-01
4.4903468898e-01
4.5189628932e-01
4.5412534352e-01
4.5635439772e-01
4.5858345192e-01
4.6081250612e-01
4.6282998672e-01
4.6484746732e-01
4.6686494791e-01
4.6888242851e-01
4.7113328607e-01
4.7338414364e-01
4.7563500120e-01
4.7788585877e-01
4.7991446957e-01
4.8194308038e-01
4.8397169119e-01
4.8600030200e-01
4.8854477405e-01
4.9108924610e-01
4.9363371815e-01
4.9617819021e-01
4.9856976322e-01
5.0096133624e-01
5.0335290926e-01
5.0574448228e-01
5.0776142750e-01
5.0977837272e-01
5.1179531794e-01
5.1381226316e-01
5.1602599145e-01
5.1823971974e-01
5.2045344803e-01
5.2266717632e-01
5.2469100218e-01
5.2671482804e-01
5.2873865389e-01
5.3076247975e-01
5.3298782856e-01
5.3521317738e-01
5.3743852619e-01
5.3966387501e-01
5.4247211904e-01
5.4528036307e-01
5.4808860711e-01
5.5089685114e-01
5.5350618311e-01
5.5611551509e-01
5.5872484706e-01
5.6133417904e-01
5.6436657843e-01
5.6739897782e-01
5.7043137721e-01
5.7346377661e-01
5.7762363566e-01
5.8178349471e-01
5.8594335376e-01
5.9010321281e-01
5.9503625237e-01
5.9996929194e-01
6.0490233151e-01
6.0983537108e-01
6.1475113885e-01
6.1966690663e-01
6.2458267440e-01
6.2949844218e-01
6.3449778581e-01
6.3949712944e-01
6.4449647307e-01
6.4949581670e-01
6.5360911778e-01
6.5772241886e-01
6.6183571994e-01
6.6594902102e-01
6.6949432395e-01
6.7303962688e-01
6.7658492981e-01
6.8013023274e-01
6.8330635548e-01
6.8648247822e-01
6.8965860096e-01
6.9283472370e-01
6.9602610952e-01
6.9921749535e-01
7.0240888118e-01
7.0560026700e-01
7.0831158928e-01
7.1102291155e-01
7.1373423382e-01
7.1644555609e-01
7.1870552266e-01
7.2096548922e-01
7.2322545579e-01
7.2548542235e-01
7.2730007871e-01
7.2911473506e-01
7.3092939141e-01
7.3274404776e-01
7.3435455056e-01
7.3596505335e-01
7.3757555615e-01
7.3918605894e-01
7.4074746996e-01
7.4230888099e-01
7.4387029201e-01
7.4543170304e-01
7.4688390567e-01
7.4833610830e-01
7.4978831093e-01
7.5124051357e-01
7.5260378374e-01
7.5396705392e-01
7.5533032409e-01
7.5669359427e-01
7.5784780857e-01
7.5900202286e-01
7.6015623716e-01
7.6131045146e-01
7.6263804804e-01
7.6396564463e-01
7.6529324122e-01
7.6662083780e-01
7.6775466182e-01
7.6888848584e-01
7.7002230986e-01
7.7115613388e-01
7.7239853973e-01
7.7364094557e-01
7.7488335142e-01
7.7612575726e-01
7.7755756333e-01
7.7898936940e-01
7.8042117547e-01
7.8185298154e-01
7.8321657212e-01
7.8458016270e-01
7.8594375328e-01
7.8730734386e-01
7.8899238026e-01
7.9067741667e-01
7.9236245307e-01
7.9404748948e-01
7.9644302912e-01
7.9883856876e-01
8.0123410841e-01
8.0362964805e-01
8.0615483774e-01
8.0868002744e-01
8.1120521713e-01
8.1373040683e-01
8.1677289727e-01
8.1981538772e-01
8.2285787817e-01
8.2590036862e-01
8.3015938507e-01
8.3441840152e-01
8.3867741796e-01
8.4293643441e-01
8.5030460026e-01
8.5767276610e-01
8.6504093194e-01
8.7240909778e-01
8.8835142488e-01
9.0429375198e-01
9.2023607908e-01
9.3617840617e-01
9.5213380463e-01
9.6808920309e-01
9.8404460154e-01
1.0000000000e+00
