0.0000000000e+00
1.1932548604e-02
2.3865097207e-02
3.5797645811e-02
4.7730194415e-02
5.5908561706e-02
6.4086928997e-02
7.2265296289e-02
8.0443663580e-02
8.6455758312e-02
9.2467853044e-02
9.8479947776e-02
1.0449204251e-01
1.0922619946e-01
1.1396035642e-01
1.1869451337e-01
1.2342867032e-01
1.2736934510e-01
1.3131001987e-01
1.3525069465e-01
1.3919136942e-01
1.4273410424e-01
1.4627683905e-01
1.4981957387e-01
1.5336230868e-01
1.5673771511e-01
1.6011312153e-01
1.6348852796e-01
1.6686393439e-01
1.6953080197e-01
1.7219766956e-01
1.7486453715e-01
1.7753140474e-01
1.7960376304e-01
1.8167612134e-01
1.8374847963e-01
1.8582083793e-01
1.8771972111e-01
1.8961860429e-01
1.9151748748e-01
1.9341637066e-01
1.9566111204e-01
1.9790585342e-01
2.0015059480e-01
2.0239533618e-01
2.0412379226e-01
2.0585224834e-01
2.0758070442e-01
2.0930916050e-01
2.1094535935e-01
2.1258155820e-01
2.1421775705e-01
2.1585395590e-01
2.1784497753e-01
2.1983599916e-01
2.2182702079e-01
2.2381804243e-01
2.2547402724e-01
2.2713001205e-01
2.2878599687e-01
2.3044198168e-01
2.3241683504e-01
2.3439168841e-01
2.3636654177e-01
2.3834139513e-01
2.4045758864e-01
2.4257378214e-01
2.4468997564e-01
2.4680616915e-01
2.4903348114e-01
2.5126079313e-01
2.5348810511e-01
2.5571541710e-01
2.5803633391e-01
2.6035725071e-01
2.6267816752e-01
2.6499908433e-01
2.6766608566e-01
2.7033308700e-01
2.7300008834e-01
2.7566708968e-01
2.7926626191e-01
2.8286543415e-01
2.8646460639e-01
2.9006377863e-01
2.9477126607e-01
2.9947875352e-01
3.0418624096e-01
3.0889372840e-01
3.1325896090e-01
3.1762419341e-01
3.2198942591e-01
3.2635465841e-01
3.3169580713e-01
3.3703695585e-01
3.4237810456e-01
3.4771925328e-01
3.5310434769e-01
3.5848944210e-01
3.6387453651e-01
3.6925963093e-01
3.7348247573e-01
3.7770532054e-01
3.8192816534e-01
3.8615101015e-01
3.8937859258e-01
3.9260617501e-01
3.9583375745e-01
3.9906133988e-01
4.0182664828e-01
4.0459195668e-01
4.0735726508e-01
4.1012257348e-01
4.1267801380e-01
4.1523345413e-01
4.1778889445e-01
4.2034433478e-01
4.2347312552e-01
4.2660191627e-01
4.2973070702e-01
4.3285949777e-01
4.3506978268e-01
4.3728006759e-01
4.3949035249e-01
4.4170063740e-01
4.4369165172e-01
4.4568266604e-01
4.4767368035e-01
4.4966469467e-01
4.5161788101e-01
4.5357106735e-01
4.5552425369e-01
4.5747744003e-01
4.5945270475e-01
4.6142796946e-01
4.6340323417e-01
4.6537849888e-01
4.6730791509e-01
4.6923733129e-01
4.7116674750e-01
4.7309616370e-01
4.7523268786e-01
4.7736921202e-01
4.7950573617e-01
4.8164226033e-01
4.8379744417e-01
4.8595262800e-01
4.8810781184e-01
4.9026299567e-01
4.9245414209e-01
4.9464528851e-01
4.9683643493e-01
4.9902758135e-01
5.0111775236e-01
5.0320792337e-01
5.0529809438e-01
5.0738826538e-01
5.0963463094e-01
5.1188099650e-01
5.1412736206e-01
5.1637372761e-01
5.1854204837e-01
5.2071036913e-01
5.2287868989e-01
5.2504701064e-01
5.2696742724e-01
5.2888784383e-01
5.3080826042e-01
5.3272867702e-01
5.3477266353e-01
5.3681665003e-01
5.3886063654e-01
5.4090462305e-01
5.4285468332e-01
5.4480474359e-01
5.4675480386e-01
5.4870486413e-01
5.5092327164e-01
5.5314167914e-01
5.5536008664e-01
5.5757849414e-01
5.6056794677e-01
5.6355739939e-01
5.6654685202e-01
5.6953630464e-01
5.7207825833e-01
5.7462021203e-01
5.7716216572e-01
5.7970411941e-01
5.8251575792e-01
5.8532739644e-01
5.8813903495e-01
5.9095067346e-01
5.9447249229e-01
5.9799431112e-01
6.0151612994e-01
6.0503794877e-01
6.0957652331e-01
6.1411509785e-01
6.1865367239e-01
6.2319224694e-01
6.2797801940e-01
6.3276379186e-01
6.3754956433e-01
6.4233533679e-01
6.4696963765e-01
6.5160393851e-01
6.5623823937e-01
6.6087254023e-01
6.6522261431e-01
6.6957268840e-01
6.7392276249e-01
6.7827283657e-01
6.8251538284e-01
6.8675792910e-01
6.9100047537e-01
6.9524302164e-01
6.9885295077e-01
7.0246287990e-01
7.0607280904e-01
7.0968273817e-01
7.1248131328e-01
7.1527988838e-01
7.1807846349e-01
7.2087703860e-01
7.2331488402e-01
7.2575272944e-01
7.2819057486e-01
7.3062842029e-01
7.3284828725e-01
7.3506815422e-01
7.3728802119e-01
7.3950788815e-01
7.4231687938e-01
7.4512587061e-01
7.4793486183e-01
7.5074385306e-01
7.5267661032e-01
7.5460936759e-01
7.5654212485e-01
7.5847488212e-01
7.6020930167e-01
7.6194372123e-01
7.6367814078e-01
7.6541256033e-01
7.6707607387e-01
7.6873958740e-01
7.7040310093e-01
7.7206661446e-01
7.7383275080e-01
7.7559888714e-01
7.7736502348e-01
7.7913115983e-01
7.8075547439e-01
7.8237978896e-01
7.8400410353e-01
7.8562841810e-01
7.8743188774e-01
7.8923535738e-01
7.9103882701e-01
7.9284229665e-01
7.9493601631e-01
7.9702973597e-01
7.9912345563e-01
8.0121717529e-01
8.0315295408e-01
8.0508873286e-01
8.0702451165e-01
8.0896029044e-01
8.1124134240e-01
8.1352239435e-01
8.1580344631e-01
8.1808449827e-01
8.2109659404e-01
8.2410868981e-01
8.2712078558e-01
8.3013288135e-01
8.3368736379e-01
8.3724184622e-01
8.4079632866e-01
8.4435081110e-01
8.4828844873e-01
8.5222608637e-01
8.5616372400e-01
8.6010136164e-01
8.6508167515e-01
8.7006198867e-01
8.7504230219e-01
8.8002261570e-01
8.8718842089e-01
8.9435422608e-01
9.0152003127e-01
9.0868583646e-01
9.2008964266e-01
9.3149344886e-01
9.4289725506e-01
9.5430106125e-01
9.6572579594e-01
9.7715053063e-01
9.8857526531e-01
1.0000000000e+00
