0.0000000000e+00
1.3617483660e-02
2.7234967320e-02
4.0852450981e-02
5.4469934641e-02
6.3912700415e-02
7.3355466189e-02
8.2798231963e-02
9.2240997737e-02
9.9342228491e-02
1.0644345924e-01
1.1354469000e-01
1.2064592075e-01
1.2621301193e-01
1.3178010310e-01
1.3734719427e-01
1.4291428545e-01
1.4744248775e-01
1.5197069006e-01
1.5649889237e-01
1.6102709468e-01
1.6485109851e-01
1.6867510234e-01
1.7249910618e-01
1.7632311001e-01
1.7965331596e-01
1.8298352190e-01
1.8631372785e-01
1.8964393380e-01
1.9264001792e-01
1.9563610204e-01
1.9863218617e-01
2.0162827029e-01
2.0449772953e-01
2.0736718876e-01
2.1023664800e-01
2.1310610724e-01
2.1587131323e-01
2.1863651923e-01
2.2140172522e-01
2.2416693122e-01
2.2647100123e-01
2.2877507125e-01
2.3107914126e-01
2.3338321128e-01
2.3527822267e-01
2.3717323405e-01
2.3906824544e-01
2.4096325683e-01
2.4262162069e-01
2.4427998456e-01
2.4593834842e-01
2.4759671229e-01
2.4914443903e-01
2.5069216577e-01
2.5223989252e-01
2.5378761926e-01
2.5538105289e-01
2.5697448652e-01
2.5856792014e-01
2.6016135377e-01
2.6174038876e-01
2.6331942375e-01
2.6489845874e-01
2.6647749373e-01
2.6789784325e-01
2.6931819277e-01
2.7073854229e-01
2.7215889181e-01
2.7349739829e-01
2.7483590478e-01
2.7617441126e-01
2.7751291774e-01
2.7883263321e-01
2.8015234867e-01
2.8147206414e-01
2.8279177961e-01
2.8448224421e-01
2.8617270882e-01
2.8786317342e-01
2.8955363802e-01
2.9092138965e-01
2.9228914127e-01
2.9365689289e-01
2.9502464452e-01
2.9639496747e-01
2.9776529043e-01
2.9913561339e-01
3.0050593634e-01
3.0210571653e-01
3.0370549671e-01
3.0530527689e-01
3.0690505708e-01
3.0856184027e-01
3.1021862346e-01
3.1187540665e-01
3.1353218984e-01
3.1546908954e-01
3.1740598923e-01
3.1934288893e-01
3.2127978862e-01
3.2307219783e-01
3.2486460705e-01
3.2665701626e-01
3.2844942547e-01
3.3031635025e-01
3.3218327504e-01
3.3405019982e-01
3.3591712461e-01
3.3793766518e-01
3.3995820575e-01
3.4197874632e-01
3.4399928688e-01
3.4629725930e-01
3.4859523172e-01
3.5089320414e-01
3.5319117656e-01
3.5610682706e-01
3.5902247756e-01
3.6193812805e-01
3.6485377855e-01
3.6807262751e-01
3.7129147646e-01
3.7451032542e-01
3.7772917438e-01
3.8150224643e-01
3.8527531849e-01
3.8904839055e-01
3.9282146261e-01
3.9642197096e-01
4.0002247932e-01
4.0362298768e-01
4.0722349603e-01
4.1099625957e-01
4.1476902312e-01
4.1854178666e-01
4.2231455020e-01
4.2641368806e-01
4.3051282591e-01
4.3461196377e-01
4.3871110162e-01
4.4326552410e-01
4.4781994657e-01
4.5237436904e-01
4.5692879152e-01
4.6207702867e-01
4.6722526582e-01
4.7237350297e-01
4.7752174011e-01
4.8362374866e-01
4.8972575720e-01
4.9582776574e-01
5.0192977428e-01
5.0707264109e-01
5.1221550789e-01
5.1735837470e-01
5.2250124151e-01
5.2710739446e-01
5.3171354741e-01
5.3631970036e-01
5.4092585331e-01
5.4510517552e-01
5.4928449774e-01
5.5346381996e-01
5.5764314218e-01
5.6149470177e-01
5.6534626135e-01
5.6919782094e-01
5.7304938053e-01
5.7668189758e-01
5.8031441463e-01
5.8394693169e-01
5.8757944874e-01
5.9121045444e-01
5.9484146014e-01
5.9847246584e-01
6.0210347154e-01
6.0561452113e-01
6.0912557071e-01
6.1263662029e-01
6.1614766988e-01
6.1922258127e-01
6.2229749266e-01
6.2537240405e-01
6.2844731544e-01
6.3110868602e-01
6.3377005660e-01
6.3643142718e-01
6.3909279776e-01
6.4133154586e-01
6.4357029396e-01
6.4580904206e-01
6.4804779015e-01
6.5006394128e-01
6.5208009241e-01
6.5409624354e-01
6.5611239467e-01
6.5798467977e-01
6.5985696487e-01
6.6172924997e-01
6.6360153507e-01
6.6538862593e-01
6.6717571678e-01
6.6896280763e-01
6.7074989848e-01
6.7269142009e-01
6.7463294170e-01
6.7657446331e-01
6.7851598492e-01
6.8019922903e-01
6.8188247314e-01
6.8356571725e-01
6.8524896136e-01
6.8682680737e-01
6.8840465337e-01
6.8998249938e-01
6.9156034538e-01
6.9298137296e-01
6.9440240054e-01
6.9582342812e-01
6.9724445569e-01
6.9857045414e-01
6.9989645258e-01
7.0122245102e-01
7.0254844946e-01
7.0397482697e-01
7.0540120448e-01
7.0682758198e-01
7.0825395949e-01
7.0965423051e-01
7.1105450152e-01
7.1245477254e-01
7.1385504356e-01
7.1515215072e-01
7.1644925789e-01
7.1774636505e-01
7.1904347222e-01
7.2049200172e-01
7.2194053122e-01
7.2338906072e-01
7.2483759022e-01
7.2633613855e-01
7.2783468687e-01
7.2933323520e-01
7.3083178352e-01
7.3257222377e-01
7.3431266402e-01
7.3605310427e-01
7.3779354452e-01
7.3932932496e-01
7.4086510541e-01
7.4240088586e-01
7.4393666630e-01
7.4555022341e-01
7.4716378053e-01
7.4877733764e-01
7.5039089475e-01
7.5223799249e-01
7.5408509022e-01
7.5593218795e-01
7.5777928568e-01
7.6009279725e-01
7.6240630882e-01
7.6471982039e-01
7.6703333196e-01
7.7051536128e-01
7.7399739060e-01
7.7747941992e-01
7.8096144924e-01
7.8385972021e-01
7.8675799118e-01
7.8965626215e-01
7.9255453312e-01
7.9573602978e-01
7.9891752643e-01
8.0209902309e-01
8.0528051975e-01
8.0897107276e-01
8.1266162577e-01
8.1635217878e-01
8.2004273179e-01
8.2455322907e-01
8.2906372634e-01
8.3357422362e-01
8.3808472090e-01
8.4404203602e-01
8.4999935114e-01
8.5595666626e-01
8.6191398138e-01
8.7037590690e-01
8.7883783242e-01
8.8729975793e-01
8.9576168345e-01
9.0879147302e-01
9.2182126259e-01
9.3485105216e-01
9.4788084173e-01
9.6091063129e-01
9.7394042086e-01
9.8697021043e-01
1.0000000000e+00
