0.0000000000e+00
6.3247982006e-03
1.2649596401e-02
1.8974394602e-02
2.5299192803e-02
3.0907991471e-02
3.6516790140e-02
4.2125588808e-02
4.7734387477e-02
5.2770534550e-02
5.7806681622e-02
6.2842828695e-02
6.7878975768e-02
7.2475126096e-02
7.7071276423e-02
8.1667426751e-02
8.6263577079e-02
9.0550926461e-02
9.4838275844e-02
9.9125625227e-02
1.0341297461e-01
1.0759359064e-01
1.1177420667e-01
1.1595482270e-01
1.2013543873e-01
1.2462157098e-01
1.2910770324e-01
1.3359383549e-01
1.3807996775e-01
1.4158482892e-01
1.4508969009e-01
1.4859455126e-01
1.5209941243e-01
1.5526551990e-01
1.5843162738e-01
1.6159773485e-01
1.6476384233e-01
1.6744814081e-01
1.7013243929e-01
1.7281673776e-01
1.7550103624e-01
1.7792988637e-01
1.8035873650e-01
1.8278758663e-01
1.8521643676e-01
1.8750416293e-01
1.8979188909e-01
1.9207961526e-01
1.9436734142e-01
1.9661678984e-01
1.9886623826e-01
2.0111568668e-01
2.0336513509e-01
2.0584532467e-01
2.0832551424e-01
2.1080570381e-01
2.1328589339e-01
2.1557378840e-01
2.1786168341e-01
2.2014957842e-01
2.2243747343e-01
2.2453771322e-01
2.2663795302e-01
2.2873819282e-01
2.3083843261e-01
2.3293960318e-01
2.3504077376e-01
2.3714194433e-01
2.3924311490e-01
2.4115892526e-01
2.4307473562e-01
2.4499054598e-01
2.4690635634e-01
2.4886160582e-01
2.5081685530e-01
2.5277210478e-01
2.5472735426e-01
2.5760767247e-01
2.6048799068e-01
2.6336830889e-01
2.6624862710e-01
2.6822620303e-01
2.7020377896e-01
2.7218135488e-01
2.7415893081e-01
2.7610554852e-01
2.7805216624e-01
2.7999878395e-01
2.8194540167e-01
2.8401563678e-01
2.8608587189e-01
2.8815610700e-01
2.9022634212e-01
2.9261114869e-01
2.9499595527e-01
2.9738076184e-01
2.9976556842e-01
3.0212501148e-01
3.0448445454e-01
3.0684389760e-01
3.0920334067e-01
3.1199317020e-01
3.1478299974e-01
3.1757282928e-01
3.2036265881e-01
3.2305111382e-01
3.2573956883e-01
3.2842802384e-01
3.3111647885e-01
3.3373367879e-01
3.3635087873e-01
3.3896807867e-01
3.4158527861e-01
3.4428996597e-01
3.4699465332e-01
3.4969934067e-01
3.5240402802e-01
3.5529831367e-01
3.5819259932e-01
3.6108688496e-01
3.6398117061e-01
3.6706937730e-01
3.7015758400e-01
3.7324579069e-01
3.7633399738e-01
3.7978024585e-01
3.8322649432e-01
3.8667274278e-01
3.9011899125e-01
3.9426173167e-01
3.9840447209e-01
4.0254721251e-01
4.0668995293e-01
4.1137981186e-01
4.1606967080e-01
4.2075952974e-01
4.2544938868e-01
4.3180088089e-01
4.3815237309e-01
4.4450386530e-01
4.5085535751e-01
4.5599148064e-01
4.6112760377e-01
4.6626372690e-01
4.7139985003e-01
4.7668973812e-01
4.8197962621e-01
4.8726951429e-01
4.9255940238e-01
4.9778876790e-01
5.0301813341e-01
5.0824749893e-01
5.1347686444e-01
5.1866470491e-01
5.2385254537e-01
5.2904038584e-01
5.3422822630e-01
5.3982217462e-01
5.4541612293e-01
5.5101007125e-01
5.5660401956e-01
5.6126078593e-01
5.6591755229e-01
5.7057431866e-01
5.7523108503e-01
5.7939132337e-01
5.8355156171e-01
5.8771180005e-01
5.9187203839e-01
5.9543258843e-01
5.9899313847e-01
6.0255368852e-01
6.0611423856e-01
6.0930425728e-01
6.1249427600e-01
6.1568429473e-01
6.1887431345e-01
6.2183124018e-01
6.2478816691e-01
6.2774509363e-01
6.3070202036e-01
6.3349479066e-01
6.3628756096e-01
6.3908033125e-01
6.4187310155e-01
6.4452487464e-01
6.4717664772e-01
6.4982842081e-01
6.5248019389e-01
6.5510625903e-01
6.5773232417e-01
6.6035838931e-01
6.6298445445e-01
6.6584265207e-01
6.6870084969e-01
6.7155904731e-01
6.7441724494e-01
6.7695744154e-01
6.7949763814e-01
6.8203783474e-01
6.8457803134e-01
6.8689718572e-01
6.8921634009e-01
6.9153549447e-01
6.9385464885e-01
6.9620936769e-01
6.9856408653e-01
7.0091880537e-01
7.0327352421e-01
7.0530179194e-01
7.0733005968e-01
7.0935832741e-01
7.1138659515e-01
7.1333133310e-01
7.1527607104e-01
7.1722080899e-01
7.1916554694e-01
7.2118791039e-01
7.2321027384e-01
7.2523263728e-01
7.2725500073e-01
7.2965160416e-01
7.3204820759e-01
7.3444481101e-01
7.3684141444e-01
7.3879206679e-01
7.4074271914e-01
7.4269337149e-01
7.4464402384e-01
7.4655707823e-01
7.4847013262e-01
7.5038318702e-01
7.5229624141e-01
7.5438805067e-01
7.5647985992e-01
7.5857166918e-01
7.6066347843e-01
7.6276952139e-01
7.6487556434e-01
7.6698160729e-01
7.6908765024e-01
7.7140342547e-01
7.7371920070e-01
7.7603497593e-01
7.7835075116e-01
7.8076416046e-01
7.8317756976e-01
7.8559097906e-01
7.8800438836e-01
7.9024968778e-01
7.9249498719e-01
7.9474028661e-01
7.9698558603e-01
7.9928043013e-01
8.0157527422e-01
8.0387011832e-01
8.0616496242e-01
8.0862411202e-01
8.1108326161e-01
8.1354241121e-01
8.1600156081e-01
8.1877957383e-01
8.2155758686e-01
8.2433559988e-01
8.2711361291e-01
8.3045018109e-01
8.3378674927e-01
8.3712331745e-01
8.4045988563e-01
8.4430742858e-01
8.4815497152e-01
8.5200251447e-01
8.5585005741e-01
8.6014198197e-01
8.6443390652e-01
8.6872583107e-01
8.7301775562e-01
8.7723097005e-01
8.8144418449e-01
8.8565739893e-01
8.8987061336e-01
8.9435177216e-01
8.9883293095e-01
9.0331408974e-01
9.0779524854e-01
9.1271864536e-01
9.1764204218e-01
9.2256543900e-01
9.2748883583e-01
9.3302434757e-01
9.3855985932e-01
9.4409537107e-01
9.4963088282e-01
9.5592702246e-01
9.6222316211e-01
9.6851930176e-01
9.7481544141e-01
9.8111158106e-01
9.8740772070e-01
9.9370386035e-01
1.0000000000e+00
