0.0000000000e+00
2.9872463606e-03
5.9744927213e-03
8.9617390819e-03
1.1948985443e-02
1.4874008053e-02
1.7799030663e-02
2.0724053273e-02
2.3649075883e-02
2.6589967421e-02
2.9530858960e-02
3.2471750498e-02
3.5412642036e-02
3.8475862417e-02
4.1539082798e-02
4.4602303178e-02
4.7665523559e-02
5.1287143568e-02
5.4908763578e-02
5.8530383587e-02
6.2152003597e-02
6.5336518684e-02
6.8521033771e-02
7.1705548859e-02
7.4890063946e-02
7.7897615891e-02
8.0905167836e-02
8.3912719781e-02
8.6920271726e-02
8.9761014602e-02
9.2601757477e-02
9.5442500353e-02
9.8283243229e-02
1.0112713869e-01
1.0397103416e-01
1.0681492963e-01
1.0965882509e-01
1.1240349952e-01
1.1514817395e-01
1.1789284838e-01
1.2063752281e-01
1.2327318914e-01
1.2590885547e-01
1.2854452180e-01
1.3118018813e-01
1.3380967963e-01
1.3643917113e-01
1.3906866263e-01
1.4169815413e-01
1.4441214779e-01
1.4712614145e-01
1.4984013510e-01
1.5255412876e-01
1.5544098971e-01
1.5832785065e-01
1.6121471160e-01
1.6410157254e-01
1.6747467988e-01
1.7084778723e-01
1.7422089457e-01
1.7759400191e-01
1.8040600029e-01
1.8321799866e-01
1.8602999704e-01
1.8884199541e-01
1.9153744541e-01
1.9423289540e-01
1.9692834539e-01
1.9962379538e-01
2.0229747222e-01
2.0497114906e-01
2.0764482589e-01
2.1031850273e-01
2.1303471463e-01
2.1575092653e-01
2.1846713843e-01
2.2118335033e-01
2.2401970764e-01
2.2685606494e-01
2.2969242225e-01
2.3252877955e-01
2.3570689924e-01
2.3888501893e-01
2.4206313862e-01
2.4524125831e-01
2.4837689396e-01
2.5151252961e-01
2.5464816526e-01
2.5778380092e-01
2.6090507461e-01
2.6402634830e-01
2.6714762200e-01
2.7026889569e-01
2.7351114187e-01
2.7675338806e-01
2.7999563424e-01
2.8323788043e-01
2.8677873505e-01
2.9031958967e-01
2.9386044429e-01
2.9740129891e-01
3.0163960618e-01
3.0587791346e-01
3.1011622073e-01
3.1435452801e-01
3.1797985165e-01
3.2160517529e-01
3.2523049893e-01
3.2885582257e-01
3.3238209229e-01
3.3590836201e-01
3.3943463173e-01
3.4296090145e-01
3.4648734855e-01
3.5001379566e-01
3.5354024276e-01
3.5706668986e-01
3.6064592868e-01
3.6422516750e-01
3.6780440632e-01
3.7138364514e-01
3.7505513595e-01
3.7872662677e-01
3.8239811759e-01
3.8606960840e-01
3.8986936224e-01
3.9366911607e-01
3.9746886991e-01
4.0126862374e-01
4.0523504591e-01
4.0920146808e-01
4.1316789025e-01
4.1713431242e-01
4.2131400052e-01
4.2549368863e-01
4.2967337673e-01
4.3385306484e-01
4.3831454911e-01
4.4277603339e-01
4.4723751766e-01
4.5169900194e-01
4.5656804675e-01
4.6143709157e-01
4.6630613638e-01
4.7117518120e-01
4.7644226664e-01
4.8170935208e-01
4.8697643753e-01
4.9224352297e-01
4.9741628224e-01
5.0258904152e-01
5.0776180079e-01
5.1293456006e-01
5.1778901078e-01
5.2264346149e-01
5.2749791220e-01
5.3235236291e-01
5.3678058902e-01
5.4120881514e-01
5.4563704125e-01
5.5006526736e-01
5.5423484513e-01
5.5840442289e-01
5.6257400065e-01
5.6674357841e-01
5.7071178811e-01
5.7467999780e-01
5.7864820750e-01
5.8261641719e-01
5.8642388847e-01
5.9023135975e-01
5.9403883103e-01
5.9784630231e-01
6.0152757460e-01
6.0520884688e-01
6.0889011917e-01
6.1257139145e-01
6.1615949370e-01
6.1974759596e-01
6.2333569821e-01
6.2692380046e-01
6.3045505406e-01
6.3398630767e-01
6.3751756128e-01
6.4104881489e-01
6.4457241436e-01
6.4809601384e-01
6.5161961332e-01
6.5514321279e-01
6.5877288184e-01
6.6240255090e-01
6.6603221995e-01
6.6966188900e-01
6.7498878897e-01
6.8031568893e-01
6.8564258890e-01
6.9096948886e-01
6.9443989184e-01
6.9791029482e-01
7.0138069780e-01
7.0485110078e-01
7.0807884290e-01
7.1130658503e-01
7.1453432715e-01
7.1776206928e-01
7.2088283548e-01
7.2400360168e-01
7.2712436788e-01
7.3024513408e-01
7.3338383362e-01
7.3652253316e-01
7.3966123270e-01
7.4279993224e-01
7.4596092404e-01
7.4912191583e-01
7.5228290762e-01
7.5544389941e-01
7.5828811450e-01
7.6113232958e-01
7.6397654466e-01
7.6682075974e-01
7.6954500770e-01
7.7226925566e-01
7.7499350362e-01
7.7771775158e-01
7.8039417056e-01
7.8307058954e-01
7.8574700851e-01
7.8842342749e-01
7.9111650328e-01
7.9380957906e-01
7.9650265485e-01
7.9919573063e-01
8.0202597534e-01
8.0485622004e-01
8.0768646474e-01
8.1051670944e-01
8.1399465962e-01
8.1747260980e-01
8.2095055999e-01
8.2442851017e-01
8.2730282205e-01
8.3017713394e-01
8.3305144582e-01
8.3592575770e-01
8.3864022446e-01
8.4135469121e-01
8.4406915796e-01
8.4678362472e-01
8.4941624672e-01
8.5204886873e-01
8.5468149074e-01
8.5731411275e-01
8.5994609443e-01
8.6257807611e-01
8.6521005779e-01
8.6784203947e-01
8.7057522567e-01
8.7330841188e-01
8.7604159809e-01
8.7877478430e-01
8.8162718664e-01
8.8447958899e-01
8.8733199133e-01
8.9018439368e-01
8.9302376565e-01
8.9586313763e-01
8.9870250961e-01
9.0154188158e-01
9.0455080461e-01
9.0755972763e-01
9.1056865065e-01
9.1357757367e-01
9.1680923353e-01
9.2004089338e-01
9.2327255324e-01
9.2650421310e-01
9.2998747422e-01
9.3347073535e-01
9.3695399648e-01
9.4043725760e-01
9.4348866799e-01
9.4654007838e-01
9.4959148877e-01
9.5264289916e-01
9.5558406268e-01
9.5852522620e-01
9.6146638972e-01
9.6440755324e-01
9.6733250060e-01
9.7025744795e-01
9.7318239531e-01
9.7610734267e-01
9.7909392479e-01
9.8208050692e-01
9.8506708905e-01
9.8805367118e-01
9.9104025338e-01
9.9402683559e-01
9.9701341779e-01
1.0000000000e+00
