0.0000000000e+00
1.5719232931e-02
3.1438465862e-02
4.7157698793e-02
6.2876931724e-02
7.2287804162e-02
8.1698676601e-02
9.1109549039e-02
1.0052042148e-01
1.0696208479e-01
1.1340374809e-01
1.1984541140e-01
1.2628707471e-01
1.3103897479e-01
1.3579087486e-01
1.4054277493e-01
1.4529467501e-01
1.4904331094e-01
1.5279194687e-01
1.5654058279e-01
1.6028921872e-01
1.6342757404e-01
1.6656592936e-01
1.6970428467e-01
1.7284263999e-01
1.7582259239e-01
1.7880254479e-01
1.8178249719e-01
1.8476244959e-01
1.8723027310e-01
1.8969809662e-01
1.9216592014e-01
1.9463374366e-01
1.9658157772e-01
1.9852941178e-01
2.0047724585e-01
2.0242507991e-01
2.0406226779e-01
2.0569945566e-01
2.0733664354e-01
2.0897383141e-01
2.1059454107e-01
2.1221525073e-01
2.1383596040e-01
2.1545667006e-01
2.1699812531e-01
2.1853958057e-01
2.2008103583e-01
2.2162249108e-01
2.2303442698e-01
2.2444636287e-01
2.2585829877e-01
2.2727023466e-01
2.2865705697e-01
2.3004387929e-01
2.3143070160e-01
2.3281752391e-01
2.3422950171e-01
2.3564147951e-01
2.3705345730e-01
2.3846543510e-01
2.3987614993e-01
2.4128686475e-01
2.4269757958e-01
2.4410829441e-01
2.4570581727e-01
2.4730334013e-01
2.4890086300e-01
2.5049838586e-01
2.5254519271e-01
2.5459199955e-01
2.5663880640e-01
2.5868561324e-01
2.6053574668e-01
2.6238588012e-01
2.6423601356e-01
2.6608614701e-01
2.6816126927e-01
2.7023639153e-01
2.7231151380e-01
2.7438663606e-01
2.7703086432e-01
2.7967509258e-01
2.8231932084e-01
2.8496354910e-01
2.8824811510e-01
2.9153268111e-01
2.9481724712e-01
2.9810181312e-01
3.0175697104e-01
3.0541212896e-01
3.0906728688e-01
3.1272244479e-01
3.1654756774e-01
3.2037269068e-01
3.2419781363e-01
3.2802293657e-01
3.3235937898e-01
3.3669582138e-01
3.4103226379e-01
3.4536870619e-01
3.4999294441e-01
3.5461718262e-01
3.5924142083e-01
3.6386565904e-01
3.6851471906e-01
3.7316377908e-01
3.7781283910e-01
3.8246189911e-01
3.8654446510e-01
3.9062703109e-01
3.9470959708e-01
3.9879216307e-01
4.0218825434e-01
4.0558434560e-01
4.0898043686e-01
4.1237652813e-01
4.1510021456e-01
4.1782390099e-01
4.2054758741e-01
4.2327127384e-01
4.2571107212e-01
4.2815087041e-01
4.3059066869e-01
4.3303046697e-01
4.3592844814e-01
4.3882642930e-01
4.4172441046e-01
4.4462239163e-01
4.4679697976e-01
4.4897156788e-01
4.5114615601e-01
4.5332074414e-01
4.5525093428e-01
4.5718112442e-01
4.5911131456e-01
4.6104150470e-01
4.6297107256e-01
4.6490064043e-01
4.6683020829e-01
4.6875977616e-01
4.7062831305e-01
4.7249684994e-01
4.7436538683e-01
4.7623392372e-01
4.7842225840e-01
4.8061059309e-01
4.8279892778e-01
4.8498726247e-01
4.8723596458e-01
4.8948466668e-01
4.9173336878e-01
4.9398207088e-01
4.9618073234e-01
4.9837939379e-01
5.0057805525e-01
5.0277671670e-01
5.0494888065e-01
5.0712104461e-01
5.0929320856e-01
5.1146537251e-01
5.1335826404e-01
5.1525115557e-01
5.1714404709e-01
5.1903693862e-01
5.2116782854e-01
5.2329871847e-01
5.2542960839e-01
5.2756049831e-01
5.2946229729e-01
5.3136409627e-01
5.3326589525e-01
5.3516769423e-01
5.3724215043e-01
5.3931660664e-01
5.4139106285e-01
5.4346551905e-01
5.4609672475e-01
5.4872793045e-01
5.5135913615e-01
5.5399034185e-01
5.5650063183e-01
5.5901092180e-01
5.6152121178e-01
5.6403150176e-01
5.6672847674e-01
5.6942545173e-01
5.7212242672e-01
5.7481940170e-01
5.7829003387e-01
5.8176066604e-01
5.8523129821e-01
5.8870193038e-01
5.9352571068e-01
5.9834949098e-01
6.0317327129e-01
6.0799705159e-01
6.1263781734e-01
6.1727858310e-01
6.2191934886e-01
6.2656011461e-01
6.3120227829e-01
6.3584444196e-01
6.4048660564e-01
6.4512876931e-01
6.4924845364e-01
6.5336813797e-01
6.5748782229e-01
6.6160750662e-01
6.6534170126e-01
6.6907589590e-01
6.7281009054e-01
6.7654428519e-01
6.8126057416e-01
6.8597686314e-01
6.9069315212e-01
6.9540944109e-01
6.9848298270e-01
7.0155652431e-01
7.0463006592e-01
7.0770360753e-01
7.1015484477e-01
7.1260608201e-01
7.1505731925e-01
7.1750855649e-01
7.1956735489e-01
7.2162615328e-01
7.2368495168e-01
7.2574375007e-01
7.2761286369e-01
7.2948197730e-01
7.3135109092e-01
7.3322020453e-01
7.3510095227e-01
7.3698170000e-01
7.3886244773e-01
7.4074319546e-01
7.4240389208e-01
7.4406458870e-01
7.4572528532e-01
7.4738598194e-01
7.4892618831e-01
7.5046639467e-01
7.5200660103e-01
7.5354680739e-01
7.5492357514e-01
7.5630034288e-01
7.5767711063e-01
7.5905387837e-01
7.6059188150e-01
7.6212988462e-01
7.6366788775e-01
7.6520589087e-01
7.6654868265e-01
7.6789147442e-01
7.6923426620e-01
7.7057705797e-01
7.7206959274e-01
7.7356212750e-01
7.7505466226e-01
7.7654719702e-01
7.7825836887e-01
7.7996954072e-01
7.8168071257e-01
7.8339188442e-01
7.8501148033e-01
7.8663107624e-01
7.8825067215e-01
7.8987026806e-01
7.9185328856e-01
7.9383630906e-01
7.9581932956e-01
7.9780235007e-01
8.0051801903e-01
8.0323368799e-01
8.0594935696e-01
8.0866502592e-01
8.1163867823e-01
8.1461233054e-01
8.1758598286e-01
8.2055963517e-01
8.2406128111e-01
8.2756292706e-01
8.3106457300e-01
8.3456621894e-01
8.3928977190e-01
8.4401332486e-01
8.4873687782e-01
8.5346043079e-01
8.6112212096e-01
8.6878381113e-01
8.7644550130e-01
8.8410719147e-01
8.9852641534e-01
9.1294563920e-01
9.2736486306e-01
9.4178408693e-01
9.5633806519e-01
9.7089204346e-01
9.8544602173e-01
1.0000000000e+00
