0.0000000000e+00
3.3148683997e-03
6.6297367994e-03
9.9446051991e-03
1.3259473599e-02
1.6410848051e-02
1.9562222502e-02
2.2713596954e-02
2.5864971406e-02
2.8895419425e-02
3.1925867445e-02
3.4956315465e-02
3.7986763485e-02
4.0925884698e-02
4.3865005912e-02
4.6804127126e-02
4.9743248340e-02
5.2619010349e-02
5.5494772358e-02
5.8370534366e-02
6.1246296375e-02
6.4087520875e-02
6.6928745375e-02
6.9769969876e-02
7.2611194376e-02
7.5450333300e-02
7.8289472225e-02
8.1128611149e-02
8.3967750074e-02
8.6847979472e-02
8.9728208870e-02
9.2608438269e-02
9.5488667667e-02
9.8491332444e-02
1.0149399722e-01
1.0449666200e-01
1.0749932678e-01
1.1093224054e-01
1.1436515430e-01
1.1779806806e-01
1.2123098182e-01
1.2438587360e-01
1.2754076538e-01
1.3069565716e-01
1.3385054894e-01
1.3677273663e-01
1.3969492432e-01
1.4261711201e-01
1.4553929970e-01
1.4836618630e-01
1.5119307290e-01
1.5401995950e-01
1.5684684609e-01
1.5963763332e-01
1.6242842054e-01
1.6521920776e-01
1.6800999498e-01
1.7080687020e-01
1.7360374542e-01
1.7640062064e-01
1.7919749586e-01
1.8204595472e-01
1.8489441358e-01
1.8774287245e-01
1.9059133131e-01
1.9363772949e-01
1.9668412767e-01
1.9973052585e-01
2.0277692403e-01
2.0577510969e-01
2.0877329535e-01
2.1177148101e-01
2.1476966667e-01
2.1791638033e-01
2.2106309399e-01
2.2420980765e-01
2.2735652131e-01
2.3052717674e-01
2.3369783218e-01
2.3686848761e-01
2.4003914304e-01
2.4316265132e-01
2.4628615960e-01
2.4940966787e-01
2.5253317615e-01
2.5569915821e-01
2.5886514027e-01
2.6203112233e-01
2.6519710439e-01
2.6846894162e-01
2.7174077886e-01
2.7501261609e-01
2.7828445333e-01
2.8176021432e-01
2.8523597532e-01
2.8871173631e-01
2.9218749731e-01
2.9615465923e-01
3.0012182115e-01
3.0408898307e-01
3.0805614499e-01
3.1190791722e-01
3.1575968945e-01
3.1961146169e-01
3.2346323392e-01
3.2708069154e-01
3.3069814916e-01
3.3431560678e-01
3.3793306440e-01
3.4148360208e-01
3.4503413977e-01
3.4858467745e-01
3.5213521513e-01
3.5568038339e-01
3.5922555165e-01
3.6277071991e-01
3.6631588817e-01
3.6989253470e-01
3.7346918124e-01
3.7704582778e-01
3.8062247431e-01
3.8425854200e-01
3.8789460968e-01
3.9153067737e-01
3.9516674505e-01
3.9888690073e-01
4.0260705641e-01
4.0632721209e-01
4.1004736777e-01
4.1387614923e-01
4.1770493070e-01
4.2153371217e-01
4.2536249364e-01
4.2932711479e-01
4.3329173595e-01
4.3725635711e-01
4.4122097827e-01
4.4535612295e-01
4.4949126764e-01
4.5362641233e-01
4.5776155701e-01
4.6212380398e-01
4.6648605095e-01
4.7084829792e-01
4.7521054489e-01
4.7994963351e-01
4.8468872214e-01
4.8942781076e-01
4.9416689939e-01
4.9874561668e-01
5.0332433398e-01
5.0790305128e-01
5.1248176858e-01
5.1677190446e-01
5.2106204035e-01
5.2535217623e-01
5.2964231211e-01
5.3373482148e-01
5.3782733084e-01
5.4191984020e-01
5.4601234956e-01
5.4994911406e-01
5.5388587855e-01
5.5782264304e-01
5.6175940754e-01
5.6556964365e-01
5.6937987977e-01
5.7319011589e-01
5.7700035201e-01
5.8070838221e-01
5.8441641241e-01
5.8812444261e-01
5.9183247282e-01
5.9546095653e-01
5.9908944024e-01
6.0271792395e-01
6.0634640766e-01
6.0991885700e-01
6.1349130635e-01
6.1706375569e-01
6.2063620503e-01
6.2418008814e-01
6.2772397125e-01
6.3126785437e-01
6.3481173748e-01
6.3836503966e-01
6.4191834184e-01
6.4547164402e-01
6.4902494620e-01
6.5265830528e-01
6.5629166436e-01
6.5992502344e-01
6.6355838252e-01
6.6748363880e-01
6.7140889508e-01
6.7533415137e-01
6.7925940765e-01
6.8312016906e-01
6.8698093047e-01
6.9084169188e-01
6.9470245329e-01
6.9815714259e-01
7.0161183189e-01
7.0506652120e-01
7.0852121050e-01
7.1179264109e-01
7.1506407169e-01
7.1833550228e-01
7.2160693288e-01
7.2477541170e-01
7.2794389053e-01
7.3111236935e-01
7.3428084818e-01
7.3740509126e-01
7.4052933435e-01
7.4365357744e-01
7.4677782052e-01
7.4993994361e-01
7.5310206669e-01
7.5626418977e-01
7.5942631285e-01
7.6259495814e-01
7.6576360343e-01
7.6893224872e-01
7.7210089401e-01
7.7510513520e-01
7.7810937640e-01
7.8111361759e-01
7.8411785879e-01
7.8712771322e-01
7.9013756766e-01
7.9314742210e-01
7.9615727653e-01
7.9901867480e-01
8.0188007307e-01
8.0474147134e-01
8.0760286962e-01
8.1040512811e-01
8.1320738660e-01
8.1600964509e-01
8.1881190357e-01
8.2160102000e-01
8.2439013642e-01
8.2717925285e-01
8.2996836927e-01
8.3278634737e-01
8.3560432547e-01
8.3842230357e-01
8.4124028167e-01
8.4414692798e-01
8.4705357430e-01
8.4996022062e-01
8.5286686693e-01
8.5600159022e-01
8.5913631351e-01
8.6227103679e-01
8.6540576008e-01
8.6887506774e-01
8.7234437540e-01
8.7581368306e-01
8.7928299072e-01
8.8229985126e-01
8.8531671180e-01
8.8833357235e-01
8.9135043289e-01
8.9424056773e-01
8.9713070257e-01
9.0002083741e-01
9.0291097225e-01
9.0575320388e-01
9.0859543551e-01
9.1143766713e-01
9.1427989876e-01
9.1711870728e-01
9.1995751580e-01
9.2279632432e-01
9.2563513284e-01
9.2850443623e-01
9.3137373961e-01
9.3424304299e-01
9.3711234638e-01
9.4004275976e-01
9.4297317314e-01
9.4590358652e-01
9.4883399990e-01
9.5185576852e-01
9.5487753714e-01
9.5789930577e-01
9.6092107439e-01
9.6406689700e-01
9.6721271962e-01
9.7035854224e-01
9.7350436485e-01
9.7681631925e-01
9.8012827364e-01
9.8344022803e-01
9.8675218243e-01
9.9006413682e-01
9.9337609121e-01
9.9668804561e-01
1.0000000000e+00
