2.3199726106e-10
1.1917819753e-10
6.0976350184e-10
2.0010410829e-09
1.5161880898e-08
4.1964782552e-08
1.1214276737e-07
2.9879717979e-07
8.2191845695e-07
1.5641320120e-06
2.9626487744e-06
5.6111366739e-06
1.0662981823e-05
1.6861869813e-05
2.6641876219e-05
4.2093777183e-05
6.6549166606e-05
9.4218518154e-05
1.3336284217e-04
1.8876623217e-04
2.6722197511e-04
3.5180523977e-04
4.6311781374e-04
6.0962363797e-04
8.0247089824e-04
1.0088415037e-03
1.2681717364e-03
1.5940344952e-03
2.0034630759e-03
2.4443056939e-03
2.9817645466e-03
3.6368751905e-03
4.4351763240e-03
5.3343683457e-03
6.4143873986e-03
7.7110052645e-03
9.2667906397e-03
1.1034883412e-02
1.3134808156e-02
1.5626622760e-02
1.8580298365e-02
2.1537528553e-02
2.4950664096e-02
2.8884961732e-02
3.3413267370e-02
3.7219589284e-02
4.1436271566e-02
4.6101950085e-02
5.1257539813e-02
5.6375887092e-02
6.1962829547e-02
6.8052331043e-02
7.4678938742e-02
8.1888375730e-02
8.9705910485e-02
9.8165086364e-02
1.0729773514e-01
1.1708804237e-01
1.2760058125e-01
1.3885653813e-01
1.5087174621e-01
1.6219875077e-01
1.7413530966e-01
1.8667815426e-01
1.9981851394e-01
2.1278673794e-01
2.2625936068e-01
2.4021411384e-01
2.5462388919e-01
2.7043138364e-01
2.8667477301e-01
3.0330516309e-01
3.2026930848e-01
3.3722444078e-01
3.5439088220e-01
3.7171058577e-01
3.8912485626e-01
4.0674538824e-01
4.2434355447e-01
4.4186220022e-01
4.5924676729e-01
4.7981930920e-01
5.0004466962e-01
5.1984990135e-01
5.3917083025e-01
5.5859112855e-01
5.7738303740e-01
5.9550538071e-01
6.1292632079e-01
6.3063340723e-01
6.4750559546e-01
6.6353390133e-01
6.7871723051e-01
6.9316988754e-01
7.0678207234e-01
7.1957050895e-01
7.3155596790e-01
7.4389749625e-01
7.5532349111e-01
7.6587243859e-01
7.7558458547e-01
7.8614735987e-01
7.9564583817e-01
8.0415037568e-01
8.1172991280e-01
8.2061622858e-01
8.2809361810e-01
8.3430839442e-01
8.3939588963e-01
8.4385107101e-01
8.4723494583e-01
8.4968289925e-01
8.5131553974e-01
8.5223502398e-01
8.5254930226e-01
8.5233978496e-01
8.5167806454e-01
8.5055355026e-01
8.4905706971e-01
8.4724522615e-01
8.4516707926e-01
8.4258507483e-01
8.3977469735e-01
8.3677908238e-01
8.3363487243e-01
8.2985086537e-01
8.2594967423e-01
8.2196484247e-01
8.1792411891e-01
8.1301899849e-01
8.0809845565e-01
8.0318859078e-01
7.9831028351e-01
7.9219667181e-01
7.8618726780e-01
7.8030293911e-01
7.7456004837e-01
7.6721795752e-01
7.6016940672e-01
7.5343497863e-01
7.4703298664e-01
7.3988406589e-01
7.3325758190e-01
7.2718316411e-01
7.2169129648e-01
7.1661977548e-01
7.1225035529e-01
7.0861657509e-01
7.0574894578e-01
7.0360985212e-01
7.0234699389e-01
7.0197383680e-01
7.0249446757e-01
7.0388254098e-01
7.0612439587e-01
7.0919762327e-01
7.1307329831e-01
7.1717093436e-01
7.2185165162e-01
7.2708865120e-01
7.3285501519e-01
7.3800327957e-01
7.4348074824e-01
7.4927320752e-01
7.5536654327e-01
7.6038687351e-01
7.6557880199e-01
7.7093418433e-01
7.7644380413e-01
7.8110645681e-01
7.8585995057e-01
7.9069563495e-01
7.9560299966e-01
7.9982706219e-01
8.0408413948e-01
8.0836255697e-01
8.1264817341e-01
8.1638014770e-01
8.2009099540e-01
8.2376449580e-01
8.2738136952e-01
8.3054629818e-01
8.3362864171e-01
8.3660596055e-01
8.3945205658e-01
8.4192972935e-01
8.4424282342e-01
8.4635952061e-01
8.4824318304e-01
8.4982325634e-01
8.5109331442e-01
8.5200114498e-01
8.5248702457e-01
8.5248398466e-01
8.5191838657e-01
8.5070302687e-01
8.4873905577e-01
8.4652326529e-01
8.4367733909e-01
8.4012884677e-01
8.3579863431e-01
8.3147938852e-01
8.2648848164e-01
8.2076686489e-01
8.1425201001e-01
8.0805684371e-01
8.0120207421e-01
7.9364452330e-01
7.8533996438e-01
7.7708670745e-01
7.6814208153e-01
7.5847214541e-01
7.4804360487e-01
7.3733735013e-01
7.2588206371e-01
7.1365322999e-01
7.0062903927e-01
6.8648364596e-01
6.7147393839e-01
6.5559056077e-01
6.3883089723e-01
6.2341390822e-01
6.0733590040e-01
5.9061214839e-01
5.7326454054e-01
5.5623321005e-01
5.3869633096e-01
5.2069178460e-01
5.0226417770e-01
4.8588905973e-01
4.6926946090e-01
4.5244734257e-01
4.3546813087e-01
4.1793516483e-01
4.0034341773e-01
3.8275062470e-01
3.6521613700e-01
3.4791803359e-01
3.3079576547e-01
3.1390719110e-01
2.9730826582e-01
2.8173526429e-01
2.6652025730e-01
2.5170318047e-01
2.3731984138e-01
2.2198621206e-01
2.0725418285e-01
1.9315161846e-01
1.7969901541e-01
1.6486403345e-01
1.5093811997e-01
1.3791906110e-01
1.2579443689e-01
1.1547680332e-01
1.0586714351e-01
9.6939900311e-02
8.8666362955e-02
8.0481648522e-02
7.2973293439e-02
6.6100017093e-02
5.9820252736e-02
5.2936345988e-02
4.6794365179e-02
4.1325654940e-02
3.6465291598e-02
3.1150485719e-02
2.6583682911e-02
2.2666973671e-02
1.9313165921e-02
1.6046045984e-02
1.3322438090e-02
1.1054768260e-02
9.1686496389e-03
7.4992420962e-03
6.1315517376e-03
5.0117613636e-03
4.0954032248e-03
3.2164608259e-03
2.5256321660e-03
1.9828192011e-03
1.5563987993e-03
1.1350766063e-03
8.2777334858e-04
6.0360585343e-04
4.4005755913e-04
2.7668334576e-04
1.7406712330e-04
1.0950341114e-04
6.8823307416e-05
3.0049446904e-05
1.3275949175e-05
5.8618677752e-06
2.5470277689e-06
4.9830807593e-07
1.3527662210e-07
3.2056551937e-08
1.3038387559e-08
2.4709577147e-09
6.7309186007e-10
1.6801805222e-10
1.3525432813e-10
