2.8457567508e-01
2.8458153671e-01
2.8459912184e-01
2.8462843119e-01
2.8466946597e-01
2.8471148409e-01
2.8476125940e-01
2.8481879326e-01
2.8488408722e-01
2.8494559151e-01
2.8501268783e-01
2.8508537743e-01
2.8516366170e-01
2.8523950670e-01
2.8531995661e-01
2.8540501259e-01
2.8549467575e-01
2.8558695389e-01
2.8568365288e-01
2.8578477346e-01
2.8589031610e-01
2.8598340927e-01
2.8607969067e-01
2.8617915948e-01
2.8628181414e-01
2.8635776282e-01
2.8643536332e-01
2.8651461389e-01
2.8659551225e-01
2.8666975706e-01
2.8674533255e-01
2.8682223532e-01
2.8690046125e-01
2.8698655218e-01
2.8707417715e-01
2.8716332648e-01
2.8725398837e-01
2.8733593450e-01
2.8741905536e-01
2.8750333681e-01
2.8758876239e-01
2.8766836933e-01
2.8774891191e-01
2.8783037073e-01
2.8791272386e-01
2.8799329173e-01
2.8807465013e-01
2.8815677154e-01
2.8823962573e-01
2.8833223437e-01
2.8842565272e-01
2.8851982735e-01
2.8861470056e-01
2.8870150435e-01
2.8878878492e-01
2.8887649020e-01
2.8896456571e-01
2.8907751274e-01
2.8919084798e-01
2.8930444390e-01
2.8941816933e-01
2.8953328602e-01
2.8964825727e-01
2.8976294135e-01
2.8987719651e-01
2.8999636521e-01
2.9011474712e-01
2.9023218475e-01
2.9034852426e-01
2.9046599282e-01
2.9058200769e-01
2.9069642108e-01
2.9080909142e-01
2.9093388333e-01
2.9105610406e-01
2.9117558146e-01
2.9129215456e-01
2.9143574047e-01
2.9157412289e-01
2.9170704819e-01
2.9183428946e-01
2.9199889134e-01
2.9215202512e-01
2.9229332697e-01
2.9242250715e-01
2.9255546487e-01
2.9267196067e-01
2.9277187164e-01
2.9285517640e-01
2.9290882846e-01
2.9295243762e-01
2.9298612142e-01
2.9301003649e-01
2.9302248496e-01
2.9302863930e-01
2.9302864925e-01
2.9302268555e-01
2.9301347170e-01
2.9300048774e-01
2.9298386230e-01
2.9296373512e-01
2.9294278775e-01
2.9291925291e-01
2.9289325615e-01
2.9286493082e-01
2.9283593768e-01
2.9280509128e-01
2.9277252610e-01
2.9273838267e-01
2.9270037955e-01
2.9266093098e-01
2.9262022763e-01
2.9257846567e-01
2.9254356004e-01
2.9250818961e-01
2.9247246786e-01
2.9243650876e-01
2.9240396919e-01
2.9237141232e-01
2.9233892041e-01
2.9230657447e-01
2.9227587457e-01
2.9224544813e-01
2.9221536080e-01
2.9218567600e-01
2.9215337078e-01
2.9212171172e-01
2.9209077312e-01
2.9206062464e-01
2.9203491362e-01
2.9200989932e-01
2.9198561929e-01
2.9196210821e-01
2.9193753800e-01
2.9191394460e-01
2.9189136113e-01
2.9186981717e-01
2.9184514728e-01
2.9182208231e-01
2.9180065718e-01
2.9178090147e-01
2.9176475380e-01
2.9174996113e-01
2.9173653595e-01
2.9172448878e-01
2.9171339449e-01
2.9170381888e-01
2.9169576858e-01
2.9168924885e-01
2.9168378515e-01
2.9168023658e-01
2.9167860567e-01
2.9167889360e-01
2.9168073391e-01
2.9168405880e-01
2.9168886644e-01
2.9169515404e-01
2.9170277960e-01
2.9171182908e-01
2.9172229669e-01
2.9173417529e-01
2.9174816215e-01
2.9176368407e-01
2.9178072646e-01
2.9179927190e-01
2.9181644420e-01
2.9183470216e-01
2.9185402816e-01
2.9187440213e-01
2.9189456030e-01
2.9191560925e-01
2.9193752507e-01
2.9196028124e-01
2.9198708659e-01
2.9201488934e-01
2.9204363749e-01
2.9207327416e-01
2.9210069974e-01
2.9212874842e-01
2.9215736834e-01
2.9218650466e-01
2.9221793697e-01
2.9224981381e-01
2.9228205978e-01
2.9231459669e-01
2.9235099027e-01
2.9238753017e-01
2.9242410077e-01
2.9246058480e-01
2.9250770404e-01
2.9255421624e-01
2.9259986237e-01
2.9264438687e-01
2.9268214853e-01
2.9271870191e-01
2.9275388942e-01
2.9278755876e-01
2.9282292691e-01
2.9285605893e-01
2.9288677344e-01
2.9291489886e-01
2.9294423348e-01
2.9296958221e-01
2.9299072355e-01
2.9300745390e-01
2.9302216528e-01
2.9302895431e-01
2.9302751165e-01
2.9301756930e-01
2.9299043953e-01
2.9294711328e-01
2.9288725339e-01
2.9281063057e-01
2.9273079935e-01
2.9263833108e-01
2.9253326437e-01
2.9241569713e-01
2.9231781983e-01
2.9221287172e-01
2.9210097155e-01
2.9198226231e-01
2.9188043019e-01
2.9177427776e-01
2.9166392259e-01
2.9154949537e-01
2.9144535150e-01
2.9133826257e-01
2.9122834539e-01
2.9111572576e-01
2.9101083402e-01
2.9090391790e-01
2.9079509262e-01
2.9068447975e-01
2.9056950479e-01
2.9045293344e-01
2.9033491568e-01
2.9021560736e-01
2.9010769803e-01
2.8999900066e-01
2.8988963717e-01
2.8977973157e-01
2.8967250244e-01
2.8956499577e-01
2.8945732770e-01
2.8934961383e-01
2.8926027625e-01
2.8917105042e-01
2.8908199959e-01
2.8899318554e-01
2.8889893498e-01
2.8880509110e-01
2.8871172109e-01
2.8861888899e-01
2.8853204733e-01
2.8844578380e-01
2.8836014315e-01
2.8827516712e-01
2.8819054592e-01
2.8810666999e-01
2.8802357240e-01
2.8794128324e-01
2.8785085328e-01
2.8776148775e-01
2.8767321611e-01
2.8758606416e-01
2.8749124854e-01
2.8739784869e-01
2.8730588657e-01
2.8721538061e-01
2.8713145876e-01
2.8704885378e-01
2.8696757465e-01
2.8688762879e-01
2.8679766518e-01
2.8670946771e-01
2.8662304229e-01
2.8653839355e-01
2.8643087253e-01
2.8632637389e-01
2.8622490175e-01
2.8612645888e-01
2.8600520033e-01
2.8588888273e-01
2.8577750687e-01
2.8567107270e-01
2.8556785067e-01
2.8546974286e-01
2.8537674809e-01
2.8528886506e-01
2.8519101479e-01
2.8510038820e-01
2.8501698317e-01
2.8494079768e-01
2.8485520814e-01
2.8478103741e-01
2.8471828258e-01
2.8466694112e-01
2.8462701101e-01
2.8459849064e-01
2.8458137888e-01
2.8457567503e-01
