2.0415605877e-09
3.7071390248e-09
1.1342188383e-08
3.6350174367e-08
1.2936253636e-07
2.7571882350e-07
5.8165283036e-07
1.2267139390e-06
2.6063910211e-06
4.3799473933e-06
7.3486312474e-06
1.2329222007e-05
2.0709659580e-05
3.0461551178e-05
4.4789560860e-05
6.5856273937e-05
9.6856983166e-05
1.3099867141e-04
1.7715493946e-04
2.3956915477e-04
3.2399043258e-04
4.1416313592e-04
5.2939827460e-04
6.7666961410e-04
8.6489174776e-04
1.0645455605e-03
1.3101959266e-03
1.6124208977e-03
1.9842172090e-03
2.3800616044e-03
2.8545825684e-03
3.4233183809e-03
4.1048277972e-03
4.8528206331e-03
5.7361425542e-03
6.7789265271e-03
8.0094624692e-03
9.5931598727e-03
1.1485554852e-02
1.3744980848e-02
1.6439965367e-02
1.8747751501e-02
2.1370901841e-02
2.4349949139e-02
2.7729854827e-02
3.0852646150e-02
3.4311801009e-02
3.8139902727e-02
4.2371815184e-02
4.6404096608e-02
5.0794619041e-02
5.5570103301e-02
6.0758237388e-02
6.6034742792e-02
7.1724839171e-02
7.7852818005e-02
8.4442918463e-02
9.2161053430e-02
1.0048359602e-01
1.0943864049e-01
1.1905194744e-01
1.2826029248e-01
1.3803112766e-01
1.4837514551e-01
1.5929949589e-01
1.7008572804e-01
1.8138521076e-01
1.9319315571e-01
2.0550075752e-01
2.1726637669e-01
2.2943141540e-01
2.4197937257e-01
2.5489068860e-01
2.6923415525e-01
2.8394390358e-01
2.9898432121e-01
3.1431673846e-01
3.2982143145e-01
3.4553166990e-01
3.6140340014e-01
3.7739172899e-01
3.9281158776e-01
4.0825754036e-01
4.2369057395e-01
4.3907276805e-01
4.5693358009e-01
4.7462008725e-01
4.9208099681e-01
5.0926921803e-01
5.2663892908e-01
5.4363296583e-01
5.6021525305e-01
5.7635493288e-01
5.9637794887e-01
6.1558725452e-01
6.3395217402e-01
6.5145307926e-01
6.6585352776e-01
6.7960215185e-01
6.9270207128e-01
7.0516004631e-01
7.1767202078e-01
7.2948927859e-01
7.4062946586e-01
7.5111240165e-01
7.6187604038e-01
7.7190561534e-01
7.8123240925e-01
7.8988844696e-01
7.9927651469e-01
8.0783007013e-01
8.1560126478e-01
8.2264104002e-01
8.3052666912e-01
8.3742861010e-01
8.4343522362e-01
8.4862929776e-01
8.5386378888e-01
8.5817369569e-01
8.6166771259e-01
8.6444395688e-01
8.6654717538e-01
8.6812340139e-01
8.6923864404e-01
8.6995188653e-01
8.7032229879e-01
8.7037129365e-01
8.7014454276e-01
8.6968245884e-01
8.6895406588e-01
8.6802970556e-01
8.6694471889e-01
8.6572995864e-01
8.6424534214e-01
8.6266399748e-01
8.6101424815e-01
8.5932041063e-01
8.5733789923e-01
8.5535160101e-01
8.5338447929e-01
8.5145584036e-01
8.4923072696e-01
8.4710590984e-01
8.4510004967e-01
8.4322838915e-01
8.4112519414e-01
8.3926303197e-01
8.3765643226e-01
8.3631658334e-01
8.3505825034e-01
8.3421798732e-01
8.3380262284e-01
8.3381538525e-01
8.3413809328e-01
8.3473825526e-01
8.3561274983e-01
8.3675680412e-01
8.3792004988e-01
8.3926337713e-01
8.4078038813e-01
8.4246315166e-01
8.4403352668e-01
8.4571158083e-01
8.4748840465e-01
8.4935337473e-01
8.5105144866e-01
8.5279757711e-01
8.5457999882e-01
8.5638495539e-01
8.5800432161e-01
8.5961556624e-01
8.6120331477e-01
8.6274983568e-01
8.6410699281e-01
8.6539516601e-01
8.6659410154e-01
8.6768071172e-01
8.6857368040e-01
8.6932044450e-01
8.6989325761e-01
8.7026077848e-01
8.7038759109e-01
8.7022830227e-01
8.6973661026e-01
8.6886033440e-01
8.6767071526e-01
8.6605915499e-01
8.6396970910e-01
8.6134038628e-01
8.5822918313e-01
8.5448458627e-01
8.5003256846e-01
8.4479240926e-01
8.4023803857e-01
8.3513889710e-01
8.2945175256e-01
8.2313114884e-01
8.1714190980e-01
8.1061571507e-01
8.0352007249e-01
7.9582173250e-01
7.8813870323e-01
7.7988464354e-01
7.7103264362e-01
7.6155608757e-01
7.5223487862e-01
7.4233995184e-01
7.3185259153e-01
7.2075540936e-01
7.0876377029e-01
6.9610382395e-01
6.8276388406e-01
6.6873563388e-01
6.5487028614e-01
6.4038878399e-01
6.2529536742e-01
6.0959893807e-01
5.9486164721e-01
5.7965483579e-01
5.6399710834e-01
5.4791143007e-01
5.3298869588e-01
5.1776094253e-01
5.0225523754e-01
4.8650187219e-01
4.7163492186e-01
4.5661154186e-01
4.4146331335e-01
4.2622378542e-01
4.0884765740e-01
3.9145333261e-01
3.7409654756e-01
3.5683409300e-01
3.4153561777e-01
3.2639846205e-01
3.1146211778e-01
2.9676472637e-01
2.8273381328e-01
2.6899471741e-01
2.5557642689e-01
2.4250526731e-01
2.2893271802e-01
2.1580897541e-01
2.0315459474e-01
1.9098588335e-01
1.7754030957e-01
1.6477147821e-01
1.5268429186e-01
1.4127726467e-01
1.3094457459e-01
1.2122299301e-01
1.1209794515e-01
1.0355174689e-01
9.5557311037e-02
8.8100215125e-02
8.1156788710e-02
7.4702374414e-02
6.8026335929e-02
6.1895702057e-02
5.6275024969e-02
5.1129487672e-02
4.5055718836e-02
3.9665619888e-02
3.4890970283e-02
3.0668285075e-02
2.5393365431e-02
2.1001603537e-02
1.7352861615e-02
1.4326668598e-02
1.2123481620e-02
1.0254856879e-02
8.6711870908e-03
7.3298666463e-03
6.0827209036e-03
5.0464992182e-03
4.1859056324e-03
3.4714266627e-03
2.7811947361e-03
2.2278688750e-03
1.7843908377e-03
1.4290102175e-03
1.0792386333e-03
8.1503935049e-04
6.1546823745e-04
4.6470520211e-04
3.1520741242e-04
2.1385105398e-04
1.4508032825e-04
9.8387004253e-05
5.3190570321e-05
2.8833622139e-05
1.5629065134e-05
8.4396038653e-06
2.6400675820e-06
8.7989119497e-07
2.9056712934e-07
9.2043615221e-08
2.8823852571e-08
9.6996444299e-09
3.4824754809e-09
2.0071929125e-09
