1.0434511038e-02
1.0594769525e-02
1.1080254145e-02
1.1905266393e-02
1.3094011172e-02
1.4645698867e-02
1.6622989420e-02
1.9079842731e-02
2.2082141931e-02
2.4909163024e-02
2.8175859539e-02
3.1933719575e-02
3.6240200412e-02
4.0132133598e-02
4.4453078653e-02
4.9241024925e-02
5.4536229334e-02
5.9789996111e-02
6.5524471244e-02
7.1772897368e-02
7.8569021056e-02
8.6106917351e-02
9.4286415313e-02
1.0314183185e-01
1.1270549446e-01
1.2267457691e-01
1.3335958053e-01
1.4477951536e-01
1.5694814011e-01
1.6870689921e-01
1.8109567365e-01
1.9410972383e-01
2.0773850788e-01
2.2089351157e-01
2.3454343660e-01
2.4866556759e-01
2.6323262785e-01
2.7987870728e-01
2.9698437695e-01
3.1449508181e-01
3.3235166523e-01
3.4944973715e-01
3.6674466919e-01
3.8418054283e-01
4.0170109472e-01
4.1941001420e-01
4.3709215772e-01
4.5469341085e-01
4.7216222057e-01
4.9235480612e-01
5.1222869207e-01
5.3171953511e-01
5.5077039536e-01
5.7101706406e-01
5.9062594776e-01
6.0955309516e-01
6.2776419134e-01
6.4589280458e-01
6.6320262890e-01
6.7968280788e-01
6.9532979286e-01
7.1030044575e-01
7.2443118221e-01
7.3773480729e-01
7.5022777179e-01
7.6339489318e-01
7.7558249446e-01
7.8682384957e-01
7.9715353245e-01
8.0805491116e-01
8.1782772755e-01
8.2652459313e-01
8.3419544761e-01
8.4207283788e-01
8.4862596066e-01
8.5391688696e-01
8.5799765524e-01
8.6118924280e-01
8.6294848378e-01
8.6329988576e-01
8.6225003291e-01
8.6031540737e-01
8.5739908611e-01
8.5347716448e-01
8.4851768266e-01
8.4340295593e-01
8.3746497831e-01
8.3067040426e-01
8.2298240203e-01
8.1536334407e-01
8.0697642969e-01
7.9779057142e-01
7.8777385475e-01
7.7799860005e-01
7.6749749806e-01
7.5624772000e-01
7.4422759512e-01
7.3157790104e-01
7.1814001929e-01
7.0390001179e-01
6.8884771762e-01
6.7313474141e-01
6.5661951500e-01
6.3930831027e-01
6.2121465610e-01
6.0481285014e-01
5.8785236252e-01
5.7035907531e-01
5.5236503386e-01
5.3576592603e-01
5.1882474363e-01
5.0157873376e-01
4.8406956259e-01
4.6711387681e-01
4.5000311463e-01
4.3278410427e-01
4.1550637475e-01
3.9559139549e-01
3.7574919547e-01
3.5606313844e-01
3.3661663517e-01
3.2041509894e-01
3.0449162997e-01
2.8889183799e-01
2.7365843021e-01
2.5778618457e-01
2.4242292151e-01
2.2760613103e-01
2.1336724011e-01
1.9852225446e-01
1.8441902234e-01
1.7107309872e-01
1.5849191494e-01
1.4633562314e-01
1.3498257208e-01
1.2441885017e-01
1.1462514736e-01
1.0562181313e-01
9.7330670319e-02
8.9722943572e-02
8.2768434130e-02
7.5702456830e-02
6.9376862057e-02
6.3749136577e-02
5.8778585396e-02
5.3339741676e-02
4.8833171830e-02
4.5196255542e-02
4.2376305501e-02
4.0098243982e-02
3.8789068535e-02
3.8422086150e-02
3.8989748856e-02
4.0105604352e-02
4.1825495021e-02
4.4170995313e-02
4.7170955741e-02
5.0218230263e-02
5.3776168965e-02
5.7872937170e-02
6.2539678205e-02
6.7331900579e-02
7.2655958645e-02
7.8540614735e-02
8.5015488024e-02
9.2545570457e-02
1.0080600811e-01
1.0983100805e-01
1.1965262502e-01
1.2934750348e-01
1.3975032206e-01
1.5087580044e-01
1.6273382825e-01
1.7478473409e-01
1.8751010949e-01
2.0090212592e-01
2.1494651361e-01
2.2816070922e-01
2.4186864230e-01
2.5604542426e-01
2.7066171300e-01
2.8866922498e-01
3.0719221678e-01
3.2615919622e-01
3.4549315852e-01
3.6243637798e-01
3.7953923927e-01
3.9674732558e-01
4.1400641636e-01
4.3211481850e-01
4.5016091310e-01
4.6808766331e-01
4.8584129138e-01
5.0561444954e-01
5.2503761411e-01
5.4405226252e-01
5.6260715449e-01
5.8632791061e-01
6.0908921129e-01
6.3082909535e-01
6.5150411817e-01
6.6825706213e-01
6.8420921482e-01
6.9935879791e-01
7.1370965592e-01
7.2803133440e-01
7.4148374433e-01
7.5408555440e-01
7.6585837556e-01
7.7822502996e-01
7.8959486537e-01
8.0000571649e-01
8.0949567774e-01
8.1978612464e-01
8.2885101482e-01
8.3675014304e-01
8.4353837249e-01
8.5029034890e-01
8.5558409185e-01
8.5947822157e-01
8.6201645317e-01
8.6319769939e-01
8.6319284361e-01
8.6200021888e-01
8.5960530808e-01
8.5651775115e-01
8.5247119063e-01
8.4743267136e-01
8.4136238715e-01
8.3550291261e-01
8.2886997540e-01
8.2143118778e-01
8.1315185001e-01
8.0501260422e-01
7.9614580072e-01
7.8652375404e-01
7.7611863260e-01
7.6567223336e-01
7.5449743355e-01
7.4257371421e-01
7.2988227144e-01
7.1504719754e-01
6.9924952168e-01
6.8247728444e-01
6.6472549597e-01
6.4930214190e-01
6.3321751538e-01
6.1648392217e-01
5.9911956784e-01
5.8140347496e-01
5.6312838755e-01
5.4433178347e-01
5.2505855094e-01
5.0866698749e-01
4.9201508371e-01
4.7514092709e-01
4.5808606306e-01
4.4026214492e-01
4.2234536849e-01
4.0439171495e-01
3.8645934238e-01
3.6853693886e-01
3.5075714572e-01
3.3318062544e-01
3.1586680074e-01
2.9996406373e-01
2.8438559621e-01
2.6917275543e-01
2.5436336374e-01
2.3870461244e-01
2.2360441340e-01
2.0909422448e-01
1.9519880435e-01
1.7844287436e-01
1.6273176277e-01
1.4807151613e-01
1.3445390761e-01
1.2369878863e-01
1.1366138997e-01
1.0431878269e-01
9.5644534171e-02
8.7163137381e-02
7.9360396199e-02
7.2198234957e-02
6.5637948351e-02
5.8398843353e-02
5.1927890698e-02
4.6158870611e-02
4.1028834372e-02
3.5137507370e-02
3.0131970325e-02
2.5901108530e-02
2.2347086777e-02
1.9243896793e-02
1.6712397852e-02
1.4682074312e-02
1.3095341339e-02
1.1905991256e-02
1.1080570052e-02
1.0594849258e-02
1.0434513554e-02
