2.6573014042e-01
2.6582767793e-01
2.6612036207e-01
2.6660840768e-01
2.6729217307e-01
2.6778207296e-01
2.6833897980e-01
2.6896303297e-01
2.6965438860e-01
2.7015787756e-01
2.7069201218e-01
2.7125685306e-01
2.7185246428e-01
2.7230587584e-01
2.7277568757e-01
2.7326192776e-01
2.7376462569e-01
2.7416818912e-01
2.7458179934e-01
2.7500547150e-01
2.7543922110e-01
2.7580679842e-01
2.7618133452e-01
2.7656283879e-01
2.7695132076e-01
2.7731650284e-01
2.7768765865e-01
2.7806479586e-01
2.7844792208e-01
2.7878075539e-01
2.7911799000e-01
2.7945963008e-01
2.7980567935e-01
2.8008145413e-01
2.8035996927e-01
2.8064122522e-01
2.8092522166e-01
2.8116293715e-01
2.8140253695e-01
2.8164401881e-01
2.8188737944e-01
2.8212526727e-01
2.8236491363e-01
2.8260631125e-01
2.8284945081e-01
2.8308693203e-01
2.8332602746e-01
2.8356672051e-01
2.8380899090e-01
2.8403355698e-01
2.8425941827e-01
2.8448654808e-01
2.8471491538e-01
2.8493567764e-01
2.8515751521e-01
2.8538038715e-01
2.8560424766e-01
2.8583627874e-01
2.8606924705e-01
2.8630308508e-01
2.8653771960e-01
2.8677071950e-01
2.8700434122e-01
2.8723849850e-01
2.8747310087e-01
2.8774106882e-01
2.8800934815e-01
2.8827778997e-01
2.8854624238e-01
2.8888528726e-01
2.8922379184e-01
2.8956144666e-01
2.8989794729e-01
2.9020437362e-01
2.9050936715e-01
2.9081271678e-01
2.9111422063e-01
2.9145138972e-01
2.9178571536e-01
2.9211695666e-01
2.9244489033e-01
2.9286400606e-01
2.9327683672e-01
2.9368302499e-01
2.9408225718e-01
2.9456582701e-01
2.9503791355e-01
2.9549815870e-01
2.9594627430e-01
2.9642289715e-01
2.9688447438e-01
2.9733084607e-01
2.9776190761e-01
2.9820090767e-01
2.9862271040e-01
2.9902733266e-01
2.9941482329e-01
2.9983740719e-01
3.0023779136e-01
3.0061614712e-01
3.0097266663e-01
3.0135684463e-01
3.0171261800e-01
3.0204034167e-01
3.0234038508e-01
3.0259475199e-01
3.0282586191e-01
3.0303404904e-01
3.0321966600e-01
3.0337825570e-01
3.0351640073e-01
3.0363450371e-01
3.0373300998e-01
3.0379972211e-01
3.0385380863e-01
3.0389561371e-01
3.0392552155e-01
3.0394093757e-01
3.0394952045e-01
3.0395152187e-01
3.0394721714e-01
3.0393836811e-01
3.0392502562e-01
3.0390743482e-01
3.0388585926e-01
3.0386149181e-01
3.0383393967e-01
3.0380349158e-01
3.0377045274e-01
3.0373795458e-01
3.0370378813e-01
3.0366822631e-01
3.0363155048e-01
3.0359627303e-01
3.0356050859e-01
3.0352450380e-01
3.0348850580e-01
3.0345682517e-01
3.0342551152e-01
3.0339473024e-01
3.0336464242e-01
3.0333280189e-01
3.0330216447e-01
3.0327291276e-01
3.0324521765e-01
3.0322060381e-01
3.0319764620e-01
3.0317645641e-01
3.0315713483e-01
3.0312953991e-01
3.0310761791e-01
3.0309162477e-01
3.0308174086e-01
3.0307837123e-01
3.0307867620e-01
3.0308265385e-01
3.0309027883e-01
3.0309933257e-01
3.0311081975e-01
3.0312468761e-01
3.0314087092e-01
3.0315806444e-01
3.0317714718e-01
3.0319803395e-01
3.0322062899e-01
3.0324538542e-01
3.0327169152e-01
3.0329941149e-01
3.0332839912e-01
3.0335979760e-01
3.0339221731e-01
3.0342546259e-01
3.0345933027e-01
3.0349629026e-01
3.0353346277e-01
3.0357057720e-01
3.0360736189e-01
3.0364842198e-01
3.0368831483e-01
3.0372665738e-01
3.0376307804e-01
3.0379814308e-01
3.0383042658e-01
3.0385957574e-01
3.0388525743e-01
3.0391035417e-01
3.0392987818e-01
3.0394340737e-01
3.0395055445e-01
3.0394908803e-01
3.0393326738e-01
3.0390230660e-01
3.0385551740e-01
3.0378022328e-01
3.0368178627e-01
3.0355948188e-01
3.0341267382e-01
3.0325010672e-01
3.0306450520e-01
3.0285546468e-01
3.0262260740e-01
3.0236974461e-01
3.0209312568e-01
3.0179243699e-01
3.0146737578e-01
3.0116828793e-01
3.0085080058e-01
3.0051474293e-01
3.0015995391e-01
2.9981522315e-01
2.9945425552e-01
2.9907696024e-01
2.9868326502e-01
2.9826365065e-01
2.9782681136e-01
2.9737276335e-01
2.9690156984e-01
2.9650630014e-01
2.9609989275e-01
2.9568247933e-01
2.9525423141e-01
2.9490192497e-01
2.9454287982e-01
2.9417725678e-01
2.9380524277e-01
2.9349301219e-01
2.9317669724e-01
2.9285645046e-01
2.9253244027e-01
2.9223894125e-01
2.9194271149e-01
2.9164390734e-01
2.9134269656e-01
2.9103639641e-01
2.9072802271e-01
2.9041778264e-01
2.9010589399e-01
2.8982829168e-01
2.8954973745e-01
2.8927040003e-01
2.8899045172e-01
2.8872964410e-01
2.8846860121e-01
2.8820746504e-01
2.8794637669e-01
2.8771889763e-01
2.8749165136e-01
2.8726472612e-01
2.8703820746e-01
2.8677911891e-01
2.8652079101e-01
2.8626333478e-01
2.8600685360e-01
2.8578817466e-01
2.8557033478e-01
2.8535338422e-01
2.8513736872e-01
2.8489971874e-01
2.8466331135e-01
2.8442819015e-01
2.8419439303e-01
2.8392149361e-01
2.8365051061e-01
2.8338148073e-01
2.8311443377e-01
2.8286622121e-01
2.8261978351e-01
2.8237513315e-01
2.8213227994e-01
2.8183660538e-01
2.8154366116e-01
2.8125345454e-01
2.8096599033e-01
2.8057911234e-01
2.8019732396e-01
2.7982062524e-01
2.7944901396e-01
2.7904596793e-01
2.7864907143e-01
2.7825831743e-01
2.7787369836e-01
2.7742461017e-01
2.7698416096e-01
2.7655233740e-01
2.7612912628e-01
2.7556147065e-01
2.7501002720e-01
2.7447476359e-01
2.7395564836e-01
2.7312908769e-01
2.7234685185e-01
2.7160881392e-01
2.7091485412e-01
2.6969681169e-01
2.6864264676e-01
2.6775171877e-01
2.6702348633e-01
2.6645738938e-01
2.6605328007e-01
2.6581091270e-01
2.6573013995e-01
