1.0253349621e-09
1.8507470740e-09
6.1658161877e-09
2.1023460664e-08
8.3506043814e-08
1.8610075609e-07
4.0921217166e-07
8.9941907094e-07
1.9962960464e-06
3.4302872661e-06
5.8827436075e-06
1.0088312644e-05
1.7325350014e-05
2.5837677717e-05
3.8515980177e-05
5.7414820611e-05
8.5613694153e-05
1.1686118208e-04
1.5949272623e-04
2.1767224905e-04
2.9709470801e-04
3.8200867462e-04
4.9115870525e-04
6.3147178573e-04
8.1185590846e-04
1.0034695492e-03
1.2402197659e-03
1.5327229019e-03
1.8940791861e-03
2.2791527442e-03
2.7422316519e-03
3.2990226138e-03
3.9683473386e-03
4.7038726715e-03
5.5747774720e-03
6.6056328170e-03
7.8253215786e-03
9.4253774192e-03
1.1347997940e-02
1.3656245856e-02
1.6424591458e-02
1.8752090682e-02
2.1400639181e-02
2.4411879545e-02
2.7832042477e-02
3.0998701947e-02
3.4509854785e-02
3.8399173049e-02
4.2702696777e-02
4.6810144995e-02
5.1286125430e-02
5.6158326010e-02
6.1455422804e-02
6.6880091681e-02
7.2736155289e-02
7.9049140714e-02
8.5844462145e-02
9.3806077130e-02
1.0239787450e-01
1.1164883991e-01
1.2158528620e-01
1.3102601452e-01
1.4104134256e-01
1.5164114971e-01
1.6283150281e-01
1.7399110108e-01
1.8568101921e-01
1.9789463253e-01
2.1062091788e-01
2.2306964185e-01
2.3594305479e-01
2.4922068052e-01
2.6287849804e-01
2.8269648096e-01
3.0312620285e-01
3.2407047925e-01
3.4542397336e-01
3.6123867851e-01
3.7716834072e-01
3.9316816772e-01
4.0919367340e-01
4.2549534119e-01
4.4173360032e-01
4.5786562092e-01
4.7385083059e-01
4.9138469887e-01
5.0864276685e-01
5.2558170092e-01
5.4216290482e-01
5.6066761559e-01
5.7861600799e-01
5.9597289142e-01
6.1271058058e-01
6.2903559636e-01
6.4468749254e-01
6.5965765445e-01
6.7394298347e-01
6.8760919801e-01
7.0059189999e-01
7.1290083727e-01
7.2454886263e-01
7.3639038976e-01
7.4750299944e-01
7.5791093169e-01
7.6764007022e-01
7.7783791543e-01
7.8724580471e-01
7.9590421873e-01
8.0385366538e-01
8.1303363918e-01
8.2120544621e-01
8.2844766150e-01
8.3483537885e-01
8.4111600068e-01
8.4649216067e-01
8.5105331680e-01
8.5488202330e-01
8.5849306748e-01
8.6133319509e-01
8.6349780284e-01
8.6507223575e-01
8.6611764059e-01
8.6673138331e-01
8.6697057640e-01
8.6688594266e-01
8.6649248590e-01
8.6583274324e-01
8.6494833250e-01
8.6387579159e-01
8.6250911783e-01
8.6098920407e-01
8.5934875897e-01
8.5761606853e-01
8.5556144837e-01
8.5344971990e-01
8.5130719828e-01
8.4915622534e-01
8.4664530499e-01
8.4417453630e-01
8.4176535541e-01
8.3943555500e-01
8.3672294144e-01
8.3417216813e-01
8.3180094586e-01
8.2962352937e-01
8.2716743145e-01
8.2505697459e-01
8.2330604465e-01
8.2192502017e-01
8.2085018195e-01
8.2022984412e-01
8.2006764450e-01
8.2036450695e-01
8.2096048913e-01
8.2187093729e-01
8.2309200695e-01
8.2461824652e-01
8.2611024474e-01
8.2780184146e-01
8.2968648258e-01
8.3175611108e-01
8.3365814282e-01
8.3568001550e-01
8.3781296870e-01
8.4004655089e-01
8.4206556500e-01
8.4414184635e-01
8.4626396173e-01
8.4841849295e-01
8.5034860747e-01
8.5227906778e-01
8.5419495601e-01
8.5607900087e-01
8.5774387944e-01
8.5934900412e-01
8.6087473456e-01
8.6229859981e-01
8.6350989107e-01
8.6458715678e-01
8.6550365986e-01
8.6622910388e-01
8.6672526859e-01
8.6696325034e-01
8.6690058660e-01
8.6648935866e-01
8.6572703786e-01
8.6454984216e-01
8.6289981287e-01
8.6071234618e-01
8.5820959769e-01
8.5514922494e-01
8.5146688894e-01
8.4709236541e-01
8.4293909621e-01
8.3822489434e-01
8.3290174650e-01
8.2691880914e-01
8.2127733392e-01
8.1508660647e-01
8.0831105366e-01
8.0091403313e-01
7.9363191033e-01
7.8577859912e-01
7.7732543596e-01
7.6824382043e-01
7.5926018912e-01
7.4969293459e-01
7.3952106592e-01
7.2872473958e-01
7.1728090671e-01
7.0517730471e-01
6.9239994071e-01
6.7893776465e-01
6.6513676668e-01
6.5067345655e-01
6.3554892111e-01
6.1976916385e-01
6.0510410495e-01
5.8993598167e-01
5.7428146018e-01
5.5816177763e-01
5.4305706466e-01
5.2760965386e-01
5.1184669265e-01
4.9579896785e-01
4.8078467917e-01
4.6558726996e-01
4.5023877335e-01
4.3477347791e-01
4.1776344060e-01
4.0070713316e-01
3.8365648715e-01
3.6666479303e-01
3.5086418959e-01
3.3520677434e-01
3.1973613310e-01
3.0449466919e-01
2.9014801312e-01
2.7608280389e-01
2.6233053034e-01
2.4892004025e-01
2.3506252497e-01
2.2164808732e-01
2.0869971835e-01
1.9623606380e-01
1.8262911915e-01
1.6968564690e-01
1.5741312439e-01
1.4581258544e-01
1.3504009491e-01
1.2490500666e-01
1.1539349930e-01
1.0648816207e-01
9.8204978414e-02
9.0479893221e-02
8.3288852493e-02
7.6606606871e-02
6.9748743144e-02
6.3450491585e-02
5.7675868529e-02
5.2389420031e-02
4.6187869509e-02
4.0680776894e-02
3.5799501488e-02
3.1480027316e-02
2.6020220802e-02
2.1481513079e-02
1.7716853385e-02
1.4599867619e-02
1.2324258533e-02
1.0398818007e-02
8.7709520373e-03
7.3955798732e-03
6.1249438486e-03
5.0712986150e-03
4.1979811578e-03
3.4743924525e-03
2.7762324769e-03
2.2180242019e-03
1.7718118865e-03
1.4151827095e-03
1.0642981371e-03
8.0037597138e-04
6.0185277742e-04
4.5251056151e-04
3.0439922660e-04
2.0481773146e-04
1.3780772504e-04
9.2681660353e-05
4.9072202729e-05
2.6064872187e-05
1.3843243442e-05
7.3194100953e-06
2.0905037452e-06
6.5460512115e-07
2.0150318047e-07
6.0517254562e-08
1.7216103000e-08
5.4146209581e-09
1.7878755005e-09
9.8767788799e-10
