4.1873584604e-01
4.1876778643e-01
4.1886358312e-01
4.1902316276e-01
4.1924640317e-01
4.1952192582e-01
4.1985633644e-01
4.2024939717e-01
4.2070082872e-01
4.2119883555e-01
4.2175210368e-01
4.2236025786e-01
4.2302288619e-01
4.2372960068e-01
4.2448844127e-01
4.2529891022e-01
4.2616047700e-01
4.2706674150e-01
4.2802233010e-01
4.2902662934e-01
4.3007899618e-01
4.3118081375e-01
4.3232949656e-01
4.3352431307e-01
4.3476450493e-01
4.3606560050e-01
4.3741156653e-01
4.3880153717e-01
4.4023462209e-01
4.4175448072e-01
4.4331806750e-01
4.4492433533e-01
4.4657221424e-01
4.4838554688e-01
4.5024416171e-01
4.5214665874e-01
4.5409161472e-01
4.5631700430e-01
4.5859171495e-01
4.6091366551e-01
4.6328075112e-01
4.6535206915e-01
4.6745386810e-01
4.6958477624e-01
4.7174341578e-01
4.7382510511e-01
4.7592952530e-01
4.7805547646e-01
4.8020175880e-01
4.8231927125e-01
4.8445396365e-01
4.8660472042e-01
4.8877043028e-01
4.9093539978e-01
4.9311295400e-01
4.9530202190e-01
4.9750154026e-01
4.9972598467e-01
5.0195889001e-01
5.0419919968e-01
5.0644586843e-01
5.0875650486e-01
5.1107164606e-01
5.1339020521e-01
5.1571111120e-01
5.1806937780e-01
5.2042789042e-01
5.2278558130e-01
5.2514140213e-01
5.2751558027e-01
5.2988577204e-01
5.3225096387e-01
5.3461016439e-01
5.3705421353e-01
5.3948968713e-01
5.4191555160e-01
5.4433080076e-01
5.4686998473e-01
5.4939510677e-01
5.5190508145e-01
5.5439885828e-01
5.5678465351e-01
5.5915360132e-01
5.6150485495e-01
5.6383759755e-01
5.6616364613e-01
5.6846941483e-01
5.7075416356e-01
5.7301718177e-01
5.7531150294e-01
5.7758161892e-01
5.7982686061e-01
5.8204658966e-01
5.8433727992e-01
5.8659881266e-01
5.8883056384e-01
5.9103194317e-01
5.9338783638e-01
5.9570657350e-01
5.9798752653e-01
6.0023010943e-01
6.0286188849e-01
6.0543710982e-01
6.0795498972e-01
6.1041481781e-01
6.1245158522e-01
6.1444592827e-01
6.1639752806e-01
6.1830609672e-01
6.2011010276e-01
6.2187343943e-01
6.2359592137e-01
6.2527738516e-01
6.2690227255e-01
6.2848665926e-01
6.3003044327e-01
6.3153353913e-01
6.3299981392e-01
6.3442505200e-01
6.3580921103e-01
6.3715226121e-01
6.3846827120e-01
6.3974223701e-01
6.4097416086e-01
6.4216405411e-01
6.4333160209e-01
6.4445568797e-01
6.4553634700e-01
6.4657362042e-01
6.4758997256e-01
6.4856101727e-01
6.4948681267e-01
6.5036741983e-01
6.5122605807e-01
6.5203703235e-01
6.5280041374e-01
6.5351627321e-01
6.5420704385e-01
6.5484708559e-01
6.5543647203e-01
6.5597527359e-01
6.5648447732e-01
6.5693855401e-01
6.5733756863e-01
6.5768157966e-01
6.5798742869e-01
6.5823104663e-01
6.5841247605e-01
6.5853174903e-01
6.5858847959e-01
6.5858497638e-01
6.5852123878e-01
6.5839725573e-01
6.5822516244e-01
6.5799946917e-01
6.5772014188e-01
6.5738713903e-01
6.5701627656e-01
6.5659569279e-01
6.5612533309e-01
6.5560513782e-01
6.5505369133e-01
6.5445536599e-01
6.5381009715e-01
6.5311781784e-01
6.5239850956e-01
6.5163450156e-01
6.5082572903e-01
6.4997212746e-01
6.4909345066e-01
6.4817173547e-01
6.4720692621e-01
6.4619897022e-01
6.4516539045e-01
6.4408997664e-01
6.4297269155e-01
6.4181350383e-01
6.4062490348e-01
6.3939521345e-01
6.3812442515e-01
6.3681253895e-01
6.3546228712e-01
6.3407113115e-01
6.3263910367e-01
6.3116625000e-01
6.2963440163e-01
6.2806088800e-01
6.2644580216e-01
6.2478925489e-01
6.2299431759e-01
6.2115342863e-01
6.1926679198e-01
6.1733463986e-01
6.1495419431e-01
6.1250898367e-01
6.0999959291e-01
6.0742668133e-01
6.0535047761e-01
6.0323551983e-01
6.0108224128e-01
5.9889111020e-01
5.9681634886e-01
5.9470961383e-01
5.9257137126e-01
5.9040211730e-01
5.8828927546e-01
5.8614878967e-01
5.8398118259e-01
5.8178700518e-01
5.7961725112e-01
5.7742323580e-01
5.7520555556e-01
5.7296483469e-01
5.7071358496e-01
5.6844085103e-01
5.6614733241e-01
5.6383375757e-01
5.6141023799e-01
5.5896678060e-01
5.5650430292e-01
5.5402375728e-01
5.5165955268e-01
5.4928090476e-01
5.4688870850e-01
5.4448388706e-01
5.4215806356e-01
5.3982229653e-01
5.3747748259e-01
5.3512454197e-01
5.3278932765e-01
5.3044801726e-01
5.2810156897e-01
5.2575096239e-01
5.2342263810e-01
5.2109221245e-01
5.1876069307e-01
5.1642910627e-01
5.1416318934e-01
5.1189917175e-01
5.0963804437e-01
5.0738081258e-01
5.0514733666e-01
5.0291970036e-01
5.0069892242e-01
4.9848603296e-01
4.9627040552e-01
4.9406486986e-01
4.9187050263e-01
4.8968838885e-01
4.8747309871e-01
4.8527290702e-01
4.8308899153e-01
4.8092253502e-01
4.7866202870e-01
4.7642357395e-01
4.7420856049e-01
4.7201837848e-01
4.6942808531e-01
4.6687784228e-01
4.6437002590e-01
4.6190699925e-01
4.5982440494e-01
4.5777822431e-01
4.5576992755e-01
4.5380096933e-01
4.5199122175e-01
4.5021851742e-01
4.4848401062e-01
4.4678883795e-01
4.4518106567e-01
4.4361246112e-01
4.4208401094e-01
4.4059668157e-01
4.3916986360e-01
4.3778491662e-01
4.3644270590e-01
4.3514407359e-01
4.3389289780e-01
4.3268668564e-01
4.3152619887e-01
4.3041217287e-01
4.2933930731e-01
4.2831484802e-01
4.2733945777e-01
4.2641376929e-01
4.2552707375e-01
4.2469262374e-01
4.2391097908e-01
4.2318266527e-01
4.2249398501e-01
4.2186199839e-01
4.2128715150e-01
4.2076985068e-01
4.2029461985e-01
4.1988201680e-01
4.1953235624e-01
4.1924590514e-01
4.1902288237e-01
4.1886345843e-01
4.1876775525e-01
4.1873584604e-01
