1.2732128592e-01
1.2738839801e-01
1.2758975782e-01
1.2792543554e-01
1.2839554728e-01
1.2897906452e-01
1.2968898144e-01
1.3052551822e-01
1.3148892842e-01
1.3256329284e-01
1.3376156615e-01
1.3508406962e-01
1.3653114344e-01
1.3810675636e-01
1.3980821618e-01
1.4163589658e-01
1.4359017170e-01
1.4573862657e-01
1.4802251369e-01
1.5044220642e-01
1.5299805114e-01
1.5606669976e-01
1.5931180187e-01
1.6273365874e-01
1.6633246799e-01
1.6981629606e-01
1.7345132751e-01
1.7723740785e-01
1.8117425936e-01
1.8493387328e-01
1.8882064884e-01
1.9283404195e-01
1.9697338901e-01
2.0102832562e-01
2.0519579645e-01
2.0947489574e-01
2.1386459962e-01
2.1829124950e-01
2.2282268860e-01
2.2745758488e-01
2.3219448288e-01
2.3700551926e-01
2.4191421904e-01
2.4691877654e-01
2.5201726032e-01
2.5692667250e-01
2.6191650903e-01
2.6698482404e-01
2.7212957367e-01
2.7731255054e-01
2.8256661700e-01
2.8788949560e-01
2.9327882272e-01
2.9893193549e-01
3.0465098199e-01
3.1043306155e-01
3.1627519175e-01
3.2259764672e-01
3.2898166979e-01
3.3542332525e-01
3.4191860215e-01
3.4923809352e-01
3.5661371908e-01
3.6403963065e-01
3.7150992695e-01
3.7795074827e-01
3.8441611415e-01
3.9090226091e-01
3.9740543117e-01
4.0368237926e-01
4.0996832220e-01
4.1625995802e-01
4.2255401554e-01
4.2883169933e-01
4.3510540415e-01
4.4137200740e-01
4.4762843781e-01
4.5402210256e-01
4.6039876120e-01
4.6675531063e-01
4.7308872213e-01
4.7978007306e-01
4.8643862975e-01
4.9306107454e-01
4.9964419978e-01
5.0717242316e-01
5.1463986691e-01
5.2204220029e-01
5.2937530088e-01
5.3616282650e-01
5.4288343019e-01
5.4953424409e-01
5.5611255960e-01
5.6277433026e-01
5.6935475396e-01
5.7585142680e-01
5.8226211104e-01
5.8912559767e-01
5.9588273920e-01
6.0253130315e-01
6.0906926499e-01
6.1787064471e-01
6.2645557233e-01
6.3482055621e-01
6.4296271708e-01
6.4903555582e-01
6.5497599299e-01
6.6078338178e-01
6.6645723662e-01
6.7183984039e-01
6.7709598325e-01
6.8222560322e-01
6.8722874703e-01
6.9211532527e-01
6.9687530435e-01
7.0150901144e-01
7.0601685195e-01
7.1047812891e-01
7.1480996894e-01
7.1901300454e-01
7.2308792260e-01
7.2715234380e-01
7.3108244580e-01
7.3487911639e-01
7.3854327587e-01
7.4221642448e-01
7.4574820664e-01
7.4913972751e-01
7.5239210185e-01
7.5566280526e-01
7.5878222437e-01
7.6175164501e-01
7.6457233608e-01
7.6741455927e-01
7.7009093194e-01
7.7260287857e-01
7.7495177239e-01
7.7731363679e-01
7.7948732231e-01
7.8147432250e-01
7.8327602937e-01
7.8502155828e-01
7.8655227581e-01
7.8786950364e-01
7.8897439326e-01
7.8994216946e-01
7.9065735203e-01
7.9112071090e-01
7.9133274747e-01
7.9130630719e-01
7.9106812525e-01
7.9061798378e-01
7.8995547225e-01
7.8913803367e-01
7.8813155422e-01
7.8693523674e-01
7.8554814263e-01
7.8408716273e-01
7.8245953462e-01
7.8066419573e-01
7.7869999198e-01
7.7670882085e-01
7.7456774530e-01
7.7227562618e-01
7.6983127024e-01
7.6737126552e-01
7.6477211555e-01
7.6203269235e-01
7.5915184138e-01
7.5625957218e-01
7.5323549562e-01
7.5007855633e-01
7.4678769513e-01
7.4348021803e-01
7.4004580993e-01
7.3648353449e-01
7.3279247193e-01
7.2906754301e-01
7.2521844058e-01
7.2124438837e-01
7.1714464681e-01
7.1297383320e-01
7.0867924812e-01
7.0426032092e-01
6.9971654017e-01
6.9501741092e-01
6.9019100585e-01
6.8523702770e-01
6.8015526916e-01
6.7464344061e-01
6.6898865665e-01
6.6319106105e-01
6.5725095281e-01
6.5085844659e-01
6.4430996374e-01
6.3760648989e-01
6.3074925926e-01
6.2474505223e-01
6.1862988853e-01
6.1240503652e-01
6.0607193041e-01
6.0002540967e-01
5.9388624959e-01
5.8765607152e-01
5.8133664610e-01
5.7506865531e-01
5.6871900688e-01
5.6228979781e-01
5.5578327616e-01
5.4875940396e-01
5.4165338790e-01
5.3446854487e-01
5.2720839822e-01
5.2080217538e-01
5.1434386429e-01
5.0783620945e-01
5.0128207558e-01
4.9506064642e-01
4.8880312529e-01
4.8251220246e-01
4.7619065743e-01
4.7000758328e-01
4.6380090922e-01
4.5757343260e-01
4.5132802071e-01
4.4507463661e-01
4.3880927187e-01
4.3253497163e-01
4.2625483529e-01
4.1974135810e-01
4.1322855320e-01
4.0672002513e-01
4.0021941713e-01
3.9269775000e-01
3.8519743748e-01
3.7772427564e-01
3.7028407348e-01
3.6356216896e-01
3.5687655497e-01
3.5023153898e-01
3.4363139398e-01
3.3747833773e-01
3.3137203379e-01
3.2531588895e-01
3.1931325270e-01
3.1363431812e-01
3.0800997140e-01
3.0244294885e-01
2.9693591807e-01
2.9148267595e-01
2.8609475309e-01
2.8077459666e-01
2.7552456840e-01
2.7010733475e-01
2.6477190989e-01
2.5952068006e-01
2.5435591649e-01
2.4917253001e-01
2.4408375011e-01
2.3909161441e-01
2.3419803039e-01
2.2936010031e-01
2.2462609336e-01
2.1999757180e-01
2.1547596727e-01
2.1082423424e-01
2.0629426586e-01
2.0188729027e-01
1.9760439031e-01
1.9306609305e-01
1.8867820232e-01
1.8444158646e-01
1.8035694363e-01
1.7619433273e-01
1.7220349237e-01
1.6838471314e-01
1.6473813087e-01
1.6163021825e-01
1.5865927102e-01
1.5582513494e-01
1.5312759558e-01
1.5063962667e-01
1.4827981927e-01
1.4604785974e-01
1.4394340982e-01
1.4197167686e-01
1.4012599304e-01
1.3840598737e-01
1.3681128843e-01
1.3532183216e-01
1.3396046682e-01
1.3272683514e-01
1.3162059917e-01
1.3061156740e-01
1.2973774744e-01
1.2899885766e-01
1.2839465415e-01
1.2792493336e-01
1.2758953469e-01
1.2738834224e-01
1.2732128592e-01
