5.1913485046e-10
1.6135003632e-10
1.0020730325e-09
2.8146170887e-09
2.6256191884e-08
7.5621356550e-08
2.0946387425e-07
5.7781588610e-07
1.6572941069e-06
3.2087935685e-06
6.1796085366e-06
1.1899689859e-05
2.3002054914e-05
3.6477236272e-05
5.7795706451e-05
9.1571351046e-05
1.4517688178e-04
2.0534058508e-04
2.9036983759e-04
4.1059070817e-04
5.8064320162e-04
7.6579527691e-04
1.0098513322e-03
1.3315602713e-03
1.7556248617e-03
2.2185783620e-03
2.8031218254e-03
3.5410125527e-03
4.4721732588e-03
5.5658913676e-03
6.9247124133e-03
8.6117688367e-03
1.0704560050e-02
1.2878033194e-02
1.5484287336e-02
1.8605816476e-02
2.2339141070e-02
2.5824292375e-02
2.9832628532e-02
3.4435822155e-02
3.9713030627e-02
4.4676965691e-02
5.0220518771e-02
5.6400514572e-02
6.3276460936e-02
7.0565796977e-02
7.8604007794e-02
8.7445957663e-02
9.7145212803e-02
1.0804256815e-01
1.1994640007e-01
1.3289951499e-01
1.4693510959e-01
1.6027414128e-01
1.7448277817e-01
1.8955601246e-01
2.0547763510e-01
2.2118427443e-01
2.3758165192e-01
2.5462673986e-01
2.7226721464e-01
2.9346518539e-01
3.1527726721e-01
3.3758302694e-01
3.6025391685e-01
3.8030571764e-01
4.0044484613e-01
4.2058216678e-01
4.4063131523e-01
4.6399241720e-01
4.8699377564e-01
5.0952362371e-01
5.3148367457e-01
5.5697491927e-01
5.8140636477e-01
6.0468817843e-01
6.2675700678e-01
6.4635338493e-01
6.6482833900e-01
6.8218018086e-01
6.9841911644e-01
7.1482225821e-01
7.2997224653e-01
7.4391355871e-01
7.5669686481e-01
7.7024374382e-01
7.8237623690e-01
7.9318845898e-01
8.0277448978e-01
8.1403672934e-01
8.2341507718e-01
8.3112006724e-01
8.3734621334e-01
8.4377012076e-01
8.4817148679e-01
8.5089350733e-01
8.5222846216e-01
8.5245414395e-01
8.5195297532e-01
8.5084356705e-01
8.4922711997e-01
8.4693570483e-01
8.4422218413e-01
8.4117003972e-01
8.3784866647e-01
8.3365722605e-01
8.2924742781e-01
8.2468149469e-01
8.2000916019e-01
8.1405905120e-01
8.0806394660e-01
8.0206958561e-01
7.9610996827e-01
7.8816168801e-01
7.8036375084e-01
7.7274256586e-01
7.6531245674e-01
7.5632657866e-01
7.4764014961e-01
7.3923405408e-01
7.3107587565e-01
7.2389588069e-01
7.1683720180e-01
7.0984636042e-01
7.0285902899e-01
6.9712167809e-01
6.9129035616e-01
6.8531409876e-01
6.7913812459e-01
6.7337986487e-01
6.6737245002e-01
6.6107504381e-01
6.5445013302e-01
6.4785347961e-01
6.4091581051e-01
6.3362809969e-01
6.2599477908e-01
6.1900524669e-01
6.1179109009e-01
6.0439341253e-01
5.9686833983e-01
5.8941941468e-01
5.8200034506e-01
5.7470865044e-01
5.6765423860e-01
5.6130261158e-01
5.5537815225e-01
5.4998899028e-01
5.4524059941e-01
5.4120001829e-01
5.3800195927e-01
5.3571993289e-01
5.3440791024e-01
5.3409094592e-01
5.3470782234e-01
5.3624468158e-01
5.3866749440e-01
5.4210734194e-01
5.4638537913e-01
5.5140599176e-01
5.5706259467e-01
5.6334541325e-01
5.7004787612e-01
5.7705308902e-01
5.8425097529e-01
5.9238654877e-01
6.0051622856e-01
6.0853969946e-01
6.1637785523e-01
6.2476174873e-01
6.3279617163e-01
6.4045382442e-01
6.4772803700e-01
6.5558446116e-01
6.6298785259e-01
6.6998605376e-01
6.7663538762e-01
6.8493366250e-01
6.9287131067e-01
7.0057645867e-01
7.0816478844e-01
7.1578686587e-01
7.2347884669e-01
7.3131165190e-01
7.3934177056e-01
7.4597736850e-01
7.5278558629e-01
7.5977795844e-01
7.6696065326e-01
7.7276340553e-01
7.7868213640e-01
7.8471066413e-01
7.9083870422e-01
7.9592552638e-01
8.0105730017e-01
8.0621851813e-01
8.1138895740e-01
8.1578367366e-01
8.2014603449e-01
8.2445092968e-01
8.2866739853e-01
8.3227822240e-01
8.3575964635e-01
8.3907391792e-01
8.4217584434e-01
8.4481426748e-01
8.4717322222e-01
8.4919267738e-01
8.5080200266e-01
8.5190210541e-01
8.5243668793e-01
8.5229893990e-01
8.5136458964e-01
8.4968218977e-01
8.4707911224e-01
8.4340980104e-01
8.3850967490e-01
8.3384775071e-01
8.2827856200e-01
8.2170547235e-01
8.1402482103e-01
8.0676703150e-01
7.9861306280e-01
7.8949533220e-01
7.7934459621e-01
7.6931402002e-01
7.5834736901e-01
7.4639533719e-01
7.3341061115e-01
7.1869047003e-01
7.0274922646e-01
6.8554944070e-01
6.6706364100e-01
6.4985031231e-01
6.3164346497e-01
6.1245351637e-01
5.9230323726e-01
5.7343800059e-01
5.5386616441e-01
5.3363564717e-01
5.1280572536e-01
4.9354675322e-01
4.7391747041e-01
4.5398582066e-01
4.3382676521e-01
4.1111332383e-01
3.8833874384e-01
3.6563009332e-01
3.4311738677e-01
3.2360350640e-01
3.0442732231e-01
2.8567079719e-01
2.6741029820e-01
2.4892112221e-01
2.3111949637e-01
2.1406355446e-01
1.9779956231e-01
1.7713115557e-01
1.5802019506e-01
1.4047930653e-01
1.2448866740e-01
1.1239150604e-01
1.0128667397e-01
9.1128808406e-02
8.1867072791e-02
7.2416805058e-02
6.3958639429e-02
5.6410988074e-02
4.9693612749e-02
4.1976763879e-02
3.5401939269e-02
2.9816830768e-02
2.5084321526e-02
2.0220352304e-02
1.6280206711e-02
1.3095254489e-02
1.0525105375e-02
8.3098197608e-03
6.5571454348e-03
5.1717911092e-03
4.0775614543e-03
3.0282045731e-03
2.2483102070e-03
1.6688639197e-03
1.2384196380e-03
8.0587299738e-04
5.2454425462e-04
3.4138544043e-04
2.2203038335e-04
1.0392450394e-04
4.9013406489e-05
2.3108588297e-05
1.0779337825e-05
1.6513288117e-06
4.6461652655e-07
9.1634394905e-08
6.8280072691e-08
1.0413387278e-08
2.9527860672e-09
6.4265670906e-10
8.6999771691e-10
