1.8238797869e-02
1.8606787129e-02
1.9724506849e-02
2.1633653633e-02
2.4404619153e-02
2.6751730065e-02
2.9552940239e-02
3.2850425777e-02
3.6692530839e-02
4.0205614063e-02
4.4135368031e-02
4.8515342299e-02
5.3381443072e-02
5.8195775255e-02
6.3461527543e-02
6.9208575192e-02
7.5467511997e-02
8.2245235047e-02
8.9592794828e-02
9.7540238924e-02
1.0611646995e-01
1.1560095789e-01
1.2580296702e-01
1.3674527060e-01
1.4844593593e-01
1.5932648384e-01
1.7080256271e-01
1.8287391702e-01
1.9553546977e-01
2.0786419725e-01
2.2068463003e-01
2.3397996534e-01
2.4772916305e-01
2.6289177023e-01
2.7850777234e-01
2.9453651059e-01
3.1093298409e-01
3.2785685640e-01
3.4505382840e-01
3.6246784535e-01
3.8004138877e-01
3.9673927847e-01
4.1347880993e-01
4.3021201632e-01
4.4689230959e-01
4.6684274149e-01
4.8657810785e-01
5.0603049188e-01
5.2513819352e-01
5.4424805695e-01
5.6288915325e-01
5.8101741640e-01
5.9859595947e-01
6.1828738752e-01
6.3716063711e-01
6.5519025277e-01
6.7236036358e-01
6.8773953891e-01
7.0234939594e-01
7.1619450266e-01
7.2928352635e-01
7.4255932440e-01
7.5498934322e-01
7.6659489173e-01
7.7739928232e-01
7.8875213533e-01
7.9913674220e-01
8.0859073952e-01
8.1715124139e-01
8.2625824657e-01
8.3419887761e-01
8.4102649702e-01
8.4678912990e-01
8.5243323990e-01
8.5662074191e-01
8.5939992352e-01
8.6080361870e-01
8.6091412248e-01
8.5996984899e-01
8.5796254487e-01
8.5487437782e-01
8.5125666583e-01
8.4676318643e-01
8.4136443854e-01
8.3502589490e-01
8.2884806961e-01
8.2193132947e-01
8.1424682998e-01
8.0576402558e-01
7.9745820287e-01
7.8846216408e-01
7.7875213081e-01
7.6830447752e-01
7.5771811122e-01
7.4643194569e-01
7.3442869377e-01
7.2169291573e-01
7.0522549869e-01
6.8764171818e-01
6.6893290971e-01
6.4910091656e-01
6.3358421064e-01
6.1746148368e-01
6.0074916935e-01
5.8346933319e-01
5.6701272621e-01
5.5012216960e-01
5.3282982268e-01
5.1517294272e-01
4.9907385465e-01
4.8275000819e-01
4.6623860318e-01
4.4957983821e-01
4.3168605690e-01
4.1372867025e-01
3.9576544893e-01
3.7785599766e-01
3.6089551332e-01
3.4409168227e-01
3.2749655752e-01
3.1116085358e-01
2.9569941313e-01
2.8056571018e-01
2.6579797513e-01
2.5143103419e-01
2.3659655362e-01
2.2228488541e-01
2.0852291270e-01
1.9533188268e-01
1.7997337571e-01
1.6551229467e-01
1.5195477497e-01
1.3929656463e-01
1.2867443979e-01
1.1875305588e-01
1.0951311479e-01
1.0093194697e-01
9.2706274132e-02
8.5130834906e-02
7.8174117486e-02
7.1803964985e-02
6.4876610711e-02
5.8695492623e-02
5.3207700877e-02
4.8363117774e-02
4.1343141609e-02
3.5906930609e-02
3.1876733672e-02
2.9114789040e-02
2.7536056309e-02
2.7045330676e-02
2.7625243263e-02
2.9296309448e-02
3.1029257496e-02
3.3291145559e-02
3.6115548912e-02
3.9543445433e-02
4.2751333713e-02
4.6404029782e-02
5.0532441602e-02
5.5170176583e-02
5.9796219645e-02
6.4889282858e-02
7.0478172048e-02
7.6592580670e-02
8.3286542736e-02
9.0570751398e-02
9.8475394793e-02
1.0702959353e-01
1.1614547511e-01
1.2594612775e-01
1.3645226375e-01
1.4768051084e-01
1.5853152702e-01
1.6999452095e-01
1.8206963160e-01
1.9475204791e-01
2.0701240595e-01
2.1977123124e-01
2.3301195737e-01
2.4671374552e-01
2.6171238159e-01
2.7716594848e-01
2.9303482385e-01
3.0927507749e-01
3.2580848851e-01
3.4261390170e-01
3.5963861101e-01
3.7682842547e-01
3.9368403402e-01
4.1059351240e-01
4.2750692774e-01
4.4437568711e-01
4.6510462764e-01
4.8561059160e-01
5.0581678191e-01
5.2565361110e-01
5.4529227106e-01
5.6443322493e-01
5.8302883528e-01
6.0103950422e-01
6.1988392016e-01
6.3797103140e-01
6.5527868956e-01
6.7179290292e-01
6.8732351755e-01
7.0207249424e-01
7.1604434302e-01
7.2924783478e-01
7.4263295636e-01
7.5515880353e-01
7.6684718654e-01
7.7772197623e-01
7.8917244774e-01
7.9963456316e-01
8.0914712845e-01
8.1774835366e-01
8.2680630620e-01
8.3469575592e-01
8.4146981860e-01
8.4717613599e-01
8.5307375269e-01
8.5730597507e-01
8.5992787887e-01
8.6097395898e-01
8.6067075621e-01
8.5932630946e-01
8.5692816186e-01
8.5345460334e-01
8.4960161425e-01
8.4491277524e-01
8.3935895996e-01
8.3290668789e-01
8.2652146317e-01
8.1939819689e-01
8.1150790875e-01
8.0282009619e-01
7.9434279833e-01
7.8517820522e-01
7.7530307008e-01
7.6469443997e-01
7.5384002694e-01
7.4227570696e-01
7.2998461335e-01
7.1695193949e-01
7.0202752730e-01
6.8621268802e-01
6.6950205535e-01
6.5189699529e-01
6.3630109773e-01
6.2008138373e-01
6.0325388136e-01
5.8584043333e-01
5.6968430279e-01
5.5310112155e-01
5.3612076217e-01
5.1877788275e-01
5.0258937115e-01
4.8616323962e-01
4.6953685079e-01
4.5275071190e-01
4.3456773034e-01
4.1630758598e-01
3.9803041415e-01
3.7979842812e-01
3.6279238091e-01
3.4593470880e-01
3.2927757185e-01
3.1287188576e-01
2.9718073317e-01
2.8181741751e-01
2.6682168986e-01
2.5222979834e-01
2.3712981922e-01
2.2256118480e-01
2.0855205948e-01
1.9512466846e-01
1.7866829036e-01
1.6322990176e-01
1.4881550839e-01
1.3541770113e-01
1.2463683231e-01
1.1458364837e-01
1.0523541378e-01
9.6565851814e-02
8.8352481151e-02
8.0788615072e-02
7.3839836868e-02
6.7471189232e-02
6.0464323205e-02
5.4200772712e-02
4.8621482318e-02
4.3670414542e-02
3.7196785478e-02
3.1900801538e-02
2.7636210837e-02
2.4280055953e-02
2.1566412646e-02
1.9695509209e-02
1.8599670308e-02
1.8238799583e-02
