2.8488289092e-01
2.8488814514e-01
2.8490390797e-01
2.8493018001e-01
2.8496696221e-01
2.8500508879e-01
2.8505032566e-01
2.8510267394e-01
2.8516213491e-01
2.8521877227e-01
2.8528063887e-01
2.8534773578e-01
2.8542006417e-01
2.8549166237e-01
2.8556774309e-01
2.8564830733e-01
2.8573335603e-01
2.8581644549e-01
2.8590341206e-01
2.8599425617e-01
2.8608897792e-01
2.8616963834e-01
2.8625291152e-01
2.8633879662e-01
2.8642729225e-01
2.8649854842e-01
2.8657140887e-01
2.8664587179e-01
2.8672193486e-01
2.8679206120e-01
2.8686348971e-01
2.8693621698e-01
2.8701023885e-01
2.8709332674e-01
2.8717797318e-01
2.8726416794e-01
2.8735189856e-01
2.8743055386e-01
2.8751038031e-01
2.8759136339e-01
2.8767348617e-01
2.8774884763e-01
2.8782511163e-01
2.8790225929e-01
2.8798026934e-01
2.8805724954e-01
2.8813500465e-01
2.8821350747e-01
2.8829272816e-01
2.8838057015e-01
2.8846919244e-01
2.8855854381e-01
2.8864856905e-01
2.8873157603e-01
2.8881505055e-01
2.8889894182e-01
2.8898319666e-01
2.8908796644e-01
2.8919309958e-01
2.8929848291e-01
2.8940400010e-01
2.8951280078e-01
2.8962148536e-01
2.8972992084e-01
2.8983797401e-01
2.8995233942e-01
2.9006596431e-01
2.9017869346e-01
2.9029037503e-01
2.9040180627e-01
2.9051187475e-01
2.9062043907e-01
2.9072736356e-01
2.9084489544e-01
2.9096003994e-01
2.9107263472e-01
2.9118252754e-01
2.9131484475e-01
2.9144253873e-01
2.9156538269e-01
2.9168317222e-01
2.9184224349e-01
2.9199018054e-01
2.9212660336e-01
2.9225120694e-01
2.9238424037e-01
2.9249979856e-01
2.9259772987e-01
2.9267800403e-01
2.9272557291e-01
2.9276381994e-01
2.9279285433e-01
2.9281282082e-01
2.9282259481e-01
2.9282644047e-01
2.9282449815e-01
2.9281692764e-01
2.9280651645e-01
2.9279247636e-01
2.9277493122e-01
2.9275401554e-01
2.9273244828e-01
2.9270838626e-01
2.9268195032e-01
2.9265326875e-01
2.9262394844e-01
2.9259283311e-01
2.9256005267e-01
2.9252574277e-01
2.9248774426e-01
2.9244835244e-01
2.9240774920e-01
2.9236612155e-01
2.9233109518e-01
2.9229560969e-01
2.9225977559e-01
2.9222370383e-01
2.9219114347e-01
2.9215856093e-01
2.9212603572e-01
2.9209364624e-01
2.9206302547e-01
2.9203266186e-01
2.9200261822e-01
2.9197295534e-01
2.9194033238e-01
2.9190833561e-01
2.9187703859e-01
2.9184651037e-01
2.9182066655e-01
2.9179549070e-01
2.9177101931e-01
2.9174728611e-01
2.9172272611e-01
2.9169908276e-01
2.9167638742e-01
2.9165466828e-01
2.9163043843e-01
2.9160762569e-01
2.9158626102e-01
2.9156637099e-01
2.9154912648e-01
2.9153320681e-01
2.9151862536e-01
2.9150539342e-01
2.9149319547e-01
2.9148244531e-01
2.9147314998e-01
2.9146531520e-01
2.9145810808e-01
2.9145284909e-01
2.9144954192e-01
2.9144818881e-01
2.9144862109e-01
2.9145058215e-01
2.9145407097e-01
2.9145908568e-01
2.9146527552e-01
2.9147284281e-01
2.9148178343e-01
2.9149209222e-01
2.9150630238e-01
2.9152247099e-01
2.9154058108e-01
2.9156061178e-01
2.9157730938e-01
2.9159511460e-01
2.9161401169e-01
2.9163398258e-01
2.9165352335e-01
2.9167395837e-01
2.9169526665e-01
2.9171742480e-01
2.9174174758e-01
2.9176695763e-01
2.9179301770e-01
2.9181988700e-01
2.9184728076e-01
2.9187537958e-01
2.9190413328e-01
2.9193348826e-01
2.9196308021e-01
2.9199314745e-01
2.9202362907e-01
2.9205446165e-01
2.9209024386e-01
2.9212629956e-01
2.9216252273e-01
2.9219880507e-01
2.9224414653e-01
2.9228918993e-01
2.9233371638e-01
2.9237750798e-01
2.9241678407e-01
2.9245510045e-01
2.9249229815e-01
2.9252822248e-01
2.9256469150e-01
2.9259939509e-01
2.9263216931e-01
2.9266285775e-01
2.9269504781e-01
2.9272413948e-01
2.9274993980e-01
2.9277226916e-01
2.9279507570e-01
2.9281188571e-01
2.9282243182e-01
2.9282647609e-01
2.9281838370e-01
2.9279123559e-01
2.9274443096e-01
2.9267754231e-01
2.9260897652e-01
2.9252717964e-01
2.9243215621e-01
2.9232397831e-01
2.9223473147e-01
2.9213831671e-01
2.9203484273e-01
2.9192444298e-01
2.9182909108e-01
2.9172931144e-01
2.9162521778e-01
2.9151693721e-01
2.9141889793e-01
2.9131786614e-01
2.9121395404e-01
2.9110728274e-01
2.9100822052e-01
2.9090709781e-01
2.9080402471e-01
2.9069911756e-01
2.9059226814e-01
2.9048382920e-01
2.9037393596e-01
2.9026272915e-01
2.9015775243e-01
2.9005187874e-01
2.8994523384e-01
2.8983794606e-01
2.8973398918e-01
2.8962967374e-01
2.8952511838e-01
2.8942044164e-01
2.8933424995e-01
2.8924812088e-01
2.8916211844e-01
2.8907630541e-01
2.8898871521e-01
2.8890145155e-01
2.8881457599e-01
2.8872814759e-01
2.8864187542e-01
2.8855616496e-01
2.8847106715e-01
2.8838662970e-01
2.8830741011e-01
2.8822885589e-01
2.8815099915e-01
2.8807386939e-01
2.8799025001e-01
2.8790756706e-01
2.8782584910e-01
2.8774512149e-01
2.8764661832e-01
2.8754970264e-01
2.8745440536e-01
2.8736075229e-01
2.8728129196e-01
2.8720308287e-01
2.8712613466e-01
2.8705045540e-01
2.8696755245e-01
2.8688624397e-01
2.8680653609e-01
2.8672843374e-01
2.8662743441e-01
2.8652926701e-01
2.8643393650e-01
2.8634144636e-01
2.8621910357e-01
2.8610212196e-01
2.8599050337e-01
2.8588424834e-01
2.8578815286e-01
2.8569690960e-01
2.8561051769e-01
2.8552897609e-01
2.8543952324e-01
2.8535673840e-01
2.8528061981e-01
2.8521116583e-01
2.8513421517e-01
2.8506753014e-01
2.8501110837e-01
2.8496494785e-01
2.8492904695e-01
2.8490340436e-01
2.8488801917e-01
2.8488289084e-01
