3.0465253033e-01
3.0465267990e-01
3.0465312854e-01
3.0465387595e-01
3.0465492168e-01
3.0465607694e-01
3.0465745813e-01
3.0465906459e-01
3.0466089555e-01
3.0466276378e-01
3.0466481790e-01
3.0466705710e-01
3.0466948046e-01
3.0467185833e-01
3.0467438876e-01
3.0467707090e-01
3.0467990382e-01
3.0468274277e-01
3.0468571687e-01
3.0468882520e-01
3.0469206678e-01
3.0469530829e-01
3.0469867111e-01
3.0470215426e-01
3.0470575670e-01
3.0470938747e-01
3.0471312990e-01
3.0471698293e-01
3.0472094547e-01
3.0472499285e-01
3.0472914623e-01
3.0473340445e-01
3.0473776629e-01
3.0474229632e-01
3.0474693041e-01
3.0475166719e-01
3.0475650525e-01
3.0476170692e-01
3.0476701756e-01
3.0477243541e-01
3.0477795866e-01
3.0478585939e-01
3.0479395765e-01
3.0480224813e-01
3.0481072535e-01
3.0481689838e-01
3.0482316193e-01
3.0482951385e-01
3.0483595198e-01
3.0484212545e-01
3.0484837233e-01
3.0485469071e-01
3.0486107862e-01
3.0486739311e-01
3.0487377038e-01
3.0488020855e-01
3.0488670569e-01
3.0489323742e-01
3.0489982387e-01
3.0490646309e-01
3.0491315312e-01
3.0491997747e-01
3.0492684981e-01
3.0493376803e-01
3.0494073003e-01
3.0494796461e-01
3.0495524126e-01
3.0496255764e-01
3.0496991135e-01
3.0497768326e-01
3.0498549103e-01
3.0499333185e-01
3.0500120290e-01
3.0500943941e-01
3.0501770250e-01
3.0502598895e-01
3.0503429553e-01
3.0504254309e-01
3.0505080410e-01
3.0505907541e-01
3.0506735388e-01
3.0507555922e-01
3.0508376545e-01
3.0509196953e-01
3.0510016841e-01
3.0510850770e-01
3.0511683527e-01
3.0512514796e-01
3.0513344260e-01
3.0514205152e-01
3.0515063396e-01
3.0515918641e-01
3.0516770539e-01
3.0517687939e-01
3.0518600583e-01
3.0519508039e-01
3.0520409882e-01
3.0521654589e-01
3.0522886485e-01
3.0524104464e-01
3.0525307436e-01
3.0526187862e-01
3.0527059047e-01
3.0527920570e-01
3.0528772018e-01
3.0529585012e-01
3.0530387850e-01
3.0531180176e-01
3.0531961639e-01
3.0532726007e-01
3.0533479011e-01
3.0534220327e-01
3.0534949639e-01
3.0535670497e-01
3.0536378596e-01
3.0537073632e-01
3.0537755310e-01
3.0538432889e-01
3.0539096128e-01
3.0539744741e-01
3.0540378448e-01
3.0541010227e-01
3.0541625879e-01
3.0542225130e-01
3.0542807715e-01
3.0543389098e-01
3.0543952317e-01
3.0544497112e-01
3.0545023229e-01
3.0545547728e-01
3.0546051710e-01
3.0546534929e-01
3.0546997148e-01
3.0547456309e-01
3.0547892172e-01
3.0548304506e-01
3.0548693096e-01
3.0549076423e-01
3.0549432969e-01
3.0549762531e-01
3.0550064917e-01
3.0550360259e-01
3.0550623621e-01
3.0550854827e-01
3.0551053725e-01
3.0551235505e-01
3.0551377658e-01
3.0551480070e-01
3.0551542659e-01
3.0551565270e-01
3.0551550395e-01
3.0551498043e-01
3.0551408256e-01
3.0551294779e-01
3.0551150765e-01
3.0550976302e-01
3.0550771499e-01
3.0550550695e-01
3.0550303148e-01
3.0550028995e-01
3.0549728389e-01
3.0549416703e-01
3.0549081192e-01
3.0548722027e-01
3.0548339392e-01
3.0547949079e-01
3.0547537385e-01
3.0547104507e-01
3.0546650653e-01
3.0546191290e-01
3.0545712662e-01
3.0545214985e-01
3.0544698485e-01
3.0544177479e-01
3.0543639062e-01
3.0543083468e-01
3.0542510939e-01
3.0541933702e-01
3.0541340688e-01
3.0540732148e-01
3.0540108341e-01
3.0539478103e-01
3.0538833523e-01
3.0538174871e-01
3.0537502424e-01
3.0536819475e-01
3.0536123420e-01
3.0535414551e-01
3.0534693169e-01
3.0533951826e-01
3.0533198342e-01
3.0532433048e-01
3.0531656279e-01
3.0530814926e-01
3.0529961316e-01
3.0529095883e-01
3.0528219067e-01
3.0527150034e-01
3.0526065979e-01
3.0524967712e-01
3.0523856058e-01
3.0522984234e-01
3.0522105244e-01
3.0521219492e-01
3.0520327387e-01
3.0519490862e-01
3.0518649517e-01
3.0517803693e-01
3.0516953732e-01
3.0516133188e-01
3.0515309451e-01
3.0514482833e-01
3.0513653649e-01
3.0512838003e-01
3.0512020491e-01
3.0511201411e-01
3.0510381067e-01
3.0509553544e-01
3.0508725356e-01
3.0507896817e-01
3.0507068239e-01
3.0506208586e-01
3.0505349581e-01
3.0504491576e-01
3.0503634923e-01
3.0502840981e-01
3.0502048789e-01
3.0501258630e-01
3.0500470784e-01
3.0499713763e-01
3.0498959403e-01
3.0498207954e-01
3.0497459665e-01
3.0496742160e-01
3.0496028039e-01
3.0495317519e-01
3.0494610822e-01
3.0493918949e-01
3.0493231198e-01
3.0492547774e-01
3.0491868881e-01
3.0491194436e-01
3.0490524929e-01
3.0489860560e-01
3.0489201528e-01
3.0488535338e-01
3.0487875104e-01
3.0487221030e-01
3.0486573315e-01
3.0485894319e-01
3.0485222918e-01
3.0484559344e-01
3.0483903824e-01
3.0483171833e-01
3.0482450770e-01
3.0481740951e-01
3.0481042685e-01
3.0480417337e-01
3.0479802040e-01
3.0479197014e-01
3.0478602474e-01
3.0478056389e-01
3.0477519822e-01
3.0476992939e-01
3.0476475902e-01
3.0475980986e-01
3.0475495743e-01
3.0475020315e-01
3.0474554838e-01
3.0474100408e-01
3.0473656152e-01
3.0473222197e-01
3.0472798667e-01
3.0472378515e-01
3.0471969406e-01
3.0471571459e-01
3.0471184790e-01
3.0470794104e-01
3.0470415901e-01
3.0470050300e-01
3.0469697416e-01
3.0469343897e-01
3.0469004379e-01
3.0468678976e-01
3.0468367797e-01
3.0468046481e-01
3.0467742145e-01
3.0467454907e-01
3.0467184878e-01
3.0466904531e-01
3.0466645792e-01
3.0466408784e-01
3.0466193619e-01
3.0465973726e-01
3.0465782876e-01
3.0465621188e-01
3.0465488761e-01
3.0465385678e-01
3.0465312001e-01
3.0465267777e-01
3.0465253033e-01
