0.0000000000e+00
4.2851268831e-03
8.5702537662e-03
1.2855380649e-02
1.7140507532e-02
2.0981933501e-02
2.4823359469e-02
2.8664785437e-02
3.2506211406e-02
3.6011093630e-02
3.9515975854e-02
4.3020858078e-02
4.6525740302e-02
4.9781719872e-02
5.3037699442e-02
5.6293679012e-02
5.9549658582e-02
6.2625343249e-02
6.5701027916e-02
6.8776712583e-02
7.1852397249e-02
7.4806110429e-02
7.7759823608e-02
8.0713536787e-02
8.3667249966e-02
8.6558428865e-02
8.9449607765e-02
9.2340786664e-02
9.5231965563e-02
9.8146600524e-02
1.0106123548e-01
1.0397587044e-01
1.0689050541e-01
1.1007947382e-01
1.1326844224e-01
1.1645741065e-01
1.1964637907e-01
1.2273373002e-01
1.2582108098e-01
1.2890843194e-01
1.3199578289e-01
1.3480891235e-01
1.3762204181e-01
1.4043517127e-01
1.4324830073e-01
1.4590454840e-01
1.4856079607e-01
1.5121704374e-01
1.5387329141e-01
1.5657917281e-01
1.5928505420e-01
1.6199093560e-01
1.6469681700e-01
1.6720035199e-01
1.6970388699e-01
1.7220742198e-01
1.7471095698e-01
1.7714820481e-01
1.7958545264e-01
1.8202270048e-01
1.8445994831e-01
1.8695323306e-01
1.8944651781e-01
1.9193980256e-01
1.9443308732e-01
1.9714915461e-01
1.9986522190e-01
2.0258128919e-01
2.0529735648e-01
2.0817626123e-01
2.1105516598e-01
2.1393407073e-01
2.1681297548e-01
2.1939076872e-01
2.2196856196e-01
2.2454635520e-01
2.2712414844e-01
2.2962138567e-01
2.3211862291e-01
2.3461586015e-01
2.3711309739e-01
2.3963722886e-01
2.4216136034e-01
2.4468549181e-01
2.4720962328e-01
2.4986192502e-01
2.5251422676e-01
2.5516652850e-01
2.5781883024e-01
2.6084668242e-01
2.6387453459e-01
2.6690238676e-01
2.6993023893e-01
2.7289100050e-01
2.7585176208e-01
2.7881252366e-01
2.8177328523e-01
2.8482811298e-01
2.8788294073e-01
2.9093776847e-01
2.9399259622e-01
2.9739279973e-01
3.0079300324e-01
3.0419320676e-01
3.0759341027e-01
3.1128787313e-01
3.1498233600e-01
3.1867679886e-01
3.2237126172e-01
3.2577808930e-01
3.2918491687e-01
3.3259174445e-01
3.3599857203e-01
3.3935800662e-01
3.4271744122e-01
3.4607687581e-01
3.4943631041e-01
3.5284979185e-01
3.5626327330e-01
3.5967675474e-01
3.6309023618e-01
3.6662092229e-01
3.7015160841e-01
3.7368229452e-01
3.7721298063e-01
3.8092369957e-01
3.8463441851e-01
3.8834513745e-01
3.9205585639e-01
3.9605224253e-01
4.0004862868e-01
4.0404501483e-01
4.0804140097e-01
4.1227989220e-01
4.1651838343e-01
4.2075687465e-01
4.2499536588e-01
4.2976339240e-01
4.3453141891e-01
4.3929944543e-01
4.4406747195e-01
4.4899592640e-01
4.5392438085e-01
4.5885283530e-01
4.6378128975e-01
4.6908150974e-01
4.7438172974e-01
4.7968194973e-01
4.8498216973e-01
4.9044781119e-01
4.9591345265e-01
5.0137909410e-01
5.0684473556e-01
5.1190925914e-01
5.1697378271e-01
5.2203830629e-01
5.2710282987e-01
5.3191473591e-01
5.3672664195e-01
5.4153854799e-01
5.4635045403e-01
5.5080233434e-01
5.5525421464e-01
5.5970609494e-01
5.6415797524e-01
5.6829331023e-01
5.7242864522e-01
5.7656398021e-01
5.8069931520e-01
5.8459386454e-01
5.8848841388e-01
5.9238296322e-01
5.9627751255e-01
5.9994646716e-01
6.0361542176e-01
6.0728437636e-01
6.1095333096e-01
6.1446191062e-01
6.1797049027e-01
6.2147906993e-01
6.2498764958e-01
6.2839072386e-01
6.3179379814e-01
6.3519687241e-01
6.3859994669e-01
6.4195832766e-01
6.4531670862e-01
6.4867508959e-01
6.5203347056e-01
6.5546630636e-01
6.5889914216e-01
6.6233197796e-01
6.6576481376e-01
6.7014864673e-01
6.7453247970e-01
6.7891631268e-01
6.8330014565e-01
6.8657018732e-01
6.8984022899e-01
6.9311027066e-01
6.9638031232e-01
6.9939541165e-01
7.0241051097e-01
7.0542561029e-01
7.0844070961e-01
7.1140648617e-01
7.1437226273e-01
7.1733803928e-01
7.2030381584e-01
7.2324819173e-01
7.2619256762e-01
7.2913694350e-01
7.3208131939e-01
7.3471973762e-01
7.3735815585e-01
7.3999657407e-01
7.4263499230e-01
7.4515671545e-01
7.4767843859e-01
7.5020016174e-01
7.5272188489e-01
7.5521615328e-01
7.5771042166e-01
7.6020469005e-01
7.6269895844e-01
7.6528943742e-01
7.6787991640e-01
7.7047039538e-01
7.7306087435e-01
7.7684306867e-01
7.8062526299e-01
7.8440745730e-01
7.8818965162e-01
7.9080246431e-01
7.9341527701e-01
7.9602808970e-01
7.9864090239e-01
8.0110056709e-01
8.0356023178e-01
8.0601989647e-01
8.0847956116e-01
8.1092259266e-01
8.1336562416e-01
8.1580865566e-01
8.1825168715e-01
8.2080118763e-01
8.2335068812e-01
8.2590018860e-01
8.2844968908e-01
8.3108421058e-01
8.3371873207e-01
8.3635325357e-01
8.3898777506e-01
8.4170409166e-01
8.4442040827e-01
8.4713672487e-01
8.4985304147e-01
8.5275753519e-01
8.5566202891e-01
8.5856652263e-01
8.6147101635e-01
8.6530341261e-01
8.6913580888e-01
8.7296820515e-01
8.7680060142e-01
8.7976233652e-01
8.8272407163e-01
8.8568580673e-01
8.8864754184e-01
8.9153502368e-01
8.9442250552e-01
8.9730998736e-01
9.0019746921e-01
9.0312121876e-01
9.0604496831e-01
9.0896871786e-01
9.1189246742e-01
9.1492203624e-01
9.1795160507e-01
9.2098117390e-01
9.2401074273e-01
9.2721206221e-01
9.3041338168e-01
9.3361470116e-01
9.3681602063e-01
9.4026786184e-01
9.4371970306e-01
9.4717154427e-01
9.5062338548e-01
9.5443029410e-01
9.5823720272e-01
9.6204411134e-01
9.6585101996e-01
9.7011964247e-01
9.7438826497e-01
9.7865688748e-01
9.8292550998e-01
9.8719413249e-01
9.9146275499e-01
9.9573137750e-01
1.0000000000e+00
