2.8516610348e-01
2.8517082782e-01
2.8518500098e-01
2.8520862343e-01
2.8524169595e-01
2.8527641365e-01
2.8531767395e-01
2.8536547779e-01
2.8541982624e-01
2.8547226330e-01
2.8552962507e-01
2.8559191247e-01
2.8565912649e-01
2.8572799853e-01
2.8580137603e-01
2.8587925989e-01
2.8596165088e-01
2.8603699999e-01
2.8611576156e-01
2.8619793571e-01
2.8628352223e-01
2.8635610823e-01
2.8643097897e-01
2.8650813347e-01
2.8658757030e-01
2.8665399515e-01
2.8672193304e-01
2.8679138204e-01
2.8686233971e-01
2.8692903625e-01
2.8699700740e-01
2.8706624948e-01
2.8713675804e-01
2.8722642699e-01
2.8731804296e-01
2.8741158968e-01
2.8750704689e-01
2.8757982770e-01
2.8765365528e-01
2.8772851515e-01
2.8780439062e-01
2.8787473944e-01
2.8794590716e-01
2.8801787514e-01
2.8809062262e-01
2.8816823448e-01
2.8824665922e-01
2.8832586376e-01
2.8840581182e-01
2.8848608035e-01
2.8856700406e-01
2.8864853763e-01
2.8873063258e-01
2.8881166416e-01
2.8889313517e-01
2.8897499180e-01
2.8905717797e-01
2.8915341404e-01
2.8924992383e-01
2.8934660888e-01
2.8944336842e-01
2.8955268363e-01
2.8966181335e-01
2.8977060720e-01
2.8987891503e-01
2.8998709671e-01
2.9009448812e-01
2.9020094301e-01
2.9030631864e-01
2.9041390217e-01
2.9052003808e-01
2.9062458438e-01
2.9072740513e-01
2.9084080298e-01
2.9095168080e-01
2.9105987479e-01
2.9116523177e-01
2.9129631286e-01
2.9142219039e-01
2.9154261450e-01
2.9165736222e-01
2.9180959181e-01
2.9194960155e-01
2.9207700939e-01
2.9219151964e-01
2.9230271017e-01
2.9239773942e-01
2.9247653581e-01
2.9253913411e-01
2.9257412578e-01
2.9260094265e-01
2.9261969918e-01
2.9263053981e-01
2.9263364220e-01
2.9263169074e-01
2.9262481214e-01
2.9261314878e-01
2.9259935863e-01
2.9258223497e-01
2.9256189938e-01
2.9253848332e-01
2.9251484367e-01
2.9248892493e-01
2.9246084477e-01
2.9243072766e-01
2.9239923183e-01
2.9236602202e-01
2.9233123549e-01
2.9229501518e-01
2.9225886145e-01
2.9222164938e-01
2.9218352018e-01
2.9214461825e-01
2.9210854113e-01
2.9207205550e-01
2.9203527544e-01
2.9199831522e-01
2.9196619051e-01
2.9193408974e-01
2.9190208578e-01
2.9187025028e-01
2.9183909409e-01
2.9180823530e-01
2.9177773729e-01
2.9174766117e-01
2.9171683187e-01
2.9168658739e-01
2.9165698741e-01
2.9162808796e-01
2.9160209217e-01
2.9157677544e-01
2.9155217320e-01
2.9152831817e-01
2.9150365165e-01
2.9147990860e-01
2.9145711919e-01
2.9143531045e-01
2.9140815308e-01
2.9138278212e-01
2.9135923796e-01
2.9133755446e-01
2.9132103746e-01
2.9130582741e-01
2.9129193565e-01
2.9127937172e-01
2.9126753656e-01
2.9125720364e-01
2.9124837933e-01
2.9124106870e-01
2.9123436823e-01
2.9122980556e-01
2.9122738390e-01
2.9122710489e-01
2.9122852135e-01
2.9123144195e-01
2.9123586528e-01
2.9124178915e-01
2.9124884084e-01
2.9125725357e-01
2.9126702296e-01
2.9127814361e-01
2.9129260525e-01
2.9130883554e-01
2.9132681943e-01
2.9134653862e-01
2.9136373874e-01
2.9138204556e-01
2.9140144327e-01
2.9142191371e-01
2.9144177006e-01
2.9146250679e-01
2.9148410328e-01
2.9150653660e-01
2.9153116900e-01
2.9155667749e-01
2.9158302540e-01
2.9161017262e-01
2.9163771245e-01
2.9166594329e-01
2.9169481640e-01
2.9172427983e-01
2.9175411807e-01
2.9178442860e-01
2.9181515148e-01
2.9184622425e-01
2.9188198743e-01
2.9191802190e-01
2.9195422576e-01
2.9199049489e-01
2.9203289938e-01
2.9207507656e-01
2.9211685409e-01
2.9215806007e-01
2.9219768525e-01
2.9223644156e-01
2.9227417454e-01
2.9231073356e-01
2.9234750080e-01
2.9238266740e-01
2.9241607884e-01
2.9244758726e-01
2.9248073728e-01
2.9251108303e-01
2.9253844378e-01
2.9256265061e-01
2.9258813051e-01
2.9260820732e-01
2.9262263023e-01
2.9263117454e-01
2.9263290043e-01
2.9262233579e-01
2.9259910174e-01
2.9256290050e-01
2.9251102448e-01
2.9244460643e-01
2.9236356755e-01
2.9226791485e-01
2.9218761574e-01
2.9209940306e-01
2.9200337461e-01
2.9189965737e-01
2.9181003294e-01
2.9171555694e-01
2.9161634333e-01
2.9151252124e-01
2.9141958745e-01
2.9132344930e-01
2.9122421826e-01
2.9112201536e-01
2.9102753277e-01
2.9093084808e-01
2.9083207039e-01
2.9073131545e-01
2.9063136488e-01
2.9052977256e-01
2.9042666325e-01
2.9032216716e-01
2.9021779256e-01
2.9011233347e-01
2.9000592868e-01
2.8989872052e-01
2.8980229886e-01
2.8970545628e-01
2.8960829895e-01
2.8951093340e-01
2.8942584875e-01
2.8934075688e-01
2.8925572739e-01
2.8917082884e-01
2.8908857037e-01
2.8900655884e-01
2.8892485257e-01
2.8884350789e-01
2.8875792999e-01
2.8867287826e-01
2.8858841061e-01
2.8850458155e-01
2.8842773915e-01
2.8835152293e-01
2.8827596769e-01
2.8820110556e-01
2.8812283523e-01
2.8804540236e-01
2.8796883556e-01
2.8789316047e-01
2.8780018373e-01
2.8770866441e-01
2.8761863559e-01
2.8753012529e-01
2.8745228747e-01
2.8737569678e-01
2.8730036523e-01
2.8722630290e-01
2.8714899780e-01
2.8707314395e-01
2.8699874823e-01
2.8692581623e-01
2.8682956535e-01
2.8673600579e-01
2.8664514395e-01
2.8655698448e-01
2.8643010136e-01
2.8630928508e-01
2.8619453945e-01
2.8608586610e-01
2.8599576357e-01
2.8591030947e-01
2.8582950317e-01
2.8575334387e-01
2.8567127754e-01
2.8559538971e-01
2.8552567897e-01
2.8546214393e-01
2.8539275038e-01
2.8533261377e-01
2.8528173220e-01
2.8524010405e-01
2.8520772798e-01
2.8518460297e-01
2.8517072826e-01
2.8516610341e-01
