0.0000000000e+00
1.7497485526e-02
3.4994971052e-02
5.2492456577e-02
6.9989942103e-02
7.9182801752e-02
8.8375661402e-02
9.7568521051e-02
1.0676138070e-01
1.1260035375e-01
1.1843932681e-01
1.2427829986e-01
1.3011727292e-01
1.3420028761e-01
1.3828330231e-01
1.4236631700e-01
1.4644933170e-01
1.4952097980e-01
1.5259262790e-01
1.5566427600e-01
1.5873592410e-01
1.6119873882e-01
1.6366155353e-01
1.6612436825e-01
1.6858718296e-01
1.7068451421e-01
1.7278184546e-01
1.7487917671e-01
1.7697650796e-01
1.7948713309e-01
1.8199775822e-01
1.8450838336e-01
1.8701900849e-01
1.8860456632e-01
1.9019012415e-01
1.9177568199e-01
1.9336123982e-01
1.9456318867e-01
1.9576513752e-01
1.9696708637e-01
1.9816903522e-01
1.9926745424e-01
2.0036587326e-01
2.0146429228e-01
2.0256271130e-01
2.0386309043e-01
2.0516346957e-01
2.0646384870e-01
2.0776422783e-01
2.0874660563e-01
2.0972898342e-01
2.1071136122e-01
2.1169373902e-01
2.1264831235e-01
2.1360288568e-01
2.1455745901e-01
2.1551203234e-01
2.1670463946e-01
2.1789724658e-01
2.1908985370e-01
2.2028246081e-01
2.2125411951e-01
2.2222577821e-01
2.2319743691e-01
2.2416909561e-01
2.2535385055e-01
2.2653860549e-01
2.2772336043e-01
2.2890811537e-01
2.3052175598e-01
2.3213539659e-01
2.3374903720e-01
2.3536267781e-01
2.3665712685e-01
2.3795157588e-01
2.3924602492e-01
2.4054047396e-01
2.4200889045e-01
2.4347730694e-01
2.4494572343e-01
2.4641413992e-01
2.4824562655e-01
2.5007711318e-01
2.5190859981e-01
2.5374008644e-01
2.5600634401e-01
2.5827260158e-01
2.6053885916e-01
2.6280511673e-01
2.6536868723e-01
2.6793225772e-01
2.7049582822e-01
2.7305939871e-01
2.7572684518e-01
2.7839429165e-01
2.8106173812e-01
2.8372918458e-01
2.8678609645e-01
2.8984300832e-01
2.9289992018e-01
2.9595683205e-01
2.9966271023e-01
3.0336858842e-01
3.0707446660e-01
3.1078034478e-01
3.1553094268e-01
3.2028154057e-01
3.2503213846e-01
3.2978273635e-01
3.3574186204e-01
3.4170098773e-01
3.4766011342e-01
3.5361923911e-01
3.6073133822e-01
3.6784343733e-01
3.7495553644e-01
3.8206763555e-01
3.8698339556e-01
3.9189915556e-01
3.9681491557e-01
4.0173067557e-01
4.0562182524e-01
4.0951297492e-01
4.1340412459e-01
4.1729527426e-01
4.2066377887e-01
4.2403228349e-01
4.2740078810e-01
4.3076929271e-01
4.3499444278e-01
4.3921959285e-01
4.4344474291e-01
4.4766989298e-01
4.5050486172e-01
4.5333983046e-01
4.5617479920e-01
4.5900976795e-01
4.6162920221e-01
4.6424863647e-01
4.6686807073e-01
4.6948750499e-01
4.7213659055e-01
4.7478567610e-01
4.7743476165e-01
4.8008384720e-01
4.8262501220e-01
4.8516617720e-01
4.8770734220e-01
4.9024850720e-01
4.9290154226e-01
4.9555457731e-01
4.9820761237e-01
5.0086064743e-01
5.0338477722e-01
5.0590890701e-01
5.0843303681e-01
5.1095716660e-01
5.1369582454e-01
5.1643448248e-01
5.1917314042e-01
5.2191179836e-01
5.2454826868e-01
5.2718473899e-01
5.2982120931e-01
5.3245767962e-01
5.3542467579e-01
5.3839167197e-01
5.4135866814e-01
5.4432566431e-01
5.4796971903e-01
5.5161377376e-01
5.5525782849e-01
5.5890188322e-01
5.6241843869e-01
5.6593499416e-01
5.6945154963e-01
5.7296810510e-01
5.7733180210e-01
5.8169549910e-01
5.8605919611e-01
5.9042289311e-01
5.9584122566e-01
6.0125955820e-01
6.0667789075e-01
6.1209622330e-01
6.1796238128e-01
6.2382853926e-01
6.2969469723e-01
6.3556085521e-01
6.4117832577e-01
6.4679579632e-01
6.5241326688e-01
6.5803073743e-01
6.6246166517e-01
6.6689259291e-01
6.7132352064e-01
6.7575444838e-01
6.7939289492e-01
6.8303134146e-01
6.8666978800e-01
6.9030823453e-01
6.9340561581e-01
6.9650299708e-01
6.9960037835e-01
7.0269775962e-01
7.0542512076e-01
7.0815248189e-01
7.1087984303e-01
7.1360720417e-01
7.1613790347e-01
7.1866860278e-01
7.2119930209e-01
7.2373000139e-01
7.2638303892e-01
7.2903607645e-01
7.3168911398e-01
7.3434215150e-01
7.3646616119e-01
7.3859017088e-01
7.4071418057e-01
7.4283819026e-01
7.4447888437e-01
7.4611957848e-01
7.4776027259e-01
7.4940096670e-01
7.5080020742e-01
7.5219944813e-01
7.5359868885e-01
7.5499792957e-01
7.5626738391e-01
7.5753683824e-01
7.5880629257e-01
7.6007574691e-01
7.6158791294e-01
7.6310007897e-01
7.6461224501e-01
7.6612441104e-01
7.6723326774e-01
7.6834212443e-01
7.6945098113e-01
7.7055983782e-01
7.7154696861e-01
7.7253409939e-01
7.7352123017e-01
7.7450836096e-01
7.7546444858e-01
7.7642053621e-01
7.7737662384e-01
7.7833271146e-01
7.7931101337e-01
7.8028931527e-01
7.8126761718e-01
7.8224591908e-01
7.8319311296e-01
7.8414030684e-01
7.8508750072e-01
7.8603469459e-01
7.8708225587e-01
7.8812981716e-01
7.8917737844e-01
7.9022493972e-01
7.9134023973e-01
7.9245553974e-01
7.9357083975e-01
7.9468613975e-01
7.9581600836e-01
7.9694587696e-01
7.9807574557e-01
7.9920561418e-01
8.0066282238e-01
8.0212003058e-01
8.0357723879e-01
8.0503444699e-01
8.0759978583e-01
8.1016512466e-01
8.1273046349e-01
8.1529580233e-01
8.1744046888e-01
8.1958513542e-01
8.2172980197e-01
8.2387446852e-01
8.2653873529e-01
8.2920300207e-01
8.3186726885e-01
8.3453153562e-01
8.3837086114e-01
8.4221018666e-01
8.4604951218e-01
8.4988883770e-01
8.5670906403e-01
8.6352929037e-01
8.7034951671e-01
8.7716974304e-01
8.9251753340e-01
9.0786532377e-01
9.2321311413e-01
9.3856090450e-01
9.5392067837e-01
9.6928045225e-01
9.8464022612e-01
1.0000000000e+00
