2.8929205087e-01
2.8929300423e-01
2.8929586409e-01
2.8930062980e-01
2.8930730021e-01
2.8931452620e-01
2.8932314672e-01
2.8933315999e-01
2.8934456373e-01
2.8935627251e-01
2.8936915158e-01
2.8938319776e-01
2.8939840722e-01
2.8941596727e-01
2.8943484771e-01
2.8945504057e-01
2.8947653635e-01
2.8949705708e-01
2.8951862135e-01
2.8954121790e-01
2.8956483377e-01
2.8958919077e-01
2.8961451479e-01
2.8964078712e-01
2.8966798661e-01
2.8969283540e-01
2.8971837475e-01
2.8974458450e-01
2.8977144262e-01
2.8980651547e-01
2.8984254479e-01
2.8987947108e-01
2.8991722945e-01
2.8994836698e-01
2.8997996447e-01
2.9001198002e-01
2.9004436975e-01
2.9007990150e-01
2.9011575926e-01
2.9015187996e-01
2.9018819859e-01
2.9022787073e-01
2.9026761067e-01
2.9030732937e-01
2.9034693683e-01
2.9039672785e-01
2.9044601309e-01
2.9049461072e-01
2.9054234131e-01
2.9058426334e-01
2.9062522250e-01
2.9066509823e-01
2.9070377373e-01
2.9074346115e-01
2.9078153362e-01
2.9081786698e-01
2.9085234318e-01
2.9088913103e-01
2.9092322164e-01
2.9095447170e-01
2.9098274860e-01
2.9101264546e-01
2.9103787451e-01
2.9105826530e-01
2.9107366846e-01
2.9108562098e-01
2.9108956463e-01
2.9108534400e-01
2.9107284793e-01
2.9105408662e-01
2.9102830757e-01
2.9099552055e-01
2.9095576566e-01
2.9091481061e-01
2.9086851856e-01
2.9081697862e-01
2.9076029994e-01
2.9071041833e-01
2.9065729271e-01
2.9060101317e-01
2.9054167956e-01
2.9048641794e-01
2.9042891008e-01
2.9036924636e-01
2.9030752361e-01
2.9024826342e-01
2.9018739441e-01
2.9012500978e-01
2.9006120743e-01
2.8998793345e-01
2.8991314997e-01
2.8983701530e-01
2.8975969365e-01
2.8969613109e-01
2.8963199011e-01
2.8956736523e-01
2.8950235220e-01
2.8943962544e-01
2.8937671549e-01
2.8931370811e-01
2.8925068856e-01
2.8919665036e-01
2.8914271794e-01
2.8908894292e-01
2.8903537579e-01
2.8897979703e-01
2.8892455174e-01
2.8886969191e-01
2.8881526736e-01
2.8876261642e-01
2.8871046718e-01
2.8865885917e-01
2.8860782948e-01
2.8855958719e-01
2.8851193405e-01
2.8846489621e-01
2.8841849778e-01
2.8836947829e-01
2.8832124436e-01
2.8827381845e-01
2.8822722070e-01
2.8816144137e-01
2.8809747235e-01
2.8803535288e-01
2.8797511546e-01
2.8793103556e-01
2.8788804643e-01
2.8784615616e-01
2.8780537161e-01
2.8776234994e-01
2.8772064469e-01
2.8768026100e-01
2.8764120313e-01
2.8759223911e-01
2.8754554430e-01
2.8750112339e-01
2.8745897994e-01
2.8740353069e-01
2.8735260294e-01
2.8730620013e-01
2.8726432441e-01
2.8722962051e-01
2.8719879193e-01
2.8717183902e-01
2.8714876192e-01
2.8712774236e-01
2.8711146906e-01
2.8709994197e-01
2.8709316103e-01
2.8709111419e-01
2.8709320338e-01
2.8709942859e-01
2.8710978988e-01
2.8712370473e-01
2.8714146871e-01
2.8716308184e-01
2.8718854409e-01
2.8721510928e-01
2.8724487290e-01
2.8727783461e-01
2.8731399386e-01
2.8734639620e-01
2.8738099507e-01
2.8741778947e-01
2.8745677801e-01
2.8748975407e-01
2.8752414934e-01
2.8755996226e-01
2.8759719088e-01
2.8763204362e-01
2.8766804793e-01
2.8770520117e-01
2.8774350013e-01
2.8778421336e-01
2.8782613721e-01
2.8786926566e-01
2.8791359151e-01
2.8795681989e-01
2.8800111346e-01
2.8804646214e-01
2.8809285419e-01
2.8813695813e-01
2.8818194163e-01
2.8822779043e-01
2.8827448840e-01
2.8831805900e-01
2.8836231343e-01
2.8840723444e-01
2.8845280310e-01
2.8850760355e-01
2.8856324614e-01
2.8861968923e-01
2.8867688737e-01
2.8872750153e-01
2.8877862039e-01
2.8883020637e-01
2.8888221980e-01
2.8893619459e-01
2.8899053086e-01
2.8904517894e-01
2.8910008733e-01
2.8916237784e-01
2.8922485404e-01
2.8928743526e-01
2.8935003934e-01
2.8944870226e-01
2.8954688411e-01
2.8964425455e-01
2.8974048654e-01
2.8981019650e-01
2.8987899676e-01
2.8994676688e-01
2.9001339008e-01
2.9008231141e-01
2.9014970333e-01
2.9021544425e-01
2.9027941843e-01
2.9034972295e-01
2.9041746170e-01
2.9048249442e-01
2.9054469113e-01
2.9061608488e-01
2.9068294633e-01
2.9074510374e-01
2.9080240628e-01
2.9086685889e-01
2.9092335246e-01
2.9097172336e-01
2.9101185296e-01
2.9104162029e-01
2.9106421794e-01
2.9107965099e-01
2.9108795603e-01
2.9108944031e-01
2.9108568916e-01
2.9107678480e-01
2.9106282822e-01
2.9104736807e-01
2.9102854064e-01
2.9100643653e-01
2.9098115638e-01
2.9095607137e-01
2.9092864257e-01
2.9089896163e-01
2.9086712683e-01
2.9083574199e-01
2.9080268084e-01
2.9076803726e-01
2.9073190989e-01
2.9069030036e-01
2.9064714497e-01
2.9060259665e-01
2.9055681415e-01
2.9051801970e-01
2.9047858486e-01
2.9043860738e-01
2.9039818643e-01
2.9035828273e-01
2.9031814458e-01
2.9027786654e-01
2.9023754277e-01
2.9020379188e-01
2.9017012858e-01
2.9013660616e-01
2.9010327681e-01
2.9006892039e-01
2.9003488251e-01
2.9000121660e-01
2.8996797394e-01
2.8993550307e-01
2.8990354113e-01
2.8987213096e-01
2.8984131283e-01
2.8981279433e-01
2.8978486669e-01
2.8975755733e-01
2.8973089165e-01
2.8970294756e-01
2.8967580210e-01
2.8964947928e-01
2.8962400072e-01
2.8958746896e-01
2.8955292946e-01
2.8952042917e-01
2.8949000686e-01
2.8946924734e-01
2.8944960917e-01
2.8943110097e-01
2.8941373008e-01
2.8939630585e-01
2.8938021378e-01
2.8936545930e-01
2.8935204694e-01
2.8933800075e-01
2.8932581932e-01
2.8931550647e-01
2.8930706514e-01
2.8930049756e-01
2.8929580533e-01
2.8929298958e-01
2.8929205092e-01
