7.0032396279e-04
7.2687689513e-04
8.0851047350e-04
9.5139628483e-04
1.1663673193e-03
1.4145537450e-03
1.7381692224e-03
2.1543910831e-03
2.6852755175e-03
3.2676665244e-03
3.9832989781e-03
4.8609743145e-03
5.9358286253e-03
7.2896086310e-03
8.9523684004e-03
1.0992381292e-02
1.3492268231e-02
1.5818701529e-02
1.8538233278e-02
2.1713828281e-02
2.5417279437e-02
2.8868195164e-02
3.2768989952e-02
3.7172763184e-02
4.2137266946e-02
4.6844022207e-02
5.2041606538e-02
5.7772876567e-02
6.4082457201e-02
7.0643465235e-02
7.7806144500e-02
8.5610517604e-02
9.4096016610e-02
1.0428841386e-01
1.1540313756e-01
1.2748266508e-01
1.4056234723e-01
1.5227161040e-01
1.6470641197e-01
1.7786978962e-01
1.9175774129e-01
2.0519654470e-01
2.1922635624e-01
2.3382576519e-01
2.4896723446e-01
2.6586602127e-01
2.8330652328e-01
3.0123205418e-01
3.1957973629e-01
3.3766725344e-01
3.5602105708e-01
3.7457388801e-01
3.9325741671e-01
4.1203106870e-01
4.3079983542e-01
4.4949851940e-01
4.6806494707e-01
4.8915897337e-01
5.0991982011e-01
5.3027430766e-01
5.5015801023e-01
5.7293523040e-01
5.9490521166e-01
6.1600912277e-01
6.3620343733e-01
6.5485585321e-01
6.7261283915e-01
6.8946827390e-01
7.0542427757e-01
7.2115647646e-01
7.3593252177e-01
7.4977499562e-01
7.6271077348e-01
7.7626874151e-01
7.8875532070e-01
8.0021933283e-01
8.1071055045e-01
8.2265524855e-01
8.3322365158e-01
8.4250939256e-01
8.5060030299e-01
8.6032427614e-01
8.6794556307e-01
8.7364259637e-01
8.7755700703e-01
8.7980544380e-01
8.8041496911e-01
8.7941609700e-01
8.7680140938e-01
8.7377556158e-01
8.6979525508e-01
8.6481680770e-01
8.5878521359e-01
8.5295544430e-01
8.4631757679e-01
8.3882387021e-01
8.3042211984e-01
8.2230899002e-01
8.1342284011e-01
8.0372259178e-01
7.9316608049e-01
7.8285316621e-01
7.7177461440e-01
7.5989985070e-01
7.4719970647e-01
7.3362597391e-01
7.1917305683e-01
7.0382094641e-01
6.8755485864e-01
6.7155403481e-01
6.5475020782e-01
6.3714972253e-01
6.1876696780e-01
6.0042696225e-01
5.8141860188e-01
5.6178073476e-01
5.4156220885e-01
5.2423832713e-01
5.0658969523e-01
4.8866213081e-01
4.7050655663e-01
4.5192284230e-01
4.3322490155e-01
4.1447952749e-01
3.9575673471e-01
3.7708180831e-01
3.5857645698e-01
3.4031471891e-01
3.2236935334e-01
3.0566724983e-01
2.8937184731e-01
2.7353635481e-01
2.5820927528e-01
2.4228039311e-01
2.2704130030e-01
2.1253051625e-01
1.9877825803e-01
1.8230186821e-01
1.6713389390e-01
1.5328373118e-01
1.4074495864e-01
1.3117676849e-01
1.2251047990e-01
1.1472578576e-01
1.0780021773e-01
1.0135471738e-01
9.5825107384e-02
9.1184701562e-02
8.7409162689e-02
8.4134376805e-02
8.1930150505e-02
8.0779003026e-02
8.0671572451e-02
8.1425330844e-02
8.2971745135e-02
8.5320213483e-02
8.8484613671e-02
9.2234815344e-02
9.6745570998e-02
1.0203724017e-01
1.0813184950e-01
1.1692905747e-01
1.2706585101e-01
1.3858382613e-01
1.5151775245e-01
1.6199681341e-01
1.7326695027e-01
1.8532752816e-01
1.9817175937e-01
2.1092132758e-01
2.2433132562e-01
2.3837834742e-01
2.5303274394e-01
2.6903420723e-01
2.8561694656e-01
3.0272547318e-01
3.2029826163e-01
3.3829708175e-01
3.5662367199e-01
3.7520434151e-01
3.9396395500e-01
4.1245476191e-01
4.3097514236e-01
4.4945728060e-01
4.6783632921e-01
4.8924723478e-01
5.1033920772e-01
5.3102990512e-01
5.5124688461e-01
5.7295670492e-01
5.9394293323e-01
6.1415033430e-01
6.3353718768e-01
6.5224090354e-01
6.7006059391e-01
6.8698774528e-01
7.0302259092e-01
7.1875943858e-01
7.3355537191e-01
7.4743169148e-01
7.6041417353e-01
7.7411557126e-01
7.8674742478e-01
7.9835826441e-01
8.0899761937e-01
8.2108794741e-01
8.3181283544e-01
8.4126371397e-01
8.4952578420e-01
8.5873112225e-01
8.6616106669e-01
8.7194475472e-01
8.7618335935e-01
8.7911556550e-01
8.8037214653e-01
8.7996675591e-01
8.7787253069e-01
8.7527373465e-01
8.7172112864e-01
8.6716467005e-01
8.6154311617e-01
8.5606007740e-01
8.4975900700e-01
8.4258907093e-01
8.3449489616e-01
8.2671763116e-01
8.1816656531e-01
8.0879952523e-01
7.9857313284e-01
7.8851966864e-01
7.7769040160e-01
7.6605303056e-01
7.5357641912e-01
7.4055442133e-01
7.2667929080e-01
7.1192958019e-01
6.9628813932e-01
6.7981452858e-01
6.6243960507e-01
6.4416585871e-01
6.2500478040e-01
6.0760274025e-01
5.8956493318e-01
5.7092031986e-01
5.5170576236e-01
5.3421815557e-01
5.1635469048e-01
4.9815808829e-01
4.7967644274e-01
4.6144256763e-01
4.4304241717e-01
4.2453371269e-01
4.0597752494e-01
3.8577823532e-01
3.6568319658e-01
3.4577818345e-01
3.2614833705e-01
3.0905105519e-01
2.9229012057e-01
2.7591723007e-01
2.5997994031e-01
2.4312697796e-01
2.2689242957e-01
2.1131629513e-01
1.9643004273e-01
1.7961745343e-01
1.6384032372e-01
1.4910596585e-01
1.3540738718e-01
1.2383900201e-01
1.1308793196e-01
1.0312618784e-01
9.3921207568e-02
8.4812015705e-02
7.6490920809e-02
6.8908296145e-02
6.2013881976e-02
5.4071672958e-02
4.7083395344e-02
4.0950340676e-02
3.5579929227e-02
2.9430044583e-02
2.4311345221e-02
2.0061507228e-02
1.6540260231e-02
1.3606376266e-02
1.1187120740e-02
9.1947121876e-03
7.5556326541e-03
6.0488308448e-03
4.8442081680e-03
3.8825531275e-03
3.1162482983e-03
2.3977539800e-03
1.8565390177e-03
1.4527521678e-03
1.1566074659e-03
9.4633819349e-04
8.0639295653e-04
7.2636617404e-04
7.0032397428e-04
