1.1402856612e-04
1.2228465526e-04
1.4820843581e-04
1.9554766777e-04
2.7119779115e-04
3.5734349895e-04
4.7514539055e-04
6.3505106139e-04
8.5125963769e-04
1.0850372471e-03
1.3837976381e-03
1.7653800269e-03
2.2525383323e-03
2.7814258485e-03
3.4342032528e-03
4.2396291467e-03
5.2330197304e-03
6.4280616441e-03
7.8934771673e-03
9.6892129658e-03
1.1887855119e-02
1.4074566680e-02
1.6655442131e-02
1.9698344821e-02
2.3281508226e-02
2.6645081814e-02
3.0476342647e-02
3.4834664385e-02
3.9785183444e-02
4.4432097894e-02
4.9587382680e-02
5.5298111698e-02
6.1613592432e-02
6.8132939929e-02
7.5272610727e-02
8.3076104740e-02
9.1586522500e-02
1.0182666042e-01
1.1302762080e-01
1.2523664951e-01
1.3849349606e-01
1.5044200504e-01
1.6316017789e-01
1.7665219282e-01
1.9091435830e-01
2.0467406705e-01
2.1905615150e-01
2.3403749347e-01
2.4958818057e-01
2.6729964483e-01
2.8559748151e-01
3.0441581354e-01
3.2368153502e-01
3.4214881133e-01
3.6087293646e-01
3.7978259574e-01
3.9880569097e-01
4.1837431395e-01
4.3791114146e-01
4.5734348317e-01
4.7660261039e-01
4.9801318477e-01
5.1903962698e-01
5.3960817703e-01
5.5965481272e-01
5.8512799407e-01
6.0950824268e-01
6.3272419666e-01
6.5472878811e-01
6.7336823161e-01
6.9101185763e-01
7.0766403144e-01
7.2333755900e-01
7.3896374455e-01
7.5353486512e-01
7.6708679707e-01
7.7965932184e-01
7.9308002137e-01
8.0530746161e-01
8.1641136377e-01
8.2646097202e-01
8.3817310824e-01
8.4832885998e-01
8.5706446789e-01
8.6450471681e-01
8.7214466733e-01
8.7813028614e-01
8.8262023820e-01
8.8574197716e-01
8.8806105524e-01
8.8772489433e-01
8.8479055671e-01
8.7917331482e-01
8.7503402701e-01
8.7002931343e-01
8.6409815028e-01
8.5716832148e-01
8.5070618519e-01
8.4347093486e-01
8.3540721103e-01
8.2645541932e-01
8.1789483632e-01
8.0857024320e-01
7.9843656471e-01
7.8744792515e-01
7.7666704204e-01
7.6510587991e-01
7.5273140547e-01
7.3951249842e-01
7.2511341459e-01
7.0977809058e-01
6.9348592430e-01
6.7622323586e-01
6.5990833484e-01
6.4281129749e-01
6.2494303905e-01
6.0632324678e-01
5.8759867738e-01
5.6823300045e-01
5.4827297190e-01
5.2777614963e-01
5.1018580641e-01
4.9231160850e-01
4.7420593461e-01
4.5592633983e-01
4.3534814614e-01
4.1472387478e-01
3.9415198501e-01
3.7373437105e-01
3.5598333029e-01
3.3850207431e-01
3.2135928152e-01
3.0462103130e-01
2.8677766211e-01
2.6957380738e-01
2.5307762272e-01
2.3734834700e-01
2.2198658396e-01
2.0753647943e-01
1.9403088241e-01
1.8149246913e-01
1.6939526967e-01
1.5838231374e-01
1.4845125886e-01
1.3959333979e-01
1.3202312330e-01
1.2543228619e-01
1.1980471756e-01
1.1512424268e-01
1.1090361819e-01
1.0788827965e-01
1.0606307391e-01
1.0541836880e-01
1.0582289566e-01
1.0713691332e-01
1.0936582760e-01
1.1251848833e-01
1.1661304669e-01
1.2166027312e-01
1.2767619248e-01
1.3467748518e-01
1.4281380547e-01
1.5199860079e-01
1.6224348147e-01
1.7355491694e-01
1.8456327102e-01
1.9641702358e-01
2.0910389406e-01
2.2260452957e-01
2.3595412599e-01
2.4996443317e-01
2.6460054839e-01
2.7982136048e-01
3.0203724156e-01
3.2516012534e-01
3.4902582674e-01
3.7345778616e-01
3.9184148324e-01
4.1035983680e-01
4.2893800731e-01
4.4750317214e-01
4.6926773711e-01
4.9081040382e-01
5.1203335774e-01
5.3284898335e-01
5.5420807081e-01
5.7495646359e-01
5.9503172377e-01
6.1438428958e-01
6.3450077642e-01
6.5369160336e-01
6.7193738798e-01
6.8923066376e-01
7.0571410514e-01
7.2124276311e-01
7.3583541622e-01
7.4951659308e-01
7.6390556817e-01
7.7721619508e-01
7.8949847999e-01
8.0080439653e-01
8.1429127826e-01
8.2629571181e-01
8.3693246733e-01
8.4631000860e-01
8.5813038346e-01
8.6768360259e-01
8.7521369071e-01
8.8091497834e-01
8.8447333582e-01
8.8684310044e-01
8.8805912546e-01
8.8812871186e-01
8.8715387867e-01
8.8514161918e-01
8.8203317594e-01
8.7774820560e-01
8.7341524629e-01
8.6820525384e-01
8.6204652141e-01
8.5485809344e-01
8.4825221249e-01
8.4086735729e-01
8.3264869781e-01
8.2353826705e-01
8.1461201644e-01
8.0488381262e-01
7.9430836474e-01
7.8284012590e-01
7.7154325250e-01
7.5942987868e-01
7.4646812579e-01
7.3262849975e-01
7.1677637531e-01
6.9985692822e-01
6.8185076614e-01
6.6274776779e-01
6.4593099126e-01
6.2835537363e-01
6.1003620107e-01
5.9099715177e-01
5.7228351992e-01
5.5298698633e-01
5.3315273249e-01
5.1283488688e-01
4.9474167685e-01
4.7637539288e-01
4.5778882053e-01
4.3903940956e-01
4.1486859081e-01
3.9066995770e-01
3.6658783946e-01
3.4276945156e-01
3.2487965585e-01
3.0729138551e-01
2.9006473610e-01
2.7325595041e-01
2.5542513872e-01
2.3821439060e-01
2.2167437211e-01
2.0584631159e-01
1.8928934289e-01
1.7366067627e-01
1.5897501722e-01
1.4523443284e-01
1.3259662951e-01
1.2085093304e-01
1.0997121794e-01
9.9925070528e-02
9.0252399872e-02
8.1406877108e-02
7.3338991100e-02
6.5997879618e-02
5.7854619462e-02
5.0648049937e-02
4.4286883055e-02
3.8684617895e-02
3.2378743791e-02
2.7065635048e-02
2.2599816590e-02
1.8853685539e-02
1.5446063466e-02
1.2644982055e-02
1.0345571194e-02
8.4600233558e-03
6.7492770617e-03
5.3824201366e-03
4.2910734062e-03
3.4201732738e-03
2.5820187863e-03
1.9492067172e-03
1.4716305746e-03
1.1113837621e-03
7.6929091723e-04
5.3423191168e-04
3.7339749914e-04
2.6440445150e-04
1.9225121166e-04
1.4689517891e-04
1.2197719681e-04
1.1402868232e-04
