0.0000000000e+00
4.4059846960e-03
8.8119693921e-03
1.3217954088e-02
1.7623938784e-02
2.0981266387e-02
2.4338593990e-02
2.7695921593e-02
3.1053249196e-02
3.3964176170e-02
3.6875103144e-02
3.9786030119e-02
4.2696957093e-02
4.5451998757e-02
4.8207040421e-02
5.0962082086e-02
5.3717123750e-02
5.7255593593e-02
6.0794063437e-02
6.4332533280e-02
6.7871003123e-02
7.0435350193e-02
7.2999697263e-02
7.5564044333e-02
7.8128391404e-02
8.0535669479e-02
8.2942947554e-02
8.5350225630e-02
8.7757503705e-02
9.0181506091e-02
9.2605508477e-02
9.5029510863e-02
9.7453513249e-02
1.0013864351e-01
1.0282377378e-01
1.0550890404e-01
1.0819403430e-01
1.1062788334e-01
1.1306173237e-01
1.1549558141e-01
1.1792943044e-01
1.2062644010e-01
1.2332344975e-01
1.2602045941e-01
1.2871746906e-01
1.3171138946e-01
1.3470530986e-01
1.3769923026e-01
1.4069315066e-01
1.4436083808e-01
1.4802852550e-01
1.5169621292e-01
1.5536390034e-01
1.5862566900e-01
1.6188743766e-01
1.6514920632e-01
1.6841097499e-01
1.7194731485e-01
1.7548365472e-01
1.7901999459e-01
1.8255633445e-01
1.8663369952e-01
1.9071106458e-01
1.9478842964e-01
1.9886579470e-01
2.0377776480e-01
2.0868973490e-01
2.1360170500e-01
2.1851367510e-01
2.2399271246e-01
2.2947174982e-01
2.3495078718e-01
2.4042982454e-01
2.4546197979e-01
2.5049413505e-01
2.5552629031e-01
2.6055844557e-01
2.6493858642e-01
2.6931872726e-01
2.7369886811e-01
2.7807900896e-01
2.8176902647e-01
2.8545904398e-01
2.8914906149e-01
2.9283907900e-01
2.9618329218e-01
2.9952750536e-01
3.0287171854e-01
3.0621593172e-01
3.0950886860e-01
3.1280180548e-01
3.1609474236e-01
3.1938767923e-01
3.2275220296e-01
3.2611672668e-01
3.2948125041e-01
3.3284577413e-01
3.3574459311e-01
3.3864341209e-01
3.4154223107e-01
3.4444105005e-01
3.4714650739e-01
3.4985196472e-01
3.5255742205e-01
3.5526287938e-01
3.5769029565e-01
3.6011771192e-01
3.6254512818e-01
3.6497254445e-01
3.6746148224e-01
3.6995042003e-01
3.7243935782e-01
3.7492829561e-01
3.7737459082e-01
3.7982088602e-01
3.8226718122e-01
3.8471347643e-01
3.8708977631e-01
3.8946607619e-01
3.9184237606e-01
3.9421867594e-01
3.9686308115e-01
3.9950748635e-01
4.0215189155e-01
4.0479629675e-01
4.0782923233e-01
4.1086216790e-01
4.1389510347e-01
4.1692803905e-01
4.1970222482e-01
4.2247641059e-01
4.2525059637e-01
4.2802478214e-01
4.3103260140e-01
4.3404042066e-01
4.3704823992e-01
4.4005605918e-01
4.4381783852e-01
4.4757961785e-01
4.5134139718e-01
4.5510317652e-01
4.5997730671e-01
4.6485143691e-01
4.6972556711e-01
4.7459969730e-01
4.7955364495e-01
4.8450759260e-01
4.8946154025e-01
4.9441548791e-01
4.9932525392e-01
5.0423501994e-01
5.0914478596e-01
5.1405455198e-01
5.1868432471e-01
5.2331409745e-01
5.2794387019e-01
5.3257364293e-01
5.3617338995e-01
5.3977313698e-01
5.4337288401e-01
5.4697263103e-01
5.4996967143e-01
5.5296671182e-01
5.5596375222e-01
5.5896079261e-01
5.6174342970e-01
5.6452606678e-01
5.6730870387e-01
5.7009134096e-01
5.7294082725e-01
5.7579031354e-01
5.7863979983e-01
5.8148928612e-01
5.8417210697e-01
5.8685492783e-01
5.8953774868e-01
5.9222056953e-01
5.9473871620e-01
5.9725686287e-01
5.9977500955e-01
6.0229315622e-01
6.0465959151e-01
6.0702602681e-01
6.0939246210e-01
6.1175889740e-01
6.1468577788e-01
6.1761265837e-01
6.2053953886e-01
6.2346641934e-01
6.2584778634e-01
6.2822915334e-01
6.3061052033e-01
6.3299188733e-01
6.3551551093e-01
6.3803913452e-01
6.4056275812e-01
6.4308638171e-01
6.4593267429e-01
6.4877896686e-01
6.5162525944e-01
6.5447155202e-01
6.5804074849e-01
6.6160994496e-01
6.6517914143e-01
6.6874833790e-01
6.7194432766e-01
6.7514031741e-01
6.7833630716e-01
6.8153229692e-01
6.8488776740e-01
6.8824323789e-01
6.9159870838e-01
6.9495417886e-01
6.9875025844e-01
7.0254633803e-01
7.0634241761e-01
7.1013849719e-01
7.1477114844e-01
7.1940379969e-01
7.2403645093e-01
7.2866910218e-01
7.3406870670e-01
7.3946831121e-01
7.4486791572e-01
7.5026752024e-01
7.5558498261e-01
7.6090244499e-01
7.6621990736e-01
7.7153736974e-01
7.7613965773e-01
7.8074194571e-01
7.8534423370e-01
7.8994652169e-01
7.9383283872e-01
7.9771915574e-01
8.0160547277e-01
8.0549178980e-01
8.0896125124e-01
8.1243071268e-01
8.1590017412e-01
8.1936963556e-01
8.2259837694e-01
8.2582711832e-01
8.2905585970e-01
8.3228460108e-01
8.3564725203e-01
8.3900990298e-01
8.4237255393e-01
8.4573520488e-01
8.4872820235e-01
8.5172119982e-01
8.5471419729e-01
8.5770719475e-01
8.6072383283e-01
8.6374047090e-01
8.6675710898e-01
8.6977374705e-01
8.7219865950e-01
8.7462357194e-01
8.7704848438e-01
8.7947339683e-01
8.8191790815e-01
8.8436241946e-01
8.8680693078e-01
8.8925144210e-01
8.9182890666e-01
8.9440637122e-01
8.9698383578e-01
8.9956130034e-01
9.0188880175e-01
9.0421630316e-01
9.0654380456e-01
9.0887130597e-01
9.1139115333e-01
9.1391100070e-01
9.1643084806e-01
9.1895069542e-01
9.2176166580e-01
9.2457263618e-01
9.2738360656e-01
9.3019457694e-01
9.3300330393e-01
9.3581203092e-01
9.3862075791e-01
9.4142948490e-01
9.4425043150e-01
9.4707137811e-01
9.4989232471e-01
9.5271327132e-01
9.5594545669e-01
9.5917764207e-01
9.6240982745e-01
9.6564201282e-01
9.6993676122e-01
9.7423150962e-01
9.7852625801e-01
9.8282100641e-01
9.8711575481e-01
9.9141050320e-01
9.9570525160e-01
1.0000000000e+00
