1.7696472868e-01
1.7702771791e-01
1.7721668219e-01
1.7753161094e-01
1.7797248600e-01
1.7852723001e-01
1.7920307792e-01
1.7999998588e-01
1.8091789841e-01
1.8196655551e-01
1.8313822879e-01
1.8443281328e-01
1.8585018296e-01
1.8747715738e-01
1.8924021310e-01
1.9113910413e-01
1.9317354220e-01
1.9617069760e-01
1.9941908234e-01
2.0291747544e-01
2.0666442420e-01
2.0954841444e-01
2.1256255648e-01
2.1570601130e-01
2.1897784944e-01
2.2223566356e-01
2.2560965030e-01
2.2909872961e-01
2.3270172892e-01
2.3625690093e-01
2.3991413853e-01
2.4367215774e-01
2.4752958701e-01
2.5169111227e-01
2.5595911870e-01
2.6033168716e-01
2.6480678512e-01
2.6892268017e-01
2.7311833474e-01
2.7739202741e-01
2.8174196259e-01
2.8606939243e-01
2.9046618344e-01
2.9493045413e-01
2.9946025968e-01
3.0410372603e-01
3.0880997086e-01
3.1357680002e-01
3.1840196208e-01
3.2346911268e-01
3.2859397777e-01
3.3377386516e-01
3.3900603105e-01
3.4476864614e-01
3.5058644420e-01
3.5645569404e-01
3.6237261894e-01
3.6848094355e-01
3.7463118129e-01
3.8081917184e-01
3.8704073985e-01
3.9265292205e-01
3.9828578253e-01
4.0393630210e-01
4.0960147371e-01
4.1510674338e-01
4.2062027334e-01
4.2613937960e-01
4.3166140553e-01
4.3717759698e-01
4.4269149909e-01
4.4820056744e-01
4.5370229865e-01
4.5931844301e-01
4.6492176266e-01
4.7050973235e-01
4.7607988362e-01
4.8193308568e-01
4.8776103172e-01
4.9356104757e-01
4.9933053993e-01
5.0562684737e-01
5.1188013079e-01
5.1808730955e-01
5.2424542919e-01
5.3023816515e-01
5.3617838131e-01
5.4206364423e-01
5.4789163881e-01
5.5369522114e-01
5.5943649099e-01
5.6511344840e-01
5.7072421029e-01
5.7652666702e-01
5.8225270341e-01
5.8790055480e-01
5.9346858618e-01
5.9951818189e-01
6.0546690122e-01
6.1131306574e-01
6.1705516618e-01
6.2336519130e-01
6.2954115814e-01
6.3558163629e-01
6.4148541646e-01
6.4660715801e-01
6.5161997985e-01
6.5652342833e-01
6.6131715795e-01
6.6589542230e-01
6.7036853875e-01
6.7473644840e-01
6.7899916779e-01
6.8316445463e-01
6.8722439754e-01
6.9117920870e-01
6.9502915532e-01
6.9883326250e-01
7.0252985292e-01
7.0611935060e-01
7.0960221827e-01
7.1306612246e-01
7.1641882166e-01
7.1966091363e-01
7.2279301985e-01
7.2592012293e-01
7.2893078211e-01
7.3182573804e-01
7.3460573972e-01
7.3738603207e-01
7.4004272758e-01
7.4257667856e-01
7.4498872849e-01
7.4739937876e-01
7.4967655196e-01
7.5182117403e-01
7.5383414125e-01
7.5583854473e-01
7.5769492463e-01
7.5940422950e-01
7.6096735032e-01
7.6250966415e-01
7.6387931076e-01
7.6507718666e-01
7.6610408648e-01
7.6702363393e-01
7.6774443993e-01
7.6826708124e-01
7.6859197871e-01
7.6871864450e-01
7.6865734446e-01
7.6840803122e-01
7.6797051265e-01
7.6740150700e-01
7.6667256339e-01
7.6578321323e-01
7.6473288951e-01
7.6361747422e-01
7.6236316918e-01
7.6096931251e-01
7.5943517894e-01
7.5785813769e-01
7.5615477534e-01
7.5432434181e-01
7.5236604714e-01
7.5038014001e-01
7.4827662420e-01
7.4605473147e-01
7.4371367226e-01
7.4135213947e-01
7.3887919506e-01
7.3629410166e-01
7.3359611614e-01
7.3087707378e-01
7.2805094033e-01
7.2511704638e-01
7.2207473085e-01
7.1900205095e-01
7.1582500366e-01
7.1254301940e-01
7.0915555059e-01
7.0571589365e-01
7.0217295386e-01
6.9852629412e-01
6.9477551402e-01
6.9092652378e-01
6.8697307597e-01
6.8291490836e-01
6.7875181357e-01
6.7434846758e-01
6.6983328221e-01
6.6520624782e-01
6.6046744081e-01
6.5349896177e-01
6.4630324916e-01
6.3888160924e-01
6.3123584455e-01
6.2599009450e-01
6.2064566264e-01
6.1520351869e-01
6.0966476057e-01
6.0443109952e-01
5.9911613113e-01
5.9372105982e-01
5.8824720126e-01
5.8289035717e-01
5.7746283368e-01
5.7196612657e-01
5.6640183920e-01
5.6075201655e-01
5.5503771302e-01
5.4926088870e-01
5.4342362078e-01
5.3746283195e-01
5.3144489783e-01
5.2537233719e-01
5.1924779471e-01
5.1366515522e-01
5.0804438516e-01
5.0238770717e-01
4.9669742648e-01
4.9123325007e-01
4.8574274349e-01
4.8022812021e-01
4.7469165756e-01
4.6924662948e-01
4.6378512966e-01
4.5830946995e-01
4.5282201343e-01
4.4731267225e-01
4.4179637892e-01
4.3627565224e-01
4.3075305175e-01
4.2502835690e-01
4.1930737271e-01
4.1359306677e-01
4.0788843721e-01
4.0134471406e-01
3.9482241657e-01
3.8832620254e-01
3.8186074588e-01
3.7591387599e-01
3.7000100104e-01
3.6412580572e-01
3.5829195618e-01
3.5293560128e-01
3.4762059511e-01
3.4234976470e-01
3.3712590324e-01
3.3211141643e-01
3.2714608636e-01
3.2223233932e-01
3.1737255649e-01
3.1261376776e-01
3.0791244519e-01
3.0327075396e-01
2.9869080409e-01
2.9406045837e-01
2.8949934576e-01
2.8500954577e-01
2.8059306768e-01
2.7584206520e-01
2.7118379586e-01
2.6662059738e-01
2.6215469927e-01
2.5796154398e-01
2.5386177009e-01
2.4985706601e-01
2.4594902841e-01
2.4187374872e-01
2.3791273571e-01
2.3406760820e-01
2.3033987217e-01
2.2658540974e-01
2.2296113383e-01
2.1946837694e-01
2.1610835618e-01
2.1233229485e-01
2.0874253898e-01
2.0534051272e-01
2.0212746667e-01
1.9960358474e-01
1.9721133570e-01
1.9495120168e-01
1.9282360532e-01
1.9091207416e-01
1.8912252793e-01
1.8745520915e-01
1.8591032635e-01
1.8450000244e-01
1.8321029716e-01
1.8204133437e-01
1.8099321751e-01
1.8004928738e-01
1.7923108657e-01
1.7853867448e-01
1.7797209790e-01
1.7753139262e-01
1.7721658515e-01
1.7702769365e-01
1.7696472868e-01
