2.8725987284e-01
2.8726173507e-01
2.8726732174e-01
2.8727663286e-01
2.8728966842e-01
2.8731013493e-01
2.8733592183e-01
2.8736702873e-01
2.8740345484e-01
2.8743116411e-01
2.8746131512e-01
2.8749390694e-01
2.8752893827e-01
2.8755829659e-01
2.8758917114e-01
2.8762156046e-01
2.8765546275e-01
2.8768671042e-01
2.8771913817e-01
2.8775274366e-01
2.8778752404e-01
2.8782268541e-01
2.8785896427e-01
2.8789635602e-01
2.8793485523e-01
2.8797710231e-01
2.8802059100e-01
2.8806531036e-01
2.8811124744e-01
2.8815132478e-01
2.8819226381e-01
2.8823405219e-01
2.8827667598e-01
2.8831723774e-01
2.8835850059e-01
2.8840044863e-01
2.8844306430e-01
2.8848860814e-01
2.8853484521e-01
2.8858174856e-01
2.8862928885e-01
2.8867855015e-01
2.8872840825e-01
2.8877882392e-01
2.8882975534e-01
2.8887877705e-01
2.8892818721e-01
2.8897794345e-01
2.8902800163e-01
2.8908980695e-01
2.8915191073e-01
2.8921422258e-01
2.8927664974e-01
2.8934018578e-01
2.8940364237e-01
2.8946691782e-01
2.8952991021e-01
2.8959872644e-01
2.8966694340e-01
2.8973442894e-01
2.8980105336e-01
2.8986522917e-01
2.8992834609e-01
2.8999029283e-01
2.9005096209e-01
2.9011629833e-01
2.9017982171e-01
2.9024140693e-01
2.9030093572e-01
2.9036662435e-01
2.9042929732e-01
2.9048881040e-01
2.9054503173e-01
2.9060833641e-01
2.9066648488e-01
2.9071931483e-01
2.9076668819e-01
2.9081884917e-01
2.9086182995e-01
2.9089550714e-01
2.9091981452e-01
2.9093251033e-01
2.9093921706e-01
2.9093997861e-01
2.9093486222e-01
2.9092581904e-01
2.9091255953e-01
2.9089516949e-01
2.9087374851e-01
2.9085206101e-01
2.9082752598e-01
2.9080023381e-01
2.9077028324e-01
2.9074118845e-01
2.9071011682e-01
2.9067715748e-01
2.9064240511e-01
2.9060741376e-01
2.9057095273e-01
2.9053312008e-01
2.9049401818e-01
2.9044956114e-01
2.9040383887e-01
2.9035700475e-01
2.9030921673e-01
2.9027040439e-01
2.9023116929e-01
2.9019159664e-01
2.9015177221e-01
2.9011464019e-01
2.9007743397e-01
2.9004022184e-01
2.9000307141e-01
2.8996947833e-01
2.8993603971e-01
2.8990280333e-01
2.8986981573e-01
2.8982486302e-01
2.8978058118e-01
2.8973707719e-01
2.8969445127e-01
2.8966462047e-01
2.8963531589e-01
2.8960656702e-01
2.8957840140e-01
2.8954741154e-01
2.8951722734e-01
2.8948787931e-01
2.8945939506e-01
2.8943123940e-01
2.8940403289e-01
2.8937779643e-01
2.8935254844e-01
2.8932631031e-01
2.8930127099e-01
2.8927744588e-01
2.8925484817e-01
2.8923442827e-01
2.8921514573e-01
2.8919700759e-01
2.8918001984e-01
2.8916247115e-01
2.8914635956e-01
2.8913168981e-01
2.8911846583e-01
2.8910429644e-01
2.8909228765e-01
2.8908244293e-01
2.8907476489e-01
2.8906873338e-01
2.8906543155e-01
2.8906486032e-01
2.8906701982e-01
2.8907073520e-01
2.8907621411e-01
2.8908345549e-01
2.8909245791e-01
2.8910165799e-01
2.8911217108e-01
2.8912399520e-01
2.8913712793e-01
2.8915075364e-01
2.8916554481e-01
2.8918149783e-01
2.8919860835e-01
2.8922037658e-01
2.8924375281e-01
2.8926872451e-01
2.8929527654e-01
2.8931747299e-01
2.8934064369e-01
2.8936477637e-01
2.8938985701e-01
2.8941401759e-01
2.8943896971e-01
2.8946469716e-01
2.8949118191e-01
2.8951779403e-01
2.8954509063e-01
2.8957304915e-01
2.8960164499e-01
2.8963568023e-01
2.8967049627e-01
2.8970604356e-01
2.8974226865e-01
2.8977418881e-01
2.8980653615e-01
2.8983926908e-01
2.8987234415e-01
2.8990950384e-01
2.8994696669e-01
2.8998466591e-01
2.9002253285e-01
2.9006358113e-01
2.9010465295e-01
2.9014565677e-01
2.9018650030e-01
2.9023732575e-01
2.9028757215e-01
2.9033705949e-01
2.9038561062e-01
2.9042787764e-01
2.9046914750e-01
2.9050930479e-01
2.9054823788e-01
2.9058879458e-01
2.9062766760e-01
2.9066473335e-01
2.9069987464e-01
2.9073758591e-01
2.9077247708e-01
2.9080440436e-01
2.9083323535e-01
2.9086378474e-01
2.9088943975e-01
2.9091003127e-01
2.9092541294e-01
2.9093680546e-01
2.9094037693e-01
2.9093599836e-01
2.9092358335e-01
2.9090558329e-01
2.9088108395e-01
2.9085010873e-01
2.9081270824e-01
2.9077436870e-01
2.9073114356e-01
2.9068312247e-01
2.9063041298e-01
2.9058397184e-01
2.9053456474e-01
2.9048227811e-01
2.9042720707e-01
2.9037538365e-01
2.9032147365e-01
2.9026556474e-01
2.9020775050e-01
2.9015079601e-01
2.9009228322e-01
2.9003230876e-01
2.8997097387e-01
2.8990110267e-01
2.8982982418e-01
2.8975729726e-01
2.8968368618e-01
2.8962448705e-01
2.8956479589e-01
2.8950470065e-01
2.8944429014e-01
2.8938549673e-01
2.8932657242e-01
2.8926759840e-01
2.8920865520e-01
2.8915798830e-01
2.8910745307e-01
2.8905709840e-01
2.8900697197e-01
2.8895475324e-01
2.8890288745e-01
2.8885142412e-01
2.8880041058e-01
2.8875094720e-01
2.8870199807e-01
2.8865360086e-01
2.8860579085e-01
2.8856061275e-01
2.8851602942e-01
2.8847206562e-01
2.8842874416e-01
2.8838144998e-01
2.8833499828e-01
2.8828941233e-01
2.8824471290e-01
2.8818840938e-01
2.8813364485e-01
2.8808044837e-01
2.8802884433e-01
2.8798772291e-01
2.8794769584e-01
2.8790877115e-01
2.8787095567e-01
2.8783057689e-01
2.8779155840e-01
2.8775390555e-01
2.8771762270e-01
2.8767246984e-01
2.8762964864e-01
2.8758916386e-01
2.8755101910e-01
2.8750104775e-01
2.8745577227e-01
2.8741519619e-01
2.8737932175e-01
2.8735132648e-01
2.8732706342e-01
2.8730653291e-01
2.8728973515e-01
2.8727667037e-01
2.8726733838e-01
2.8726173918e-01
2.8725987278e-01
