0.0000000000e+00
3.0816283781e-03
6.1632567561e-03
9.2448851342e-03
1.2326513512e-02
1.5422939025e-02
1.8519364539e-02
2.1615790052e-02
2.4712215565e-02
2.8073703789e-02
3.1435192013e-02
3.4796680237e-02
3.8158168461e-02
4.1728184040e-02
4.5298199620e-02
4.8868215199e-02
5.2438230779e-02
5.5627166311e-02
5.8816101843e-02
6.2005037375e-02
6.5193972907e-02
6.8225489693e-02
7.1257006478e-02
7.4288523264e-02
7.7320040049e-02
8.0333263410e-02
8.3346486772e-02
8.6359710133e-02
8.9372933494e-02
9.2136418585e-02
9.4899903676e-02
9.7663388767e-02
1.0042687386e-01
1.0311191952e-01
1.0579696517e-01
1.0848201083e-01
1.1116705649e-01
1.1386357363e-01
1.1656009077e-01
1.1925660790e-01
1.2195312504e-01
1.2466617216e-01
1.2737921927e-01
1.3009226639e-01
1.3280531350e-01
1.3565384870e-01
1.3850238389e-01
1.4135091909e-01
1.4419945428e-01
1.4779408796e-01
1.5138872163e-01
1.5498335531e-01
1.5857798899e-01
1.6148395807e-01
1.6438992715e-01
1.6729589623e-01
1.7020186532e-01
1.7294306958e-01
1.7568427384e-01
1.7842547811e-01
1.8116668237e-01
1.8385630706e-01
1.8654593175e-01
1.8923555645e-01
1.9192518114e-01
1.9462398010e-01
1.9732277907e-01
2.0002157804e-01
2.0272037700e-01
2.0548457356e-01
2.0824877011e-01
2.1101296666e-01
2.1377716321e-01
2.1669499057e-01
2.1961281793e-01
2.2253064528e-01
2.2544847264e-01
2.2859144098e-01
2.3173440932e-01
2.3487737766e-01
2.3802034600e-01
2.4111432527e-01
2.4420830454e-01
2.4730228380e-01
2.5039626307e-01
2.5348279694e-01
2.5656933081e-01
2.5965586468e-01
2.6274239855e-01
2.6592465688e-01
2.6910691521e-01
2.7228917354e-01
2.7547143187e-01
2.7887291466e-01
2.8227439744e-01
2.8567588023e-01
2.8907736301e-01
2.9306443360e-01
2.9705150418e-01
3.0103857477e-01
3.0502564535e-01
3.0874253816e-01
3.1245943096e-01
3.1617632376e-01
3.1989321656e-01
3.2341622470e-01
3.2693923284e-01
3.3046224098e-01
3.3398524911e-01
3.3746445211e-01
3.4094365512e-01
3.4442285812e-01
3.4790206112e-01
3.5139836008e-01
3.5489465903e-01
3.5839095799e-01
3.6188725694e-01
3.6543969227e-01
3.6899212759e-01
3.7254456292e-01
3.7609699824e-01
3.7973729871e-01
3.8337759919e-01
3.8701789966e-01
3.9065820013e-01
3.9441652953e-01
3.9817485892e-01
4.0193318831e-01
4.0569151770e-01
4.0960025997e-01
4.1350900225e-01
4.1741774452e-01
4.2132648679e-01
4.2542474094e-01
4.2952299510e-01
4.3362124925e-01
4.3771950341e-01
4.4206431283e-01
4.4640912224e-01
4.5075393166e-01
4.5509874108e-01
4.5981455404e-01
4.6453036700e-01
4.6924617996e-01
4.7396199292e-01
4.7917148790e-01
4.8438098289e-01
4.8959047788e-01
4.9479997286e-01
4.9984531965e-01
5.0489066643e-01
5.0993601322e-01
5.1498136000e-01
5.1953215970e-01
5.2408295940e-01
5.2863375910e-01
5.3318455880e-01
5.3744552783e-01
5.4170649687e-01
5.4596746590e-01
5.5022843493e-01
5.5427443333e-01
5.5832043173e-01
5.6236643013e-01
5.6641242853e-01
5.7028689042e-01
5.7416135230e-01
5.7803581419e-01
5.8191027607e-01
5.8564611867e-01
5.8938196126e-01
5.9311780386e-01
5.9685364646e-01
6.0047961838e-01
6.0410559029e-01
6.0773156221e-01
6.1135753413e-01
6.1490146456e-01
6.1844539499e-01
6.2198932541e-01
6.2553325584e-01
6.2902555673e-01
6.3251785762e-01
6.3601015851e-01
6.3950245940e-01
6.4298249059e-01
6.4646252179e-01
6.4994255298e-01
6.5342258417e-01
6.5695819008e-01
6.6049379598e-01
6.6402940189e-01
6.6756500780e-01
6.7135454494e-01
6.7514408208e-01
6.7893361921e-01
6.8272315635e-01
6.8655668847e-01
6.9039022059e-01
6.9422375271e-01
6.9805728483e-01
7.0143511658e-01
7.0481294833e-01
7.0819078008e-01
7.1156861183e-01
7.1475132065e-01
7.1793402946e-01
7.2111673827e-01
7.2429944708e-01
7.2738774188e-01
7.3047603669e-01
7.3356433149e-01
7.3665262630e-01
7.3974286257e-01
7.4283309883e-01
7.4592333510e-01
7.4901357137e-01
7.5217645764e-01
7.5533934392e-01
7.5850223020e-01
7.6166511647e-01
7.6460538205e-01
7.6754564763e-01
7.7048591321e-01
7.7342617878e-01
7.7620462546e-01
7.7898307214e-01
7.8176151881e-01
7.8453996549e-01
7.8724537683e-01
7.8995078817e-01
7.9265619950e-01
7.9536161084e-01
7.9804883348e-01
8.0073605612e-01
8.0342327875e-01
8.0611050139e-01
8.0883888508e-01
8.1156726878e-01
8.1429565247e-01
8.1702403616e-01
8.1991520041e-01
8.2280636466e-01
8.2569752891e-01
8.2858869316e-01
8.3221779187e-01
8.3584689058e-01
8.3947598929e-01
8.4310508800e-01
8.4596725400e-01
8.4882942000e-01
8.5169158600e-01
8.5455375200e-01
8.5727647510e-01
8.5999919820e-01
8.6272192130e-01
8.6544464439e-01
8.6818486652e-01
8.7092508865e-01
8.7366531078e-01
8.7640553291e-01
8.7908639314e-01
8.8176725337e-01
8.8444811360e-01
8.8712897383e-01
8.8987948520e-01
8.9262999657e-01
8.9538050795e-01
8.9813101932e-01
9.0110895755e-01
9.0408689578e-01
9.0706483401e-01
9.1004277225e-01
9.1307287406e-01
9.1610297588e-01
9.1913307769e-01
9.2216317950e-01
9.2535767601e-01
9.2855217251e-01
9.3174666901e-01
9.3494116551e-01
9.3862728440e-01
9.4231340329e-01
9.4599952217e-01
9.4968564106e-01
9.5300698991e-01
9.5632833876e-01
9.5964968761e-01
9.6297103645e-01
9.6606490515e-01
9.6915877384e-01
9.7225264253e-01
9.7534651122e-01
9.7842822042e-01
9.8150992962e-01
9.8459163882e-01
9.8767334802e-01
9.9075501101e-01
9.9383667401e-01
9.9691833700e-01
1.0000000000e+00
