0.0000000000e+00
1.7169979213e-02
3.4339958426e-02
5.1509937639e-02
6.8679916852e-02
7.7713302107e-02
8.6746687361e-02
9.5780072616e-02
1.0481345787e-01
1.1053352408e-01
1.1625359029e-01
1.2197365649e-01
1.2769372270e-01
1.3172409068e-01
1.3575445866e-01
1.3978482664e-01
1.4381519462e-01
1.4685515195e-01
1.4989510927e-01
1.5293506660e-01
1.5597502393e-01
1.5839436352e-01
1.6081370311e-01
1.6323304270e-01
1.6565238230e-01
1.6768059133e-01
1.6970880036e-01
1.7173700939e-01
1.7376521842e-01
1.7558411991e-01
1.7740302140e-01
1.7922192288e-01
1.8104082437e-01
1.8283246988e-01
1.8462411538e-01
1.8641576089e-01
1.8820740640e-01
1.8971824415e-01
1.9122908191e-01
1.9273991967e-01
1.9425075742e-01
1.9533030639e-01
1.9640985535e-01
1.9748940432e-01
1.9856895329e-01
1.9954221254e-01
2.0051547179e-01
2.0148873105e-01
2.0246199030e-01
2.0384884390e-01
2.0523569750e-01
2.0662255110e-01
2.0800940470e-01
2.0889522964e-01
2.0978105458e-01
2.1066687952e-01
2.1155270446e-01
2.1237939288e-01
2.1320608130e-01
2.1403276972e-01
2.1485945814e-01
2.1574395242e-01
2.1662844671e-01
2.1751294099e-01
2.1839743527e-01
2.1925105916e-01
2.2010468305e-01
2.2095830694e-01
2.2181193083e-01
2.2268837644e-01
2.2356482205e-01
2.2444126766e-01
2.2531771327e-01
2.2633938786e-01
2.2736106246e-01
2.2838273705e-01
2.2940441164e-01
2.3081680470e-01
2.3222919775e-01
2.3364159081e-01
2.3505398387e-01
2.3620015507e-01
2.3734632627e-01
2.3849249746e-01
2.3963866866e-01
2.4090567360e-01
2.4217267855e-01
2.4343968349e-01
2.4470668843e-01
2.4624888252e-01
2.4779107661e-01
2.4933327070e-01
2.5087546478e-01
2.5295958908e-01
2.5504371337e-01
2.5712783766e-01
2.5921196195e-01
2.6155269688e-01
2.6389343180e-01
2.6623416673e-01
2.6857490165e-01
2.7087775582e-01
2.7318060998e-01
2.7548346414e-01
2.7778631830e-01
2.8030971634e-01
2.8283311438e-01
2.8535651241e-01
2.8787991045e-01
2.9080163708e-01
2.9372336372e-01
2.9664509035e-01
2.9956681698e-01
3.0312549906e-01
3.0668418114e-01
3.1024286322e-01
3.1380154530e-01
3.1839308173e-01
3.2298461815e-01
3.2757615458e-01
3.3216769100e-01
3.3821309736e-01
3.4425850371e-01
3.5030391007e-01
3.5634931642e-01
3.6317878027e-01
3.7000824412e-01
3.7683770796e-01
3.8366717181e-01
3.8945614877e-01
3.9524512572e-01
4.0103410268e-01
4.0682307964e-01
4.1221617154e-01
4.1760926345e-01
4.2300235535e-01
4.2839544726e-01
4.3318972693e-01
4.3798400661e-01
4.4277828628e-01
4.4757256596e-01
4.5216149403e-01
4.5675042210e-01
4.6133935018e-01
4.6592827825e-01
4.7050673181e-01
4.7508518537e-01
4.7966363893e-01
4.8424209249e-01
4.8904926661e-01
4.9385644073e-01
4.9866361484e-01
5.0347078896e-01
5.0796066326e-01
5.1245053756e-01
5.1694041186e-01
5.2143028616e-01
5.2614811422e-01
5.3086594228e-01
5.3558377035e-01
5.4030159841e-01
5.4566611212e-01
5.5103062583e-01
5.5639513955e-01
5.6175965326e-01
5.6852686525e-01
5.7529407724e-01
5.8206128924e-01
5.8882850123e-01
5.9504704163e-01
6.0126558204e-01
6.0748412244e-01
6.1370266285e-01
6.2051878970e-01
6.2733491656e-01
6.3415104341e-01
6.4096717027e-01
6.4599517039e-01
6.5102317051e-01
6.5605117064e-01
6.6107917076e-01
6.6509346364e-01
6.6910775653e-01
6.7312204941e-01
6.7713634230e-01
6.8046356222e-01
6.8379078215e-01
6.8711800208e-01
6.9044522200e-01
6.9329795641e-01
6.9615069081e-01
6.9900342521e-01
7.0185615962e-01
7.0437416847e-01
7.0689217733e-01
7.0941018618e-01
7.1192819504e-01
7.1423751930e-01
7.1654684356e-01
7.1885616782e-01
7.2116549208e-01
7.2341003501e-01
7.2565457795e-01
7.2789912088e-01
7.3014366382e-01
7.3219775131e-01
7.3425183879e-01
7.3630592628e-01
7.3836001377e-01
7.4015274846e-01
7.4194548315e-01
7.4373821784e-01
7.4553095253e-01
7.4693470247e-01
7.4833845241e-01
7.4974220235e-01
7.5114595230e-01
7.5237652721e-01
7.5360710213e-01
7.5483767705e-01
7.5606825197e-01
7.5721123974e-01
7.5835422750e-01
7.5949721527e-01
7.6064020304e-01
7.6178931135e-01
7.6293841966e-01
7.6408752797e-01
7.6523663628e-01
7.6627146528e-01
7.6730629429e-01
7.6834112329e-01
7.6937595230e-01
7.7035254849e-01
7.7132914468e-01
7.7230574087e-01
7.7328233707e-01
7.7413674224e-01
7.7499114741e-01
7.7584555259e-01
7.7669995776e-01
7.7764002762e-01
7.7858009748e-01
7.7952016735e-01
7.8046023721e-01
7.8129883824e-01
7.8213743928e-01
7.8297604031e-01
7.8381464134e-01
7.8476099499e-01
7.8570734864e-01
7.8665370229e-01
7.8760005594e-01
7.8857445091e-01
7.8954884588e-01
7.9052324085e-01
7.9149763582e-01
7.9248210530e-01
7.9346657478e-01
7.9445104426e-01
7.9543551374e-01
7.9646794335e-01
7.9750037295e-01
7.9853280256e-01
7.9956523216e-01
8.0084713217e-01
8.0212903218e-01
8.0341093219e-01
8.0469283220e-01
8.0636944071e-01
8.0804604923e-01
8.0972265774e-01
8.1139926625e-01
8.1322286484e-01
8.1504646342e-01
8.1687006201e-01
8.1869366060e-01
8.2076821692e-01
8.2284277323e-01
8.2491732955e-01
8.2699188587e-01
8.2962615590e-01
8.3226042592e-01
8.3489469595e-01
8.3752896597e-01
8.4133286222e-01
8.4513675846e-01
8.4894065471e-01
8.5274455095e-01
8.5943474298e-01
8.6612493500e-01
8.7281512703e-01
8.7950531905e-01
8.9456404717e-01
9.0962277529e-01
9.2468150340e-01
9.3974023152e-01
9.5480517364e-01
9.6987011576e-01
9.8493505788e-01
1.0000000000e+00
