1.3080687386e-04
1.3514065999e-04
1.4842481368e-04
1.7153914024e-04
2.0601923947e-04
2.4543810497e-04
2.9631773117e-04
3.6103492714e-04
4.4261448453e-04
5.2902501947e-04
6.3363010917e-04
7.6002343919e-04
9.1254591705e-04
1.0720641129e-03
1.2599205665e-03
1.4810631297e-03
1.7413097706e-03
2.0133469698e-03
2.3279715670e-03
2.6917882028e-03
3.1124172221e-03
3.5556521019e-03
4.0617981518e-03
4.6396859651e-03
5.2993596428e-03
6.0139767752e-03
6.8242271850e-03
7.7426854231e-03
8.7835158874e-03
1.0259716390e-02
1.1980490462e-02
1.3985089296e-02
1.6318590704e-02
1.8102910300e-02
2.0077592773e-02
2.2261852005e-02
2.4676585436e-02
2.7064224053e-02
2.9674427509e-02
3.2526217806e-02
3.5639888571e-02
3.8470815032e-02
4.1514812665e-02
4.4785953885e-02
4.8298911740e-02
5.1711914560e-02
5.5348768712e-02
5.9221594887e-02
6.3342789937e-02
6.7490781437e-02
7.1884251351e-02
7.6534152905e-02
8.1451437791e-02
8.6690915277e-02
9.2224233764e-02
9.8062093664e-02
1.0421480948e-01
1.1172935441e-01
1.1969146068e-01
1.2811375009e-01
1.3700711029e-01
1.4477700027e-01
1.5288346039e-01
1.6132909344e-01
1.7011511870e-01
1.7871179862e-01
1.8760940079e-01
1.9680505420e-01
2.0629449915e-01
2.1537708993e-01
2.2470309713e-01
2.3426571554e-01
2.4405704864e-01
2.5406192258e-01
2.6427626660e-01
2.7468908200e-01
2.8528842589e-01
2.9787971859e-01
3.1068588185e-01
3.2368385462e-01
3.3684948720e-01
3.4887298435e-01
3.6099407610e-01
3.7319355635e-01
3.8545208354e-01
3.9723584140e-01
4.0903915120e-01
4.2084534456e-01
4.3263807370e-01
4.4499605522e-01
4.5730367988e-01
4.6954374460e-01
4.8169981523e-01
4.9577144932e-01
5.0968392060e-01
5.2341565577e-01
5.3694687478e-01
5.5025503331e-01
5.6332876401e-01
5.7615376604e-01
5.8871750884e-01
6.0642419342e-01
6.2353410969e-01
6.4002728801e-01
6.5588997610e-01
6.6753486617e-01
6.7880820148e-01
6.8970992729e-01
7.0024137763e-01
7.1049722571e-01
7.2038237297e-01
7.2990162210e-01
7.3906065852e-01
7.4840538667e-01
7.5735924452e-01
7.6593145407e-01
7.7413180013e-01
7.8249213730e-01
7.9045275926e-01
7.9802687862e-01
8.0522791147e-01
8.1280986109e-01
8.1996625375e-01
8.2671555342e-01
8.3307601180e-01
8.4020457766e-01
8.4683159603e-01
8.5298621312e-01
8.5869654381e-01
8.6471346226e-01
8.7022369851e-01
8.7526361305e-01
8.7986747442e-01
8.8468182062e-01
8.8900393959e-01
8.9287630776e-01
8.9633792871e-01
8.9939391617e-01
9.0211410528e-01
9.0452705228e-01
9.0665853914e-01
9.0850879361e-01
9.1012729949e-01
9.1153167152e-01
9.1273738195e-01
9.1380194481e-01
9.1467636502e-01
9.1537153477e-01
9.1589617604e-01
9.1626907563e-01
9.1646847550e-01
9.1649713934e-01
9.1635546389e-01
9.1607103921e-01
9.1563580381e-01
9.1504462388e-01
9.1429055948e-01
9.1337699942e-01
9.1228555208e-01
9.1100399716e-01
9.0951813111e-01
9.0757200991e-01
9.0531711269e-01
9.0272279230e-01
8.9975440436e-01
8.9703993899e-01
8.9402983037e-01
8.9069900150e-01
8.8702024635e-01
8.8317167914e-01
8.7895455883e-01
8.7433974254e-01
8.6929613726e-01
8.6482705904e-01
8.6002967810e-01
8.5488402771e-01
8.4936929199e-01
8.4420317460e-01
8.3872038987e-01
8.3290535360e-01
8.2674209875e-01
8.2076654538e-01
8.1447129026e-01
8.0784339945e-01
8.0086985716e-01
7.9396681005e-01
7.8673404681e-01
7.7916081085e-01
7.7123653747e-01
7.6341466109e-01
7.5526158470e-01
7.4676929501e-01
7.3793024062e-01
7.2868283878e-01
7.1907108558e-01
7.0908932770e-01
6.9873282823e-01
6.8536653817e-01
6.7141410266e-01
6.5687432690e-01
6.4174972964e-01
6.3036188426e-01
6.1867097014e-01
6.0668253540e-01
5.9440363780e-01
5.8252501875e-01
5.7040277250e-01
5.5804702776e-01
5.4546936584e-01
5.3353764786e-01
5.2143569836e-01
5.0917650364e-01
4.9677420102e-01
4.8519831944e-01
4.7352614109e-01
4.6177133477e-01
4.4994830207e-01
4.3764365620e-01
4.2529946365e-01
4.1293383196e-01
4.0056540066e-01
3.8622767469e-01
3.7194223773e-01
3.5773969008e-01
3.4365061456e-01
3.3199995261e-01
3.2046673447e-01
3.0906780639e-01
2.9781946344e-01
2.8696839222e-01
2.7629057966e-01
2.6579916318e-01
2.5550639660e-01
2.4451021108e-01
2.3377753922e-01
2.2332019419e-01
2.1314843777e-01
2.0297397703e-01
1.9311977090e-01
1.8359179569e-01
1.7439430450e-01
1.6450697995e-01
1.5503710007e-01
1.4598363427e-01
1.3734342709e-01
1.2950694185e-01
1.2203363032e-01
1.1491643961e-01
1.0814724119e-01
1.0185494763e-01
9.5877661999e-02
9.0205653166e-02
8.4828745319e-02
7.9473244695e-02
7.4420866698e-02
6.9658908656e-02
6.5174614573e-02
6.0422920424e-02
5.5991739594e-02
5.1863223701e-02
4.8019955485e-02
4.3596609576e-02
3.9559936229e-02
3.5879894099e-02
3.2528080448e-02
2.9158460398e-02
2.6126523575e-02
2.3400711326e-02
2.0951947885e-02
1.8411805947e-02
1.6173573190e-02
1.4202761607e-02
1.2468494412e-02
1.0982068873e-02
9.6708228510e-03
8.5145710527e-03
7.4953489455e-03
6.5359092919e-03
5.6985028333e-03
4.9678068384e-03
4.3303757423e-03
3.7154912036e-03
3.1876899199e-03
2.7347330790e-03
2.3460825556e-03
1.9671220387e-03
1.6494951054e-03
1.3833460238e-03
1.1604024562e-03
9.4245055427e-04
7.6606728297e-04
6.2348188778e-04
5.0841013916e-04
3.9869745277e-04
3.1488399076e-04
2.5151801537e-04
2.0448187109e-04
1.7073474363e-04
1.4808565163e-04
1.3505850851e-04
1.3080687881e-04
