0.0000000000e+00
2.9767802036e-03
5.9535604071e-03
8.9303406107e-03
1.1907120814e-02
1.4826827414e-02
1.7746534014e-02
2.0666240614e-02
2.3585947213e-02
2.6531692844e-02
2.9477438475e-02
3.2423184105e-02
3.5368929736e-02
3.8474336215e-02
4.1579742694e-02
4.4685149173e-02
4.7790555652e-02
5.2032117526e-02
5.6273679400e-02
6.0515241274e-02
6.4756803148e-02
6.7845538010e-02
7.0934272873e-02
7.4023007735e-02
7.7111742598e-02
8.0074262799e-02
8.3036783000e-02
8.5999303202e-02
8.8961823403e-02
9.1798208774e-02
9.4634594145e-02
9.7470979516e-02
1.0030736489e-01
1.0328969746e-01
1.0627203003e-01
1.0925436260e-01
1.1223669518e-01
1.1492235567e-01
1.1760801617e-01
1.2029367666e-01
1.2297933716e-01
1.2560666135e-01
1.2823398554e-01
1.3086130973e-01
1.3348863392e-01
1.3614443844e-01
1.3880024296e-01
1.4145604748e-01
1.4411185200e-01
1.4686825421e-01
1.4962465642e-01
1.5238105863e-01
1.5513746084e-01
1.5814364322e-01
1.6114982560e-01
1.6415600798e-01
1.6716219037e-01
1.7024251794e-01
1.7332284551e-01
1.7640317308e-01
1.7948350066e-01
1.8224965554e-01
1.8501581043e-01
1.8778196532e-01
1.9054812020e-01
1.9323074637e-01
1.9591337254e-01
1.9859599871e-01
2.0127862488e-01
2.0395827365e-01
2.0663792243e-01
2.0931757121e-01
2.1199721999e-01
2.1473753832e-01
2.1747785666e-01
2.2021817500e-01
2.2295849334e-01
2.2584886933e-01
2.2873924532e-01
2.3162962131e-01
2.3451999731e-01
2.3769340037e-01
2.4086680343e-01
2.4404020649e-01
2.4721360956e-01
2.5032777263e-01
2.5344193570e-01
2.5655609878e-01
2.5967026185e-01
2.6280344958e-01
2.6593663732e-01
2.6906982505e-01
2.7220301278e-01
2.7548394254e-01
2.7876487229e-01
2.8204580205e-01
2.8532673180e-01
2.8894706885e-01
2.9256740589e-01
2.9618774294e-01
2.9980807998e-01
3.0386550506e-01
3.0792293014e-01
3.1198035522e-01
3.1603778030e-01
3.1963692832e-01
3.2323607634e-01
3.2683522435e-01
3.3043437237e-01
3.3395150700e-01
3.3746864163e-01
3.4098577626e-01
3.4450291089e-01
3.4802661776e-01
3.5155032463e-01
3.5507403149e-01
3.5859773836e-01
3.6217747033e-01
3.6575720229e-01
3.6933693426e-01
3.7291666622e-01
3.7659031753e-01
3.8026396883e-01
3.8393762014e-01
3.8761127144e-01
3.9141414163e-01
3.9521701182e-01
3.9901988200e-01
4.0282275219e-01
4.0679266746e-01
4.1076258273e-01
4.1473249800e-01
4.1870241327e-01
4.2288561013e-01
4.2706880700e-01
4.3125200387e-01
4.3543520074e-01
4.3990046942e-01
4.4436573810e-01
4.4883100678e-01
4.5329627546e-01
4.5817699827e-01
4.6305772108e-01
4.6793844389e-01
4.7281916669e-01
4.7810157592e-01
4.8338398514e-01
4.8866639437e-01
4.9394880360e-01
4.9910372943e-01
5.0425865527e-01
5.0941358110e-01
5.1456850694e-01
5.1931088589e-01
5.2405326484e-01
5.2879564379e-01
5.3353802275e-01
5.3792463013e-01
5.4231123750e-01
5.4669784488e-01
5.5108445226e-01
5.5522389150e-01
5.5936333074e-01
5.6350276998e-01
5.6764220922e-01
5.7158691542e-01
5.7553162162e-01
5.7947632783e-01
5.8342103403e-01
5.8720991821e-01
5.9099880240e-01
5.9478768659e-01
5.9857657077e-01
6.0224309798e-01
6.0590962519e-01
6.0957615240e-01
6.1324267961e-01
6.1681916042e-01
6.2039564123e-01
6.2397212205e-01
6.2754860286e-01
6.3107080030e-01
6.3459299775e-01
6.3811519519e-01
6.4163739263e-01
6.4515393852e-01
6.4867048440e-01
6.5218703028e-01
6.5570357616e-01
6.5933009677e-01
6.6295661738e-01
6.6658313800e-01
6.7020965861e-01
6.7539422287e-01
6.8057878713e-01
6.8576335140e-01
6.9094791566e-01
6.9442081371e-01
6.9789371177e-01
7.0136660983e-01
7.0483950789e-01
7.0806745900e-01
7.1129541010e-01
7.1452336121e-01
7.1775131232e-01
7.2086698460e-01
7.2398265689e-01
7.2709832917e-01
7.3021400145e-01
7.3334049554e-01
7.3646698962e-01
7.3959348371e-01
7.4271997779e-01
7.4588091968e-01
7.4904186156e-01
7.5220280345e-01
7.5536374533e-01
7.5822308584e-01
7.6108242636e-01
7.6394176687e-01
7.6680110738e-01
7.6953216832e-01
7.7226322925e-01
7.7499429018e-01
7.7772535112e-01
7.8040196778e-01
7.8307858444e-01
7.8575520111e-01
7.8843181777e-01
7.9111451684e-01
7.9379721590e-01
7.9647991496e-01
7.9916261403e-01
8.0194387145e-01
8.0472512888e-01
8.0750638630e-01
8.1028764373e-01
8.1348574141e-01
8.1668383909e-01
8.1988193677e-01
8.2308003445e-01
8.2603716236e-01
8.2899429027e-01
8.3195141818e-01
8.3490854608e-01
8.3764389746e-01
8.4037924883e-01
8.4311460021e-01
8.4584995158e-01
8.4850049321e-01
8.5115103484e-01
8.5380157647e-01
8.5645211811e-01
8.5907784822e-01
8.6170357834e-01
8.6432930846e-01
8.6695503857e-01
8.6964765428e-01
8.7234026998e-01
8.7503288569e-01
8.7772550139e-01
8.8067476225e-01
8.8362402312e-01
8.8657328398e-01
8.8952254485e-01
8.9235342757e-01
8.9518431030e-01
8.9801519302e-01
9.0084607575e-01
9.0387695866e-01
9.0690784156e-01
9.0993872447e-01
9.1296960738e-01
9.1612484295e-01
9.1928007852e-01
9.2243531409e-01
9.2559054966e-01
9.2929708510e-01
9.3300362053e-01
9.3671015597e-01
9.4041669140e-01
9.4349481831e-01
9.4657294521e-01
9.4965107211e-01
9.5272919902e-01
9.5567476428e-01
9.5862032955e-01
9.6156589481e-01
9.6451146007e-01
9.6743118155e-01
9.7035090303e-01
9.7327062451e-01
9.7619034598e-01
9.7916655258e-01
9.8214275918e-01
9.8511896578e-01
9.8809517237e-01
9.9107137928e-01
9.9404758619e-01
9.9702379309e-01
1.0000000000e+00
