1.6528075749e-05
1.8847822108e-05
2.6415104801e-05
4.1340999006e-05
6.7863327432e-05
9.8479025448e-05
1.4346910336e-04
2.0942786912e-04
3.0606568746e-04
4.1186912046e-04
5.5425455216e-04
7.4588039705e-04
1.0037987074e-03
1.2825071805e-03
1.6384130668e-03
2.0928550316e-03
2.6730290418e-03
3.3059831511e-03
4.0880348451e-03
5.0539832035e-03
6.2465585652e-03
7.7914208542e-03
9.7137813972e-03
1.2103589154e-02
1.5070860948e-02
1.7944729450e-02
2.1352339984e-02
2.5386954352e-02
3.0155619148e-02
3.4236595171e-02
3.8842911820e-02
4.4034399534e-02
4.9875430017e-02
5.5542408669e-02
6.1801172341e-02
6.8700960958e-02
7.6292091886e-02
8.5211498457e-02
9.5036556632e-02
1.0582550076e-01
1.1763213871e-01
1.2934154356e-01
1.4196848593e-01
1.5553438146e-01
1.7005101638e-01
1.8370967185e-01
1.9810774661e-01
2.1322900195e-01
2.2904841117e-01
2.4550876276e-01
2.6258866711e-01
2.8023695443e-01
2.9839471463e-01
3.1756240844e-01
3.3712266017e-01
3.5699263456e-01
3.7708645350e-01
3.9679959370e-01
4.1656201065e-01
4.3629521533e-01
4.5592376243e-01
4.7815558506e-01
5.0005860187e-01
5.2154402023e-01
5.4253357799e-01
5.6701764743e-01
5.9059216953e-01
6.1318293659e-01
6.3473617129e-01
6.5442251180e-01
6.7310311797e-01
6.9077327803e-01
7.0743864630e-01
7.2409466676e-01
7.3965416133e-01
7.5415023518e-01
7.6762139851e-01
7.8180668841e-01
7.9477802828e-01
8.0660488820e-01
8.1735745605e-01
8.3008095953e-01
8.4119431790e-01
8.5084682806e-01
8.5917780849e-01
8.6905407626e-01
8.7681690609e-01
8.8274917478e-01
8.8708497487e-01
8.8975794307e-01
8.9141430180e-01
8.9213104397e-01
8.9195999960e-01
8.9073748230e-01
8.8842649011e-01
8.8499340964e-01
8.8036709338e-01
8.7588791085e-01
8.7055855603e-01
8.6429747307e-01
8.5700843799e-01
8.5046037314e-01
8.4314275019e-01
8.3498907175e-01
8.2592761652e-01
8.1741081334e-01
8.0812575224e-01
7.9802064245e-01
7.8704258045e-01
7.7627162067e-01
7.6469712164e-01
7.5228068268e-01
7.3898591753e-01
7.2462644572e-01
7.0930599756e-01
6.9300044059e-01
6.7569319273e-01
6.5920963795e-01
6.4190677355e-01
6.2379594006e-01
6.0489854232e-01
5.8604531557e-01
5.6653678668e-01
5.4642418658e-01
5.2577078787e-01
5.0781221046e-01
4.8956998795e-01
4.7110434118e-01
4.5248145801e-01
4.2887380924e-01
4.0528454299e-01
3.8187610667e-01
3.5881542750e-01
3.4131075150e-01
3.2419072498e-01
3.0752825812e-01
2.9139215663e-01
2.7471926152e-01
2.5879813094e-01
2.4369087333e-01
2.2945018541e-01
2.1432636982e-01
2.0043368772e-01
1.8780665442e-01
1.7646688519e-01
1.6709966460e-01
1.5885323771e-01
1.5172475767e-01
1.4570818043e-01
1.4068453800e-01
1.3681311225e-01
1.3408580197e-01
1.3249619326e-01
1.3203803298e-01
1.3266174607e-01
1.3436888569e-01
1.3716351556e-01
1.4118904448e-01
1.4638522844e-01
1.5276113725e-01
1.6032514275e-01
1.6872406764e-01
1.7822932932e-01
1.8883805988e-01
2.0054091040e-01
2.1264812745e-01
2.2570341313e-01
2.3967559669e-01
2.5452438267e-01
2.6951537797e-01
2.8521238679e-01
3.0155594826e-01
3.1847960959e-01
3.3701288639e-01
3.5602553083e-01
3.7541983431e-01
3.9509548255e-01
4.1405175265e-01
4.3308554183e-01
4.5211270011e-01
4.7105291536e-01
4.9271895969e-01
5.1406220471e-01
5.3498778654e-01
5.5541302039e-01
5.7913304043e-01
6.0193682420e-01
6.2375083435e-01
6.4452367403e-01
6.6307874941e-01
6.8067329762e-01
6.9730677823e-01
7.1298846251e-01
7.2910416007e-01
7.4412931627e-01
7.5810268922e-01
7.7106821378e-01
7.8487989098e-01
7.9748193124e-01
8.0895247163e-01
8.1936916800e-01
8.3163341900e-01
8.4235890354e-01
8.5169902317e-01
8.5979328196e-01
8.6815559228e-01
8.7504496236e-01
8.8062200137e-01
8.8501391744e-01
8.8804801774e-01
8.9023595779e-01
8.9160433956e-01
8.9215874420e-01
8.9179939145e-01
8.9036024078e-01
8.8775411096e-01
8.8385776900e-01
8.7998450635e-01
8.7520898987e-01
8.6943448058e-01
8.6255044060e-01
8.5637616190e-01
8.4939779065e-01
8.4154663824e-01
8.3274932708e-01
8.2436679700e-01
8.1517524576e-01
8.0512144181e-01
7.9415111425e-01
7.8331636757e-01
7.7163508028e-01
7.5906737974e-01
7.4557527630e-01
7.3125465472e-01
7.1596069016e-01
6.9966809061e-01
6.8235809604e-01
6.6517722073e-01
6.4708954713e-01
6.2810305303e-01
6.0823606664e-01
5.8790335970e-01
5.6679138234e-01
5.4495397371e-01
5.2245893590e-01
5.0326801876e-01
4.8373261181e-01
4.6391493015e-01
4.4388361382e-01
4.1933131111e-01
3.9471729565e-01
3.7019299345e-01
3.4591373182e-01
3.2756074155e-01
3.0951147589e-01
2.9183116912e-01
2.7458098095e-01
2.5638548231e-01
2.3882806400e-01
2.2196302157e-01
2.0583450953e-01
1.8767242940e-01
1.7063459024e-01
1.5473837671e-01
1.3998298754e-01
1.2745720782e-01
1.1585088132e-01
1.0513321091e-01
9.5267247805e-02
8.5488581108e-02
7.6604248332e-02
6.8554923873e-02
6.1280398894e-02
5.2337115479e-02
4.4621662347e-02
3.7987319932e-02
3.2298512311e-02
2.5786787641e-02
2.0554254385e-02
1.6362086105e-02
1.3011202801e-02
1.0481757061e-02
8.4391425454e-03
6.7913450175e-03
5.4631131276e-03
4.2064079714e-03
3.2377943505e-03
2.4915723602e-03
1.9168643240e-03
1.3536362807e-03
9.5588276856e-04
6.7493839115e-04
4.7645999893e-04
2.8711182517e-04
1.7333686233e-04
1.0490670411e-04
6.3841517711e-05
3.9595392909e-05
2.5777220409e-05
1.8705995842e-05
1.6528337227e-05
