8.1059691853e-02
8.1134694424e-02
8.1359789842e-02
8.1735240486e-02
8.2261482098e-02
8.2900017073e-02
8.3675221788e-02
8.4587885357e-02
8.5638925774e-02
8.6776484368e-02
8.8042998664e-02
8.9439583732e-02
9.0967445050e-02
9.2571024486e-02
9.4299812922e-02
9.6155108610e-02
9.8138265247e-02
1.0020563747e-01
1.0239833192e-01
1.0471773301e-01
1.0716524691e-01
1.0973795876e-01
1.1244119631e-01
1.1527637112e-01
1.1824487949e-01
1.2150656354e-01
1.2491828075e-01
1.2848151457e-01
1.3219767426e-01
1.3659232801e-01
1.4118654164e-01
1.4598186090e-01
1.5097959556e-01
1.5545033865e-01
1.6007272101e-01
1.6484705325e-01
1.6977345135e-01
1.7447367272e-01
1.7930412244e-01
1.8426438265e-01
1.8935385352e-01
1.9438449735e-01
1.9953373331e-01
2.0480050214e-01
2.1018356322e-01
2.1562395911e-01
2.2117528976e-01
2.2683580662e-01
2.3260357577e-01
2.3822451726e-01
2.4393981619e-01
2.4974729608e-01
2.5564462650e-01
2.6150490638e-01
2.6744651455e-01
2.7346684767e-01
2.7956317302e-01
2.8593260234e-01
2.9237667750e-01
2.9889199339e-01
3.0547502351e-01
3.1274408506e-01
3.2008480613e-01
3.2749215466e-01
3.3496097819e-01
3.4261428735e-01
3.5032011342e-01
3.5807275512e-01
3.6586645185e-01
3.7316354057e-01
3.8048654336e-01
3.8783073670e-01
3.9519140441e-01
4.0226133948e-01
4.0933798857e-01
4.1641727133e-01
4.2349515152e-01
4.3058843182e-01
4.3767233505e-01
4.4474297188e-01
4.5179652856e-01
4.5908666926e-01
4.6635038664e-01
4.7358373167e-01
4.8078286924e-01
4.8868943172e-01
4.9654490997e-01
5.0434466355e-01
5.1208424676e-01
5.1996576805e-01
5.2777496694e-01
5.3550769041e-01
5.4316001239e-01
5.5079340906e-01
5.5833767896e-01
5.6578949010e-01
5.7314573896e-01
5.8083406668e-01
5.8840868386e-01
5.9586670497e-01
6.0320550786e-01
6.1195510426e-01
6.2052161069e-01
6.2890178495e-01
6.3709287109e-01
6.4450185678e-01
6.5174548531e-01
6.5882256872e-01
6.6573220031e-01
6.7212549706e-01
6.7836746967e-01
6.8445795853e-01
6.9039697532e-01
6.9616204667e-01
7.0177732660e-01
7.0724325859e-01
7.1256040626e-01
7.1782273202e-01
7.2293228819e-01
7.2788998414e-01
7.3269681303e-01
7.3750595308e-01
7.4215642675e-01
7.4664954330e-01
7.5098666328e-01
7.5536010064e-01
7.5956586519e-01
7.6360562885e-01
7.6748108086e-01
7.7141967914e-01
7.7517682267e-01
7.7875453001e-01
7.8215479610e-01
7.8560833261e-01
7.8886218424e-01
7.9191865127e-01
7.9477995505e-01
7.9768242456e-01
8.0035762364e-01
8.0280803895e-01
8.0503599457e-01
8.0713799928e-01
8.0899945579e-01
8.1062240729e-01
8.1200865798e-01
8.1325320744e-01
8.1421938781e-01
8.1490851420e-01
8.1532153016e-01
8.1545864601e-01
8.1534815247e-01
8.1498991265e-01
8.1438348369e-01
8.1357094252e-01
8.1252995037e-01
8.1125934792e-01
8.0975773174e-01
8.0815490660e-01
8.0634993816e-01
8.0434116358e-01
8.0212675840e-01
7.9982537281e-01
7.9733393364e-01
7.9465049375e-01
7.9177299936e-01
7.8895912529e-01
7.8597821153e-01
7.8282847015e-01
7.7950806350e-01
7.7620599332e-01
7.7274768750e-01
7.6913150321e-01
7.6535578474e-01
7.6158460274e-01
7.5766379800e-01
7.5359192000e-01
7.4936753626e-01
7.4512470249e-01
7.4073592588e-01
7.3619999480e-01
7.3151574497e-01
7.2676730158e-01
7.2187358551e-01
7.1683367694e-01
7.1164673550e-01
7.0629276216e-01
7.0078929151e-01
6.9513577704e-01
6.8933179542e-01
6.8301467132e-01
6.7652797873e-01
6.6987175702e-01
6.6304626499e-01
6.5588652956e-01
6.4855084541e-01
6.4104032083e-01
6.3335638491e-01
6.2655159608e-01
6.1961901133e-01
6.1256022169e-01
6.0537704326e-01
5.9849495939e-01
5.9150611698e-01
5.8441263058e-01
5.7721682021e-01
5.6996483330e-01
5.6261693367e-01
5.5517603663e-01
5.4764527782e-01
5.4011516586e-01
5.3250397161e-01
5.2481537627e-01
5.1705327950e-01
5.1000421267e-01
5.0290204070e-01
4.9575006247e-01
4.8855171626e-01
4.8161759117e-01
4.7464747084e-01
4.6764472002e-01
4.6061280892e-01
4.5364641160e-01
4.4665860869e-01
4.3965301410e-01
4.3263332267e-01
4.2545232339e-01
4.1826464137e-01
4.1107443428e-01
4.0388591785e-01
3.9597706426e-01
3.8808118548e-01
3.8020407436e-01
3.7235154987e-01
3.6447825763e-01
3.5664171769e-01
3.4884783774e-01
3.4110247976e-01
3.3411237759e-01
3.2717140654e-01
3.2028378813e-01
3.1345366497e-01
3.0700003390e-01
3.0060575981e-01
2.9427417828e-01
2.8800852692e-01
2.8179208680e-01
2.7564820612e-01
2.6957981584e-01
2.6358972231e-01
2.5736361308e-01
2.5123043872e-01
2.4519300267e-01
2.3925393459e-01
2.3333898604e-01
2.2752991316e-01
2.2182889066e-01
2.1623790340e-01
2.1059382665e-01
2.0507024339e-01
1.9966870100e-01
1.9439054208e-01
1.8893317578e-01
1.8361676662e-01
1.7844219887e-01
1.7341012939e-01
1.6731527277e-01
1.6144458155e-01
1.5579799582e-01
1.5037502352e-01
1.4597243518e-01
1.4172770021e-01
1.3763992569e-01
1.3370807299e-01
1.3009935007e-01
1.2663051786e-01
1.2330038479e-01
1.2010769148e-01
1.1705774369e-01
1.1414196671e-01
1.1135897848e-01
1.0870737536e-01
1.0613831008e-01
1.0370278269e-01
1.0139930203e-01
9.9226395184e-02
9.7115415380e-02
9.5140930351e-02
9.3301432762e-02
9.1595474122e-02
8.9953487986e-02
8.8454411986e-02
8.7096851970e-02
8.5879518154e-02
8.4744622938e-02
8.3763630105e-02
8.2935445451e-02
8.2259133276e-02
8.1733921057e-02
8.1359203997e-02
8.1134548048e-02
8.1059691853e-02
