2.5610815272e-01
2.5628875802e-01
2.5683082856e-01
2.5773512888e-01
2.5900293447e-01
2.5981821280e-01
2.6073532438e-01
2.6175462869e-01
2.6287652522e-01
2.6365582336e-01
2.6447822398e-01
2.6534386151e-01
2.6625287748e-01
2.6691181125e-01
2.6759191878e-01
2.6829325403e-01
2.6901587262e-01
2.6957359888e-01
2.7014342959e-01
2.7072539036e-01
2.7131950730e-01
2.7180920936e-01
2.7230690400e-01
2.7281260583e-01
2.7332632966e-01
2.7378207459e-01
2.7424397346e-01
2.7471203650e-01
2.7518627396e-01
2.7565301408e-01
2.7612560304e-01
2.7660404990e-01
2.7708836328e-01
2.7746067286e-01
2.7783638409e-01
2.7821549943e-01
2.7859802052e-01
2.7889693560e-01
2.7919789784e-01
2.7950090614e-01
2.7980595844e-01
2.8009203920e-01
2.8037988811e-01
2.8066950003e-01
2.8096086812e-01
2.8126751495e-01
2.8157606050e-01
2.8188648803e-01
2.8219877649e-01
2.8247374636e-01
2.8275010198e-01
2.8302781807e-01
2.8330686490e-01
2.8356834778e-01
2.8383092628e-01
2.8409456363e-01
2.8435921843e-01
2.8465356244e-01
2.8494902840e-01
2.8524553864e-01
2.8554300789e-01
2.8582191663e-01
2.8610150143e-01
2.8638167594e-01
2.8666234927e-01
2.8699190681e-01
2.8732186007e-01
2.8765204487e-01
2.8798229325e-01
2.8840786687e-01
2.8883289641e-01
2.8925701799e-01
2.8967987437e-01
2.9005384042e-01
2.9042630244e-01
2.9079703648e-01
2.9116582936e-01
2.9158572373e-01
2.9200252199e-01
2.9241596191e-01
2.9282580272e-01
2.9335446797e-01
2.9387620831e-01
2.9439064679e-01
2.9489745991e-01
2.9550548596e-01
2.9610133348e-01
2.9668468366e-01
2.9725529605e-01
2.9785512162e-01
2.9843984936e-01
2.9900940605e-01
2.9956377424e-01
3.0014456408e-01
3.0070781463e-01
3.0125365269e-01
3.0178223822e-01
3.0237871344e-01
3.0295218472e-01
3.0350301001e-01
3.0403156589e-01
3.0466125505e-01
3.0525755841e-01
3.0582124951e-01
3.0635309641e-01
3.0702619413e-01
3.0764371810e-01
3.0820744368e-01
3.0871907169e-01
3.0911394068e-01
3.0947335433e-01
3.0979823928e-01
3.1008949846e-01
3.1034072703e-01
3.1056195987e-01
3.1075401405e-01
3.1091773168e-01
3.1102862963e-01
3.1112252442e-01
3.1119992788e-01
3.1126139498e-01
3.1129941738e-01
3.1132801381e-01
3.1134755119e-01
3.1135842965e-01
3.1136117750e-01
3.1135762215e-01
3.1134813791e-01
3.1133312935e-01
3.1130971610e-01
3.1128033732e-01
3.1124575704e-01
3.1120679367e-01
3.1117567197e-01
3.1114299570e-01
3.1110914358e-01
3.1107450314e-01
3.1104220830e-01
3.1100988848e-01
3.1097785332e-01
3.1094640908e-01
3.1091378171e-01
3.1088252854e-01
3.1085298894e-01
3.1082548265e-01
3.1080246131e-01
3.1078157610e-01
3.1076301181e-01
3.1074693189e-01
3.1073254290e-01
3.1072134937e-01
3.1071346402e-01
3.1070896596e-01
3.1070786493e-01
3.1070977639e-01
3.1071468364e-01
3.1072254371e-01
3.1073426377e-01
3.1074922397e-01
3.1076726985e-01
3.1078821407e-01
3.1080975379e-01
3.1083335176e-01
3.1085879911e-01
3.1088586965e-01
3.1091661569e-01
3.1094864910e-01
3.1098163554e-01
3.1101523007e-01
3.1105270792e-01
3.1109001654e-01
3.1112667381e-01
3.1116220288e-01
3.1119863856e-01
3.1123266219e-01
3.1126373169e-01
3.1129133039e-01
3.1131647231e-01
3.1133651480e-01
3.1135093370e-01
3.1135924302e-01
3.1136026001e-01
3.1134972084e-01
3.1132685777e-01
3.1129098020e-01
3.1122315768e-01
3.1113062728e-01
3.1101227295e-01
3.1086708769e-01
3.1068774479e-01
3.1047776148e-01
3.1023621852e-01
3.0996221812e-01
3.0961465405e-01
3.0922373808e-01
3.0878815730e-01
3.0830655275e-01
3.0790081389e-01
3.0746590746e-01
3.0700112654e-01
3.0650574170e-01
3.0606999715e-01
3.0561213398e-01
3.0513170352e-01
3.0462825212e-01
3.0417551701e-01
3.0370505134e-01
3.0321656767e-01
3.0270978493e-01
3.0223977348e-01
3.0175465691e-01
3.0125426212e-01
3.0073843229e-01
3.0019131866e-01
2.9962759339e-01
2.9904717362e-01
2.9845002184e-01
2.9794380286e-01
2.9742620613e-01
2.9689731251e-01
2.9635724542e-01
2.9590522925e-01
2.9544590737e-01
2.9497943179e-01
2.9450598591e-01
2.9411596890e-01
2.9372162033e-01
2.9332309285e-01
2.9292055754e-01
2.9255947528e-01
2.9219552249e-01
2.9182885913e-01
2.9145965820e-01
2.9109262750e-01
2.9072349388e-01
2.9035246120e-01
2.8997974471e-01
2.8964114407e-01
2.8930152337e-01
2.8896106236e-01
2.8861994526e-01
2.8830131522e-01
2.8798243136e-01
2.8766344785e-01
2.8734451813e-01
2.8706798216e-01
2.8679169790e-01
2.8651576001e-01
2.8624026016e-01
2.8593400856e-01
2.8562852570e-01
2.8532392047e-01
2.8502029425e-01
2.8475391848e-01
2.8448843206e-01
2.8422388832e-01
2.8396033562e-01
2.8367152565e-01
2.8338401946e-01
2.8309786187e-01
2.8281309162e-01
2.8249151988e-01
2.8217181948e-01
2.8185402387e-01
2.8153816012e-01
2.8123563319e-01
2.8093493558e-01
2.8063607941e-01
2.8033907406e-01
2.7997066207e-01
2.7960515926e-01
2.7924257220e-01
2.7888290486e-01
2.7836215676e-01
2.7784765830e-01
2.7733940604e-01
2.7683739368e-01
2.7633170235e-01
2.7583248640e-01
2.7533973549e-01
2.7485343892e-01
2.7427142903e-01
2.7369890589e-01
2.7313585003e-01
2.7258224214e-01
2.7181505338e-01
2.7106668747e-01
2.7033709266e-01
2.6962621845e-01
2.6842274564e-01
2.6727662255e-01
2.6618760431e-01
2.6515545824e-01
2.6302651856e-01
2.6118598404e-01
2.5963183647e-01
2.5836237169e-01
2.5737533866e-01
2.5667108870e-01
2.5624884798e-01
2.5610815259e-01
