8.8637412324e-10
3.7794541078e-10
2.0628648304e-09
6.4371779408e-09
5.2613804386e-08
1.4599164806e-07
3.9101915579e-07
1.0441435293e-06
2.8796993149e-06
5.4975433415e-06
1.0444835840e-05
1.9842471439e-05
3.7824952579e-05
5.9305725417e-05
9.2912992889e-05
1.4556058624e-04
2.2816356997e-04
3.1997975313e-04
4.4864464664e-04
6.2900605339e-04
8.8192031406e-04
1.1584808874e-03
1.5215196657e-03
1.9980486694e-03
2.6234661033e-03
3.3245276307e-03
4.2118607149e-03
5.3344881449e-03
6.7540073228e-03
8.5260543312e-03
1.0756699769e-02
1.3561231900e-02
1.7081766760e-02
2.0323346324e-02
2.4161448523e-02
2.8698223104e-02
3.4050085553e-02
3.8784876259e-02
4.4140457542e-02
5.0187050072e-02
5.6999483996e-02
6.4079601597e-02
7.1953310180e-02
8.0686963501e-02
9.0346562791e-02
1.0162717851e-01
1.1408303447e-01
1.2777593093e-01
1.4275552876e-01
1.5674144251e-01
1.7172084985e-01
1.8769070103e-01
2.0463359429e-01
2.2134892641e-01
2.3884861468e-01
2.5708039007e-01
2.7598008428e-01
2.9784393045e-01
3.2033078874e-01
3.4330909615e-01
3.6663915647e-01
3.8838928361e-01
4.1020277073e-01
4.3196829248e-01
4.5357923108e-01
4.7849849988e-01
5.0292527225e-01
5.2673187126e-01
5.4980917967e-01
5.7833850029e-01
6.0536028892e-01
6.3077413645e-01
6.5452180524e-01
6.7418512587e-01
6.9252345963e-01
7.0955677768e-01
7.2531732764e-01
7.4169344698e-01
7.5656066755e-01
7.6999835937e-01
7.8209068266e-01
7.9615755139e-01
8.0822435333e-01
8.1848516363e-01
8.2712510547e-01
8.3574309849e-01
8.4248566998e-01
8.4761389896e-01
8.5135931224e-01
8.5407240015e-01
8.5564389220e-01
8.5626142594e-01
8.5608528460e-01
8.5516646462e-01
8.5363064055e-01
8.5159716768e-01
8.4916554839e-01
8.4593770255e-01
8.4238794025e-01
8.3860300309e-01
8.3465258608e-01
8.2962644234e-01
8.2451450306e-01
8.1937944182e-01
8.1426828285e-01
8.0767364289e-01
8.0123213352e-01
7.9497637267e-01
7.8892156638e-01
7.8332017201e-01
7.7789177129e-01
7.7261367493e-01
7.6745088287e-01
7.6224984131e-01
7.5704979923e-01
7.5176207304e-01
7.4627448421e-01
7.4173170562e-01
7.3689902969e-01
7.3168211732e-01
7.2597248113e-01
7.2104376671e-01
7.1566556314e-01
7.0976548567e-01
7.0326635753e-01
6.9705293287e-01
6.9026836217e-01
6.8285769846e-01
6.7476759360e-01
6.6416519347e-01
6.5245342761e-01
6.3958010174e-01
6.2552247626e-01
6.1474930634e-01
6.0339924920e-01
5.9150964796e-01
5.7913542856e-01
5.6729978193e-01
5.5518632308e-01
5.4288560550e-01
5.3050364078e-01
5.1802529236e-01
5.0572625543e-01
4.9375660853e-01
4.8227466599e-01
4.7184594829e-01
4.6216406253e-01
4.5337001042e-01
4.4559700189e-01
4.3879559155e-01
4.3331874764e-01
4.2926122626e-01
4.2669429167e-01
4.2567402227e-01
4.2609588919e-01
4.2795288801e-01
4.3121443047e-01
4.3640781373e-01
4.4315846399e-01
4.5133471376e-01
4.6078117369e-01
4.7028782560e-01
4.8055552740e-01
4.9144197480e-01
5.0280428840e-01
5.1552686154e-01
5.2847485168e-01
5.4149009689e-01
5.5443010769e-01
5.6862264587e-01
5.8242165496e-01
5.9571136073e-01
6.0840419580e-01
6.2120455251e-01
6.3321299522e-01
6.4440993254e-01
6.5479697332e-01
6.6514415928e-01
6.7460601284e-01
6.8323503282e-01
6.9109188464e-01
7.0022785976e-01
7.0832389373e-01
7.1552292053e-01
7.2196094353e-01
7.2993389530e-01
7.3696721073e-01
7.4332150449e-01
7.4921339959e-01
7.5451531890e-01
7.5968191994e-01
7.6480930977e-01
7.6997294882e-01
7.7532633551e-01
7.8082184926e-01
7.8649016858e-01
7.9234886464e-01
7.9714371793e-01
8.0205891300e-01
8.0708547640e-01
8.1220790410e-01
8.1653402746e-01
8.2089252101e-01
8.2525944689e-01
8.2960403438e-01
8.3330627975e-01
8.3693173955e-01
8.4044211178e-01
8.4379059875e-01
8.4661440576e-01
8.4921203112e-01
8.5152404399e-01
8.5347960233e-01
8.5505405148e-01
8.5602938022e-01
8.5626727700e-01
8.5560276700e-01
8.5427252483e-01
8.5210428405e-01
8.4896036348e-01
8.4468429615e-01
8.4023962637e-01
8.3481949903e-01
8.2830770617e-01
8.2057817642e-01
8.1324642697e-01
8.0492810069e-01
7.9554074281e-01
7.8499920651e-01
7.7455396632e-01
7.6305979320e-01
7.5045576393e-01
7.3668317775e-01
7.2173606495e-01
7.0552412285e-01
6.8800652138e-01
6.6915298710e-01
6.5113743832e-01
6.3203762528e-01
6.1186550936e-01
5.9064786868e-01
5.7012705242e-01
5.4879726785e-01
5.2672205886e-01
5.0398046384e-01
4.8347390563e-01
4.6259874436e-01
4.4143882413e-01
4.2008606085e-01
3.9646854442e-01
3.7287672942e-01
3.4945443599e-01
3.2634635965e-01
3.0609219941e-01
2.8629822319e-01
2.6705386305e-01
2.4843986288e-01
2.2871031078e-01
2.0991268478e-01
1.9210696490e-01
1.7533466733e-01
1.5778667659e-01
1.4157467007e-01
1.2668331320e-01
1.1307754434e-01
1.0103009400e-01
9.0092454327e-02
8.0199633829e-02
7.1282006213e-02
6.1373779731e-02
5.2742297455e-02
4.5250297959e-02
3.8767602550e-02
3.0784722684e-02
2.4393773335e-02
1.9297017476e-02
1.5244553854e-02
1.2008732002e-02
9.4518481853e-03
7.4343901259e-03
5.8443190447e-03
4.3579135095e-03
3.2482482393e-03
2.4203078767e-03
1.8027900695e-03
1.1865035273e-03
7.8100182930e-04
5.1399861847e-04
3.3806223519e-04
1.6124174281e-04
7.7417925125e-05
3.7160733654e-05
1.7668945237e-05
2.9597027470e-06
8.1176682594e-07
1.7203609842e-07
1.0114248962e-07
1.6901406408e-08
4.6634761239e-09
1.0776323071e-09
1.1611408256e-09
