0.0000000000e+00
1.8305995378e-02
3.6611990756e-02
5.4917986134e-02
7.3223981512e-02
8.3877223906e-02
9.4530466301e-02
1.0518370870e-01
1.1583695109e-01
1.2300155034e-01
1.3016614960e-01
1.3733074885e-01
1.4449534810e-01
1.4975987725e-01
1.5502440640e-01
1.6028893555e-01
1.6555346470e-01
1.6963690873e-01
1.7372035277e-01
1.7780379681e-01
1.8188724084e-01
1.8517167382e-01
1.8845610681e-01
1.9174053979e-01
1.9502497277e-01
1.9778553185e-01
2.0054609093e-01
2.0330665001e-01
2.0606720909e-01
2.0847418689e-01
2.1088116468e-01
2.1328814248e-01
2.1569512028e-01
2.1790197174e-01
2.2010882321e-01
2.2231567467e-01
2.2452252613e-01
2.2692030255e-01
2.2931807897e-01
2.3171585538e-01
2.3411363180e-01
2.3588571818e-01
2.3765780457e-01
2.3942989095e-01
2.4120197734e-01
2.4264817855e-01
2.4409437977e-01
2.4554058098e-01
2.4698678220e-01
2.4824131177e-01
2.4949584135e-01
2.5075037093e-01
2.5200490050e-01
2.5318557415e-01
2.5436624780e-01
2.5554692145e-01
2.5672759510e-01
2.5815436965e-01
2.5958114420e-01
2.6100791875e-01
2.6243469331e-01
2.6359328995e-01
2.6475188659e-01
2.6591048323e-01
2.6706907987e-01
2.6814479546e-01
2.6922051106e-01
2.7029622665e-01
2.7137194225e-01
2.7237589613e-01
2.7337985002e-01
2.7438380390e-01
2.7538775779e-01
2.7689692438e-01
2.7840609097e-01
2.7991525756e-01
2.8142442416e-01
2.8245395187e-01
2.8348347958e-01
2.8451300730e-01
2.8554253501e-01
2.8663820260e-01
2.8773387018e-01
2.8882953777e-01
2.8992520535e-01
2.9115963552e-01
2.9239406568e-01
2.9362849584e-01
2.9486292601e-01
2.9624595891e-01
2.9762899181e-01
2.9901202471e-01
3.0039505761e-01
3.0178285856e-01
3.0317065951e-01
3.0455846045e-01
3.0594626140e-01
3.0736036818e-01
3.0877447496e-01
3.1018858174e-01
3.1160268852e-01
3.1314995103e-01
3.1469721355e-01
3.1624447606e-01
3.1779173857e-01
3.1958571057e-01
3.2137968257e-01
3.2317365457e-01
3.2496762656e-01
3.2724001827e-01
3.2951240997e-01
3.3178480167e-01
3.3405719338e-01
3.3660409412e-01
3.3915099486e-01
3.4169789560e-01
3.4424479634e-01
3.4705766983e-01
3.4987054331e-01
3.5268341680e-01
3.5549629029e-01
3.5830172088e-01
3.6110715147e-01
3.6391258206e-01
3.6671801265e-01
3.6974679359e-01
3.7277557453e-01
3.7580435547e-01
3.7883313641e-01
3.8221866006e-01
3.8560418371e-01
3.8898970737e-01
3.9237523102e-01
3.9627274245e-01
4.0017025388e-01
4.0406776530e-01
4.0796527673e-01
4.1260407118e-01
4.1724286563e-01
4.2188166009e-01
4.2652045454e-01
4.3228702018e-01
4.3805358582e-01
4.4382015146e-01
4.4958671710e-01
4.5700952716e-01
4.6443233722e-01
4.7185514727e-01
4.7927795733e-01
4.8751544304e-01
4.9575292875e-01
5.0399041447e-01
5.1222790018e-01
5.1869275661e-01
5.2515761305e-01
5.3162246948e-01
5.3808732592e-01
5.4337541137e-01
5.4866349682e-01
5.5395158227e-01
5.5923966772e-01
5.6370739258e-01
5.6817511744e-01
5.7264284230e-01
5.7711056716e-01
5.8097877972e-01
5.8484699228e-01
5.8871520484e-01
5.9258341740e-01
5.9600246741e-01
5.9942151742e-01
6.0284056743e-01
6.0625961744e-01
6.0934256121e-01
6.1242550498e-01
6.1550844875e-01
6.1859139253e-01
6.2143776884e-01
6.2428414515e-01
6.2713052147e-01
6.2997689778e-01
6.3272544266e-01
6.3547398754e-01
6.3822253242e-01
6.4097107730e-01
6.4388422551e-01
6.4679737372e-01
6.4971052193e-01
6.5262367015e-01
6.5497503935e-01
6.5732640856e-01
6.5967777777e-01
6.6202914698e-01
6.6407436043e-01
6.6611957388e-01
6.6816478733e-01
6.7021000079e-01
6.7189926503e-01
6.7358852928e-01
6.7527779352e-01
6.7696705777e-01
6.7848463691e-01
6.8000221606e-01
6.8151979521e-01
6.8303737435e-01
6.8444150156e-01
6.8584562877e-01
6.8724975598e-01
6.8865388318e-01
6.9003270572e-01
6.9141152826e-01
6.9279035080e-01
6.9416917334e-01
6.9561975786e-01
6.9707034238e-01
6.9852092690e-01
6.9997151142e-01
7.0118065722e-01
7.0238980303e-01
7.0359894883e-01
7.0480809463e-01
7.0594905043e-01
7.0709000622e-01
7.0823096202e-01
7.0937191781e-01
7.1039354364e-01
7.1141516948e-01
7.1243679531e-01
7.1345842114e-01
7.1455118099e-01
7.1564394084e-01
7.1673670069e-01
7.1782946054e-01
7.1889326580e-01
7.1995707107e-01
7.2102087633e-01
7.2208468160e-01
7.2308427380e-01
7.2408386600e-01
7.2508345820e-01
7.2608305040e-01
7.2715825905e-01
7.2823346770e-01
7.2930867636e-01
7.3038388501e-01
7.3158827886e-01
7.3279267271e-01
7.3399706656e-01
7.3520146042e-01
7.3641358975e-01
7.3762571907e-01
7.3883784840e-01
7.4004997773e-01
7.4124455097e-01
7.4243912421e-01
7.4363369745e-01
7.4482827068e-01
7.4615770970e-01
7.4748714872e-01
7.4881658773e-01
7.5014602675e-01
7.5191480845e-01
7.5368359015e-01
7.5545237186e-01
7.5722115356e-01
7.5965175837e-01
7.6208236319e-01
7.6451296801e-01
7.6694357282e-01
7.6915911125e-01
7.7137464967e-01
7.7359018810e-01
7.7580572652e-01
7.7826049057e-01
7.8071525462e-01
7.8317001867e-01
7.8562478272e-01
7.8853994262e-01
7.9145510253e-01
7.9437026243e-01
7.9728542233e-01
8.0099529881e-01
8.0470517529e-01
8.0841505178e-01
8.1212492826e-01
8.1731667823e-01
8.2250842820e-01
8.2770017816e-01
8.3289192813e-01
8.4131811090e-01
8.4974429366e-01
8.5817047643e-01
8.6659665919e-01
8.8327190830e-01
8.9994715740e-01
9.1662240651e-01
9.3329765562e-01
9.4997324171e-01
9.6664882781e-01
9.8332441390e-01
1.0000000000e+00
