0.0000000000e+00
4.7806815005e-03
9.5613630009e-03
1.4342044501e-02
1.9122726002e-02
2.3812950833e-02
2.8503175664e-02
3.3193400495e-02
3.7883625327e-02
4.3276803116e-02
4.8669980905e-02
5.4063158693e-02
5.9456336482e-02
6.3716922835e-02
6.7977509187e-02
7.2238095540e-02
7.6498681892e-02
8.0437088679e-02
8.4375495467e-02
8.8313902254e-02
9.2252309042e-02
9.5570282499e-02
9.8888255957e-02
1.0220622941e-01
1.0552420287e-01
1.0851075502e-01
1.1149730717e-01
1.1448385932e-01
1.1747041147e-01
1.2025148480e-01
1.2303255814e-01
1.2581363147e-01
1.2859470481e-01
1.3125021603e-01
1.3390572726e-01
1.3656123849e-01
1.3921674971e-01
1.4182504739e-01
1.4443334506e-01
1.4704164274e-01
1.4964994042e-01
1.5235997017e-01
1.5506999992e-01
1.5778002968e-01
1.6049005943e-01
1.6357505506e-01
1.6666005068e-01
1.6974504631e-01
1.7283004193e-01
1.7539058474e-01
1.7795112755e-01
1.8051167036e-01
1.8307221317e-01
1.8547680237e-01
1.8788139156e-01
1.9028598075e-01
1.9269056995e-01
1.9515782136e-01
1.9762507278e-01
2.0009232420e-01
2.0255957562e-01
2.0478611929e-01
2.0701266297e-01
2.0923920665e-01
2.1146575032e-01
2.1368211851e-01
2.1589848670e-01
2.1811485488e-01
2.2033122307e-01
2.2271533011e-01
2.2509943715e-01
2.2748354420e-01
2.2986765124e-01
2.3261174562e-01
2.3535583999e-01
2.3809993437e-01
2.4084402875e-01
2.4315791936e-01
2.4547180997e-01
2.4778570058e-01
2.5009959118e-01
2.5235518551e-01
2.5461077984e-01
2.5686637417e-01
2.5912196851e-01
2.6143616670e-01
2.6375036489e-01
2.6606456308e-01
2.6837876127e-01
2.7090220158e-01
2.7342564189e-01
2.7594908219e-01
2.7847252250e-01
2.8117541137e-01
2.8387830024e-01
2.8658118910e-01
2.8928407797e-01
2.9202456556e-01
2.9476505315e-01
2.9750554074e-01
3.0024602833e-01
3.0331477123e-01
3.0638351412e-01
3.0945225702e-01
3.1252099991e-01
3.1583026874e-01
3.1913953757e-01
3.2244880639e-01
3.2575807522e-01
3.2881308505e-01
3.3186809489e-01
3.3492310472e-01
3.3797811455e-01
3.4103849998e-01
3.4409888542e-01
3.4715927085e-01
3.5021965629e-01
3.5337983539e-01
3.5654001450e-01
3.5970019361e-01
3.6286037272e-01
3.6620681730e-01
3.6955326188e-01
3.7289970646e-01
3.7624615104e-01
3.7978907371e-01
3.8333199637e-01
3.8687491904e-01
3.9041784170e-01
3.9424497933e-01
3.9807211695e-01
4.0189925458e-01
4.0572639220e-01
4.1005292962e-01
4.1437946704e-01
4.1870600445e-01
4.2303254187e-01
4.2774978828e-01
4.3246703469e-01
4.3718428110e-01
4.4190152751e-01
4.4733478141e-01
4.5276803530e-01
4.5820128919e-01
4.6363454309e-01
4.7037152690e-01
4.7710851072e-01
4.8384549453e-01
4.9058247835e-01
4.9694602615e-01
5.0330957395e-01
5.0967312175e-01
5.1603666955e-01
5.2139549710e-01
5.2675432465e-01
5.3211315221e-01
5.3747197976e-01
5.4222334887e-01
5.4697471799e-01
5.5172608710e-01
5.5647745622e-01
5.6092725104e-01
5.6537704586e-01
5.6982684068e-01
5.7427663550e-01
5.7820213526e-01
5.8212763503e-01
5.8605313479e-01
5.8997863455e-01
5.9360197200e-01
5.9722530945e-01
6.0084864689e-01
6.0447198434e-01
6.0792810073e-01
6.1138421712e-01
6.1484033352e-01
6.1829644991e-01
6.2152863489e-01
6.2476081986e-01
6.2799300484e-01
6.3122518982e-01
6.3432507947e-01
6.3742496913e-01
6.4052485879e-01
6.4362474845e-01
6.4666939581e-01
6.4971404316e-01
6.5275869052e-01
6.5580333788e-01
6.5893437093e-01
6.6206540399e-01
6.6519643704e-01
6.6832747009e-01
6.7179764891e-01
6.7526782774e-01
6.7873800656e-01
6.8220818538e-01
6.8506803605e-01
6.8792788672e-01
6.9078773740e-01
6.9364758807e-01
6.9633619747e-01
6.9902480687e-01
7.0171341627e-01
7.0440202567e-01
7.0721889262e-01
7.1003575956e-01
7.1285262651e-01
7.1566949345e-01
7.1808638056e-01
7.2050326766e-01
7.2292015476e-01
7.2533704186e-01
7.2762051111e-01
7.2990398035e-01
7.3218744960e-01
7.3447091884e-01
7.3673060987e-01
7.3899030089e-01
7.4124999192e-01
7.4350968294e-01
7.4589323150e-01
7.4827678006e-01
7.5066032861e-01
7.5304387717e-01
7.5578498670e-01
7.5852609624e-01
7.6126720577e-01
7.6400831530e-01
7.6631566081e-01
7.6862300631e-01
7.7093035182e-01
7.7323769732e-01
7.7544387472e-01
7.7765005212e-01
7.7985622952e-01
7.8206240692e-01
7.8431823797e-01
7.8657406901e-01
7.8882990006e-01
7.9108573111e-01
7.9350453302e-01
7.9592333493e-01
7.9834213684e-01
8.0076093874e-01
8.0322766595e-01
8.0569439316e-01
8.0816112037e-01
8.1062784757e-01
8.1328815944e-01
8.1594847130e-01
8.1860878316e-01
8.2126909502e-01
8.2427579576e-01
8.2728249651e-01
8.3028919725e-01
8.3329589799e-01
8.3593458278e-01
8.3857326756e-01
8.4121195235e-01
8.4385063714e-01
8.4646898218e-01
8.4908732722e-01
8.5170567226e-01
8.5432401730e-01
8.5702625799e-01
8.5972849868e-01
8.6243073937e-01
8.6513298006e-01
8.6800734593e-01
8.7088171180e-01
8.7375607767e-01
8.7663044355e-01
8.7981851543e-01
8.8300658731e-01
8.8619465919e-01
8.8938273107e-01
8.9320072304e-01
8.9701871502e-01
9.0083670699e-01
9.0465469896e-01
9.0885636177e-01
9.1305802459e-01
9.1725968740e-01
9.2146135021e-01
9.2684848901e-01
9.3223562781e-01
9.3762276661e-01
9.4300990541e-01
9.4769883834e-01
9.5238777126e-01
9.5707670419e-01
9.6176563711e-01
9.6654493247e-01
9.7132422783e-01
9.7610352320e-01
9.8088281856e-01
9.8566211392e-01
9.9044140928e-01
9.9522070464e-01
1.0000000000e+00
