6.1164868044e-06
6.7608773194e-06
8.8231623661e-06
1.2736544594e-05
1.9333246116e-05
2.7076759968e-05
3.8160296065e-05
5.3956309056e-05
7.6427985590e-05
1.0080404834e-04
1.3298349838e-04
1.7546266191e-04
2.3154195248e-04
2.9101486402e-04
3.6575693321e-04
4.5969156432e-04
5.7775148520e-04
7.0187091043e-04
8.5262178318e-04
1.0357139158e-03
1.2580777571e-03
1.4912827109e-03
1.7676172116e-03
2.0950301326e-03
2.4829224837e-03
2.8920166234e-03
3.3682359111e-03
3.9225080368e-03
4.5675069373e-03
5.2635202003e-03
6.0648180741e-03
6.9870869423e-03
8.0482688847e-03
9.4385164572e-03
1.1065698660e-02
1.2969032643e-02
1.5193776546e-02
1.7086702159e-02
1.9209940053e-02
2.1590059162e-02
2.4256303051e-02
2.6859818868e-02
2.9732470264e-02
3.2899741504e-02
3.6388994977e-02
3.9574591960e-02
4.3023792751e-02
4.6755600110e-02
5.0789867142e-02
5.4720433331e-02
5.8931661075e-02
6.3439777184e-02
6.8261326363e-02
7.3185925851e-02
7.8427898367e-02
8.4001987427e-02
8.9922759655e-02
9.6671605365e-02
1.0385220866e-01
1.1148054042e-01
1.1957134777e-01
1.2761020512e-01
1.3607890525e-01
1.4498521131e-01
1.5433491981e-01
1.6324772897e-01
1.7253299235e-01
1.8218980849e-01
1.9221531260e-01
2.0210024032e-01
2.1230895252e-01
2.2283355679e-01
2.3366432788e-01
2.4444538205e-01
2.5549117048e-01
2.6678801108e-01
2.7832075793e-01
2.9174851918e-01
3.0543538069e-01
3.1935294567e-01
3.3347124648e-01
3.4673805943e-01
3.6012536638e-01
3.7360698755e-01
3.8715654293e-01
4.0023515990e-01
4.1332901032e-01
4.2641524160e-01
4.3947156105e-01
4.5352654764e-01
4.6749519319e-01
4.8135264393e-01
4.9507548044e-01
5.0994244588e-01
5.2459466237e-01
5.3900793973e-01
5.5316053335e-01
5.6821441442e-01
5.8291655129e-01
5.9724869818e-01
6.1119573426e-01
6.2629026423e-01
6.4087737901e-01
6.5494825284e-01
6.6849769182e-01
6.8070752451e-01
6.9245949189e-01
7.0375635375e-01
7.1460263553e-01
7.2543920554e-01
7.3580090939e-01
7.4569749493e-01
7.5513982556e-01
7.6481780753e-01
7.7399791284e-01
7.8269655391e-01
7.9093068470e-01
7.9956416197e-01
8.0766857791e-01
8.1526808185e-01
8.2238669635e-01
8.3036694530e-01
8.3772287373e-01
8.4449409390e-01
8.5071884654e-01
8.5727250563e-01
8.6320069845e-01
8.6855418639e-01
8.7338068565e-01
8.7875746122e-01
8.8345676998e-01
8.8755299926e-01
8.9111376525e-01
8.9397454255e-01
8.9647589710e-01
8.9865729554e-01
9.0055448789e-01
9.0222087138e-01
9.0365865646e-01
9.0489511298e-01
9.0595468346e-01
9.0690709329e-01
9.0770896810e-01
9.0838056633e-01
9.0893966243e-01
9.0943582924e-01
9.0983523326e-01
9.1015214929e-01
9.1039842575e-01
9.1061023709e-01
9.1074961415e-01
9.1082460875e-01
9.1083964563e-01
9.1080584225e-01
9.1072764412e-01
9.1060170864e-01
9.1042276082e-01
9.1020286208e-01
9.0992358322e-01
9.0957581014e-01
9.0914865041e-01
9.0866053246e-01
9.0807763374e-01
9.0738567515e-01
9.0656843940e-01
9.0563251412e-01
9.0454069023e-01
9.0327155644e-01
9.0180122957e-01
8.9973146324e-01
8.9728130630e-01
8.9439235960e-01
8.9099883487e-01
8.8814628617e-01
8.8495057338e-01
8.8137687511e-01
8.7738753561e-01
8.7327209399e-01
8.6872767427e-01
8.6371693463e-01
8.5820013939e-01
8.5328032614e-01
8.4796926448e-01
8.4224164317e-01
8.3607115846e-01
8.3021944698e-01
8.2398016922e-01
8.1733344837e-01
8.1025903842e-01
8.0331613985e-01
7.9597331509e-01
7.8821418213e-01
7.8002245552e-01
7.7195724456e-01
7.6348691073e-01
7.5459902097e-01
7.4528168677e-01
7.3566232658e-01
7.2560454851e-01
7.1509943198e-01
7.0413923937e-01
6.9073300369e-01
6.7668810739e-01
6.6200075836e-01
6.4667125801e-01
6.3431729347e-01
6.2158284036e-01
6.0847448411e-01
5.9500106289e-01
5.8176598405e-01
5.6821844629e-01
5.5437278156e-01
5.4024566130e-01
5.2733547893e-01
5.1422917907e-01
5.0094384971e-01
4.8749815599e-01
4.7470150211e-01
4.6179853972e-01
4.4880848467e-01
4.3575157794e-01
4.2203727906e-01
4.0829818380e-01
3.9456031041e-01
3.8085028266e-01
3.6659497494e-01
3.5243044978e-01
3.3838753594e-01
3.2449664474e-01
3.1220212992e-01
3.0007423719e-01
2.8813278479e-01
2.7639658746e-01
2.6448906105e-01
2.5283826792e-01
2.4146071147e-01
2.3037118525e-01
2.1894225242e-01
2.0786494985e-01
1.9715014497e-01
1.8680635430e-01
1.7575639530e-01
1.6517729956e-01
1.5507111768e-01
1.4543689288e-01
1.3624607857e-01
1.2751981220e-01
1.1924961707e-01
1.1142509084e-01
1.0425313025e-01
9.7476564671e-02
9.1082249589e-02
8.5056292761e-02
7.9020143102e-02
7.3368428660e-02
6.8082935635e-02
6.3145387359e-02
5.7885711575e-02
5.3033067811e-02
4.8561094932e-02
4.4444266773e-02
3.9741292034e-02
3.5513234456e-02
3.1716820830e-02
2.8311732750e-02
2.4294230119e-02
2.0832061902e-02
1.7852420528e-02
1.5290951734e-02
1.3294343830e-02
1.1554800927e-02
1.0040113972e-02
8.7218853382e-03
7.5006755522e-03
6.4491478848e-03
5.5440585368e-03
4.7652578031e-03
4.0165962498e-03
3.3850967924e-03
2.8525471357e-03
2.4035281515e-03
1.9651487701e-03
1.6065904558e-03
1.3133532110e-03
1.0735577780e-03
8.3730502931e-04
6.5302526716e-04
5.0928141207e-04
3.9715266151e-04
2.8633146185e-04
2.0646155487e-04
1.4888123107e-04
1.0736152487e-04
6.8887414999e-05
4.4298020166e-05
2.8599886289e-05
1.8629877680e-05
1.2414244189e-05
8.7003015375e-06
6.7328666893e-06
6.1165204703e-06
