2.5199958553e-01
2.5219494465e-01
2.5278132480e-01
2.5375963516e-01
2.5513139270e-01
2.5601255286e-01
2.5700376541e-01
2.5810545645e-01
2.5931809957e-01
2.6014314347e-01
2.6101298000e-01
2.6192775894e-01
2.6288763781e-01
2.6359293383e-01
2.6432087553e-01
2.6507152545e-01
2.6584494808e-01
2.6644391735e-01
2.6705593082e-01
2.6768101846e-01
2.6831921085e-01
2.6883531430e-01
2.6935971584e-01
2.6989243168e-01
2.7043347823e-01
2.7089239097e-01
2.7135715243e-01
2.7182777261e-01
2.7230426163e-01
2.7272882729e-01
2.7315796112e-01
2.7359167019e-01
2.7402996160e-01
2.7447099239e-01
2.7491658152e-01
2.7536673586e-01
2.7582146207e-01
2.7621670617e-01
2.7661534897e-01
2.7701739383e-01
2.7742284353e-01
2.7772606884e-01
2.7803117249e-01
2.7833815443e-01
2.7864701408e-01
2.7891388007e-01
2.7918212988e-01
2.7945176158e-01
2.7972277249e-01
2.8000064727e-01
2.8027994875e-01
2.8056067075e-01
2.8084280548e-01
2.8110902816e-01
2.8137647845e-01
2.8164514461e-01
2.8191501267e-01
2.8216792643e-01
2.8242185689e-01
2.8267678597e-01
2.8293269296e-01
2.8317483523e-01
2.8341780358e-01
2.8366157318e-01
2.8390611651e-01
2.8417007455e-01
2.8443485180e-01
2.8470040287e-01
2.8496667847e-01
2.8522186126e-01
2.8547760797e-01
2.8573386594e-01
2.8599057968e-01
2.8629204777e-01
2.8659396458e-01
2.8689622852e-01
2.8719873480e-01
2.8752062074e-01
2.8784252804e-01
2.8816432408e-01
2.8848587588e-01
2.8882158551e-01
2.8915673363e-01
2.8949117305e-01
2.8982475990e-01
2.9016464672e-01
2.9050335303e-01
2.9084074045e-01
2.9117667671e-01
2.9154178238e-01
2.9190485220e-01
2.9226574114e-01
2.9262431392e-01
2.9305260655e-01
2.9347716281e-01
2.9389780186e-01
2.9431436167e-01
2.9482840487e-01
2.9533562537e-01
2.9583581783e-01
2.9632881181e-01
2.9691095660e-01
2.9748234322e-01
2.9804283813e-01
2.9859235360e-01
2.9913993010e-01
2.9967608628e-01
3.0020083907e-01
3.0071423207e-01
3.0124816229e-01
3.0176940706e-01
3.0227808951e-01
3.0277434929e-01
3.0332474964e-01
3.0385947043e-01
3.0437876850e-01
3.0488291124e-01
3.0546453807e-01
3.0602548995e-01
3.0656624796e-01
3.0708729567e-01
3.0771934825e-01
3.0832156607e-01
3.0889491114e-01
3.0944033034e-01
3.1012789828e-01
3.1076932391e-01
3.1136671254e-01
3.1192210402e-01
3.1254502620e-01
3.1311195400e-01
3.1362620619e-01
3.1409097975e-01
3.1449027183e-01
3.1485009378e-01
3.1517293951e-01
3.1546122821e-01
3.1568760513e-01
3.1589071994e-01
3.1607207104e-01
3.1623311109e-01
3.1636584235e-01
3.1648331601e-01
3.1658657011e-01
3.1667658982e-01
3.1675202834e-01
3.1681670355e-01
3.1687132862e-01
3.1691654264e-01
3.1695555149e-01
3.1698476091e-01
3.1700463253e-01
3.1701549020e-01
3.1701763718e-01
3.1701197714e-01
3.1699842601e-01
3.1697678521e-01
3.1694702893e-01
3.1690860423e-01
3.1686100662e-01
3.1680364050e-01
3.1672828773e-01
3.1663922630e-01
3.1653534062e-01
3.1641542737e-01
3.1623926612e-01
3.1603282427e-01
3.1579323799e-01
3.1551751686e-01
3.1516999874e-01
3.1477106498e-01
3.1431631392e-01
3.1380117615e-01
3.1338605423e-01
3.1293461938e-01
3.1244492200e-01
3.1191494927e-01
3.1147656254e-01
3.1101190301e-01
3.1051995699e-01
3.0999968471e-01
3.0955409181e-01
3.0908839714e-01
3.0860200045e-01
3.0809429119e-01
3.0764797532e-01
3.0718560420e-01
3.0670679553e-01
3.0621116489e-01
3.0576563394e-01
3.0530680489e-01
3.0483442568e-01
3.0434824730e-01
3.0390092003e-01
3.0344215736e-01
3.0297179373e-01
3.0248967081e-01
3.0202751213e-01
3.0155480188e-01
3.0107143713e-01
3.0057732770e-01
3.0003943315e-01
2.9948920922e-01
2.9892661614e-01
2.9835164735e-01
2.9787557665e-01
2.9739140174e-01
2.9689918460e-01
2.9639901280e-01
2.9598555350e-01
2.9556696511e-01
2.9514334164e-01
2.9471479388e-01
2.9435414987e-01
2.9399026274e-01
2.9362322712e-01
2.9325314802e-01
2.9291598389e-01
2.9257651945e-01
2.9223485605e-01
2.9189110295e-01
2.9156734753e-01
2.9124196452e-01
2.9091506285e-01
2.9058675749e-01
2.9022075053e-01
2.8985333585e-01
2.8948469479e-01
2.8911501576e-01
2.8882217346e-01
2.8852890238e-01
2.8823530231e-01
2.8794147402e-01
2.8767414004e-01
2.8740677729e-01
2.8713946149e-01
2.8687226758e-01
2.8662113641e-01
2.8637023850e-01
2.8611963247e-01
2.8586937519e-01
2.8557508641e-01
2.8528144332e-01
2.8498852679e-01
2.8469641256e-01
2.8445461085e-01
2.8421344774e-01
2.8397295785e-01
2.8373317309e-01
2.8347049600e-01
2.8320874108e-01
2.8294793990e-01
2.8268812054e-01
2.8239668310e-01
2.8210655345e-01
2.8181775800e-01
2.8153031913e-01
2.8125681493e-01
2.8098458147e-01
2.8071363021e-01
2.8044397061e-01
2.8015465241e-01
2.7986685278e-01
2.7958057784e-01
2.7929583229e-01
2.7892968551e-01
2.7856611024e-01
2.7820510977e-01
2.7784668580e-01
2.7735046913e-01
2.7685927609e-01
2.7637310276e-01
2.7589194362e-01
2.7543180844e-01
2.7497634150e-01
2.7452553596e-01
2.7407938478e-01
2.7356943513e-01
2.7306568424e-01
2.7256812093e-01
2.7207673409e-01
2.7145966465e-01
2.7085257867e-01
2.7025545389e-01
2.6966826839e-01
2.6884039190e-01
2.6803300503e-01
2.6724604627e-01
2.6647945564e-01
2.6518558299e-01
2.6395372298e-01
2.6278358754e-01
2.6167490305e-01
2.5939928433e-01
2.5743206837e-01
2.5577091623e-01
2.5441385286e-01
2.5335666427e-01
2.5260243127e-01
2.5215025192e-01
2.5199958550e-01
