0.0000000000e+00
3.3536790936e-03
6.7073581872e-03
1.0061037281e-02
1.3414716374e-02
1.6319247630e-02
1.9223778885e-02
2.2128310140e-02
2.5032841395e-02
2.7738180668e-02
3.0443519940e-02
3.3148859212e-02
3.5854198484e-02
3.9269803581e-02
4.2685408679e-02
4.6101013777e-02
4.9516618875e-02
5.2061508778e-02
5.4606398681e-02
5.7151288583e-02
5.9696178486e-02
6.2068683549e-02
6.4441188612e-02
6.6813693675e-02
6.9186198738e-02
7.1539138875e-02
7.3892079012e-02
7.6245019149e-02
7.8597959286e-02
8.1210078586e-02
8.3822197886e-02
8.6434317187e-02
8.9046436487e-02
9.1398614690e-02
9.3750792892e-02
9.6102971095e-02
9.8455149298e-02
1.0120050766e-01
1.0394586602e-01
1.0669122438e-01
1.0943658274e-01
1.1232766825e-01
1.1521875377e-01
1.1810983929e-01
1.2100092481e-01
1.2435807505e-01
1.2771522530e-01
1.3107237555e-01
1.3442952579e-01
1.3760150105e-01
1.4077347630e-01
1.4394545156e-01
1.4711742682e-01
1.5060091406e-01
1.5408440130e-01
1.5756788854e-01
1.6105137579e-01
1.6506903269e-01
1.6908668959e-01
1.7310434649e-01
1.7712200339e-01
1.8200540472e-01
1.8688880605e-01
1.9177220738e-01
1.9665560871e-01
2.0277976238e-01
2.0890391604e-01
2.1502806970e-01
2.2115222336e-01
2.2614177355e-01
2.3113132374e-01
2.3612087393e-01
2.4111042412e-01
2.4538547063e-01
2.4966051714e-01
2.5393556364e-01
2.5821061015e-01
2.6182668094e-01
2.6544275172e-01
2.6905882251e-01
2.7267489330e-01
2.7593143982e-01
2.7918798635e-01
2.8244453287e-01
2.8570107940e-01
2.8882096108e-01
2.9194084275e-01
2.9506072443e-01
2.9818060611e-01
3.0172263625e-01
3.0526466638e-01
3.0880669652e-01
3.1234872666e-01
3.1508074084e-01
3.1781275502e-01
3.2054476920e-01
3.2327678338e-01
3.2580263573e-01
3.2832848808e-01
3.3085434043e-01
3.3338019278e-01
3.3568882868e-01
3.3799746458e-01
3.4030610048e-01
3.4261473637e-01
3.4547297751e-01
3.4833121864e-01
3.5118945977e-01
3.5404770091e-01
3.5632134128e-01
3.5859498166e-01
3.6086862204e-01
3.6314226241e-01
3.6558788344e-01
3.6803350446e-01
3.7047912548e-01
3.7292474650e-01
3.7552767178e-01
3.7813059707e-01
3.8073352235e-01
3.8333644763e-01
3.8616388466e-01
3.8899132168e-01
3.9181875871e-01
3.9464619573e-01
3.9734303307e-01
4.0003987041e-01
4.0273670775e-01
4.0543354509e-01
4.0849427316e-01
4.1155500123e-01
4.1461572930e-01
4.1767645737e-01
4.2173018562e-01
4.2578391388e-01
4.2983764213e-01
4.3389137039e-01
4.3936573110e-01
4.4484009181e-01
4.5031445253e-01
4.5578881324e-01
4.6083706716e-01
4.6588532108e-01
4.7093357500e-01
4.7598182892e-01
4.8159124704e-01
4.8720066516e-01
4.9281008328e-01
4.9841950139e-01
5.0356445063e-01
5.0870939986e-01
5.1385434909e-01
5.1899929833e-01
5.2386160162e-01
5.2872390492e-01
5.3358620821e-01
5.3844851151e-01
5.4311591746e-01
5.4778332341e-01
5.5245072937e-01
5.5711813532e-01
5.6101609054e-01
5.6491404576e-01
5.6881200098e-01
5.7270995619e-01
5.7566348466e-01
5.7861701313e-01
5.8157054160e-01
5.8452407006e-01
5.8723313363e-01
5.8994219719e-01
5.9265126075e-01
5.9536032431e-01
5.9807532332e-01
6.0079032233e-01
6.0350532134e-01
6.0622032036e-01
6.0885424970e-01
6.1148817904e-01
6.1412210839e-01
6.1675603773e-01
6.1914687911e-01
6.2153772049e-01
6.2392856187e-01
6.2631940325e-01
6.2862986820e-01
6.3094033316e-01
6.3325079811e-01
6.3556126307e-01
6.3810807218e-01
6.4065488129e-01
6.4320169041e-01
6.4574849952e-01
6.4808064990e-01
6.5041280028e-01
6.5274495066e-01
6.5507710105e-01
6.5751307185e-01
6.5994904266e-01
6.6238501347e-01
6.6482098428e-01
6.6765982289e-01
6.7049866150e-01
6.7333750011e-01
6.7617633872e-01
6.7972945894e-01
6.8328257916e-01
6.8683569938e-01
6.9038881960e-01
6.9348894180e-01
6.9658906401e-01
6.9968918621e-01
7.0278930842e-01
7.0608962882e-01
7.0938994922e-01
7.1269026962e-01
7.1599059002e-01
7.1973878469e-01
7.2348697937e-01
7.2723517404e-01
7.3098336871e-01
7.3556856437e-01
7.4015376002e-01
7.4473895567e-01
7.4932415133e-01
7.5501019879e-01
7.6069624626e-01
7.6638229372e-01
7.7206834119e-01
7.7745608193e-01
7.8284382267e-01
7.8823156342e-01
7.9361930416e-01
7.9817166635e-01
8.0272402854e-01
8.0727639072e-01
8.1182875291e-01
8.1566001531e-01
8.1949127771e-01
8.2332254011e-01
8.2715380251e-01
8.3057076007e-01
8.3398771764e-01
8.3740467520e-01
8.4082163277e-01
8.4398433839e-01
8.4714704401e-01
8.5030974964e-01
8.5347245526e-01
8.5680320183e-01
8.6013394839e-01
8.6346469495e-01
8.6679544152e-01
8.6969929948e-01
8.7260315744e-01
8.7550701540e-01
8.7841087337e-01
8.8130049183e-01
8.8419011029e-01
8.8707972875e-01
8.8996934721e-01
8.9233746757e-01
8.9470558793e-01
8.9707370829e-01
8.9944182865e-01
9.0187706294e-01
9.0431229724e-01
9.0674753153e-01
9.0918276583e-01
9.1163835643e-01
9.1409394703e-01
9.1654953763e-01
9.1900512823e-01
9.2130406595e-01
9.2360300367e-01
9.2590194140e-01
9.2820087912e-01
9.3070280934e-01
9.3320473955e-01
9.3570666976e-01
9.3820859998e-01
9.4142256970e-01
9.4463653942e-01
9.4785050914e-01
9.5106447887e-01
9.5376666992e-01
9.5646886098e-01
9.5917105204e-01
9.6187324310e-01
9.6474251158e-01
9.6761178005e-01
9.7048104853e-01
9.7335031701e-01
9.7668152738e-01
9.8001273776e-01
9.8334394813e-01
9.8667515850e-01
9.9000636888e-01
9.9333757925e-01
9.9666878963e-01
1.0000000000e+00
