0.0000000000e+00
1.8086225404e-02
3.6172450807e-02
5.4258676211e-02
7.2344901615e-02
8.1823678739e-02
9.1302455863e-02
1.0078123299e-01
1.1026001011e-01
1.1633385821e-01
1.2240770631e-01
1.2848155441e-01
1.3455540251e-01
1.3879399497e-01
1.4303258743e-01
1.4727117989e-01
1.5150977236e-01
1.5470014059e-01
1.5789050882e-01
1.6108087705e-01
1.6427124529e-01
1.6684715888e-01
1.6942307247e-01
1.7199898607e-01
1.7457489966e-01
1.7681693910e-01
1.7905897853e-01
1.8130101797e-01
1.8354305740e-01
1.8576136112e-01
1.8797966484e-01
1.9019796856e-01
1.9241627228e-01
1.9409349428e-01
1.9577071628e-01
1.9744793828e-01
1.9912516028e-01
2.0041057719e-01
2.0169599411e-01
2.0298141103e-01
2.0426682795e-01
2.0546038244e-01
2.0665393694e-01
2.0784749144e-01
2.0904104594e-01
2.1030187734e-01
2.1156270874e-01
2.1282354014e-01
2.1408437154e-01
2.1517228874e-01
2.1626020595e-01
2.1734812316e-01
2.1843604036e-01
2.1945457215e-01
2.2047310393e-01
2.2149163572e-01
2.2251016751e-01
2.2365074234e-01
2.2479131717e-01
2.2593189200e-01
2.2707246683e-01
2.2812661817e-01
2.2918076950e-01
2.3023492083e-01
2.3128907216e-01
2.3252065893e-01
2.3375224570e-01
2.3498383247e-01
2.3621541924e-01
2.3780306097e-01
2.3939070269e-01
2.4097834441e-01
2.4256598614e-01
2.4397508195e-01
2.4538417776e-01
2.4679327358e-01
2.4820236939e-01
2.4979929974e-01
2.5139623008e-01
2.5299316043e-01
2.5459009078e-01
2.5670102190e-01
2.5881195302e-01
2.6092288414e-01
2.6303381525e-01
2.6561619511e-01
2.6819857496e-01
2.7078095481e-01
2.7336333467e-01
2.7613571608e-01
2.7890809749e-01
2.8168047890e-01
2.8445286031e-01
2.8743193485e-01
2.9041100938e-01
2.9339008392e-01
2.9636915846e-01
2.9984191855e-01
3.0331467865e-01
3.0678743875e-01
3.1026019884e-01
3.1454992444e-01
3.1883965004e-01
3.2312937564e-01
3.2741910124e-01
3.3303164028e-01
3.3864417932e-01
3.4425671836e-01
3.4986925740e-01
3.5523615041e-01
3.6060304341e-01
3.6596993641e-01
3.7133682942e-01
3.7681456051e-01
3.8229229160e-01
3.8777002269e-01
3.9324775379e-01
3.9755288463e-01
4.0185801547e-01
4.0616314631e-01
4.1046827715e-01
4.1386220043e-01
4.1725612372e-01
4.2065004700e-01
4.2404397028e-01
4.2700073616e-01
4.2995750203e-01
4.3291426791e-01
4.3587103379e-01
4.3939627529e-01
4.4292151679e-01
4.4644675830e-01
4.4997199980e-01
4.5249320249e-01
4.5501440518e-01
4.5753560787e-01
4.6005681056e-01
4.6239322102e-01
4.6472963148e-01
4.6706604195e-01
4.6940245241e-01
4.7176473412e-01
4.7412701584e-01
4.7648929756e-01
4.7885157927e-01
4.8112303212e-01
4.8339448497e-01
4.8566593782e-01
4.8793739068e-01
4.9027364544e-01
4.9260990021e-01
4.9494615498e-01
4.9728240975e-01
4.9953260842e-01
5.0178280708e-01
5.0403300575e-01
5.0628320441e-01
5.0877836569e-01
5.1127352696e-01
5.1376868823e-01
5.1626384950e-01
5.1852374361e-01
5.2078363771e-01
5.2304353181e-01
5.2530342592e-01
5.2775904206e-01
5.3021465820e-01
5.3267027434e-01
5.3512589048e-01
5.3786493111e-01
5.4060397175e-01
5.4334301239e-01
5.4608205302e-01
5.4900081812e-01
5.5191958321e-01
5.5483834830e-01
5.5775711340e-01
5.6091478102e-01
5.6407244865e-01
5.6723011628e-01
5.7038778390e-01
5.7447782386e-01
5.7856786381e-01
5.8265790377e-01
5.8674794372e-01
5.9247427650e-01
5.9820060929e-01
6.0392694208e-01
6.0965327486e-01
6.1506423536e-01
6.2047519586e-01
6.2588615637e-01
6.3129711687e-01
6.3680554031e-01
6.4231396375e-01
6.4782238719e-01
6.5333081062e-01
6.5770785475e-01
6.6208489888e-01
6.6646194301e-01
6.7083898714e-01
6.7448704552e-01
6.7813510391e-01
6.8178316229e-01
6.8543122067e-01
6.8857993296e-01
6.9172864525e-01
6.9487735754e-01
6.9802606983e-01
7.0085509612e-01
7.0368412241e-01
7.0651314870e-01
7.0934217498e-01
7.1230590742e-01
7.1526963986e-01
7.1823337230e-01
7.2119710473e-01
7.2359395857e-01
7.2599081240e-01
7.2838766624e-01
7.3078452007e-01
7.3273810616e-01
7.3469169226e-01
7.3664527835e-01
7.3859886444e-01
7.4019875016e-01
7.4179863589e-01
7.4339852161e-01
7.4499840733e-01
7.4642519058e-01
7.4785197383e-01
7.4927875708e-01
7.5070554034e-01
7.5212784408e-01
7.5355014783e-01
7.5497245158e-01
7.5639475532e-01
7.5766733748e-01
7.5893991964e-01
7.6021250179e-01
7.6148508395e-01
7.6266228343e-01
7.6383948291e-01
7.6501668238e-01
7.6619388186e-01
7.6723070302e-01
7.6826752418e-01
7.6930434534e-01
7.7034116650e-01
7.7148287451e-01
7.7262458252e-01
7.7376629053e-01
7.7490799854e-01
7.7592754730e-01
7.7694709607e-01
7.7796664484e-01
7.7898619360e-01
7.8011155215e-01
7.8123691071e-01
7.8236226926e-01
7.8348762781e-01
7.8474939148e-01
7.8601115515e-01
7.8727291882e-01
7.8853468249e-01
7.8976178504e-01
7.9098888758e-01
7.9221599013e-01
7.9344309268e-01
7.9498077857e-01
7.9651846446e-01
7.9805615035e-01
7.9959383624e-01
8.0186504159e-01
8.0413624694e-01
8.0640745228e-01
8.0867865763e-01
8.1096702753e-01
8.1325539743e-01
8.1554376733e-01
8.1783213723e-01
8.2061748547e-01
8.2340283371e-01
8.2618818194e-01
8.2897353018e-01
8.3292520023e-01
8.3687687029e-01
8.4082854034e-01
8.4478021039e-01
8.5174339101e-01
8.5870657163e-01
8.6566975225e-01
8.7263293287e-01
8.8854391359e-01
9.0445489431e-01
9.2036587504e-01
9.3627685576e-01
9.5220764182e-01
9.6813842788e-01
9.8406921394e-01
1.0000000000e+00
