5.0250380891e-01
5.0251511780e-01
5.0254903798e-01
5.0260554996e-01
5.0268462132e-01
5.0278280271e-01
5.0290210319e-01
5.0304245849e-01
5.0320379304e-01
5.0338338029e-01
5.0358319709e-01
5.0380313917e-01
5.0404309188e-01
5.0430177911e-01
5.0458004944e-01
5.0487775982e-01
5.0519475749e-01
5.0553205611e-01
5.0588843654e-01
5.0626371593e-01
5.0665770219e-01
5.0707489082e-01
5.0751078250e-01
5.0796515108e-01
5.0843776156e-01
5.0893869528e-01
5.0945811056e-01
5.0999573045e-01
5.1055126939e-01
5.1114513798e-01
5.1175757199e-01
5.1238822691e-01
5.1303674964e-01
5.1375063715e-01
5.1448414644e-01
5.1523681370e-01
5.1600816571e-01
5.1693738943e-01
5.1789092955e-01
5.1886797520e-01
5.1986770185e-01
5.2073170310e-01
5.2161086430e-01
5.2250466488e-01
5.2341257946e-01
5.2429288931e-01
5.2518513859e-01
5.2608885903e-01
5.2700357997e-01
5.2790998976e-01
5.2882605926e-01
5.2975134132e-01
5.3068538800e-01
5.3162206561e-01
5.3256651928e-01
5.3351830871e-01
5.3447699407e-01
5.3545007945e-01
5.3642927928e-01
5.3741414618e-01
5.3840423449e-01
5.3942369455e-01
5.4044769607e-01
5.4147576702e-01
5.4250743845e-01
5.4351627863e-01
5.4452767045e-01
5.4554118932e-01
5.4655641444e-01
5.4757195433e-01
5.4858836956e-01
5.4960525292e-01
5.5062220173e-01
5.5164821838e-01
5.5267349213e-01
5.5369762406e-01
5.5472022055e-01
5.5576008431e-01
5.5679754696e-01
5.5783221024e-01
5.5886368217e-01
5.5992469250e-01
5.6098147450e-01
5.6203361891e-01
5.6308072401e-01
5.6418994165e-01
5.6529253013e-01
5.6638803321e-01
5.6747600480e-01
5.6855819037e-01
5.6963194791e-01
5.7069685948e-01
5.7175251743e-01
5.7278679926e-01
5.7381127214e-01
5.7482557173e-01
5.7582934345e-01
5.7683202100e-01
5.7782326413e-01
5.7880273752e-01
5.7977011573e-01
5.8074937462e-01
5.8171524884e-01
5.8266741893e-01
5.8360557581e-01
5.8457156133e-01
5.8552155807e-01
5.8645524779e-01
5.8737232394e-01
5.8835497521e-01
5.8931707227e-01
5.9025826120e-01
5.9117820334e-01
5.9213069690e-01
5.9305853811e-01
5.9396137600e-01
5.9483887699e-01
5.9562193836e-01
5.9638314249e-01
5.9712226764e-01
5.9783910298e-01
5.9850847628e-01
5.9915680292e-01
5.9978392140e-01
6.0038967851e-01
6.0096555688e-01
6.0152042040e-01
6.0205414465e-01
6.0256661208e-01
6.0305611313e-01
6.0352428497e-01
6.0397103031e-01
6.0439625776e-01
6.0480185822e-01
6.0518555597e-01
6.0554727528e-01
6.0588694574e-01
6.0620861763e-01
6.0650751462e-01
6.0678357919e-01
6.0703675884e-01
6.0727266312e-01
6.0748438553e-01
6.0767188493e-01
6.0783512519e-01
6.0798177948e-01
6.0810105201e-01
6.0819291739e-01
6.0825735614e-01
6.0829403190e-01
6.0830400962e-01
6.0828728726e-01
6.0824386825e-01
6.0817744959e-01
6.0808667868e-01
6.0797157261e-01
6.0783215317e-01
6.0767280301e-01
6.0749038540e-01
6.0728493377e-01
6.0705648607e-01
6.0680857133e-01
6.0653835369e-01
6.0624588319e-01
6.0593121458e-01
6.0559622679e-01
6.0523939510e-01
6.0486078815e-01
6.0446047981e-01
6.0403722795e-01
6.0359230721e-01
6.0312580895e-01
6.0263783052e-01
6.0212088025e-01
6.0158203938e-01
6.0102142979e-01
6.0043918061e-01
5.9981157480e-01
5.9916092727e-01
5.9848740937e-01
5.9779120206e-01
5.9694892547e-01
5.9607623358e-01
5.9517346915e-01
5.9424099560e-01
5.9341199722e-01
5.9256138416e-01
5.9168943035e-01
5.9079642276e-01
5.8994942745e-01
5.8908482192e-01
5.8820286701e-01
5.8730383421e-01
5.8642581470e-01
5.8553260503e-01
5.8462447357e-01
5.8370169842e-01
5.8278777726e-01
5.8186047422e-01
5.8092007518e-01
5.7996687546e-01
5.7901146338e-01
5.7804412308e-01
5.7706516850e-01
5.7607492306e-01
5.7506096085e-01
5.7403611704e-01
5.7300075766e-01
5.7195525900e-01
5.7090693391e-01
5.6984937233e-01
5.6878297353e-01
5.6770814690e-01
5.6668335638e-01
5.6565175437e-01
5.6461371308e-01
5.6356961274e-01
5.6255386382e-01
5.6153316368e-01
5.6050787812e-01
5.5947837976e-01
5.5846533072e-01
5.5744896080e-01
5.5642963984e-01
5.5540774367e-01
5.5439443059e-01
5.5337934524e-01
5.5236286836e-01
5.5134538597e-01
5.5032816915e-01
5.4931073417e-01
5.4829348094e-01
5.4727681403e-01
5.4624133678e-01
5.4520733219e-01
5.4417524271e-01
5.4314551497e-01
5.4213338356e-01
5.4112441892e-01
5.4011905922e-01
5.3911774565e-01
5.3813122973e-01
5.3714954403e-01
5.3617312338e-01
5.3520240448e-01
5.3423440678e-01
5.3327303722e-01
5.3231874114e-01
5.3137196460e-01
5.3041584386e-01
5.2946845889e-01
5.2853028132e-01
5.2760178217e-01
5.2663924502e-01
5.2568840272e-01
5.2474979328e-01
5.2382395209e-01
5.2256032171e-01
5.2132375900e-01
5.2011566238e-01
5.1893741187e-01
5.1811161627e-01
5.1730236201e-01
5.1651013613e-01
5.1573541846e-01
5.1502174559e-01
5.1432443117e-01
5.1364385686e-01
5.1298039708e-01
5.1235523023e-01
5.1174674703e-01
5.1115526532e-01
5.1058109545e-01
5.1003547113e-01
5.0950704260e-01
5.0899607946e-01
5.0850284336e-01
5.0803279276e-01
5.0758056060e-01
5.0714637566e-01
5.0673045831e-01
5.0633444838e-01
5.0595698273e-01
5.0559825314e-01
5.0525844235e-01
5.0493648571e-01
5.0463393978e-01
5.0435096100e-01
5.0408769596e-01
5.0384107178e-01
5.0361497964e-01
5.0340954053e-01
5.0322486455e-01
5.0305626316e-01
5.0290994617e-01
5.0278599727e-01
5.0268448744e-01
5.0260547461e-01
5.0254900447e-01
5.0251510942e-01
5.0250380891e-01
