2.9129794112e-01
2.9129804112e-01
2.9129834113e-01
2.9129884110e-01
2.9129954098e-01
2.9130040915e-01
2.9130146460e-01
2.9130270719e-01
2.9130413679e-01
2.9130572921e-01
2.9130750307e-01
2.9130945814e-01
2.9131159420e-01
2.9131391631e-01
2.9131641965e-01
2.9131910392e-01
2.9132196878e-01
2.9132511210e-01
2.9132844665e-01
2.9133197198e-01
2.9133568756e-01
2.9134013806e-01
2.9134483245e-01
2.9134976982e-01
2.9135494915e-01
2.9135995068e-01
2.9136515709e-01
2.9137056743e-01
2.9137618065e-01
2.9138153004e-01
2.9138704975e-01
2.9139273882e-01
2.9139859626e-01
2.9140432513e-01
2.9141020450e-01
2.9141623337e-01
2.9142241066e-01
2.9142863340e-01
2.9143499769e-01
2.9144150238e-01
2.9144814627e-01
2.9145489124e-01
2.9146177138e-01
2.9146878533e-01
2.9147593169e-01
2.9148281502e-01
2.9148981434e-01
2.9149692833e-01
2.9150415560e-01
2.9151144398e-01
2.9151884126e-01
2.9152634594e-01
2.9153395648e-01
2.9154195423e-01
2.9155006216e-01
2.9155827841e-01
2.9156660105e-01
2.9157563376e-01
2.9158478378e-01
2.9159404851e-01
2.9160342528e-01
2.9161403677e-01
2.9162478090e-01
2.9163565360e-01
2.9164665069e-01
2.9165618275e-01
2.9166580047e-01
2.9167550102e-01
2.9168528151e-01
2.9169477565e-01
2.9170433856e-01
2.9171396751e-01
2.9172365972e-01
2.9173338819e-01
2.9174317397e-01
2.9175301419e-01
2.9176290593e-01
2.9177308663e-01
2.9178331506e-01
2.9179358799e-01
2.9180390212e-01
2.9181488710e-01
2.9182591076e-01
2.9183696906e-01
2.9184805793e-01
2.9186086015e-01
2.9187369119e-01
2.9188654471e-01
2.9189941435e-01
2.9191145132e-01
2.9192349151e-01
2.9193552968e-01
2.9194756053e-01
2.9195987329e-01
2.9197216717e-01
2.9198443648e-01
2.9199667556e-01
2.9200992888e-01
2.9202313263e-01
2.9203627962e-01
2.9204936268e-01
2.9206722542e-01
2.9208493565e-01
2.9210247524e-01
2.9211982628e-01
2.9213295277e-01
2.9214595096e-01
2.9215881315e-01
2.9217153177e-01
2.9218374026e-01
2.9219579951e-01
2.9220770291e-01
2.9221944392e-01
2.9223103942e-01
2.9224245911e-01
2.9225369677e-01
2.9226474631e-01
2.9227579806e-01
2.9228664243e-01
2.9229727339e-01
2.9230768509e-01
2.9231817494e-01
2.9232841995e-01
2.9233841420e-01
2.9234815192e-01
2.9235800636e-01
2.9236757092e-01
2.9237683970e-01
2.9238580705e-01
2.9239490421e-01
2.9240365600e-01
2.9241205658e-01
2.9242010036e-01
2.9242826963e-01
2.9243602196e-01
2.9244335157e-01
2.9245025302e-01
2.9245723965e-01
2.9246371191e-01
2.9246966422e-01
2.9247509147e-01
2.9248037703e-01
2.9248503465e-01
2.9248905968e-01
2.9249244811e-01
2.9249542528e-01
2.9249763096e-01
2.9249906254e-01
2.9249971831e-01
2.9249963652e-01
2.9249889998e-01
2.9249750943e-01
2.9249546626e-01
2.9249295091e-01
2.9248986232e-01
2.9248620323e-01
2.9248197692e-01
2.9247754424e-01
2.9247262840e-01
2.9246723321e-01
2.9246136288e-01
2.9245544602e-01
2.9244912151e-01
2.9244239371e-01
2.9243526726e-01
2.9242814470e-01
2.9242067246e-01
2.9241285523e-01
2.9240469793e-01
2.9239657275e-01
2.9238814520e-01
2.9237942023e-01
2.9237040294e-01
2.9236141873e-01
2.9235217163e-01
2.9234266677e-01
2.9233290945e-01
2.9232315486e-01
2.9231317052e-01
2.9230296181e-01
2.9229253424e-01
2.9228203204e-01
2.9227132767e-01
2.9226042683e-01
2.9224933535e-01
2.9223798701e-01
2.9222645785e-01
2.9221475418e-01
2.9220288246e-01
2.9219015546e-01
2.9217725585e-01
2.9216419165e-01
2.9215097103e-01
2.9213692461e-01
2.9212272451e-01
2.9210838064e-01
2.9209390302e-01
2.9208138382e-01
2.9206878012e-01
2.9205609845e-01
2.9204334540e-01
2.9203130603e-01
2.9201921504e-01
2.9200707798e-01
2.9199490044e-01
2.9198295110e-01
2.9197097363e-01
2.9195897328e-01
2.9194695533e-01
2.9193412078e-01
2.9192127862e-01
2.9190843524e-01
2.9189559703e-01
2.9188438200e-01
2.9187318002e-01
2.9186199531e-01
2.9185083208e-01
2.9184032693e-01
2.9182984808e-01
2.9181939898e-01
2.9180898307e-01
2.9179887445e-01
2.9178880364e-01
2.9177877374e-01
2.9176878780e-01
2.9175885995e-01
2.9174898196e-01
2.9173915677e-01
2.9172938728e-01
2.9171932101e-01
2.9170932084e-01
2.9169938985e-01
2.9168953110e-01
2.9167819581e-01
2.9166696620e-01
2.9165584677e-01
2.9164484187e-01
2.9163495278e-01
2.9162516477e-01
2.9161548086e-01
2.9160590405e-01
2.9159701129e-01
2.9158821784e-01
2.9157952600e-01
2.9157093797e-01
2.9156283616e-01
2.9155483281e-01
2.9154692970e-01
2.9153912854e-01
2.9153141860e-01
2.9152381428e-01
2.9151631716e-01
2.9150892877e-01
2.9150131398e-01
2.9149382159e-01
2.9148645319e-01
2.9147921033e-01
2.9147194416e-01
2.9146481199e-01
2.9145781530e-01
2.9145095548e-01
2.9144417123e-01
2.9143752914e-01
2.9143103051e-01
2.9142467654e-01
2.9141813294e-01
2.9141175288e-01
2.9140553761e-01
2.9139948832e-01
2.9139306746e-01
2.9138684763e-01
2.9138083017e-01
2.9137501632e-01
2.9136907808e-01
2.9136337119e-01
2.9135789686e-01
2.9135265625e-01
2.9134817906e-01
2.9134388946e-01
2.9133978812e-01
2.9133587567e-01
2.9133225927e-01
2.9132882189e-01
2.9132556400e-01
2.9132248603e-01
2.9131959655e-01
2.9131688671e-01
2.9131435688e-01
2.9131200735e-01
2.9130980933e-01
2.9130779728e-01
2.9130597145e-01
2.9130433205e-01
2.9130283494e-01
2.9130153707e-01
2.9130043859e-01
2.9129953965e-01
2.9129884035e-01
2.9129834080e-01
2.9129804104e-01
2.9129794112e-01
