5.1528508999e-09
8.8608730787e-09
2.4339905863e-08
7.1499857092e-08
2.2489522839e-07
4.5396807751e-07
9.0984598184e-07
1.8232632319e-06
3.6725736408e-06
6.0012894261e-06
9.7948267651e-06
1.5986111116e-05
2.6114116337e-05
3.7743386326e-05
5.4536089601e-05
7.8799336216e-05
1.1388061629e-04
1.5222612558e-04
2.0346349369e-04
2.7194094960e-04
3.6347920065e-04
4.6098403514e-04
5.8460944354e-04
7.4135859540e-04
9.4011151712e-04
1.1505200063e-03
1.4079228392e-03
1.7227939016e-03
2.1079264249e-03
2.5174670400e-03
3.0062681626e-03
3.5895654257e-03
4.2854743783e-03
5.0490930285e-03
5.9477773998e-03
7.0050612126e-03
8.2484339782e-03
9.8501242421e-03
1.1758325921e-02
1.4029860935e-02
1.6731275279e-02
1.9026140757e-02
2.1627331668e-02
2.4573280346e-02
2.7906510681e-02
3.1000291909e-02
3.4422099660e-02
3.8203207352e-02
4.2377041565e-02
4.6345730450e-02
5.0661513501e-02
5.5349902178e-02
6.0437325402e-02
6.5596397519e-02
7.1153395716e-02
7.7131415392e-02
8.3553533166e-02
9.0826977355e-02
9.8644873214e-02
1.0703189049e-01
1.1601091331e-01
1.2498409427e-01
1.3451016334e-01
1.4460083048e-01
1.5526451080e-01
1.6554109083e-01
1.7630306632e-01
1.8754764015e-01
1.9926853340e-01
2.1066541107e-01
2.2245997573e-01
2.3463809423e-01
2.4718269440e-01
2.6074586604e-01
2.7466560739e-01
2.8891230507e-01
3.0345351129e-01
3.1916973314e-01
3.3513396953e-01
3.5129992755e-01
3.6761995354e-01
3.8264400799e-01
3.9771938618e-01
4.1280937193e-01
4.2787798801e-01
4.4415787731e-01
4.6032887619e-01
4.7635062112e-01
4.9218535624e-01
5.0939804993e-01
5.2629802154e-01
5.4284729892e-01
5.5901258369e-01
5.7771685203e-01
5.9579654261e-01
6.1322025283e-01
6.2996462096e-01
6.4512077457e-01
6.5965046305e-01
6.7355048671e-01
6.8682184614e-01
6.9974486983e-01
7.1202419912e-01
7.2367119017e-01
7.3469966049e-01
7.4600214436e-01
7.5661538633e-01
7.6656356108e-01
7.7587209382e-01
7.8571180528e-01
7.9479802409e-01
8.0317031383e-01
8.1086803787e-01
8.1980520124e-01
8.2777841349e-01
8.3486391794e-01
8.4113436364e-01
8.4724529949e-01
8.5251844457e-01
8.5703636666e-01
8.6087526204e-01
8.6455307981e-01
8.6751712950e-01
8.6985537993e-01
8.7164665711e-01
8.7292457505e-01
8.7381390006e-01
8.7436538152e-01
8.7462427274e-01
8.7462342432e-01
8.7437949249e-01
8.7393054719e-01
8.7331014284e-01
8.7246205310e-01
8.7147583263e-01
8.7038168172e-01
8.6920582986e-01
8.6780282013e-01
8.6635251744e-01
8.6487929814e-01
8.6340394433e-01
8.6170605852e-01
8.6005277270e-01
8.5846374775e-01
8.5695532241e-01
8.5525908947e-01
8.5371974437e-01
8.5235287372e-01
8.5117079801e-01
8.4989728315e-01
8.4898669370e-01
8.4845016119e-01
8.4829386492e-01
8.4843662645e-01
8.4880992380e-01
8.4941117716e-01
8.5023606423e-01
8.5110753067e-01
8.5213073002e-01
8.5329924440e-01
8.5460508428e-01
8.5584209425e-01
8.5716742192e-01
8.5857183391e-01
8.6004436038e-01
8.6139274714e-01
8.6277372812e-01
8.6417503039e-01
8.6558237494e-01
8.6684127334e-01
8.6807767725e-01
8.6927553811e-01
8.7041644990e-01
8.7139689032e-01
8.7229277551e-01
8.7308291598e-01
8.7374327961e-01
8.7422503908e-01
8.7453935452e-01
8.7465667535e-01
8.7454375734e-01
8.7411774495e-01
8.7332346156e-01
8.7210003563e-01
8.7037863855e-01
8.6853504014e-01
8.6625411089e-01
8.6348291615e-01
8.6016335944e-01
8.5657301844e-01
8.5241175381e-01
8.4762153297e-01
8.4213991757e-01
8.3721297990e-01
8.3176472760e-01
8.2575713383e-01
8.1915050951e-01
8.1282538195e-01
8.0597825494e-01
7.9857974022e-01
7.9059996979e-01
7.8267352180e-01
7.7419985100e-01
7.6515528808e-01
7.5551663127e-01
7.4593722359e-01
7.3580014438e-01
7.2508897758e-01
7.1378874945e-01
7.0124178711e-01
6.8801459740e-01
6.7409765469e-01
6.5948526817e-01
6.4574823382e-01
6.3145020551e-01
6.1659760542e-01
6.0120104680e-01
5.8638979694e-01
5.7113622554e-01
5.5546047091e-01
5.3938686415e-01
5.2475620288e-01
5.0985577702e-01
4.9471167104e-01
4.7935276031e-01
4.6468217769e-01
4.4987696964e-01
4.3496775777e-01
4.1998687990e-01
4.0203089763e-01
3.8408098479e-01
3.6619883127e-01
3.4844692632e-01
3.3372017566e-01
3.1916479442e-01
3.0481588777e-01
2.9070717044e-01
2.7699523394e-01
2.6357954072e-01
2.5048673081e-01
2.3774083575e-01
2.2448232998e-01
2.1166951370e-01
1.9932074875e-01
1.8745035828e-01
1.7428380010e-01
1.6178530511e-01
1.4995795741e-01
1.3879881155e-01
1.2881503795e-01
1.1941487879e-01
1.1058394388e-01
1.0230509766e-01
9.4509959360e-02
8.7232988411e-02
8.0451398082e-02
7.4141529550e-02
6.7581592328e-02
6.1552648471e-02
5.6020419385e-02
5.0951257386e-02
4.4886569864e-02
3.9506123539e-02
3.4741421420e-02
3.0528755536e-02
2.5179204151e-02
2.0742494628e-02
1.7070858879e-02
1.4037740167e-02
1.1913852586e-02
1.0107343453e-02
8.5718858161e-03
7.2675950011e-03
6.0507851150e-03
5.0364873792e-03
4.1913536189e-03
3.4874120168e-03
2.8066116634e-03
2.2583850190e-03
1.8170107116e-03
1.4617194156e-03
1.1119810647e-03
8.4587837492e-04
6.4340591204e-04
4.8934029434e-04
3.3653378563e-04
2.3148498484e-04
1.5922060018e-04
1.0947981959e-04
6.1330448417e-05
3.4425943575e-05
1.9322954447e-05
1.0815409632e-05
3.7422483532e-06
1.3482305161e-06
4.8362486534e-07
1.6675788158e-07
5.7800512207e-08
2.1102834026e-08
8.3439026371e-09
5.1397957800e-09
