0.0000000000e+00
1.8876797196e-02
3.7753594392e-02
5.6630391588e-02
7.5507188784e-02
8.5749190829e-02
9.5991192874e-02
1.0623319492e-01
1.1647519696e-01
1.2305790773e-01
1.2964061849e-01
1.3622332925e-01
1.4280604001e-01
1.4753112508e-01
1.5225621015e-01
1.5698129522e-01
1.6170638029e-01
1.6529422040e-01
1.6888206050e-01
1.7246990061e-01
1.7605774071e-01
1.7890459067e-01
1.8175144063e-01
1.8459829060e-01
1.8744514056e-01
1.8981471044e-01
1.9218428031e-01
1.9455385019e-01
1.9692342006e-01
1.9897743608e-01
2.0103145210e-01
2.0308546812e-01
2.0513948414e-01
2.0703043984e-01
2.0892139554e-01
2.1081235124e-01
2.1270330693e-01
2.1463433804e-01
2.1656536914e-01
2.1849640024e-01
2.2042743134e-01
2.2191636434e-01
2.2340529734e-01
2.2489423035e-01
2.2638316335e-01
2.2757689955e-01
2.2877063575e-01
2.2996437195e-01
2.3115810815e-01
2.3221005003e-01
2.3326199192e-01
2.3431393381e-01
2.3536587569e-01
2.3638668398e-01
2.3740749226e-01
2.3842830054e-01
2.3944910883e-01
2.4059411497e-01
2.4173912111e-01
2.4288412725e-01
2.4402913339e-01
2.4496346544e-01
2.4589779748e-01
2.4683212952e-01
2.4776646157e-01
2.4864439185e-01
2.4952232213e-01
2.5040025241e-01
2.5127818269e-01
2.5216823734e-01
2.5305829198e-01
2.5394834663e-01
2.5483840127e-01
2.5580994623e-01
2.5678149118e-01
2.5775303613e-01
2.5872458109e-01
2.5961279710e-01
2.6050101310e-01
2.6138922911e-01
2.6227744512e-01
2.6328637903e-01
2.6429531294e-01
2.6530424684e-01
2.6631318075e-01
2.6738424161e-01
2.6845530246e-01
2.6952636332e-01
2.7059742418e-01
2.7191321046e-01
2.7322899674e-01
2.7454478302e-01
2.7586056931e-01
2.7704934770e-01
2.7823812609e-01
2.7942690449e-01
2.8061568288e-01
2.8191277711e-01
2.8320987133e-01
2.8450696555e-01
2.8580405978e-01
2.8725623985e-01
2.8870841991e-01
2.9016059998e-01
2.9161278005e-01
2.9346129725e-01
2.9530981446e-01
2.9715833167e-01
2.9900684888e-01
3.0111640991e-01
3.0322597094e-01
3.0533553197e-01
3.0744509301e-01
3.0990688922e-01
3.1236868543e-01
3.1483048164e-01
3.1729227786e-01
3.1968974442e-01
3.2208721098e-01
3.2448467754e-01
3.2688214411e-01
3.2947576801e-01
3.3206939191e-01
3.3466301581e-01
3.3725663970e-01
3.4017587950e-01
3.4309511930e-01
3.4601435909e-01
3.4893359889e-01
3.5233059202e-01
3.5572758516e-01
3.5912457829e-01
3.6252157143e-01
3.6662767347e-01
3.7073377552e-01
3.7483987756e-01
3.7894597961e-01
3.8418632111e-01
3.8942666262e-01
3.9466700412e-01
3.9990734562e-01
4.0737469505e-01
4.1484204447e-01
4.2230939389e-01
4.2977674332e-01
4.4124532732e-01
4.5271391133e-01
4.6418249533e-01
4.7565107934e-01
4.8530865265e-01
4.9496622596e-01
5.0462379926e-01
5.1428137257e-01
5.2326964200e-01
5.3225791144e-01
5.4124618087e-01
5.5023445030e-01
5.5723152359e-01
5.6422859687e-01
5.7122567015e-01
5.7822274344e-01
5.8349734050e-01
5.8877193756e-01
5.9404653463e-01
5.9932113169e-01
6.0364081961e-01
6.0796050752e-01
6.1228019544e-01
6.1659988335e-01
6.2024886822e-01
6.2389785310e-01
6.2754683797e-01
6.3119582284e-01
6.3435603791e-01
6.3751625298e-01
6.4067646805e-01
6.4383668312e-01
6.4663581826e-01
6.4943495339e-01
6.5223408853e-01
6.5503322367e-01
6.5757275221e-01
6.6011228075e-01
6.6265180929e-01
6.6519133784e-01
6.6758957449e-01
6.6998781114e-01
6.7238604780e-01
6.7478428445e-01
6.7713228861e-01
6.7948029277e-01
6.8182829693e-01
6.8417630109e-01
6.8632212703e-01
6.8846795298e-01
6.9061377893e-01
6.9275960488e-01
6.9468239378e-01
6.9660518268e-01
6.9852797158e-01
7.0045076048e-01
7.0196632959e-01
7.0348189869e-01
7.0499746779e-01
7.0651303690e-01
7.0784207302e-01
7.0917110915e-01
7.1050014527e-01
7.1182918139e-01
7.1305587897e-01
7.1428257655e-01
7.1550927413e-01
7.1673597171e-01
7.1792857969e-01
7.1912118767e-01
7.2031379566e-01
7.2150640364e-01
7.2278705617e-01
7.2406770869e-01
7.2534836121e-01
7.2662901374e-01
7.2766456920e-01
7.2870012467e-01
7.2973568013e-01
7.3077123559e-01
7.3173050960e-01
7.3268978361e-01
7.3364905762e-01
7.3460833164e-01
7.3548431990e-01
7.3636030816e-01
7.3723629642e-01
7.3811228469e-01
7.3912941019e-01
7.4014653570e-01
7.4116366120e-01
7.4218078671e-01
7.4305583813e-01
7.4393088955e-01
7.4480594097e-01
7.4568099239e-01
7.4656773202e-01
7.4745447165e-01
7.4834121128e-01
7.4922795090e-01
7.5020452395e-01
7.5118109699e-01
7.5215767003e-01
7.5313424308e-01
7.5429975893e-01
7.5546527478e-01
7.5663079064e-01
7.5779630649e-01
7.5881761113e-01
7.5983891577e-01
7.6086022041e-01
7.6188152505e-01
7.6298358903e-01
7.6408565302e-01
7.6518771700e-01
7.6628978099e-01
7.6768629356e-01
7.6908280613e-01
7.7047931870e-01
7.7187583126e-01
7.7364768754e-01
7.7541954382e-01
7.7719140010e-01
7.7896325638e-01
7.8085349408e-01
7.8274373179e-01
7.8463396949e-01
7.8652420719e-01
7.8858140318e-01
7.9063859917e-01
7.9269579516e-01
7.9475299115e-01
7.9719616039e-01
7.9963932964e-01
8.0208249888e-01
8.0452566813e-01
8.0766098576e-01
8.1079630340e-01
8.1393162103e-01
8.1706693867e-01
8.2154860313e-01
8.2603026759e-01
8.3051193205e-01
8.3499359651e-01
8.4264276493e-01
8.5029193336e-01
8.5794110179e-01
8.6559027022e-01
8.8233734130e-01
8.9908441239e-01
9.1583148347e-01
9.3257855456e-01
9.4943391592e-01
9.6628927728e-01
9.8314463864e-01
1.0000000000e+00
