1.6043318042e-02
1.6307265953e-02
1.7107234938e-02
1.8467846355e-02
2.0430646346e-02
2.2504104537e-02
2.5052233797e-02
2.8123702375e-02
3.1775798376e-02
3.5003286514e-02
3.8642507893e-02
4.2729775188e-02
4.7304424965e-02
5.1737281103e-02
5.6605024668e-02
6.1938971051e-02
6.7771584936e-02
7.3859221597e-02
8.0465098363e-02
8.7618958597e-02
9.5350099779e-02
1.0479000471e-01
1.1503723527e-01
1.2612608839e-01
1.3808570475e-01
1.4873380200e-01
1.6001134009e-01
1.7192265983e-01
1.8446706703e-01
1.9657227050e-01
2.0919974741e-01
2.2233573631e-01
2.3596191697e-01
2.5022631908e-01
2.6494079301e-01
2.8007243682e-01
2.9558419418e-01
3.1251724341e-01
3.2978323710e-01
3.4732522541e-01
3.6508385945e-01
3.8189907789e-01
3.9880083962e-01
4.1573873450e-01
4.3266329232e-01
4.5136864212e-01
4.6993597370e-01
4.8830655366e-01
5.0642597875e-01
5.2553986031e-01
5.4425218244e-01
5.6251475095e-01
5.8028614060e-01
6.0051804889e-01
6.1997682153e-01
6.3862823680e-01
6.5644834192e-01
6.7290988742e-01
6.8857082820e-01
7.0343112624e-01
7.1749599052e-01
7.3127555977e-01
7.4422196665e-01
7.5635331436e-01
7.6769020999e-01
7.7953121075e-01
7.9042744464e-01
8.0041353830e-01
8.0952425809e-01
8.1920617332e-01
8.2776853592e-01
8.3526246325e-01
8.4173507962e-01
8.4826979635e-01
8.5343274183e-01
8.5727743197e-01
8.5984488591e-01
8.6113231276e-01
8.6128817292e-01
8.6031468062e-01
8.5820290522e-01
8.5539753905e-01
8.5168049899e-01
8.4702502583e-01
8.4139824890e-01
8.3575399095e-01
8.2933518305e-01
8.2211124032e-01
8.1404915504e-01
8.0621186158e-01
7.9766965368e-01
7.8839677623e-01
7.7836721381e-01
7.6831055652e-01
7.5755301725e-01
7.4607511131e-01
7.3385878799e-01
7.1897795798e-01
7.0309254734e-01
6.8618857210e-01
6.6825931325e-01
6.5258589790e-01
6.3621274375e-01
6.1915231352e-01
6.0142353158e-01
5.8485050228e-01
5.6777758299e-01
5.5023498346e-01
5.3225869436e-01
5.1590906564e-01
4.9928202641e-01
4.8241504883e-01
4.6534923169e-01
4.4807249242e-01
4.3068859516e-01
4.1324840306e-01
3.9580500139e-01
3.7830274963e-01
3.6090947310e-01
3.4368205239e-01
3.2667670615e-01
3.1077442445e-01
2.9516713223e-01
2.7989728353e-01
2.6500424418e-01
2.5001024060e-01
2.3549438335e-01
2.2148698252e-01
2.0801318490e-01
1.9296413214e-01
1.7869401204e-01
1.6521613333e-01
1.5253502508e-01
1.4084516022e-01
1.2991145290e-01
1.1971830339e-01
1.1024541755e-01
1.0149003030e-01
9.3400544140e-02
8.5948287958e-02
7.9103336859e-02
7.2005254881e-02
6.5610814510e-02
5.9875810123e-02
5.4757648634e-02
4.8475604476e-02
4.3248523396e-02
3.8983032686e-02
3.5599306232e-02
3.2496771259e-02
3.0587231922e-02
2.9809041273e-02
3.0136777799e-02
3.1118807167e-02
3.2751547869e-02
3.5064791603e-02
3.8100005990e-02
4.0887199720e-02
4.4138544802e-02
4.7884433659e-02
5.2158705369e-02
5.6391965184e-02
6.1091478239e-02
6.6286122481e-02
7.2006083221e-02
7.8152461402e-02
8.4863395337e-02
9.2168816789e-02
1.0009816984e-01
1.0866001803e-01
1.1789770684e-01
1.2783502253e-01
1.3849233363e-01
1.4897172050e-01
1.6008584557e-01
1.7183905634e-01
1.8423078477e-01
1.9618572049e-01
2.0866673188e-01
2.2166041762e-01
2.3514887797e-01
2.4956574422e-01
2.6445609095e-01
2.7978542405e-01
2.9551476029e-01
3.1184280092e-01
3.2848980090e-01
3.4540416864e-01
3.6253211808e-01
3.7938067164e-01
3.9632800804e-01
4.1332269495e-01
4.3031415302e-01
4.4985026180e-01
4.6924459766e-01
4.8842955821e-01
5.0734268194e-01
5.2720768685e-01
5.4663484193e-01
5.6557026133e-01
5.8396802450e-01
6.0316266290e-01
6.2164956441e-01
6.3939978293e-01
6.5639285632e-01
6.7276007524e-01
6.8833710903e-01
7.0312373862e-01
7.1712489944e-01
7.3102343342e-01
7.4407716641e-01
7.5630446798e-01
7.6772629709e-01
7.7969226202e-01
7.9069371724e-01
8.0076631222e-01
8.0994580932e-01
8.1965443749e-01
8.2822944267e-01
8.3572252029e-01
8.4218116134e-01
8.4893409210e-01
8.5417407360e-01
8.5796009444e-01
8.6033558430e-01
8.6130055471e-01
8.6109502642e-01
8.5971617543e-01
8.5714921552e-01
8.5407570077e-01
8.5013318659e-01
8.4529436113e-01
8.3952658193e-01
8.3373572770e-01
8.2718850739e-01
8.1985490481e-01
8.1170277495e-01
8.0373736011e-01
7.9507291455e-01
7.8568419443e-01
7.7554583044e-01
7.6531830863e-01
7.5438715614e-01
7.4273331157e-01
7.3033928021e-01
7.1601075409e-01
7.0077352546e-01
6.8461644964e-01
6.6753443496e-01
6.5181826639e-01
6.3540116431e-01
6.1829576006e-01
6.0052116854e-01
5.8429332982e-01
5.6758733854e-01
5.5043135003e-01
5.3285878349e-01
5.1663437802e-01
5.0013337549e-01
4.8339205082e-01
4.6645019944e-01
4.4863177211e-01
4.3069485071e-01
4.1269484253e-01
3.9468966914e-01
3.7730076556e-01
3.6001839176e-01
3.4289790649e-01
3.2599400863e-01
3.1003312913e-01
2.9436560663e-01
2.7903390063e-01
2.6407735650e-01
2.4880209778e-01
2.3401736490e-01
2.1975453268e-01
2.0603945330e-01
1.8983784088e-01
1.7453408030e-01
1.6014214615e-01
1.4666434914e-01
1.3457733323e-01
1.2331004922e-01
1.1284078981e-01
1.0314252713e-01
9.4478252146e-02
8.6473209316e-02
7.9094810410e-02
7.2309401277e-02
6.4935568263e-02
5.8301057197e-02
5.2349554825e-02
4.7026899388e-02
3.9367452702e-02
3.3113713750e-02
2.8072286421e-02
2.4079000151e-02
2.0425202836e-02
1.7947537913e-02
1.6512970851e-02
1.6043319685e-02
