3.4378911718e-02
3.4495090780e-02
3.4844307226e-02
3.5428598353e-02
3.6251358461e-02
3.7090418777e-02
3.8090287685e-02
3.9254648852e-02
4.0587749266e-02
4.1889560091e-02
4.3326431038e-02
4.4902190812e-02
4.6620977728e-02
4.8305011322e-02
5.0113547766e-02
5.2050292864e-02
5.4119140108e-02
5.6162845787e-02
5.8327454184e-02
6.0616484219e-02
6.3033567387e-02
6.5445252462e-02
6.7978503486e-02
7.0636641773e-02
7.3423045450e-02
7.6239030119e-02
7.9180959353e-02
8.2251967817e-02
8.5455197654e-02
8.8756517077e-02
9.2193268638e-02
9.5768437956e-02
9.9484964078e-02
1.0349441925e-01
1.0766233759e-01
1.1199173212e-01
1.1648548145e-01
1.2190831904e-01
1.2755996196e-01
1.3344397043e-01
1.3956347200e-01
1.4482732572e-01
1.5025671748e-01
1.5585260230e-01
1.6161563643e-01
1.6716834866e-01
1.7286816227e-01
1.7871481170e-01
1.8470774518e-01
1.9070958554e-01
1.9684945845e-01
2.0312599571e-01
2.0953753367e-01
2.1581138187e-01
2.2220559567e-01
2.2871792148e-01
2.3534584727e-01
2.4183135549e-01
2.4841868531e-01
2.5510493039e-01
2.6188697427e-01
2.6883448040e-01
2.7587279211e-01
2.8299808010e-01
2.9020632734e-01
2.9805331983e-01
3.0598612618e-01
3.1399909779e-01
3.2208640173e-01
3.3129652486e-01
3.4058486020e-01
3.4994237737e-01
3.5935989657e-01
3.6753984766e-01
3.7575163707e-01
3.8398921205e-01
3.9224652276e-01
4.0021631035e-01
4.0819346600e-01
4.1617268190e-01
4.2414871413e-01
4.3219270345e-01
4.4022295657e-01
4.4823435566e-01
4.5622189972e-01
4.6459233675e-01
4.7292548162e-01
4.8121600403e-01
4.8945876061e-01
4.9884157395e-01
5.0814801202e-01
5.1737130818e-01
5.2650506156e-01
5.3530979481e-01
5.4401862151e-01
5.5262664678e-01
5.6112931065e-01
5.6984927244e-01
5.7844651232e-01
5.8691703386e-01
5.9525720633e-01
6.0455035994e-01
6.1366755856e-01
6.2260511281e-01
6.3135985656e-01
6.4024455850e-01
6.4892728091e-01
6.5740609872e-01
6.6567957028e-01
6.7322872630e-01
6.8059701635e-01
6.8778426248e-01
6.9479056347e-01
7.0158376934e-01
7.0819870502e-01
7.1463616044e-01
7.2089711705e-01
7.2711474245e-01
7.3315062227e-01
7.3900630863e-01
7.4468348754e-01
7.5040409828e-01
7.5593548093e-01
7.6127988401e-01
7.6643963927e-01
7.7171514096e-01
7.7678839613e-01
7.8166238010e-01
7.8634009744e-01
7.9109988307e-01
7.9564500001e-01
7.9997904550e-01
8.0410557785e-01
8.0833172300e-01
8.1232440017e-01
8.1608781330e-01
8.1962603601e-01
8.2327513270e-01
8.2665964850e-01
8.2978438150e-01
8.3265385418e-01
8.3541393159e-01
8.3789819972e-01
8.4011088633e-01
8.4205580927e-01
8.4387776428e-01
8.4538831328e-01
8.4659066485e-01
8.4748739241e-01
8.4809146251e-01
8.4837770783e-01
8.4834678017e-01
8.4799860914e-01
8.4740331448e-01
8.4654200659e-01
8.4541306280e-01
8.4401436801e-01
8.4245461972e-01
8.4065263348e-01
8.3860551052e-01
8.3630999397e-01
8.3393581303e-01
8.3133811581e-01
8.2851343559e-01
8.2545806500e-01
8.2245191744e-01
8.1924550653e-01
8.1583549700e-01
8.1221841992e-01
8.0860045416e-01
8.0479058790e-01
8.0078560652e-01
7.9658222957e-01
7.9246327622e-01
7.8816466067e-01
7.8368359496e-01
7.7901728398e-01
7.7439862888e-01
7.6960704203e-01
7.6464015783e-01
7.5949565110e-01
7.5434892617e-01
7.4903192800e-01
7.4354273428e-01
7.3787950902e-01
7.3213204809e-01
7.2621265939e-01
7.2011992076e-01
7.1385255002e-01
7.0728530757e-01
7.0053455835e-01
6.9359950418e-01
6.8647957482e-01
6.7751456164e-01
6.6827218585e-01
6.5875308928e-01
6.4895864950e-01
6.4113429006e-01
6.3314532318e-01
6.2499348224e-01
6.1668085891e-01
6.0885755694e-01
6.0090127602e-01
5.9281456444e-01
5.8460028171e-01
5.7641201744e-01
5.6810710135e-01
5.5968917457e-01
5.5116220147e-01
5.4264429718e-01
5.3402881272e-01
5.2532051239e-01
5.1652448056e-01
5.0857305198e-01
5.0055962835e-01
4.9248851595e-01
4.8436421968e-01
4.7652216292e-01
4.6863977157e-01
4.6072151566e-01
4.5277201257e-01
4.4483099272e-01
4.3686853975e-01
4.2888959738e-01
4.2089921839e-01
4.1238999481e-01
4.0387996884e-01
3.9537554418e-01
3.8688319747e-01
3.7620465977e-01
3.6556885105e-01
3.5498892979e-01
3.4447799376e-01
3.3640696945e-01
3.2839085032e-01
3.2043545221e-01
3.1254647651e-01
3.0516444690e-01
2.9785114775e-01
2.9061100428e-01
2.8344829374e-01
2.7634332012e-01
2.6932443587e-01
2.6239544180e-01
2.5555994485e-01
2.4845871071e-01
2.4146890988e-01
2.3459401207e-01
2.2783721407e-01
2.2104270306e-01
2.1437795664e-01
2.0784549561e-01
2.0144753136e-01
1.9463448146e-01
1.8798527837e-01
1.8150155430e-01
1.7518453399e-01
1.6876097411e-01
1.6252093926e-01
1.5646450203e-01
1.5059132540e-01
1.4444482618e-01
1.3851043890e-01
1.3278632168e-01
1.2727021735e-01
1.2251148065e-01
1.1791487088e-01
1.1347808310e-01
1.0919864137e-01
1.0511822551e-01
1.0118649528e-01
9.7400681170e-02
9.3757926681e-02
9.0177787161e-02
8.6740993300e-02
8.3444316733e-02
8.0284503422e-02
7.7119698706e-02
7.4097563618e-02
7.1214376885e-02
6.8466451842e-02
6.5668489279e-02
6.3017196672e-02
6.0508273077e-02
5.8137526502e-02
5.5675379656e-02
5.3371452670e-02
5.1220666078e-02
4.9218165958e-02
4.7065353215e-02
4.5100804109e-02
4.3318107405e-02
4.1711337712e-02
3.9954871977e-02
3.8451421203e-02
3.7192925676e-02
3.6172551722e-02
3.5384561131e-02
3.4824827721e-02
3.4490234797e-02
3.4378911719e-02
