0.0000000000e+00
1.7037074204e-02
3.4074148407e-02
5.1111222611e-02
6.8148296814e-02
7.7801686253e-02
8.7455075692e-02
9.7108465131e-02
1.0676185457e-01
1.1318548715e-01
1.1960911972e-01
1.2603275230e-01
1.3245638488e-01
1.3708973039e-01
1.4172307590e-01
1.4635642141e-01
1.5098976692e-01
1.5456988659e-01
1.5815000626e-01
1.6173012593e-01
1.6531024559e-01
1.6825761059e-01
1.7120497559e-01
1.7415234058e-01
1.7709970558e-01
1.7973576460e-01
1.8237182363e-01
1.8500788266e-01
1.8764394169e-01
1.9008513319e-01
1.9252632469e-01
1.9496751620e-01
1.9740870770e-01
1.9930971179e-01
2.0121071589e-01
2.0311171998e-01
2.0501272408e-01
2.0652742850e-01
2.0804213292e-01
2.0955683734e-01
2.1107154176e-01
2.1249472350e-01
2.1391790524e-01
2.1534108698e-01
2.1676426872e-01
2.1825305492e-01
2.1974184111e-01
2.2123062730e-01
2.2271941350e-01
2.2400985717e-01
2.2530030083e-01
2.2659074450e-01
2.2788118817e-01
2.2910086630e-01
2.3032054442e-01
2.3154022255e-01
2.3275990068e-01
2.3414718719e-01
2.3553447371e-01
2.3692176022e-01
2.3830904673e-01
2.3956631154e-01
2.4082357635e-01
2.4208084116e-01
2.4333810597e-01
2.4486315475e-01
2.4638820353e-01
2.4791325231e-01
2.4943830109e-01
2.5155225998e-01
2.5366621887e-01
2.5578017777e-01
2.5789413666e-01
2.5959521802e-01
2.6129629937e-01
2.6299738073e-01
2.6469846209e-01
2.6664959097e-01
2.6860071985e-01
2.7055184873e-01
2.7250297761e-01
2.7493400706e-01
2.7736503651e-01
2.7979606596e-01
2.8222709540e-01
2.8523080064e-01
2.8823450587e-01
2.9123821111e-01
2.9424191635e-01
2.9761459829e-01
3.0098728024e-01
3.0435996218e-01
3.0773264413e-01
3.1127236179e-01
3.1481207945e-01
3.1835179711e-01
3.2189151476e-01
3.2597367937e-01
3.3005584397e-01
3.3413800857e-01
3.3822017318e-01
3.4286273373e-01
3.4750529428e-01
3.5214785484e-01
3.5679041539e-01
3.6141980235e-01
3.6604918930e-01
3.7067857626e-01
3.7530796321e-01
3.7977657091e-01
3.8424517860e-01
3.8871378630e-01
3.9318239400e-01
3.9703656699e-01
4.0089073999e-01
4.0474491298e-01
4.0859908598e-01
4.1180521045e-01
4.1501133492e-01
4.1821745939e-01
4.2142358387e-01
4.2401374251e-01
4.2660390114e-01
4.2919405978e-01
4.3178421842e-01
4.3429953888e-01
4.3681485933e-01
4.3933017979e-01
4.4184550025e-01
4.4431976226e-01
4.4679402428e-01
4.4926828630e-01
4.5174254832e-01
4.5379582422e-01
4.5584910013e-01
4.5790237603e-01
4.5995565194e-01
4.6191687976e-01
4.6387810757e-01
4.6583933539e-01
4.6780056321e-01
4.6977113112e-01
4.7174169904e-01
4.7371226695e-01
4.7568283487e-01
4.7765927727e-01
4.7963571967e-01
4.8161216206e-01
4.8358860446e-01
4.8620225552e-01
4.8881590657e-01
4.9142955762e-01
4.9404320867e-01
4.9720265150e-01
5.0036209433e-01
5.0352153717e-01
5.0668098000e-01
5.0866691586e-01
5.1065285173e-01
5.1263878759e-01
5.1462472345e-01
5.1669240557e-01
5.1876008769e-01
5.2082776981e-01
5.2289545193e-01
5.2475520480e-01
5.2661495766e-01
5.2847471053e-01
5.3033446340e-01
5.3250670346e-01
5.3467894353e-01
5.3685118359e-01
5.3902342366e-01
5.4161209493e-01
5.4420076621e-01
5.4678943749e-01
5.4937810876e-01
5.5180635673e-01
5.5423460469e-01
5.5666285265e-01
5.5909110062e-01
5.6174061615e-01
5.6439013168e-01
5.6703964721e-01
5.6968916274e-01
5.7311879806e-01
5.7654843339e-01
5.7997806871e-01
5.8340770403e-01
5.8802849544e-01
5.9264928685e-01
5.9727007826e-01
6.0189086967e-01
6.0648447828e-01
6.1107808689e-01
6.1567169550e-01
6.2026530411e-01
6.2524415725e-01
6.3022301039e-01
6.3520186353e-01
6.4018071667e-01
6.4445424624e-01
6.4872777581e-01
6.5300130537e-01
6.5727483494e-01
6.6097415762e-01
6.6467348030e-01
6.6837280297e-01
6.7207212565e-01
6.7543521501e-01
6.7879830437e-01
6.8216139373e-01
6.8552448308e-01
6.8944793454e-01
6.9337138600e-01
6.9729483746e-01
7.0121828892e-01
7.0403956329e-01
7.0686083766e-01
7.0968211203e-01
7.1250338640e-01
7.1471793590e-01
7.1693248539e-01
7.1914703489e-01
7.2136158438e-01
7.2323260450e-01
7.2510362462e-01
7.2697464473e-01
7.2884566485e-01
7.3052427919e-01
7.3220289353e-01
7.3388150787e-01
7.3556012221e-01
7.3749418595e-01
7.3942824969e-01
7.4136231343e-01
7.4329637717e-01
7.4480045426e-01
7.4630453135e-01
7.4780860844e-01
7.4931268553e-01
7.5062431976e-01
7.5193595399e-01
7.5324758821e-01
7.5455922244e-01
7.5580607199e-01
7.5705292154e-01
7.5829977110e-01
7.5954662065e-01
7.6083575174e-01
7.6212488282e-01
7.6341401391e-01
7.6470314499e-01
7.6593036004e-01
7.6715757508e-01
7.6838479012e-01
7.6961200517e-01
7.7098510749e-01
7.7235820981e-01
7.7373131213e-01
7.7510441446e-01
7.7658281053e-01
7.7806120661e-01
7.7953960268e-01
7.8101799876e-01
7.8248114962e-01
7.8394430048e-01
7.8540745134e-01
7.8687060221e-01
7.8870841688e-01
7.9054623155e-01
7.9238404622e-01
7.9422186089e-01
7.9687309329e-01
7.9952432569e-01
8.0217555809e-01
8.0482679048e-01
8.0753010350e-01
8.1023341651e-01
8.1293672952e-01
8.1564004253e-01
8.1888605953e-01
8.2213207653e-01
8.2537809353e-01
8.2862411053e-01
8.3311674330e-01
8.3760937608e-01
8.4210200885e-01
8.4659464162e-01
8.5421423392e-01
8.6183382621e-01
8.6945341851e-01
8.7707301081e-01
8.9243191531e-01
9.0779081982e-01
9.2314972433e-01
9.3850862884e-01
9.5388147163e-01
9.6925431442e-01
9.8462715721e-01
1.0000000000e+00
