2.8898733995e-01
2.8898839620e-01
2.8899156477e-01
2.8899684500e-01
2.8900423582e-01
2.8901202990e-01
2.8902129554e-01
2.8903203109e-01
2.8904423447e-01
2.8905651803e-01
2.8906999496e-01
2.8908466246e-01
2.8910051715e-01
2.8911782613e-01
2.8913634990e-01
2.8915608244e-01
2.8917701660e-01
2.8919850789e-01
2.8922111736e-01
2.8924483436e-01
2.8926964648e-01
2.8929320739e-01
2.8931765403e-01
2.8934297228e-01
2.8936914617e-01
2.8939413343e-01
2.8941982336e-01
2.8944619844e-01
2.8947323942e-01
2.8950409515e-01
2.8953571785e-01
2.8956807268e-01
2.8960112174e-01
2.8963272480e-01
2.8966486667e-01
2.8969750872e-01
2.8973061007e-01
2.8976432749e-01
2.8979842012e-01
2.8983284003e-01
2.8986753749e-01
2.8990782457e-01
2.8994833117e-01
2.8998897407e-01
2.9002966831e-01
2.9007523811e-01
2.9012064138e-01
2.9016575496e-01
2.9021045585e-01
2.9025557082e-01
2.9029999877e-01
2.9034361327e-01
2.9038629065e-01
2.9042855402e-01
2.9046960422e-01
2.9050932337e-01
2.9054759823e-01
2.9058849147e-01
2.9062730616e-01
2.9066390715e-01
2.9069816754e-01
2.9073563635e-01
2.9076945718e-01
2.9079946349e-01
2.9082550507e-01
2.9085107613e-01
2.9087068232e-01
2.9088415841e-01
2.9089136879e-01
2.9089190622e-01
2.9088448759e-01
2.9086904992e-01
2.9084557207e-01
2.9081965372e-01
2.9078811208e-01
2.9075100331e-01
2.9070840503e-01
2.9066806090e-01
2.9062391494e-01
2.9057605226e-01
2.9052457004e-01
2.9047597182e-01
2.9042469742e-01
2.9037083947e-01
2.9031449863e-01
2.9026170640e-01
2.9020707245e-01
2.9015068732e-01
2.9009264681e-01
2.9003375976e-01
2.8997345707e-01
2.8991184588e-01
2.8984903776e-01
2.8978678476e-01
2.8972361560e-01
2.8965964405e-01
2.8959498659e-01
2.8953627449e-01
2.8947719030e-01
2.8941782255e-01
2.8935826017e-01
2.8930538148e-01
2.8925248127e-01
2.8919962053e-01
2.8914685947e-01
2.8909690514e-01
2.8904714362e-01
2.8899762324e-01
2.8894839091e-01
2.8889217435e-01
2.8883646503e-01
2.8878132579e-01
2.8872681596e-01
2.8868061221e-01
2.8863494517e-01
2.8858984558e-01
2.8854534207e-01
2.8849859216e-01
2.8845257911e-01
2.8840732983e-01
2.8836286876e-01
2.8831592567e-01
2.8826994547e-01
2.8822494989e-01
2.8818095804e-01
2.8813629908e-01
2.8809275959e-01
2.8805035363e-01
2.8800909323e-01
2.8796940271e-01
2.8793085236e-01
2.8789344932e-01
2.8785719963e-01
2.8781800878e-01
2.8778027439e-01
2.8774400127e-01
2.8770919335e-01
2.8766653320e-01
2.8762631318e-01
2.8758853732e-01
2.8755320859e-01
2.8751141041e-01
2.8747365927e-01
2.8743995738e-01
2.8741030618e-01
2.8738508830e-01
2.8736379255e-01
2.8734641923e-01
2.8733296852e-01
2.8732325274e-01
2.8731765811e-01
2.8731618464e-01
2.8731883234e-01
2.8732524150e-01
2.8733543975e-01
2.8734942702e-01
2.8736720323e-01
2.8738714761e-01
2.8741037236e-01
2.8743687707e-01
2.8746666110e-01
2.8749362587e-01
2.8752280931e-01
2.8755421038e-01
2.8758782765e-01
2.8761657412e-01
2.8764676164e-01
2.8767838858e-01
2.8771145295e-01
2.8774247169e-01
2.8777465298e-01
2.8780799411e-01
2.8784249183e-01
2.8787957086e-01
2.8791788997e-01
2.8795744285e-01
2.8799822198e-01
2.8803752452e-01
2.8807788649e-01
2.8811929778e-01
2.8816174664e-01
2.8820347079e-01
2.8824612529e-01
2.8828969438e-01
2.8833416021e-01
2.8837513279e-01
2.8841680587e-01
2.8845916110e-01
2.8850217826e-01
2.8856377142e-01
2.8862656225e-01
2.8869047454e-01
2.8875542398e-01
2.8880262047e-01
2.8885026706e-01
2.8889832514e-01
2.8894675418e-01
2.8899947157e-01
2.8905251724e-01
2.8910583344e-01
2.8915936062e-01
2.8921869060e-01
2.8927811910e-01
2.8933756021e-01
2.8939692692e-01
2.8947931357e-01
2.8956114864e-01
2.8964219637e-01
2.8972222425e-01
2.8978634628e-01
2.8984952545e-01
2.8991164605e-01
2.8997259606e-01
2.9003665265e-01
2.9009910490e-01
2.9015983037e-01
2.9021871282e-01
2.9028352848e-01
2.9034564708e-01
2.9040492659e-01
2.9046123605e-01
2.9052537325e-01
2.9058477289e-01
2.9063926516e-01
2.9068870264e-01
2.9074228478e-01
2.9078787740e-01
2.9082533913e-01
2.9085457442e-01
2.9087366058e-01
2.9088616100e-01
2.9089209760e-01
2.9089152042e-01
2.9088565160e-01
2.9087483042e-01
2.9085914752e-01
2.9083871179e-01
2.9081836495e-01
2.9079495127e-01
2.9076856115e-01
2.9073929412e-01
2.9071069575e-01
2.9067995680e-01
2.9064716825e-01
2.9061242720e-01
2.9057764583e-01
2.9054128353e-01
2.9050343914e-01
2.9046421624e-01
2.9041466133e-01
2.9036342112e-01
2.9031070908e-01
2.9025674630e-01
2.9021726632e-01
2.9017734284e-01
2.9013706330e-01
2.9009651580e-01
2.9005841239e-01
2.9002022406e-01
2.8998202271e-01
2.8994387949e-01
2.8990943232e-01
2.8987514163e-01
2.8984105751e-01
2.8980722874e-01
2.8976898260e-01
2.8973119864e-01
2.8969394157e-01
2.8965727277e-01
2.8962605211e-01
2.8959535094e-01
2.8956520246e-01
2.8953563771e-01
2.8950580074e-01
2.8947664412e-01
2.8944819475e-01
2.8942047723e-01
2.8939083144e-01
2.8936212690e-01
2.8933438755e-01
2.8930763464e-01
2.8927843155e-01
2.8925055232e-01
2.8922401740e-01
2.8919884420e-01
2.8917727276e-01
2.8915683527e-01
2.8913753962e-01
2.8911939245e-01
2.8910080874e-01
2.8908362074e-01
2.8906783360e-01
2.8905345156e-01
2.8903797158e-01
2.8902454771e-01
2.8901318373e-01
2.8900388253e-01
2.8899664624e-01
2.8899147642e-01
2.8898837413e-01
2.8898733997e-01
