2.8628191946e-01
2.8628489997e-01
2.8629384157e-01
2.8630874443e-01
2.8632960884e-01
2.8635287279e-01
2.8638074376e-01
2.8641322212e-01
2.8645030830e-01
2.8649028866e-01
2.8653452493e-01
2.8658301750e-01
2.8663576667e-01
2.8668554041e-01
2.8673858935e-01
2.8679491331e-01
2.8685451184e-01
2.8690612377e-01
2.8695996135e-01
2.8701602353e-01
2.8707430881e-01
2.8712329898e-01
2.8717375382e-01
2.8722567151e-01
2.8727904971e-01
2.8732909311e-01
2.8738035058e-01
2.8743281880e-01
2.8748649376e-01
2.8754788320e-01
2.8761076477e-01
2.8767512854e-01
2.8774096246e-01
2.8779958254e-01
2.8785929901e-01
2.8792009858e-01
2.8798196582e-01
2.8803935161e-01
2.8809759668e-01
2.8815668366e-01
2.8821659302e-01
2.8827502958e-01
2.8833418670e-01
2.8839404066e-01
2.8845456545e-01
2.8852475082e-01
2.8859573429e-01
2.8866746519e-01
2.8873988878e-01
2.8880395866e-01
2.8886847445e-01
2.8893339177e-01
2.8899866420e-01
2.8907593875e-01
2.8915355664e-01
2.8923143281e-01
2.8930947968e-01
2.8939128776e-01
2.8947308002e-01
2.8955475059e-01
2.8963619294e-01
2.8972938258e-01
2.8982196885e-01
2.8991379268e-01
2.9000469772e-01
2.9009073667e-01
2.9017566274e-01
2.9025934958e-01
2.9034167532e-01
2.9043189248e-01
2.9052010910e-01
2.9060617751e-01
2.9068995843e-01
2.9078311690e-01
2.9087290684e-01
2.9095915891e-01
2.9104171819e-01
2.9113917994e-01
2.9123045245e-01
2.9131532548e-01
2.9139361958e-01
2.9148811272e-01
2.9157020376e-01
2.9163969845e-01
2.9169648759e-01
2.9173255177e-01
2.9176058972e-01
2.9178065778e-01
2.9179284539e-01
2.9179712038e-01
2.9179572908e-01
2.9178879074e-01
2.9177644489e-01
2.9176250311e-01
2.9174517697e-01
2.9172457362e-01
2.9170081018e-01
2.9167691773e-01
2.9165068538e-01
2.9162221886e-01
2.9159163068e-01
2.9156085088e-01
2.9152838589e-01
2.9149434753e-01
2.9145885278e-01
2.9141329175e-01
2.9136594240e-01
2.9131705207e-01
2.9126687642e-01
2.9123053275e-01
2.9119376729e-01
2.9115667708e-01
2.9111935962e-01
2.9108470760e-01
2.9105002141e-01
2.9101537726e-01
2.9098085032e-01
2.9094802436e-01
2.9091543592e-01
2.9088314625e-01
2.9085121463e-01
2.9081629879e-01
2.9078196757e-01
2.9074829132e-01
2.9071533619e-01
2.9068721786e-01
2.9065973391e-01
2.9063291993e-01
2.9060680887e-01
2.9057935896e-01
2.9055280414e-01
2.9052717617e-01
2.9050250359e-01
2.9047761821e-01
2.9045384355e-01
2.9043120261e-01
2.9040971548e-01
2.9038838697e-01
2.9036837055e-01
2.9034968106e-01
2.9033233108e-01
2.9031647176e-01
2.9030194653e-01
2.9028876264e-01
2.9027692611e-01
2.9026521307e-01
2.9025522157e-01
2.9024695615e-01
2.9024042030e-01
2.9023531153e-01
2.9023222117e-01
2.9023115054e-01
2.9023210009e-01
2.9023459105e-01
2.9023863067e-01
2.9024421757e-01
2.9025134982e-01
2.9025932897e-01
2.9026862798e-01
2.9027924354e-01
2.9029117157e-01
2.9030438076e-01
2.9031888662e-01
2.9033468203e-01
2.9035175853e-01
2.9036966996e-01
2.9038878368e-01
2.9040908680e-01
2.9043056429e-01
2.9045080552e-01
2.9047196255e-01
2.9049401917e-01
2.9051695707e-01
2.9054034966e-01
2.9056455275e-01
2.9058954229e-01
2.9061529181e-01
2.9064469735e-01
2.9067495817e-01
2.9070602685e-01
2.9073785188e-01
2.9076711851e-01
2.9079691036e-01
2.9082718155e-01
2.9085788376e-01
2.9089102571e-01
2.9092453593e-01
2.9095834808e-01
2.9099239362e-01
2.9103120611e-01
2.9107012309e-01
2.9110903749e-01
2.9114784090e-01
2.9120023410e-01
2.9125194544e-01
2.9130270248e-01
2.9135223708e-01
2.9139186386e-01
2.9143034560e-01
2.9146754510e-01
2.9150332984e-01
2.9154062539e-01
2.9157592513e-01
2.9160907856e-01
2.9163994334e-01
2.9167278514e-01
2.9170215315e-01
2.9172786578e-01
2.9174975645e-01
2.9177152921e-01
2.9178681905e-01
2.9179539445e-01
2.9179705679e-01
2.9178959557e-01
2.9177154615e-01
2.9174273631e-01
2.9170305537e-01
2.9165922985e-01
2.9160699495e-01
2.9154639085e-01
2.9147749424e-01
2.9141531459e-01
2.9134778687e-01
2.9127500930e-01
2.9119709822e-01
2.9112781840e-01
2.9105510540e-01
2.9097905981e-01
2.9089979249e-01
2.9082604316e-01
2.9074989367e-01
2.9067144601e-01
2.9059080924e-01
2.9051142152e-01
2.9043023127e-01
2.9034735349e-01
2.9026290902e-01
2.9016724196e-01
2.9006997322e-01
2.8997129237e-01
2.8987139571e-01
2.8979362385e-01
2.8971534335e-01
2.8963665022e-01
2.8955764135e-01
2.8948321380e-01
2.8940867421e-01
2.8933410288e-01
2.8925957936e-01
2.8919227876e-01
2.8912513841e-01
2.8905821400e-01
2.8899155972e-01
2.8891471147e-01
2.8883837519e-01
2.8876262562e-01
2.8868753341e-01
2.8862498082e-01
2.8856297629e-01
2.8850155435e-01
2.8844074718e-01
2.8837516540e-01
2.8831038583e-01
2.8824644078e-01
2.8818335946e-01
2.8811814361e-01
2.8805393405e-01
2.8799075462e-01
2.8792862623e-01
2.8786366171e-01
2.8779992794e-01
2.8773744114e-01
2.8767621513e-01
2.8761780485e-01
2.8756061071e-01
2.8750464033e-01
2.8744990010e-01
2.8738880903e-01
2.8732934042e-01
2.8727149950e-01
2.8721529042e-01
2.8714495622e-01
2.8707736751e-01
2.8701252827e-01
2.8695044136e-01
2.8687384947e-01
2.8680191470e-01
2.8673463865e-01
2.8667202211e-01
2.8661487865e-01
2.8656225967e-01
2.8651416489e-01
2.8647059393e-01
2.8642637060e-01
2.8638804519e-01
2.8635561708e-01
2.8632908571e-01
2.8630845017e-01
2.8629371077e-01
2.8628486725e-01
2.8628191943e-01
