1.4467857171e-02
1.4524974107e-02
1.4696751451e-02
1.4984472243e-02
1.5390282164e-02
1.5931747085e-02
1.6604576686e-02
1.7413980392e-02
1.8366189062e-02
1.9456980852e-02
2.0703048782e-02
2.2113571779e-02
2.3698829282e-02
2.5191817943e-02
2.6826877951e-02
2.8612293127e-02
3.0556979077e-02
3.2395704498e-02
3.4370338164e-02
3.6488059322e-02
3.8756427521e-02
4.0891164679e-02
4.3155273429e-02
4.5554683314e-02
4.8095538938e-02
5.0564696174e-02
5.3164165303e-02
5.5899178150e-02
5.8775087857e-02
6.1625063935e-02
6.4610226655e-02
6.7735316897e-02
7.1005124704e-02
7.4308852787e-02
7.7756764111e-02
8.1353231970e-02
8.5102609629e-02
8.9003253371e-02
9.3064888798e-02
9.7291667735e-02
1.0168763495e-01
1.0664516896e-01
1.1181059986e-01
1.1718842410e-01
1.2278282984e-01
1.2847825038e-01
1.3438852939e-01
1.4051648307e-01
1.4686446760e-01
1.5284284819e-01
1.5900652861e-01
1.6535611065e-01
1.7189176585e-01
1.7821781494e-01
1.8470808616e-01
1.9136156669e-01
1.9817684078e-01
2.0507551757e-01
2.1212852828e-01
2.1933328451e-01
2.2668678427e-01
2.3371665988e-01
2.4087125897e-01
2.4814711620e-01
2.5554045645e-01
2.6307787085e-01
2.7072518629e-01
2.7847769256e-01
2.8633040752e-01
2.9493052969e-01
3.0363480026e-01
3.1243597693e-01
3.2132654793e-01
3.3129564296e-01
3.4135451914e-01
3.5149201639e-01
3.6169678212e-01
3.7057653096e-01
3.7949058471e-01
3.8843143448e-01
3.9739158805e-01
4.0614211775e-01
4.1489707588e-01
4.2364970244e-01
4.3239334405e-01
4.4132870212e-01
4.5024095290e-01
4.5912342654e-01
4.6796964681e-01
4.7750070524e-01
4.8697424191e-01
4.9638291433e-01
5.0571971501e-01
5.1577013306e-01
5.2571988057e-01
5.3556140144e-01
5.4528764509e-01
5.5490808048e-01
5.6440021696e-01
5.7375848754e-01
5.8297781920e-01
5.9296336784e-01
6.0276943375e-01
6.1239121919e-01
6.2182457002e-01
6.3242006945e-01
6.4275804818e-01
6.5283505850e-01
6.6264854973e-01
6.7117564582e-01
6.7949114027e-01
6.8759478844e-01
6.9548676396e-01
7.0312319188e-01
7.1055187212e-01
7.1777401133e-01
7.2479110012e-01
7.3178085919e-01
7.3855865372e-01
7.4512684598e-01
7.5148799569e-01
7.5794477362e-01
7.6417981867e-01
7.7019661142e-01
7.7599875493e-01
7.8194369100e-01
7.8765412643e-01
7.9313468151e-01
7.9839001521e-01
8.0375349814e-01
8.0887163695e-01
8.1375005350e-01
8.1839430494e-01
8.2325357026e-01
8.2784159787e-01
8.3216539001e-01
8.3623173282e-01
8.4042614743e-01
8.4432372973e-01
8.4793248497e-01
8.5125998254e-01
8.5462130926e-01
8.5765620877e-01
8.6037289573e-01
8.6277883321e-01
8.6518043244e-01
8.6718514210e-01
8.6880058057e-01
8.7003294146e-01
8.7092941833e-01
8.7140080933e-01
8.7144919509e-01
8.7107478958e-01
8.7041239201e-01
8.6943313587e-01
8.6813383470e-01
8.6651028381e-01
8.6478081651e-01
8.6278384755e-01
8.6051434008e-01
8.5796663050e-01
8.5531544027e-01
8.5240772593e-01
8.4923733955e-01
8.4579768520e-01
8.4250075895e-01
8.3897928436e-01
8.3522776129e-01
8.3124045254e-01
8.2735094067e-01
8.2325118982e-01
8.1893624293e-01
8.1440102332e-01
8.0989552951e-01
8.0518311492e-01
8.0025924868e-01
7.9511936488e-01
7.9008716977e-01
7.8485627577e-01
7.7942290202e-01
7.7378330698e-01
7.6819426749e-01
7.6241014154e-01
7.5642786383e-01
7.5024447532e-01
7.4401292850e-01
7.3758461765e-01
7.3095720614e-01
7.2412853841e-01
7.1700592548e-01
7.0967311712e-01
7.0212860028e-01
6.9437116348e-01
6.8341040538e-01
6.7204829570e-01
6.6028515734e-01
6.4812292657e-01
6.3950473692e-01
6.3070021637e-01
6.2171159160e-01
6.1254158726e-01
6.0388193189e-01
5.9507220885e-01
5.8611584992e-01
5.7701672486e-01
5.6748520169e-01
5.5781161558e-01
5.4800176902e-01
5.3806201327e-01
5.2914613053e-01
5.2013873100e-01
5.1104534300e-01
5.0187183879e-01
4.9324304727e-01
4.8455518793e-01
4.7581382164e-01
4.6702474849e-01
4.5838306715e-01
4.4970732617e-01
4.4100356872e-01
4.3227801319e-01
4.2327150473e-01
4.1425576696e-01
4.0523807791e-01
3.9622583394e-01
3.8487372435e-01
3.7355741783e-01
3.6229219415e-01
3.5109332764e-01
3.4210015332e-01
3.3316818477e-01
3.2430523151e-01
3.1551895372e-01
3.0737374393e-01
2.9930817698e-01
2.9132802625e-01
2.8343885961e-01
2.7561558172e-01
2.6789455184e-01
2.6028066635e-01
2.5277854348e-01
2.4475220055e-01
2.3686829489e-01
2.2913154744e-01
2.2154623259e-01
2.1417136899e-01
2.0695272679e-01
1.9989315197e-01
1.9299504976e-01
1.8577470910e-01
1.7874445010e-01
1.7190560949e-01
1.6525899236e-01
1.5712883975e-01
1.4930604699e-01
1.4178894857e-01
1.3457481377e-01
1.2885276728e-01
1.2333159155e-01
1.1800839782e-01
1.1287996961e-01
1.0808719480e-01
1.0347101221e-01
9.9027792119e-02
9.4753736726e-02
9.0573991240e-02
8.6561067291e-02
8.2710595905e-02
7.9018135877e-02
7.5313204656e-02
7.1771673688e-02
6.8388333839e-02
6.5157989041e-02
6.1839033829e-02
5.8685678478e-02
5.5691604198e-02
5.2850605131e-02
4.9828798795e-02
4.6984742515e-02
4.4310255274e-02
4.1797430120e-02
3.9000618786e-02
3.6410672485e-02
3.4015842319e-02
3.1805014742e-02
2.9430505497e-02
2.7279321205e-02
2.5336852878e-02
2.3589677275e-02
2.2004717734e-02
2.0596401345e-02
1.9354296481e-02
1.8269103710e-02
1.7351554401e-02
1.6569600815e-02
1.5917505841e-02
1.5390458386e-02
1.4984570515e-02
1.4696794857e-02
1.4524984918e-02
1.4467857170e-02
