2.5270657451e-01
2.5290964788e-01
2.5351919424e-01
2.5453619327e-01
2.5596227960e-01
2.5686630452e-01
2.5788196094e-01
2.5900969027e-01
2.6024998261e-01
2.6109073591e-01
2.6197666285e-01
2.6290791670e-01
2.6388465860e-01
2.6459593876e-01
2.6532967619e-01
2.6608593317e-01
2.6686477388e-01
2.6746587919e-01
2.6807984305e-01
2.6870669497e-01
2.6934646509e-01
2.6986690039e-01
2.7039561681e-01
2.7093263057e-01
2.7147795811e-01
2.7194637091e-01
2.7242077046e-01
2.7290116714e-01
2.7338757143e-01
2.7384943203e-01
2.7431659967e-01
2.7478908306e-01
2.7526689085e-01
2.7567819168e-01
2.7609336876e-01
2.7651242686e-01
2.7693537036e-01
2.7727499942e-01
2.7761709696e-01
2.7796166403e-01
2.7830870106e-01
2.7859917875e-01
2.7889136350e-01
2.7918525386e-01
2.7948084753e-01
2.7976534204e-01
2.8005138985e-01
2.8033898576e-01
2.8062812307e-01
2.8092641125e-01
2.8122630194e-01
2.8152778071e-01
2.8183082979e-01
2.8210026621e-01
2.8237089734e-01
2.8264270222e-01
2.8291565652e-01
2.8317312386e-01
2.8343155453e-01
2.8369091863e-01
2.8395118269e-01
2.8425515858e-01
2.8456023777e-01
2.8486634796e-01
2.8517340976e-01
2.8544307202e-01
2.8571333582e-01
2.8598413512e-01
2.8625540047e-01
2.8657500571e-01
2.8689503219e-01
2.8721535254e-01
2.8753583598e-01
2.8792057885e-01
2.8830513152e-01
2.8868926049e-01
2.8907273391e-01
2.8943226524e-01
2.8979083114e-01
2.9014825214e-01
2.9050435511e-01
2.9088950803e-01
2.9127270739e-01
2.9165376226e-01
2.9203249356e-01
2.9247197422e-01
2.9290780762e-01
2.9333977047e-01
2.9376766123e-01
2.9434426232e-01
2.9491256050e-01
2.9547222155e-01
2.9602296982e-01
2.9675909600e-01
2.9747782524e-01
2.9817887266e-01
2.9886207148e-01
2.9944272741e-01
3.0000978725e-01
3.0056329542e-01
3.0110332905e-01
3.0168880640e-01
3.0225789010e-01
3.0281078291e-01
3.0334770904e-01
3.0396159639e-01
3.0455396889e-01
3.0512526188e-01
3.0567592183e-01
3.0633804114e-01
3.0696931993e-01
3.0757065361e-01
3.0814292905e-01
3.0887104241e-01
3.0954987520e-01
3.1018146348e-01
3.1076777425e-01
3.1143800645e-01
3.1204435964e-01
3.1259018531e-01
3.1307868247e-01
3.1347248310e-01
3.1382433735e-01
3.1413634288e-01
3.1441055091e-01
3.1460725893e-01
3.1478134683e-01
3.1493390732e-01
3.1506604757e-01
3.1516815233e-01
3.1525556753e-01
3.1532915884e-01
3.1538982344e-01
3.1543615114e-01
3.1547256851e-01
3.1549992904e-01
3.1551911801e-01
3.1552997413e-01
3.1553584866e-01
3.1553739568e-01
3.1553527740e-01
3.1553026992e-01
3.1552299376e-01
3.1551406570e-01
3.1550408404e-01
3.1549418125e-01
3.1548430339e-01
3.1547487085e-01
3.1546626211e-01
3.1545874821e-01
3.1545269339e-01
3.1544832070e-01
3.1544578854e-01
3.1544517489e-01
3.1544636849e-01
3.1544932988e-01
3.1545396070e-01
3.1546044920e-01
3.1546836072e-01
3.1547738818e-01
3.1548716816e-01
3.1549745026e-01
3.1550760174e-01
3.1551710508e-01
3.1552541269e-01
3.1553257059e-01
3.1553671652e-01
3.1553702709e-01
3.1553267802e-01
3.1552145570e-01
3.1550245013e-01
3.1547460851e-01
3.1543691335e-01
3.1538052019e-01
3.1530858320e-01
3.1521976525e-01
3.1511278538e-01
3.1494277111e-01
3.1473667206e-01
3.1449187533e-01
3.1420580615e-01
3.1387357390e-01
3.1349426558e-01
3.1306516237e-01
3.1258345753e-01
3.1215560556e-01
3.1169021749e-01
3.1118565388e-01
3.1064021226e-01
3.1017978164e-01
3.0969189765e-01
3.0917563529e-01
3.0863004380e-01
3.0816026351e-01
3.0766957254e-01
3.0715741278e-01
3.0662321841e-01
3.0615010211e-01
3.0566020837e-01
3.0515318133e-01
3.0462866709e-01
3.0415188358e-01
3.0366102584e-01
3.0315586598e-01
3.0263618500e-01
3.0214140680e-01
3.0163382378e-01
3.0111329635e-01
3.0057970218e-01
3.0004359879e-01
2.9949475772e-01
2.9893313590e-01
2.9835872432e-01
2.9782004542e-01
2.9727066725e-01
2.9671068808e-01
2.9614025106e-01
2.9569969260e-01
2.9525330788e-01
2.9480122563e-01
2.9434359764e-01
2.9396153376e-01
2.9357591938e-01
2.9318688100e-01
2.9279455889e-01
2.9244035666e-01
2.9208376313e-01
2.9172490932e-01
2.9136393606e-01
2.9098462412e-01
2.9060334548e-01
2.9022029445e-01
2.8983567592e-01
2.8949856805e-01
2.8916057636e-01
2.8882185384e-01
2.8848255708e-01
2.8817780024e-01
2.8787282561e-01
2.8756774969e-01
2.8726268866e-01
2.8698742189e-01
2.8671234451e-01
2.8643753818e-01
2.8616308240e-01
2.8585666173e-01
2.8555087872e-01
2.8524583106e-01
2.8494161054e-01
2.8467508657e-01
2.8440932081e-01
2.8414436290e-01
2.8388025839e-01
2.8360504318e-01
2.8333084919e-01
2.8305771457e-01
2.8278567307e-01
2.8241971071e-01
2.8205586191e-01
2.8169417773e-01
2.8133469940e-01
2.8103881951e-01
2.8074448854e-01
2.8045171856e-01
2.8016051918e-01
2.7983356613e-01
2.7950863407e-01
2.7918572916e-01
2.7886485576e-01
2.7844497565e-01
2.7802863445e-01
2.7761583343e-01
2.7720657202e-01
2.7670417049e-01
2.7620719929e-01
2.7571565156e-01
2.7522951950e-01
2.7471131338e-01
2.7419938531e-01
2.7369372420e-01
2.7319431887e-01
2.7257890062e-01
2.7197321600e-01
2.7137724353e-01
2.7079096200e-01
2.6996417195e-01
2.6915734954e-01
2.6837043511e-01
2.6760337049e-01
2.6630168775e-01
2.6506098868e-01
2.6388098915e-01
2.6276141893e-01
2.6039521029e-01
2.5835002601e-01
2.5662334457e-01
2.5521303721e-01
2.5411544236e-01
2.5333241515e-01
2.5286298620e-01
2.5270657441e-01
