2.6336742217e-01
2.6348271059e-01
2.6382867677e-01
2.6440562361e-01
2.6521405624e-01
2.6577512341e-01
2.6641088980e-01
2.6712153410e-01
2.6790725604e-01
2.6847180636e-01
2.6906976822e-01
2.6970121604e-01
2.7036622839e-01
2.7086678239e-01
2.7138487437e-01
2.7192053786e-01
2.7247380754e-01
2.7291339159e-01
2.7336352564e-01
2.7382422710e-01
2.7429551376e-01
2.7469146174e-01
2.7509460656e-01
2.7550495874e-01
2.7592252895e-01
2.7630211821e-01
2.7668749773e-01
2.7707867536e-01
2.7747565895e-01
2.7784848077e-01
2.7822629458e-01
2.7860910612e-01
2.7899692073e-01
2.7930238757e-01
2.7961089288e-01
2.7992243785e-01
2.8023702291e-01
2.8048985754e-01
2.8074462096e-01
2.8100131152e-01
2.8125992662e-01
2.8150466581e-01
2.8175109652e-01
2.8199921313e-01
2.8224900836e-01
2.8251210477e-01
2.8277701450e-01
2.8304372056e-01
2.8331220184e-01
2.8354633119e-01
2.8378175458e-01
2.8401844810e-01
2.8425638384e-01
2.8448238447e-01
2.8470943485e-01
2.8493749969e-01
2.8516653938e-01
2.8542818249e-01
2.8569095741e-01
2.8595478406e-01
2.8621957460e-01
2.8646030082e-01
2.8670166414e-01
2.8694358377e-01
2.8718597475e-01
2.8748049730e-01
2.8777541807e-01
2.8807056708e-01
2.8836577034e-01
2.8877472874e-01
2.8918297932e-01
2.8959005337e-01
2.8999549183e-01
2.9032025419e-01
2.9064344702e-01
2.9096485735e-01
2.9128428237e-01
2.9164796883e-01
2.9200851996e-01
2.9236568435e-01
2.9271923050e-01
2.9315435349e-01
2.9358316375e-01
2.9400533682e-01
2.9442058947e-01
2.9492374382e-01
2.9541557472e-01
2.9589576756e-01
2.9636407270e-01
2.9687550033e-01
2.9737150072e-01
2.9785194089e-01
2.9831674374e-01
2.9878771599e-01
2.9924144122e-01
2.9967796694e-01
3.0009737116e-01
3.0055992381e-01
3.0100003015e-01
3.0141790247e-01
3.0181377143e-01
3.0223755369e-01
3.0263356438e-01
3.0300218452e-01
3.0334380111e-01
3.0365794878e-01
3.0394602625e-01
3.0420843018e-01
3.0444556528e-01
3.0465088728e-01
3.0483344308e-01
3.0499364493e-01
3.0513193473e-01
3.0523397640e-01
3.0532041112e-01
3.0539161036e-01
3.0544798649e-01
3.0548391868e-01
3.0551020564e-01
3.0552717333e-01
3.0553518252e-01
3.0553538230e-01
3.0553022563e-01
3.0551996277e-01
3.0550486464e-01
3.0548585218e-01
3.0546284402e-01
3.0543614917e-01
3.0540609738e-01
3.0537360086e-01
3.0533854758e-01
3.0530130765e-01
3.0526226720e-01
3.0522878861e-01
3.0519458032e-01
3.0515988108e-01
3.0512493213e-01
3.0509153964e-01
3.0505835081e-01
3.0502557367e-01
3.0499341248e-01
3.0496191920e-01
3.0493144346e-01
3.0490217150e-01
3.0487427979e-01
3.0484785782e-01
3.0482314581e-01
3.0480028582e-01
3.0477940654e-01
3.0475503100e-01
3.0473454770e-01
3.0471814366e-01
3.0470596486e-01
3.0469703217e-01
3.0469453809e-01
3.0469851364e-01
3.0470890938e-01
3.0471867485e-01
3.0473087785e-01
3.0474545584e-01
3.0476233269e-01
3.0478224989e-01
3.0480444368e-01
3.0482877976e-01
3.0485510755e-01
3.0488035193e-01
3.0490694134e-01
3.0493473479e-01
3.0496358274e-01
3.0499840242e-01
3.0503418385e-01
3.0507065518e-01
3.0510753709e-01
3.0515163048e-01
3.0519541793e-01
3.0523841593e-01
3.0528014742e-01
3.0531772627e-01
3.0535340755e-01
3.0538683250e-01
3.0541765795e-01
3.0544794344e-01
3.0547434587e-01
3.0549649084e-01
3.0551402941e-01
3.0552936630e-01
3.0553580231e-01
3.0553275870e-01
3.0551971569e-01
3.0548551616e-01
3.0543132223e-01
3.0535626348e-01
3.0525958194e-01
3.0514137914e-01
3.0500056896e-01
3.0483662608e-01
3.0464906936e-01
3.0441859694e-01
3.0415932047e-01
3.0387072400e-01
3.0355230685e-01
3.0325484156e-01
3.0293473726e-01
3.0259168958e-01
3.0222539727e-01
3.0188932248e-01
3.0153541841e-01
3.0116350190e-01
3.0077339762e-01
3.0040282791e-01
3.0001697634e-01
2.9961574220e-01
2.9919904107e-01
2.9869327691e-01
2.9816631707e-01
2.9761816373e-01
2.9704889435e-01
2.9662658330e-01
2.9619353740e-01
2.9574989088e-01
2.9529581852e-01
2.9493223381e-01
2.9456248900e-01
2.9418673481e-01
2.9380514550e-01
2.9347834901e-01
2.9314766502e-01
2.9281324394e-01
2.9247525162e-01
2.9216912646e-01
2.9186041557e-01
2.9154927246e-01
2.9123586158e-01
2.9087217346e-01
2.9050599369e-01
2.9013762575e-01
2.8976738957e-01
2.8947838773e-01
2.8918862076e-01
2.8889825471e-01
2.8860745818e-01
2.8835364986e-01
2.8809975649e-01
2.8784589040e-01
2.8759216264e-01
2.8735119490e-01
2.8711054228e-01
2.8687029348e-01
2.8663053394e-01
2.8638324529e-01
2.8613665260e-01
2.8589083632e-01
2.8564587138e-01
2.8541352630e-01
2.8518207033e-01
2.8495155347e-01
2.8472202093e-01
2.8446641901e-01
2.8421215034e-01
2.8395925872e-01
2.8370778187e-01
2.8343863946e-01
2.8317120810e-01
2.8290551577e-01
2.8264158533e-01
2.8238212940e-01
2.8212443165e-01
2.8186850349e-01
2.8161435387e-01
2.8129765543e-01
2.8098378364e-01
2.8067274531e-01
2.8036454477e-01
2.7992493882e-01
2.7949124578e-01
2.7906346418e-01
2.7864158990e-01
2.7821750485e-01
2.7779954823e-01
2.7738771222e-01
2.7698198858e-01
2.7650287816e-01
2.7603255385e-01
2.7557100104e-01
2.7511820524e-01
2.7450593648e-01
2.7391037802e-01
2.7333149369e-01
2.7276924826e-01
2.7185361398e-01
2.7098558295e-01
2.7016500320e-01
2.6939173104e-01
2.6797628146e-01
2.6675149845e-01
2.6571651054e-01
2.6487058131e-01
2.6421259769e-01
2.6374294412e-01
2.6346128582e-01
2.6336742202e-01
