2.2794944850e-06
2.6025947784e-06
3.6573635672e-06
5.7409523898e-06
9.4509644560e-06
1.3938908278e-05
2.0640833396e-05
3.0626571839e-05
4.5498895476e-05
6.1993763207e-05
8.4469699158e-05
1.1510144632e-04
1.5685986546e-04
2.0109657139e-04
2.5779744601e-04
3.3048093262e-04
4.2366089157e-04
5.2200196493e-04
6.4314362318e-04
7.9237275139e-04
9.7620042075e-04
1.1693303517e-03
1.4005955511e-03
1.6775084340e-03
2.0090516784e-03
2.3583784887e-03
2.7682349490e-03
3.2490442467e-03
3.8129977619e-03
4.4171787368e-03
5.1164989164e-03
5.9257518900e-03
6.8619646150e-03
7.9568915882e-03
9.2245805174e-03
1.0691644716e-02
1.2388567995e-02
1.4076143740e-02
1.5989135946e-02
1.8156369571e-02
2.0609975083e-02
2.3174924558e-02
2.6048824690e-02
2.9266178940e-02
3.2864618384e-02
3.5944847973e-02
3.9299410692e-02
4.2949905646e-02
4.6919070237e-02
5.0720513991e-02
5.4807946813e-02
5.9199143739e-02
6.3912346863e-02
6.8683407201e-02
7.3775139222e-02
7.9203557303e-02
8.4984609669e-02
9.1412118392e-02
9.8258418037e-02
1.0554020224e-01
1.1327316449e-01
1.2127937611e-01
1.2974215468e-01
1.3867167184e-01
1.4807601687e-01
1.5700950575e-01
1.6633968601e-01
1.7606690728e-01
1.8618937248e-01
1.9616806180e-01
2.0649428651e-01
2.1716051308e-01
2.2815714881e-01
2.3905803471e-01
2.5024279107e-01
2.6169744175e-01
2.7340635736e-01
2.8697691992e-01
3.0082524818e-01
3.1492190112e-01
3.2923564246e-01
3.4277727507e-01
3.5645232762e-01
3.7023270602e-01
3.8409003018e-01
3.9749616629e-01
4.1092215412e-01
4.2434316429e-01
4.3773496370e-01
4.5220603053e-01
4.6658631409e-01
4.8084852657e-01
4.9496699529e-01
5.1002570933e-01
5.2486112264e-01
5.3944805701e-01
5.5376393348e-01
5.6935056754e-01
5.8455312154e-01
5.9935158413e-01
6.1372957280e-01
6.2857899036e-01
6.4292428498e-01
6.5675758514e-01
6.7007448872e-01
6.8246262330e-01
6.9436780647e-01
7.0579352854e-01
7.1674517624e-01
7.2772655081e-01
7.3820429411e-01
7.4818959788e-01
7.5769483597e-01
7.6741348688e-01
7.7660806691e-01
7.8529694526e-01
7.9349900715e-01
8.0217892687e-01
8.1029318481e-01
8.1786936055e-01
8.2493476880e-01
8.3313882768e-01
8.4062919970e-01
8.4745613137e-01
8.5366777794e-01
8.5983971318e-01
8.6538140283e-01
8.7034692026e-01
8.7478681252e-01
8.7981770007e-01
8.8414355027e-01
8.8784850000e-01
8.9100834712e-01
8.9339221380e-01
8.9544849888e-01
8.9721502386e-01
8.9872596403e-01
9.0005107221e-01
9.0116683266e-01
9.0210061375e-01
9.0287688418e-01
9.0355774078e-01
9.0410690972e-01
9.0454528193e-01
9.0489118423e-01
9.0518188607e-01
9.0539941820e-01
9.0555904832e-01
9.0567359579e-01
9.0576262966e-01
9.0581913924e-01
9.0585236162e-01
9.0586850748e-01
9.0587119082e-01
9.0586284373e-01
9.0584198017e-01
9.0580511153e-01
9.0575258568e-01
9.0567614047e-01
9.0556830353e-01
9.0541987299e-01
9.0523588267e-01
9.0499685796e-01
9.0469069564e-01
9.0430348397e-01
9.0384801062e-01
9.0329046861e-01
9.0261366596e-01
9.0179829907e-01
9.0083440731e-01
8.9969049392e-01
8.9834052165e-01
8.9675552464e-01
8.9483258854e-01
8.9258362012e-01
8.8996458742e-01
8.8692669295e-01
8.8402899181e-01
8.8076708234e-01
8.7710370442e-01
8.7299859257e-01
8.6869415698e-01
8.6392153495e-01
8.5863934480e-01
8.5280357353e-01
8.4773366088e-01
8.4225911940e-01
8.3635429533e-01
8.2999260076e-01
8.2391363953e-01
8.1742979938e-01
8.1052072585e-01
8.0316576176e-01
7.9582511763e-01
7.8805447813e-01
7.7983654633e-01
7.7115424444e-01
7.6268166279e-01
7.5378329885e-01
7.4444685136e-01
7.3466073499e-01
7.2445534358e-01
7.1378366470e-01
7.0263747830e-01
6.9101007296e-01
6.7780917256e-01
6.6402926629e-01
6.4966994243e-01
6.3473447851e-01
6.2212174647e-01
6.0913628462e-01
5.9578657939e-01
5.8208347587e-01
5.6787590693e-01
5.5333692339e-01
5.3848595592e-01
5.2334538424e-01
5.1034779435e-01
4.9717855665e-01
4.8385615387e-01
4.7040053755e-01
4.5693551534e-01
4.4338250080e-01
4.2976484322e-01
4.1610693648e-01
3.9562979174e-01
3.7520712796e-01
3.5492874178e-01
3.3488476467e-01
3.2206548185e-01
3.0940539537e-01
2.9692715099e-01
2.8465239579e-01
2.7252448263e-01
2.6064291420e-01
2.4902561329e-01
2.3768882986e-01
2.2588483702e-01
2.1443398409e-01
2.0334916781e-01
1.9264078577e-01
1.8139734038e-01
1.7061825455e-01
1.6030725021e-01
1.5046496844e-01
1.4058278652e-01
1.3121449037e-01
1.2235149365e-01
1.1398272433e-01
1.0651732796e-01
9.9468827107e-02
9.2823523798e-02
8.6566832183e-02
8.0334069594e-02
7.4503114106e-02
6.9054862195e-02
6.3970098947e-02
5.8558224684e-02
5.3571285300e-02
4.8981441551e-02
4.4761724846e-02
3.9803111205e-02
3.5368748540e-02
3.1408602877e-02
2.7876226163e-02
2.3508934052e-02
1.9809008615e-02
1.6679411178e-02
1.4035712571e-02
1.2150912159e-02
1.0516001116e-02
9.0986506927e-03
7.8705067147e-03
6.7250691381e-03
5.7452000856e-03
4.9072638704e-03
4.1909155476e-03
3.5004773069e-03
2.9234066711e-03
2.4411926254e-03
2.0383129564e-03
1.6443060255e-03
1.3263601151e-03
1.0698148448e-03
8.6282523020e-04
6.5855420382e-04
5.0263858164e-04
3.8362043223e-04
2.9275875366e-04
2.0332178047e-04
1.4123454343e-04
9.8107769489e-05
6.8136245925e-05
4.0865458743e-05
2.4557811291e-05
1.4793669007e-05
8.9589205670e-06
5.5280424592e-06
3.5797512358e-06
2.5853698333e-06
2.2795363054e-06
