2.8627952718e-01
2.8628099421e-01
2.8628539531e-01
2.8629273052e-01
2.8630299993e-01
2.8631473725e-01
2.8632884631e-01
2.8634532722e-01
2.8636418012e-01
2.8638339285e-01
2.8640456911e-01
2.8642770904e-01
2.8645281279e-01
2.8647777705e-01
2.8650442117e-01
2.8653274530e-01
2.8656274958e-01
2.8659278695e-01
2.8662433864e-01
2.8665740477e-01
2.8669198545e-01
2.8672901087e-01
2.8676762844e-01
2.8680783826e-01
2.8684964040e-01
2.8688917164e-01
2.8693002860e-01
2.8697221123e-01
2.8701571947e-01
2.8705407603e-01
2.8709340672e-01
2.8713371135e-01
2.8717498971e-01
2.8721224279e-01
2.8725025438e-01
2.8728902416e-01
2.8732855176e-01
2.8736372136e-01
2.8739946921e-01
2.8743579486e-01
2.8747269784e-01
2.8750709557e-01
2.8754197920e-01
2.8757734816e-01
2.8761320181e-01
2.8764775701e-01
2.8768274941e-01
2.8771817820e-01
2.8775404248e-01
2.8779016471e-01
2.8782671611e-01
2.8786369545e-01
2.8790110134e-01
2.8794531184e-01
2.8799009897e-01
2.8803545963e-01
2.8808139037e-01
2.8812084888e-01
2.8816071327e-01
2.8820098063e-01
2.8824164779e-01
2.8827969099e-01
2.8831807161e-01
2.8835678639e-01
2.8839583182e-01
2.8843502588e-01
2.8847453982e-01
2.8851436931e-01
2.8855450971e-01
2.8859173418e-01
2.8862921382e-01
2.8866694424e-01
2.8870492080e-01
2.8874429756e-01
2.8878392470e-01
2.8882379625e-01
2.8886390592e-01
2.8892049863e-01
2.8897752663e-01
2.8903496946e-01
2.8909280538e-01
2.8913490137e-01
2.8917718222e-01
2.8921963851e-01
2.8926226050e-01
2.8930411329e-01
2.8934610540e-01
2.8938822688e-01
2.8943046754e-01
2.8947513890e-01
2.8951991872e-01
2.8956479422e-01
2.8960975239e-01
2.8966326696e-01
2.8971685698e-01
2.8977049949e-01
2.8982417127e-01
2.8987576219e-01
2.8992733738e-01
2.8997887568e-01
2.9003035582e-01
2.9008822818e-01
2.9014596929e-01
2.9020354874e-01
2.9026093621e-01
2.9032090602e-01
2.9038059676e-01
2.9043997424e-01
2.9049900462e-01
2.9055448720e-01
2.9060960163e-01
2.9066432055e-01
2.9071861706e-01
2.9077361961e-01
2.9082812628e-01
2.9088211011e-01
2.9093554476e-01
2.9099159141e-01
2.9104696149e-01
2.9110162598e-01
2.9115555671e-01
2.9121202721e-01
2.9126760674e-01
2.9132226469e-01
2.9137597155e-01
2.9143373451e-01
2.9149028384e-01
2.9154558509e-01
2.9159960535e-01
2.9166053794e-01
2.9171966312e-01
2.9177693701e-01
2.9183231818e-01
2.9189578317e-01
2.9195644384e-01
2.9201424293e-01
2.9206912747e-01
2.9212680093e-01
2.9218073182e-01
2.9223086390e-01
2.9227714631e-01
2.9232158567e-01
2.9236167589e-01
2.9239737538e-01
2.9242864787e-01
2.9245485089e-01
2.9247678996e-01
2.9249444495e-01
2.9250779987e-01
2.9251703707e-01
2.9252170436e-01
2.9252179736e-01
2.9251731598e-01
2.9250856064e-01
2.9249547992e-01
2.9247808560e-01
2.9245639348e-01
2.9242842889e-01
2.9239559100e-01
2.9235791559e-01
2.9231544453e-01
2.9227594412e-01
2.9223310140e-01
2.9218695268e-01
2.9213753803e-01
2.9209163130e-01
2.9204328733e-01
2.9199254085e-01
2.9193942923e-01
2.9189167464e-01
2.9184221256e-01
2.9179107228e-01
2.9173828482e-01
2.9168950599e-01
2.9163945035e-01
2.9158814411e-01
2.9153561477e-01
2.9148579899e-01
2.9143497866e-01
2.9138317876e-01
2.9133042528e-01
2.9127966050e-01
2.9122808998e-01
2.9117573824e-01
2.9112263064e-01
2.9107159607e-01
2.9101992836e-01
2.9096765120e-01
2.9091478892e-01
2.9086213076e-01
2.9080895283e-01
2.9075528024e-01
2.9070113869e-01
2.9064359373e-01
2.9058558828e-01
2.9052715433e-01
2.9046832442e-01
2.9041196396e-01
2.9035530340e-01
2.9029837208e-01
2.9024119964e-01
2.9019008734e-01
2.9013882868e-01
2.9008744501e-01
2.9003595777e-01
2.8998415921e-01
2.8993229955e-01
2.8988040045e-01
2.8982848351e-01
2.8978262803e-01
2.8973679004e-01
2.8969098410e-01
2.8964522459e-01
2.8960225163e-01
2.8955934396e-01
2.8951651307e-01
2.8947377028e-01
2.8942990962e-01
2.8938616576e-01
2.8934255026e-01
2.8929907445e-01
2.8924333994e-01
2.8918787782e-01
2.8913270996e-01
2.8907785735e-01
2.8903548402e-01
2.8899332195e-01
2.8895137979e-01
2.8890966579e-01
2.8887059707e-01
2.8883174405e-01
2.8879311280e-01
2.8875470905e-01
2.8871473232e-01
2.8867501720e-01
2.8863556936e-01
2.8859639412e-01
2.8855619563e-01
2.8851629895e-01
2.8847670896e-01
2.8843743026e-01
2.8839559380e-01
2.8835412625e-01
2.8831303216e-01
2.8827231570e-01
2.8822283007e-01
2.8817392637e-01
2.8812561045e-01
2.8807788754e-01
2.8803848715e-01
2.8799950614e-01
2.8796094672e-01
2.8792281089e-01
2.8788514838e-01
2.8784791183e-01
2.8781110270e-01
2.8777472233e-01
2.8773699022e-01
2.8769973322e-01
2.8766295244e-01
2.8762664882e-01
2.8758727844e-01
2.8754848714e-01
2.8751027582e-01
2.8747264522e-01
2.8742833023e-01
2.8738485060e-01
2.8734220714e-01
2.8730040053e-01
2.8725442918e-01
2.8720951554e-01
2.8716566013e-01
2.8712286338e-01
2.8706415887e-01
2.8700757210e-01
2.8695310347e-01
2.8690075324e-01
2.8685837720e-01
2.8681749879e-01
2.8677811798e-01
2.8674023471e-01
2.8670239340e-01
2.8666617436e-01
2.8663157748e-01
2.8659860262e-01
2.8656475590e-01
2.8653280719e-01
2.8650275631e-01
2.8647460310e-01
2.8644565409e-01
2.8641902954e-01
2.8639472926e-01
2.8637275306e-01
2.8635090237e-01
2.8633196553e-01
2.8631594237e-01
2.8630283273e-01
2.8629263647e-01
2.8628535351e-01
2.8628098376e-01
2.8627952718e-01
