2.3058734749e-02
2.3409080863e-02
2.4469795839e-02
2.6270068124e-02
2.8858857854e-02
3.1214452455e-02
3.4033595870e-02
3.7352625700e-02
4.1213153920e-02
4.4872251394e-02
4.8968389129e-02
5.3533545323e-02
5.8601825210e-02
6.3699609715e-02
6.9275451334e-02
7.5358712226e-02
8.1979221953e-02
8.9373449362e-02
9.7398581422e-02
1.0608546322e-01
1.1546306476e-01
1.2516636139e-01
1.3555436636e-01
1.4664347917e-01
1.5844539238e-01
1.6982537493e-01
1.8180262142e-01
1.9437251701e-01
2.0752532221e-01
2.2028768564e-01
2.3352611908e-01
2.4721980772e-01
2.6134378530e-01
2.7713785642e-01
2.9336312093e-01
3.0997278303e-01
3.2691602652e-01
3.4368645201e-01
3.6066969503e-01
3.7781216310e-01
3.9505964230e-01
4.1222186414e-01
4.2938218515e-01
4.4649014199e-01
4.6349731125e-01
4.8467184300e-01
5.0552986399e-01
5.2599488891e-01
5.4599910603e-01
5.6528182659e-01
5.8400730263e-01
6.0213540274e-01
6.1963388846e-01
6.3803231106e-01
6.5562393379e-01
6.7239416639e-01
6.8833608565e-01
7.0316701014e-01
7.1720594905e-01
7.3046224214e-01
7.4294879340e-01
7.5578649801e-01
7.6773981847e-01
7.7883477831e-01
7.8909885016e-01
7.9993880849e-01
8.0975525395e-01
8.1859086502e-01
8.2648677122e-01
8.3488390189e-01
8.4201148234e-01
8.4792682760e-01
8.5267932250e-01
8.5686607288e-01
8.5952427072e-01
8.6068738333e-01
8.6037016262e-01
8.5903313755e-01
8.5671912551e-01
8.5340908453e-01
8.4907619723e-01
8.4446651465e-01
8.3903574634e-01
8.3275316075e-01
8.2558440904e-01
8.1855753425e-01
8.1079683998e-01
8.0227399208e-01
7.9295965696e-01
7.8379758898e-01
7.7393670176e-01
7.6335490420e-01
7.5203087242e-01
7.4001352109e-01
7.2722425479e-01
7.1364754614e-01
6.9927099296e-01
6.8294605732e-01
6.6568599136e-01
6.4749399132e-01
6.2838221733e-01
6.1255892159e-01
5.9618560683e-01
5.7928390267e-01
5.6188093086e-01
5.4523841499e-01
5.2822042224e-01
5.1086306743e-01
4.9320716509e-01
4.7660742782e-01
4.5982968098e-01
4.4291664020e-01
4.2591376966e-01
4.0801237792e-01
3.9012239991e-01
3.7230304725e-01
3.5461429647e-01
3.3798717255e-01
3.2158251773e-01
3.0544925579e-01
2.8963405412e-01
2.7433733232e-01
2.5943413233e-01
2.4495961742e-01
2.3094471877e-01
2.1497955014e-01
1.9973101493e-01
1.8522516067e-01
1.7147895923e-01
1.5571018274e-01
1.4108866002e-01
1.2759785682e-01
1.1520811137e-01
1.0599999519e-01
9.7455554861e-02
8.9547394890e-02
8.2246353796e-02
7.4708534595e-02
6.7859205984e-02
6.1654540448e-02
5.6051575347e-02
4.9375827733e-02
4.3622945287e-02
3.8704878333e-02
3.4542309990e-02
3.0101916799e-02
2.6713534368e-02
2.4271098072e-02
2.2696208221e-02
2.1959853047e-02
2.1925753070e-02
2.2592898036e-02
2.3980811394e-02
2.5694963806e-02
2.7959310016e-02
3.0817160900e-02
3.4321983984e-02
3.7404450829e-02
4.0914861382e-02
4.4886877321e-02
4.9357254544e-02
5.3744379731e-02
5.8578853486e-02
6.3891085155e-02
6.9712667176e-02
7.5885899301e-02
8.2600576151e-02
8.9886880187e-02
9.7774484092e-02
1.0720848619e-01
1.1744515388e-01
1.2851655960e-01
1.4044964766e-01
1.5100636850e-01
1.6217668297e-01
1.7396386733e-01
1.8636640890e-01
1.9845895189e-01
2.1106916126e-01
2.2418284027e-01
2.3778131506e-01
2.5216894481e-01
2.6701003255e-01
2.8227046564e-01
2.9791192139e-01
3.1504072137e-01
3.3250246428e-01
3.5023805212e-01
3.6818603440e-01
3.8487784542e-01
4.0164727463e-01
4.1844513126e-01
4.3522322892e-01
4.5418129209e-01
4.7298889459e-01
4.9158522782e-01
5.0991415556e-01
5.2908102279e-01
5.4783185560e-01
5.6611868703e-01
5.8390048736e-01
6.0482297897e-01
6.2489716997e-01
6.4408704915e-01
6.6236839714e-01
6.7832101900e-01
6.9349434810e-01
7.0789002992e-01
7.2151439861e-01
7.3516344236e-01
7.4796876064e-01
7.5994968318e-01
7.7112789804e-01
7.8285844290e-01
7.9362310014e-01
8.0345808405e-01
8.1239949494e-01
8.2196544885e-01
8.3036236037e-01
8.3764384842e-01
8.4385874861e-01
8.4997950162e-01
8.5468500900e-01
8.5802586627e-01
8.6003880099e-01
8.6073754161e-01
8.6033698572e-01
8.5883338090e-01
8.5621257292e-01
8.5291167735e-01
8.4867800111e-01
8.4348115013e-01
8.3728476463e-01
8.3135639284e-01
8.2468471372e-01
8.1724082663e-01
8.0899392726e-01
8.0089472492e-01
7.9210058964e-01
7.8258709135e-01
7.7232979339e-01
7.6191573445e-01
7.5079433836e-01
7.3894720935e-01
7.2635766476e-01
7.0953434606e-01
6.9150410110e-01
6.7225472339e-01
6.5178581689e-01
6.3617973340e-01
6.1994949771e-01
6.0311126465e-01
5.8568702525e-01
5.6918647268e-01
5.5224208821e-01
5.3488593494e-01
5.1715528404e-01
5.0107514637e-01
4.8476499976e-01
4.6826166388e-01
4.5160498779e-01
4.3369867839e-01
4.1572124973e-01
3.9773031634e-01
3.7978541986e-01
3.6268462055e-01
3.4573568351e-01
3.2899178713e-01
3.1250481701e-01
2.9701108574e-01
2.8183979317e-01
2.6702936067e-01
2.5261485592e-01
2.3761545890e-01
2.2314203614e-01
2.0922243372e-01
1.9587870451e-01
1.8012264578e-01
1.6529973322e-01
1.5141655980e-01
1.3846836608e-01
1.2783736701e-01
1.1790330299e-01
1.0864650466e-01
1.0004392855e-01
9.1757755266e-02
8.4121336863e-02
7.7102286631e-02
7.0667533523e-02
6.3741998419e-02
5.7538435493e-02
5.2004139706e-02
4.7088960547e-02
4.0929450007e-02
3.5856787910e-02
3.1755822473e-02
2.8529416407e-02
2.6090251225e-02
2.4391611644e-02
2.3389793911e-02
2.3058735565e-02
