4.0178142630e-04
4.2043261896e-04
4.7807941750e-04
5.8006329882e-04
7.3587221483e-04
9.1429897340e-04
1.1498294961e-03
1.4571423681e-03
1.8553771821e-03
2.2876465942e-03
2.8242811662e-03
3.4895512399e-03
4.3134338301e-03
5.2490656841e-03
6.3875335378e-03
7.7718684823e-03
9.4539252411e-03
1.1338964930e-02
1.3594281112e-02
1.6289907291e-02
1.9507951428e-02
2.2607030478e-02
2.6182866760e-02
3.0303401001e-02
3.5044383005e-02
3.9252472894e-02
4.3937892720e-02
4.9147612587e-02
5.4931384655e-02
6.0696640338e-02
6.7013589530e-02
7.3923165183e-02
8.1466712685e-02
9.0565797325e-02
1.0053894196e-01
1.1143678220e-01
1.2330519410e-01
1.3461232771e-01
1.4672685528e-01
1.5966352793e-01
1.7342941472e-01
1.8661440539e-01
2.0047055341e-01
2.1498272209e-01
2.3012848657e-01
2.4550000117e-01
2.6141259174e-01
2.7782532346e-01
2.9469134887e-01
3.1368532665e-01
3.3308807488e-01
3.5281919113e-01
3.7279487246e-01
3.9123481289e-01
4.0974224272e-01
4.2825238047e-01
4.4670239094e-01
4.6937957136e-01
4.9176594405e-01
5.1376467568e-01
5.3528961349e-01
5.5690625645e-01
5.7787049962e-01
5.9812571538e-01
6.1762735290e-01
6.3750668430e-01
6.5646883796e-01
6.7449831899e-01
6.9158990555e-01
7.0788227219e-01
7.2323566246e-01
7.3766762892e-01
7.5120076394e-01
7.6531006635e-01
7.7836892441e-01
7.9042175870e-01
8.0151481586e-01
8.1400919720e-01
8.2518912823e-01
8.3514148263e-01
8.4394937994e-01
8.5469610304e-01
8.6347518360e-01
8.7046708927e-01
8.7582427988e-01
8.8025188275e-01
8.8267894535e-01
8.8320469643e-01
8.8187119159e-01
8.7971308236e-01
8.7652963456e-01
8.7228026145e-01
8.6690848683e-01
8.6158060289e-01
8.5539118149e-01
8.4828464039e-01
8.4019866338e-01
8.3270620804e-01
8.2445185432e-01
8.1539115371e-01
8.0547774125e-01
7.9579538056e-01
7.8534958057e-01
7.7410521073e-01
7.6202784573e-01
7.4970369349e-01
7.3656510797e-01
7.2258808072e-01
7.0775221163e-01
6.9101868866e-01
6.7328452690e-01
6.5454699474e-01
6.3481423308e-01
6.1777616248e-01
6.0009196161e-01
5.8178841113e-01
5.6290047258e-01
5.4544608281e-01
5.2759213912e-01
5.0938290556e-01
4.9086877035e-01
4.7302185593e-01
4.5500333310e-01
4.3687083245e-01
4.1868571052e-01
3.9838281191e-01
3.7818799957e-01
3.5819623156e-01
3.3850249732e-01
3.2171019538e-01
3.0527206355e-01
2.8924384441e-01
2.7367740660e-01
2.5757440254e-01
2.4210654317e-01
2.2731790829e-01
2.1324493227e-01
1.9766774101e-01
1.8315034102e-01
1.6971264529e-01
1.5736259056e-01
1.4679627265e-01
1.3717004749e-01
1.2847018562e-01
1.2067927741e-01
1.1358976707e-01
1.0741895331e-01
1.0214401664e-01
9.7743184679e-02
9.3732469230e-02
9.0829072387e-02
8.9013444917e-02
8.8272892607e-02
8.8509332618e-02
8.9583678256e-02
9.1501887617e-02
9.4274346066e-02
9.7720994066e-02
1.0197070516e-01
1.0704147396e-01
1.1295307056e-01
1.2121113501e-01
1.3075330153e-01
1.4161310474e-01
1.5381840313e-01
1.6413403133e-01
1.7526103224e-01
1.8719787228e-01
1.9993686934e-01
2.1250569837e-01
2.2573965846e-01
2.3961509783e-01
2.5410224017e-01
2.7004447168e-01
2.8658059299e-01
3.0365407224e-01
3.2120225633e-01
3.3900152485e-01
3.5713053457e-01
3.7551658716e-01
3.9408556717e-01
4.1257232553e-01
4.3109438716e-01
4.4958285318e-01
4.6797183845e-01
4.8890209355e-01
5.0953214433e-01
5.2978377428e-01
5.4958794525e-01
5.7366220372e-01
5.9684609842e-01
6.1906539733e-01
6.4026632773e-01
6.5875866667e-01
6.7635239571e-01
6.9304251839e-01
7.0883259457e-01
7.2457656371e-01
7.3934440856e-01
7.5316177379e-01
7.6605874468e-01
7.7965531212e-01
7.9215615010e-01
8.0361546501e-01
8.1408801311e-01
8.2588926732e-01
8.3633193211e-01
8.4551287973e-01
8.5352173766e-01
8.6438869302e-01
8.7259158566e-01
8.7836901008e-01
8.8188576608e-01
8.8313762485e-01
8.8299794696e-01
8.8144663976e-01
8.7843161491e-01
8.7517764150e-01
8.7101463593e-01
8.6588535657e-01
8.5972235479e-01
8.5385816836e-01
8.4720311612e-01
8.3970561852e-01
8.3131016726e-01
8.2318376226e-01
8.1428365480e-01
8.0456702982e-01
7.9399017559e-01
7.8361241750e-01
7.7245755868e-01
7.6049379665e-01
7.4769080138e-01
7.3399008803e-01
7.1939295847e-01
7.0387831515e-01
6.8743030514e-01
6.7120819564e-01
6.5416114466e-01
6.3629467397e-01
6.1762239869e-01
5.9887244515e-01
5.7942346211e-01
5.5931453326e-01
5.3859505092e-01
5.2111989237e-01
5.0331069412e-01
4.8521177175e-01
4.6687236939e-01
4.4790478601e-01
4.2880424258e-01
4.0963724832e-01
3.9047351903e-01
3.7130794328e-01
3.5229235365e-01
3.3350060855e-01
3.1500512521e-01
2.9784638956e-01
2.8107082378e-01
2.6472989352e-01
2.4887013882e-01
2.3209845119e-01
2.1599863653e-01
2.0060697092e-01
1.8595043666e-01
1.6885535625e-01
1.5292800054e-01
1.3816496640e-01
1.2454655229e-01
1.1369171611e-01
1.0363587479e-01
9.4346230288e-02
8.5786451489e-02
7.7052776849e-02
6.9122817675e-02
6.1939963562e-02
5.5447932685e-02
4.7816831480e-02
4.1179522607e-02
3.5421650262e-02
3.0437881220e-02
2.4683057402e-02
1.9989644955e-02
1.6171321384e-02
1.3071059237e-02
1.0668719922e-02
8.7039008427e-03
7.0985233315e-03
5.7879438171e-03
4.5553555935e-03
3.5858797807e-03
2.8241452091e-03
2.2264074555e-03
1.6615524528e-03
1.2465929186e-03
9.4414083932e-04
7.2693485974e-04
5.7550939869e-04
4.7619696065e-04
4.1998202454e-04
4.0178145920e-04
