0.0000000000e+00
1.7520083217e-02
3.5040166434e-02
5.2560249651e-02
7.0080332868e-02
7.9193587458e-02
8.8306842048e-02
9.7420096637e-02
1.0653335123e-01
1.1229723200e-01
1.1806111278e-01
1.2382499356e-01
1.2958887434e-01
1.3361326548e-01
1.3763765661e-01
1.4166204775e-01
1.4568643889e-01
1.4871179139e-01
1.5173714390e-01
1.5476249640e-01
1.5778784890e-01
1.6021095259e-01
1.6263405629e-01
1.6505715999e-01
1.6748026369e-01
1.6954411650e-01
1.7160796932e-01
1.7367182213e-01
1.7573567494e-01
1.7794549640e-01
1.8015531786e-01
1.8236513931e-01
1.8457496077e-01
1.8613630013e-01
1.8769763950e-01
1.8925897886e-01
1.9082031822e-01
1.9204290325e-01
1.9326548827e-01
1.9448807330e-01
1.9571065832e-01
1.9680016858e-01
1.9788967885e-01
1.9897918911e-01
2.0006869937e-01
2.0124981966e-01
2.0243093995e-01
2.0361206025e-01
2.0479318054e-01
2.0579158021e-01
2.0678997988e-01
2.0778837955e-01
2.0878677922e-01
2.0970592424e-01
2.1062506926e-01
2.1154421428e-01
2.1246335930e-01
2.1345718867e-01
2.1445101804e-01
2.1544484741e-01
2.1643867678e-01
2.1737736533e-01
2.1831605389e-01
2.1925474244e-01
2.2019343099e-01
2.2122338929e-01
2.2225334760e-01
2.2328330590e-01
2.2431326420e-01
2.2545906596e-01
2.2660486772e-01
2.2775066947e-01
2.2889647123e-01
2.3017501967e-01
2.3145356810e-01
2.3273211654e-01
2.3401066497e-01
2.3531024572e-01
2.3660982647e-01
2.3790940722e-01
2.3920898797e-01
2.4069923797e-01
2.4218948797e-01
2.4367973797e-01
2.4516998797e-01
2.4718846788e-01
2.4920694779e-01
2.5122542770e-01
2.5324390760e-01
2.5567969476e-01
2.5811548191e-01
2.6055126906e-01
2.6298705621e-01
2.6549215231e-01
2.6799724841e-01
2.7050234451e-01
2.7300744061e-01
2.7572883755e-01
2.7845023450e-01
2.8117163144e-01
2.8389302838e-01
2.8706824990e-01
2.9024347141e-01
2.9341869292e-01
2.9659391444e-01
3.0051041740e-01
3.0442692036e-01
3.0834342332e-01
3.1225992628e-01
3.1746632885e-01
3.2267273141e-01
3.2787913398e-01
3.3308553655e-01
3.3926303170e-01
3.4544052686e-01
3.5161802202e-01
3.5779551717e-01
3.6386864943e-01
3.6994178168e-01
3.7601491394e-01
3.8208804619e-01
3.8693311073e-01
3.9177817526e-01
3.9662323979e-01
4.0146830432e-01
4.0545652199e-01
4.0944473966e-01
4.1343295733e-01
4.1742117500e-01
4.2113512100e-01
4.2484906699e-01
4.2856301299e-01
4.3227695898e-01
4.3578111273e-01
4.3928526648e-01
4.4278942023e-01
4.4629357398e-01
4.4944984774e-01
4.5260612150e-01
4.5576239526e-01
4.5891866903e-01
4.6187946103e-01
4.6484025304e-01
4.6780104505e-01
4.7076183705e-01
4.7394422797e-01
4.7712661889e-01
4.8030900981e-01
4.8349140072e-01
4.8617863166e-01
4.8886586259e-01
4.9155309353e-01
4.9424032446e-01
4.9692949290e-01
4.9961866134e-01
5.0230782978e-01
5.0499699822e-01
5.0857161387e-01
5.1214622952e-01
5.1572084517e-01
5.1929546083e-01
5.2217298836e-01
5.2505051589e-01
5.2792804342e-01
5.3080557095e-01
5.3407647043e-01
5.3734736992e-01
5.4061826940e-01
5.4388916888e-01
5.4808560672e-01
5.5228204455e-01
5.5647848239e-01
5.6067492022e-01
5.6446919991e-01
5.6826347961e-01
5.7205775930e-01
5.7585203899e-01
5.8051327943e-01
5.8517451987e-01
5.8983576031e-01
5.9449700075e-01
6.0050911663e-01
6.0652123251e-01
6.1253334839e-01
6.1854546427e-01
6.2471975667e-01
6.3089404908e-01
6.3706834148e-01
6.4324263388e-01
6.4867983015e-01
6.5411702641e-01
6.5955422267e-01
6.6499141894e-01
6.6921325862e-01
6.7343509831e-01
6.7765693799e-01
6.8187877768e-01
6.8537091208e-01
6.8886304647e-01
6.9235518087e-01
6.9584731526e-01
6.9883574319e-01
7.0182417111e-01
7.0481259904e-01
7.0780102697e-01
7.1044752927e-01
7.1309403158e-01
7.1574053389e-01
7.1838703620e-01
7.2088322831e-01
7.2337942042e-01
7.2587561254e-01
7.2837180465e-01
7.3077480161e-01
7.3317779858e-01
7.3558079554e-01
7.3798379250e-01
7.4007649197e-01
7.4216919144e-01
7.4426189091e-01
7.4635459038e-01
7.4793007647e-01
7.4950556255e-01
7.5108104863e-01
7.5265653471e-01
7.5402405004e-01
7.5539156537e-01
7.5675908071e-01
7.5812659604e-01
7.5937814512e-01
7.6062969420e-01
7.6188124328e-01
7.6313279236e-01
7.6455948930e-01
7.6598618624e-01
7.6741288318e-01
7.6883958012e-01
7.6993195632e-01
7.7102433252e-01
7.7211670872e-01
7.7320908492e-01
7.7417059633e-01
7.7513210774e-01
7.7609361914e-01
7.7705513055e-01
7.7801185786e-01
7.7896858517e-01
7.7992531248e-01
7.8088203980e-01
7.8183817399e-01
7.8279430819e-01
7.8375044239e-01
7.8470657658e-01
7.8566316029e-01
7.8661974399e-01
7.8757632769e-01
7.8853291139e-01
7.8958437224e-01
7.9063583308e-01
7.9168729393e-01
7.9273875478e-01
7.9382540763e-01
7.9491206049e-01
7.9599871334e-01
7.9708536620e-01
7.9821677418e-01
7.9934818216e-01
8.0047959014e-01
8.0161099812e-01
8.0315304758e-01
8.0469509704e-01
8.0623714649e-01
8.0777919595e-01
8.0999552876e-01
8.1221186157e-01
8.1442819438e-01
8.1664452719e-01
8.1875453211e-01
8.2086453703e-01
8.2297454194e-01
8.2508454686e-01
8.2769505664e-01
8.3030556643e-01
8.3291607622e-01
8.3552658600e-01
8.3927617374e-01
8.4302576147e-01
8.4677534921e-01
8.5052493695e-01
8.5717136656e-01
8.6381779616e-01
8.7046422577e-01
8.7711065538e-01
8.9246565834e-01
9.0782066130e-01
9.2317566426e-01
9.3853066722e-01
9.5389800041e-01
9.6926533361e-01
9.8463266680e-01
1.0000000000e+00
