2.8465365417e-01
2.8465660442e-01
2.8466545522e-01
2.8468020675e-01
2.8470085933e-01
2.8472323899e-01
2.8474994785e-01
2.8478098629e-01
2.8481635480e-01
2.8485071288e-01
2.8488836101e-01
2.8492929961e-01
2.8497352917e-01
2.8501559028e-01
2.8506025036e-01
2.8510750981e-01
2.8515736904e-01
2.8520482466e-01
2.8525441833e-01
2.8530615042e-01
2.8536002128e-01
2.8541204151e-01
2.8546591223e-01
2.8552163376e-01
2.8557920641e-01
2.8563757097e-01
2.8569772279e-01
2.8575966215e-01
2.8582338930e-01
2.8588895635e-01
2.8595631441e-01
2.8602546365e-01
2.8609640415e-01
2.8615543614e-01
2.8621565353e-01
2.8627705621e-01
2.8633964400e-01
2.8639565290e-01
2.8645257752e-01
2.8651041753e-01
2.8656917250e-01
2.8662062862e-01
2.8667276577e-01
2.8672558347e-01
2.8677908113e-01
2.8682854191e-01
2.8687856884e-01
2.8692916119e-01
2.8698031814e-01
2.8702957365e-01
2.8707933969e-01
2.8712961519e-01
2.8718039896e-01
2.8723244077e-01
2.8728500275e-01
2.8733808311e-01
2.8739167979e-01
2.8745230541e-01
2.8751357195e-01
2.8757547531e-01
2.8763801086e-01
2.8769221523e-01
2.8774687833e-01
2.8780199609e-01
2.8785756407e-01
2.8791015921e-01
2.8796314275e-01
2.8801650990e-01
2.8807025544e-01
2.8812068020e-01
2.8817142384e-01
2.8822248110e-01
2.8827384638e-01
2.8832515809e-01
2.8837676146e-01
2.8842864987e-01
2.8848081632e-01
2.8854017548e-01
2.8859986982e-01
2.8865988729e-01
2.8872021520e-01
2.8877779477e-01
2.8883563033e-01
2.8889370933e-01
2.8895201867e-01
2.8900724794e-01
2.8906265842e-01
2.8911823787e-01
2.8917397369e-01
2.8923181533e-01
2.8928979588e-01
2.8934790026e-01
2.8940611302e-01
2.8947450818e-01
2.8954300488e-01
2.8961157677e-01
2.8968019708e-01
2.8974799213e-01
2.8981578156e-01
2.8988353879e-01
2.8995123705e-01
2.9002883107e-01
2.9010627147e-01
2.9018351768e-01
2.9026052932e-01
2.9033849831e-01
2.9041614192e-01
2.9049341887e-01
2.9057028844e-01
2.9064392327e-01
2.9071710745e-01
2.9078980638e-01
2.9086198612e-01
2.9093611148e-01
2.9100960913e-01
2.9108244402e-01
2.9115458203e-01
2.9123098421e-01
2.9130651065e-01
2.9138112322e-01
2.9145478510e-01
2.9153311280e-01
2.9161025085e-01
2.9168615814e-01
2.9176079531e-01
2.9184377668e-01
2.9192502711e-01
2.9200449707e-01
2.9208213967e-01
2.9217373024e-01
2.9226249732e-01
2.9234837181e-01
2.9243128947e-01
2.9251940366e-01
2.9260376047e-01
2.9268429174e-01
2.9276093509e-01
2.9284990086e-01
2.9293278749e-01
2.9300950967e-01
2.9307999198e-01
2.9313649294e-01
2.9318812642e-01
2.9323485776e-01
2.9327665653e-01
2.9331436104e-01
2.9334682886e-01
2.9337403942e-01
2.9339597581e-01
2.9341380280e-01
2.9342538647e-01
2.9343071866e-01
2.9342979565e-01
2.9342351873e-01
2.9341206441e-01
2.9339543937e-01
2.9337365339e-01
2.9334686244e-01
2.9331498941e-01
2.9327805382e-01
2.9323607881e-01
2.9318367913e-01
2.9312515990e-01
2.9306057045e-01
2.9298996729e-01
2.9292786303e-01
2.9286182637e-01
2.9279190058e-01
2.9271813325e-01
2.9264720680e-01
2.9257314203e-01
2.9249598641e-01
2.9241579130e-01
2.9234587971e-01
2.9227388386e-01
2.9219984165e-01
2.9212379340e-01
2.9205461183e-01
2.9198391363e-01
2.9191173211e-01
2.9183810232e-01
2.9176891171e-01
2.9169854966e-01
2.9162704777e-01
2.9155443900e-01
2.9148516636e-01
2.9141497453e-01
2.9134389428e-01
2.9127195748e-01
2.9120281212e-01
2.9113295181e-01
2.9106240669e-01
2.9099120776e-01
2.9091947618e-01
2.9084715678e-01
2.9077428294e-01
2.9070088883e-01
2.9061213105e-01
2.9052273543e-01
2.9043276506e-01
2.9034228423e-01
2.9027333741e-01
2.9020416323e-01
2.9013479081e-01
2.9006524943e-01
2.8999833786e-01
2.8993132373e-01
2.8986423315e-01
2.8979709219e-01
2.8973482170e-01
2.8967255081e-01
2.8961029996e-01
2.8954808937e-01
2.8949101058e-01
2.8943399790e-01
2.8937706640e-01
2.8932023090e-01
2.8926303216e-01
2.8920596045e-01
2.8914903006e-01
2.8909225493e-01
2.8902088909e-01
2.8894981814e-01
2.8887906738e-01
2.8880866102e-01
2.8875297679e-01
2.8869753568e-01
2.8864234828e-01
2.8858742473e-01
2.8853524238e-01
2.8848331732e-01
2.8843165714e-01
2.8838026907e-01
2.8832394161e-01
2.8826796175e-01
2.8821233757e-01
2.8815707661e-01
2.8810165590e-01
2.8804661937e-01
2.8799197328e-01
2.8793772338e-01
2.8787720762e-01
2.8781720634e-01
2.8775772583e-01
2.8769877179e-01
2.8764081735e-01
2.8758339052e-01
2.8752649536e-01
2.8747013553e-01
2.8741686038e-01
2.8736407814e-01
2.8731179106e-01
2.8726000119e-01
2.8720703352e-01
2.8715459996e-01
2.8710270209e-01
2.8705134129e-01
2.8699597430e-01
2.8694124817e-01
2.8688716408e-01
2.8683372306e-01
2.8677166358e-01
2.8671049696e-01
2.8665022423e-01
2.8659084623e-01
2.8652305882e-01
2.8645647823e-01
2.8639110511e-01
2.8632693997e-01
2.8623643834e-01
2.8614845580e-01
2.8606299273e-01
2.8598004922e-01
2.8591238735e-01
2.8584649971e-01
2.8578238613e-01
2.8572004638e-01
2.8565628821e-01
2.8559449826e-01
2.8553467622e-01
2.8547682175e-01
2.8541547385e-01
2.8535650427e-01
2.8529991256e-01
2.8524569828e-01
2.8518713921e-01
2.8513163158e-01
2.8507917480e-01
2.8502976833e-01
2.8497603487e-01
2.8492644326e-01
2.8488099280e-01
2.8483968282e-01
2.8479607873e-01
2.8475829031e-01
2.8472631680e-01
2.8470015754e-01
2.8467981201e-01
2.8466527978e-01
2.8465656056e-01
2.8465365417e-01
