2.2997866728e-10
1.4939779608e-10
7.1143730781e-10
2.4556508642e-09
1.6942396085e-08
4.5720534039e-08
1.1945243996e-07
3.1134486646e-07
8.3457580545e-07
1.5699921850e-06
2.9408065460e-06
5.5081256798e-06
1.0348444561e-05
1.6272379112e-05
2.5567107872e-05
4.0170441918e-05
6.3152026799e-05
8.9083162748e-05
1.2563597167e-04
1.7718378556e-04
2.4991355216e-04
3.2831255702e-04
4.3126719563e-04
5.6648454121e-04
7.4409469947e-04
9.3382679764e-04
1.1718413398e-03
1.4704119451e-03
1.8449178649e-03
2.2462743730e-03
2.7346239544e-03
3.3287108102e-03
4.0512567873e-03
4.8560368601e-03
5.8195109695e-03
6.9725140494e-03
8.3516607741e-03
1.0014806681e-02
1.2004196664e-02
1.4381758268e-02
1.7220235561e-02
1.9804514554e-02
2.2765557962e-02
2.6154756799e-02
3.0029354570e-02
3.3521617233e-02
3.7400510328e-02
4.1704034410e-02
4.6472733884e-02
5.1109220145e-02
5.6173772237e-02
6.1698658273e-02
6.7717052569e-02
7.4093044092e-02
8.1001920068e-02
8.8474908186e-02
9.6542449947e-02
1.0612709941e-01
1.1650039634e-01
1.2769375013e-01
1.3973301874e-01
1.5035260593e-01
1.6157153985e-01
1.7339187079e-01
1.8581073618e-01
1.9801027974e-01
2.1071913166e-01
2.2392139535e-01
2.3759655181e-01
2.5204172640e-01
2.6692330709e-01
2.8220503687e-01
2.9784648299e-01
3.1501927535e-01
3.3249815088e-01
3.5022119296e-01
3.6812441184e-01
3.8474446365e-01
4.0141141779e-01
4.1807497734e-01
4.3468617895e-01
4.5382992210e-01
4.7277039616e-01
4.9144325512e-01
5.0978981978e-01
5.2858499157e-01
5.4691225087e-01
5.6472628139e-01
5.8198921480e-01
6.0186079783e-01
6.2086162963e-01
6.3896461851e-01
6.5615405954e-01
6.7117194902e-01
6.8541235216e-01
6.9888276845e-01
7.1159525583e-01
7.2456043452e-01
7.3667506742e-01
7.4796690363e-01
7.5846623681e-01
7.6937931160e-01
7.7937615729e-01
7.8850532059e-01
7.9681556914e-01
8.0662874704e-01
8.1520388787e-01
8.2264591984e-01
8.2905459437e-01
8.3507523081e-01
8.4005659081e-01
8.4410883155e-01
8.4733269153e-01
8.5012023747e-01
8.5206782241e-01
8.5328479781e-01
8.5386796563e-01
8.5390555333e-01
8.5348178523e-01
8.5266016440e-01
8.5149645871e-01
8.4990450149e-01
8.4802190311e-01
8.4589571840e-01
8.4356662800e-01
8.4074132356e-01
8.3774570067e-01
8.3461634714e-01
8.3138426597e-01
8.2752206293e-01
8.2359057948e-01
8.1961864604e-01
8.1563009727e-01
8.1080204965e-01
8.0600697930e-01
8.0126795531e-01
7.9660358611e-01
7.9072779144e-01
7.8502670675e-01
7.7952105665e-01
7.7422770506e-01
7.6687768428e-01
7.6005211111e-01
7.5378392060e-01
7.4810295285e-01
7.4251558528e-01
7.3772291945e-01
7.3375808376e-01
7.3065046486e-01
7.2848511451e-01
7.2715994374e-01
7.2668551836e-01
7.2706570693e-01
7.2833471024e-01
7.3048311355e-01
7.3349350479e-01
7.3734262757e-01
7.4102225290e-01
7.4520851503e-01
7.4988397443e-01
7.5503018182e-01
7.5930501400e-01
7.6383855868e-01
7.6862087833e-01
7.7364119145e-01
7.7791577069e-01
7.8233419665e-01
7.8688801291e-01
7.9156734167e-01
7.9560659762e-01
7.9971862075e-01
8.0389345160e-01
8.0811916445e-01
8.1180613488e-01
8.1550943957e-01
8.1921591240e-01
8.2290990523e-01
8.2615271990e-01
8.2935609628e-01
8.3250225390e-01
8.3557037399e-01
8.3826011787e-01
8.4084505385e-01
8.4330093929e-01
8.4559978960e-01
8.4757784173e-01
8.4936040904e-01
8.5091294670e-01
8.5219601582e-01
8.5320270635e-01
8.5380460722e-01
8.5393387362e-01
8.5351294710e-01
8.5266097581e-01
8.5129078546e-01
8.4933504438e-01
8.4671901178e-01
8.4371791728e-01
8.4004305998e-01
8.3562152473e-01
8.3037430771e-01
8.2555456628e-01
8.2011301177e-01
8.1400163192e-01
8.0717019011e-01
8.0053952685e-01
7.9327746035e-01
7.8534677415e-01
7.7670975156e-01
7.6812746452e-01
7.5888897703e-01
7.4896573426e-01
7.3833013706e-01
7.2734615381e-01
7.1564992244e-01
7.0322178148e-01
6.9004492278e-01
6.7525535145e-01
6.5960004609e-01
6.4307481775e-01
6.2568300713e-01
6.1047700490e-01
5.9468505034e-01
5.7832476831e-01
5.6141954626e-01
5.4540593105e-01
5.2898361672e-01
5.1218529674e-01
4.9504853895e-01
4.7913019734e-01
4.6300051986e-01
4.4669848906e-01
4.3026598880e-01
4.1080566828e-01
3.9130275929e-01
3.7183684116e-01
3.5248928888e-01
3.3622889483e-01
3.2016201371e-01
3.0433667721e-01
2.8879893731e-01
2.7336196213e-01
2.5830834544e-01
2.4367614799e-01
2.2949901261e-01
2.1445267614e-01
2.0002428397e-01
1.8623795728e-01
1.7311049335e-01
1.5869296393e-01
1.4518232314e-01
1.3257172285e-01
1.2084479716e-01
1.1109500475e-01
1.0200921157e-01
9.3562255351e-02
8.5726451753e-02
7.7943654274e-02
7.0796052824e-02
6.4244752668e-02
5.8250801734e-02
5.1401880007e-02
4.5308956844e-02
3.9899890192e-02
3.5106749574e-02
2.9805108733e-02
2.5278017065e-02
2.1419759858e-02
1.8136858673e-02
1.5176475045e-02
1.2691680061e-02
1.0608352909e-02
8.8632089576e-03
7.2853588375e-03
5.9863768087e-03
4.9176060239e-03
4.0386632779e-03
3.1966043264e-03
2.5296230413e-03
2.0014689122e-03
1.5833324478e-03
1.1722983144e-03
8.6792239216e-04
6.4251257004e-04
4.7556457881e-04
3.0954639661e-04
2.0156291608e-04
1.3124236233e-04
8.5400854208e-05
4.1010997198e-05
1.9821523193e-05
9.5779216494e-06
4.5864151012e-06
8.5674117679e-07
2.3223615061e-07
5.3300020551e-08
2.3974749553e-08
4.4716743748e-09
1.2181161346e-09
3.0115006628e-10
2.5090615472e-10
