2.8282404168e-10
1.0523999297e-10
6.0532406405e-10
1.8104984024e-09
1.5656390725e-08
4.4684010872e-08
1.2275060413e-07
3.3592409117e-07
9.5417221026e-07
1.8422494070e-06
3.5383071740e-06
6.7951649583e-06
1.3098700033e-05
2.0834488621e-05
3.3108894904e-05
5.2613774716e-05
8.3664659379e-05
1.1878154106e-04
1.6859916772e-04
2.3930419442e-04
3.3970562437e-04
4.4848895457e-04
5.9204428147e-04
7.8150552245e-04
1.0315741630e-03
1.3005163305e-03
1.6393928172e-03
2.0663470838e-03
2.6041935491e-03
3.1894028511e-03
3.9054442100e-03
4.7813007567e-03
5.8522290238e-03
7.2535574797e-03
8.9866155874e-03
1.1128084491e-02
1.3771316328e-02
1.6135668035e-02
1.8896366916e-02
2.2116345628e-02
2.5867195535e-02
2.9336634811e-02
3.3251683969e-02
3.7663941379e-02
4.2629353953e-02
4.7371535847e-02
5.2604639415e-02
5.8370871300e-02
6.4714037462e-02
7.1362840982e-02
7.8620608174e-02
8.6527106045e-02
9.5121260700e-02
1.0514374352e-01
1.1604243868e-01
1.2785468446e-01
1.4061096021e-01
1.5227055310e-01
1.6464266302e-01
1.7772850053e-01
1.9152217395e-01
2.0486616530e-01
2.1878451803e-01
2.3325432280e-01
2.4824660340e-01
2.6503680715e-01
2.8234721226e-01
3.0011898981e-01
3.1828726309e-01
3.3605440534e-01
3.5405796838e-01
3.7223089402e-01
3.9050532234e-01
4.0893360056e-01
4.2732870066e-01
4.4562558178e-01
4.6376244511e-01
4.8416279924e-01
5.0420183860e-01
5.2380944688e-01
5.4292419167e-01
5.6488423044e-01
5.8600557910e-01
6.0623282353e-01
6.2552586031e-01
6.4325764231e-01
6.6008015573e-01
6.7599031361e-01
6.9099320285e-01
7.0576648562e-01
7.1957583305e-01
7.3244738887e-01
7.4441166539e-01
7.5671546401e-01
7.6798515534e-01
7.7827311267e-01
7.8763288155e-01
7.9812067065e-01
8.0734331882e-01
8.1540206619e-01
8.2239409387e-01
8.2951604629e-01
8.3537996461e-01
8.4012370128e-01
8.4387317381e-01
8.4718134634e-01
8.4942580608e-01
8.5075540910e-01
8.5130049703e-01
8.5118382597e-01
8.5051777991e-01
8.4938284723e-01
8.4784885328e-01
8.4578030092e-01
8.4337300134e-01
8.4068524296e-01
8.3776657969e-01
8.3418868328e-01
8.3041529081e-01
8.2649053012e-01
8.2245084511e-01
8.1750730636e-01
8.1248352476e-01
8.0741257485e-01
8.0232052292e-01
7.9586083695e-01
7.8943131427e-01
7.8305501740e-01
7.7674835383e-01
7.6838819626e-01
7.6019199258e-01
7.5216941917e-01
7.4432477061e-01
7.3520413706e-01
7.2633691140e-01
7.1772207725e-01
7.0936074946e-01
7.0123420696e-01
6.9337935933e-01
6.8581545086e-01
6.7857069077e-01
6.7273012987e-01
6.6717257153e-01
6.6193150721e-01
6.5704481159e-01
6.5244058892e-01
6.4830090779e-01
6.4467371840e-01
6.4160552826e-01
6.3914456567e-01
6.3731928430e-01
6.3615814656e-01
6.3567992903e-01
6.3587076321e-01
6.3669525153e-01
6.3814096988e-01
6.4018674457e-01
6.4291398867e-01
6.4621737409e-01
6.5005296498e-01
6.5437419160e-01
6.5955772905e-01
6.6519942346e-01
6.7124573882e-01
6.7764925786e-01
6.8495464913e-01
6.9259239182e-01
7.0053196209e-01
7.0875243281e-01
7.1624536496e-01
7.2394381296e-01
7.3184643848e-01
7.3995370252e-01
7.4633468227e-01
7.5283767735e-01
7.5946186551e-01
7.6620487025e-01
7.7169133870e-01
7.7724729091e-01
7.8286696930e-01
7.8854221838e-01
7.9334457478e-01
7.9816957636e-01
8.0300599708e-01
8.0783957350e-01
8.1200486038e-01
8.1614031418e-01
8.2022844919e-01
8.2424804799e-01
8.2773970212e-01
8.3113573054e-01
8.3441073891e-01
8.3753472686e-01
8.4023738765e-01
8.4275142010e-01
8.4503969936e-01
8.4705912225e-01
8.4873628364e-01
8.5004934524e-01
8.5093463859e-01
8.5131880160e-01
8.5115739771e-01
8.5042576654e-01
8.4903910243e-01
8.4690168021e-01
8.4425647856e-01
8.4083370909e-01
8.3653780559e-01
8.3126387521e-01
8.2644491386e-01
8.2091654152e-01
8.1461856000e-01
8.0748758416e-01
8.0055588617e-01
7.9289858833e-01
7.8446938776e-01
7.7522126782e-01
7.6597833895e-01
7.5597048763e-01
7.4516233688e-01
7.3351991461e-01
7.2127566043e-01
7.0817291643e-01
6.9418799076e-01
6.7930172475e-01
6.6377424143e-01
6.4735574132e-01
6.3004724791e-01
6.1185853933e-01
5.9515581872e-01
5.7780834117e-01
5.5984402153e-01
5.4129864197e-01
5.2435943032e-01
5.0703239401e-01
4.8935965808e-01
4.7138871790e-01
4.5356060958e-01
4.3555125082e-01
4.1741857942e-01
3.9922393684e-01
3.7960453599e-01
3.6007035903e-01
3.4070504419e-01
3.2159166618e-01
3.0476541098e-01
2.8826143258e-01
2.7213187639e-01
2.5642477246e-01
2.3981523175e-01
2.2380917845e-01
2.0844724069e-01
1.9376153339e-01
1.7719499017e-01
1.6164352669e-01
1.4711557055e-01
1.3360530560e-01
1.2215635821e-01
1.1151704102e-01
1.0165997319e-01
9.2553126553e-02
8.3504044387e-02
7.5243360361e-02
6.7721221484e-02
6.0887085470e-02
5.2723441082e-02
4.5586578959e-02
3.9365005291e-02
3.3954583174e-02
2.7074981359e-02
2.1550714435e-02
1.7129133298e-02
1.3599079644e-02
1.1123637932e-02
9.0937811820e-03
7.4309364248e-03
6.0698166256e-03
4.7938539648e-03
3.7849481257e-03
2.9875978724e-03
2.3576730777e-03
1.7422812604e-03
1.2873639656e-03
9.5108944059e-04
7.0250900332e-04
4.5411541440e-04
2.9366258702e-04
1.8988886537e-04
1.2270063100e-04
5.7155356783e-05
2.6833878838e-05
1.2594168352e-05
5.8462252015e-06
9.3788534150e-07
2.5997896285e-07
5.3261312123e-08
3.5075249698e-08
5.6241573148e-09
1.5682050667e-09
3.5291210684e-10
4.2123456658e-10
