3.4451116484e-01
3.4458288014e-01
3.4479794893e-01
3.4515613997e-01
3.4565706807e-01
3.4626937443e-01
3.4701121514e-01
3.4788185902e-01
3.4888044743e-01
3.4988773650e-01
3.5099705402e-01
3.5220751197e-01
3.5351814071e-01
3.5485114988e-01
3.5627214957e-01
3.5778011633e-01
3.5937396355e-01
3.6095840020e-01
3.6261751744e-01
3.6435024606e-01
3.6615546933e-01
3.6797270398e-01
3.6985581026e-01
3.7180364932e-01
3.7381504372e-01
3.7585676379e-01
3.7795774640e-01
3.8011676309e-01
3.8233255316e-01
3.8460552992e-01
3.8693274541e-01
3.8931284583e-01
3.9174444982e-01
3.9428068059e-01
3.9686768185e-01
3.9950389970e-01
4.0218775636e-01
4.0510405346e-01
4.0807085902e-01
4.1108617571e-01
4.1414798449e-01
4.1773265673e-01
4.2137325461e-01
4.2506660455e-01
4.2880951425e-01
4.3199047408e-01
4.3520225448e-01
4.3844294739e-01
4.4171064529e-01
4.4484306439e-01
4.4799656920e-01
4.5116952880e-01
4.5436031956e-01
4.5750137793e-01
4.6065648648e-01
4.6382414876e-01
4.6700288080e-01
4.7018139254e-01
4.7336800277e-01
4.7656128567e-01
4.7975983259e-01
4.8300285834e-01
4.8624843280e-01
4.8949515371e-01
4.9274164124e-01
4.9609656335e-01
4.9944831399e-01
5.0279544989e-01
5.0613655738e-01
5.0960312321e-01
5.1306015428e-01
5.1650616805e-01
5.1993971995e-01
5.2350417872e-01
5.2705202072e-01
5.3058174537e-01
5.3409189932e-01
5.3759240607e-01
5.4107042808e-01
5.4452464249e-01
5.4795377497e-01
5.5130997120e-01
5.5463944820e-01
5.5794112126e-01
5.6121395068e-01
5.6450653980e-01
5.6776737131e-01
5.7099549655e-01
5.7419001260e-01
5.7746620202e-01
5.8070442312e-01
5.8390381972e-01
5.8706358475e-01
5.9044079037e-01
5.9376969903e-01
5.9704947073e-01
6.0027932642e-01
6.0471484004e-01
6.0904937764e-01
6.1328136021e-01
6.1740940663e-01
6.2043406738e-01
6.2339924860e-01
6.2630456614e-01
6.2914968626e-01
6.3181462495e-01
6.3442400935e-01
6.3697766398e-01
6.3947544736e-01
6.4189377832e-01
6.4425713487e-01
6.4656546698e-01
6.4881874998e-01
6.5102574212e-01
6.5317726063e-01
6.5527334758e-01
6.5731406410e-01
6.5932549102e-01
6.6128024618e-01
6.6317844332e-01
6.6502020985e-01
6.6684190981e-01
6.6860513368e-01
6.7031005155e-01
6.7195684214e-01
6.7358802291e-01
6.7515828158e-01
6.7666783109e-01
6.7811688795e-01
6.7955127566e-01
6.8092151504e-01
6.8222784816e-01
6.8347051527e-01
6.8469644254e-01
6.8585393123e-01
6.8694323702e-01
6.8796460767e-01
6.8896447490e-01
6.8988992727e-01
6.9074121508e-01
6.9151857343e-01
6.9226734300e-01
6.9293229388e-01
6.9351364666e-01
6.9401159684e-01
6.9447074617e-01
6.9482555588e-01
6.9507618046e-01
6.9522272977e-01
6.9526565848e-01
6.9521733507e-01
6.9507774082e-01
6.9484682185e-01
6.9455157648e-01
6.9417789654e-01
6.9372566037e-01
6.9319472204e-01
6.9261931355e-01
6.9197303254e-01
6.9125569868e-01
6.9046711488e-01
6.8964533948e-01
6.8875788699e-01
6.8780454618e-01
6.8678509514e-01
6.8573942801e-01
6.8463188124e-01
6.8346223340e-01
6.8223025773e-01
6.8097564481e-01
6.7966197256e-01
6.7828902593e-01
6.7685658938e-01
6.7540184331e-01
6.7389009390e-01
6.7232114657e-01
6.7069481094e-01
6.6904287600e-01
6.6733532935e-01
6.6557201009e-01
6.6375276616e-01
6.6189967291e-01
6.5999168858e-01
6.5802869985e-01
6.5601060722e-01
6.5394218686e-01
6.5181876644e-01
6.4964029731e-01
6.4740675066e-01
6.4508772627e-01
6.4271217832e-01
6.4028014945e-01
6.3779171028e-01
6.3511177189e-01
6.3236960973e-01
6.2956542082e-01
6.2669944641e-01
6.2346148250e-01
6.2014890879e-01
6.1676226249e-01
6.1330216343e-01
6.1030956050e-01
6.0726507819e-01
6.0416924907e-01
6.0102265708e-01
5.9803488035e-01
5.9500383612e-01
5.9193013260e-01
5.8881442288e-01
5.8577552253e-01
5.8269899506e-01
5.7958554782e-01
5.7643593082e-01
5.7330995569e-01
5.7015068848e-01
5.6695896349e-01
5.6373565778e-01
5.6046071385e-01
5.5715569813e-01
5.5382163957e-01
5.5045961325e-01
5.4699497825e-01
5.4350353718e-01
5.3998659039e-01
5.3644548980e-01
5.3308152925e-01
5.2969851493e-01
5.2629771100e-01
5.2288042233e-01
5.1954372963e-01
5.1619400075e-01
5.1283254335e-01
5.0946069996e-01
5.0621462103e-01
5.0296148408e-01
4.9970256519e-01
4.9643916785e-01
4.9322848324e-01
4.9001604452e-01
4.8680316252e-01
4.8359117063e-01
4.8038627926e-01
4.7718499587e-01
4.7398870954e-01
4.7079882791e-01
4.6756713202e-01
4.6434502283e-01
4.6113402648e-01
4.5793568386e-01
4.5460983985e-01
4.5130128562e-01
4.4801181890e-01
4.4474324785e-01
4.4105035865e-01
4.3738958877e-01
4.3376363473e-01
4.3017519619e-01
4.2682999748e-01
4.2352277455e-01
4.2025577621e-01
4.1703124155e-01
4.1408857742e-01
4.1118589380e-01
4.0832492697e-01
4.0550739778e-01
4.0281471983e-01
4.0016614659e-01
3.9756320153e-01
3.9500738783e-01
3.9251635234e-01
3.9007472832e-01
3.8768392120e-01
3.8534531083e-01
3.8303653904e-01
3.8078381459e-01
3.7858847351e-01
3.7645181992e-01
3.7431858433e-01
3.7225000937e-01
3.7024739720e-01
3.6831200941e-01
3.6635180975e-01
3.6446857058e-01
3.6266360370e-01
3.6093816643e-01
3.5919384280e-01
3.5754197701e-01
3.5598386643e-01
3.5452073422e-01
3.5296353734e-01
3.5153396615e-01
3.5023348909e-01
3.4906344095e-01
3.4800118725e-01
3.4707824872e-01
3.4629561744e-01
3.4565413414e-01
3.4515448756e-01
3.4479721387e-01
3.4458269628e-01
3.4451116484e-01
