4.5925446230e-01
4.5927548057e-01
4.5933852109e-01
4.5944354094e-01
4.5959046870e-01
4.5977274192e-01
4.5999416090e-01
4.6025458447e-01
4.6055384680e-01
4.6088646513e-01
4.6125638902e-01
4.6166339072e-01
4.6210722008e-01
4.6258486282e-01
4.6309837058e-01
4.6364743302e-01
4.6423171912e-01
4.6485240049e-01
4.6550774700e-01
4.6619736478e-01
4.6692084057e-01
4.6768623704e-01
4.6848533159e-01
4.6931763970e-01
4.7018265858e-01
4.7110049154e-01
4.7205140950e-01
4.7303481926e-01
4.7405011018e-01
4.7514308620e-01
4.7626937471e-01
4.7742822556e-01
4.7861887130e-01
4.7997070650e-01
4.8135933421e-01
4.8278365306e-01
4.8424254172e-01
4.8573504294e-01
4.8725982505e-01
4.8881571576e-01
4.9040152915e-01
4.9187494941e-01
4.9337140810e-01
4.9488997862e-01
4.9642972913e-01
4.9793327554e-01
4.9945479396e-01
5.0099344066e-01
5.0254837062e-01
5.0409310336e-01
5.0565197151e-01
5.0722417135e-01
5.0880890086e-01
5.1040122139e-01
5.1200442067e-01
5.1361771168e-01
5.1524031163e-01
5.1689122401e-01
5.1855007387e-01
5.2021606642e-01
5.2188841365e-01
5.2362301471e-01
5.2536271857e-01
5.2710668130e-01
5.2885406910e-01
5.3057004622e-01
5.3228775943e-01
5.3400645384e-01
5.3572538576e-01
5.3746051391e-01
5.3919439641e-01
5.4092630466e-01
5.4265552311e-01
5.4442754926e-01
5.4619525398e-01
5.4795790745e-01
5.4971479551e-01
5.5156535101e-01
5.5340787476e-01
5.5524158114e-01
5.5706570492e-01
5.5889678667e-01
5.6071659788e-01
5.6252441510e-01
5.6431953637e-01
5.6607422006e-01
5.6781530248e-01
5.6954217412e-01
5.7125424541e-01
5.7296818282e-01
5.7466586776e-01
5.7634675343e-01
5.7801031305e-01
5.7969905863e-01
5.8136849463e-01
5.8301811567e-01
5.8464743731e-01
5.8632938699e-01
5.8798811492e-01
5.8962313758e-01
5.9123399457e-01
5.9295551676e-01
5.9464749021e-01
5.9630941316e-01
5.9794081263e-01
5.9976437318e-01
6.0154699978e-01
6.0328811793e-01
6.0498719514e-01
6.0644127152e-01
6.0786237342e-01
6.0925021548e-01
6.1060453305e-01
6.1188229183e-01
6.1312825615e-01
6.1434223700e-01
6.1552406029e-01
6.1666090808e-01
6.1776601462e-01
6.1883925043e-01
6.1988049749e-01
6.2088973265e-01
6.2186676948e-01
6.2281152044e-01
6.2372390696e-01
6.2461044368e-01
6.2546398530e-01
6.2628447528e-01
6.2707186388e-01
6.2783609881e-01
6.2856624561e-01
6.2926227060e-01
6.2992414514e-01
6.3056339798e-01
6.3116714903e-01
6.3173538100e-01
6.3226808000e-01
6.3277726910e-01
6.3324909684e-01
6.3368355671e-01
6.3408064419e-01
6.3445265296e-01
6.3478453535e-01
6.3507629077e-01
6.3532791944e-01
6.3555148091e-01
6.3572966745e-01
6.3586248037e-01
6.3594992087e-01
6.3599162390e-01
6.3598961700e-01
6.3594390014e-01
6.3585447287e-01
6.3572920421e-01
6.3556458014e-01
6.3536059957e-01
6.3511726149e-01
6.3484376139e-01
6.3453326491e-01
6.3418577238e-01
6.3380128506e-01
6.3338980643e-01
6.3294300324e-01
6.3246088085e-01
6.3194344662e-01
6.3140068165e-01
6.3082385059e-01
6.3021296831e-01
6.2956805305e-01
6.2889782191e-01
6.2819444996e-01
6.2745796705e-01
6.2668840800e-01
6.2589132491e-01
6.2506169441e-01
6.2419956816e-01
6.2330500470e-01
6.2237709453e-01
6.2141682020e-01
6.2042426451e-01
6.1939951948e-01
6.1832774608e-01
6.1722310259e-01
6.1608571801e-01
6.1491573387e-01
6.1365028006e-01
6.1234913787e-01
6.1101252220e-01
6.0964066709e-01
6.0794607521e-01
6.0620145725e-01
6.0440734150e-01
6.0256430556e-01
6.0106318040e-01
5.9953181759e-01
5.9797058167e-01
5.9637986077e-01
5.9486660710e-01
5.9332830673e-01
5.9176533635e-01
5.9017809310e-01
5.8862974060e-01
5.8705973275e-01
5.8546847857e-01
5.8385640631e-01
5.8226216607e-01
5.8064892803e-01
5.7901714657e-01
5.7736729497e-01
5.7571384178e-01
5.7404360199e-01
5.7235709387e-01
5.7065485497e-01
5.6890258398e-01
5.6713513255e-01
5.6535313489e-01
5.6355724682e-01
5.6178634324e-01
5.6000343295e-01
5.5820919206e-01
5.5640431678e-01
5.5467897556e-01
5.5294529998e-01
5.5120393886e-01
5.4945555723e-01
5.4774421822e-01
5.4602749530e-01
5.4430604914e-01
5.4258055450e-01
5.4086786873e-01
5.3915256818e-01
5.3743534828e-01
5.3571691705e-01
5.3396311948e-01
5.3220958856e-01
5.3045711460e-01
5.2870649997e-01
5.2701605236e-01
5.2532885121e-01
5.2364565205e-01
5.2196721927e-01
5.2031441590e-01
5.1866777209e-01
5.1702804766e-01
5.1539600895e-01
5.1376863390e-01
5.1215053987e-01
5.1054251494e-01
5.0894535152e-01
5.0733343643e-01
5.0573441200e-01
5.0414912065e-01
5.0257840658e-01
5.0096062824e-01
4.9936049590e-01
4.9777896122e-01
4.9621697431e-01
4.9450231955e-01
4.9281436507e-01
4.9115440580e-01
4.8952372788e-01
4.8797936543e-01
4.8646458296e-01
4.8498050321e-01
4.8352823536e-01
4.8222500332e-01
4.8095029136e-01
4.7970491917e-01
4.7848969284e-01
4.7735119166e-01
4.7624194127e-01
4.7516261660e-01
4.7411387796e-01
4.7311821546e-01
4.7215302608e-01
4.7121888335e-01
4.7031634488e-01
4.6945543763e-01
4.6862647276e-01
4.6782994020e-01
4.6706631246e-01
4.6633800730e-01
4.6564331098e-01
4.6498263751e-01
4.6435638181e-01
4.6376194613e-01
4.6320302613e-01
4.6267996210e-01
4.6219307324e-01
4.6173620805e-01
4.6131720180e-01
4.6093631950e-01
4.6059380243e-01
4.6028076563e-01
4.6000903633e-01
4.5977879863e-01
4.5959020870e-01
4.5944339457e-01
4.5933845600e-01
4.5927546430e-01
4.5925446230e-01
