0.0000000000e+00
8.5799574512e-03
1.7159914902e-02
2.5739872354e-02
3.4319829805e-02
4.0866556048e-02
4.7413282290e-02
5.3960008533e-02
6.0506734775e-02
6.5791699588e-02
7.1076664401e-02
7.6361629214e-02
8.1646594027e-02
8.6128718186e-02
9.0610842344e-02
9.5092966503e-02
9.9575090662e-02
1.0368506327e-01
1.0779503587e-01
1.1190500848e-01
1.1601498108e-01
1.1983657928e-01
1.2365817747e-01
1.2747977567e-01
1.3130137386e-01
1.3440506762e-01
1.3750876137e-01
1.4061245512e-01
1.4371614887e-01
1.4615959611e-01
1.4860304336e-01
1.5104649061e-01
1.5348993785e-01
1.5570775399e-01
1.5792557013e-01
1.6014338626e-01
1.6236120240e-01
1.6523509051e-01
1.6810897861e-01
1.7098286672e-01
1.7385675482e-01
1.7588916956e-01
1.7792158430e-01
1.7995399904e-01
1.8198641378e-01
1.8386157385e-01
1.8573673392e-01
1.8761189398e-01
1.8948705405e-01
1.9151826433e-01
1.9354947460e-01
1.9558068488e-01
1.9761189515e-01
1.9955652351e-01
2.0150115186e-01
2.0344578021e-01
2.0539040856e-01
2.0737108192e-01
2.0935175528e-01
2.1133242863e-01
2.1331310199e-01
2.1557716920e-01
2.1784123641e-01
2.2010530363e-01
2.2236937084e-01
2.2558277570e-01
2.2879618057e-01
2.3200958543e-01
2.3522299030e-01
2.3780975555e-01
2.4039652079e-01
2.4298328604e-01
2.4557005128e-01
2.4842894119e-01
2.5128783110e-01
2.5414672102e-01
2.5700561093e-01
2.6039186936e-01
2.6377812780e-01
2.6716438624e-01
2.7055064468e-01
2.7516641934e-01
2.7978219400e-01
2.8439796866e-01
2.8901374332e-01
2.9439827780e-01
2.9978281228e-01
3.0516734677e-01
3.1055188125e-01
3.1652725838e-01
3.2250263551e-01
3.2847801264e-01
3.3445338977e-01
3.3945876567e-01
3.4446414158e-01
3.4946951749e-01
3.5447489340e-01
3.5835365540e-01
3.6223241741e-01
3.6611117942e-01
3.6998994143e-01
3.7317615475e-01
3.7636236807e-01
3.7954858139e-01
3.8273479471e-01
3.8560258144e-01
3.8847036818e-01
3.9133815492e-01
3.9420594166e-01
3.9694703785e-01
3.9968813404e-01
4.0242923023e-01
4.0517032642e-01
4.0797343839e-01
4.1077655036e-01
4.1357966233e-01
4.1638277430e-01
4.1878965422e-01
4.2119653414e-01
4.2360341405e-01
4.2601029397e-01
4.2813730615e-01
4.3026431833e-01
4.3239133051e-01
4.3451834270e-01
4.3661969868e-01
4.3872105466e-01
4.4082241064e-01
4.4292376662e-01
4.4509154611e-01
4.4725932561e-01
4.4942710511e-01
4.5159488460e-01
4.5362268942e-01
4.5565049424e-01
4.5767829906e-01
4.5970610388e-01
4.6191540682e-01
4.6412470977e-01
4.6633401272e-01
4.6854331567e-01
4.7122912875e-01
4.7391494183e-01
4.7660075491e-01
4.7928656799e-01
4.8159430374e-01
4.8390203948e-01
4.8620977523e-01
4.8851751097e-01
4.9104038539e-01
4.9356325980e-01
4.9608613422e-01
4.9860900863e-01
5.0094263362e-01
5.0327625860e-01
5.0560988358e-01
5.0794350857e-01
5.1031787312e-01
5.1269223768e-01
5.1506660224e-01
5.1744096680e-01
5.1978562161e-01
5.2213027643e-01
5.2447493125e-01
5.2681958606e-01
5.2900295405e-01
5.3118632204e-01
5.3336969003e-01
5.3555305801e-01
5.3757544562e-01
5.3959783322e-01
5.4162022082e-01
5.4364260842e-01
5.4607168408e-01
5.4850075974e-01
5.5092983540e-01
5.5335891106e-01
5.5542542632e-01
5.5749194158e-01
5.5955845684e-01
5.6162497210e-01
5.6424863523e-01
5.6687229836e-01
5.6949596148e-01
5.7211962461e-01
5.7478885569e-01
5.7745808677e-01
5.8012731785e-01
5.8279654893e-01
5.8555367278e-01
5.8831079662e-01
5.9106792046e-01
5.9382504430e-01
5.9668363877e-01
5.9954223323e-01
6.0240082770e-01
6.0525942217e-01
6.0850035000e-01
6.1174127782e-01
6.1498220565e-01
6.1822313348e-01
6.2240334402e-01
6.2658355457e-01
6.3076376512e-01
6.3494397567e-01
6.4168971116e-01
6.4843544665e-01
6.5518118215e-01
6.6192691764e-01
6.6711700089e-01
6.7230708413e-01
6.7749716737e-01
6.8268725062e-01
6.8770016556e-01
6.9271308050e-01
6.9772599543e-01
7.0273891037e-01
7.0676496213e-01
7.1079101389e-01
7.1481706565e-01
7.1884311741e-01
7.2206492250e-01
7.2528672758e-01
7.2850853267e-01
7.3173033776e-01
7.3456913260e-01
7.3740792743e-01
7.4024672227e-01
7.4308551710e-01
7.4567246371e-01
7.4825941031e-01
7.5084635692e-01
7.5343330352e-01
7.5614687933e-01
7.5886045513e-01
7.6157403093e-01
7.6428760674e-01
7.6662763640e-01
7.6896766605e-01
7.7130769571e-01
7.7364772537e-01
7.7588491866e-01
7.7812211195e-01
7.8035930524e-01
7.8259649853e-01
7.8450366603e-01
7.8641083353e-01
7.8831800103e-01
7.9022516854e-01
7.9274042395e-01
7.9525567936e-01
7.9777093478e-01
8.0028619019e-01
8.0216219360e-01
8.0403819701e-01
8.0591420042e-01
8.0779020383e-01
8.0983446562e-01
8.1187872741e-01
8.1392298920e-01
8.1596725099e-01
8.1825856695e-01
8.2054988291e-01
8.2284119887e-01
8.2513251483e-01
8.2735506277e-01
8.2957761071e-01
8.3180015865e-01
8.3402270659e-01
8.3638532461e-01
8.3874794264e-01
8.4111056066e-01
8.4347317868e-01
8.4651573946e-01
8.4955830025e-01
8.5260086103e-01
8.5564342181e-01
8.5981086717e-01
8.6397831252e-01
8.6814575787e-01
8.7231320322e-01
8.7649130785e-01
8.8066941247e-01
8.8484751710e-01
8.8902562172e-01
8.9385780745e-01
8.9868999319e-01
9.0352217892e-01
9.0835436465e-01
9.1450209088e-01
9.2064981711e-01
9.2679754334e-01
9.3294526957e-01
9.4132708475e-01
9.4970889994e-01
9.5809071512e-01
9.6647253031e-01
9.7485439773e-01
9.8323626515e-01
9.9161813258e-01
1.0000000000e+00
