3.9943899315e-01
3.9947759995e-01
3.9959338882e-01
3.9978626532e-01
4.0005607215e-01
4.0038725025e-01
4.0078887283e-01
4.0126063848e-01
4.0180219339e-01
4.0239527101e-01
4.0305352031e-01
4.0377647588e-01
4.0456362715e-01
4.0539659226e-01
4.0629008753e-01
4.0724350974e-01
4.0825621627e-01
4.0931327868e-01
4.1042674433e-01
4.1159588632e-01
4.1281994310e-01
4.1409206499e-01
4.1541698827e-01
4.1679386451e-01
4.1822181459e-01
4.1970884404e-01
4.2124568049e-01
4.2283134087e-01
4.2446481465e-01
4.2618212646e-01
4.2794713850e-01
4.2975869136e-01
4.3161560075e-01
4.3362842960e-01
4.3568922733e-01
4.3779651019e-01
4.3994877038e-01
4.4274847664e-01
4.4561525718e-01
4.4854587238e-01
4.5153704295e-01
4.5391177337e-01
4.5631979369e-01
4.5875950931e-01
4.6122931972e-01
4.6359383648e-01
4.6598252526e-01
4.6839402239e-01
4.7082696536e-01
4.7321960032e-01
4.7563008882e-01
4.7805717663e-01
4.8049961536e-01
4.8293651543e-01
4.8538609645e-01
4.8784716309e-01
4.9031852982e-01
4.9281403190e-01
4.9531758554e-01
4.9782801940e-01
5.0034417593e-01
5.0292514418e-01
5.0550970338e-01
5.0809666131e-01
5.1068484435e-01
5.1335015704e-01
5.1601430664e-01
5.1867607825e-01
5.2133428101e-01
5.2400974159e-01
5.2667921871e-01
5.2934156958e-01
5.3199567851e-01
5.3477291581e-01
5.3753863627e-01
5.4029164714e-01
5.4303079037e-01
5.4579208290e-01
5.4853683895e-01
5.5126396263e-01
5.5397239528e-01
5.5661507131e-01
5.5923777166e-01
5.6183959586e-01
5.6441967762e-01
5.6700677969e-01
5.6956995245e-01
5.7210840400e-01
5.7462137683e-01
5.7718321768e-01
5.7971648707e-01
5.8222046752e-01
5.8469447783e-01
5.8727213628e-01
5.8981498155e-01
5.9232233893e-01
5.9479357471e-01
5.9751000198e-01
6.0017986824e-01
6.0280246164e-01
6.0537712648e-01
6.0797398092e-01
6.1051892543e-01
6.1301141859e-01
6.1545097206e-01
6.1765695885e-01
6.1981709472e-01
6.2193110454e-01
6.2399874489e-01
6.2597312855e-01
6.2790290770e-01
6.2978793431e-01
6.3162808343e-01
6.3341523196e-01
6.3515772426e-01
6.3685549727e-01
6.3850850541e-01
6.4012685684e-01
6.4169982508e-01
6.4322740978e-01
6.4470962363e-01
6.4616661453e-01
6.4757699630e-01
6.4894081615e-01
6.5025813044e-01
6.5155475478e-01
6.5280307664e-01
6.5400317859e-01
6.5515514867e-01
6.5628761634e-01
6.5736957471e-01
6.5840113040e-01
6.5938239184e-01
6.6034264147e-01
6.6124953952e-01
6.6210320499e-01
6.6290375488e-01
6.6367931996e-01
6.6439780261e-01
6.6505932122e-01
6.6566398804e-01
6.6623750641e-01
6.6674864605e-01
6.6719750957e-01
6.6758418874e-01
6.6793302888e-01
6.6820906077e-01
6.6841235343e-01
6.6854295816e-01
6.6860013573e-01
6.6858949982e-01
6.6851104789e-01
6.6836476129e-01
6.6816475825e-01
6.6790442429e-01
6.6758370551e-01
6.6720253615e-01
6.6678069334e-01
6.6630324412e-01
6.6577010274e-01
6.6518117534e-01
6.6455976831e-01
6.6388620333e-01
6.6316037790e-01
6.6238218490e-01
6.6157672746e-01
6.6072173247e-01
6.5981709357e-01
6.5886270312e-01
6.5788360183e-01
6.5685694905e-01
6.5578264597e-01
6.5466059578e-01
6.5351367622e-01
6.5232065468e-01
6.5108145065e-01
6.4979598904e-01
6.4848215496e-01
6.4712315515e-01
6.4571893848e-01
6.4426946281e-01
6.4278321042e-01
6.4125215284e-01
6.3967628123e-01
6.3805559977e-01
6.3638038019e-01
6.3465988459e-01
6.3289416431e-01
6.3108328892e-01
6.2917289850e-01
6.2721491266e-01
6.2520947656e-01
6.2315676196e-01
6.2079699042e-01
6.1837825109e-01
6.1590092188e-01
6.1336543406e-01
6.1101347496e-01
6.0861438388e-01
6.0616861039e-01
6.0367664824e-01
6.0135672098e-01
5.9899903054e-01
5.9660406023e-01
5.9417232931e-01
5.9182388431e-01
5.8944314487e-01
5.8703065542e-01
5.8458699354e-01
5.8218377160e-01
5.7975229938e-01
5.7729320058e-01
5.7480713117e-01
5.7232414431e-01
5.6981618038e-01
5.6728396889e-01
5.6472827221e-01
5.6210516997e-01
5.5945946112e-01
5.5679205525e-01
5.5410389861e-01
5.5143174099e-01
5.4874131281e-01
5.4603362953e-01
5.4330974193e-01
5.4069706971e-01
5.3807161087e-01
5.3543436716e-01
5.3278636919e-01
5.3015839987e-01
5.2752200208e-01
5.2487825383e-01
5.2222825950e-01
5.1963834917e-01
5.1704464327e-01
5.1444823664e-01
5.1185024603e-01
5.0931660023e-01
5.0678360452e-01
5.0425235100e-01
5.0172394919e-01
4.9921971905e-01
4.9672051847e-01
4.9422747711e-01
4.9174173857e-01
4.8924920899e-01
4.8676643443e-01
4.8429461721e-01
4.8183497024e-01
4.7933097296e-01
4.7684233104e-01
4.7437037341e-01
4.7191643596e-01
4.6933497728e-01
4.6677690435e-01
4.6424382687e-01
4.6173735651e-01
4.5850961596e-01
4.5533349304e-01
4.5221255050e-01
4.4915033150e-01
4.4683668871e-01
4.4456147139e-01
4.4232625326e-01
4.4013259212e-01
4.3808926708e-01
4.3608611055e-01
4.3412440724e-01
4.3220542278e-01
4.3037163285e-01
4.2858101616e-01
4.2683469498e-01
4.2513376904e-01
4.2349084645e-01
4.2189476956e-01
4.2034654215e-01
4.1884714161e-01
4.1739219061e-01
4.1598832157e-01
4.1463643658e-01
4.1333740692e-01
4.1207676832e-01
4.1087202032e-01
4.0972396544e-01
4.0863337020e-01
4.0758039280e-01
4.0658875275e-01
4.0565914382e-01
4.0479221751e-01
4.0396623590e-01
4.0320788276e-01
4.0251772329e-01
4.0189627255e-01
4.0132226406e-01
4.0082384233e-01
4.0040141245e-01
4.0005531801e-01
3.9978584071e-01
3.9959319998e-01
3.9947755272e-01
3.9943899315e-01
