1.8794784893e-03
1.9282924353e-03
2.0772247367e-03
2.3339534230e-03
2.7117251342e-03
3.1589525246e-03
3.7322181115e-03
4.4541153432e-03
5.3529790165e-03
6.4159609089e-03
7.7125308719e-03
9.2886291875e-03
1.1199520361e-02
1.3203102047e-02
1.5567301727e-02
1.8353036043e-02
2.1630639966e-02
2.4760432291e-02
2.8330441967e-02
3.2397302089e-02
3.7023424907e-02
4.1240714532e-02
4.5911629434e-02
5.1078075199e-02
5.6784190609e-02
6.2508490084e-02
6.8758065427e-02
7.5569899654e-02
8.2981210513e-02
9.2015845059e-02
1.0189488380e-01
1.1266530332e-01
1.2436951669e-01
1.3537091780e-01
1.4712962360e-01
1.5965877443e-01
1.7296475384e-01
1.8578689769e-01
1.9924816293e-01
2.1333509659e-01
2.2802767605e-01
2.4272084591e-01
2.5792097183e-01
2.7359283689e-01
2.8969606197e-01
3.0863212788e-01
3.2800132271e-01
3.4772368731e-01
3.6771534595e-01
3.8541006787e-01
4.0318715002e-01
4.2098863377e-01
4.3875792439e-01
4.5957324539e-01
4.8018407326e-01
5.0051253153e-01
5.2048783614e-01
5.4095678055e-01
5.6090618325e-01
5.8028241530e-01
5.9904114701e-01
6.1979414063e-01
6.3964468741e-01
6.5856566777e-01
6.7654166275e-01
6.9286319999e-01
7.0831662173e-01
7.2291100208e-01
7.3666051407e-01
7.5104435791e-01
7.6442700604e-01
7.7684226907e-01
7.8832644793e-01
8.0040715478e-01
8.1136954265e-01
8.2127123420e-01
8.3016842447e-01
8.3992741002e-01
8.4830871298e-01
8.5540094250e-01
8.6128293244e-01
8.6739383187e-01
8.7158011914e-01
8.7393928241e-01
8.7453186359e-01
8.7375924722e-01
8.7188060062e-01
8.6887636867e-01
8.6471243790e-01
8.6015515495e-01
8.5466064490e-01
8.4818184094e-01
8.4066443133e-01
8.3373146952e-01
8.2603283306e-01
8.1752999995e-01
8.0818242729e-01
7.9904722934e-01
7.8916785798e-01
7.7851314245e-01
7.6705228008e-01
7.5544191837e-01
7.4305954424e-01
7.2988329201e-01
7.1589403178e-01
6.9751457853e-01
6.7785733442e-01
6.5691590207e-01
6.3470022046e-01
6.1813064601e-01
6.0094772282e-01
5.8317552124e-01
5.6484514079e-01
5.4741795740e-01
5.2958228539e-01
5.1138062909e-01
4.9286142082e-01
4.7491241630e-01
4.5677499547e-01
4.3850558493e-01
4.2016437324e-01
3.9982183699e-01
3.7955869353e-01
3.5946652114e-01
3.3963716664e-01
3.2262006434e-01
3.0593001426e-01
2.8962211011e-01
2.7374774374e-01
2.5709942967e-01
2.4106756214e-01
2.2569742482e-01
2.1102630930e-01
1.9638513721e-01
1.8257327598e-01
1.6960568560e-01
1.5748871780e-01
1.4566445267e-01
1.3476928491e-01
1.2478703935e-01
1.1569631146e-01
1.0754336607e-01
1.0021384800e-01
9.3679667989e-02
8.7912573859e-02
8.2300797839e-02
7.7590437712e-02
7.3748250234e-02
7.0745532235e-02
6.8420513898e-02
6.7023552749e-02
6.6541265451e-02
6.6968968356e-02
6.8094180328e-02
6.9928844211e-02
7.2486259154e-02
7.5784464274e-02
7.9518155094e-02
8.3926965276e-02
8.9034172592e-02
9.4864983340e-02
1.0143273681e-01
1.0877481058e-01
1.1691783556e-01
1.2588714907e-01
1.3547029660e-01
1.4588239411e-01
1.5713720326e-01
1.6924296246e-01
1.8082216055e-01
1.9308282246e-01
2.0601531575e-01
2.1960404140e-01
2.3358349401e-01
2.4814930946e-01
2.6326855797e-01
2.7890248159e-01
2.9678604067e-01
3.1518033385e-01
3.3401156209e-01
3.5320092567e-01
3.7072334202e-01
3.8840787244e-01
4.0619269380e-01
4.2401659671e-01
4.4299023651e-01
4.6187081991e-01
4.8059263888e-01
4.9909447927e-01
5.1974465254e-01
5.3996615663e-01
5.5969486930e-01
5.7887606137e-01
6.0400109058e-01
6.2794242295e-01
6.5063916547e-01
6.7205483953e-01
6.8869188685e-01
7.0445291450e-01
7.1934521736e-01
7.3338172567e-01
7.4774691677e-01
7.6114107526e-01
7.7359546917e-01
7.8514395550e-01
7.9748329125e-01
8.0870213628e-01
8.1885715630e-01
8.2800366339e-01
8.3810615133e-01
8.4681003739e-01
8.5420280807e-01
8.6036155532e-01
8.6625434676e-01
8.7053130307e-01
8.7325954079e-01
8.7447953097e-01
8.7431883782e-01
8.7299902197e-01
8.7049578925e-01
8.6676866610e-01
8.6278888423e-01
8.5792110198e-01
8.5211997454e-01
8.4533347018e-01
8.3883205634e-01
8.3155709097e-01
8.2346806572e-01
8.1452215008e-01
8.0573128086e-01
7.9618163230e-01
7.8583956224e-01
7.7467149831e-01
7.6313878191e-01
7.5078592639e-01
7.3758679155e-01
7.2351786985e-01
7.0681340946e-01
6.8898589376e-01
6.7002330833e-01
6.4992463052e-01
6.3364956881e-01
6.1671696735e-01
5.9914483603e-01
5.8095798176e-01
5.6334044352e-01
5.4524163345e-01
5.2670096381e-01
5.0776440409e-01
4.9033883121e-01
4.7267577508e-01
4.5482282612e-01
4.3683137788e-01
4.1587752232e-01
3.9490138772e-01
3.7399653732e-01
3.5325845218e-01
3.3602865254e-01
3.1904004201e-01
3.0234650558e-01
2.8599925437e-01
2.6862141138e-01
2.5176856654e-01
2.3549021809e-01
2.1982845533e-01
2.0409912099e-01
1.8911589172e-01
1.7489913429e-01
1.6145997229e-01
1.4801016186e-01
1.3543735888e-01
1.2372594372e-01
1.1285281770e-01
1.0304049263e-01
9.3964214859e-02
8.5589453922e-02
7.7879477854e-02
6.9827627265e-02
6.2537703436e-02
5.5952287816e-02
5.0015186957e-02
4.3204223936e-02
3.7277784140e-02
3.2132978723e-02
2.7675744620e-02
2.2770669452e-02
1.8720087408e-02
1.5382803992e-02
1.2638931093e-02
1.0417453768e-02
8.5934998434e-03
7.0995923107e-03
5.8797851777e-03
4.7634760368e-03
3.8893709801e-03
3.2135750318e-03
2.7019880280e-03
2.3287804274e-03
2.0750190314e-03
1.9277545295e-03
1.8794784271e-03
