6.5730142241e-06
7.7820646875e-06
1.1815072438e-05
2.0139164546e-05
3.5859667089e-05
5.4469675478e-05
8.2919139335e-05
1.2637516563e-04
1.9278129099e-04
2.6622694303e-04
3.6761462117e-04
5.0760814769e-04
7.0096046566e-04
9.1065076630e-04
1.1829305982e-03
1.5364762561e-03
1.9955165672e-03
2.4950961760e-03
3.1192232014e-03
3.8987504122e-03
4.8720421964e-03
6.0455135458e-03
7.4989929300e-03
9.2980489322e-03
1.1522878983e-02
1.3746680015e-02
1.6391095849e-02
1.9532157976e-02
2.3258104342e-02
2.6737048616e-02
3.0716555089e-02
3.5262289121e-02
4.0446460502e-02
4.5349770723e-02
5.0808681796e-02
5.6876132698e-02
6.3607518846e-02
7.0697225837e-02
7.8493433132e-02
8.7046837463e-02
9.6407169635e-02
1.0688402293e-01
1.1830522459e-01
1.3071208113e-01
1.4413799389e-01
1.5703694703e-01
1.7077972481e-01
1.8536591167e-01
2.0078511593e-01
2.1571077522e-01
2.3130065827e-01
2.4752141558e-01
2.6433158122e-01
2.8578812390e-01
3.0795779407e-01
3.3072006538e-01
3.5394395610e-01
3.7368161641e-01
3.9356379053e-01
4.1350752940e-01
4.3343153912e-01
4.5907975557e-01
4.8440441302e-01
5.0926131179e-01
5.3352337641e-01
5.5726727107e-01
5.8020449982e-01
6.0226205949e-01
6.2338483831e-01
6.4381937461e-01
6.6322770708e-01
6.8159896192e-01
6.9893414698e-01
7.1603004418e-01
7.3201905747e-01
7.4693157689e-01
7.6080414017e-01
7.7539477579e-01
7.8875472179e-01
8.0095265614e-01
8.1205862285e-01
8.2522753485e-01
8.3675728321e-01
8.4680047446e-01
8.5550058883e-01
8.6512944270e-01
8.7293285527e-01
8.7914956210e-01
8.8398445974e-01
8.8744223578e-01
8.8993872604e-01
8.9157174368e-01
8.9241753836e-01
8.9250950965e-01
8.9178708087e-01
8.9027037923e-01
8.8795457173e-01
8.8489266657e-01
8.8098981152e-01
8.7617252877e-01
8.7034355177e-01
8.6485340462e-01
8.5855922841e-01
8.5137554480e-01
8.4320608496e-01
8.3591572515e-01
8.2787210460e-01
8.1901244902e-01
8.0927054122e-01
7.9974103180e-01
7.8939749872e-01
7.7818824514e-01
7.6606173931e-01
7.5404777317e-01
7.4117658928e-01
7.2741337824e-01
7.1272721351e-01
6.9605818505e-01
6.7829231537e-01
6.5941800149e-01
6.3943716364e-01
6.2199300839e-01
6.0381611330e-01
5.8493695942e-01
5.6539720389e-01
5.4753918427e-01
5.2924856157e-01
5.1057941813e-01
4.9159394457e-01
4.7265841379e-01
4.5355825544e-01
4.3437385502e-01
4.1519098490e-01
3.9592292442e-01
3.7684375451e-01
3.5805013506e-01
3.3963816138e-01
3.2224019500e-01
3.0537096474e-01
2.8910704641e-01
2.7351875053e-01
2.5715946818e-01
2.4177540037e-01
2.2742813660e-01
2.1416715115e-01
2.0134077683e-01
1.8980884900e-01
1.7959198544e-01
1.7070135699e-01
1.6353980699e-01
1.5755860297e-01
1.5275438985e-01
1.4912267388e-01
1.4664321473e-01
1.4534762761e-01
1.4523383466e-01
1.4630163344e-01
1.4860504176e-01
1.5213919301e-01
1.5690883135e-01
1.6291885332e-01
1.7007352873e-01
1.7844254032e-01
1.8802302012e-01
1.9880628132e-01
2.1022076420e-01
2.2269707461e-01
2.3620418366e-01
2.5070119416e-01
2.6511282513e-01
2.8029510945e-01
2.9618930861e-01
3.1272908176e-01
3.3103083930e-01
3.4988915277e-01
3.6920177610e-01
3.8886279958e-01
4.0772098037e-01
4.2670443003e-01
4.4572433073e-01
4.6469539494e-01
4.8616844007e-01
5.0736311783e-01
5.2818045383e-01
5.4853347168e-01
5.7700323428e-01
6.0416824438e-01
6.2989988123e-01
6.5411587495e-01
6.7232153413e-01
6.8953000891e-01
7.0574745080e-01
7.2098962468e-01
7.3652047171e-01
7.5095950721e-01
7.6435157508e-01
7.7674590931e-01
7.9050301104e-01
8.0296654781e-01
8.1423153016e-01
8.2439103633e-01
8.3653797074e-01
8.4703169134e-01
8.5606092132e-01
8.6379389895e-01
8.7082477430e-01
8.7668386717e-01
8.8149867813e-01
8.8537004044e-01
8.8820253521e-01
8.9031786126e-01
8.9173878246e-01
8.9246937247e-01
8.9237243517e-01
8.9104506570e-01
8.8835616250e-01
8.8411652281e-01
8.8013718690e-01
8.7519015217e-01
8.6915594369e-01
8.6189781071e-01
8.5566789264e-01
8.4861953046e-01
8.4067918798e-01
8.3176838754e-01
8.2329439046e-01
8.1399166536e-01
8.0380396572e-01
7.9267399229e-01
7.8166249759e-01
7.6977742901e-01
7.5697679648e-01
7.4322070590e-01
7.2860575661e-01
7.1298413867e-01
6.9632990907e-01
6.7862431073e-01
6.6122045628e-01
6.4290033141e-01
6.2367375511e-01
6.0356140597e-01
5.8353846119e-01
5.6277640231e-01
5.4132786284e-01
5.1925840915e-01
4.9982035501e-01
4.8003866390e-01
4.5997875601e-01
4.3971268233e-01
4.1388556074e-01
3.8802308147e-01
3.6230300291e-01
3.3690654860e-01
3.1833233657e-01
3.0010790236e-01
2.8230056257e-01
2.6497260971e-01
2.4646929044e-01
2.2868409277e-01
2.1167114990e-01
1.9547262320e-01
1.7593224885e-01
1.5781524403e-01
1.4112715210e-01
1.2584769632e-01
1.1408233884e-01
1.0324523115e-01
9.3295676074e-02
8.4188204693e-02
7.4830307583e-02
6.6416304216e-02
5.8872238450e-02
5.2125072401e-02
4.4299291580e-02
3.7590766179e-02
3.1856610365e-02
2.6967261984e-02
2.1753826356e-02
1.7526474474e-02
1.4106416629e-02
1.1344409617e-02
9.0583235253e-03
7.2290168100e-03
5.7665873677e-03
4.5982975003e-03
3.4839473839e-03
2.6389302109e-03
1.9983854430e-03
1.5129491917e-03
1.0346236028e-03
7.0757513120e-04
4.8385534316e-04
3.3074677453e-04
1.8576547455e-04
1.0458289895e-04
5.8960009524e-05
3.3301635667e-05
1.9097076127e-05
1.1452791021e-05
7.7039287584e-06
6.5733507819e-06
