2.5653457078e-02
2.6029060933e-02
2.7165757979e-02
2.9093317824e-02
3.1861569638e-02
3.4302927211e-02
3.7208090607e-02
4.0610613897e-02
4.4548665866e-02
4.8351391518e-02
5.2601062376e-02
5.7328494436e-02
6.2566392945e-02
6.7908968906e-02
7.3748276298e-02
8.0113280997e-02
8.7033185119e-02
9.5339486900e-02
1.0439324655e-01
1.1423013437e-01
1.2488259135e-01
1.3491786533e-01
1.4561734943e-01
1.5699216779e-01
1.6904859843e-01
1.8108802638e-01
1.9373439069e-01
2.0697795188e-01
2.2080336263e-01
2.3431463505e-01
2.4829935809e-01
2.6273073556e-01
2.7757766445e-01
2.9535677418e-01
3.1359047313e-01
3.3221133080e-01
3.5114748639e-01
3.6822955476e-01
3.8544815507e-01
4.0274873729e-01
4.2007722339e-01
4.3819544387e-01
4.5622759934e-01
4.7411798908e-01
4.9181434378e-01
5.1083283081e-01
5.2950608591e-01
5.4778330445e-01
5.6562000047e-01
5.9096734702e-01
6.1518356992e-01
6.3819756705e-01
6.5996210943e-01
6.7598681462e-01
6.9123702396e-01
7.0571357773e-01
7.1942208285e-01
7.3313727586e-01
7.4601428588e-01
7.5807174026e-01
7.6933070048e-01
7.8115577406e-01
7.9201922379e-01
8.0195669192e-01
8.1100382537e-01
8.2078479132e-01
8.2937917532e-01
8.3684186845e-01
8.4322298304e-01
8.4934173842e-01
8.5411813413e-01
8.5760021308e-01
8.5982369813e-01
8.6079869438e-01
8.6062728468e-01
8.5930745726e-01
8.5682585415e-01
8.5370886320e-01
8.4967410848e-01
8.4469254418e-01
8.3872922554e-01
8.3289638513e-01
8.2630661662e-01
8.1893018627e-01
8.1073527812e-01
8.0267426012e-01
7.9390495760e-01
7.8440194008e-01
7.7413969158e-01
7.6382129208e-01
7.5279532823e-01
7.4104297830e-01
7.2854705846e-01
7.1485076776e-01
7.0033263451e-01
6.8498340104e-01
6.6879876718e-01
6.5349391299e-01
6.3751728353e-01
6.2088009237e-01
6.0359940989e-01
5.8672213106e-01
5.6931813967e-01
5.5141894871e-01
5.3306233850e-01
5.1689048793e-01
5.0044331915e-01
4.8375678564e-01
4.6687032514e-01
4.4992519141e-01
4.3286968413e-01
4.1575135765e-01
3.9861989192e-01
3.8018023868e-01
3.6185076779e-01
3.4369745806e-01
3.2578555641e-01
3.1019056840e-01
2.9487641352e-01
2.7988283943e-01
2.6524675991e-01
2.4983027350e-01
2.3491091827e-01
2.2052116874e-01
2.0668781098e-01
1.9211167264e-01
1.7825661911e-01
1.6513440787e-01
1.5274909993e-01
1.4089935606e-01
1.2979957920e-01
1.1943412644e-01
1.0978248405e-01
1.0089019444e-01
9.2649197177e-02
8.5030547736e-02
7.8003879867e-02
7.0722252823e-02
6.4114206733e-02
5.8134742611e-02
5.2740039888e-02
4.5772524048e-02
3.9856435500e-02
3.4878142414e-02
3.0736919991e-02
2.7054373973e-02
2.4177231978e-02
2.2027818608e-02
2.0546867235e-02
1.9699785626e-02
1.9441048790e-02
1.9763483280e-02
2.0676023977e-02
2.2023230084e-02
2.3898935229e-02
2.6344093494e-02
2.9411138347e-02
3.2200654391e-02
3.5420146257e-02
3.9106679487e-02
4.3301380945e-02
4.7314452445e-02
5.1760148075e-02
5.6670521490e-02
6.2079293913e-02
6.7628230449e-02
7.3674912251e-02
8.0249537755e-02
8.7382394003e-02
9.6036204692e-02
1.0546239383e-01
1.1569856074e-01
1.2677851605e-01
1.3701921724e-01
1.4792171631e-01
1.5949614419e-01
1.7174760883e-01
1.8403985852e-01
1.9693955832e-01
2.1043542579e-01
2.2451039948e-01
2.3822918490e-01
2.5241425004e-01
2.6703730190e-01
2.8206577315e-01
3.0136692241e-01
3.2116515345e-01
3.4137446957e-01
3.6190369562e-01
3.7854032065e-01
3.9527256993e-01
4.1205121421e-01
4.2882780416e-01
4.4707210589e-01
4.6519926436e-01
4.8315396667e-01
5.0088469030e-01
5.2010980322e-01
5.3894836236e-01
5.5735008063e-01
5.7527147524e-01
5.9865834782e-01
6.2102994138e-01
6.4233381893e-01
6.6253533477e-01
6.7841580258e-01
6.9352347518e-01
7.0786002567e-01
7.2143173433e-01
7.3509085550e-01
7.4790578587e-01
7.5989588432e-01
7.7108287573e-01
7.8283650226e-01
7.9362157058e-01
8.0347450858e-01
8.1243163613e-01
8.2205442320e-01
8.3049528235e-01
8.3780889994e-01
8.4404507089e-01
8.5015536817e-01
8.5484890618e-01
8.5817661409e-01
8.6017549038e-01
8.6086129063e-01
8.6043699236e-01
8.5889880361e-01
8.5623229974e-01
8.5286970927e-01
8.4855900798e-01
8.4326887448e-01
8.3696183278e-01
8.3096086632e-01
8.2421094150e-01
8.1668277165e-01
8.0834516751e-01
8.0015951191e-01
7.9127331317e-01
7.8166192167e-01
7.7130071901e-01
7.6083102455e-01
7.4965484361e-01
7.3775402165e-01
7.2511216020e-01
7.1006562445e-01
6.9405769152e-01
6.7707900504e-01
6.5912749229e-01
6.4391443837e-01
6.2807850593e-01
6.1163296208e-01
5.9459652991e-01
5.7719237873e-01
5.5926452161e-01
5.4084952723e-01
5.2199073145e-01
5.0592068322e-01
4.8960855401e-01
4.7309071691e-01
4.5640668605e-01
4.3907149018e-01
4.2165418562e-01
4.0420670385e-01
3.8678289302e-01
3.6916913075e-01
3.5169505795e-01
3.3441872057e-01
3.1739702126e-01
3.0190650329e-01
2.8672304439e-01
2.7188540125e-01
2.5742918964e-01
2.4227344350e-01
2.2763585576e-01
2.1354613772e-01
2.0002821423e-01
1.8538747568e-01
1.7152546743e-01
1.5845077993e-01
1.4616368736e-01
1.3493777021e-01
1.2444061263e-01
1.1465458799e-01
1.0555798027e-01
9.6995269836e-02
8.9089820520e-02
8.1811217415e-02
7.5128025224e-02
6.8055314005e-02
6.1696519648e-02
5.6003061751e-02
5.0928349079e-02
4.4472329732e-02
3.9141129985e-02
3.4821523400e-02
3.1417459076e-02
2.8850509393e-02
2.7060058491e-02
2.6002967422e-02
2.5653457784e-02
