0.0000000000e+00
3.1638953951e-03
6.3277907902e-03
9.4916861853e-03
1.2655581580e-02
1.5886954258e-02
1.9118326936e-02
2.2349699614e-02
2.5581072292e-02
2.9406848635e-02
3.3232624978e-02
3.7058401321e-02
4.0884177665e-02
4.4244938586e-02
4.7605699507e-02
5.0966460428e-02
5.4327221349e-02
5.7526925905e-02
6.0726630460e-02
6.3926335016e-02
6.7126039572e-02
7.0388253689e-02
7.3650467805e-02
7.6912681922e-02
8.0174896039e-02
8.2995476038e-02
8.5816056037e-02
8.8636636037e-02
9.1457216036e-02
9.4169117843e-02
9.6881019650e-02
9.9592921457e-02
1.0230482326e-01
1.0499311014e-01
1.0768139702e-01
1.1036968390e-01
1.1305797077e-01
1.1575084322e-01
1.1844371568e-01
1.2113658813e-01
1.2382946058e-01
1.2659330402e-01
1.2935714746e-01
1.3212099090e-01
1.3488483434e-01
1.3788243596e-01
1.4088003757e-01
1.4387763919e-01
1.4687524081e-01
1.5007589056e-01
1.5327654031e-01
1.5647719007e-01
1.5967783982e-01
1.6249267320e-01
1.6530750658e-01
1.6812233997e-01
1.7093717335e-01
1.7364382021e-01
1.7635046708e-01
1.7905711394e-01
1.8176376080e-01
1.8444192503e-01
1.8712008926e-01
1.8979825349e-01
1.9247641772e-01
1.9517947776e-01
1.9788253781e-01
2.0058559786e-01
2.0328865790e-01
2.0607569053e-01
2.0886272316e-01
2.1164975578e-01
2.1443678841e-01
2.1743617919e-01
2.2043556997e-01
2.2343496074e-01
2.2643435152e-01
2.2970166396e-01
2.3296897640e-01
2.3623628883e-01
2.3950360127e-01
2.4256238390e-01
2.4562116653e-01
2.4867994917e-01
2.5173873180e-01
2.5481743110e-01
2.5789613040e-01
2.6097482970e-01
2.6405352900e-01
2.6724255370e-01
2.7043157841e-01
2.7362060312e-01
2.7680962782e-01
2.8025134491e-01
2.8369306200e-01
2.8713477909e-01
2.9057649617e-01
2.9481170325e-01
2.9904691033e-01
3.0328211741e-01
3.0751732448e-01
3.1115655365e-01
3.1479578283e-01
3.1843501200e-01
3.2207424117e-01
3.2556219741e-01
3.2905015365e-01
3.3253810989e-01
3.3602606614e-01
3.3948166376e-01
3.4293726139e-01
3.4639285902e-01
3.4984845665e-01
3.5332553064e-01
3.5680260462e-01
3.6027967861e-01
3.6375675260e-01
3.6729133522e-01
3.7082591785e-01
3.7436050047e-01
3.7789508310e-01
3.8151715210e-01
3.8513922110e-01
3.8876129010e-01
3.9238335910e-01
3.9612181027e-01
3.9986026145e-01
4.0359871263e-01
4.0733716380e-01
4.1122330828e-01
4.1510945276e-01
4.1899559723e-01
4.2288174171e-01
4.2695398019e-01
4.3102621868e-01
4.3509845716e-01
4.3917069564e-01
4.4348674414e-01
4.4780279265e-01
4.5211884115e-01
4.5643488966e-01
4.6112481327e-01
4.6581473688e-01
4.7050466049e-01
4.7519458410e-01
4.8035584878e-01
4.8551711347e-01
4.9067837815e-01
4.9583964283e-01
5.0079389501e-01
5.0574814719e-01
5.1070239937e-01
5.1565665155e-01
5.2014413664e-01
5.2463162174e-01
5.2911910684e-01
5.3360659193e-01
5.3781609859e-01
5.4202560525e-01
5.4623511191e-01
5.5044461857e-01
5.5444758881e-01
5.5845055906e-01
5.6245352930e-01
5.6645649954e-01
5.7029445408e-01
5.7413240862e-01
5.7797036316e-01
5.8180831771e-01
5.8551280599e-01
5.8921729427e-01
5.9292178255e-01
5.9662627084e-01
6.0022480893e-01
6.0382334701e-01
6.0742188510e-01
6.1102042319e-01
6.1453964713e-01
6.1805887108e-01
6.2157809502e-01
6.2509731896e-01
6.2856623785e-01
6.3203515675e-01
6.3550407564e-01
6.3897299454e-01
6.4242880683e-01
6.4588461911e-01
6.4934043140e-01
6.5279624369e-01
6.5630119843e-01
6.5980615316e-01
6.6331110790e-01
6.6681606264e-01
6.7054104101e-01
6.7426601937e-01
6.7799099774e-01
6.8171597611e-01
6.8561967072e-01
6.8952336533e-01
6.9342705994e-01
6.9733075455e-01
7.0071468113e-01
7.0409860771e-01
7.0748253428e-01
7.1086646086e-01
7.1404673622e-01
7.1722701158e-01
7.2040728695e-01
7.2358756231e-01
7.2666477448e-01
7.2974198665e-01
7.3281919883e-01
7.3589641100e-01
7.3895436256e-01
7.4201231413e-01
7.4507026569e-01
7.4812821725e-01
7.5141535433e-01
7.5470249141e-01
7.5798962849e-01
7.6127676557e-01
7.6428965122e-01
7.6730253687e-01
7.7031542252e-01
7.7332830817e-01
7.7612359768e-01
7.7891888718e-01
7.8171417669e-01
7.8450946620e-01
7.8721817451e-01
7.8992688282e-01
7.9263559112e-01
7.9534429943e-01
7.9802232265e-01
8.0070034587e-01
8.0337836910e-01
8.0605639232e-01
8.0875600511e-01
8.1145561790e-01
8.1415523069e-01
8.1685484348e-01
8.1966027501e-01
8.2246570653e-01
8.2527113806e-01
8.2807656959e-01
8.3126876539e-01
8.3446096118e-01
8.3765315698e-01
8.4084535278e-01
8.4385493127e-01
8.4686450976e-01
8.4987408825e-01
8.5288366674e-01
8.5565615714e-01
8.5842864754e-01
8.6120113794e-01
8.6397362833e-01
8.6666817497e-01
8.6936272161e-01
8.7205726825e-01
8.7475181489e-01
8.7744577143e-01
8.8013972797e-01
8.8283368451e-01
8.8552764105e-01
8.8823238253e-01
8.9093712400e-01
8.9364186548e-01
8.9634660696e-01
8.9915720817e-01
9.0196780938e-01
9.0477841059e-01
9.0758901180e-01
9.1084444789e-01
9.1409988398e-01
9.1735532008e-01
9.2061075617e-01
9.2382997000e-01
9.2704918383e-01
9.3026839766e-01
9.3348761149e-01
9.3689443264e-01
9.4030125380e-01
9.4370807495e-01
9.4711489611e-01
9.5078820663e-01
9.5446151715e-01
9.5813482767e-01
9.6180813819e-01
9.6502799910e-01
9.6824786000e-01
9.7146772091e-01
9.7468758182e-01
9.7785179651e-01
9.8101601121e-01
9.8418022591e-01
9.8734444060e-01
9.9050833045e-01
9.9367222030e-01
9.9683611015e-01
1.0000000000e+00
