2.6126477671e-01
2.6139665321e-01
2.6179241582e-01
2.6245246407e-01
2.6337746433e-01
2.6400804645e-01
2.6472134484e-01
2.6551758301e-01
2.6639701042e-01
2.6702155190e-01
2.6768235632e-01
2.6837951342e-01
2.6911311787e-01
2.6966016938e-01
2.7022595077e-01
2.7081050133e-01
2.7141386167e-01
2.7188936775e-01
2.7237598144e-01
2.7287372262e-01
2.7338261160e-01
2.7380720469e-01
2.7423928314e-01
2.7467885875e-01
2.7512594346e-01
2.7552991487e-01
2.7593984485e-01
2.7635574206e-01
2.7677761518e-01
2.7717528795e-01
2.7757814251e-01
2.7798618543e-01
2.7839942282e-01
2.7872479437e-01
2.7905332089e-01
2.7938500398e-01
2.7971984449e-01
2.7998751037e-01
2.8025715937e-01
2.8052879006e-01
2.8080240004e-01
2.8105979344e-01
2.8131890719e-01
2.8157973592e-01
2.8184227258e-01
2.8211657062e-01
2.8239268608e-01
2.8267060266e-01
2.8295030002e-01
2.8320132873e-01
2.8345373367e-01
2.8370748938e-01
2.8396256595e-01
2.8419804513e-01
2.8443457896e-01
2.8467213240e-01
2.8491066608e-01
2.8517868891e-01
2.8544781569e-01
2.8571797066e-01
2.8598907069e-01
2.8623920314e-01
2.8648998349e-01
2.8674133171e-01
2.8699316357e-01
2.8728731498e-01
2.8758185904e-01
2.8787664586e-01
2.8817152189e-01
2.8856184572e-01
2.8895168751e-01
2.8934068403e-01
2.8972847751e-01
2.9006593467e-01
2.9040198322e-01
2.9073640718e-01
2.9106900018e-01
2.9143817168e-01
2.9180455630e-01
2.9216791450e-01
2.9252802451e-01
2.9298527492e-01
2.9343644660e-01
2.9388119500e-01
2.9431921851e-01
2.9485201324e-01
2.9537367646e-01
2.9588386827e-01
2.9638231847e-01
2.9691897133e-01
2.9744084079e-01
2.9794778762e-01
2.9843972970e-01
2.9894425666e-01
2.9943192947e-01
2.9990279600e-01
3.0035693704e-01
3.0085732710e-01
3.0133605434e-01
3.0179333937e-01
3.0222942227e-01
3.0272850181e-01
3.0319745139e-01
3.0363674493e-01
3.0404686020e-01
3.0443633413e-01
3.0479633834e-01
3.0512737462e-01
3.0542994163e-01
3.0569934949e-01
3.0594235738e-01
3.0615944499e-01
3.0635110724e-01
3.0650073252e-01
3.0663101251e-01
3.0674236389e-01
3.0683524044e-01
3.0689921664e-01
3.0695088880e-01
3.0699061554e-01
3.0701879444e-01
3.0703329663e-01
3.0704096598e-01
3.0704207337e-01
3.0703691440e-01
3.0702722531e-01
3.0701300941e-01
3.0699453775e-01
3.0697210139e-01
3.0694455260e-01
3.0691334668e-01
3.0687889675e-01
3.0684164019e-01
3.0680703279e-01
3.0677094496e-01
3.0673371007e-01
3.0669566982e-01
3.0666237236e-01
3.0662895949e-01
3.0659565853e-01
3.0656269538e-01
3.0652756440e-01
3.0649337187e-01
3.0646038643e-01
3.0642886490e-01
3.0640084772e-01
3.0637451930e-01
3.0635005310e-01
3.0632760785e-01
3.0630425266e-01
3.0628401670e-01
3.0626706760e-01
3.0625354316e-01
3.0624292330e-01
3.0623650523e-01
3.0623434707e-01
3.0623646825e-01
3.0624149495e-01
3.0624945174e-01
3.0626028819e-01
3.0627393483e-01
3.0629276984e-01
3.0631496722e-01
3.0634033283e-01
3.0636864020e-01
3.0639477648e-01
3.0642267109e-01
3.0645213496e-01
3.0648296579e-01
3.0651605287e-01
3.0655012410e-01
3.0658492215e-01
3.0662018266e-01
3.0667318487e-01
3.0672571032e-01
3.0677685623e-01
3.0682573821e-01
3.0686320253e-01
3.0689816765e-01
3.0693021452e-01
3.0695894572e-01
3.0698618606e-01
3.0700853162e-01
3.0702555458e-01
3.0703685979e-01
3.0704240771e-01
3.0703571515e-01
3.0701603380e-01
3.0698270079e-01
3.0691838411e-01
3.0682913635e-01
3.0671399081e-01
3.0657209874e-01
3.0641165081e-01
3.0622573421e-01
3.0601379567e-01
3.0577531080e-01
3.0549647500e-01
3.0518738733e-01
3.0484748399e-01
3.0447620115e-01
3.0414076587e-01
3.0378259647e-01
3.0340135503e-01
3.0299670262e-01
3.0262746115e-01
3.0224022608e-01
3.0183478465e-01
3.0141093081e-01
3.0101206998e-01
3.0059788944e-01
3.0016826612e-01
2.9972309262e-01
2.9915556129e-01
2.9856438335e-01
2.9794952308e-01
2.9731103903e-01
2.9686613644e-01
2.9641060697e-01
2.9594457754e-01
2.9546821580e-01
2.9508346439e-01
2.9469248517e-01
2.9429543045e-01
2.9389247722e-01
2.9355037327e-01
2.9320440412e-01
2.9285472010e-01
2.9250148715e-01
2.9217966850e-01
2.9185525099e-01
2.9152839171e-01
2.9119925910e-01
2.9085742322e-01
2.9051356773e-01
2.9016791432e-01
2.8982069581e-01
2.8952210192e-01
2.8922269503e-01
2.8892263689e-01
2.8862209218e-01
2.8834676907e-01
2.8807130626e-01
2.8779583158e-01
2.8752047172e-01
2.8727080888e-01
2.8702143433e-01
2.8677243652e-01
2.8652390087e-01
2.8625279740e-01
2.8598244576e-01
2.8571294123e-01
2.8544437239e-01
2.8520373002e-01
2.8496396471e-01
2.8472512607e-01
2.8448725907e-01
2.8422137360e-01
2.8395681463e-01
2.8369362626e-01
2.8343184654e-01
2.8314271106e-01
2.8285539145e-01
2.8256991847e-01
2.8228631709e-01
2.8201278111e-01
2.8174104284e-01
2.8147111383e-01
2.8120300307e-01
2.8086847260e-01
2.8053683747e-01
2.8020810434e-01
2.7988227730e-01
2.7942697512e-01
2.7897747741e-01
2.7853378208e-01
2.7809588458e-01
2.7764525810e-01
2.7720092600e-01
2.7676287959e-01
2.7633110978e-01
2.7581771474e-01
2.7531345525e-01
2.7481831493e-01
2.7433227756e-01
2.7366800203e-01
2.7302144452e-01
2.7239256323e-01
2.7178131748e-01
2.7077343182e-01
2.6981716562e-01
2.6891233659e-01
2.6805877224e-01
2.6646174400e-01
2.6508016923e-01
2.6391293078e-01
2.6295908485e-01
2.6221737494e-01
2.6168801078e-01
2.6137056366e-01
2.6126477650e-01
