3.0986374047e-01
3.0986380833e-01
3.0986401190e-01
3.0986435109e-01
3.0986482577e-01
3.0986541190e-01
3.0986612372e-01
3.0986696097e-01
3.0986792335e-01
3.0986898599e-01
3.0987016775e-01
3.0987146822e-01
3.0987288693e-01
3.0987440206e-01
3.0987603128e-01
3.0987777403e-01
3.0987962970e-01
3.0988158505e-01
3.0988365063e-01
3.0988582572e-01
3.0988810960e-01
3.0989050594e-01
3.0989300986e-01
3.0989562049e-01
3.0989833694e-01
3.0990119415e-01
3.0990415787e-01
3.0990722706e-01
3.0991040065e-01
3.0991377667e-01
3.0991726094e-01
3.0992085217e-01
3.0992454901e-01
3.0992863188e-01
3.0993283300e-01
3.0993715058e-01
3.0994158275e-01
3.0994667682e-01
3.0995190929e-01
3.0995727732e-01
3.0996277804e-01
3.0996761518e-01
3.0997254643e-01
3.0997756981e-01
3.0998268332e-01
3.0998763841e-01
3.0999267171e-01
3.0999778138e-01
3.1000296558e-01
3.1000810585e-01
3.1001331382e-01
3.1001858770e-01
3.1002392565e-01
3.1002928961e-01
3.1003471315e-01
3.1004019443e-01
3.1004573158e-01
3.1005136215e-01
3.1005704553e-01
3.1006277978e-01
3.1006856292e-01
3.1007454523e-01
3.1008057477e-01
3.1008664937e-01
3.1009276684e-01
3.1009902094e-01
3.1010531468e-01
3.1011164573e-01
3.1011801177e-01
3.1012446845e-01
3.1013095595e-01
3.1013747186e-01
3.1014401375e-01
3.1015083632e-01
3.1015768159e-01
3.1016454683e-01
3.1017142930e-01
3.1017871658e-01
3.1018601682e-01
3.1019332681e-01
3.1020064332e-01
3.1020769391e-01
3.1021474471e-01
3.1022179288e-01
3.1022883557e-01
3.1023590841e-01
3.1024296997e-01
3.1025001740e-01
3.1025704786e-01
3.1026422721e-01
3.1027138279e-01
3.1027851161e-01
3.1028561068e-01
3.1029299097e-01
3.1030033226e-01
3.1030763123e-01
3.1031488462e-01
3.1032270721e-01
3.1033046809e-01
3.1033816320e-01
3.1034578852e-01
3.1035481400e-01
3.1036372726e-01
3.1037252176e-01
3.1038119104e-01
3.1038842837e-01
3.1039556765e-01
3.1040260519e-01
3.1040953736e-01
3.1041613569e-01
3.1042262905e-01
3.1042901436e-01
3.1043528857e-01
3.1044139065e-01
3.1044737802e-01
3.1045324792e-01
3.1045899766e-01
3.1046463981e-01
3.1047015592e-01
3.1047554347e-01
3.1048080002e-01
3.1048597877e-01
3.1049101879e-01
3.1049591777e-01
3.1050067346e-01
3.1050536287e-01
3.1050989948e-01
3.1051428117e-01
3.1051850586e-01
3.1052266351e-01
3.1052665274e-01
3.1053047164e-01
3.1053411833e-01
3.1053768748e-01
3.1054107079e-01
3.1054426653e-01
3.1054727307e-01
3.1055018324e-01
3.1055288764e-01
3.1055538479e-01
3.1055767336e-01
3.1055984126e-01
3.1056177863e-01
3.1056348433e-01
3.1056495735e-01
3.1056626888e-01
3.1056731484e-01
3.1056809455e-01
3.1056860748e-01
3.1056885155e-01
3.1056883648e-01
3.1056856227e-01
3.1056802912e-01
3.1056728957e-01
3.1056632055e-01
3.1056512261e-01
3.1056369644e-01
3.1056211064e-01
3.1056031541e-01
3.1055831171e-01
3.1055610061e-01
3.1055376226e-01
3.1055123158e-01
3.1054850985e-01
3.1054559843e-01
3.1054258271e-01
3.1053938998e-01
3.1053602175e-01
3.1053247966e-01
3.1052884716e-01
3.1052505150e-01
3.1052109444e-01
3.1051697781e-01
3.1051277481e-01
3.1050842118e-01
3.1050391888e-01
3.1049926996e-01
3.1049452634e-01
3.1048964329e-01
3.1048462298e-01
3.1047946767e-01
3.1047419031e-01
3.1046878319e-01
3.1046324875e-01
3.1045758951e-01
3.1045173865e-01
3.1044576538e-01
3.1043967253e-01
3.1043346296e-01
3.1042677939e-01
3.1041997239e-01
3.1041304559e-01
3.1040600270e-01
3.1039739556e-01
3.1038863311e-01
3.1037972221e-01
3.1037066986e-01
3.1036342608e-01
3.1035610214e-01
3.1034870169e-01
3.1034122843e-01
3.1033420449e-01
3.1032712367e-01
3.1031998909e-01
3.1031280389e-01
3.1030585593e-01
3.1029886702e-01
3.1029184002e-01
3.1028477783e-01
3.1027784389e-01
3.1027088186e-01
3.1026389453e-01
3.1025688467e-01
3.1024989179e-01
3.1024288218e-01
3.1023585862e-01
3.1022882394e-01
3.1022150829e-01
3.1021418684e-01
3.1020686280e-01
3.1019953935e-01
3.1019260936e-01
3.1018568550e-01
3.1017877052e-01
3.1017186714e-01
3.1016523575e-01
3.1015862009e-01
3.1015202262e-01
3.1014544577e-01
3.1013896094e-01
3.1013250106e-01
3.1012606847e-01
3.1011966554e-01
3.1011336326e-01
3.1010709454e-01
3.1010086166e-01
3.1009466686e-01
3.1008868271e-01
3.1008273870e-01
3.1007683688e-01
3.1007097928e-01
3.1006521636e-01
3.1005950085e-01
3.1005383466e-01
3.1004821973e-01
3.1004262859e-01
3.1003709309e-01
3.1003161512e-01
3.1002619658e-01
3.1002072472e-01
3.1001531877e-01
3.1000998069e-01
3.1000471240e-01
3.0999924384e-01
3.0999385690e-01
3.0998855374e-01
3.0998333647e-01
3.0997719961e-01
3.0997119264e-01
3.0996531904e-01
3.0995958216e-01
3.0995475569e-01
3.0995003505e-01
3.0994542225e-01
3.0994091925e-01
3.0993679717e-01
3.0993277493e-01
3.0992885402e-01
3.0992503593e-01
3.0992142728e-01
3.0991791823e-01
3.0991451005e-01
3.0991120392e-01
3.0990804183e-01
3.0990498141e-01
3.0990202369e-01
3.0989916970e-01
3.0989642711e-01
3.0989378965e-01
3.0989125821e-01
3.0988883367e-01
3.0988650380e-01
3.0988428371e-01
3.0988217415e-01
3.0988017585e-01
3.0987826514e-01
3.0987647007e-01
3.0987479126e-01
3.0987322930e-01
3.0987175439e-01
3.0987040264e-01
3.0986917454e-01
3.0986807056e-01
3.0986705734e-01
3.0986617840e-01
3.0986543409e-01
3.0986482471e-01
3.0986435049e-01
3.0986401163e-01
3.0986380826e-01
3.0986374047e-01
