3.0115287006e-01
3.0115296805e-01
3.0115326199e-01
3.0115375178e-01
3.0115443726e-01
3.0115537553e-01
3.0115653235e-01
3.0115790725e-01
3.0115949973e-01
3.0116146572e-01
3.0116368449e-01
3.0116615503e-01
3.0116887622e-01
3.0117149620e-01
3.0117431112e-01
3.0117731996e-01
3.0118052162e-01
3.0118392789e-01
3.0118752598e-01
3.0119131455e-01
3.0119529218e-01
3.0119884720e-01
3.0120253876e-01
3.0120636580e-01
3.0121032726e-01
3.0121421794e-01
3.0121822815e-01
3.0122235684e-01
3.0122660295e-01
3.0123088428e-01
3.0123527658e-01
3.0123977874e-01
3.0124438959e-01
3.0124907481e-01
3.0125386484e-01
3.0125875844e-01
3.0126375434e-01
3.0126889348e-01
3.0127413391e-01
3.0127947421e-01
3.0128491294e-01
3.0129071296e-01
3.0129661758e-01
3.0130262502e-01
3.0130873345e-01
3.0131600177e-01
3.0132340258e-01
3.0133093275e-01
3.0133858907e-01
3.0134549874e-01
3.0135250318e-01
3.0135960001e-01
3.0136678677e-01
3.0137356958e-01
3.0138042646e-01
3.0138735534e-01
3.0139435412e-01
3.0140124205e-01
3.0140819239e-01
3.0141520312e-01
3.0142227217e-01
3.0142937404e-01
3.0143652973e-01
3.0144373716e-01
3.0145099421e-01
3.0145840909e-01
3.0146587066e-01
3.0147337666e-01
3.0148092479e-01
3.0148880409e-01
3.0149672375e-01
3.0150468115e-01
3.0151267368e-01
3.0152127348e-01
3.0152990732e-01
3.0153857192e-01
3.0154726399e-01
3.0155647153e-01
3.0156570214e-01
3.0157495191e-01
3.0158421693e-01
3.0159304156e-01
3.0160187306e-01
3.0161070807e-01
3.0161954319e-01
3.0162846533e-01
3.0163738068e-01
3.0164628579e-01
3.0165517720e-01
3.0166437461e-01
3.0167354980e-01
3.0168269896e-01
3.0169181832e-01
3.0170160652e-01
3.0171135108e-01
3.0172104736e-01
3.0173069076e-01
3.0174303707e-01
3.0175527825e-01
3.0176740474e-01
3.0177940714e-01
3.0178912037e-01
3.0179873945e-01
3.0180825947e-01
3.0181767556e-01
3.0182661906e-01
3.0183545805e-01
3.0184418840e-01
3.0185280607e-01
3.0186122935e-01
3.0186953431e-01
3.0187771719e-01
3.0188577434e-01
3.0189374620e-01
3.0190158370e-01
3.0190928332e-01
3.0191684164e-01
3.0192436931e-01
3.0193174435e-01
3.0193896342e-01
3.0194602325e-01
3.0195308035e-01
3.0195996400e-01
3.0196667098e-01
3.0197319817e-01
3.0197973328e-01
3.0198607101e-01
3.0199220826e-01
3.0199814203e-01
3.0200408060e-01
3.0200979391e-01
3.0201527899e-01
3.0202053299e-01
3.0202577589e-01
3.0203076031e-01
3.0203548344e-01
3.0203994265e-01
3.0204436422e-01
3.0204848570e-01
3.0205230454e-01
3.0205581837e-01
3.0205926719e-01
3.0206235550e-01
3.0206508107e-01
3.0206744198e-01
3.0206961160e-01
3.0207133798e-01
3.0207261963e-01
3.0207345547e-01
3.0207384392e-01
3.0207379012e-01
3.0207329412e-01
3.0207235634e-01
3.0207113911e-01
3.0206956747e-01
3.0206764249e-01
3.0206536549e-01
3.0206291588e-01
3.0206016053e-01
3.0205710109e-01
3.0205373940e-01
3.0205026447e-01
3.0204652001e-01
3.0204250808e-01
3.0203823088e-01
3.0203388242e-01
3.0202929443e-01
3.0202446923e-01
3.0201940929e-01
3.0201430469e-01
3.0200898623e-01
3.0200345647e-01
3.0199771806e-01
3.0199194750e-01
3.0198598538e-01
3.0197983445e-01
3.0197349755e-01
3.0196712664e-01
3.0196058368e-01
3.0195387160e-01
3.0194699339e-01
3.0194006198e-01
3.0193297556e-01
3.0192573723e-01
3.0191835018e-01
3.0191086448e-01
3.0190323840e-01
3.0189547530e-01
3.0188757861e-01
3.0187948294e-01
3.0187125863e-01
3.0186290943e-01
3.0185443914e-01
3.0184546806e-01
3.0183637367e-01
3.0182716055e-01
3.0181783337e-01
3.0180663125e-01
3.0179528347e-01
3.0178379821e-01
3.0177218381e-01
3.0176279410e-01
3.0175333138e-01
3.0174380012e-01
3.0173420482e-01
3.0172520686e-01
3.0171616093e-01
3.0170707078e-01
3.0169794018e-01
3.0168912014e-01
3.0168026958e-01
3.0167139195e-01
3.0166249069e-01
3.0165370598e-01
3.0164490504e-01
3.0163609121e-01
3.0162726784e-01
3.0161821677e-01
3.0160916283e-01
3.0160010964e-01
3.0159106083e-01
3.0158223820e-01
3.0157342657e-01
3.0156462933e-01
3.0155584984e-01
3.0154756799e-01
3.0153930785e-01
3.0153107227e-01
3.0152286406e-01
3.0151505266e-01
3.0150727123e-01
3.0149952221e-01
3.0149180800e-01
3.0148429219e-01
3.0147681430e-01
3.0146937654e-01
3.0146198113e-01
3.0145465528e-01
3.0144737583e-01
3.0144014491e-01
3.0143296464e-01
3.0142571566e-01
3.0141852344e-01
3.0141139015e-01
3.0140431792e-01
3.0139689977e-01
3.0138955492e-01
3.0138228581e-01
3.0137509486e-01
3.0136579549e-01
3.0135663963e-01
3.0134763242e-01
3.0133877889e-01
3.0133215093e-01
3.0132561684e-01
3.0131917870e-01
3.0131283855e-01
3.0130690761e-01
3.0130106858e-01
3.0129532312e-01
3.0128967282e-01
3.0128419787e-01
3.0127881839e-01
3.0127353581e-01
3.0126835155e-01
3.0126321771e-01
3.0125818688e-01
3.0125326041e-01
3.0124843960e-01
3.0124367297e-01
3.0123901698e-01
3.0123447287e-01
3.0123004183e-01
3.0122550514e-01
3.0122109610e-01
3.0121681599e-01
3.0121266603e-01
3.0120810606e-01
3.0120371759e-01
3.0119950223e-01
3.0119546147e-01
3.0119148729e-01
3.0118770101e-01
3.0118410404e-01
3.0118069772e-01
3.0117697689e-01
3.0117351755e-01
3.0117032142e-01
3.0116739006e-01
3.0116500666e-01
3.0116283471e-01
3.0116087504e-01
3.0115912838e-01
3.0115766320e-01
3.0115639243e-01
3.0115531650e-01
3.0115443579e-01
3.0115375096e-01
3.0115326163e-01
3.0115296796e-01
3.0115287006e-01
