0.0000000000e+00
7.3640281903e-03
1.4728056381e-02
2.2092084571e-02
2.9456112761e-02
3.5375421944e-02
4.1294731127e-02
4.7214040309e-02
5.3133349492e-02
5.8106560027e-02
6.3079770562e-02
6.8052981098e-02
7.3026191633e-02
7.7447905578e-02
8.1869619523e-02
8.6291333468e-02
9.0713047413e-02
9.5292891959e-02
9.9872736505e-02
1.0445258105e-01
1.0903242560e-01
1.1259662145e-01
1.1616081730e-01
1.1972501315e-01
1.2328920900e-01
1.2601279714e-01
1.2873638529e-01
1.3145997343e-01
1.3418356157e-01
1.3658369194e-01
1.3898382231e-01
1.4138395268e-01
1.4378408304e-01
1.4624638754e-01
1.4870869204e-01
1.5117099653e-01
1.5363330103e-01
1.5593922718e-01
1.5824515332e-01
1.6055107947e-01
1.6285700561e-01
1.6505223875e-01
1.6724747188e-01
1.6944270502e-01
1.7163793815e-01
1.7366504372e-01
1.7569214928e-01
1.7771925485e-01
1.7974636042e-01
1.8203886539e-01
1.8433137037e-01
1.8662387534e-01
1.8891638032e-01
1.9098695604e-01
1.9305753176e-01
1.9512810748e-01
1.9719868320e-01
1.9967088340e-01
2.0214308361e-01
2.0461528381e-01
2.0708748401e-01
2.0969607312e-01
2.1230466223e-01
2.1491325134e-01
2.1752184044e-01
2.2029345832e-01
2.2306507619e-01
2.2583669406e-01
2.2860831193e-01
2.3142379372e-01
2.3423927551e-01
2.3705475729e-01
2.3987023908e-01
2.4300037194e-01
2.4613050480e-01
2.4926063766e-01
2.5239077052e-01
2.5628577007e-01
2.6018076962e-01
2.6407576917e-01
2.6797076872e-01
2.7326771412e-01
2.7856465952e-01
2.8386160491e-01
2.8915855031e-01
2.9520833364e-01
3.0125811696e-01
3.0730790029e-01
3.1335768362e-01
3.1880230735e-01
3.2424693108e-01
3.2969155482e-01
3.3513617855e-01
3.3949438462e-01
3.4385259069e-01
3.4821079676e-01
3.5256900283e-01
3.5607859928e-01
3.5958819574e-01
3.6309779219e-01
3.6660738864e-01
3.6971722853e-01
3.7282706842e-01
3.7593690831e-01
3.7904674820e-01
3.8193519594e-01
3.8482364369e-01
3.8771209143e-01
3.9060053917e-01
3.9384476134e-01
3.9708898350e-01
4.0033320566e-01
4.0357742782e-01
4.0617173162e-01
4.0876603543e-01
4.1136033923e-01
4.1395464303e-01
4.1626561094e-01
4.1857657884e-01
4.2088754675e-01
4.2319851466e-01
4.2537978150e-01
4.2756104833e-01
4.2974231516e-01
4.3192358199e-01
4.3423222250e-01
4.3654086300e-01
4.3884950350e-01
4.4115814401e-01
4.4332646115e-01
4.4549477829e-01
4.4766309544e-01
4.4983141258e-01
4.5205567193e-01
4.5427993128e-01
4.5650419063e-01
4.5872844998e-01
4.6154327297e-01
4.6435809597e-01
4.6717291896e-01
4.6998774196e-01
4.7252806734e-01
4.7506839273e-01
4.7760871811e-01
4.8014904350e-01
4.8269188560e-01
4.8523472770e-01
4.8777756980e-01
4.9032041189e-01
4.9301353853e-01
4.9570666516e-01
4.9839979180e-01
5.0109291843e-01
5.0360898391e-01
5.0612504940e-01
5.0864111488e-01
5.1115718037e-01
5.1367447469e-01
5.1619176901e-01
5.1870906333e-01
5.2122635765e-01
5.2368497084e-01
5.2614358404e-01
5.2860219723e-01
5.3106081042e-01
5.3336805928e-01
5.3567530814e-01
5.3798255700e-01
5.4028980586e-01
5.4242201349e-01
5.4455422111e-01
5.4668642874e-01
5.4881863636e-01
5.5143305634e-01
5.5404747633e-01
5.5666189631e-01
5.5927631630e-01
5.6148475703e-01
5.6369319776e-01
5.6590163849e-01
5.6811007922e-01
5.7069525018e-01
5.7328042114e-01
5.7586559209e-01
5.7845076305e-01
5.8110551017e-01
5.8376025728e-01
5.8641500440e-01
5.8906975151e-01
5.9202421655e-01
5.9497868159e-01
5.9793314662e-01
6.0088761166e-01
6.0381658875e-01
6.0674556583e-01
6.0967454292e-01
6.1260352000e-01
6.1585138970e-01
6.1909925941e-01
6.2234712911e-01
6.2559499881e-01
6.2959061270e-01
6.3358622659e-01
6.3758184048e-01
6.4157745437e-01
6.4684163015e-01
6.5210580593e-01
6.5736998171e-01
6.6263415748e-01
6.6861923393e-01
6.7460431037e-01
6.8058938682e-01
6.8657446326e-01
6.9200159229e-01
6.9742872131e-01
7.0285585034e-01
7.0828297937e-01
7.1253885755e-01
7.1679473573e-01
7.2105061391e-01
7.2530649209e-01
7.2873781411e-01
7.3216913612e-01
7.3560045813e-01
7.3903178014e-01
7.4208318771e-01
7.4513459529e-01
7.4818600287e-01
7.5123741045e-01
7.5400187456e-01
7.5676633867e-01
7.5953080278e-01
7.6229526689e-01
7.6523292977e-01
7.6817059265e-01
7.7110825553e-01
7.7404591841e-01
7.7654276444e-01
7.7903961047e-01
7.8153645650e-01
7.8403330252e-01
7.8645908677e-01
7.8888487101e-01
7.9131065526e-01
7.9373643950e-01
7.9577363203e-01
7.9781082456e-01
7.9984801708e-01
8.0188520961e-01
8.0420727471e-01
8.0652933980e-01
8.0885140489e-01
8.1117346998e-01
8.1319160085e-01
8.1520973171e-01
8.1722786258e-01
8.1924599344e-01
8.2142949661e-01
8.2361299978e-01
8.2579650294e-01
8.2798000611e-01
8.3029401923e-01
8.3260803234e-01
8.3492204546e-01
8.3723605857e-01
8.3966854503e-01
8.4210103149e-01
8.4453351796e-01
8.4696600442e-01
8.4938182609e-01
8.5179764777e-01
8.5421346945e-01
8.5662929112e-01
8.5946923408e-01
8.6230917704e-01
8.6514912000e-01
8.6798906297e-01
8.7166762307e-01
8.7534618317e-01
8.7902474327e-01
8.8270330337e-01
8.8713282057e-01
8.9156233777e-01
8.9599185497e-01
9.0042137217e-01
9.0513083589e-01
9.0984029962e-01
9.1454976334e-01
9.1925922706e-01
9.2493534064e-01
9.3061145422e-01
9.3628756779e-01
9.4196368137e-01
9.4921820662e-01
9.5647273186e-01
9.6372725711e-01
9.7098178236e-01
9.7823633677e-01
9.8549089118e-01
9.9274544559e-01
1.0000000000e+00
