3.5039316195e-10
1.1902320219e-10
7.1094499286e-10
2.0617189428e-09
1.8523315617e-08
5.3232452368e-08
1.4715316173e-07
4.0514521432e-07
1.1592950364e-06
2.2452217962e-06
4.3251054556e-06
8.3308604324e-06
1.6108084034e-05
2.5623379423e-05
4.0722578179e-05
6.4718165585e-05
1.0292091985e-04
1.4602676062e-04
2.0713810250e-04
2.9381467713e-04
4.1681197701e-04
5.5042215787e-04
7.2677634056e-04
9.5956742360e-04
1.2668736727e-03
1.5987531295e-03
2.0173085491e-03
2.5451009993e-03
3.2105040613e-03
3.9489431881e-03
4.8561568352e-03
5.9702670449e-03
7.3377531519e-03
9.0297038953e-03
1.1106342305e-02
1.3652529048e-02
1.6770437350e-02
1.9814636469e-02
2.3395199015e-02
2.7600295487e-02
3.2530038715e-02
3.6672192636e-02
4.1313624228e-02
4.6506888012e-02
5.2307993838e-02
5.8053401930e-02
6.4375200379e-02
7.1318530549e-02
7.8929134655e-02
8.7926576269e-02
9.7807098091e-02
1.0862333900e-01
1.2042306654e-01
1.3189715151e-01
1.4422176525e-01
1.5741286559e-01
1.7147765347e-01
1.8495144352e-01
1.9912817102e-01
2.1398990018e-01
2.2951039087e-01
2.4539140558e-01
2.6183577300e-01
2.7879524088e-01
2.9621481727e-01
3.1533383721e-01
3.3483024502e-01
3.5461800735e-01
3.7460812807e-01
3.9346301431e-01
4.1234257084e-01
4.3117466161e-01
4.4988996723e-01
4.7188704326e-01
4.9352510494e-01
5.1471284425e-01
5.3537000579e-01
5.5759496877e-01
5.7900419227e-01
5.9953685591e-01
6.1914784957e-01
6.3796031600e-01
6.5578631882e-01
6.7261940920e-01
6.8846322933e-01
7.0395253084e-01
7.1840038765e-01
7.3183538054e-01
7.4429128789e-01
7.5713471290e-01
7.6885286124e-01
7.7950539715e-01
7.8915329722e-01
8.0014502493e-01
8.0971455366e-01
8.1798445237e-01
8.2507167867e-01
8.3213494867e-01
8.3784451086e-01
8.4235906647e-01
8.4582229198e-01
8.4864940670e-01
8.5044946686e-01
8.5137051996e-01
8.5154153097e-01
8.5106648594e-01
8.5003957422e-01
8.4854676466e-01
8.4666195541e-01
8.4418122525e-01
8.4136757259e-01
8.3828346214e-01
8.3498133179e-01
8.3091244344e-01
8.2666394837e-01
8.2228275521e-01
8.1780687369e-01
8.1223115102e-01
8.0660342543e-01
8.0095808157e-01
7.9532121459e-01
7.8783952552e-01
7.8044026721e-01
7.7314496442e-01
7.6596644280e-01
7.5657166525e-01
7.4739889827e-01
7.3844106290e-01
7.2968403727e-01
7.2125110485e-01
7.1297353615e-01
7.0482978624e-01
6.9679882765e-01
6.8914827850e-01
6.8157181410e-01
6.7406227122e-01
6.6662058183e-01
6.6026785742e-01
6.5398861594e-01
6.4780604988e-01
6.4175239346e-01
6.3632909965e-01
6.3109023878e-01
6.2608214939e-01
6.2135680298e-01
6.1697543882e-01
6.1299144254e-01
6.0946399052e-01
6.0645016632e-01
6.0399284105e-01
6.0215255782e-01
6.0096492715e-01
6.0045366181e-01
6.0060977489e-01
6.0139796082e-01
6.0280349950e-01
6.0480075526e-01
6.0753730730e-01
6.1085185948e-01
6.1468514275e-01
6.1897381854e-01
6.2388551506e-01
6.2915397381e-01
6.3471197632e-01
6.4049923874e-01
6.4768723223e-01
6.5505957396e-01
6.6256297402e-01
6.7016200695e-01
6.7801198777e-01
6.8593511216e-01
6.9393575587e-01
7.0202651862e-01
7.1021180952e-01
7.1852632191e-01
7.2699226379e-01
7.3563124781e-01
7.4241609552e-01
7.4932269044e-01
7.5635652759e-01
7.6352052329e-01
7.6925861774e-01
7.7507523082e-01
7.8096592649e-01
7.8692338150e-01
7.9192238594e-01
7.9695138162e-01
8.0199880655e-01
8.0704960910e-01
8.1137764249e-01
8.1567866007e-01
8.1993374201e-01
8.2411968850e-01
8.2773934669e-01
8.3125946969e-01
8.3465199417e-01
8.3788353533e-01
8.4066839814e-01
8.4324930812e-01
8.4558436530e-01
8.4762464510e-01
8.4930625893e-01
8.5057403306e-01
8.5135190506e-01
8.5155165511e-01
8.5116261490e-01
8.5015606620e-01
8.4843944975e-01
8.4590826450e-01
8.4290874062e-01
8.3909591232e-01
8.3437131990e-01
8.2862721975e-01
8.2334392284e-01
8.1730405155e-01
8.1044399622e-01
8.0269702771e-01
7.9509478271e-01
7.8670390354e-01
7.7747478434e-01
7.6735745294e-01
7.5717521918e-01
7.4615352851e-01
7.3425544241e-01
7.2144630495e-01
7.0734387409e-01
6.9222263220e-01
6.7605952730e-01
6.5883919271e-01
6.4273862669e-01
6.2581074457e-01
6.0806653377e-01
5.8952592620e-01
5.7120669994e-01
5.5223061925e-01
5.3264192546e-01
5.1249482471e-01
4.9459923957e-01
4.7637959452e-01
4.5788999878e-01
4.3918988039e-01
4.1555500071e-01
3.9182644277e-01
3.6814711559e-01
3.4466394956e-01
3.2675935360e-01
3.0912611578e-01
2.9182802239e-01
2.7492520146e-01
2.5695168716e-01
2.3958255995e-01
2.2287366969e-01
2.0687109067e-01
1.8997458683e-01
1.7402697479e-01
1.5904749617e-01
1.4504139166e-01
1.3227766407e-01
1.2042058837e-01
1.0944461764e-01
9.9317380361e-02
8.9524071791e-02
8.0582342576e-02
7.2440699075e-02
6.5046091720e-02
5.6705665525e-02
4.9362367077e-02
4.2915079478e-02
3.7268257671e-02
3.0791134784e-02
2.5402703473e-02
2.0932022236e-02
1.7230920815e-02
1.4048184142e-02
1.1445011985e-02
9.3186414910e-03
7.5835501377e-03
5.9903318239e-03
4.7299764205e-03
3.7335842989e-03
2.9462537182e-03
2.1813745179e-03
1.6147937826e-03
1.1951594978e-03
8.8437322288e-04
5.7367001786e-04
3.7225142054e-04
2.4153048177e-04
1.5660689014e-04
7.3118448640e-05
3.4403427568e-05
1.6182202356e-05
7.5294187463e-06
1.1724398115e-06
3.2800460655e-07
6.5582190213e-08
4.6768436412e-08
7.2693044188e-09
2.0471300009e-09
4.5130870484e-10
5.8242674346e-10
