2.5334018451e-01
2.5350681421e-01
2.5400692243e-01
2.5484116706e-01
2.5601064558e-01
2.5678598603e-01
2.5766075915e-01
2.5863530366e-01
2.5970999694e-01
2.6045378135e-01
2.6123922583e-01
2.6206645602e-01
2.6293560423e-01
2.6358540158e-01
2.6425692181e-01
2.6495022028e-01
2.6566535412e-01
2.6622298868e-01
2.6679327314e-01
2.6737623462e-01
2.6797190080e-01
2.6845360369e-01
2.6894333766e-01
2.6944111733e-01
2.6994695762e-01
2.7037415047e-01
2.7080694706e-01
2.7124535635e-01
2.7168938740e-01
2.7207884291e-01
2.7247253553e-01
2.7287047135e-01
2.7327265651e-01
2.7364667582e-01
2.7402430666e-01
2.7440555390e-01
2.7479042238e-01
2.7518718965e-01
2.7558774336e-01
2.7599208847e-01
2.7640022971e-01
2.7671752421e-01
2.7703708011e-01
2.7735889905e-01
2.7768298238e-01
2.7794444889e-01
2.7820737181e-01
2.7847175115e-01
2.7873758660e-01
2.7897305199e-01
2.7920964679e-01
2.7944736986e-01
2.7968621964e-01
2.7991907561e-01
2.8015298828e-01
2.8038795466e-01
2.8062397106e-01
2.8088994648e-01
2.8115722948e-01
2.8142581054e-01
2.8169567807e-01
2.8191683525e-01
2.8213883101e-01
2.8236165519e-01
2.8258529617e-01
2.8279616947e-01
2.8300774002e-01
2.8321999409e-01
2.8343291644e-01
2.8364944418e-01
2.8386662213e-01
2.8408442910e-01
2.8430284202e-01
2.8454191428e-01
2.8478164341e-01
2.8502199139e-01
2.8526291740e-01
2.8548364814e-01
2.8570479048e-01
2.8592630752e-01
2.8614816073e-01
2.8640052305e-01
2.8665320651e-01
2.8690614823e-01
2.8715928360e-01
2.8742814440e-01
2.8769706866e-01
2.8796597510e-01
2.8823478193e-01
2.8856475102e-01
2.8889429479e-01
2.8922326365e-01
2.8955151057e-01
2.8984733265e-01
2.9014234504e-01
2.9043644783e-01
2.9072954450e-01
2.9104808988e-01
2.9136521158e-01
2.9168079994e-01
2.9199475113e-01
2.9234417651e-01
2.9269129865e-01
2.9303599821e-01
2.9337816493e-01
2.9380989455e-01
2.9423716755e-01
2.9465981632e-01
2.9507769352e-01
2.9554858932e-01
2.9601294170e-01
2.9647061541e-01
2.9692150020e-01
2.9743897017e-01
2.9794697247e-01
2.9844543589e-01
2.9893431839e-01
2.9940120136e-01
2.9985898666e-01
3.0030769599e-01
3.0074736578e-01
3.0121288670e-01
3.0166796245e-01
3.0211268157e-01
3.0254714287e-01
3.0302401222e-01
3.0348818601e-01
3.0393983606e-01
3.0437914076e-01
3.0487504298e-01
3.0535477130e-01
3.0581862363e-01
3.0626689946e-01
3.0678838529e-01
3.0728807550e-01
3.0776648895e-01
3.0822413608e-01
3.0877882942e-01
3.0930152496e-01
3.0979320026e-01
3.1025479619e-01
3.1086235987e-01
3.1141314110e-01
3.1190943861e-01
3.1235337581e-01
3.1293763282e-01
3.1340912203e-01
3.1377299589e-01
3.1403333216e-01
3.1417447561e-01
3.1424549040e-01
3.1424696424e-01
3.1417890951e-01
3.1405261771e-01
3.1386471766e-01
3.1361388464e-01
3.1329837542e-01
3.1300662316e-01
3.1267319255e-01
3.1229675234e-01
3.1187582822e-01
3.1152814277e-01
3.1115352029e-01
3.1075117316e-01
3.1032027063e-01
3.0994549972e-01
3.0955049169e-01
3.0913472827e-01
3.0869767378e-01
3.0831148254e-01
3.0790936288e-01
3.0749096575e-01
3.0705593539e-01
3.0666545641e-01
3.0626199271e-01
3.0584530451e-01
3.0541515085e-01
3.0502270632e-01
3.0461934124e-01
3.0420488991e-01
3.0377918892e-01
3.0338310229e-01
3.0297750761e-01
3.0256229255e-01
3.0213734982e-01
3.0172702756e-01
3.0130786081e-01
3.0087977804e-01
3.0044271643e-01
3.0000605987e-01
2.9956070782e-01
2.9910663497e-01
2.9864383101e-01
2.9821324701e-01
2.9777539564e-01
2.9733031213e-01
2.9687804931e-01
2.9646675481e-01
2.9604982076e-01
2.9562732993e-01
2.9519938226e-01
2.9485829911e-01
2.9451396576e-01
2.9416645739e-01
2.9381585798e-01
2.9350593909e-01
2.9319378369e-01
2.9287946673e-01
2.9256306927e-01
2.9226926415e-01
2.9197383452e-01
2.9167685866e-01
2.9137841960e-01
2.9108695462e-01
2.9079427443e-01
2.9050046801e-01
2.9020562825e-01
2.8988798168e-01
2.8956937933e-01
2.8924994968e-01
2.8892982488e-01
2.8867055128e-01
2.8841098433e-01
2.8815119752e-01
2.8789126477e-01
2.8765041354e-01
2.8740955939e-01
2.8716876065e-01
2.8692807502e-01
2.8670843315e-01
2.8648897546e-01
2.8626974344e-01
2.8605077752e-01
2.8579691788e-01
2.8554352877e-01
2.8529066646e-01
2.8503838428e-01
2.8482184402e-01
2.8460580043e-01
2.8439028174e-01
2.8417531436e-01
2.8395806316e-01
2.8374142692e-01
2.8352542738e-01
2.8331008441e-01
2.8307370689e-01
2.8283816942e-01
2.8260349142e-01
2.8236969011e-01
2.8209182251e-01
2.8181524739e-01
2.8153998364e-01
2.8126604710e-01
2.8102710665e-01
2.8078920283e-01
2.8055234183e-01
2.8031652882e-01
2.8006324943e-01
2.7981119958e-01
2.7956038271e-01
2.7931080150e-01
2.7899631546e-01
2.7868381967e-01
2.7837331596e-01
2.7806480527e-01
2.7767624434e-01
2.7729089142e-01
2.7690874480e-01
2.7652980208e-01
2.7612907019e-01
2.7573197720e-01
2.7533851876e-01
2.7494869030e-01
2.7452854917e-01
2.7411269581e-01
2.7370112399e-01
2.7329382747e-01
2.7281565866e-01
2.7234350070e-01
2.7187734326e-01
2.7141717612e-01
2.7083540398e-01
2.7026345931e-01
2.6970132137e-01
2.6914896979e-01
2.6837638367e-01
2.6762369509e-01
2.6689084825e-01
2.6617778884e-01
2.6500631785e-01
2.6389208251e-01
2.6283484216e-01
2.6183436845e-01
2.5984109461e-01
2.5811684858e-01
2.5665984508e-01
2.5546857556e-01
2.5453667246e-01
2.5387172465e-01
2.5347303472e-01
2.5334018451e-01
