6.3327548269e-03
6.4383287773e-03
6.7584678580e-03
7.3035828969e-03
8.0913659558e-03
9.1862848107e-03
1.0604301745e-02
1.2393406548e-02
1.4613430723e-02
1.6773654911e-02
1.9308870728e-02
2.2271716848e-02
2.5722357051e-02
2.8950115226e-02
3.2590068297e-02
3.6687537011e-02
4.1291804989e-02
4.5626035496e-02
5.0396156632e-02
5.5638396990e-02
6.1390568640e-02
6.7257235085e-02
7.3635330391e-02
8.0557770843e-02
8.8057361905e-02
9.8000074580e-02
1.0889897038e-01
1.2080463120e-01
1.3376083971e-01
1.4472433070e-01
1.5637294011e-01
1.6871344959e-01
1.8174673610e-01
1.9415439501e-01
2.0711748253e-01
2.2062174576e-01
2.3464778583e-01
2.4931408957e-01
2.6445667507e-01
2.8003993664e-01
2.9602361378e-01
3.1342043374e-01
3.3116221289e-01
3.4918744565e-01
3.6743207986e-01
3.8472606073e-01
4.0210116480e-01
4.1950310182e-01
4.3687876954e-01
4.5721700908e-01
4.7736879415e-01
4.9726059519e-01
5.1682521843e-01
5.3667708292e-01
5.5605447830e-01
5.7490677894e-01
5.9319148863e-01
6.1329965653e-01
6.3258580235e-01
6.5102164547e-01
6.6858916174e-01
6.8475262708e-01
7.0009367459e-01
7.1461702135e-01
7.2833230105e-01
7.4220160046e-01
7.5517270781e-01
7.6727004581e-01
7.7852041354e-01
7.9034665545e-01
8.0115294300e-01
8.1098292825e-01
8.1987971058e-01
8.2945264995e-01
8.3779167383e-01
8.4496142088e-01
8.5102028119e-01
8.5747206567e-01
8.6213241915e-01
8.6507825762e-01
8.6636074437e-01
8.6618694828e-01
8.6490457692e-01
8.6250212348e-01
8.5895613800e-01
8.5501709273e-01
8.5019844097e-01
8.4446618896e-01
8.3778079224e-01
8.3125889056e-01
8.2397308833e-01
8.1589013673e-01
8.0697487456e-01
7.9828660436e-01
7.8887964128e-01
7.7872707876e-01
7.6780224462e-01
7.5670511079e-01
7.4486908206e-01
7.3227479402e-01
7.1890513456e-01
7.0341072302e-01
6.8696224158e-01
6.6955288328e-01
6.5118382002e-01
6.3507045219e-01
6.1830337037e-01
6.0090077756e-01
5.8288756749e-01
5.6619234042e-01
5.4905784634e-01
5.3151813640e-01
5.1361270210e-01
4.9695937090e-01
4.8007620606e-01
4.6300520477e-01
4.4579176974e-01
4.2380836587e-01
4.0177916459e-01
3.7981450316e-01
3.5802764276e-01
3.4094309675e-01
3.2409836295e-01
3.0754778789e-01
2.9134321729e-01
2.7449033235e-01
2.5814063341e-01
2.4234214278e-01
2.2713634663e-01
2.1215808966e-01
1.9787235142e-01
1.8430081365e-01
1.7145748301e-01
1.5838141380e-01
1.4616641701e-01
1.3480431641e-01
1.2428009814e-01
1.1491385244e-01
1.0628376224e-01
9.8364723325e-02
9.1129732998e-02
8.3994329624e-02
7.7600426283e-02
7.1911840995e-02
6.6893691441e-02
6.1707151293e-02
5.7388017620e-02
5.3890569575e-02
5.1176159249e-02
4.9067978659e-02
4.7829510680e-02
4.7443142519e-02
4.7903326731e-02
4.8957963372e-02
5.0633529295e-02
5.2946858322e-02
5.5920714306e-02
5.9064118182e-02
6.2750012771e-02
6.7003259178e-02
7.1851269805e-02
7.6995519061e-02
8.2721525401e-02
8.9056517234e-02
9.6028173651e-02
1.0502752064e-01
1.1497834167e-01
1.2592002467e-01
1.3788685412e-01
1.4825706720e-01
1.5931596519e-01
1.7106880165e-01
1.8351556805e-01
1.9560089461e-01
2.0826172016e-01
2.2148366865e-01
2.3524728040e-01
2.4956782160e-01
2.6437826659e-01
2.7964370053e-01
2.9532460247e-01
3.1282466519e-01
3.3070432102e-01
3.4889830462e-01
3.6733845999e-01
3.8440677623e-01
4.0156895314e-01
4.1877107521e-01
4.3596031823e-01
4.5623408697e-01
4.7633743754e-01
4.9619528301e-01
5.1573887157e-01
5.3550184570e-01
5.5480490397e-01
5.7359648130e-01
5.9183313144e-01
6.1211703220e-01
6.3157454642e-01
6.5017530002e-01
6.6789968758e-01
6.8400679094e-01
6.9930293109e-01
7.1379217468e-01
7.2748350535e-01
7.4144386819e-01
7.5450230525e-01
7.6668305789e-01
7.7801282004e-01
7.8997999834e-01
8.0091207597e-01
8.1085326406e-01
8.1984715153e-01
8.2947558499e-01
8.3786212418e-01
8.4507045147e-01
8.5115766339e-01
8.5736312224e-01
8.6191572719e-01
8.6487799934e-01
8.6629006396e-01
8.6629029658e-01
8.6520199714e-01
8.6301119091e-01
8.5969234942e-01
8.5594976473e-01
8.5133341167e-01
8.4580830104e-01
8.3933393929e-01
8.3301909196e-01
8.2594743410e-01
8.1808545796e-01
8.0939771774e-01
8.0090596099e-01
7.9169821469e-01
7.8174708009e-01
7.7102528780e-01
7.6015592963e-01
7.4855229576e-01
7.3619429878e-01
7.2306390119e-01
7.0635716974e-01
6.8850830965e-01
6.6950668946e-01
6.4935277464e-01
6.3366387705e-01
6.1735908800e-01
6.0045488869e-01
5.8297360964e-01
5.6599453453e-01
5.4855767168e-01
5.3069808903e-01
5.1245657753e-01
4.9597918609e-01
4.7927376386e-01
4.6238008418e-01
4.4534111440e-01
4.1886859897e-01
3.9234004116e-01
3.6594478371e-01
3.3987633915e-01
3.2357362365e-01
3.0752811786e-01
2.9178535843e-01
2.7638818148e-01
2.5977535788e-01
2.4368395178e-01
2.2815594908e-01
2.1322651006e-01
1.9819345279e-01
1.8387829652e-01
1.7029656865e-01
1.5745563686e-01
1.4482360072e-01
1.3299249545e-01
1.2194699931e-01
1.1166577260e-01
1.0230557981e-01
9.3625856850e-02
8.5595651304e-02
7.8182177253e-02
7.0474373002e-02
6.3466655473e-02
5.7109071348e-02
5.1352642871e-02
4.4681519569e-02
3.8849866132e-02
3.3765530798e-02
2.9343921212e-02
2.4437619074e-02
2.0381481808e-02
1.7045381074e-02
1.4318979712e-02
1.2214935345e-02
1.0509996087e-02
9.1505631840e-03
8.0934109954e-03
7.3046911935e-03
6.7589468592e-03
6.4384457721e-03
6.3327536948e-03
