5.8704227296e-01
5.8703437983e-01
5.8701070355e-01
5.8697125346e-01
5.8691604512e-01
5.8684707989e-01
5.8676318673e-01
5.8666439724e-01
5.8655074870e-01
5.8642251692e-01
5.8627956831e-01
5.8612195708e-01
5.8594974319e-01
5.8575855263e-01
5.8555222948e-01
5.8533085689e-01
5.8509452446e-01
5.8482263853e-01
5.8453355097e-01
5.8422740052e-01
5.8390433507e-01
5.8356793180e-01
5.8321525983e-01
5.8284648971e-01
5.8246180114e-01
5.8209385348e-01
5.8171273671e-01
5.8131861180e-01
5.8091164654e-01
5.8051261035e-01
5.8010226084e-01
5.7968076004e-01
5.7924827573e-01
5.7881305751e-01
5.7836758498e-01
5.7791203348e-01
5.7744658383e-01
5.7692373219e-01
5.7638940034e-01
5.7584385169e-01
5.7528735784e-01
5.7479600963e-01
5.7429682450e-01
5.7378999473e-01
5.7327571723e-01
5.7278250988e-01
5.7228299160e-01
5.7177734066e-01
5.7126573903e-01
5.7076507888e-01
5.7025918976e-01
5.6974824653e-01
5.6923242726e-01
5.6872429436e-01
5.6821185803e-01
5.6769529270e-01
5.6717477563e-01
5.6665956999e-01
5.6614089530e-01
5.6561892759e-01
5.6509384543e-01
5.6457223793e-01
5.6404794448e-01
5.6352114424e-01
5.6299201861e-01
5.6246454033e-01
5.6193513247e-01
5.6140397885e-01
5.6087126531e-01
5.6033807512e-01
5.5980370609e-01
5.5926834872e-01
5.5873219527e-01
5.5819236712e-01
5.5765212888e-01
5.5711168110e-01
5.5657122582e-01
5.5601919812e-01
5.5546759361e-01
5.5491663222e-01
5.5436653519e-01
5.5381976441e-01
5.5327429237e-01
5.5273034088e-01
5.5218813260e-01
5.5165354464e-01
5.5112109944e-01
5.5059101466e-01
5.5006350839e-01
5.4953646671e-01
5.4901246847e-01
5.4849173527e-01
5.4797448869e-01
5.4745137176e-01
5.4693233686e-01
5.4641761733e-01
5.4590744597e-01
5.4537934998e-01
5.4485673962e-01
5.4433987759e-01
5.4382902523e-01
5.4322709348e-01
5.4263454506e-01
5.4205181516e-01
5.4147933450e-01
5.4100707900e-01
5.4054259194e-01
5.4008611921e-01
5.3963790363e-01
5.3922516699e-01
5.3882010218e-01
5.3842290135e-01
5.3803375370e-01
5.3766632233e-01
5.3730671555e-01
5.3695509444e-01
5.3661161710e-01
5.3628418753e-01
5.3596481413e-01
5.3565363523e-01
5.3535078602e-01
5.3506084954e-01
5.3477924000e-01
5.3450607706e-01
5.3424147709e-01
5.3398783577e-01
5.3374282040e-01
5.3350653428e-01
5.3327907724e-01
5.3306127238e-01
5.3285242421e-01
5.3265262093e-01
5.3246194706e-01
5.3228004478e-01
5.3210747615e-01
5.3194431494e-01
5.3179063101e-01
5.3164516619e-01
5.3150949049e-01
5.3138366335e-01
5.3126773998e-01
5.3115968823e-01
5.3106205604e-01
5.3097488815e-01
5.3089822457e-01
5.3082935949e-01
5.3077204338e-01
5.3072630501e-01
5.3069216738e-01
5.3066929528e-01
5.3065855203e-01
5.3065994326e-01
5.3067346824e-01
5.3069734257e-01
5.3073199720e-01
5.3077741595e-01
5.3083357765e-01
5.3089877888e-01
5.3097417513e-01
5.3105973290e-01
5.3115541423e-01
5.3125989791e-01
5.3137418598e-01
5.3149822901e-01
5.3163197342e-01
5.3177474734e-01
5.3192702413e-01
5.3208873882e-01
5.3225982248e-01
5.3244054391e-01
5.3263051884e-01
5.3282966642e-01
5.3303790204e-01
5.3325682773e-01
5.3348479686e-01
5.3372171171e-01
5.3396747093e-01
5.3422558499e-01
5.3449257136e-01
5.3476831350e-01
5.3505269133e-01
5.3535217588e-01
5.3566041907e-01
5.3597728187e-01
5.3630262179e-01
5.3664816649e-01
5.3700247276e-01
5.3736537156e-01
5.3773669040e-01
5.3814209222e-01
5.3855666741e-01
5.3898019412e-01
5.3941244665e-01
5.3994005227e-01
5.4047939051e-01
5.4103005710e-01
5.4159164164e-01
5.4207588361e-01
5.4256741416e-01
5.4306597442e-01
5.4357130321e-01
5.4405933139e-01
5.4455304704e-01
5.4505221867e-01
5.4555661347e-01
5.4605542160e-01
5.4655879426e-01
5.4706651003e-01
5.4757834686e-01
5.4809065312e-01
5.4860658786e-01
5.4912593231e-01
5.4964846756e-01
5.5017792176e-01
5.5071016876e-01
5.5124498505e-01
5.5178214746e-01
5.5233234518e-01
5.5288451706e-01
5.5343842798e-01
5.5399384368e-01
5.5453289429e-01
5.5507292630e-01
5.5561372992e-01
5.5615509647e-01
5.5669268169e-01
5.5723041554e-01
5.5776809790e-01
5.5830553010e-01
5.5884273684e-01
5.5937930002e-01
5.5991502543e-01
5.6044972055e-01
5.6098650164e-01
5.6152185408e-01
5.6205558736e-01
5.6258751297e-01
5.6312351272e-01
5.6365728156e-01
5.6418863096e-01
5.6471737470e-01
5.6525222499e-01
5.6578399946e-01
5.6631250981e-01
5.6683757043e-01
5.6737122597e-01
5.6790088257e-01
5.6842634999e-01
5.6894744107e-01
5.6948087758e-01
5.7000924940e-01
5.7053236067e-01
5.7105001916e-01
5.7158957115e-01
5.7212263826e-01
5.7264900841e-01
5.7316847402e-01
5.7372000964e-01
5.7426305242e-01
5.7479736065e-01
5.7532269873e-01
5.7582900792e-01
5.7632625675e-01
5.7681424003e-01
5.7729275816e-01
5.7776953064e-01
5.7823611345e-01
5.7869231433e-01
5.7913794693e-01
5.7959571520e-01
5.8004135395e-01
5.8047466637e-01
5.8089546274e-01
5.8133814883e-01
5.8176562708e-01
5.8217768225e-01
5.8257410863e-01
5.8295441739e-01
5.8331873937e-01
5.8366689730e-01
5.8399872297e-01
5.8429340362e-01
5.8457361090e-01
5.8483922937e-01
5.8509015020e-01
5.8532162439e-01
5.8553880364e-01
5.8574160388e-01
5.8592994699e-01
5.8610411507e-01
5.8626362504e-01
5.8640841594e-01
5.8653843260e-01
5.8665632936e-01
5.8675860114e-01
5.8684520735e-01
5.8691611367e-01
5.8697129203e-01
5.8701072070e-01
5.8703438412e-01
5.8704227296e-01
