3.1349918428e-01
3.1349920712e-01
3.1349927563e-01
3.1349938978e-01
3.1349954954e-01
3.1349974781e-01
3.1349998877e-01
3.1350027235e-01
3.1350059845e-01
3.1350096122e-01
3.1350136503e-01
3.1350180975e-01
3.1350229522e-01
3.1350281816e-01
3.1350338106e-01
3.1350398372e-01
3.1350462595e-01
3.1350530834e-01
3.1350602995e-01
3.1350679053e-01
3.1350758983e-01
3.1350843420e-01
3.1350931733e-01
3.1351023892e-01
3.1351119865e-01
3.1351221143e-01
3.1351326282e-01
3.1351435245e-01
3.1351547993e-01
3.1351667406e-01
3.1351790707e-01
3.1351917853e-01
3.1352048797e-01
3.1352189119e-01
3.1352333451e-01
3.1352481735e-01
3.1352633912e-01
3.1352802979e-01
3.1352976461e-01
3.1353154277e-01
3.1353336343e-01
3.1353537198e-01
3.1353742783e-01
3.1353952989e-01
3.1354167703e-01
3.1354364178e-01
3.1354564108e-01
3.1354767406e-01
3.1354973987e-01
3.1355175691e-01
3.1355380269e-01
3.1355587639e-01
3.1355797719e-01
3.1356006768e-01
3.1356218275e-01
3.1356432160e-01
3.1356648340e-01
3.1356865895e-01
3.1357085564e-01
3.1357307265e-01
3.1357530914e-01
3.1357759029e-01
3.1357988963e-01
3.1358220627e-01
3.1358453933e-01
3.1358689974e-01
3.1358927492e-01
3.1359166394e-01
3.1359406589e-01
3.1359643437e-01
3.1359881352e-01
3.1360120246e-01
3.1360360031e-01
3.1360599875e-01
3.1360840429e-01
3.1361081604e-01
3.1361323313e-01
3.1361566641e-01
3.1361810329e-01
3.1362054288e-01
3.1362298426e-01
3.1362545464e-01
3.1362792501e-01
3.1363039447e-01
3.1363286208e-01
3.1363537262e-01
3.1363787932e-01
3.1364038121e-01
3.1364287733e-01
3.1364543659e-01
3.1364798770e-01
3.1365052960e-01
3.1365306128e-01
3.1365569274e-01
3.1365831076e-01
3.1366091421e-01
3.1366350192e-01
3.1366638435e-01
3.1366924397e-01
3.1367207921e-01
3.1367488851e-01
3.1367748417e-01
3.1368005469e-01
3.1368259882e-01
3.1368511538e-01
3.1368761686e-01
3.1369008805e-01
3.1369252776e-01
3.1369493482e-01
3.1369736935e-01
3.1369976709e-01
3.1370212682e-01
3.1370444737e-01
3.1370685160e-01
3.1370920960e-01
3.1371152007e-01
3.1371378172e-01
3.1371632268e-01
3.1371879546e-01
3.1372119826e-01
3.1372352933e-01
3.1372564759e-01
3.1372769999e-01
3.1372968521e-01
3.1373160199e-01
3.1373334161e-01
3.1373501860e-01
3.1373663202e-01
3.1373818096e-01
3.1373962696e-01
3.1374101018e-01
3.1374232988e-01
3.1374358538e-01
3.1374476725e-01
3.1374588461e-01
3.1374693686e-01
3.1374792346e-01
3.1374884911e-01
3.1374970732e-01
3.1375049765e-01
3.1375121968e-01
3.1375188701e-01
3.1375248216e-01
3.1375300478e-01
3.1375345460e-01
3.1375385494e-01
3.1375417141e-01
3.1375440383e-01
3.1375455205e-01
3.1375461515e-01
3.1375459975e-01
3.1375450586e-01
3.1375433353e-01
3.1375409419e-01
3.1375378268e-01
3.1375339917e-01
3.1375294385e-01
3.1375242635e-01
3.1375183993e-01
3.1375118490e-01
3.1375046161e-01
3.1374967255e-01
3.1374881637e-01
3.1374789350e-01
3.1374690443e-01
3.1374583741e-01
3.1374470379e-01
3.1374350417e-01
3.1374223919e-01
3.1374086335e-01
3.1373941916e-01
3.1373790744e-01
3.1373632907e-01
3.1373449730e-01
3.1373258557e-01
3.1373059524e-01
3.1372852773e-01
3.1372653355e-01
3.1372447489e-01
3.1372235304e-01
3.1372016932e-01
3.1371810159e-01
3.1371598349e-01
3.1371381611e-01
3.1371160062e-01
3.1370942862e-01
3.1370721438e-01
3.1370495900e-01
3.1370266359e-01
3.1370037883e-01
3.1369805788e-01
3.1369570182e-01
3.1369331178e-01
3.1369089182e-01
3.1368844024e-01
3.1368595820e-01
3.1368344688e-01
3.1368081014e-01
3.1367814449e-01
3.1367545131e-01
3.1367273197e-01
3.1367022702e-01
3.1366770251e-01
3.1366515953e-01
3.1366259919e-01
3.1366012192e-01
3.1365763062e-01
3.1365512627e-01
3.1365260989e-01
3.1365014714e-01
3.1364767487e-01
3.1364519403e-01
3.1364270556e-01
3.1364025458e-01
3.1363779808e-01
3.1363533698e-01
3.1363287219e-01
3.1363043232e-01
3.1362799063e-01
3.1362554802e-01
3.1362310538e-01
3.1362067549e-01
3.1361824733e-01
3.1361582180e-01
3.1361339978e-01
3.1361097481e-01
3.1360855515e-01
3.1360614170e-01
3.1360373533e-01
3.1360129032e-01
3.1359885454e-01
3.1359642892e-01
3.1359401440e-01
3.1359162549e-01
3.1358924939e-01
3.1358688700e-01
3.1358453923e-01
3.1358223212e-01
3.1357994105e-01
3.1357766689e-01
3.1357541049e-01
3.1357316444e-01
3.1357093800e-01
3.1356873199e-01
3.1356654727e-01
3.1356434625e-01
3.1356216902e-01
3.1356001642e-01
3.1355788932e-01
3.1355569854e-01
3.1355353737e-01
3.1355140672e-01
3.1354930752e-01
3.1354692384e-01
3.1354458468e-01
3.1354229140e-01
3.1354004532e-01
3.1353810913e-01
3.1353621136e-01
3.1353435286e-01
3.1353253446e-01
3.1353087384e-01
3.1352924953e-01
3.1352766219e-01
3.1352611242e-01
3.1352465589e-01
3.1352323532e-01
3.1352185123e-01
3.1352050412e-01
3.1351922478e-01
3.1351798162e-01
3.1351677508e-01
3.1351560558e-01
3.1351448997e-01
3.1351341108e-01
3.1351236929e-01
3.1351136495e-01
3.1351040585e-01
3.1350948427e-01
3.1350860052e-01
3.1350775490e-01
3.1350694889e-01
3.1350618144e-01
3.1350545280e-01
3.1350476323e-01
3.1350410951e-01
3.1350349574e-01
3.1350292211e-01
3.1350238884e-01
3.1350188910e-01
3.1350143128e-01
3.1350101552e-01
3.1350064197e-01
3.1350030084e-01
3.1350000494e-01
3.1349975438e-01
3.1349954925e-01
3.1349938962e-01
3.1349927555e-01
3.1349920710e-01
3.1349918428e-01
