2.8819754885e-01
2.8819939301e-01
2.8820492525e-01
2.8821414486e-01
2.8822705056e-01
2.8823812732e-01
2.8825096413e-01
2.8826555979e-01
2.8828191276e-01
2.8829720315e-01
2.8831376191e-01
2.8833158718e-01
2.8835067675e-01
2.8836950382e-01
2.8838941288e-01
2.8841040085e-01
2.8843246407e-01
2.8845802738e-01
2.8848488522e-01
2.8851302932e-01
2.8854244980e-01
2.8856929164e-01
2.8859709692e-01
2.8862585505e-01
2.8865555383e-01
2.8868451607e-01
2.8871429510e-01
2.8874487585e-01
2.8877624148e-01
2.8880643219e-01
2.8883728292e-01
2.8886877469e-01
2.8890088677e-01
2.8893906098e-01
2.8897800799e-01
2.8901768539e-01
2.8905804725e-01
2.8909455744e-01
2.8913153481e-01
2.8916893998e-01
2.8920673155e-01
2.8924667291e-01
2.8928693872e-01
2.8932747531e-01
2.8936822725e-01
2.8941284235e-01
2.8945757031e-01
2.8950233423e-01
2.8954705616e-01
2.8961257143e-01
2.8967757494e-01
2.8974181684e-01
2.8980505036e-01
2.8985331205e-01
2.8990070885e-01
2.8994713312e-01
2.8999248042e-01
2.9003930189e-01
2.9008468177e-01
2.9012850937e-01
2.9017067926e-01
2.9021634712e-01
2.9025962007e-01
2.9030037049e-01
2.9033848011e-01
2.9038079438e-01
2.9041893203e-01
2.9045273887e-01
2.9048207966e-01
2.9051042754e-01
2.9053242784e-01
2.9054796089e-01
2.9055693901e-01
2.9055933364e-01
2.9055552048e-01
2.9054550354e-01
2.9052931403e-01
2.9051028829e-01
2.9048670499e-01
2.9045863538e-01
2.9042616702e-01
2.9039538552e-01
2.9036161068e-01
2.9032492341e-01
2.9028541356e-01
2.9024771601e-01
2.9020791115e-01
2.9016608208e-01
2.9012231787e-01
2.9007967440e-01
2.9003550046e-01
2.8998988309e-01
2.8994291364e-01
2.8989310707e-01
2.8984207106e-01
2.8978991954e-01
2.8973677045e-01
2.8968810369e-01
2.8963881622e-01
2.8958900100e-01
2.8953875238e-01
2.8949102003e-01
2.8944306730e-01
2.8939497495e-01
2.8934682349e-01
2.8930529239e-01
2.8926382755e-01
2.8922247895e-01
2.8918129568e-01
2.8914056090e-01
2.8910008285e-01
2.8905990600e-01
2.8902007323e-01
2.8897752895e-01
2.8893548253e-01
2.8889398073e-01
2.8885306756e-01
2.8881739421e-01
2.8878224058e-01
2.8874763158e-01
2.8871359040e-01
2.8867737069e-01
2.8864186785e-01
2.8860710470e-01
2.8857310189e-01
2.8853653079e-01
2.8850092805e-01
2.8846631330e-01
2.8843270379e-01
2.8839955089e-01
2.8836746818e-01
2.8833646754e-01
2.8830655917e-01
2.8827798119e-01
2.8825049361e-01
2.8822410262e-01
2.8819881342e-01
2.8817151153e-01
2.8814563346e-01
2.8812118358e-01
2.8809816546e-01
2.8806688311e-01
2.8803871863e-01
2.8801367730e-01
2.8799176293e-01
2.8797132782e-01
2.8795465949e-01
2.8794175968e-01
2.8793262954e-01
2.8792731281e-01
2.8792567462e-01
2.8792771508e-01
2.8793343405e-01
2.8794173174e-01
2.8795301173e-01
2.8796727324e-01
2.8798451512e-01
2.8799963033e-01
2.8801646925e-01
2.8803503068e-01
2.8805531307e-01
2.8807397066e-01
2.8809387727e-01
2.8811503103e-01
2.8813742972e-01
2.8815953454e-01
2.8818272633e-01
2.8820700190e-01
2.8823235745e-01
2.8826191629e-01
2.8829280647e-01
2.8832501904e-01
2.8835854332e-01
2.8838845673e-01
2.8841932421e-01
2.8845113486e-01
2.8848387617e-01
2.8851589811e-01
2.8854873671e-01
2.8858237628e-01
2.8861679929e-01
2.8864980783e-01
2.8868347167e-01
2.8871777121e-01
2.8875268507e-01
2.8879715907e-01
2.8884250711e-01
2.8888867496e-01
2.8893560368e-01
2.8897375860e-01
2.8901232748e-01
2.8905127363e-01
2.8909055867e-01
2.8913375517e-01
2.8917725347e-01
2.8922099780e-01
2.8926493074e-01
2.8931349746e-01
2.8936214130e-01
2.8941078054e-01
2.8945933251e-01
2.8952464610e-01
2.8958944314e-01
2.8965351962e-01
2.8971667427e-01
2.8976813354e-01
2.8981871608e-01
2.8986831560e-01
2.8991682901e-01
2.8996732069e-01
2.9001634417e-01
2.9006378832e-01
2.9010954740e-01
2.9015931459e-01
2.9020664463e-01
2.9025140942e-01
2.9029349041e-01
2.9034032561e-01
2.9038296269e-01
2.9042125010e-01
2.9045505525e-01
2.9048947222e-01
2.9051714166e-01
2.9053793893e-01
2.9055177529e-01
2.9055832888e-01
2.9055886711e-01
2.9055339973e-01
2.9054196203e-01
2.9052671610e-01
2.9050679994e-01
2.9048229181e-01
2.9045328718e-01
2.9042604578e-01
2.9039589178e-01
2.9036290633e-01
2.9032717915e-01
2.9029291596e-01
2.9025660696e-01
2.9021833461e-01
2.9017818709e-01
2.9013872997e-01
2.9009777461e-01
2.9005540842e-01
2.9001172303e-01
2.8996137860e-01
2.8990964152e-01
2.8985665758e-01
2.8980257773e-01
2.8975818182e-01
2.8971325578e-01
2.8966788493e-01
2.8962215559e-01
2.8957666695e-01
2.8953099736e-01
2.8948523119e-01
2.8943945234e-01
2.8940123236e-01
2.8936310938e-01
2.8932513041e-01
2.8928734146e-01
2.8924861664e-01
2.8921018944e-01
2.8917210601e-01
2.8913441068e-01
2.8909657003e-01
2.8905921566e-01
2.8902238753e-01
2.8898612326e-01
2.8895306891e-01
2.8892055459e-01
2.8888860463e-01
2.8885724158e-01
2.8882403421e-01
2.8879156051e-01
2.8875984231e-01
2.8872889937e-01
2.8869470923e-01
2.8866156558e-01
2.8862948869e-01
2.8859849620e-01
2.8856934404e-01
2.8854124902e-01
2.8851422171e-01
2.8848827116e-01
2.8846301352e-01
2.8843888251e-01
2.8841588400e-01
2.8839402291e-01
2.8837001095e-01
2.8834755160e-01
2.8832664928e-01
2.8830730757e-01
2.8828160088e-01
2.8825931182e-01
2.8824044550e-01
2.8822500556e-01
2.8821299437e-01
2.8820441387e-01
2.8819926516e-01
2.8819754886e-01
