2.8768251761e-01
2.8768311179e-01
2.8768489430e-01
2.8768786517e-01
2.8769202437e-01
2.8769713307e-01
2.8770333612e-01
2.8771063351e-01
2.8771902523e-01
2.8772864578e-01
2.8773939015e-01
2.8775125830e-01
2.8776425020e-01
2.8777882415e-01
2.8779459291e-01
2.8781155635e-01
2.8782971434e-01
2.8784541242e-01
2.8786190527e-01
2.8787919275e-01
2.8789727466e-01
2.8791465571e-01
2.8793271214e-01
2.8795144371e-01
2.8797085014e-01
2.8798796590e-01
2.8800557384e-01
2.8802367368e-01
2.8804226512e-01
2.8805960707e-01
2.8807735535e-01
2.8809550962e-01
2.8811406949e-01
2.8813186016e-01
2.8815000745e-01
2.8816851090e-01
2.8818737003e-01
2.8820588143e-01
2.8822472213e-01
2.8824389155e-01
2.8826338902e-01
2.8828318891e-01
2.8830331454e-01
2.8832376505e-01
2.8834453948e-01
2.8836780580e-01
2.8839146269e-01
2.8841550847e-01
2.8843994130e-01
2.8846322365e-01
2.8848684334e-01
2.8851079839e-01
2.8853508662e-01
2.8855808789e-01
2.8858137610e-01
2.8860494902e-01
2.8862880423e-01
2.8865155470e-01
2.8867455154e-01
2.8869779225e-01
2.8872127420e-01
2.8874397051e-01
2.8876688256e-01
2.8879000759e-01
2.8881334265e-01
2.8883600750e-01
2.8885886131e-01
2.8888190102e-01
2.8890512344e-01
2.8892927918e-01
2.8895362208e-01
2.8897814810e-01
2.8900285300e-01
2.8903168083e-01
2.8906073547e-01
2.8909000942e-01
2.8911949485e-01
2.8914668102e-01
2.8917403127e-01
2.8920153884e-01
2.8922919676e-01
2.8925528578e-01
2.8928149481e-01
2.8930781755e-01
2.8933424758e-01
2.8936093083e-01
2.8938770907e-01
2.8941457531e-01
2.8944152241e-01
2.8947029492e-01
2.8949914192e-01
2.8952805435e-01
2.8955702299e-01
2.8959234429e-01
2.8962771794e-01
2.8966312667e-01
2.8969855300e-01
2.8973114091e-01
2.8976371496e-01
2.8979626124e-01
2.8982876581e-01
2.8986444761e-01
2.8990004344e-01
2.8993553469e-01
2.8997090281e-01
2.9001198587e-01
2.9005284695e-01
2.9009345709e-01
2.9013378761e-01
2.9016902011e-01
2.9020399507e-01
2.9023869368e-01
2.9027309736e-01
2.9030710881e-01
2.9034079063e-01
2.9037412529e-01
2.9040709557e-01
2.9044072391e-01
2.9047392794e-01
2.9050668987e-01
2.9053899235e-01
2.9057267782e-01
2.9060580953e-01
2.9063836845e-01
2.9067033606e-01
2.9070354278e-01
2.9073604484e-01
2.9076782227e-01
2.9079885578e-01
2.9083160568e-01
2.9086343850e-01
2.9089433248e-01
2.9092426681e-01
2.9095680985e-01
2.9098808310e-01
2.9101806094e-01
2.9104671918e-01
2.9107713237e-01
2.9110584211e-01
2.9113282073e-01
2.9115804264e-01
2.9118594543e-01
2.9121124979e-01
2.9123392256e-01
2.9125393443e-01
2.9127982196e-01
2.9129906876e-01
2.9131161620e-01
2.9131742643e-01
2.9131735250e-01
2.9131348239e-01
2.9130582261e-01
2.9129438613e-01
2.9128261187e-01
2.9126847544e-01
2.9125199225e-01
2.9123318041e-01
2.9121472886e-01
2.9119450845e-01
2.9117253689e-01
2.9114883366e-01
2.9112565152e-01
2.9110105563e-01
2.9107506488e-01
2.9104769954e-01
2.9102209813e-01
2.9099543249e-01
2.9096771988e-01
2.9093897848e-01
2.9091148633e-01
2.9088314567e-01
2.9085397306e-01
2.9082398577e-01
2.9079440360e-01
2.9076410158e-01
2.9073309694e-01
2.9070140751e-01
2.9067137638e-01
2.9064078569e-01
2.9060965118e-01
2.9057798908e-01
2.9054704724e-01
2.9051564779e-01
2.9048380637e-01
2.9045153901e-01
2.9041922815e-01
2.9038653303e-01
2.9035347018e-01
2.9032005649e-01
2.9028448289e-01
2.9024855930e-01
2.9021230660e-01
2.9017574602e-01
2.9013893324e-01
2.9010185647e-01
2.9006453777e-01
2.9002699945e-01
2.8999416955e-01
2.8996120532e-01
2.8992812183e-01
2.8989493417e-01
2.8986298234e-01
2.8983096189e-01
2.8979888627e-01
2.8976676893e-01
2.8973454400e-01
2.8970230409e-01
2.8967006259e-01
2.8963783281e-01
2.8960953819e-01
2.8958127170e-01
2.8955304211e-01
2.8952485814e-01
2.8949785533e-01
2.8947090998e-01
2.8944402946e-01
2.8941722106e-01
2.8939022863e-01
2.8936332430e-01
2.8933651518e-01
2.8930980822e-01
2.8928044872e-01
2.8925123100e-01
2.8922216372e-01
2.8919325534e-01
2.8916516890e-01
2.8913724936e-01
2.8910950386e-01
2.8908193928e-01
2.8905704088e-01
2.8903230230e-01
2.8900772817e-01
2.8898332295e-01
2.8895943891e-01
2.8893572702e-01
2.8891219103e-01
2.8888883455e-01
2.8886435659e-01
2.8884008672e-01
2.8881602862e-01
2.8879218579e-01
2.8876799598e-01
2.8874403875e-01
2.8872031728e-01
2.8869683455e-01
2.8867195279e-01
2.8864735134e-01
2.8862303322e-01
2.8859900127e-01
2.8857079511e-01
2.8854300154e-01
2.8851562428e-01
2.8848866677e-01
2.8846509805e-01
2.8844186432e-01
2.8841896742e-01
2.8839640901e-01
2.8837497151e-01
2.8835385166e-01
2.8833305060e-01
2.8831256939e-01
2.8829203250e-01
2.8827182955e-01
2.8825196141e-01
2.8823242884e-01
2.8821222796e-01
2.8819240057e-01
2.8817294734e-01
2.8815386886e-01
2.8813351614e-01
2.8811360926e-01
2.8809414881e-01
2.8807513526e-01
2.8805386427e-01
2.8803318316e-01
2.8801309244e-01
2.8799359256e-01
2.8797208229e-01
2.8795134097e-01
2.8793136903e-01
2.8791216679e-01
2.8788975439e-01
2.8786849150e-01
2.8784837846e-01
2.8782941557e-01
2.8781179409e-01
2.8779529778e-01
2.8777992679e-01
2.8776568120e-01
2.8775274373e-01
2.8774089933e-01
2.8773014803e-01
2.8772048987e-01
2.8771159017e-01
2.8770387708e-01
2.8769735061e-01
2.8769201075e-01
2.8768785751e-01
2.8768489090e-01
2.8768311093e-01
2.8768251761e-01
