2.8676347487e-01
2.8676587467e-01
2.8677307410e-01
2.8678507325e-01
2.8680187228e-01
2.8682162150e-01
2.8684545416e-01
2.8687337044e-01
2.8690537051e-01
2.8694173737e-01
2.8698224899e-01
2.8702690526e-01
2.8707570580e-01
2.8711821368e-01
2.8716343226e-01
2.8721136053e-01
2.8726199698e-01
2.8730231733e-01
2.8734420150e-01
2.8738764786e-01
2.8743265438e-01
2.8747404378e-01
2.8751666607e-01
2.8756051850e-01
2.8760559772e-01
2.8765212633e-01
2.8769988459e-01
2.8774886657e-01
2.8779906516e-01
2.8784967844e-01
2.8790145374e-01
2.8795437978e-01
2.8800844336e-01
2.8805854471e-01
2.8810955943e-01
2.8816147239e-01
2.8821426645e-01
2.8826371723e-01
2.8831388401e-01
2.8836474802e-01
2.8841628863e-01
2.8847630329e-01
2.8853714329e-01
2.8859876727e-01
2.8866113016e-01
2.8871792233e-01
2.8877523667e-01
2.8883303249e-01
2.8889126681e-01
2.8895161524e-01
2.8901232875e-01
2.8907335366e-01
2.8913463435e-01
2.8920446263e-01
2.8927446055e-01
2.8934453990e-01
2.8941461098e-01
2.8949956308e-01
2.8958420548e-01
2.8966837464e-01
2.8975190805e-01
2.8982959199e-01
2.8990644412e-01
2.8998233708e-01
2.9005714696e-01
2.9013406014e-01
2.9020952647e-01
2.9028341922e-01
2.9035561740e-01
2.9043489647e-01
2.9051171613e-01
2.9058593037e-01
2.9065740326e-01
2.9074203980e-01
2.9082204872e-01
2.9089723398e-01
2.9096742198e-01
2.9104699457e-01
2.9111847120e-01
2.9118165744e-01
2.9123640457e-01
2.9128341721e-01
2.9132148816e-01
2.9135059854e-01
2.9137077492e-01
2.9138069871e-01
2.9138473115e-01
2.9138295598e-01
2.9137547847e-01
2.9136482772e-01
2.9135029706e-01
2.9133198730e-01
2.9131001135e-01
2.9128749575e-01
2.9126227751e-01
2.9123446102e-01
2.9120415881e-01
2.9117458670e-01
2.9114316010e-01
2.9110998077e-01
2.9107515589e-01
2.9103794272e-01
2.9099925116e-01
2.9095921267e-01
2.9091796372e-01
2.9087948618e-01
2.9084023203e-01
2.9080031302e-01
2.9075984284e-01
2.9071842975e-01
2.9067669042e-01
2.9063474570e-01
2.9059271608e-01
2.9055924882e-01
2.9052586328e-01
2.9049261816e-01
2.9045957102e-01
2.9042614468e-01
2.9039304013e-01
2.9036031305e-01
2.9032801697e-01
2.9029590524e-01
2.9026433468e-01
2.9023335245e-01
2.9020300279e-01
2.9017515133e-01
2.9014792430e-01
2.9012135108e-01
2.9009545879e-01
2.9006827632e-01
2.9004194644e-01
2.9001649491e-01
2.8999194488e-01
2.8995856343e-01
2.8992710515e-01
2.8989761323e-01
2.8987012349e-01
2.8985033192e-01
2.8983175705e-01
2.8981440836e-01
2.8979829392e-01
2.8978244879e-01
2.8976802709e-01
2.8975503451e-01
2.8974347572e-01
2.8973179002e-01
2.8972207226e-01
2.8971432613e-01
2.8970855436e-01
2.8970465887e-01
2.8970288616e-01
2.8970323682e-01
2.8970571074e-01
2.8970952929e-01
2.8971491215e-01
2.8972185789e-01
2.8973036457e-01
2.8973940190e-01
2.8974971204e-01
2.8976129209e-01
2.8977413853e-01
2.8978848643e-01
2.8980413238e-01
2.8982106993e-01
2.8983929134e-01
2.8985810415e-01
2.8987809678e-01
2.8989925782e-01
2.8992157392e-01
2.8994300667e-01
2.8996538119e-01
2.8998868196e-01
2.9001289143e-01
2.9003608198e-01
2.9006001601e-01
2.9008467418e-01
2.9011003523e-01
2.9014022839e-01
2.9017129172e-01
2.9020318164e-01
2.9023585061e-01
2.9026564304e-01
2.9029597640e-01
2.9032680887e-01
2.9035809626e-01
2.9039100739e-01
2.9042430428e-01
2.9045793028e-01
2.9049182666e-01
2.9053036480e-01
2.9056908092e-01
2.9060788330e-01
2.9064667863e-01
2.9069491421e-01
2.9074280744e-01
2.9079017396e-01
2.9083683066e-01
2.9087854296e-01
2.9091938309e-01
2.9095922032e-01
2.9099792746e-01
2.9103739807e-01
2.9107533476e-01
2.9111160401e-01
2.9114607839e-01
2.9118285045e-01
2.9121699181e-01
2.9124834670e-01
2.9127677018e-01
2.9130733514e-01
2.9133309807e-01
2.9135385930e-01
2.9136944202e-01
2.9138134583e-01
2.9138479655e-01
2.9137959500e-01
2.9136559005e-01
2.9134318434e-01
2.9131214294e-01
2.9127245261e-01
2.9122414246e-01
2.9117826007e-01
2.9112671721e-01
2.9106959481e-01
2.9100699430e-01
2.9095047569e-01
2.9089028833e-01
2.9082652671e-01
2.9075929653e-01
2.9069651024e-01
2.9063114955e-01
2.9056331308e-01
2.9049310712e-01
2.9042704449e-01
2.9035919451e-01
2.9028965488e-01
2.9021852857e-01
2.9014380865e-01
2.9006764695e-01
2.8999017204e-01
2.8991151744e-01
2.8983948022e-01
2.8976669598e-01
2.8969327202e-01
2.8961931757e-01
2.8954639086e-01
2.8947316567e-01
2.8939974749e-01
2.8932624159e-01
2.8926591844e-01
2.8920566371e-01
2.8914553363e-01
2.8908558334e-01
2.8902508940e-01
2.8896488962e-01
2.8890503657e-01
2.8884558079e-01
2.8878479697e-01
2.8872453639e-01
2.8866484655e-01
2.8860577206e-01
2.8855177918e-01
2.8849837762e-01
2.8844559578e-01
2.8839345984e-01
2.8833748857e-01
2.8828233889e-01
2.8822803628e-01
2.8817460362e-01
2.8810858722e-01
2.8804401800e-01
2.8798092635e-01
2.8791933799e-01
2.8786756403e-01
2.8781693073e-01
2.8776744798e-01
2.8771912419e-01
2.8766868235e-01
2.8761958421e-01
2.8757183580e-01
2.8752544207e-01
2.8746935946e-01
2.8741540625e-01
2.8736358732e-01
2.8731390639e-01
2.8725254881e-01
2.8719481036e-01
2.8714069407e-01
2.8709020196e-01
2.8704058425e-01
2.8699505027e-01
2.8695360049e-01
2.8691623508e-01
2.8688043043e-01
2.8684940037e-01
2.8682314471e-01
2.8680166321e-01
2.8678495564e-01
2.8677302180e-01
2.8676586156e-01
2.8676347483e-01
