0.0000000000e+00
1.5740528127e-02
3.1481056254e-02
4.7221584381e-02
6.2962112508e-02
7.3056209965e-02
8.3150307423e-02
9.3244404880e-02
1.0333850234e-01
1.1061302374e-01
1.1788754514e-01
1.2516206655e-01
1.3243658795e-01
1.3796186273e-01
1.4348713751e-01
1.4901241229e-01
1.5453768707e-01
1.5893545318e-01
1.6333321928e-01
1.6773098539e-01
1.7212875150e-01
1.7576646188e-01
1.7940417226e-01
1.8304188264e-01
1.8667959301e-01
1.8979490508e-01
1.9291021715e-01
1.9602552922e-01
1.9914084130e-01
2.0189841780e-01
2.0465599431e-01
2.0741357082e-01
2.1017114733e-01
2.1273757874e-01
2.1530401016e-01
2.1787044157e-01
2.2043687299e-01
2.2322529841e-01
2.2601372384e-01
2.2880214926e-01
2.3159057469e-01
2.3364674027e-01
2.3570290585e-01
2.3775907143e-01
2.3981523702e-01
2.4153127026e-01
2.4324730350e-01
2.4496333674e-01
2.4667936997e-01
2.4816380742e-01
2.4964824486e-01
2.5113268230e-01
2.5261711975e-01
2.5399800030e-01
2.5537888084e-01
2.5675976139e-01
2.5814064194e-01
2.5956637100e-01
2.6099210005e-01
2.6241782911e-01
2.6384355817e-01
2.6525086880e-01
2.6665817943e-01
2.6806549006e-01
2.6947280069e-01
2.7072980672e-01
2.7198681274e-01
2.7324381877e-01
2.7450082480e-01
2.7568465776e-01
2.7686849071e-01
2.7805232367e-01
2.7923615663e-01
2.8042138586e-01
2.8160661509e-01
2.8279184432e-01
2.8397707356e-01
2.8545312725e-01
2.8692918095e-01
2.8840523465e-01
2.8988128835e-01
2.9107732597e-01
2.9227336360e-01
2.9346940122e-01
2.9466543885e-01
2.9592268753e-01
2.9717993621e-01
2.9843718489e-01
2.9969443357e-01
3.0113341319e-01
3.0257239280e-01
3.0401137241e-01
3.0545035203e-01
3.0698278440e-01
3.0851521677e-01
3.1004764914e-01
3.1158008151e-01
3.1325480301e-01
3.1492952450e-01
3.1660424600e-01
3.1827896750e-01
3.1989730556e-01
3.2151564363e-01
3.2313398169e-01
3.2475231976e-01
3.2648862383e-01
3.2822492790e-01
3.2996123198e-01
3.3169753605e-01
3.3361294178e-01
3.3552834751e-01
3.3744375324e-01
3.3935915897e-01
3.4161977719e-01
3.4388039541e-01
3.4614101363e-01
3.4840163185e-01
3.5122457332e-01
3.5404751479e-01
3.5687045625e-01
3.5969339772e-01
3.6294921702e-01
3.6620503632e-01
3.6946085562e-01
3.7271667492e-01
3.7592688076e-01
3.7913708660e-01
3.8234729244e-01
3.8555749828e-01
3.8886299042e-01
3.9216848257e-01
3.9547397472e-01
3.9877946686e-01
4.0235469203e-01
4.0592991719e-01
4.0950514235e-01
4.1308036751e-01
4.1705728509e-01
4.2103420267e-01
4.2501112025e-01
4.2898803783e-01
4.3352100579e-01
4.3805397376e-01
4.4258694172e-01
4.4711990969e-01
4.5241957358e-01
4.5771923746e-01
4.6301890135e-01
4.6831856524e-01
4.7464877164e-01
4.8097897803e-01
4.8730918443e-01
4.9363939083e-01
4.9948122086e-01
5.0532305090e-01
5.1116488094e-01
5.1700671097e-01
5.2207913904e-01
5.2715156712e-01
5.3222399519e-01
5.3729642326e-01
5.4175013752e-01
5.4620385177e-01
5.5065756603e-01
5.5511128028e-01
5.5908470173e-01
5.6305812318e-01
5.6703154463e-01
5.7100496607e-01
5.7461137938e-01
5.7821779268e-01
5.8182420599e-01
5.8543061929e-01
5.8877200809e-01
5.9211339689e-01
5.9545478568e-01
5.9879617448e-01
6.0200664123e-01
6.0521710798e-01
6.0842757473e-01
6.1163804148e-01
6.1545338415e-01
6.1926872681e-01
6.2308406948e-01
6.2689941215e-01
6.2968396171e-01
6.3246851126e-01
6.3525306082e-01
6.3803761038e-01
6.4057397756e-01
6.4311034475e-01
6.4564671193e-01
6.4818307912e-01
6.5022906599e-01
6.5227505286e-01
6.5432103972e-01
6.5636702659e-01
6.5818687221e-01
6.6000671782e-01
6.6182656344e-01
6.6364640906e-01
6.6533513584e-01
6.6702386263e-01
6.6871258942e-01
6.7040131621e-01
6.7200687782e-01
6.7361243944e-01
6.7521800106e-01
6.7682356267e-01
6.7853626916e-01
6.8024897565e-01
6.8196168214e-01
6.8367438863e-01
6.8517031029e-01
6.8666623196e-01
6.8816215363e-01
6.8965807529e-01
6.9107885880e-01
6.9249964231e-01
6.9392042583e-01
6.9534120934e-01
6.9659089307e-01
6.9784057680e-01
6.9909026053e-01
7.0033994426e-01
7.0153238950e-01
7.0272483474e-01
7.0391727998e-01
7.0510972522e-01
7.0678432013e-01
7.0845891504e-01
7.1013350995e-01
7.1180810486e-01
7.1298585094e-01
7.1416359702e-01
7.1534134311e-01
7.1651908919e-01
7.1772096306e-01
7.1892283693e-01
7.2012471080e-01
7.2132658468e-01
7.2260676550e-01
7.2388694632e-01
7.2516712714e-01
7.2644730796e-01
7.2800342441e-01
7.2955954085e-01
7.3111565730e-01
7.3267177375e-01
7.3405645105e-01
7.3544112836e-01
7.3682580566e-01
7.3821048297e-01
7.3962413972e-01
7.4103779647e-01
7.4245145322e-01
7.4386510997e-01
7.4545616826e-01
7.4704722654e-01
7.4863828482e-01
7.5022934310e-01
7.5231707099e-01
7.5440479888e-01
7.5649252677e-01
7.5858025466e-01
7.6194576056e-01
7.6531126646e-01
7.6867677236e-01
7.7204227825e-01
7.7464574009e-01
7.7724920193e-01
7.7985266377e-01
7.8245612561e-01
7.8534363177e-01
7.8823113792e-01
7.9111864408e-01
7.9400615024e-01
7.9740125516e-01
8.0079636008e-01
8.0419146500e-01
8.0758656992e-01
8.1181848899e-01
8.1605040806e-01
8.2028232713e-01
8.2451424620e-01
8.3022184486e-01
8.3592944351e-01
8.4163704217e-01
8.4734464082e-01
8.5590146667e-01
8.6445829252e-01
8.7301511837e-01
8.8157194422e-01
8.9637430477e-01
9.1117666533e-01
9.2597902589e-01
9.4078138644e-01
9.5558603983e-01
9.7039069322e-01
9.8519534661e-01
1.0000000000e+00
