2.5282790660e-05
2.8357419086e-05
3.8286451491e-05
5.7474027110e-05
9.0634444379e-05
1.2861657262e-04
1.8342329923e-04
2.6224946348e-04
3.7548011571e-04
4.9898945306e-04
6.6318744969e-04
8.8146727275e-04
1.1716420992e-03
1.4851208994e-03
1.8822654506e-03
2.3853388974e-03
3.0224776148e-03
3.7267881837e-03
4.5942748868e-03
5.6623416744e-03
6.9767367480e-03
8.6553322166e-03
1.0732492637e-02
1.3300220468e-02
1.6470248738e-02
1.9417694569e-02
2.2877864353e-02
2.6934270072e-02
3.1681764656e-02
3.5788902885e-02
4.0401398264e-02
4.5573937716e-02
5.1365039500e-02
5.7084719337e-02
6.3388305697e-02
7.0322901842e-02
7.7936467159e-02
8.7130294983e-02
9.7262314145e-02
1.0839196536e-01
1.2057359667e-01
1.3213114123e-01
1.4455532713e-01
1.5786395691e-01
1.7206607479e-01
1.8563057247e-01
1.9991162132e-01
2.1489266745e-01
2.3054884028e-01
2.4701522919e-01
2.6409339881e-01
2.8173202647e-01
2.9987221642e-01
3.1897231176e-01
3.3845568845e-01
3.5824061448e-01
3.7824248417e-01
3.9778865956e-01
4.1738019845e-01
4.3694081942e-01
4.5639721238e-01
4.7868521233e-01
5.0064186047e-01
5.2217792581e-01
5.4321480640e-01
5.6747943162e-01
5.9085050478e-01
6.1325585696e-01
6.3464300880e-01
6.5419479425e-01
6.7275868993e-01
6.9032966662e-01
7.0691275485e-01
7.2347789962e-01
7.3896620955e-01
7.5340924974e-01
7.6684387334e-01
7.8097616931e-01
7.9391622695e-01
8.0573055317e-01
8.1648645956e-01
8.2913450800e-01
8.4021484905e-01
8.4986788363e-01
8.5822490412e-01
8.6907258711e-01
8.7740673742e-01
8.8357780202e-01
8.8786843125e-01
8.9018977538e-01
8.9142309879e-01
8.9163570244e-01
8.9086627679e-01
8.8890577855e-01
8.8575361166e-01
8.8134704180e-01
8.7558348593e-01
8.7059643969e-01
8.6479198615e-01
8.5809583300e-01
8.5042306192e-01
8.4342525158e-01
8.3566823182e-01
8.2709220138e-01
8.1763361002e-01
8.0854281559e-01
7.9867236068e-01
7.8797437639e-01
7.7640070416e-01
7.6483970039e-01
7.5244709710e-01
7.3918796693e-01
7.2503035441e-01
7.0827312886e-01
6.9035019392e-01
6.7124227400e-01
6.5094354600e-01
6.3404858753e-01
6.1642827732e-01
5.9810506409e-01
5.7911100682e-01
5.6088695470e-01
5.4216248570e-01
5.2298920364e-01
5.0342760571e-01
4.8507499943e-01
4.6651141683e-01
4.4780383325e-01
4.2902440714e-01
4.0758105655e-01
3.8626356344e-01
3.6519463321e-01
3.4449767190e-01
3.2729574167e-01
3.1052198812e-01
2.9424442630e-01
2.7852628353e-01
2.6179865321e-01
2.4590110700e-01
2.3089270999e-01
2.1682186948e-01
2.0048420694e-01
1.8574766980e-01
1.7264351215e-01
1.6118464482e-01
1.5302782145e-01
1.4596699086e-01
1.3999364120e-01
1.3509788458e-01
1.3107381854e-01
1.2823843348e-01
1.2658343269e-01
1.2610364111e-01
1.2672927490e-01
1.2840565455e-01
1.3113744814e-01
1.3493178742e-01
1.4012526529e-01
1.4653539960e-01
1.5417396967e-01
1.6305084375e-01
1.7229958134e-01
1.8259844541e-01
1.9394204051e-01
2.0631787159e-01
2.1874389655e-01
2.3202167232e-01
2.4611916056e-01
2.6099620627e-01
2.7658746234e-01
2.9285200061e-01
3.0972603582e-01
3.2713909576e-01
3.4562326523e-01
3.6451279841e-01
3.8371545128e-01
4.0313746536e-01
4.2232360107e-01
4.4154420407e-01
4.6071593932e-01
4.7975990062e-01
5.0195934344e-01
5.2376956662e-01
5.4509433352e-01
5.6585103660e-01
5.9094282550e-01
6.1493068490e-01
6.3773915938e-01
6.5932023367e-01
6.7718232844e-01
6.9408268215e-01
7.1002826265e-01
7.2503442145e-01
7.4051947975e-01
7.5492655848e-01
7.6829847544e-01
7.8068207202e-01
7.9421027888e-01
8.0649223393e-01
8.1761340108e-01
8.2765751206e-01
8.3943966120e-01
8.4964899215e-01
8.5844537716e-01
8.6597161042e-01
8.7325586423e-01
8.7917003884e-01
8.8384486772e-01
8.8737945051e-01
8.8966184081e-01
8.9108699009e-01
8.9166335983e-01
8.9137846827e-01
8.9021247306e-01
8.8811253716e-01
8.8500257184e-01
8.8078357206e-01
8.7650093756e-01
8.7134540449e-01
8.6523041936e-01
8.5805846702e-01
8.5151981617e-01
8.4418269672e-01
8.3598326112e-01
8.2685383165e-01
8.1805522408e-01
8.0844234058e-01
7.9796484059e-01
7.8657186092e-01
7.7525718328e-01
7.6308884413e-01
7.5002992800e-01
7.3604594034e-01
7.2084358399e-01
7.0462436494e-01
6.8736687494e-01
6.6905774109e-01
6.5186287143e-01
6.3383593748e-01
6.1499071022e-01
5.9535061130e-01
5.7591474177e-01
5.5582663878e-01
5.3513622548e-01
5.1390423282e-01
4.9520713761e-01
4.7621287670e-01
4.5697991866e-01
4.3757213200e-01
4.1536228779e-01
3.9312273359e-01
3.7096562260e-01
3.4900552891e-01
3.3042646902e-01
3.1214701720e-01
2.9423482633e-01
2.7675347880e-01
2.5801091650e-01
2.3993542618e-01
2.2258646463e-01
2.0601227607e-01
1.8918565190e-01
1.7331685690e-01
1.5842137369e-01
1.4450120904e-01
1.3155769439e-01
1.1955693038e-01
1.0846981780e-01
9.8260363360e-02
8.8300087642e-02
7.9235029966e-02
7.1007974206e-02
6.3560422995e-02
5.4795890246e-02
4.7163901151e-02
4.0538495701e-02
3.4802067268e-02
2.7615626968e-02
2.1872494572e-02
1.7298236391e-02
1.3664450865e-02
1.1049902955e-02
8.9303260810e-03
7.2138148987e-03
5.8248683478e-03
4.5189661860e-03
3.5047344013e-03
2.7174143739e-03
2.1064528605e-03
1.5100704681e-03
1.0824932973e-03
7.7592346899e-04
5.5609819309e-04
3.4677889234e-04
2.1666522696e-04
1.3580570590e-04
8.5747734517e-05
5.5290088041e-05
3.7469933367e-05
2.8173358477e-05
2.5283001854e-05
