7.5584063648e-07
9.0482887256e-07
1.4050132526e-06
2.4510386856e-06
4.4613914343e-06
6.9387006226e-06
1.0810861189e-05
1.6861180557e-05
2.6323310731e-05
3.7049730239e-05
5.2139578348e-05
7.3376584811e-05
1.0327947967e-04
1.3565982240e-04
1.7817981680e-04
2.3402345676e-04
3.0737809432e-04
3.8523124787e-04
4.8278106059e-04
6.0501507330e-04
7.5818375756e-04
9.1957727189e-04
1.1152696613e-03
1.3525396626e-03
1.6402035090e-03
1.9434759744e-03
2.3026578874e-03
2.7280059170e-03
3.2316355916e-03
3.7694042721e-03
4.3961794272e-03
5.1265363361e-03
5.9773778024e-03
6.9440588770e-03
8.0655445894e-03
9.3661158734e-03
1.0873678120e-02
1.2484108791e-02
1.4328895101e-02
1.6440842479e-02
1.8856926744e-02
2.1196625606e-02
2.3818104978e-02
2.6753060845e-02
3.0036156338e-02
3.3012667127e-02
3.6270653841e-02
3.9833916396e-02
4.3727674517e-02
4.7452065682e-02
5.1472484184e-02
5.5808669258e-02
6.0480996135e-02
6.5179478009e-02
7.0208528222e-02
7.5585805385e-02
8.1328999589e-02
8.7615646680e-02
9.4323981093e-02
1.0147194109e-01
1.0907656346e-01
1.1723294755e-01
1.2588560285e-01
1.3504724134e-01
1.4472821018e-01
1.5381244422e-01
1.6331969161e-01
1.7325103760e-01
1.8360516705e-01
1.9383917767e-01
2.0444634067e-01
2.1541872624e-01
2.2674604860e-01
2.3793707053e-01
2.4943001271e-01
2.6120969629e-01
2.7325907556e-01
2.8743301744e-01
3.0190776798e-01
3.1664955117e-01
3.3162249149e-01
3.4548883573e-01
3.5948749752e-01
3.7358829491e-01
3.8776080669e-01
4.0159461378e-01
4.1543987271e-01
4.2926944228e-01
4.4305693359e-01
4.5833244177e-01
4.7349066671e-01
4.8850003251e-01
5.0333108778e-01
5.1880240565e-01
5.3401424652e-01
5.4894029324e-01
5.6355725634e-01
5.8025596835e-01
5.9647553248e-01
6.1219367806e-01
6.2739307737e-01
6.4183726569e-01
6.5575826954e-01
6.6915156124e-01
6.8201586276e-01
6.9427260780e-01
7.0601307864e-01
7.1724351405e-01
7.2797202098e-01
7.3915276648e-01
7.4975821878e-01
7.5980445659e-01
7.6930878114e-01
7.7884346457e-01
7.8780851483e-01
7.9622723148e-01
8.0412320458e-01
8.1266848654e-01
8.2057746143e-01
8.2788638439e-01
8.3463070247e-01
8.4252204859e-01
8.4960836396e-01
8.5595623624e-01
8.6162849648e-01
8.6707214009e-01
8.7186355317e-01
8.7606701966e-01
8.7974175636e-01
8.8318902094e-01
8.8614246709e-01
8.8865922008e-01
8.9079091116e-01
8.9255774368e-01
8.9403677393e-01
8.9526397438e-01
8.9627167658e-01
8.9712954308e-01
8.9780547045e-01
8.9832663672e-01
8.9871718407e-01
8.9901812298e-01
8.9921442962e-01
8.9932720907e-01
8.9937485753e-01
8.9937089415e-01
8.9932530664e-01
8.9925376536e-01
8.9916937644e-01
8.9907133152e-01
8.9898320216e-01
8.9891447842e-01
8.9887170804e-01
8.9885857101e-01
8.9887240842e-01
8.9891218912e-01
8.9897484142e-01
8.9904697236e-01
8.9912823599e-01
8.9921164830e-01
8.9928850561e-01
8.9934423643e-01
8.9937591136e-01
8.9937223104e-01
8.9932010726e-01
8.9921485132e-01
8.9904071784e-01
8.9878198706e-01
8.9842089201e-01
8.9796198383e-01
8.9737183102e-01
8.9662850459e-01
8.9570750942e-01
8.9453040123e-01
8.9309668028e-01
8.9136786958e-01
8.8930103837e-01
8.8713740566e-01
8.8463063046e-01
8.8173978729e-01
8.7842006853e-01
8.7490215005e-01
8.7092752061e-01
8.6644985291e-01
8.6141923702e-01
8.5685329593e-01
8.5184991852e-01
8.4637618843e-01
8.4039754495e-01
8.3481786009e-01
8.2881312419e-01
8.2235861161e-01
8.1542892754e-01
8.0867877836e-01
8.0149257518e-01
7.9385018677e-01
7.8573143066e-01
7.7772444317e-01
7.6927084714e-01
7.6035498642e-01
7.5096172772e-01
7.4143626038e-01
7.3144111473e-01
7.2096514956e-01
7.0999843729e-01
6.9563187830e-01
6.8047741194e-01
6.6452740930e-01
6.4778013940e-01
6.3489309820e-01
6.2157793570e-01
6.0784199779e-01
5.9369541650e-01
5.7811921462e-01
5.6210807095e-01
5.4568653518e-01
5.2888375163e-01
5.1545387226e-01
5.0182842681e-01
4.8802762998e-01
4.7407345170e-01
4.6051592087e-01
4.4686067225e-01
4.3313149125e-01
4.1935329796e-01
4.0200208571e-01
3.8466767238e-01
3.6740460210e-01
3.5026803752e-01
3.3665964636e-01
3.2319589532e-01
3.0990403760e-01
2.9681038555e-01
2.8426703382e-01
2.7195765315e-01
2.5990267545e-01
2.4812088141e-01
2.3582832074e-01
2.2388682410e-01
2.1231221465e-01
2.0111765582e-01
1.8938532317e-01
1.7812489551e-01
1.6734273479e-01
1.5704179570e-01
1.4639558676e-01
1.3631278001e-01
1.2678550656e-01
1.1780269671e-01
1.0994753261e-01
1.0253585585e-01
9.5553506835e-02
8.8985226421e-02
8.2498092317e-02
7.6432785022e-02
7.0769371532e-02
6.5487720463e-02
5.9897490946e-02
5.4749231822e-02
5.0013971126e-02
4.5663595796e-02
4.0752445698e-02
3.6344639592e-02
3.2393793048e-02
2.8856680198e-02
2.3986120963e-02
1.9917216426e-02
1.6524438539e-02
1.3699820183e-02
1.1803020460e-02
1.0165614828e-02
8.7529571561e-03
7.5348080727e-03
6.3978383348e-03
5.4313304078e-03
4.6100241118e-03
3.9123160317e-03
3.2395102075e-03
2.6820563542e-03
2.2202749242e-03
1.8378103543e-03
1.4634435592e-03
1.1652530523e-03
9.2775458377e-04
7.3860265241e-04
5.5129953171e-04
4.1149995152e-04
3.0713809557e-04
2.2921736943e-04
1.5173661655e-04
1.0048155751e-04
6.6539042883e-05
4.4040987781e-05
2.4279616386e-05
1.3421343124e-05
7.4280117111e-06
4.1147881460e-06
2.3123153829e-06
1.3574519154e-06
8.9465644934e-07
7.5589072548e-07
