2.8913729430e-01
2.8913830339e-01
2.8914133045e-01
2.8914637483e-01
2.8915343539e-01
2.8916098539e-01
2.8916997710e-01
2.8918040879e-01
2.8919227825e-01
2.8920435168e-01
2.8921761565e-01
2.8923206710e-01
2.8924770236e-01
2.8926529185e-01
2.8928416202e-01
2.8930430573e-01
2.8932571450e-01
2.8934676883e-01
2.8936890092e-01
2.8939209969e-01
2.8941635234e-01
2.8944023108e-01
2.8946502393e-01
2.8949071475e-01
2.8951728532e-01
2.8954232773e-01
2.8956807093e-01
2.8959449576e-01
2.8962158123e-01
2.8965680694e-01
2.8969300476e-01
2.8973011825e-01
2.8976808565e-01
2.8979928730e-01
2.8983096341e-01
2.8986307426e-01
2.8989557811e-01
2.8993050513e-01
2.8996577209e-01
2.9000132230e-01
2.9003709724e-01
2.9007717778e-01
2.9011737756e-01
2.9015760960e-01
2.9019778575e-01
2.9025106240e-01
2.9030387113e-01
2.9035600189e-01
2.9040724701e-01
2.9045006480e-01
2.9049196782e-01
2.9053283591e-01
2.9057255247e-01
2.9061335768e-01
2.9065260647e-01
2.9069017482e-01
2.9072594466e-01
2.9076431797e-01
2.9080006278e-01
2.9083303470e-01
2.9086309998e-01
2.9089544974e-01
2.9092315623e-01
2.9094604323e-01
2.9096395621e-01
2.9097868594e-01
2.9098589005e-01
2.9098541936e-01
2.9097716515e-01
2.9096199403e-01
2.9093966603e-01
2.9091018686e-01
2.9087359463e-01
2.9083680098e-01
2.9079494288e-01
2.9074810139e-01
2.9069637597e-01
2.9064941027e-01
2.9059918504e-01
2.9054578974e-01
2.9048932376e-01
2.9043634661e-01
2.9038108890e-01
2.9032364230e-01
2.9026410513e-01
2.9020695854e-01
2.9014818447e-01
2.9008787734e-01
2.9002613629e-01
2.8995910584e-01
2.8989070482e-01
2.8982106836e-01
2.8975033646e-01
2.8968869001e-01
2.8962643324e-01
2.8956366213e-01
2.8950047401e-01
2.8943785484e-01
2.8937502043e-01
2.8931206541e-01
2.8924908391e-01
2.8919696845e-01
2.8914495098e-01
2.8909308276e-01
2.8904141400e-01
2.8898818091e-01
2.8893526671e-01
2.8888272214e-01
2.8883059589e-01
2.8877875268e-01
2.8872742213e-01
2.8867664632e-01
2.8862646472e-01
2.8858004498e-01
2.8853420680e-01
2.8848897630e-01
2.8844437761e-01
2.8839704556e-01
2.8835049833e-01
2.8830475874e-01
2.8825984730e-01
2.8820564676e-01
2.8815276270e-01
2.8810122103e-01
2.8805104387e-01
2.8800776912e-01
2.8796558990e-01
2.8792451566e-01
2.8788455448e-01
2.8784376018e-01
2.8780420967e-01
2.8776590855e-01
2.8772886144e-01
2.8768592985e-01
2.8764482667e-01
2.8760555618e-01
2.8756812173e-01
2.8752267765e-01
2.8748027933e-01
2.8744092975e-01
2.8740463104e-01
2.8736756229e-01
2.8733433201e-01
2.8730494109e-01
2.8727939005e-01
2.8725672407e-01
2.8723827988e-01
2.8722405756e-01
2.8721405712e-01
2.8720829163e-01
2.8720671801e-01
2.8720933624e-01
2.8721614633e-01
2.8722654722e-01
2.8724076135e-01
2.8725878868e-01
2.8728062916e-01
2.8730436297e-01
2.8733139445e-01
2.8736172318e-01
2.8739534852e-01
2.8742528041e-01
2.8745741327e-01
2.8749174601e-01
2.8752827718e-01
2.8755922643e-01
2.8759159291e-01
2.8762537496e-01
2.8766057055e-01
2.8769375062e-01
2.8772809172e-01
2.8776359107e-01
2.8780024531e-01
2.8783940775e-01
2.8787979851e-01
2.8792141115e-01
2.8796423804e-01
2.8800578433e-01
2.8804839619e-01
2.8809206310e-01
2.8813677285e-01
2.8817961499e-01
2.8822334766e-01
2.8826795573e-01
2.8831342210e-01
2.8835569739e-01
2.8839865683e-01
2.8844228240e-01
2.8848655432e-01
2.8854302352e-01
2.8860043037e-01
2.8865872294e-01
2.8871784435e-01
2.8876669894e-01
2.8881602915e-01
2.8886579686e-01
2.8891596193e-01
2.8896952322e-01
2.8902343142e-01
2.8907763220e-01
2.8913206939e-01
2.8919319018e-01
2.8925445149e-01
2.8931576856e-01
2.8937705534e-01
2.8946590463e-01
2.8955423796e-01
2.8964178807e-01
2.8972829087e-01
2.8979507310e-01
2.8986093472e-01
2.8992575809e-01
2.8998942918e-01
2.9005618462e-01
2.9012136404e-01
2.9018484379e-01
2.9024650634e-01
2.9031441584e-01
2.9037966702e-01
2.9044211638e-01
2.9050163132e-01
2.9056976354e-01
2.9063319560e-01
2.9069175355e-01
2.9074528567e-01
2.9080375363e-01
2.9085431070e-01
2.9089680735e-01
2.9093113866e-01
2.9095543333e-01
2.9097276593e-01
2.9098315149e-01
2.9098663560e-01
2.9098412846e-01
2.9097655829e-01
2.9096401189e-01
2.9094659438e-01
2.9092844157e-01
2.9090707167e-01
2.9088257613e-01
2.9085505602e-01
2.9082795579e-01
2.9079860845e-01
2.9076710662e-01
2.9073354937e-01
2.9070013839e-01
2.9066508912e-01
2.9062850003e-01
2.9059047441e-01
2.9054462436e-01
2.9049715745e-01
2.9044825821e-01
2.9039811792e-01
2.9035900748e-01
2.9031937539e-01
2.9027931342e-01
2.9023891429e-01
2.9019995801e-01
2.9016085996e-01
2.9012170215e-01
2.9008256598e-01
2.9004858509e-01
2.9001473361e-01
2.8998106263e-01
2.8994762205e-01
2.8991174725e-01
2.8987625851e-01
2.8984121286e-01
2.8980666475e-01
2.8977487034e-01
2.8974359560e-01
2.8971287811e-01
2.8968275309e-01
2.8965374274e-01
2.8962536588e-01
2.8959764928e-01
2.8957061755e-01
2.8954187409e-01
2.8951400278e-01
2.8948702755e-01
2.8946096977e-01
2.8942919218e-01
2.8939896214e-01
2.8937030838e-01
2.8934325510e-01
2.8932193332e-01
2.8930174854e-01
2.8928270920e-01
2.8926482247e-01
2.8924671317e-01
2.8922997641e-01
2.8921461762e-01
2.8920064124e-01
2.8918580971e-01
2.8917294761e-01
2.8916205879e-01
2.8915314623e-01
2.8914621215e-01
2.8914125815e-01
2.8913828533e-01
2.8913729432e-01
