2.8094472820e-01
2.8095342608e-01
2.8097952024e-01
2.8102301231e-01
2.8108390498e-01
2.8114390875e-01
2.8121464292e-01
2.8129611020e-01
2.8138831370e-01
2.8147066731e-01
2.8156003598e-01
2.8165642193e-01
2.8175982756e-01
2.8185209052e-01
2.8194930744e-01
2.8205148004e-01
2.8215861010e-01
2.8225512866e-01
2.8235534796e-01
2.8245926932e-01
2.8256689408e-01
2.8266528909e-01
2.8276659011e-01
2.8287079817e-01
2.8297791432e-01
2.8307791413e-01
2.8318032366e-01
2.8328514374e-01
2.8339237521e-01
2.8349703124e-01
2.8360388797e-01
2.8371294613e-01
2.8382420642e-01
2.8394337763e-01
2.8406497731e-01
2.8418900617e-01
2.8431546483e-01
2.8441646187e-01
2.8451895739e-01
2.8462295148e-01
2.8472844409e-01
2.8481990360e-01
2.8491246005e-01
2.8500611314e-01
2.8510086243e-01
2.8518345284e-01
2.8526685758e-01
2.8535107603e-01
2.8543610744e-01
2.8551456688e-01
2.8559370437e-01
2.8567351893e-01
2.8575400938e-01
2.8583246685e-01
2.8591155335e-01
2.8599126722e-01
2.8607160657e-01
2.8616233900e-01
2.8625384998e-01
2.8634613543e-01
2.8643919066e-01
2.8652234489e-01
2.8660609588e-01
2.8669043882e-01
2.8677536835e-01
2.8685422426e-01
2.8693356894e-01
2.8701339664e-01
2.8709370103e-01
2.8717006581e-01
2.8724684423e-01
2.8732402937e-01
2.8740161375e-01
2.8747819324e-01
2.8755514186e-01
2.8763245082e-01
2.8771011073e-01
2.8780096101e-01
2.8789225661e-01
2.8798397953e-01
2.8807611058e-01
2.8815980999e-01
2.8824381104e-01
2.8832809707e-01
2.8841265070e-01
2.8849459067e-01
2.8857674663e-01
2.8865910103e-01
2.8874163577e-01
2.8883074463e-01
2.8892001733e-01
2.8900942937e-01
2.8909895569e-01
2.8919685600e-01
2.8929482834e-01
2.8939283838e-01
2.8949085135e-01
2.8959679535e-01
2.8970265716e-01
2.8980839200e-01
2.8991395511e-01
2.9003364641e-01
2.9015299312e-01
2.9027193071e-01
2.9039039543e-01
2.9049987396e-01
2.9060884169e-01
2.9071725026e-01
2.9082505232e-01
2.9093569388e-01
2.9104558971e-01
2.9115469157e-01
2.9126295270e-01
2.9137823160e-01
2.9149243442e-01
2.9160550901e-01
2.9171740528e-01
2.9183882742e-01
2.9195871094e-01
2.9207699803e-01
2.9219363372e-01
2.9232849588e-01
2.9246092664e-01
2.9259085134e-01
2.9271820017e-01
2.9286815563e-01
2.9301417052e-01
2.9315614834e-01
2.9329400094e-01
2.9344372698e-01
2.9358805146e-01
2.9372688214e-01
2.9386013653e-01
2.9399444711e-01
2.9412240694e-01
2.9424394854e-01
2.9435901247e-01
2.9446557933e-01
2.9456581497e-01
2.9465968164e-01
2.9474714638e-01
2.9483153231e-01
2.9490889276e-01
2.9497920369e-01
2.9504244460e-01
2.9510239800e-01
2.9515418003e-01
2.9519777610e-01
2.9523317453e-01
2.9526304655e-01
2.9528264046e-01
2.9529195032e-01
2.9529097336e-01
2.9528161944e-01
2.9526431948e-01
2.9523907755e-01
2.9520589966e-01
2.9516743658e-01
2.9512196145e-01
2.9506948505e-01
2.9501002046e-01
2.9494611104e-01
2.9487574145e-01
2.9479893099e-01
2.9471570213e-01
2.9462323885e-01
2.9452401890e-01
2.9441808020e-01
2.9430546631e-01
2.9419450588e-01
2.9407783258e-01
2.9395549837e-01
2.9382756179e-01
2.9370828458e-01
2.9358461934e-01
2.9345662434e-01
2.9332436389e-01
2.9320502436e-01
2.9308251632e-01
2.9295689629e-01
2.9282822546e-01
2.9271718948e-01
2.9260406590e-01
2.9248890032e-01
2.9237174127e-01
2.9226426692e-01
2.9215524893e-01
2.9204472961e-01
2.9193275346e-01
2.9182625322e-01
2.9171854865e-01
2.9160968215e-01
2.9149969797e-01
2.9139573897e-01
2.9129087966e-01
2.9118516074e-01
2.9107862429e-01
2.9097130995e-01
2.9086326626e-01
2.9075453929e-01
2.9064517636e-01
2.9052313935e-01
2.9040044689e-01
2.9027716832e-01
2.9015337436e-01
2.9005362226e-01
2.8995362174e-01
2.8985341078e-01
2.8975302762e-01
2.8964662124e-01
2.8954011045e-01
2.8943354069e-01
2.8932695719e-01
2.8924072192e-01
2.8915453058e-01
2.8906840643e-01
2.8898237240e-01
2.8889952465e-01
2.8881680151e-01
2.8873422241e-01
2.8865180631e-01
2.8856292455e-01
2.8847427754e-01
2.8838588720e-01
2.8829777467e-01
2.8821179271e-01
2.8812611474e-01
2.8804075820e-01
2.8795573967e-01
2.8787757647e-01
2.8779972642e-01
2.8772220064e-01
2.8764500965e-01
2.8756366081e-01
2.8748270934e-01
2.8740216552e-01
2.8732203891e-01
2.8723848677e-01
2.8715541246e-01
2.8707282465e-01
2.8699073130e-01
2.8689842992e-01
2.8680678061e-01
2.8671579190e-01
2.8662547140e-01
2.8653872085e-01
2.8645260767e-01
2.8636713670e-01
2.8628231219e-01
2.8619996225e-01
2.8611823765e-01
2.8603714112e-01
2.8595667505e-01
2.8587164396e-01
2.8578733301e-01
2.8570374406e-01
2.8562087874e-01
2.8552708226e-01
2.8543423402e-01
2.8534233544e-01
2.8525138765e-01
2.8514104313e-01
2.8503213415e-01
2.8492466170e-01
2.8481862647e-01
2.8468647258e-01
2.8455662264e-01
2.8442907681e-01
2.8430383501e-01
2.8418349197e-01
2.8406535510e-01
2.8394942387e-01
2.8383569767e-01
2.8371857104e-01
2.8360387756e-01
2.8349161638e-01
2.8338178666e-01
2.8326234021e-01
2.8314590678e-01
2.8303248521e-01
2.8292207432e-01
2.8279799012e-01
2.8267793913e-01
2.8256191966e-01
2.8244993008e-01
2.8232009651e-01
2.8219613142e-01
2.8207803222e-01
2.8196579649e-01
2.8183112021e-01
2.8170597852e-01
2.8159036719e-01
2.8148428231e-01
2.8135779334e-01
2.8124818491e-01
2.8115545044e-01
2.8107958437e-01
2.8102058214e-01
2.8097844022e-01
2.8095315608e-01
2.8094472820e-01
