5.4696995108e-01
5.4697241824e-01
5.4697981869e-01
5.4699214930e-01
5.4700940489e-01
5.4703078577e-01
5.4705676359e-01
5.4708732809e-01
5.4712246723e-01
5.4716145646e-01
5.4720483836e-01
5.4725259641e-01
5.4730471244e-01
5.4736065452e-01
5.4742083839e-01
5.4748524158e-01
5.4755384010e-01
5.4762636115e-01
5.4770299764e-01
5.4778372125e-01
5.4786850218e-01
5.4795745465e-01
5.4805041321e-01
5.4814734353e-01
5.4824820987e-01
5.4835362468e-01
5.4846294670e-01
5.4857613525e-01
5.4869314829e-01
5.4881528727e-01
5.4894124441e-01
5.4907097210e-01
5.4920442135e-01
5.4934387998e-01
5.4948708017e-01
5.4963396629e-01
5.4978448137e-01
5.4994244544e-01
5.5010409596e-01
5.5026936743e-01
5.5043819304e-01
5.5061720524e-01
5.5079989920e-01
5.5098619575e-01
5.5117601434e-01
5.5138187771e-01
5.5159153976e-01
5.5180489850e-01
5.5202185037e-01
5.5229015950e-01
5.5256342772e-01
5.5284146097e-01
5.5312406248e-01
5.5336046374e-01
5.5359972449e-01
5.5384173061e-01
5.5408636704e-01
5.5432376628e-01
5.5456338270e-01
5.5480511209e-01
5.5504884964e-01
5.5529035013e-01
5.5553358946e-01
5.5577846663e-01
5.5602488026e-01
5.5627242379e-01
5.5652129700e-01
5.5677139812e-01
5.5702262518e-01
5.5727651704e-01
5.5753134194e-01
5.5778699569e-01
5.5804337410e-01
5.5829698108e-01
5.5855109240e-01
5.5880560823e-01
5.5906042897e-01
5.5931065098e-01
5.5956097716e-01
5.5981131415e-01
5.6006156888e-01
5.6030971991e-01
5.6055760847e-01
5.6080514476e-01
5.6105223942e-01
5.6129832789e-01
5.6154379999e-01
5.6178856835e-01
5.6203254616e-01
5.6227621527e-01
5.6251891725e-01
5.6276056651e-01
5.6300107813e-01
5.6324180137e-01
5.6348120297e-01
5.6371919868e-01
5.6395570502e-01
5.6419284471e-01
5.6442829843e-01
5.6466198288e-01
5.6489381572e-01
5.6512663383e-01
5.6535738568e-01
5.6558598872e-01
5.6581236142e-01
5.6604003913e-01
5.6626524722e-01
5.6648790360e-01
5.6670792739e-01
5.6692955653e-01
5.6714828069e-01
5.6736401805e-01
5.6757668819e-01
5.6779125075e-01
5.6800242934e-01
5.6821014218e-01
5.6841430908e-01
5.6862067003e-01
5.6882310724e-01
5.6902153873e-01
5.6921588443e-01
5.6941274066e-01
5.6960504730e-01
5.6979272188e-01
5.6997568419e-01
5.7016132465e-01
5.7034167313e-01
5.7051664657e-01
5.7068616465e-01
5.7085893836e-01
5.7102547101e-01
5.7118567828e-01
5.7133947928e-01
5.7149788778e-01
5.7164868151e-01
5.7179177281e-01
5.7192707871e-01
5.7206612544e-01
5.7219566014e-01
5.7231559349e-01
5.7242584297e-01
5.7253916267e-01
5.7263980635e-01
5.7272768528e-01
5.7280272209e-01
5.7287619586e-01
5.7293071073e-01
5.7296619682e-01
5.7298260868e-01
5.7298109811e-01
5.7296427202e-01
5.7293214769e-01
5.7288475812e-01
5.7283247451e-01
5.7276922184e-01
5.7269504725e-01
5.7261000607e-01
5.7252319910e-01
5.7242749408e-01
5.7232295041e-01
5.7220963311e-01
5.7209694086e-01
5.7197684648e-01
5.7184941437e-01
5.7171471303e-01
5.7158142551e-01
5.7144183283e-01
5.7129600182e-01
5.7114400248e-01
5.7099298331e-01
5.7083645948e-01
5.7067450018e-01
5.7050717716e-01
5.7034093719e-01
5.7016985452e-01
5.6999400014e-01
5.6981344719e-01
5.6963407892e-01
5.6945044002e-01
5.6926260287e-01
5.6907064169e-01
5.6887983982e-01
5.6868527212e-01
5.6848701217e-01
5.6828513517e-01
5.6808431633e-01
5.6788018601e-01
5.6767281897e-01
5.6746229136e-01
5.6725267605e-01
5.6704016589e-01
5.6682483680e-01
5.6660676597e-01
5.6638940940e-01
5.6616954601e-01
5.6594725302e-01
5.6572260873e-01
5.6549844310e-01
5.6527213769e-01
5.6504377111e-01
5.6481342297e-01
5.6458325883e-01
5.6435130687e-01
5.6411764735e-01
5.6388236136e-01
5.6364687488e-01
5.6340994268e-01
5.6317164692e-01
5.6293207050e-01
5.6269180051e-01
5.6245042234e-01
5.6220802049e-01
5.6196468011e-01
5.6171994175e-01
5.6147443381e-01
5.6122824384e-01
5.6098145992e-01
5.6073211058e-01
5.6048233880e-01
5.6023223640e-01
5.5998189562e-01
5.5972616470e-01
5.5947038091e-01
5.5921464365e-01
5.5895905260e-01
5.5870108258e-01
5.5844346725e-01
5.5818631019e-01
5.5792971517e-01
5.5767553537e-01
5.5742211429e-01
5.5716955380e-01
5.5691795579e-01
5.5666668830e-01
5.5641659404e-01
5.5616777552e-01
5.5592033504e-01
5.5566970817e-01
5.5542072601e-01
5.5517349589e-01
5.5492812474e-01
5.5467315390e-01
5.5442046239e-01
5.5417017133e-01
5.5392240108e-01
5.5364325576e-01
5.5336771514e-01
5.5309595304e-01
5.5282814145e-01
5.5260054434e-01
5.5237611801e-01
5.5215496904e-01
5.5193720271e-01
5.5173517629e-01
5.5153633206e-01
5.5134075475e-01
5.5114852790e-01
5.5096620693e-01
5.5078715823e-01
5.5061145359e-01
5.5043916356e-01
5.5027429035e-01
5.5011280243e-01
5.4995476202e-01
5.4980023014e-01
5.4965171394e-01
5.4950670559e-01
5.4936525954e-01
5.4922742900e-01
5.4909472399e-01
5.4896565503e-01
5.4884026982e-01
5.4871861478e-01
5.4860146473e-01
5.4848808555e-01
5.4837851887e-01
5.4827280495e-01
5.4817116546e-01
5.4807344074e-01
5.4797966669e-01
5.4788987782e-01
5.4780386318e-01
5.4772192215e-01
5.4764408514e-01
5.4757038109e-01
5.4750025689e-01
5.4743439153e-01
5.4737280999e-01
5.4731553560e-01
5.4726172597e-01
5.4721241507e-01
5.4716762229e-01
5.4712736524e-01
5.4709054644e-01
5.4705860365e-01
5.4703155029e-01
5.4700939774e-01
5.4699214528e-01
5.4697981690e-01
5.4697241779e-01
5.4696995108e-01
