2.5225320515e-01
2.5243575005e-01
2.5298364886e-01
2.5389769459e-01
2.5517921023e-01
2.5601512320e-01
2.5695679565e-01
2.5800461661e-01
2.5915901891e-01
2.5995034085e-01
2.6078525487e-01
2.6166390098e-01
2.6258642652e-01
2.6327026775e-01
2.6397650107e-01
2.6470518654e-01
2.6545638613e-01
2.6604269612e-01
2.6664208925e-01
2.6725459499e-01
2.6788024346e-01
2.6838285897e-01
2.6889368037e-01
2.6941272327e-01
2.6994000353e-01
2.7038546478e-01
2.7083666084e-01
2.7129360126e-01
2.7175629570e-01
2.7216374900e-01
2.7257557615e-01
2.7299178370e-01
2.7341237827e-01
2.7381452140e-01
2.7422060634e-01
2.7463063871e-01
2.7504462410e-01
2.7542327864e-01
2.7580518930e-01
2.7619035988e-01
2.7657879398e-01
2.7690536204e-01
2.7723420555e-01
2.7756532584e-01
2.7789872378e-01
2.7816380564e-01
2.7843031002e-01
2.7869823640e-01
2.7896758389e-01
2.7921271430e-01
2.7945900736e-01
2.7970646108e-01
2.7995507285e-01
2.8021438211e-01
2.8047493120e-01
2.8073671431e-01
2.8099972434e-01
2.8124796010e-01
2.8149726287e-01
2.8174762246e-01
2.8199902691e-01
2.8224005050e-01
2.8248200004e-01
2.8272485945e-01
2.8296861041e-01
2.8318990645e-01
2.8341189833e-01
2.8363456709e-01
2.8385789189e-01
2.8414149414e-01
2.8442605998e-01
2.8471153319e-01
2.8499785226e-01
2.8523482185e-01
2.8547228237e-01
2.8571019136e-01
2.8594850424e-01
2.8620406629e-01
2.8645997837e-01
2.8671617885e-01
2.8697260419e-01
2.8725078992e-01
2.8752907886e-01
2.8780738522e-01
2.8808562245e-01
2.8843116135e-01
2.8877629305e-01
2.8912085290e-01
2.8946467894e-01
2.8977902747e-01
2.9009250796e-01
2.9040500558e-01
2.9071640956e-01
2.9104702480e-01
2.9137615357e-01
2.9170367911e-01
2.9202949104e-01
2.9239395772e-01
2.9275598477e-01
2.9311544430e-01
2.9347221854e-01
2.9393001596e-01
2.9438292086e-01
2.9483074813e-01
2.9527333653e-01
2.9577721409e-01
2.9627375695e-01
2.9676281910e-01
2.9724428464e-01
2.9777200984e-01
2.9829009487e-01
2.9879848427e-01
2.9929715113e-01
2.9979161122e-01
3.0027614407e-01
3.0075078879e-01
3.0121560092e-01
3.0171115828e-01
3.0219522094e-01
3.0266790834e-01
3.0312935122e-01
3.0364055819e-01
3.0413762518e-01
3.0462077834e-01
3.0509025076e-01
3.0562704468e-01
3.0614551162e-01
3.0664605116e-01
3.0712906349e-01
3.0770216639e-01
3.0824987316e-01
3.0877291851e-01
3.0927202426e-01
3.0989193462e-01
3.1047337933e-01
3.1101786172e-01
3.1152683100e-01
3.1212505687e-01
3.1267081816e-01
3.1316669805e-01
3.1361512679e-01
3.1403288183e-01
3.1440431644e-01
3.1473160754e-01
3.1501673859e-01
3.1525417403e-01
3.1545524314e-01
3.1562119057e-01
3.1575306757e-01
3.1585265888e-01
3.1591894187e-01
3.1595236667e-01
3.1595316200e-01
3.1591253117e-01
3.1582665825e-01
3.1569474338e-01
3.1551557666e-01
3.1532733433e-01
3.1510343473e-01
3.1484252479e-01
3.1454307089e-01
3.1422343927e-01
3.1386635276e-01
3.1347010449e-01
3.1303285987e-01
3.1264605444e-01
3.1222978107e-01
3.1178287552e-01
3.1130412099e-01
3.1089628281e-01
3.1046646487e-01
3.1001396789e-01
3.0953807221e-01
3.0912269526e-01
3.0869008592e-01
3.0823979645e-01
3.0777137121e-01
3.0735447659e-01
3.0692358282e-01
3.0647839130e-01
3.0601860184e-01
3.0560188867e-01
3.0517344536e-01
3.0473306897e-01
3.0428055887e-01
3.0386201765e-01
3.0343331192e-01
3.0299430488e-01
3.0254486517e-01
3.0211349736e-01
3.0167273591e-01
3.0122249254e-01
3.0076268845e-01
3.0018496287e-01
2.9959262565e-01
2.9898561662e-01
2.9836392029e-01
2.9792553387e-01
2.9748017347e-01
2.9702788528e-01
2.9656873385e-01
2.9616554133e-01
2.9575733156e-01
2.9534418738e-01
2.9492620678e-01
2.9458194678e-01
2.9423461848e-01
2.9388430070e-01
2.9353108090e-01
2.9321163538e-01
2.9289000564e-01
2.9256627432e-01
2.9224053058e-01
2.9193652995e-01
2.9163096043e-01
2.9132390873e-01
2.9101546654e-01
2.9069981152e-01
2.9038292015e-01
2.9006490476e-01
2.8974588233e-01
2.8945348227e-01
2.8916043767e-01
2.8886684645e-01
2.8857280854e-01
2.8829469274e-01
2.8801635539e-01
2.8773788348e-01
2.8745936400e-01
2.8722087361e-01
2.8698246578e-01
2.8674419373e-01
2.8650610973e-01
2.8626817260e-01
2.8603052475e-01
2.8579321450e-01
2.8555628843e-01
2.8530694710e-01
2.8505813239e-01
2.8480989148e-01
2.8456226870e-01
2.8433752517e-01
2.8411335680e-01
2.8388979057e-01
2.8366685147e-01
2.8342454779e-01
2.8318304377e-01
2.8294236385e-01
2.8270252992e-01
2.8243291346e-01
2.8216442380e-01
2.8189708225e-01
2.8163090711e-01
2.8137440191e-01
2.8111901602e-01
2.8086475958e-01
2.8061164107e-01
2.8035019510e-01
2.8008998845e-01
2.7983102636e-01
2.7957331300e-01
2.7926982187e-01
2.7896808967e-01
2.7866811933e-01
2.7836991278e-01
2.7799373984e-01
2.7762041439e-01
2.7724993616e-01
2.7688230400e-01
2.7644270734e-01
2.7600724355e-01
2.7557590781e-01
2.7514869482e-01
2.7470756180e-01
2.7427089974e-01
2.7383870195e-01
2.7341096166e-01
2.7291076682e-01
2.7241678764e-01
2.7192901300e-01
2.7144743185e-01
2.7083670527e-01
2.7023619732e-01
2.6964588540e-01
2.6906574723e-01
2.6824588678e-01
2.6744713253e-01
2.6666942164e-01
2.6591269291e-01
2.6464387588e-01
2.6343830201e-01
2.6229568322e-01
2.6121574644e-01
2.5911111165e-01
2.5729093742e-01
2.5575322542e-01
2.5449628744e-01
2.5351412249e-01
2.5281335379e-01
2.5239320346e-01
2.5225320514e-01
