0.0000000000e+00
1.7812088841e-02
3.5624177681e-02
5.3436266522e-02
7.1248355362e-02
8.0532242675e-02
8.9816129987e-02
9.9100017300e-02
1.0838390461e-01
1.1427902463e-01
1.2017414465e-01
1.2606926467e-01
1.3196438469e-01
1.3608402446e-01
1.4020366423e-01
1.4432330400e-01
1.4844294377e-01
1.5154429591e-01
1.5464564805e-01
1.5774700020e-01
1.6084835234e-01
1.6334117495e-01
1.6583399755e-01
1.6832682016e-01
1.7081964277e-01
1.7296650472e-01
1.7511336668e-01
1.7726022863e-01
1.7940709058e-01
1.8173427624e-01
1.8406146189e-01
1.8638864755e-01
1.8871583320e-01
1.9038082802e-01
1.9204582283e-01
1.9371081764e-01
1.9537581246e-01
1.9660373525e-01
1.9783165805e-01
1.9905958084e-01
2.0028750363e-01
2.0142574270e-01
2.0256398177e-01
2.0370222084e-01
2.0484045991e-01
2.0610662816e-01
2.0737279641e-01
2.0863896467e-01
2.0990513292e-01
2.1091658861e-01
2.1192804430e-01
2.1293949999e-01
2.1395095568e-01
2.1494500590e-01
2.1593905611e-01
2.1693310633e-01
2.1792715654e-01
2.1912161748e-01
2.2031607841e-01
2.2151053935e-01
2.2270500029e-01
2.2373061230e-01
2.2475622431e-01
2.2578183632e-01
2.2680744833e-01
2.2804828411e-01
2.2928911990e-01
2.3052995569e-01
2.3177079148e-01
2.3313269608e-01
2.3449460069e-01
2.3585650530e-01
2.3721840991e-01
2.3855412734e-01
2.3988984478e-01
2.4122556221e-01
2.4256127964e-01
2.4407221330e-01
2.4558314695e-01
2.4709408061e-01
2.4860501426e-01
2.5045767799e-01
2.5231034172e-01
2.5416300545e-01
2.5601566917e-01
2.5835975451e-01
2.6070383985e-01
2.6304792519e-01
2.6539201053e-01
2.6809226441e-01
2.7079251829e-01
2.7349277217e-01
2.7619302605e-01
2.7896791988e-01
2.8174281371e-01
2.8451770755e-01
2.8729260138e-01
2.9048696671e-01
2.9368133204e-01
2.9687569737e-01
3.0007006270e-01
3.0396742391e-01
3.0786478512e-01
3.1176214633e-01
3.1565950754e-01
3.2058900310e-01
3.2551849867e-01
3.3044799423e-01
3.3537748980e-01
3.4130930061e-01
3.4724111142e-01
3.5317292223e-01
3.5910473303e-01
3.6508037552e-01
3.7105601800e-01
3.7703166049e-01
3.8300730297e-01
3.8799427373e-01
3.9298124448e-01
3.9796821523e-01
4.0295518599e-01
4.0684714805e-01
4.1073911011e-01
4.1463107218e-01
4.1852303424e-01
4.2177877827e-01
4.2503452229e-01
4.2829026631e-01
4.3154601033e-01
4.3480139739e-01
4.3805678445e-01
4.4131217152e-01
4.4456755858e-01
4.4735971304e-01
4.5015186750e-01
4.5294402196e-01
4.5573617642e-01
4.5828213989e-01
4.6082810337e-01
4.6337406685e-01
4.6592003032e-01
4.6839043652e-01
4.7086084272e-01
4.7333124892e-01
4.7580165512e-01
4.7836540576e-01
4.8092915640e-01
4.8349290704e-01
4.8605665767e-01
4.8844711392e-01
4.9083757017e-01
4.9322802642e-01
4.9561848266e-01
4.9801294169e-01
5.0040740071e-01
5.0280185973e-01
5.0519631876e-01
5.0794860528e-01
5.1070089180e-01
5.1345317832e-01
5.1620546484e-01
5.1870002709e-01
5.2119458935e-01
5.2368915160e-01
5.2618371385e-01
5.2910978384e-01
5.3203585382e-01
5.3496192380e-01
5.3788799379e-01
5.4120369660e-01
5.4451939941e-01
5.4783510222e-01
5.5115080503e-01
5.5435856805e-01
5.5756633108e-01
5.6077409411e-01
5.6398185714e-01
5.6768749505e-01
5.7139313296e-01
5.7509877087e-01
5.7880440878e-01
5.8378875118e-01
5.8877309358e-01
5.9375743598e-01
5.9874177838e-01
6.0454769697e-01
6.1035361557e-01
6.1615953416e-01
6.2196545275e-01
6.2785036352e-01
6.3373527428e-01
6.3962018505e-01
6.4550509581e-01
6.5047135351e-01
6.5543761122e-01
6.6040386892e-01
6.6537012662e-01
6.6939315932e-01
6.7341619201e-01
6.7743922471e-01
6.8146225741e-01
6.8483789097e-01
6.8821352454e-01
6.9158915810e-01
6.9496479167e-01
6.9789600157e-01
7.0082721147e-01
7.0375842137e-01
7.0668963128e-01
7.0934387031e-01
7.1199810935e-01
7.1465234838e-01
7.1730658742e-01
7.2055318565e-01
7.2379978388e-01
7.2704638212e-01
7.3029298035e-01
7.3249334478e-01
7.3469370921e-01
7.3689407364e-01
7.3909443808e-01
7.4083239668e-01
7.4257035529e-01
7.4430831390e-01
7.4604627250e-01
7.4750839649e-01
7.4897052047e-01
7.5043264445e-01
7.5189476843e-01
7.5321635905e-01
7.5453794967e-01
7.5585954029e-01
7.5718113090e-01
7.5859087039e-01
7.6000060988e-01
7.6141034937e-01
7.6282008885e-01
7.6398268803e-01
7.6514528721e-01
7.6630788638e-01
7.6747048556e-01
7.6852622020e-01
7.6958195484e-01
7.7063768948e-01
7.7169342412e-01
7.7266802319e-01
7.7364262226e-01
7.7461722133e-01
7.7559182040e-01
7.7664260089e-01
7.7769338138e-01
7.7874416188e-01
7.7979494237e-01
7.8075206970e-01
7.8170919702e-01
7.8266632435e-01
7.8362345168e-01
7.8470018748e-01
7.8577692329e-01
7.8685365910e-01
7.8793039490e-01
7.8911778897e-01
7.9030518303e-01
7.9149257710e-01
7.9267997116e-01
7.9383318373e-01
7.9498639630e-01
7.9613960886e-01
7.9729282143e-01
7.9877203729e-01
8.0025125315e-01
8.0173046901e-01
8.0320968487e-01
8.0563045784e-01
8.0805123082e-01
8.1047200379e-01
8.1289277676e-01
8.1508845389e-01
8.1728413102e-01
8.1947980815e-01
8.2167548529e-01
8.2436441593e-01
8.2705334658e-01
8.2974227722e-01
8.3243120787e-01
8.3627127652e-01
8.4011134518e-01
8.4395141383e-01
8.4779148249e-01
8.5455666981e-01
8.6132185714e-01
8.6808704447e-01
8.7485223180e-01
8.9046921807e-01
9.0608620434e-01
9.2170319062e-01
9.3732017689e-01
9.5299013267e-01
9.6866008844e-01
9.8433004422e-01
1.0000000000e+00
