2.5899495569e-01
2.5911107501e-01
2.5945953706e-01
2.6004065431e-01
2.6085494787e-01
2.6142737521e-01
2.6207688640e-01
2.6280367295e-01
2.6360794916e-01
2.6418749267e-01
2.6480167934e-01
2.6545058973e-01
2.6613430891e-01
2.6665697559e-01
2.6719838305e-01
2.6775856933e-01
2.6833757380e-01
2.6879919422e-01
2.6927215747e-01
2.6975648350e-01
2.7025219275e-01
2.7065658578e-01
2.7106827463e-01
2.7148727038e-01
2.7191358432e-01
2.7227679377e-01
2.7264516617e-01
2.7301870850e-01
2.7339742783e-01
2.7373124316e-01
2.7406898979e-01
2.7441067254e-01
2.7475629627e-01
2.7507547493e-01
2.7539795017e-01
2.7572372576e-01
2.7605280546e-01
2.7642844247e-01
2.7680830407e-01
2.7719239546e-01
2.7758072165e-01
2.7785599792e-01
2.7813336700e-01
2.7841283018e-01
2.7869438854e-01
2.7892784495e-01
2.7916272323e-01
2.7939902343e-01
2.7963674529e-01
2.7984437539e-01
2.8005307696e-01
2.8026284911e-01
2.8047369063e-01
2.8067724229e-01
2.8088177754e-01
2.8108729408e-01
2.8129378912e-01
2.8157525654e-01
2.8185850499e-01
2.8214352096e-01
2.8243028749e-01
2.8262661531e-01
2.8282373786e-01
2.8302164612e-01
2.8322032983e-01
2.8340822448e-01
2.8359678627e-01
2.8378600305e-01
2.8397586130e-01
2.8416418223e-01
2.8435309976e-01
2.8454259656e-01
2.8473265381e-01
2.8496877105e-01
2.8520567422e-01
2.8544331737e-01
2.8568165075e-01
2.8587318345e-01
2.8606509627e-01
2.8625735855e-01
2.8644993833e-01
2.8665604899e-01
2.8686244213e-01
2.8706907431e-01
2.8727590085e-01
2.8750798569e-01
2.8774019151e-01
2.8797245143e-01
2.8820469777e-01
2.8847039846e-01
2.8873588965e-01
2.8900106925e-01
2.8926583597e-01
2.8952507515e-01
2.8978372794e-01
2.9004170354e-01
2.9029891346e-01
2.9056167868e-01
2.9082345956e-01
2.9108416985e-01
2.9134372676e-01
2.9162666155e-01
2.9190801793e-01
2.9218770212e-01
2.9246562570e-01
2.9278826449e-01
2.9310825884e-01
2.9342549467e-01
2.9373986721e-01
2.9414398514e-01
2.9454291804e-01
2.9493650052e-01
2.9532458876e-01
2.9574783305e-01
2.9616404511e-01
2.9657310788e-01
2.9697492687e-01
2.9739371697e-01
2.9780418453e-01
2.9820628318e-01
2.9859998441e-01
2.9899087115e-01
2.9937309980e-01
2.9974668355e-01
3.0011164632e-01
3.0049776659e-01
3.0087383774e-01
3.0123992109e-01
3.0159608533e-01
3.0198382623e-01
3.0235929710e-01
3.0272261588e-01
3.0307390465e-01
3.0346485950e-01
3.0384012574e-01
3.0419989919e-01
3.0454437496e-01
3.0493630936e-01
3.0530698835e-01
3.0565672648e-01
3.0598582771e-01
3.0636983542e-01
3.0672238994e-01
3.0704400204e-01
3.0733514501e-01
3.0767675478e-01
3.0796585801e-01
3.0820324042e-01
3.0838955343e-01
3.0854307801e-01
3.0862833852e-01
3.0864565900e-01
3.0859510544e-01
3.0851139610e-01
3.0838835651e-01
3.0822571883e-01
3.0802313076e-01
3.0783101057e-01
3.0761252660e-01
3.0736737931e-01
3.0709523561e-01
3.0684650677e-01
3.0657838865e-01
3.0629063443e-01
3.0598298266e-01
3.0570252300e-01
3.0540698658e-01
3.0509618451e-01
3.0476992197e-01
3.0447058446e-01
3.0415903846e-01
3.0383514398e-01
3.0349875973e-01
3.0318680213e-01
3.0286461287e-01
3.0253209136e-01
3.0218913874e-01
3.0186603589e-01
3.0153404347e-01
3.0119309347e-01
3.0084312193e-01
3.0050356725e-01
3.0015583543e-01
2.9979988752e-01
2.9943569151e-01
2.9896013140e-01
2.9847114224e-01
2.9796872815e-01
2.9745292964e-01
2.9709716468e-01
2.9673537415e-01
2.9636760826e-01
2.9599393034e-01
2.9565435121e-01
2.9531015977e-01
2.9496143369e-01
2.9460826269e-01
2.9432028019e-01
2.9402953369e-01
2.9373608978e-01
2.9344002152e-01
2.9317313535e-01
2.9290427664e-01
2.9263351195e-01
2.9236091262e-01
2.9210750570e-01
2.9185266185e-01
2.9159644866e-01
2.9133893737e-01
2.9108693195e-01
2.9083383851e-01
2.9057973273e-01
2.9032469336e-01
2.9005044792e-01
2.8977532829e-01
2.8949944182e-01
2.8922289880e-01
2.8899353625e-01
2.8876386608e-01
2.8853395409e-01
2.8830386658e-01
2.8808766989e-01
2.8787143216e-01
2.8765520824e-01
2.8743905253e-01
2.8724541805e-01
2.8705191963e-01
2.8685859465e-01
2.8666547965e-01
2.8646139484e-01
2.8625762593e-01
2.8605421238e-01
2.8585119202e-01
2.8565271092e-01
2.8545467423e-01
2.8525711255e-01
2.8506005471e-01
2.8487522604e-01
2.8469088790e-01
2.8450705988e-01
2.8432376022e-01
2.8412810068e-01
2.8393308514e-01
2.8373873088e-01
2.8354505358e-01
2.8332919350e-01
2.8311421603e-01
2.8290013674e-01
2.8268696928e-01
2.8247272427e-01
2.8225943107e-01
2.8204709877e-01
2.8183573517e-01
2.8162807106e-01
2.8142136246e-01
2.8121561387e-01
2.8101082906e-01
2.8078456476e-01
2.8055949609e-01
2.8033562577e-01
2.8011295591e-01
2.7982256086e-01
2.7953423845e-01
2.7924799018e-01
2.7896381674e-01
2.7856605413e-01
2.7817242774e-01
2.7778293486e-01
2.7739757189e-01
2.7705389576e-01
2.7671356540e-01
2.7637657725e-01
2.7604292763e-01
2.7567724822e-01
2.7531565514e-01
2.7495814322e-01
2.7460470727e-01
2.7418987155e-01
2.7378077938e-01
2.7337742224e-01
2.7297979173e-01
2.7248103992e-01
2.7199156945e-01
2.7151136367e-01
2.7104040622e-01
2.7039487856e-01
2.6976749964e-01
2.6915822737e-01
2.6856702084e-01
2.6763790188e-01
2.6675694360e-01
2.6592398746e-01
2.6513888358e-01
2.6369586194e-01
2.6244719168e-01
2.6139195244e-01
2.6052936648e-01
2.5985768940e-01
2.5937827473e-01
2.5909076773e-01
2.5899495569e-01
