0.0000000000e+00
1.8119324232e-02
3.6238648463e-02
5.4357972695e-02
7.2477296926e-02
8.2084675039e-02
9.1692053152e-02
1.0129943126e-01
1.1090680938e-01
1.1700435377e-01
1.2310189817e-01
1.2919944256e-01
1.3529698696e-01
1.3962152419e-01
1.4394606142e-01
1.4827059866e-01
1.5259513589e-01
1.5586764231e-01
1.5914014872e-01
1.6241265514e-01
1.6568516155e-01
1.6827617891e-01
1.7086719626e-01
1.7345821361e-01
1.7604923097e-01
1.7820879539e-01
1.8036835981e-01
1.8252792423e-01
1.8468748865e-01
1.8657550066e-01
1.8846351267e-01
1.9035152467e-01
1.9223953668e-01
1.9409917805e-01
1.9595881942e-01
1.9781846078e-01
1.9967810215e-01
2.0122446438e-01
2.0277082661e-01
2.0431718884e-01
2.0586355107e-01
2.0713078235e-01
2.0839801363e-01
2.0966524492e-01
2.1093247620e-01
2.1198565846e-01
2.1303884073e-01
2.1409202300e-01
2.1514520526e-01
2.1612325701e-01
2.1710130876e-01
2.1807936050e-01
2.1905741225e-01
2.2019791052e-01
2.2133840879e-01
2.2247890706e-01
2.2361940533e-01
2.2455157240e-01
2.2548373948e-01
2.2641590655e-01
2.2734807362e-01
2.2818846590e-01
2.2902885819e-01
2.2986925048e-01
2.3070964276e-01
2.3158126822e-01
2.3245289367e-01
2.3332451913e-01
2.3419614458e-01
2.3507394173e-01
2.3595173887e-01
2.3682953601e-01
2.3770733315e-01
2.3856868263e-01
2.3943003212e-01
2.4029138160e-01
2.4115273108e-01
2.4213884418e-01
2.4312495729e-01
2.4411107039e-01
2.4509718349e-01
2.4618959799e-01
2.4728201249e-01
2.4837442699e-01
2.4946684149e-01
2.5060554774e-01
2.5174425398e-01
2.5288296022e-01
2.5402166647e-01
2.5518429703e-01
2.5634692759e-01
2.5750955815e-01
2.5867218872e-01
2.5994070478e-01
2.6120922084e-01
2.6247773691e-01
2.6374625297e-01
2.6525585845e-01
2.6676546394e-01
2.6827506942e-01
2.6978467491e-01
2.7167247783e-01
2.7356028075e-01
2.7544808367e-01
2.7733588659e-01
2.7978390669e-01
2.8223192678e-01
2.8467994688e-01
2.8712796698e-01
2.8944620696e-01
2.9176444695e-01
2.9408268694e-01
2.9640092692e-01
2.9884307038e-01
3.0128521384e-01
3.0372735730e-01
3.0616950075e-01
3.0892104277e-01
3.1167258478e-01
3.1442412680e-01
3.1717566881e-01
3.2040431674e-01
3.2363296467e-01
3.2686161260e-01
3.3009026053e-01
3.3406338395e-01
3.3803650736e-01
3.4200963077e-01
3.4598275419e-01
3.5125332539e-01
3.5652389659e-01
3.6179446779e-01
3.6706503899e-01
3.7377440479e-01
3.8048377060e-01
3.8719313640e-01
3.9390250221e-01
4.0085596410e-01
4.0780942599e-01
4.1476288788e-01
4.2171634977e-01
4.2828238238e-01
4.3484841499e-01
4.4141444760e-01
4.4798048021e-01
4.5431488670e-01
4.6064929318e-01
4.6698369967e-01
4.7331810615e-01
4.7982878566e-01
4.8633946517e-01
4.9285014467e-01
4.9936082418e-01
5.0598372260e-01
5.1260662103e-01
5.1922951945e-01
5.2585241787e-01
5.3226675809e-01
5.3868109831e-01
5.4509543853e-01
5.5150977875e-01
5.5856179440e-01
5.6561381005e-01
5.7266582569e-01
5.7971784134e-01
5.8649163472e-01
5.9326542810e-01
6.0003922147e-01
6.0681301485e-01
6.1240427237e-01
6.1799552988e-01
6.2358678740e-01
6.2917804492e-01
6.3355546035e-01
6.3793287578e-01
6.4231029121e-01
6.4668770665e-01
6.5029820220e-01
6.5390869776e-01
6.5751919331e-01
6.6112968887e-01
6.6421181526e-01
6.6729394165e-01
6.7037606804e-01
6.7345819443e-01
6.7615956551e-01
6.7886093658e-01
6.8156230766e-01
6.8426367874e-01
6.8669299911e-01
6.8912231948e-01
6.9155163984e-01
6.9398096021e-01
6.9625778554e-01
6.9853461086e-01
7.0081143619e-01
7.0308826152e-01
7.0566511070e-01
7.0824195989e-01
7.1081880907e-01
7.1339565826e-01
7.1535083866e-01
7.1730601906e-01
7.1926119945e-01
7.2121637985e-01
7.2286104377e-01
7.2450570769e-01
7.2615037160e-01
7.2779503552e-01
7.2915289309e-01
7.3051075065e-01
7.3186860822e-01
7.3322646578e-01
7.3445572678e-01
7.3568498778e-01
7.3691424877e-01
7.3814350977e-01
7.3927731459e-01
7.4041111942e-01
7.4154492424e-01
7.4267872906e-01
7.4397226548e-01
7.4526580190e-01
7.4655933832e-01
7.4785287474e-01
7.4886753405e-01
7.4988219337e-01
7.5089685269e-01
7.5191151200e-01
7.5288292013e-01
7.5385432826e-01
7.5482573639e-01
7.5579714452e-01
7.5664018321e-01
7.5748322189e-01
7.5832626057e-01
7.5916929926e-01
7.6013950899e-01
7.6110971873e-01
7.6207992847e-01
7.6305013820e-01
7.6388736366e-01
7.6472458912e-01
7.6556181457e-01
7.6639904003e-01
7.6727695688e-01
7.6815487373e-01
7.6903279057e-01
7.6991070742e-01
7.7086018954e-01
7.7180967165e-01
7.7275915377e-01
7.7370863589e-01
7.7474804285e-01
7.7578744980e-01
7.7682685676e-01
7.7786626372e-01
7.7885235908e-01
7.7983845445e-01
7.8082454981e-01
7.8181064517e-01
7.8292665066e-01
7.8404265615e-01
7.8515866164e-01
7.8627466713e-01
7.8773051472e-01
7.8918636232e-01
7.9064220992e-01
7.9209805751e-01
7.9404260827e-01
7.9598715903e-01
7.9793170978e-01
7.9987626054e-01
8.0176524370e-01
8.0365422687e-01
8.0554321003e-01
8.0743219320e-01
8.0964342298e-01
8.1185465276e-01
8.1406588254e-01
8.1627711231e-01
8.1910176724e-01
8.2192642217e-01
8.2475107709e-01
8.2757573202e-01
8.3163400076e-01
8.3569226950e-01
8.3975053824e-01
8.4380880699e-01
8.5086130861e-01
8.5791381023e-01
8.6496631185e-01
8.7201881347e-01
8.8799367921e-01
9.0396854494e-01
9.1994341067e-01
9.3591827640e-01
9.5193870730e-01
9.6795913820e-01
9.8397956910e-01
1.0000000000e+00
