0.0000000000e+00
4.9424282584e-03
9.8848565168e-03
1.4827284775e-02
1.9769713034e-02
2.4872336579e-02
2.9974960125e-02
3.5077583670e-02
4.0180207215e-02
4.4307147078e-02
4.8434086941e-02
5.2561026803e-02
5.6687966666e-02
6.0058952589e-02
6.3429938512e-02
6.6800924435e-02
7.0171910357e-02
7.3026256221e-02
7.5880602084e-02
7.8734947947e-02
8.1589293811e-02
8.4254828917e-02
8.6920364024e-02
8.9585899130e-02
9.2251434237e-02
9.5492468931e-02
9.8733503625e-02
1.0197453832e-01
1.0521557301e-01
1.0776741121e-01
1.1031924940e-01
1.1287108759e-01
1.1542292579e-01
1.1773596855e-01
1.2004901130e-01
1.2236205406e-01
1.2467509682e-01
1.2701055250e-01
1.2934600817e-01
1.3168146385e-01
1.3401691953e-01
1.3650190667e-01
1.3898689380e-01
1.4147188094e-01
1.4395686807e-01
1.4629310420e-01
1.4862934032e-01
1.5096557645e-01
1.5330181257e-01
1.5605023306e-01
1.5879865355e-01
1.6154707404e-01
1.6429549453e-01
1.6714174455e-01
1.6998799456e-01
1.7283424458e-01
1.7568049460e-01
1.7892519355e-01
1.8216989249e-01
1.8541459143e-01
1.8865929038e-01
1.9179889047e-01
1.9493849056e-01
1.9807809066e-01
2.0121769075e-01
2.0459549558e-01
2.0797330040e-01
2.1135110523e-01
2.1472891006e-01
2.1857880410e-01
2.2242869813e-01
2.2627859217e-01
2.3012848620e-01
2.3478471751e-01
2.3944094881e-01
2.4409718011e-01
2.4875341142e-01
2.5497680909e-01
2.6120020677e-01
2.6742360444e-01
2.7364700212e-01
2.7876857280e-01
2.8389014348e-01
2.8901171416e-01
2.9413328484e-01
2.9848647897e-01
3.0283967310e-01
3.0719286724e-01
3.1154606137e-01
3.1527689525e-01
3.1900772914e-01
3.2273856302e-01
3.2646939690e-01
3.2979866885e-01
3.3312794080e-01
3.3645721275e-01
3.3978648470e-01
3.4294366469e-01
3.4610084468e-01
3.4925802467e-01
3.5241520466e-01
3.5586121401e-01
3.5930722337e-01
3.6275323273e-01
3.6619924208e-01
3.6908495348e-01
3.7197066488e-01
3.7485637628e-01
3.7774208768e-01
3.8033733310e-01
3.8293257851e-01
3.8552782392e-01
3.8812306934e-01
3.9049597003e-01
3.9286887072e-01
3.9524177141e-01
3.9761467210e-01
4.0062736957e-01
4.0364006704e-01
4.0665276451e-01
4.0966546198e-01
4.1205586508e-01
4.1444626818e-01
4.1683667128e-01
4.1922707437e-01
4.2177746621e-01
4.2432785804e-01
4.2687824987e-01
4.2942864170e-01
4.3205059141e-01
4.3467254111e-01
4.3729449082e-01
4.3991644053e-01
4.4275506003e-01
4.4559367954e-01
4.4843229904e-01
4.5127091855e-01
4.5400574903e-01
4.5674057951e-01
4.5947540999e-01
4.6221024047e-01
4.6518918834e-01
4.6816813620e-01
4.7114708407e-01
4.7412603194e-01
4.7770343855e-01
4.8128084516e-01
4.8485825177e-01
4.8843565837e-01
4.9234721396e-01
4.9625876955e-01
5.0017032513e-01
5.0408188072e-01
5.0739043765e-01
5.1069899459e-01
5.1400755152e-01
5.1731610846e-01
5.2019186479e-01
5.2306762113e-01
5.2594337747e-01
5.2881913381e-01
5.3153151599e-01
5.3424389816e-01
5.3695628034e-01
5.3966866252e-01
5.4284125621e-01
5.4601384989e-01
5.4918644358e-01
5.5235903726e-01
5.5490662144e-01
5.5745420561e-01
5.6000178979e-01
5.6254937396e-01
5.6489815220e-01
5.6724693043e-01
5.6959570866e-01
5.7194448689e-01
5.7429971122e-01
5.7665493555e-01
5.7901015989e-01
5.8136538422e-01
5.8393055313e-01
5.8649572203e-01
5.8906089094e-01
5.9162605984e-01
5.9397860808e-01
5.9633115632e-01
5.9868370455e-01
6.0103625279e-01
6.0382282539e-01
6.0660939800e-01
6.0939597061e-01
6.1218254321e-01
6.1505666952e-01
6.1793079583e-01
6.2080492215e-01
6.2367904846e-01
6.2699156099e-01
6.3030407352e-01
6.3361658606e-01
6.3692909859e-01
6.4009410068e-01
6.4325910276e-01
6.4642410484e-01
6.4958910692e-01
6.5302122964e-01
6.5645335236e-01
6.5988547508e-01
6.6331759780e-01
6.6724843661e-01
6.7117927541e-01
6.7511011422e-01
6.7904095303e-01
6.8377212652e-01
6.8850330002e-01
6.9323447352e-01
6.9796564701e-01
7.0398914485e-01
7.1001264269e-01
7.1603614053e-01
7.2205963837e-01
7.2713090443e-01
7.3220217050e-01
7.3727343656e-01
7.4234470262e-01
7.4666288205e-01
7.5098106147e-01
7.5529924090e-01
7.5961742033e-01
7.6330512575e-01
7.6699283118e-01
7.7068053661e-01
7.7436824203e-01
7.7766341396e-01
7.8095858589e-01
7.8425375782e-01
7.8754892974e-01
7.9066423441e-01
7.9377953907e-01
7.9689484373e-01
8.0001014839e-01
8.0372898579e-01
8.0744782319e-01
8.1116666059e-01
8.1488549799e-01
8.1764443836e-01
8.2040337874e-01
8.2316231911e-01
8.2592125948e-01
8.2852161034e-01
8.3112196120e-01
8.3372231206e-01
8.3632266292e-01
8.3863124867e-01
8.4093983441e-01
8.4324842015e-01
8.4555700589e-01
8.4911960912e-01
8.5268221236e-01
8.5624481560e-01
8.5980741883e-01
8.6207062471e-01
8.6433383059e-01
8.6659703647e-01
8.6886024235e-01
8.7136850481e-01
8.7387676726e-01
8.7638502971e-01
8.7889329217e-01
8.8153271575e-01
8.8417213933e-01
8.8681156291e-01
8.8945098649e-01
8.9221018825e-01
8.9496939002e-01
8.9772859178e-01
9.0048779354e-01
9.0319202827e-01
9.0589626301e-01
9.0860049774e-01
9.1130473247e-01
9.1437310721e-01
9.1744148195e-01
9.2050985670e-01
9.2357823144e-01
9.2757274385e-01
9.3156725627e-01
9.3556176869e-01
9.3955628111e-01
9.4477684043e-01
9.4999739976e-01
9.5521795908e-01
9.6043851840e-01
9.6538370360e-01
9.7032888880e-01
9.7527407400e-01
9.8021925920e-01
9.8516444440e-01
9.9010962960e-01
9.9505481480e-01
1.0000000000e+00
