0.0000000000e+00
5.0248123351e-03
1.0049624670e-02
1.5074437005e-02
2.0099249340e-02
2.3573251064e-02
2.7047252787e-02
3.0521254510e-02
3.3995256234e-02
3.6950041122e-02
3.9904826011e-02
4.2859610899e-02
4.5814395787e-02
4.8554071960e-02
5.1293748133e-02
5.4033424306e-02
5.6773100479e-02
5.9793319322e-02
6.2813538165e-02
6.5833757008e-02
6.8853975850e-02
7.1502580582e-02
7.4151185313e-02
7.6799790044e-02
7.9448394775e-02
8.1955162523e-02
8.4461930271e-02
8.6968698018e-02
8.9475465766e-02
9.1832455232e-02
9.4189444698e-02
9.6546434164e-02
9.8903423630e-02
1.0165013156e-01
1.0439683948e-01
1.0714354741e-01
1.0989025534e-01
1.1233831932e-01
1.1478638330e-01
1.1723444728e-01
1.1968251126e-01
1.2224605879e-01
1.2480960631e-01
1.2737315384e-01
1.2993670137e-01
1.3273203078e-01
1.3552736020e-01
1.3832268962e-01
1.4111801903e-01
1.4522812389e-01
1.4933822875e-01
1.5344833361e-01
1.5755843847e-01
1.6075067027e-01
1.6394290206e-01
1.6713513385e-01
1.7032736565e-01
1.7371417527e-01
1.7710098488e-01
1.8048779450e-01
1.8387460412e-01
1.8771344247e-01
1.9155228083e-01
1.9539111918e-01
1.9922995754e-01
2.0386203216e-01
2.0849410679e-01
2.1312618141e-01
2.1775825603e-01
2.2314438423e-01
2.2853051242e-01
2.3391664061e-01
2.3930276881e-01
2.4451223734e-01
2.4972170587e-01
2.5493117440e-01
2.6014064293e-01
2.6466536902e-01
2.6919009512e-01
2.7371482121e-01
2.7823954731e-01
2.8206214726e-01
2.8588474722e-01
2.8970734717e-01
2.9352994713e-01
2.9695323470e-01
3.0037652228e-01
3.0379980986e-01
3.0722309743e-01
3.1042810244e-01
3.1363310744e-01
3.1683811245e-01
3.2004311746e-01
3.2335184669e-01
3.2666057593e-01
3.2996930516e-01
3.3327803440e-01
3.3626076352e-01
3.3924349264e-01
3.4222622176e-01
3.4520895088e-01
3.4802381617e-01
3.5083868146e-01
3.5365354676e-01
3.5646841205e-01
3.5889706846e-01
3.6132572487e-01
3.6375438128e-01
3.6618303769e-01
3.6859770992e-01
3.7101238214e-01
3.7342705436e-01
3.7584172658e-01
3.7844703849e-01
3.8105235039e-01
3.8365766230e-01
3.8626297421e-01
3.8856797882e-01
3.9087298343e-01
3.9317798804e-01
3.9548299265e-01
3.9798059259e-01
4.0047819252e-01
4.0297579246e-01
4.0547339239e-01
4.0822596898e-01
4.1097854558e-01
4.1373112218e-01
4.1648369877e-01
4.1928466042e-01
4.2208562206e-01
4.2488658371e-01
4.2768754536e-01
4.3046576734e-01
4.3324398933e-01
4.3602221131e-01
4.3880043330e-01
4.4194651337e-01
4.4509259345e-01
4.4823867352e-01
4.5138475360e-01
4.5601743144e-01
4.6065010928e-01
4.6528278713e-01
4.6991546497e-01
4.7499612096e-01
4.8007677695e-01
4.8515743293e-01
4.9023808892e-01
4.9525623155e-01
5.0027437418e-01
5.0529251680e-01
5.1031065943e-01
5.1482967259e-01
5.1934868575e-01
5.2386769891e-01
5.2838671207e-01
5.3182526476e-01
5.3526381746e-01
5.3870237015e-01
5.4214092285e-01
5.4507371883e-01
5.4800651482e-01
5.5093931081e-01
5.5387210679e-01
5.5661891209e-01
5.5936571738e-01
5.6211252268e-01
5.6485932797e-01
5.6792399421e-01
5.7098866045e-01
5.7405332668e-01
5.7711799292e-01
5.7975734210e-01
5.8239669127e-01
5.8503604045e-01
5.8767538963e-01
5.9018808900e-01
5.9270078838e-01
5.9521348776e-01
5.9772618714e-01
6.0008487000e-01
6.0244355287e-01
6.0480223573e-01
6.0716091859e-01
6.1010949035e-01
6.1305806210e-01
6.1600663386e-01
6.1895520562e-01
6.2132063863e-01
6.2368607163e-01
6.2605150464e-01
6.2841693764e-01
6.3099744525e-01
6.3357795286e-01
6.3615846047e-01
6.3873896808e-01
6.4158296288e-01
6.4442695767e-01
6.4727095246e-01
6.5011494726e-01
6.5395753995e-01
6.5780013264e-01
6.6164272533e-01
6.6548531803e-01
6.6866734076e-01
6.7184936349e-01
6.7503138622e-01
6.7821340895e-01
6.8161119849e-01
6.8500898804e-01
6.8840677758e-01
6.9180456712e-01
6.9566097214e-01
6.9951737717e-01
7.0337378219e-01
7.0723018721e-01
7.1186134121e-01
7.1649249521e-01
7.2112364921e-01
7.2575480321e-01
7.3129906956e-01
7.3684333592e-01
7.4238760227e-01
7.4793186863e-01
7.5305931655e-01
7.5818676447e-01
7.6331421239e-01
7.6844166031e-01
7.7302957775e-01
7.7761749518e-01
7.8220541262e-01
7.8679333005e-01
7.9057930351e-01
7.9436527696e-01
7.9815125042e-01
8.0193722388e-01
8.0532977193e-01
8.0872231998e-01
8.1211486803e-01
8.1550741608e-01
8.1870375908e-01
8.2190010208e-01
8.2509644509e-01
8.2829278809e-01
8.3187052049e-01
8.3544825288e-01
8.3902598528e-01
8.4260371767e-01
8.4549485930e-01
8.4838600093e-01
8.5127714256e-01
8.5416828419e-01
8.5702731338e-01
8.5988634257e-01
8.6274537177e-01
8.6560440096e-01
8.6799451224e-01
8.7038462352e-01
8.7277473480e-01
8.7516484608e-01
8.7762974329e-01
8.8009464050e-01
8.8255953771e-01
8.8502443491e-01
8.8752766091e-01
8.9003088690e-01
8.9253411289e-01
8.9503733888e-01
8.9735582897e-01
8.9967431905e-01
9.0199280914e-01
9.0431129922e-01
9.0681667615e-01
9.0932205308e-01
9.1182743000e-01
9.1433280693e-01
9.1717907774e-01
9.2002534854e-01
9.2287161935e-01
9.2571789015e-01
9.2849234149e-01
9.3126679282e-01
9.3404124416e-01
9.3681569549e-01
9.3963483432e-01
9.4245397315e-01
9.4527311198e-01
9.4809225081e-01
9.5137424843e-01
9.5465624606e-01
9.5793824368e-01
9.6122024130e-01
9.6606768266e-01
9.7091512401e-01
9.7576256537e-01
9.8061000672e-01
9.8545750504e-01
9.9030500336e-01
9.9515250168e-01
1.0000000000e+00
