2.8588943746e-01
2.8589301509e-01
2.8590374806e-01
2.8592163664e-01
2.8594668125e-01
2.8597391682e-01
2.8600643647e-01
2.8604424078e-01
2.8608733039e-01
2.8613110310e-01
2.8617924751e-01
2.8623176421e-01
2.8628865376e-01
2.8634974739e-01
2.8641519156e-01
2.8648498657e-01
2.8655913244e-01
2.8662238105e-01
2.8668848366e-01
2.8675743942e-01
2.8682924696e-01
2.8688549232e-01
2.8694336905e-01
2.8700287554e-01
2.8706400971e-01
2.8711988316e-01
2.8717704590e-01
2.8723549500e-01
2.8729522691e-01
2.8735734513e-01
2.8742078264e-01
2.8748553271e-01
2.8755158722e-01
2.8761613775e-01
2.8768186843e-01
2.8774876725e-01
2.8781682013e-01
2.8788155967e-01
2.8794728074e-01
2.8801396558e-01
2.8808159400e-01
2.8814451312e-01
2.8820818905e-01
2.8827259985e-01
2.8833772137e-01
2.8842108139e-01
2.8850547709e-01
2.8859084303e-01
2.8867710742e-01
2.8874786512e-01
2.8881912053e-01
2.8889082617e-01
2.8896293217e-01
2.8904448669e-01
2.8912640463e-01
2.8920860565e-01
2.8929100690e-01
2.8937954661e-01
2.8946811192e-01
2.8955659427e-01
2.8964488423e-01
2.8974746913e-01
2.8984946948e-01
2.8995071356e-01
2.9005103242e-01
2.9014577257e-01
2.9023937927e-01
2.9033171698e-01
2.9042265492e-01
2.9052136571e-01
2.9061805200e-01
2.9071256033e-01
2.9080474582e-01
2.9090859609e-01
2.9100893985e-01
2.9110559508e-01
2.9119839523e-01
2.9131008051e-01
2.9141507667e-01
2.9151314678e-01
2.9160408864e-01
2.9171841748e-01
2.9181828005e-01
2.9190343482e-01
2.9197374767e-01
2.9201779498e-01
2.9205303121e-01
2.9207952025e-01
2.9209736272e-01
2.9210586389e-01
2.9210825383e-01
2.9210466243e-01
2.9209524162e-01
2.9208348250e-01
2.9206813061e-01
2.9204930005e-01
2.9202711562e-01
2.9200452638e-01
2.9197946395e-01
2.9195204055e-01
2.9192237570e-01
2.9189240266e-01
2.9186065480e-01
2.9182725077e-01
2.9179231468e-01
2.9175269799e-01
2.9171159336e-01
2.9166918089e-01
2.9162564638e-01
2.9158899643e-01
2.9155182099e-01
2.9151423060e-01
2.9147633666e-01
2.9144231794e-01
2.9140822554e-01
2.9137413832e-01
2.9134013424e-01
2.9130835772e-01
2.9127678427e-01
2.9124547452e-01
2.9121448732e-01
2.9118028073e-01
2.9114662501e-01
2.9111359263e-01
2.9108125193e-01
2.9105322210e-01
2.9102582750e-01
2.9099910700e-01
2.9097309665e-01
2.9094694815e-01
2.9092163050e-01
2.9089717447e-01
2.9087360786e-01
2.9084812201e-01
2.9082383157e-01
2.9080076446e-01
2.9077894499e-01
2.9075843797e-01
2.9073921197e-01
2.9072128235e-01
2.9070466222e-01
2.9068918899e-01
2.9067507750e-01
2.9066233580e-01
2.9065097061e-01
2.9064002449e-01
2.9063077021e-01
2.9062321251e-01
2.9061735502e-01
2.9061306699e-01
2.9061062575e-01
2.9061003241e-01
2.9061128725e-01
2.9061401451e-01
2.9061825305e-01
2.9062400122e-01
2.9063125668e-01
2.9063947659e-01
2.9064903078e-01
2.9065991515e-01
2.9067212467e-01
2.9068766842e-01
2.9070491885e-01
2.9072386250e-01
2.9074448303e-01
2.9076273647e-01
2.9078210407e-01
2.9080257079e-01
2.9082411932e-01
2.9084476076e-01
2.9086627373e-01
2.9088863903e-01
2.9091183522e-01
2.9093683125e-01
2.9096267176e-01
2.9098932407e-01
2.9101675239e-01
2.9104522790e-01
2.9107441289e-01
2.9110426034e-01
2.9113471991e-01
2.9116478586e-01
2.9119532525e-01
2.9122628389e-01
2.9125760517e-01
2.9129469461e-01
2.9133210323e-01
2.9136972983e-01
2.9140747066e-01
2.9144900273e-01
2.9149040224e-01
2.9153152542e-01
2.9157222837e-01
2.9161351228e-01
2.9165404564e-01
2.9169367681e-01
2.9173225741e-01
2.9177051286e-01
2.9180736583e-01
2.9184267159e-01
2.9187629119e-01
2.9191172647e-01
2.9194471076e-01
2.9197507777e-01
2.9200267146e-01
2.9203320528e-01
2.9205885870e-01
2.9207938984e-01
2.9209458121e-01
2.9210579396e-01
2.9210796426e-01
2.9210081394e-01
2.9208411657e-01
2.9205181564e-01
2.9200571589e-01
2.9194570259e-01
2.9187175112e-01
2.9180884897e-01
2.9173857550e-01
2.9166101463e-01
2.9157627823e-01
2.9150142653e-01
2.9142192369e-01
2.9133787724e-01
2.9124940955e-01
2.9116952648e-01
2.9108654446e-01
2.9100057092e-01
2.9091172266e-01
2.9082929479e-01
2.9074473376e-01
2.9065814509e-01
2.9056964070e-01
2.9048162382e-01
2.9039201377e-01
2.9030093131e-01
2.9020850242e-01
2.9011491682e-01
2.9002025253e-01
2.8992464885e-01
2.8982824859e-01
2.8974324945e-01
2.8965785001e-01
2.8957215041e-01
2.8948625112e-01
2.8941020203e-01
2.8933414425e-01
2.8925814603e-01
2.8918227460e-01
2.8910970545e-01
2.8903737025e-01
2.8896532417e-01
2.8889362053e-01
2.8881328415e-01
2.8873351799e-01
2.8865438833e-01
2.8857595741e-01
2.8850915272e-01
2.8844294136e-01
2.8837735520e-01
2.8831242378e-01
2.8824261663e-01
2.8817364702e-01
2.8810554370e-01
2.8803833250e-01
2.8796234191e-01
2.8788758670e-01
2.8781409339e-01
2.8774188478e-01
2.8767411992e-01
2.8760755975e-01
2.8754221657e-01
2.8747810079e-01
2.8741266220e-01
2.8734857172e-01
2.8728583617e-01
2.8722446116e-01
2.8715201684e-01
2.8708157801e-01
2.8701314973e-01
2.8694673588e-01
2.8686403362e-01
2.8678469367e-01
2.8670871913e-01
2.8663611204e-01
2.8655748341e-01
2.8648322976e-01
2.8641335145e-01
2.8634784844e-01
2.8628199070e-01
2.8622123997e-01
2.8616559556e-01
2.8611505672e-01
2.8606217342e-01
2.8601634348e-01
2.8597756590e-01
2.8594583977e-01
2.8592116330e-01
2.8590353768e-01
2.8589296247e-01
2.8588943743e-01
