1.7153818006e-09
2.1271277338e-09
8.5257261528e-09
3.1298750541e-08
1.6529070047e-07
4.0514678917e-07
9.7150005430e-07
2.3271230541e-06
5.6694179154e-06
1.0169571180e-05
1.8188921156e-05
3.2530510731e-05
5.8301328046e-05
8.8462710310e-05
1.3415554537e-04
2.0344323707e-04
3.0862544718e-04
4.2480927461e-04
5.8462327395e-04
8.0450072192e-04
1.1070793956e-03
1.4373133712e-03
1.8657463421e-03
2.4215117963e-03
3.1423115548e-03
3.9609955787e-03
4.9915719822e-03
6.2882404141e-03
7.9186392968e-03
9.8073944564e-03
1.2139830790e-02
1.5016774707e-02
1.8560055788e-02
2.1873092058e-02
2.5758469091e-02
3.0307736302e-02
3.5624192834e-02
4.0459500629e-02
4.5912154656e-02
5.2049683306e-02
5.8943718682e-02
6.6133971592e-02
7.4113112781e-02
8.2944912543e-02
9.2692460832e-02
1.0384367143e-01
1.1611012536e-01
1.2954676480e-01
1.4419739925e-01
1.5831790815e-01
1.7343767077e-01
1.8955256738e-01
2.0664391820e-01
2.2317763826e-01
2.4046795161e-01
2.5846450782e-01
2.7710588790e-01
2.9864102982e-01
3.2077983564e-01
3.4339780178e-01
3.6636281300e-01
3.8767676538e-01
4.0906255458e-01
4.3041599862e-01
4.5163702701e-01
4.7609009168e-01
5.0009840139e-01
5.2354083489e-01
5.4631294674e-01
5.7528813262e-01
6.0278001229e-01
6.2867993845e-01
6.5292267100e-01
6.7271928616e-01
6.9123186185e-01
7.0847673782e-01
7.2448243231e-01
7.4094587492e-01
7.5597419859e-01
7.6963865472e-01
7.8201545775e-01
7.9614468677e-01
8.0844971040e-01
8.1909550610e-01
8.2824090296e-01
8.3771208162e-01
8.4537621975e-01
8.5147281006e-01
8.5621638560e-01
8.6011133446e-01
8.6281140915e-01
8.6451034096e-01
8.6537441895e-01
8.6553665849e-01
8.6506437370e-01
8.6407773952e-01
8.6267738148e-01
8.6066961963e-01
8.5833146164e-01
8.5574697249e-01
8.5298341767e-01
8.4947970284e-01
8.4586313603e-01
8.4218528735e-01
8.3848061319e-01
8.3468723153e-01
8.3089333239e-01
8.2709256136e-01
8.2326533713e-01
8.1945664108e-01
8.1554612553e-01
8.1147415723e-01
8.0716429042e-01
8.0305128430e-01
7.9859278103e-01
7.9369136652e-01
7.8823222761e-01
7.8312995234e-01
7.7745191895e-01
7.7109694748e-01
7.6395266555e-01
7.5759943155e-01
7.5059673479e-01
7.4287307882e-01
7.3435396813e-01
7.2597697890e-01
7.1684359434e-01
7.0689936921e-01
6.9609237657e-01
6.8373605597e-01
6.7032394705e-01
6.5582040229e-01
6.4020562993e-01
6.2560233175e-01
6.1016088522e-01
5.9391518641e-01
5.7691936850e-01
5.6166626864e-01
5.4597296080e-01
5.2991831783e-01
5.1359577454e-01
4.9570482520e-01
4.7778153900e-01
4.5999829821e-01
4.4254088129e-01
4.2663777155e-01
4.1135855804e-01
3.9686816041e-01
3.8332759677e-01
3.6898876718e-01
3.5636177334e-01
3.4564255347e-01
3.3699702019e-01
3.3015191469e-01
3.2599141604e-01
3.2458841624e-01
3.2596738698e-01
3.2922753946e-01
3.3436569889e-01
3.4131887851e-01
3.5000116995e-01
3.6184673761e-01
3.7559839473e-01
3.9103299534e-01
4.0790224211e-01
4.2314338275e-01
4.3905663095e-01
4.5547244845e-01
4.7222423886e-01
4.8972777202e-01
5.0725345880e-01
5.2465003359e-01
5.4178272493e-01
5.6665980849e-01
5.9037657291e-01
6.1270902685e-01
6.3351457270e-01
6.4924626690e-01
6.6391198771e-01
6.7752243157e-01
6.9010465697e-01
7.0276253863e-01
7.1429748678e-01
7.2478222704e-01
7.3429436690e-01
7.4588631159e-01
7.5600637962e-01
7.6484787497e-01
7.7259110420e-01
7.8124433759e-01
7.8864829967e-01
7.9507148222e-01
8.0073940216e-01
8.0559950914e-01
8.1007688797e-01
8.1427894667e-01
8.1829179062e-01
8.2236558774e-01
8.2636394695e-01
8.3032780927e-01
8.3428184654e-01
8.3759217364e-01
8.4089921844e-01
8.4419178442e-01
8.4744978141e-01
8.5021778920e-01
8.5291137227e-01
8.5549668305e-01
8.5793109094e-01
8.5995666560e-01
8.6176871346e-01
8.6331014013e-01
8.6451262029e-01
8.6540405341e-01
8.6547978217e-01
8.6451492183e-01
8.6223388963e-01
8.5978004771e-01
8.5645199891e-01
8.5211235641e-01
8.4660634274e-01
8.4129999004e-01
8.3505763735e-01
8.2777673929e-01
8.1934727694e-01
8.1131289641e-01
8.0231731071e-01
7.9228575081e-01
7.8114179241e-01
7.7006064076e-01
7.5795353093e-01
7.4476583322e-01
7.3044583416e-01
7.1443130445e-01
6.9711558043e-01
6.7846358089e-01
6.5845292190e-01
6.4021918284e-01
6.2098957895e-01
6.0078346312e-01
5.7963410085e-01
5.5949418372e-01
5.3865468524e-01
5.1717803468e-01
4.9513965157e-01
4.7472943627e-01
4.5400461850e-01
4.3304835801e-01
4.1195085534e-01
3.8883641851e-01
3.6579944377e-01
3.4297401869e-01
3.2049383500e-01
3.0068094654e-01
2.8134189810e-01
2.6255910950e-01
2.4440644125e-01
2.2485334826e-01
2.0624900665e-01
1.8864894254e-01
1.7209031919e-01
1.5493852560e-01
1.3909829432e-01
1.2455070321e-01
1.1125854413e-01
9.9505264463e-02
8.8829090440e-02
7.9166263165e-02
7.0448960073e-02
6.0722248513e-02
5.2241943380e-02
4.4874331567e-02
3.8492775943e-02
3.0932395753e-02
2.4809497594e-02
1.9868056891e-02
1.5891072861e-02
1.2574917199e-02
9.9424168085e-03
7.8557086937e-03
6.2035019742e-03
4.6608870613e-03
3.5004248196e-03
2.6279743579e-03
1.9723157530e-03
1.3198985692e-03
8.8334485471e-04
5.9107755817e-04
3.9529742723e-04
1.9790419986e-04
9.9547672409e-05
5.0063943746e-05
2.5006705320e-05
5.7642232594e-06
1.6207856395e-06
4.2884831313e-07
1.3516551590e-07
3.1128336295e-08
8.7928293628e-09
2.4800456446e-09
1.4592442385e-09
