0.0000000000e+00
4.6563254848e-03
9.3126509696e-03
1.3968976454e-02
1.8625301939e-02
2.2022638914e-02
2.5419975889e-02
2.8817312864e-02
3.2214649839e-02
3.5132893273e-02
3.8051136708e-02
4.0969380142e-02
4.3887623577e-02
4.6618980480e-02
4.9350337383e-02
5.2081694286e-02
5.4813051189e-02
5.8579176084e-02
6.2345300979e-02
6.6111425875e-02
6.9877550770e-02
7.2430842981e-02
7.4984135193e-02
7.7537427404e-02
8.0090719616e-02
8.2480960132e-02
8.4871200649e-02
8.7261441165e-02
8.9651681682e-02
9.2024504312e-02
9.4397326941e-02
9.6770149571e-02
9.9142972201e-02
1.0186299373e-01
1.0458301526e-01
1.0730303679e-01
1.1002305832e-01
1.1240118764e-01
1.1477931697e-01
1.1715744630e-01
1.1953557563e-01
1.2215098980e-01
1.2476640397e-01
1.2738181813e-01
1.2999723230e-01
1.3291922719e-01
1.3584122208e-01
1.3876321697e-01
1.4168521186e-01
1.4560926401e-01
1.4953331616e-01
1.5345736831e-01
1.5738142046e-01
1.6059372727e-01
1.6380603408e-01
1.6701834089e-01
1.7023064770e-01
1.7368810195e-01
1.7714555620e-01
1.8060301045e-01
1.8406046470e-01
1.8802788208e-01
1.9199529947e-01
1.9596271685e-01
1.9993013423e-01
2.0469749889e-01
2.0946486355e-01
2.1423222821e-01
2.1899959286e-01
2.2438930285e-01
2.2977901284e-01
2.3516872283e-01
2.4055843282e-01
2.4561425703e-01
2.5067008124e-01
2.5572590545e-01
2.6078172967e-01
2.6518709800e-01
2.6959246634e-01
2.7399783467e-01
2.7840320301e-01
2.8212648832e-01
2.8584977363e-01
2.8957305894e-01
2.9329634425e-01
2.9665170886e-01
3.0000707348e-01
3.0336243810e-01
3.0671780272e-01
3.1009053096e-01
3.1346325921e-01
3.1683598745e-01
3.2020871570e-01
3.2435090881e-01
3.2849310193e-01
3.3263529505e-01
3.3677748816e-01
3.3956298765e-01
3.4234848714e-01
3.4513398663e-01
3.4791948613e-01
3.5052978060e-01
3.5314007507e-01
3.5575036954e-01
3.5836066401e-01
3.6073485188e-01
3.6310903976e-01
3.6548322764e-01
3.6785741552e-01
3.7040731359e-01
3.7295721166e-01
3.7550710973e-01
3.7805700780e-01
3.8044588757e-01
3.8283476734e-01
3.8522364711e-01
3.8761252688e-01
3.8996007238e-01
3.9230761787e-01
3.9465516337e-01
3.9700270886e-01
3.9960101665e-01
4.0219932443e-01
4.0479763222e-01
4.0739594001e-01
4.1062509474e-01
4.1385424948e-01
4.1708340421e-01
4.2031255895e-01
4.2305190276e-01
4.2579124658e-01
4.2853059039e-01
4.3126993420e-01
4.3422845386e-01
4.3718697352e-01
4.4014549318e-01
4.4310401284e-01
4.4675307437e-01
4.5040213590e-01
4.5405119743e-01
4.5770025897e-01
4.6248961569e-01
4.6727897240e-01
4.7206832912e-01
4.7685768584e-01
4.8180832719e-01
4.8675896855e-01
4.9170960990e-01
4.9666025125e-01
5.0152129901e-01
5.0638234677e-01
5.1124339452e-01
5.1610444228e-01
5.2039293274e-01
5.2468142319e-01
5.2896991365e-01
5.3325840411e-01
5.3661948612e-01
5.3998056813e-01
5.4334165014e-01
5.4670273215e-01
5.4959506527e-01
5.5248739839e-01
5.5537973151e-01
5.5827206464e-01
5.6103738303e-01
5.6380270143e-01
5.6656801982e-01
5.6933333821e-01
5.7228738152e-01
5.7524142482e-01
5.7819546813e-01
5.8114951143e-01
5.8376002724e-01
5.8637054305e-01
5.8898105887e-01
5.9159157468e-01
5.9407594670e-01
5.9656031872e-01
5.9904469074e-01
6.0152906276e-01
6.0391713174e-01
6.0630520071e-01
6.0869326968e-01
6.1108133866e-01
6.1399898818e-01
6.1691663771e-01
6.1983428723e-01
6.2275193676e-01
6.2512719931e-01
6.2750246186e-01
6.2987772441e-01
6.3225298696e-01
6.3483816781e-01
6.3742334866e-01
6.4000852952e-01
6.4259371037e-01
6.4550539573e-01
6.4841708108e-01
6.5132876644e-01
6.5424045180e-01
6.5810339938e-01
6.6196634695e-01
6.6582929453e-01
6.6969224211e-01
6.7288329567e-01
6.7607434922e-01
6.7926540278e-01
6.8245645633e-01
6.8588288246e-01
6.8930930859e-01
6.9273573472e-01
6.9616216085e-01
7.0007568164e-01
7.0398920244e-01
7.0790272323e-01
7.1181624403e-01
7.1650952148e-01
7.2120279894e-01
7.2589607640e-01
7.3058935386e-01
7.3605135638e-01
7.4151335890e-01
7.4697536143e-01
7.5243736395e-01
7.5752185860e-01
7.6260635324e-01
7.6769084789e-01
7.7277534254e-01
7.7731757406e-01
7.8185980559e-01
7.8640203712e-01
7.9094426864e-01
7.9468261264e-01
7.9842095664e-01
8.0215930064e-01
8.0589764464e-01
8.0926115049e-01
8.1262465634e-01
8.1598816219e-01
8.1935166804e-01
8.2256079925e-01
8.2576993046e-01
8.2897906166e-01
8.3218819287e-01
8.3563329977e-01
8.3907840667e-01
8.4252351356e-01
8.4596862046e-01
8.4885888999e-01
8.5174915952e-01
8.5463942905e-01
8.5752969858e-01
8.6035155941e-01
8.6317342024e-01
8.6599528107e-01
8.6881714190e-01
8.7120442974e-01
8.7359171758e-01
8.7597900542e-01
8.7836629326e-01
8.8081634889e-01
8.8326640452e-01
8.8571646015e-01
8.8816651578e-01
8.9065627697e-01
8.9314603816e-01
8.9563579936e-01
8.9812556055e-01
9.0044074263e-01
9.0275592470e-01
9.0507110678e-01
9.0738628886e-01
9.0989160276e-01
9.1239691665e-01
9.1490223054e-01
9.1740754443e-01
9.2023774726e-01
9.2306795008e-01
9.2589815291e-01
9.2872835573e-01
9.3149098023e-01
9.3425360473e-01
9.3701622922e-01
9.3977885372e-01
9.4259057336e-01
9.4540229299e-01
9.4821401263e-01
9.5102573226e-01
9.5427965048e-01
9.5753356870e-01
9.6078748692e-01
9.6404140514e-01
9.6853614447e-01
9.7303088380e-01
9.7752562313e-01
9.8202036247e-01
9.8651527185e-01
9.9101018123e-01
9.9550509062e-01
1.0000000000e+00
