5.4951206515e-03
5.5275029591e-03
5.6250231889e-03
5.7888076021e-03
6.0207468036e-03
6.3048205347e-03
6.6549928162e-03
7.0748485105e-03
7.5686742781e-03
8.1238315539e-03
8.7587950132e-03
9.4796078570e-03
1.0293096315e-02
1.1268005352e-02
1.2366587079e-02
1.3600361393e-02
1.4982151770e-02
1.6333392180e-02
1.7821191321e-02
1.9457173429e-02
2.1253963334e-02
2.2968666140e-02
2.4826768380e-02
2.6838787450e-02
2.9015929598e-02
3.1107806674e-02
3.3349594795e-02
3.5750704774e-02
3.8321010160e-02
4.0728059209e-02
4.3281104205e-02
4.5987716574e-02
4.8855722489e-02
5.1643454952e-02
5.4581039618e-02
5.7675076369e-02
6.0932297933e-02
6.4173612614e-02
6.7573315863e-02
7.1137355571e-02
7.4871712832e-02
7.8684571061e-02
8.2670765921e-02
8.6835799154e-02
9.1185099888e-02
9.5865235778e-02
1.0075236310e-01
1.0585195478e-01
1.1116923875e-01
1.1749481762e-01
1.2411574858e-01
1.3103808693e-01
1.3826710358e-01
1.4457780898e-01
1.5110994845e-01
1.5786503754e-01
1.6484400883e-01
1.7156430134e-01
1.7847987641e-01
1.8558993475e-01
1.9289312538e-01
2.0031940407e-01
2.0793103758e-01
2.1572500767e-01
2.2369771119e-01
2.3129658168e-01
2.3904363762e-01
2.4693456871e-01
2.5496463188e-01
2.6318025438e-01
2.7152584628e-01
2.7999532778e-01
2.8858224050e-01
2.9818276402e-01
3.0790827954e-01
3.1774874428e-01
3.2769373112e-01
3.3786116193e-01
3.4811330051e-01
3.5843846719e-01
3.6882482398e-01
3.7839484048e-01
3.8799705787e-01
3.9762226302e-01
4.0726130027e-01
4.1680827510e-01
4.2635125623e-01
4.3588173556e-01
4.4539139076e-01
4.5535050971e-01
4.6526857363e-01
4.7513677854e-01
4.8494666031e-01
4.9638728135e-01
5.0772373783e-01
5.1894430285e-01
5.3003801837e-01
5.4063495180e-01
5.5109526355e-01
5.6141114359e-01
5.7157546412e-01
5.8236415700e-01
5.9296168914e-01
6.0336167860e-01
6.1355857934e-01
6.2536042912e-01
6.3686459928e-01
6.4806601774e-01
6.5896093425e-01
6.6843889278e-01
6.7766885566e-01
6.8665045749e-01
6.9538394785e-01
7.0377605316e-01
7.1192767576e-01
7.1984053756e-01
7.2751676053e-01
7.3518712421e-01
7.4261158049e-01
7.4979351782e-01
7.5673659962e-01
7.6388958110e-01
7.7077978835e-01
7.7741242956e-01
7.8379288428e-01
7.9024305448e-01
7.9642642540e-01
8.0234961548e-01
8.0801928101e-01
8.1390384527e-01
8.1950510101e-01
8.2483148785e-01
8.2989132842e-01
8.3541832850e-01
8.4061246728e-01
8.4548569699e-01
8.5004956056e-01
8.5476515427e-01
8.5912795943e-01
8.6315169269e-01
8.6684928048e-01
8.7122022306e-01
8.7507711297e-01
8.7844250896e-01
8.8133643543e-01
8.8404066590e-01
8.8619549750e-01
8.8781766165e-01
8.8891986163e-01
8.8953984751e-01
8.8955519810e-01
8.8896605890e-01
8.8776686562e-01
8.8642668432e-01
8.8471364353e-01
8.8261838018e-01
8.8012954057e-01
8.7777993599e-01
8.7514706304e-01
8.7222159896e-01
8.6899332029e-01
8.6561970712e-01
8.6194974384e-01
8.5797229855e-01
8.5367553800e-01
8.4982509950e-01
8.4573457448e-01
8.4139597012e-01
8.3680100517e-01
8.3236710287e-01
8.2770492167e-01
8.2280758747e-01
8.1766809244e-01
8.1259767522e-01
8.0729993275e-01
8.0176879478e-01
7.9599816999e-01
7.9033233035e-01
7.8444309364e-01
7.7832543923e-01
7.7197442629e-01
7.6567789260e-01
7.5915939867e-01
7.5241498401e-01
7.4544086425e-01
7.3836563322e-01
7.3106230146e-01
7.2352796960e-01
7.1576003370e-01
7.0745168123e-01
6.9888733086e-01
6.9006535600e-01
6.8098466666e-01
6.7122467023e-01
6.6118215225e-01
6.5085814764e-01
6.4025461127e-01
6.3097319794e-01
6.2149220646e-01
6.1181469974e-01
6.0194437883e-01
5.9237380489e-01
5.8263683499e-01
5.7273842468e-01
5.6268414543e-01
5.5244523884e-01
5.4206256956e-01
5.3154372696e-01
5.2089697251e-01
5.1144995960e-01
5.0191768170e-01
4.9230700863e-01
4.8262519619e-01
4.7329251379e-01
4.6390858947e-01
4.5448073104e-01
4.4501652079e-01
4.3541201421e-01
4.2578668513e-01
4.1614911550e-01
4.0650807868e-01
3.9538010365e-01
3.8427340708e-01
3.7320211466e-01
3.6218042743e-01
3.5217360749e-01
3.4223071269e-01
3.3236236631e-01
3.2257902112e-01
3.1364238661e-01
3.0479453468e-01
2.9604304193e-01
2.8739521812e-01
2.7888459767e-01
2.7049059481e-01
2.6221948538e-01
2.5407717463e-01
2.4475846774e-01
2.3563017088e-01
2.2669952746e-01
2.1797297924e-01
2.0997186801e-01
2.0215956923e-01
1.9453944391e-01
1.8711422521e-01
1.7932541554e-01
1.7176773180e-01
1.6444226399e-01
1.5734935281e-01
1.4934815828e-01
1.4166279031e-01
1.3429035297e-01
1.2722690348e-01
1.2139261485e-01
1.1577988296e-01
1.1038469070e-01
1.0520266294e-01
1.0026167438e-01
9.5521530309e-02
9.0977164306e-02
8.6623333843e-02
8.2306391573e-02
7.8182210339e-02
7.4244601891e-02
7.0487331376e-02
6.6654688393e-02
6.3014222325e-02
5.9558321547e-02
5.6279460726e-02
5.2812864110e-02
4.9548294813e-02
4.6475841586e-02
4.3585871504e-02
4.0356972260e-02
3.7360272231e-02
3.4581103694e-02
3.2005497604e-02
2.9369219354e-02
2.6950260970e-02
2.4732580657e-02
2.2701179188e-02
2.0481223020e-02
1.8488883226e-02
1.6703546883e-02
1.5106462375e-02
1.3789937536e-02
1.2606113419e-02
1.1544120905e-02
1.0594125801e-02
9.7251293443e-03
8.9564662267e-03
8.2804603609e-03
7.6903250196e-03
7.1521822780e-03
6.6976395458e-03
6.3215092525e-03
6.0194862466e-03
5.7881079107e-03
5.6247151697e-03
5.5274263943e-03
5.4951206511e-03
