0.0000000000e+00
1.2991699901e-02
2.5983399802e-02
3.8975099703e-02
5.1966799604e-02
6.0614332128e-02
6.9261864652e-02
7.7909397176e-02
8.6556929701e-02
9.2739183841e-02
9.8921437982e-02
1.0510369212e-01
1.1128594626e-01
1.1604622710e-01
1.2080650793e-01
1.2556678876e-01
1.3032706959e-01
1.3421988771e-01
1.3811270583e-01
1.4200552394e-01
1.4589834206e-01
1.4928836575e-01
1.5267838945e-01
1.5606841314e-01
1.5945843684e-01
1.6314591107e-01
1.6683338531e-01
1.7052085954e-01
1.7420833378e-01
1.7681835940e-01
1.7942838502e-01
1.8203841064e-01
1.8464843626e-01
1.8664217443e-01
1.8863591259e-01
1.9062965076e-01
1.9262338893e-01
1.9443916668e-01
1.9625494443e-01
1.9807072218e-01
1.9988649993e-01
2.0214495881e-01
2.0440341770e-01
2.0666187659e-01
2.0892033548e-01
2.1054977604e-01
2.1217921660e-01
2.1380865716e-01
2.1543809772e-01
2.1706605032e-01
2.1869400292e-01
2.2032195552e-01
2.2194990812e-01
2.2407130639e-01
2.2619270466e-01
2.2831410293e-01
2.3043550120e-01
2.3204152292e-01
2.3364754464e-01
2.3525356636e-01
2.3685958807e-01
2.3879315195e-01
2.4072671583e-01
2.4266027971e-01
2.4459384359e-01
2.4669907969e-01
2.4880431580e-01
2.5090955190e-01
2.5301478801e-01
2.5512140340e-01
2.5722801878e-01
2.5933463417e-01
2.6144124956e-01
2.6373824166e-01
2.6603523377e-01
2.6833222587e-01
2.7062921798e-01
2.7346859943e-01
2.7630798088e-01
2.7914736233e-01
2.8198674378e-01
2.8618561421e-01
2.9038448465e-01
2.9458335508e-01
2.9878222551e-01
3.0336075503e-01
3.0793928456e-01
3.1251781408e-01
3.1709634360e-01
3.2144064419e-01
3.2578494478e-01
3.3012924536e-01
3.3447354595e-01
3.3927263315e-01
3.4407172035e-01
3.4887080756e-01
3.5366989476e-01
3.5823288754e-01
3.6279588031e-01
3.6735887309e-01
3.7192186587e-01
3.7608510917e-01
3.8024835247e-01
3.8441159576e-01
3.8857483906e-01
3.9199729008e-01
3.9541974111e-01
3.9884219213e-01
4.0226464315e-01
4.0504168090e-01
4.0781871865e-01
4.1059575641e-01
4.1337279416e-01
4.1591209929e-01
4.1845140442e-01
4.2099070956e-01
4.2353001469e-01
4.2595761006e-01
4.2838520543e-01
4.3081280081e-01
4.3324039618e-01
4.3557402125e-01
4.3790764633e-01
4.4024127140e-01
4.4257489647e-01
4.4469002386e-01
4.4680515124e-01
4.4892027862e-01
4.5103540601e-01
4.5299362369e-01
4.5495184138e-01
4.5691005906e-01
4.5886827675e-01
4.6101684636e-01
4.6316541598e-01
4.6531398559e-01
4.6746255521e-01
4.6931071066e-01
4.7115886612e-01
4.7300702158e-01
4.7485517704e-01
4.7695032704e-01
4.7904547704e-01
4.8114062705e-01
4.8323577705e-01
4.8536333155e-01
4.8749088605e-01
4.8961844054e-01
4.9174599504e-01
4.9407343676e-01
4.9640087848e-01
4.9872832020e-01
5.0105576192e-01
5.0317133766e-01
5.0528691340e-01
5.0740248914e-01
5.0951806488e-01
5.1158763666e-01
5.1365720845e-01
5.1572678023e-01
5.1779635202e-01
5.1967070117e-01
5.2154505033e-01
5.2341939948e-01
5.2529374864e-01
5.2723741128e-01
5.2918107392e-01
5.3112473656e-01
5.3306839920e-01
5.3497131417e-01
5.3687422913e-01
5.3877714410e-01
5.4068005907e-01
5.4271839982e-01
5.4475674057e-01
5.4679508132e-01
5.4883342207e-01
5.5108572298e-01
5.5333802388e-01
5.5559032479e-01
5.5784262569e-01
5.6039834716e-01
5.6295406862e-01
5.6550979009e-01
5.6806551156e-01
5.7061117988e-01
5.7315684821e-01
5.7570251653e-01
5.7824818486e-01
5.8119674045e-01
5.8414529605e-01
5.8709385164e-01
5.9004240723e-01
5.9407397878e-01
5.9810555033e-01
6.0213712188e-01
6.0616869343e-01
6.1189889408e-01
6.1762909473e-01
6.2335929538e-01
6.2908949603e-01
6.3374640196e-01
6.3840330789e-01
6.4306021381e-01
6.4771711974e-01
6.5201429444e-01
6.5631146913e-01
6.6060864383e-01
6.6490581852e-01
6.6900769826e-01
6.7310957800e-01
6.7721145774e-01
6.8131333748e-01
6.8526811784e-01
6.8922289820e-01
6.9317767856e-01
6.9713245892e-01
7.0045342192e-01
7.0377438491e-01
7.0709534791e-01
7.1041631090e-01
7.1299737433e-01
7.1557843776e-01
7.1815950118e-01
7.2074056461e-01
7.2299888640e-01
7.2525720820e-01
7.2751552999e-01
7.2977385178e-01
7.3192527614e-01
7.3407670049e-01
7.3622812484e-01
7.3837954919e-01
7.4075433654e-01
7.4312912389e-01
7.4550391124e-01
7.4787869859e-01
7.4969961007e-01
7.5152052156e-01
7.5334143304e-01
7.5516234453e-01
7.5676681247e-01
7.5837128042e-01
7.5997574837e-01
7.6158021632e-01
7.6316544613e-01
7.6475067594e-01
7.6633590575e-01
7.6792113556e-01
7.6954013134e-01
7.7115912712e-01
7.7277812290e-01
7.7439711868e-01
7.7594898732e-01
7.7750085596e-01
7.7905272461e-01
7.8060459325e-01
7.8235534058e-01
7.8410608792e-01
7.8585683525e-01
7.8760758258e-01
7.8949174066e-01
7.9137589873e-01
7.9326005680e-01
7.9514421487e-01
7.9698361563e-01
7.9882301639e-01
8.0066241715e-01
8.0250181790e-01
8.0473096274e-01
8.0696010757e-01
8.0918925241e-01
8.1141839724e-01
8.1441189204e-01
8.1740538685e-01
8.2039888165e-01
8.2339237645e-01
8.2674192320e-01
8.3009146995e-01
8.3344101671e-01
8.3679056346e-01
8.4061540106e-01
8.4444023866e-01
8.4826507627e-01
8.5208991387e-01
8.5704233890e-01
8.6199476394e-01
8.6694718898e-01
8.7189961402e-01
8.7929617908e-01
8.8669274415e-01
8.9408930922e-01
9.0148587429e-01
9.1376671231e-01
9.2604755034e-01
9.3832838837e-01
9.5060922639e-01
9.6295691980e-01
9.7530461320e-01
9.8765230660e-01
1.0000000000e+00
