2.5530736061e-01
2.5545374354e-01
2.5589306014e-01
2.5662581419e-01
2.5765284601e-01
2.5835048087e-01
2.5913941997e-01
2.6001994213e-01
2.6099235853e-01
2.6167543374e-01
2.6239775540e-01
2.6315943187e-01
2.6396057737e-01
2.6456491694e-01
2.6519002925e-01
2.6583596338e-01
2.6650277004e-01
2.6702622334e-01
2.6756191047e-01
2.6810985598e-01
2.6867008497e-01
2.6912486182e-01
2.6958745241e-01
2.7005787015e-01
2.7053612871e-01
2.7094094856e-01
2.7135123851e-01
2.7176700681e-01
2.7218826186e-01
2.7255784514e-01
2.7293156265e-01
2.7330942005e-01
2.7369142300e-01
2.7404386453e-01
2.7439977176e-01
2.7475914909e-01
2.7512200091e-01
2.7552684966e-01
2.7593594891e-01
2.7634930438e-01
2.7676692153e-01
2.7706763019e-01
2.7737051461e-01
2.7767557629e-01
2.7798281650e-01
2.7823575545e-01
2.7849015300e-01
2.7874600920e-01
2.7900332381e-01
2.7922887038e-01
2.7945552456e-01
2.7968328536e-01
2.7991215141e-01
2.8013334689e-01
2.8035556137e-01
2.8057879227e-01
2.8080303641e-01
2.8107698056e-01
2.8135240750e-01
2.8162930651e-01
2.8190766439e-01
2.8212392502e-01
2.8234103987e-01
2.8255899885e-01
2.8277779040e-01
2.8298310494e-01
2.8318912379e-01
2.8339583342e-01
2.8360321880e-01
2.8381735968e-01
2.8403217877e-01
2.8424765406e-01
2.8446376153e-01
2.8471826052e-01
2.8497354885e-01
2.8522957649e-01
2.8548628943e-01
2.8569762043e-01
2.8590934081e-01
2.8612141499e-01
2.8633380589e-01
2.8656251872e-01
2.8679150379e-01
2.8702071009e-01
2.8725008535e-01
2.8751524883e-01
2.8778048281e-01
2.8804570251e-01
2.8831082255e-01
2.8860622510e-01
2.8890127911e-01
2.8919586750e-01
2.8948987487e-01
2.8977115973e-01
2.9005170883e-01
2.9033142749e-01
2.9061022397e-01
2.9090292022e-01
2.9119439472e-01
2.9148455245e-01
2.9177330292e-01
2.9209396899e-01
2.9241266071e-01
2.9272927265e-01
2.9304370659e-01
2.9341618598e-01
2.9378528795e-01
2.9415088363e-01
2.9451285704e-01
2.9496696231e-01
2.9541487944e-01
2.9585645072e-01
2.9629154394e-01
2.9679621732e-01
2.9729158832e-01
2.9777755152e-01
2.9825403328e-01
2.9869766744e-01
2.9913269227e-01
2.9955910594e-01
2.9997692153e-01
3.0041025983e-01
3.0083401979e-01
3.0124825768e-01
3.0165303978e-01
3.0209099169e-01
3.0251751716e-01
3.0293273624e-01
3.0333677568e-01
3.0378596958e-01
3.0422087560e-01
3.0464170217e-01
3.0504866029e-01
3.0551320422e-01
3.0595892719e-01
3.0638617857e-01
3.0679530302e-01
3.0727885991e-01
3.0773559093e-01
3.0816610753e-01
3.0857099806e-01
3.0908807357e-01
3.0955893125e-01
3.0998486506e-01
3.1036706610e-01
3.1087812973e-01
3.1128913487e-01
3.1160301729e-01
3.1182205131e-01
3.1194427628e-01
3.1198206079e-01
3.1193566037e-01
3.1180476125e-01
3.1165011868e-01
3.1144660135e-01
3.1119344314e-01
3.1088969972e-01
3.1062635498e-01
3.1033302874e-01
3.1000911786e-01
3.0965396418e-01
3.0934048123e-01
3.0900530362e-01
3.0864799488e-01
3.0826809617e-01
3.0792964177e-01
3.0757446432e-01
3.0720225379e-01
3.0681269086e-01
3.0646159664e-01
3.0609706646e-01
3.0571888015e-01
3.0532681461e-01
3.0496876857e-01
3.0459956136e-01
3.0421903705e-01
3.0382704050e-01
3.0346336221e-01
3.0309010763e-01
3.0270716850e-01
3.0231444007e-01
3.0194150214e-01
3.0155998780e-01
3.0116982650e-01
3.0077095382e-01
3.0037146487e-01
2.9996350514e-01
2.9954703833e-01
2.9912203914e-01
2.9870101667e-01
2.9827193260e-01
2.9783480371e-01
2.9738966393e-01
2.9699405628e-01
2.9659241777e-01
2.9618481202e-01
2.9577131844e-01
2.9542900414e-01
2.9508288193e-01
2.9473302319e-01
2.9437950906e-01
2.9407616284e-01
2.9377030311e-01
2.9346199844e-01
2.9315132369e-01
2.9286463224e-01
2.9257608661e-01
2.9228575931e-01
2.9199372782e-01
2.9172219004e-01
2.9144933421e-01
2.9117523322e-01
2.9089996361e-01
2.9061187717e-01
2.9032270299e-01
2.9003253983e-01
2.8974149021e-01
2.8947888847e-01
2.8921573389e-01
2.8895210759e-01
2.8868809214e-01
2.8843609885e-01
2.8818390128e-01
2.8793157308e-01
2.8767918793e-01
2.8746212091e-01
2.8724511245e-01
2.8702820837e-01
2.8681145382e-01
2.8660074500e-01
2.8639025954e-01
2.8618003623e-01
2.8597011270e-01
2.8573179829e-01
2.8549396966e-01
2.8525667543e-01
2.8501996149e-01
2.8481801597e-01
2.8461655170e-01
2.8441559238e-01
2.8421516013e-01
2.8398823269e-01
2.8376203899e-01
2.8353660421e-01
2.8331195115e-01
2.8308511648e-01
2.8285912460e-01
2.8263399241e-01
2.8240973483e-01
2.8216544946e-01
2.8192224100e-01
2.8168012214e-01
2.8143910368e-01
2.8121396994e-01
2.8098981930e-01
2.8076665707e-01
2.8054448769e-01
2.8030084095e-01
2.8005840805e-01
2.7981719215e-01
2.7957719569e-01
2.7925143228e-01
2.7892794959e-01
2.7860674956e-01
2.7828783308e-01
2.7788791116e-01
2.7749163793e-01
2.7709901103e-01
2.7671002734e-01
2.7633267552e-01
2.7595880928e-01
2.7558842458e-01
2.7522151721e-01
2.7482070947e-01
2.7442412411e-01
2.7403175523e-01
2.7364359696e-01
2.7318702621e-01
2.7273640365e-01
2.7229171954e-01
2.7185296424e-01
2.7129896589e-01
2.7075468230e-01
2.7022009400e-01
2.6969518186e-01
2.6896586783e-01
2.6825600284e-01
2.6756553555e-01
2.6689441603e-01
2.6580825400e-01
2.6477655727e-01
2.6379911444e-01
2.6287572522e-01
2.6109546257e-01
2.5955583649e-01
2.5825542795e-01
2.5719303840e-01
2.5636748408e-01
2.5577834562e-01
2.5542507972e-01
2.5530736060e-01
