2.5275004691e-01
2.5292584431e-01
2.5345348098e-01
2.5433369090e-01
2.5556769862e-01
2.5637778194e-01
2.5729090073e-01
2.5830742198e-01
2.5942775422e-01
2.6019856792e-01
2.6101211750e-01
2.6186853659e-01
2.6276796585e-01
2.6343699120e-01
2.6412810229e-01
2.6484135707e-01
2.6557681532e-01
2.6615008642e-01
2.6673622051e-01
2.6733524591e-01
2.6794719159e-01
2.6844063004e-01
2.6894219298e-01
2.6945189560e-01
2.6996975332e-01
2.7040731194e-01
2.7085054795e-01
2.7129947063e-01
2.7175408940e-01
2.7215445104e-01
2.7255914193e-01
2.7296816846e-01
2.7338153707e-01
2.7377038870e-01
2.7416301660e-01
2.7455942599e-01
2.7495962209e-01
2.7534416748e-01
2.7573215445e-01
2.7612358719e-01
2.7651846970e-01
2.7685934670e-01
2.7720275789e-01
2.7754870495e-01
2.7789718909e-01
2.7815838864e-01
2.7842099587e-01
2.7868501043e-01
2.7895043159e-01
2.7919159428e-01
2.7943390431e-01
2.7967735992e-01
2.7992195882e-01
2.8016805877e-01
2.8041529876e-01
2.8066367418e-01
2.8091317945e-01
2.8116269451e-01
2.8141331463e-01
2.8166503019e-01
2.8191782981e-01
2.8214346988e-01
2.8236994534e-01
2.8259724381e-01
2.8282535123e-01
2.8304188049e-01
2.8325910457e-01
2.8347700681e-01
2.8369556881e-01
2.8392898964e-01
2.8416310879e-01
2.8439789706e-01
2.8463332271e-01
2.8486545886e-01
2.8509814343e-01
2.8533133910e-01
2.8556500634e-01
2.8580138903e-01
2.8603816493e-01
2.8627528703e-01
2.8651270654e-01
2.8679737565e-01
2.8708230975e-01
2.8736741735e-01
2.8765260514e-01
2.8794763290e-01
2.8824253981e-01
2.8853722032e-01
2.8883156931e-01
2.8914368339e-01
2.8945518334e-01
2.8976594895e-01
2.9007586312e-01
2.9038721584e-01
2.9069747630e-01
2.9100653681e-01
2.9131429429e-01
2.9165280267e-01
2.9198947407e-01
2.9232419062e-01
2.9265684198e-01
2.9305137338e-01
2.9344265003e-01
2.9383052526e-01
2.9421486658e-01
2.9472811656e-01
2.9523444973e-01
2.9573364967e-01
2.9622553628e-01
2.9675978289e-01
2.9728478676e-01
2.9780043160e-01
2.9830663592e-01
2.9879952274e-01
2.9928304164e-01
2.9975719109e-01
3.0022198902e-01
3.0070419265e-01
3.0117600060e-01
3.0163748674e-01
3.0208873775e-01
3.0258040207e-01
3.0305958739e-01
3.0352645293e-01
3.0398116664e-01
3.0449250505e-01
3.0498807899e-01
3.0546817358e-01
3.0593307781e-01
3.0647287801e-01
3.0699160373e-01
3.0748975965e-01
3.0796784544e-01
3.0854589080e-01
3.0909345150e-01
3.0961148582e-01
3.1010092378e-01
3.1070471078e-01
3.1126222173e-01
3.1177534139e-01
3.1224585191e-01
3.1275170164e-01
3.1320240501e-01
3.1360036053e-01
3.1394774503e-01
3.1425815980e-01
3.1451767160e-01
3.1472793982e-01
3.1489033559e-01
3.1500945440e-01
3.1507897367e-01
3.1509940087e-01
3.1507088586e-01
3.1499436720e-01
3.1486925039e-01
3.1469465151e-01
3.1446935374e-01
3.1422490755e-01
3.1393776775e-01
3.1360643712e-01
3.1322922721e-01
3.1288139222e-01
3.1249976428e-01
3.1208310496e-01
3.1163009323e-01
3.1124533686e-01
3.1083626072e-01
3.1040210588e-01
3.0994208331e-01
3.0954175798e-01
3.0912272597e-01
3.0868449777e-01
3.0822657177e-01
3.0782088328e-01
3.0740022946e-01
3.0696428356e-01
3.0651271500e-01
3.0610567766e-01
3.0568626973e-01
3.0525426845e-01
3.0480945185e-01
3.0440102487e-01
3.0398203799e-01
3.0355233927e-01
3.0311178086e-01
3.0269652347e-01
3.0227183708e-01
3.0183762141e-01
3.0139378351e-01
3.0094918135e-01
3.0049517794e-01
3.0003171514e-01
2.9955874839e-01
2.9907831741e-01
2.9858842394e-01
2.9808907885e-01
2.9758031732e-01
2.9716135284e-01
2.9673629917e-01
2.9630522017e-01
2.9586819655e-01
2.9549536689e-01
2.9511845605e-01
2.9473754554e-01
2.9435272874e-01
2.9402341484e-01
2.9369143982e-01
2.9335688307e-01
2.9301983153e-01
2.9271070010e-01
2.9239965437e-01
2.9208677749e-01
2.9177215838e-01
2.9146990531e-01
2.9116623485e-01
2.9086123951e-01
2.9055501653e-01
2.9024102977e-01
2.8992598139e-01
2.8960998909e-01
2.8929317461e-01
2.8901472575e-01
2.8873582739e-01
2.8845656753e-01
2.8817703527e-01
2.8791131516e-01
2.8764550755e-01
2.8737968951e-01
2.8711393762e-01
2.8688230196e-01
2.8665082355e-01
2.8641955083e-01
2.8618853108e-01
2.8595181630e-01
2.8571546420e-01
2.8547952092e-01
2.8524403061e-01
2.8501063105e-01
2.8477775865e-01
2.8454545003e-01
2.8431373948e-01
2.8409246386e-01
2.8387179174e-01
2.8365174708e-01
2.8343235188e-01
2.8319098787e-01
2.8295046386e-01
2.8271080169e-01
2.8247202082e-01
2.8219498186e-01
2.8191918575e-01
2.8164465265e-01
2.8137139957e-01
2.8112277466e-01
2.8087524019e-01
2.8062880385e-01
2.8038347203e-01
2.8012150487e-01
2.7986082030e-01
2.7960142253e-01
2.7934331482e-01
2.7903177526e-01
2.7872214306e-01
2.7841442036e-01
2.7810860836e-01
2.7772882087e-01
2.7735202274e-01
2.7697821277e-01
2.7660738904e-01
2.7618368595e-01
2.7576394219e-01
2.7534815289e-01
2.7493631290e-01
2.7449918711e-01
2.7406658717e-01
2.7363850626e-01
2.7321493752e-01
2.7271464948e-01
2.7222078436e-01
2.7173333062e-01
2.7125227683e-01
2.7063510214e-01
2.7002874764e-01
2.6943318910e-01
2.6884840274e-01
2.6800967142e-01
2.6719401678e-01
2.6640136861e-01
2.6563165864e-01
2.6431975151e-01
2.6307977133e-01
2.6191138067e-01
2.6081426158e-01
2.5893146714e-01
2.5730119708e-01
2.5592186140e-01
2.5479211487e-01
2.5389803467e-01
2.5326004935e-01
2.5287751538e-01
2.5275004690e-01
