0.0000000000e+00
1.8119793040e-02
3.6239586080e-02
5.4359379120e-02
7.2479172161e-02
8.2031587272e-02
9.1584002384e-02
1.0113641750e-01
1.1068883261e-01
1.1685818659e-01
1.2302754058e-01
1.2919689456e-01
1.3536624855e-01
1.3966382802e-01
1.4396140749e-01
1.4825898696e-01
1.5255656643e-01
1.5578984905e-01
1.5902313168e-01
1.6225641431e-01
1.6548969693e-01
1.6810620721e-01
1.7072271749e-01
1.7333922776e-01
1.7595573804e-01
1.7824341065e-01
1.8053108326e-01
1.8281875588e-01
1.8510642849e-01
1.8732935563e-01
1.8955228277e-01
1.9177520992e-01
1.9399813706e-01
1.9568893135e-01
1.9737972565e-01
1.9907051995e-01
2.0076131424e-01
2.0207219693e-01
2.0338307961e-01
2.0469396230e-01
2.0600484498e-01
2.0722630917e-01
2.0844777337e-01
2.0966923756e-01
2.1089070176e-01
2.1216837942e-01
2.1344605709e-01
2.1472373476e-01
2.1600141243e-01
2.1712023806e-01
2.1823906370e-01
2.1935788933e-01
2.2047671496e-01
2.2152043060e-01
2.2256414624e-01
2.2360786188e-01
2.2465157751e-01
2.2580791397e-01
2.2696425042e-01
2.2812058688e-01
2.2927692333e-01
2.3035805677e-01
2.3143919020e-01
2.3252032363e-01
2.3360145706e-01
2.3486893581e-01
2.3613641455e-01
2.3740389329e-01
2.3867137203e-01
2.4030540263e-01
2.4193943322e-01
2.4357346381e-01
2.4520749441e-01
2.4665777756e-01
2.4810806071e-01
2.4955834386e-01
2.5100862700e-01
2.5267027078e-01
2.5433191456e-01
2.5599355833e-01
2.5765520211e-01
2.5982198545e-01
2.6198876879e-01
2.6415555214e-01
2.6632233548e-01
2.6896772095e-01
2.7161310643e-01
2.7425849190e-01
2.7690387737e-01
2.7975160374e-01
2.8259933011e-01
2.8544705648e-01
2.8829478284e-01
2.9136548023e-01
2.9443617762e-01
2.9750687500e-01
3.0057757239e-01
3.0416832566e-01
3.0775907892e-01
3.1134983219e-01
3.1494058546e-01
3.1942696176e-01
3.2391333806e-01
3.2839971435e-01
3.3288609065e-01
3.3898314864e-01
3.4508020663e-01
3.5117726462e-01
3.5727432261e-01
3.6245311651e-01
3.6763191041e-01
3.7281070431e-01
3.7798949821e-01
3.8301282905e-01
3.8803615990e-01
3.9305949074e-01
3.9808282159e-01
4.0209108419e-01
4.0609934680e-01
4.1010760940e-01
4.1411587200e-01
4.1731449752e-01
4.2051312303e-01
4.2371174854e-01
4.2691037406e-01
4.2978663601e-01
4.3266289797e-01
4.3553915993e-01
4.3841542188e-01
4.4170967020e-01
4.4500391852e-01
4.4829816684e-01
4.5159241516e-01
4.5402836555e-01
4.5646431593e-01
4.5890026632e-01
4.6133621670e-01
4.6358199211e-01
4.6582776752e-01
4.6807354293e-01
4.7031931834e-01
4.7272054048e-01
4.7512176262e-01
4.7752298475e-01
4.7992420689e-01
4.8211014492e-01
4.8429608294e-01
4.8648202096e-01
4.8866795899e-01
4.9102418125e-01
4.9338040352e-01
4.9573662579e-01
4.9809284805e-01
5.0029663431e-01
5.0250042056e-01
5.0470420682e-01
5.0690799307e-01
5.0928714832e-01
5.1166630357e-01
5.1404545882e-01
5.1642461407e-01
5.1860368385e-01
5.2078275363e-01
5.2296182342e-01
5.2514089320e-01
5.2749171679e-01
5.2984254038e-01
5.3219336396e-01
5.3454418755e-01
5.3714690345e-01
5.3974961935e-01
5.4235233526e-01
5.4495505116e-01
5.4775569355e-01
5.5055633594e-01
5.5335697832e-01
5.5615762071e-01
5.5915545616e-01
5.6215329161e-01
5.6515112706e-01
5.6814896250e-01
5.7197916673e-01
5.7580937095e-01
5.7963957518e-01
5.8346977941e-01
5.8849365671e-01
5.9351753401e-01
5.9854141131e-01
6.0356528862e-01
6.0876062800e-01
6.1395596739e-01
6.1915130677e-01
6.2434664616e-01
6.3018200491e-01
6.3601736366e-01
6.4185272241e-01
6.4768808116e-01
6.5220985797e-01
6.5673163478e-01
6.6125341158e-01
6.6577518839e-01
6.6953496053e-01
6.7329473268e-01
6.7705450482e-01
6.8081427696e-01
6.8405475216e-01
6.8729522735e-01
6.9053570254e-01
6.9377617774e-01
6.9668066502e-01
6.9958515230e-01
7.0248963958e-01
7.0539412686e-01
7.0838321149e-01
7.1137229612e-01
7.1436138076e-01
7.1735046539e-01
7.1982120382e-01
7.2229194226e-01
7.2476268070e-01
7.2723341913e-01
7.2926362314e-01
7.3129382714e-01
7.3332403114e-01
7.3535423515e-01
7.3700528620e-01
7.3865633726e-01
7.4030738831e-01
7.4195843937e-01
7.4342629099e-01
7.4489414261e-01
7.4636199423e-01
7.4782984585e-01
7.4927988666e-01
7.5072992747e-01
7.5217996828e-01
7.5363000909e-01
7.5494240889e-01
7.5625480870e-01
7.5756720850e-01
7.5887960831e-01
7.6010385283e-01
7.6132809736e-01
7.6255234188e-01
7.6377658641e-01
7.6483871633e-01
7.6590084625e-01
7.6696297617e-01
7.6802510609e-01
7.6920819583e-01
7.7039128557e-01
7.7157437531e-01
7.7275746505e-01
7.7379885369e-01
7.7484024233e-01
7.7588163098e-01
7.7692301962e-01
7.7806893827e-01
7.7921485692e-01
7.8036077557e-01
7.8150669422e-01
7.8280763723e-01
7.8410858023e-01
7.8540952323e-01
7.8671046624e-01
7.8796409031e-01
7.8921771439e-01
7.9047133847e-01
7.9172496255e-01
7.9329100532e-01
7.9485704809e-01
7.9642309086e-01
7.9798913362e-01
8.0027945307e-01
8.0256977252e-01
8.0486009197e-01
8.0715041142e-01
8.0948681004e-01
8.1182320865e-01
8.1415960726e-01
8.1649600588e-01
8.1933388903e-01
8.2217177217e-01
8.2500965532e-01
8.2784753847e-01
8.3186282266e-01
8.3587810685e-01
8.3989339104e-01
8.4390867523e-01
8.5096148850e-01
8.5801430177e-01
8.6506711503e-01
8.7211992830e-01
8.8809681246e-01
9.0407369663e-01
9.2005058079e-01
9.3602746495e-01
9.5202059871e-01
9.6801373248e-01
9.8400686624e-01
1.0000000000e+00
