2.4100316195e-01
2.4106699907e-01
2.4125848416e-01
2.4157753825e-01
2.4202402938e-01
2.4260083374e-01
2.4330587160e-01
2.4413884373e-01
2.4509939375e-01
2.4628611210e-01
2.4762208525e-01
2.4910661747e-01
2.5073892515e-01
2.5263332400e-01
2.5469225228e-01
2.5691442479e-01
2.5929842953e-01
2.6156354169e-01
2.6395536130e-01
2.6647260975e-01
2.6911391813e-01
2.7173853448e-01
2.7447261098e-01
2.7731473512e-01
2.8026341487e-01
2.8329833920e-01
2.8643535989e-01
2.8967277327e-01
2.9300879539e-01
2.9615342146e-01
2.9937792339e-01
3.0268074715e-01
3.0606028265e-01
3.0941578915e-01
3.1284056480e-01
3.1633298429e-01
3.1989137530e-01
3.2352963208e-01
3.2723090640e-01
3.3099336857e-01
3.3481514646e-01
3.3871827999e-01
3.4267753417e-01
3.4669088339e-01
3.5075626651e-01
3.5507837731e-01
3.5945307895e-01
3.6387787683e-01
3.6835024558e-01
3.7405796173e-01
3.7983218185e-01
3.8566767546e-01
3.9155917595e-01
3.9635929441e-01
4.0118975594e-01
4.0604775840e-01
4.1093050311e-01
4.1555656983e-01
4.2019983543e-01
4.2485797913e-01
4.2952869549e-01
4.3412153645e-01
4.3872213814e-01
4.4332838168e-01
4.4793817253e-01
4.5256517176e-01
4.5719160020e-01
4.6181542915e-01
4.6643466322e-01
4.7115901946e-01
4.7587443294e-01
4.8057888011e-01
4.8527038160e-01
4.9020645016e-01
4.9512372235e-01
5.0002004096e-01
5.0489331027e-01
5.1011448636e-01
5.1530410321e-01
5.2045979017e-01
5.2557926462e-01
5.3058144011e-01
5.3554438842e-01
5.4046618489e-01
5.4534498857e-01
5.5016746425e-01
5.5494374209e-01
5.5967224082e-01
5.6435145970e-01
5.6912269916e-01
5.7383857419e-01
5.7849770137e-01
5.8309878256e-01
5.8795127635e-01
5.9273468448e-01
5.9744773017e-01
6.0208923721e-01
6.0743729154e-01
6.1268400510e-01
6.1782797560e-01
6.2286796392e-01
6.2747181788e-01
6.3198360053e-01
6.3640265633e-01
6.4072843070e-01
6.4474203254e-01
6.4867110234e-01
6.5251539284e-01
6.5627472156e-01
6.5990380424e-01
6.6344984401e-01
6.6691282894e-01
6.7029279427e-01
6.7360581546e-01
6.7683520088e-01
6.7998110990e-01
6.8304373673e-01
6.8607047117e-01
6.8901172861e-01
6.9186780377e-01
6.9463901581e-01
6.9739108950e-01
7.0005479529e-01
7.0263053766e-01
7.0511873575e-01
7.0759621770e-01
7.0998133082e-01
7.1227456708e-01
7.1447642307e-01
7.1666999691e-01
7.1876582940e-01
7.2076447681e-01
7.2266648894e-01
7.2455753176e-01
7.2634354575e-01
7.2802512349e-01
7.2960283797e-01
7.3116265876e-01
7.3260698866e-01
7.3393641999e-01
7.3515150858e-01
7.3634154929e-01
7.3739810076e-01
7.3832170907e-01
7.3911285781e-01
7.3983334560e-01
7.4039316848e-01
7.4079269446e-01
7.4103218779e-01
7.4111173743e-01
7.4104137999e-01
7.4082107154e-01
7.4045067488e-01
7.3998765404e-01
7.3940210771e-01
7.3869374361e-01
7.3786221109e-01
7.3697162439e-01
7.3597232272e-01
7.3486388657e-01
7.3364585703e-01
7.3238738777e-01
7.3102920212e-01
7.2957081821e-01
7.2801172894e-01
7.2642385821e-01
7.2474266991e-01
7.2296766444e-01
7.2109832847e-01
7.1920605336e-01
7.1722510993e-01
7.1515501362e-01
7.1299527614e-01
7.1081286699e-01
7.0854510336e-01
7.0619154156e-01
7.0375174340e-01
7.0128340376e-01
6.9873188251e-01
6.9609679953e-01
6.9337778918e-01
6.9061594872e-01
6.8777195474e-01
6.8484551371e-01
6.8183635611e-01
6.7875524825e-01
6.7559155183e-01
6.7234508838e-01
6.6901571481e-01
6.6554815800e-01
6.6199484806e-01
6.5835576763e-01
6.5463095123e-01
6.5054352407e-01
6.4635789413e-01
6.4207433264e-01
6.3769320070e-01
6.3316239583e-01
6.2853278714e-01
6.2380506573e-01
6.1898004162e-01
6.1464867926e-01
6.1024322009e-01
6.0576447079e-01
6.0121332390e-01
5.9685971164e-01
5.9244359085e-01
5.8796593259e-01
5.8342778519e-01
5.7896750296e-01
5.7445243196e-01
5.6988374970e-01
5.6526270916e-01
5.6058768727e-01
5.5586298353e-01
5.5109008848e-01
5.4627057341e-01
5.4129120241e-01
5.3626658707e-01
5.3119868007e-01
5.2608952545e-01
5.2130485433e-01
5.1648816892e-01
5.1164132380e-01
5.0676624113e-01
5.0213530536e-01
4.9748266327e-01
4.9281009969e-01
4.8811945056e-01
4.8353651916e-01
4.7894001436e-01
4.7433176465e-01
4.6971363995e-01
4.6511867421e-01
4.6051775967e-01
4.5591284144e-01
4.5130589869e-01
4.4662838725e-01
4.4195299972e-01
4.3728190307e-01
4.3261729171e-01
4.2768392871e-01
4.2276300899e-01
4.1785722543e-01
4.1296929184e-01
4.0686323411e-01
4.0079503593e-01
3.9477014710e-01
3.8879402501e-01
3.8411880202e-01
3.7947997193e-01
3.7488019113e-01
3.7032210121e-01
3.6602716743e-01
3.6177457440e-01
3.5756653986e-01
3.5340525742e-01
3.4926662651e-01
3.4517972404e-01
3.4114669553e-01
3.3716965103e-01
3.3333493111e-01
3.2955768293e-01
3.2583977110e-01
3.2218301982e-01
3.1849669562e-01
3.1487850430e-01
3.1133027316e-01
3.0785377844e-01
3.0417270374e-01
3.0057985657e-01
2.9707727998e-01
2.9366694163e-01
2.9029349409e-01
2.8701941421e-01
2.8384653125e-01
2.8077659234e-01
2.7765340535e-01
2.7464833921e-01
2.7176314817e-01
2.6899948842e-01
2.6596356868e-01
2.6309377743e-01
2.6039219020e-01
2.5786072266e-01
2.5572692492e-01
2.5373385701e-01
2.5188260542e-01
2.5017416299e-01
2.4871199900e-01
2.4737519561e-01
2.4616434873e-01
2.4507999155e-01
2.4412610976e-01
2.4329860153e-01
2.4259781752e-01
2.4202405231e-01
2.4157755115e-01
2.4125848989e-01
2.4106700050e-01
2.4100316195e-01
