2.3416619964e-10
1.1043954365e-10
5.8151149330e-10
1.8668304218e-09
1.4642561338e-08
4.0902613415e-08
1.1020977676e-07
2.9600973098e-07
8.2205112344e-07
1.5715009663e-06
2.9896501593e-06
5.6870635156e-06
1.0855849014e-05
1.7205104386e-05
2.7244172211e-05
4.3140357480e-05
6.8355263667e-05
9.7020236383e-05
1.3767465609e-04
1.9536021858e-04
2.7725448936e-04
3.6531624147e-04
4.8130168447e-04
6.3408291658e-04
8.3535496794e-04
1.0508822114e-03
1.3218951492e-03
1.6626574070e-03
2.0910789074e-03
2.5524371005e-03
3.1151626639e-03
3.8013730529e-03
4.6379263955e-03
5.5916089255e-03
6.7397261268e-03
8.1212370526e-03
9.7825803267e-03
1.1615496338e-02
1.3785941435e-02
1.6353736919e-02
1.9388322108e-02
2.2370283042e-02
2.5795976859e-02
2.9726536066e-02
3.4229872703e-02
3.8146403198e-02
4.2486380649e-02
4.7289608531e-02
5.2598176589e-02
5.7869298518e-02
6.3623427342e-02
6.9895276091e-02
7.6720040037e-02
8.4268795495e-02
9.2463193612e-02
1.0133848033e-01
1.1092774641e-01
1.2087654621e-01
1.3154021706e-01
1.4293749041e-01
1.5508162358e-01
1.6697981768e-01
1.7952225733e-01
1.9270289139e-01
2.0650933312e-01
2.1971398592e-01
2.3340991612e-01
2.4757247381e-01
2.6217228409e-01
2.8105472657e-01
3.0049558728e-01
3.2041004689e-01
3.4070629562e-01
3.5762069166e-01
3.7467243638e-01
3.9180567644e-01
4.0896491655e-01
4.2700936289e-01
4.4496085794e-01
4.6276102810e-01
4.8035512291e-01
4.9957351460e-01
5.1841334994e-01
5.3681919345e-01
5.5474292799e-01
5.7885351130e-01
6.0186093275e-01
6.2370238084e-01
6.4433764796e-01
6.6030675895e-01
6.7545261047e-01
6.8977943461e-01
7.0329714391e-01
7.1694324739e-01
7.2969469452e-01
7.4157884680e-01
7.5262624637e-01
7.6401213658e-01
7.7444417901e-01
7.8397180155e-01
7.9264498305e-01
8.0236103719e-01
8.1091534836e-01
8.1840030586e-01
8.2490431047e-01
8.3145905397e-01
8.3688312028e-01
8.4129674132e-01
8.4480997200e-01
8.4794927485e-01
8.5011038556e-01
8.5142611620e-01
8.5201330500e-01
8.5198552122e-01
8.5145629084e-01
8.5049593647e-01
8.4916593088e-01
8.4736393095e-01
8.4524821093e-01
8.4287013218e-01
8.4027382572e-01
8.3711453072e-01
8.3377013715e-01
8.3028009129e-01
8.2667750752e-01
8.2233434744e-01
8.1791107000e-01
8.1343815647e-01
8.0894039686e-01
8.0340961282e-01
7.9790125637e-01
7.9243865349e-01
7.8704002200e-01
7.8017582941e-01
7.7346605682e-01
7.6692894171e-01
7.6057879281e-01
7.5271390587e-01
7.4519848258e-01
7.3805272062e-01
7.3129680680e-01
7.2450814580e-01
7.1822065160e-01
7.1246481098e-01
7.0727293089e-01
7.0270400839e-01
6.9875826923e-01
6.9546709074e-01
6.9285901214e-01
6.9090783898e-01
6.8973211971e-01
6.8934457214e-01
6.8974949416e-01
6.9106747774e-01
6.9328355599e-01
6.9637102318e-01
7.0029494002e-01
7.0436695184e-01
7.0901428087e-01
7.1420682718e-01
7.1991479818e-01
7.2549404047e-01
7.3145108770e-01
7.3776734026e-01
7.4442538061e-01
7.4985376461e-01
7.5547288205e-01
7.6127471793e-01
7.6725058862e-01
7.7224427567e-01
7.7734085112e-01
7.8253280912e-01
7.8781096631e-01
7.9231781292e-01
7.9686947123e-01
8.0145566487e-01
8.0606377820e-01
8.1005753715e-01
8.1404401773e-01
8.1800859430e-01
8.2193370634e-01
8.2536300175e-01
8.2872744671e-01
8.3200656541e-01
8.3517627767e-01
8.3794346305e-01
8.4057172215e-01
8.4303223266e-01
8.4529163718e-01
8.4727250444e-01
8.4898179929e-01
8.5037141252e-01
8.5138602070e-01
8.5198521408e-01
8.5198888200e-01
8.5129248011e-01
8.4977556441e-01
8.4799567107e-01
8.4559803184e-01
8.4250799577e-01
8.3864347279e-01
8.3464680942e-01
8.2995393746e-01
8.2449910854e-01
8.1821220425e-01
8.1234063420e-01
8.0580709104e-01
7.9856601612e-01
7.9057046788e-01
7.8268128406e-01
7.7410520003e-01
7.6480662804e-01
7.5475034161e-01
7.4447391339e-01
7.3345570265e-01
7.2166920388e-01
7.0909023810e-01
6.9583397005e-01
6.8176309341e-01
6.6686524944e-01
6.5113350651e-01
6.3577468921e-01
6.1970118739e-01
6.0292458252e-01
5.8546347104e-01
5.6890207674e-01
5.5181533624e-01
5.3423580354e-01
5.1620252217e-01
4.9980403798e-01
4.8311878399e-01
4.6618756694e-01
4.4905511811e-01
4.3152472576e-01
4.1389110070e-01
3.9621103637e-01
3.7854355708e-01
3.6043189422e-01
3.4246450043e-01
3.2470764919e-01
3.0722610669e-01
2.9118942989e-01
2.7549562703e-01
2.6018906031e-01
2.4530998486e-01
2.2945451076e-01
2.1420177997e-01
1.9958469504e-01
1.8562832364e-01
1.7132266832e-01
1.5781905924e-01
1.4512006539e-01
1.3321972195e-01
1.2222141459e-01
1.1197191783e-01
1.0244697731e-01
9.3618323008e-02
8.5018237507e-02
7.7119829641e-02
6.9882113748e-02
6.3263375658e-02
5.6118598268e-02
4.9725953311e-02
4.4018394361e-02
3.8932081040e-02
3.3311403911e-02
2.8472159856e-02
2.4313957293e-02
2.0746967456e-02
1.7165981507e-02
1.4192123588e-02
1.1725929031e-02
9.6830788362e-03
7.9103773790e-03
6.4596776280e-03
5.2733001585e-03
4.3036122363e-03
3.3754775841e-03
2.6469248792e-03
2.0752214907e-03
1.6267022711e-03
1.1836550252e-03
8.6123592208e-04
6.2657405626e-04
4.5575666624e-04
2.8510255083e-04
1.7846113627e-04
1.1170232314e-04
6.9848144723e-05
3.0087123244e-05
1.3126930194e-05
5.7233719044e-06
2.4526884735e-06
4.7304736273e-07
1.2830793195e-07
3.0108787566e-08
1.2619292712e-08
2.3567960001e-09
6.4199567563e-10
1.5884431303e-10
1.3196338816e-10
