0.0000000000e+00
3.2171371509e-03
6.4342743017e-03
9.6514114526e-03
1.2868548603e-02
1.5960830904e-02
1.9053113204e-02
2.2145395505e-02
2.5237677805e-02
2.8252036777e-02
3.1266395748e-02
3.4280754719e-02
3.7295113691e-02
4.0268010521e-02
4.3240907352e-02
4.6213804182e-02
4.9186701013e-02
5.2168308182e-02
5.5149915351e-02
5.8131522520e-02
6.1113129689e-02
6.4221868109e-02
6.7330606530e-02
7.0439344950e-02
7.3548083370e-02
7.7618367561e-02
8.1688651752e-02
8.5758935943e-02
8.9829220134e-02
9.2859650670e-02
9.5890081207e-02
9.8920511743e-02
1.0195094228e-01
1.0490154289e-01
1.0785214350e-01
1.1080274411e-01
1.1375334471e-01
1.1649472165e-01
1.1923609860e-01
1.2197747554e-01
1.2471885248e-01
1.2753770858e-01
1.3035656467e-01
1.3317542077e-01
1.3599427687e-01
1.3861524065e-01
1.4123620443e-01
1.4385716820e-01
1.4647813198e-01
1.4903163533e-01
1.5158513867e-01
1.5413864201e-01
1.5669214536e-01
1.5927861467e-01
1.6186508398e-01
1.6445155329e-01
1.6703802260e-01
1.6977024028e-01
1.7250245796e-01
1.7523467563e-01
1.7796689331e-01
1.8131700105e-01
1.8466710879e-01
1.8801721653e-01
1.9136732428e-01
1.9416617898e-01
1.9696503369e-01
1.9976388840e-01
2.0256274311e-01
2.0520548918e-01
2.0784823525e-01
2.1049098132e-01
2.1313372740e-01
2.1574785250e-01
2.1836197761e-01
2.2097610271e-01
2.2359022782e-01
2.2625117577e-01
2.2891212373e-01
2.3157307169e-01
2.3423401964e-01
2.3703530324e-01
2.3983658684e-01
2.4263787044e-01
2.4543915404e-01
2.4860683341e-01
2.5177451278e-01
2.5494219215e-01
2.5810987153e-01
2.6118845096e-01
2.6426703038e-01
2.6734560981e-01
2.7042418924e-01
2.7355185840e-01
2.7667952756e-01
2.7980719672e-01
2.8293486588e-01
2.8628331006e-01
2.8963175425e-01
2.9298019844e-01
2.9632864262e-01
3.0043626095e-01
3.0454387927e-01
3.0865149759e-01
3.1275911591e-01
3.1640826521e-01
3.2005741450e-01
3.2370656380e-01
3.2735571309e-01
3.3085658133e-01
3.3435744957e-01
3.3785831781e-01
3.4135918606e-01
3.4485346909e-01
3.4834775212e-01
3.5184203515e-01
3.5533631819e-01
3.5888930412e-01
3.6244229005e-01
3.6599527597e-01
3.6954826190e-01
3.7320718774e-01
3.7686611357e-01
3.8052503941e-01
3.8418396524e-01
3.8799349360e-01
3.9180302197e-01
3.9561255033e-01
3.9942207869e-01
4.0343387462e-01
4.0744567055e-01
4.1145746648e-01
4.1546926241e-01
4.1975986195e-01
4.2405046150e-01
4.2834106104e-01
4.3263166059e-01
4.3724780618e-01
4.4186395177e-01
4.4648009736e-01
4.5109624295e-01
4.5607112227e-01
4.6104600158e-01
4.6602088090e-01
4.7099576021e-01
4.7629991365e-01
4.8160406709e-01
4.8690822053e-01
4.9221237397e-01
4.9736531818e-01
5.0251826238e-01
5.0767120659e-01
5.1282415080e-01
5.1803250112e-01
5.2324085145e-01
5.2844920177e-01
5.3365755210e-01
5.3823139956e-01
5.4280524702e-01
5.4737909447e-01
5.5195294193e-01
5.5620719035e-01
5.6046143876e-01
5.6471568718e-01
5.6896993560e-01
5.7297256457e-01
5.7697519354e-01
5.8097782252e-01
5.8498045149e-01
5.8879219037e-01
5.9260392925e-01
5.9641566812e-01
6.0022740700e-01
6.0389343774e-01
6.0755946849e-01
6.1122549923e-01
6.1489152997e-01
6.1845225074e-01
6.2201297151e-01
6.2557369227e-01
6.2913441304e-01
6.3263359381e-01
6.3613277458e-01
6.3963195535e-01
6.4313113611e-01
6.4663112329e-01
6.5013111047e-01
6.5363109765e-01
6.5713108483e-01
6.6077902962e-01
6.6442697441e-01
6.6807491920e-01
6.7172286399e-01
6.7574971139e-01
6.7977655879e-01
6.8380340619e-01
6.8783025359e-01
6.9124047999e-01
6.9465070638e-01
6.9806093278e-01
7.0147115918e-01
7.0463305976e-01
7.0779496034e-01
7.1095686092e-01
7.1411876150e-01
7.1719823302e-01
7.2027770454e-01
7.2335717605e-01
7.2643664757e-01
7.2967168305e-01
7.3290671853e-01
7.3614175401e-01
7.3937678949e-01
7.4225032524e-01
7.4512386098e-01
7.4799739672e-01
7.5087093247e-01
7.5356967692e-01
7.5626842138e-01
7.5896716583e-01
7.6166591028e-01
7.6429090794e-01
7.6691590560e-01
7.6954090326e-01
7.7216590092e-01
7.7478932548e-01
7.7741275003e-01
7.8003617459e-01
7.8265959915e-01
7.8539658652e-01
7.8813357389e-01
7.9087056126e-01
7.9360754863e-01
7.9733848331e-01
8.0106941799e-01
8.0480035267e-01
8.0853128735e-01
8.1130522823e-01
8.1407916911e-01
8.1685310999e-01
8.1962705087e-01
8.2224147300e-01
8.2485589514e-01
8.2747031727e-01
8.3008473940e-01
8.3263767117e-01
8.3519060294e-01
8.3774353471e-01
8.4029646648e-01
8.4289002727e-01
8.4548358807e-01
8.4807714886e-01
8.5067070966e-01
8.5358504507e-01
8.5649938047e-01
8.5941371588e-01
8.6232805129e-01
8.6506267286e-01
8.6779729443e-01
8.7053191601e-01
8.7326653758e-01
8.7615429296e-01
8.7904204834e-01
8.8192980372e-01
8.8481755911e-01
8.8784635769e-01
8.9087515627e-01
8.9390395485e-01
8.9693275344e-01
9.0110823897e-01
9.0528372450e-01
9.0945921003e-01
9.1363469556e-01
9.1673703286e-01
9.1983937017e-01
9.2294170748e-01
9.2604404479e-01
9.2902885235e-01
9.3201365992e-01
9.3499846749e-01
9.3798327506e-01
9.4095519880e-01
9.4392712254e-01
9.4689904629e-01
9.4987097003e-01
9.5288246515e-01
9.5589396028e-01
9.5890545541e-01
9.6191695053e-01
9.6500721381e-01
9.6809747708e-01
9.7118774036e-01
9.7427800364e-01
9.7749325318e-01
9.8070850273e-01
9.8392375227e-01
9.8713900182e-01
9.9035425136e-01
9.9356950091e-01
9.9678475045e-01
1.0000000000e+00
