2.7131079867e-01
2.7135085110e-01
2.7147102020e-01
2.7167134145e-01
2.7195187400e-01
2.7218248629e-01
2.7244852561e-01
2.7275002658e-01
2.7308702844e-01
2.7336255686e-01
2.7365802286e-01
2.7397344799e-01
2.7430885526e-01
2.7457554642e-01
2.7485367013e-01
2.7514323798e-01
2.7544426202e-01
2.7569415807e-01
2.7595144849e-01
2.7621614019e-01
2.7648824026e-01
2.7672135927e-01
2.7695966335e-01
2.7720315694e-01
2.7745184460e-01
2.7767080791e-01
2.7789365197e-01
2.7812037988e-01
2.7835099479e-01
2.7856013673e-01
2.7877238069e-01
2.7898772900e-01
2.7920618400e-01
2.7941524043e-01
2.7962706895e-01
2.7984167155e-01
2.8005905018e-01
2.8028621694e-01
2.8051634225e-01
2.8074942807e-01
2.8098547619e-01
2.8116934127e-01
2.8135496595e-01
2.8154235068e-01
2.8173149576e-01
2.8189081137e-01
2.8205135476e-01
2.8221312564e-01
2.8237612352e-01
2.8251910902e-01
2.8266302435e-01
2.8280786862e-01
2.8295364072e-01
2.8309088753e-01
2.8322894416e-01
2.8336780891e-01
2.8350747977e-01
2.8365132346e-01
2.8379600670e-01
2.8394152587e-01
2.8408787675e-01
2.8423532410e-01
2.8438359555e-01
2.8453268444e-01
2.8468258315e-01
2.8481614147e-01
2.8495032253e-01
2.8508511861e-01
2.8522052116e-01
2.8534984324e-01
2.8547969615e-01
2.8561006998e-01
2.8574095388e-01
2.8587604461e-01
2.8601164812e-01
2.8614774929e-01
2.8628433181e-01
2.8645604965e-01
2.8662845779e-01
2.8680151595e-01
2.8697518085e-01
2.8711046751e-01
2.8724606947e-01
2.8738196281e-01
2.8751812265e-01
2.8766265445e-01
2.8780742471e-01
2.8795240070e-01
2.8809754878e-01
2.8826368937e-01
2.8842995736e-01
2.8859629921e-01
2.8876266061e-01
2.8893914254e-01
2.8911551875e-01
2.8929172316e-01
2.8946768979e-01
2.8966101025e-01
2.8985387647e-01
2.9004620303e-01
2.9023790597e-01
2.9042034473e-01
2.9060206980e-01
2.9078301318e-01
2.9096310887e-01
2.9115383650e-01
2.9134345659e-01
2.9153189766e-01
2.9171909122e-01
2.9192425107e-01
2.9212772646e-01
2.9232943802e-01
2.9252931083e-01
2.9276986142e-01
2.9300746868e-01
2.9324202321e-01
2.9347342434e-01
2.9376643322e-01
2.9405388980e-01
2.9433563669e-01
2.9461153524e-01
2.9489168166e-01
2.9516527475e-01
2.9543221320e-01
2.9569241073e-01
2.9595973929e-01
2.9621940139e-01
2.9647133925e-01
2.9671550687e-01
2.9695462142e-01
2.9718571657e-01
2.9740877286e-01
2.9762377792e-01
2.9784597320e-01
2.9805885154e-01
2.9826241739e-01
2.9845667993e-01
2.9866081025e-01
2.9885358742e-01
2.9903503658e-01
2.9920518524e-01
2.9938406814e-01
2.9954857167e-01
2.9969873883e-01
2.9983461160e-01
2.9997388116e-01
3.0009417137e-01
3.0019553413e-01
3.0027801468e-01
3.0034613887e-01
3.0039215740e-01
3.0041609586e-01
3.0041796771e-01
3.0040064900e-01
3.0036526095e-01
3.0031178736e-01
3.0024020407e-01
3.0016189323e-01
3.0006940371e-01
2.9996270479e-01
2.9984176212e-01
2.9972139866e-01
2.9958956491e-01
2.9944623087e-01
2.9929136574e-01
2.9914051760e-01
2.9898008724e-01
2.9881005230e-01
2.9863039169e-01
2.9845503706e-01
2.9827136264e-01
2.9807935737e-01
2.9787901322e-01
2.9767746046e-01
2.9746811466e-01
2.9725098043e-01
2.9702606786e-01
2.9679730843e-01
2.9656106424e-01
2.9631736562e-01
2.9606625192e-01
2.9582797680e-01
2.9558347636e-01
2.9533280771e-01
2.9507603843e-01
2.9484672399e-01
2.9461287188e-01
2.9437455108e-01
2.9413183938e-01
2.9392390889e-01
2.9371297844e-01
2.9349911146e-01
2.9328237721e-01
2.9309161669e-01
2.9289879792e-01
2.9270397820e-01
2.9250721878e-01
2.9232559648e-01
2.9214245886e-01
2.9195786193e-01
2.9177186472e-01
2.9159500303e-01
2.9141700290e-01
2.9123792155e-01
2.9105781859e-01
2.9087183408e-01
2.9068490690e-01
2.9049710921e-01
2.9030851551e-01
2.9011575894e-01
2.8992233984e-01
2.8972834326e-01
2.8953385587e-01
2.8937198124e-01
2.8920987970e-01
2.8904760262e-01
2.8888520153e-01
2.8872869749e-01
2.8857217215e-01
2.8841567112e-01
2.8825923957e-01
2.8812123733e-01
2.8798335415e-01
2.8784561965e-01
2.8770806280e-01
2.8756661072e-01
2.8742540709e-01
2.8728448095e-01
2.8714386033e-01
2.8699611657e-01
2.8684877163e-01
2.8670185405e-01
2.8655539088e-01
2.8642429520e-01
2.8629360375e-01
2.8616333287e-01
2.8603349784e-01
2.8589352564e-01
2.8575409718e-01
2.8561522792e-01
2.8547693206e-01
2.8532807298e-01
2.8517991408e-01
2.8503246869e-01
2.8488574875e-01
2.8471878936e-01
2.8455280740e-01
2.8438781499e-01
2.8422382257e-01
2.8408115718e-01
2.8393926943e-01
2.8379816379e-01
2.8365784409e-01
2.8351029252e-01
2.8336362714e-01
2.8321785074e-01
2.8307296564e-01
2.8290618311e-01
2.8274060252e-01
2.8257622579e-01
2.8241305438e-01
2.8221249143e-01
2.8201378311e-01
2.8181693028e-01
2.8162193336e-01
2.8135961476e-01
2.8110073090e-01
2.8084528044e-01
2.8059326157e-01
2.8036603514e-01
2.8014166881e-01
2.7992016066e-01
2.7970150870e-01
2.7946330959e-01
2.7922859000e-01
2.7899734714e-01
2.7876957822e-01
2.7850785511e-01
2.7825086615e-01
2.7799860701e-01
2.7775107345e-01
2.7745208085e-01
2.7716027218e-01
2.7687563990e-01
2.7659817665e-01
2.7624015787e-01
2.7589479767e-01
2.7556208025e-01
2.7524199035e-01
2.7479580081e-01
2.7437664101e-01
2.7398446973e-01
2.7361924837e-01
2.7307770761e-01
2.7260864919e-01
2.7221194861e-01
2.7188750057e-01
2.7163514323e-01
2.7145493586e-01
2.7134683057e-01
2.7131079867e-01
