2.9623587843e-01
2.9623596165e-01
2.9623621129e-01
2.9623662731e-01
2.9623720962e-01
2.9623794861e-01
2.9623884985e-01
2.9623991316e-01
2.9624113832e-01
2.9624256731e-01
2.9624416702e-01
2.9624593711e-01
2.9624787719e-01
2.9625025123e-01
2.9625283730e-01
2.9625563468e-01
2.9625864258e-01
2.9626179809e-01
2.9626515463e-01
2.9626871128e-01
2.9627246704e-01
2.9627610088e-01
2.9627990178e-01
2.9628386881e-01
2.9628800096e-01
2.9629206594e-01
2.9629627718e-01
2.9630063372e-01
2.9630513452e-01
2.9630982247e-01
2.9631465516e-01
2.9631963139e-01
2.9632474992e-01
2.9632968968e-01
2.9633475289e-01
2.9633993839e-01
2.9634524499e-01
2.9635047084e-01
2.9635580677e-01
2.9636125161e-01
2.9636680412e-01
2.9637244686e-01
2.9637819412e-01
2.9638404457e-01
2.9638999684e-01
2.9639617674e-01
2.9640245975e-01
2.9640884430e-01
2.9641532875e-01
2.9642228590e-01
2.9642935069e-01
2.9643652107e-01
2.9644379492e-01
2.9645361307e-01
2.9646360474e-01
2.9647376458e-01
2.9648408704e-01
2.9649193263e-01
2.9649986407e-01
2.9650787887e-01
2.9651597449e-01
2.9652376217e-01
2.9653161862e-01
2.9653954154e-01
2.9654752858e-01
2.9655547835e-01
2.9656348604e-01
2.9657154931e-01
2.9657966578e-01
2.9658792014e-01
2.9659622388e-01
2.9660457446e-01
2.9661296932e-01
2.9662170428e-01
2.9663048105e-01
2.9663929671e-01
2.9664814833e-01
2.9665776032e-01
2.9666740716e-01
2.9667708507e-01
2.9668679023e-01
2.9669711340e-01
2.9670745834e-01
2.9671782046e-01
2.9672819512e-01
2.9673816508e-01
2.9674813823e-01
2.9675811045e-01
2.9676807764e-01
2.9677824497e-01
2.9678839840e-01
2.9679853357e-01
2.9680864612e-01
2.9681930907e-01
2.9682993679e-01
2.9684052419e-01
2.9685106621e-01
2.9686290845e-01
2.9687467925e-01
2.9688637151e-01
2.9689797817e-01
2.9690971781e-01
2.9692135388e-01
2.9693287914e-01
2.9694428646e-01
2.9695474815e-01
2.9696509694e-01
2.9697532739e-01
2.9698543413e-01
2.9699524401e-01
2.9700492429e-01
2.9701447013e-01
2.9702387677e-01
2.9703317351e-01
2.9704232066e-01
2.9705131367e-01
2.9706014810e-01
2.9706895906e-01
2.9707759728e-01
2.9708605839e-01
2.9709433814e-01
2.9710263839e-01
2.9711073910e-01
2.9711863603e-01
2.9712632508e-01
2.9713405334e-01
2.9714155076e-01
2.9714881323e-01
2.9715583677e-01
2.9716289877e-01
2.9716969289e-01
2.9717621511e-01
2.9718246162e-01
2.9718872754e-01
2.9719468065e-01
2.9720031713e-01
2.9720563337e-01
2.9721093350e-01
2.9721586360e-01
2.9722042012e-01
2.9722459981e-01
2.9722873616e-01
2.9723241470e-01
2.9723563229e-01
2.9723838622e-01
2.9724087951e-01
2.9724280526e-01
2.9724416148e-01
2.9724494681e-01
2.9724516269e-01
2.9724484749e-01
2.9724400152e-01
2.9724262558e-01
2.9724093302e-01
2.9723881257e-01
2.9723626587e-01
2.9723329487e-01
2.9723013927e-01
2.9722661778e-01
2.9722273279e-01
2.9721848693e-01
2.9721413432e-01
2.9720946309e-01
2.9720447611e-01
2.9719917644e-01
2.9719382233e-01
2.9718818863e-01
2.9718227855e-01
2.9717609545e-01
2.9716988825e-01
2.9716343459e-01
2.9715673789e-01
2.9714980173e-01
2.9714285187e-01
2.9713568395e-01
2.9712830161e-01
2.9712070864e-01
2.9711309148e-01
2.9710528076e-01
2.9709728032e-01
2.9708909412e-01
2.9708084592e-01
2.9707242512e-01
2.9706383585e-01
2.9705508228e-01
2.9704618022e-01
2.9703712295e-01
2.9702791494e-01
2.9701856075e-01
2.9700883006e-01
2.9699895591e-01
2.9698894349e-01
2.9697879809e-01
2.9696718120e-01
2.9695540931e-01
2.9694349044e-01
2.9693143278e-01
2.9692052069e-01
2.9690950993e-01
2.9689840662e-01
2.9688721696e-01
2.9687697242e-01
2.9686666641e-01
2.9685630371e-01
2.9684588916e-01
2.9683592566e-01
2.9682592375e-01
2.9681588768e-01
2.9680582173e-01
2.9679590933e-01
2.9678597632e-01
2.9677602678e-01
2.9676606481e-01
2.9675547295e-01
2.9674487664e-01
2.9673428079e-01
2.9672369036e-01
2.9671397178e-01
2.9670426573e-01
2.9669457601e-01
2.9668490641e-01
2.9667592956e-01
2.9666697643e-01
2.9665805005e-01
2.9664915342e-01
2.9664058803e-01
2.9663205588e-01
2.9662355962e-01
2.9661510190e-01
2.9660678306e-01
2.9659850692e-01
2.9659027598e-01
2.9658209269e-01
2.9657386798e-01
2.9656569700e-01
2.9655758221e-01
2.9654952605e-01
2.9654109124e-01
2.9653272719e-01
2.9652443664e-01
2.9651622230e-01
2.9650575250e-01
2.9649541930e-01
2.9648522819e-01
2.9647518451e-01
2.9646752703e-01
2.9645996306e-01
2.9645249492e-01
2.9644512486e-01
2.9643820859e-01
2.9643138487e-01
2.9642465552e-01
2.9641802232e-01
2.9641161799e-01
2.9640530920e-01
2.9639909750e-01
2.9639298440e-01
2.9638697630e-01
2.9638106953e-01
2.9637526549e-01
2.9636956552e-01
2.9636377681e-01
2.9635810242e-01
2.9635254371e-01
2.9634710202e-01
2.9634138734e-01
2.9633581075e-01
2.9633037373e-01
2.9632507772e-01
2.9631999889e-01
2.9631505955e-01
2.9631026089e-01
2.9630560410e-01
2.9630083659e-01
2.9629623013e-01
2.9629178594e-01
2.9628750515e-01
2.9628295591e-01
2.9627860987e-01
2.9627446837e-01
2.9627053266e-01
2.9626688019e-01
2.9626342709e-01
2.9626017434e-01
2.9625712283e-01
2.9625452574e-01
2.9625209601e-01
2.9624983419e-01
2.9624774076e-01
2.9624586370e-01
2.9624414729e-01
2.9624259187e-01
2.9624119777e-01
2.9623995209e-01
2.9623887198e-01
2.9623795767e-01
2.9623720935e-01
2.9623662716e-01
2.9623621123e-01
2.9623596163e-01
2.9623587843e-01
