2.5416834006e-01
2.5432599033e-01
2.5479913665e-01
2.5558836597e-01
2.5669465741e-01
2.5743591169e-01
2.5827307341e-01
2.5920645448e-01
2.6023640263e-01
2.6095385260e-01
2.6171193685e-01
2.6251077341e-01
2.6335048667e-01
2.6398097595e-01
2.6463280832e-01
2.6530603647e-01
2.6600071484e-01
2.6654375905e-01
2.6709928283e-01
2.6766731220e-01
2.6824787375e-01
2.6871822486e-01
2.6919652250e-01
2.6968278081e-01
2.7017701418e-01
2.7059470430e-01
2.7101794414e-01
2.7144674237e-01
2.7188110777e-01
2.7226196915e-01
2.7264702245e-01
2.7303627356e-01
2.7342972843e-01
2.7379382027e-01
2.7416144881e-01
2.7453261868e-01
2.7490733452e-01
2.7530686003e-01
2.7571034970e-01
2.7611780877e-01
2.7652924226e-01
2.7683976462e-01
2.7715251756e-01
2.7746750269e-01
2.7778472135e-01
2.7804293862e-01
2.7830261811e-01
2.7856375987e-01
2.7882636366e-01
2.7905748653e-01
2.7928972899e-01
2.7952308998e-01
2.7975756809e-01
2.7998380359e-01
2.8021106555e-01
2.8043935125e-01
2.8066865740e-01
2.8094026623e-01
2.8121327920e-01
2.8148768619e-01
2.8176347487e-01
2.8198082505e-01
2.8219900823e-01
2.8241801464e-01
2.8263783313e-01
2.8284468046e-01
2.8305221896e-01
2.8326043550e-01
2.8346931548e-01
2.8367848898e-01
2.8388828999e-01
2.8409869915e-01
2.8430969540e-01
2.8455015461e-01
2.8479130610e-01
2.8503311052e-01
2.8527552551e-01
2.8548870869e-01
2.8570229476e-01
2.8591624969e-01
2.8613053796e-01
2.8636852271e-01
2.8660681961e-01
2.8684537460e-01
2.8708413211e-01
2.8734253583e-01
2.8760103657e-01
2.8785955993e-01
2.8811803088e-01
2.8846050295e-01
2.8880257494e-01
2.8914407296e-01
2.8948482584e-01
2.8977196335e-01
2.9005835128e-01
2.9034389413e-01
2.9062849943e-01
2.9093475521e-01
2.9123970550e-01
2.9154324759e-01
2.9184528388e-01
2.9217623184e-01
2.9250512346e-01
2.9283185034e-01
2.9315631173e-01
2.9355728472e-01
2.9395443163e-01
2.9434760475e-01
2.9473667240e-01
2.9518824351e-01
2.9563382755e-01
2.9607328584e-01
2.9650650266e-01
2.9703162803e-01
2.9754699516e-01
2.9805250444e-01
2.9854809013e-01
2.9900391695e-01
2.9945097063e-01
2.9988925892e-01
3.0031880450e-01
3.0076886753e-01
3.0120901545e-01
3.0163931785e-01
3.0205985459e-01
3.0251796980e-01
3.0296415441e-01
3.0339855028e-01
3.0382130610e-01
3.0429465792e-01
3.0475297165e-01
3.0519649356e-01
3.0562547231e-01
3.0611938785e-01
3.0659331495e-01
3.0704767389e-01
3.0748287900e-01
3.0800266393e-01
3.0849369573e-01
3.0895673305e-01
3.0939250687e-01
3.0994650658e-01
3.1045236130e-01
3.1091166599e-01
3.1132589838e-01
3.1184521275e-01
3.1227771737e-01
3.1262646686e-01
3.1289396992e-01
3.1306756329e-01
3.1317736484e-01
3.1322404248e-01
3.1320788141e-01
3.1313163867e-01
3.1299524787e-01
3.1279792421e-01
3.1253854203e-01
3.1229247905e-01
3.1200702051e-01
3.1168121258e-01
3.1131398169e-01
3.1099641078e-01
3.1065203694e-01
3.1028019316e-01
3.0988016998e-01
3.0952930412e-01
3.0915840651e-01
3.0876701979e-01
3.0835466913e-01
3.0798822891e-01
3.0760605364e-01
3.0720782718e-01
3.0679322651e-01
3.0641967782e-01
3.0603331624e-01
3.0563392096e-01
3.0522126973e-01
3.0484389887e-01
3.0445576370e-01
3.0405670997e-01
3.0364658534e-01
3.0326471635e-01
3.0287349903e-01
3.0247282812e-01
3.0206260292e-01
3.0166941349e-01
3.0126767710e-01
3.0085732749e-01
3.0043830607e-01
2.9997325308e-01
2.9949785976e-01
2.9901209435e-01
2.9851594570e-01
2.9810198294e-01
2.9768108775e-01
2.9725329508e-01
2.9681865579e-01
2.9642049276e-01
2.9601687063e-01
2.9560786813e-01
2.9519357981e-01
2.9485911910e-01
2.9452142566e-01
2.9418057289e-01
2.9383664272e-01
2.9353341490e-01
2.9322796951e-01
2.9292037898e-01
2.9261072161e-01
2.9232495030e-01
2.9203758072e-01
2.9174868700e-01
2.9145834773e-01
2.9117534503e-01
2.9089113954e-01
2.9060581495e-01
2.9031945866e-01
2.9002359177e-01
2.8972683048e-01
2.8942928138e-01
2.8913105419e-01
2.8887129858e-01
2.8861119066e-01
2.8835080671e-01
2.8809022367e-01
2.8785283019e-01
2.8761539416e-01
2.8737797372e-01
2.8714062656e-01
2.8692261570e-01
2.8670475841e-01
2.8648709736e-01
2.8626967424e-01
2.8594519547e-01
2.8562146856e-01
2.8529861597e-01
2.8497675205e-01
2.8476717031e-01
2.8455808262e-01
2.8434951456e-01
2.8414149002e-01
2.8391821038e-01
2.8369561163e-01
2.8347371707e-01
2.8325254788e-01
2.8302001627e-01
2.8278833344e-01
2.8255751728e-01
2.8232758357e-01
2.8207242943e-01
2.8181840473e-01
2.8156552365e-01
2.8131379822e-01
2.8108128379e-01
2.8084977965e-01
2.8061929151e-01
2.8038982408e-01
2.8014045417e-01
2.7989230978e-01
2.7964539419e-01
2.7939970992e-01
2.7908024937e-01
2.7876290119e-01
2.7844766717e-01
2.7813454820e-01
2.7774031542e-01
2.7734948658e-01
2.7696205967e-01
2.7657803194e-01
2.7618816857e-01
2.7580186459e-01
2.7541911579e-01
2.7503991776e-01
2.7462812673e-01
2.7422059496e-01
2.7381731635e-01
2.7341828482e-01
2.7294901307e-01
2.7248573551e-01
2.7202844204e-01
2.7157712267e-01
2.7100655947e-01
2.7044580212e-01
2.6989483035e-01
2.6935362423e-01
2.6859844948e-01
2.6786305190e-01
2.6714737732e-01
2.6645137306e-01
2.6531584503e-01
2.6423650282e-01
2.6321311787e-01
2.6224547344e-01
2.6034477108e-01
2.5870127611e-01
2.5731336479e-01
2.5617966589e-01
2.5529905918e-01
2.5467067510e-01
2.5429389280e-01
2.5416834004e-01
