7.2157977477e-10
2.5915284245e-10
1.5122538054e-09
4.4701224416e-09
3.9232565740e-08
1.1098958848e-07
3.0248259220e-07
8.2145154374e-07
2.3116845728e-06
4.4422653048e-06
8.4934641455e-06
1.6237675490e-05
3.1155005564e-05
4.9100447100e-05
7.7318884571e-05
1.2175154022e-04
1.9182952848e-04
2.7008593991e-04
3.8018074144e-04
5.3512364168e-04
7.5326717321e-04
9.9143644550e-04
1.3047124025e-03
1.7167703805e-03
2.2587152983e-03
2.8602286336e-03
3.6211276225e-03
4.5833150056e-03
5.7994760701e-03
7.4815218389e-03
9.6453559972e-03
1.2425500197e-02
1.5991512562e-02
1.9140504007e-02
2.2891803132e-02
2.7353060496e-02
3.2647831424e-02
3.7168114341e-02
4.2280094379e-02
4.8051119898e-02
5.4553201414e-02
6.1299612724e-02
6.8802784777e-02
7.7127275172e-02
8.6337853751e-02
9.7702086393e-02
1.1032426313e-01
1.2427821761e-01
1.3962459374e-01
1.5291383563e-01
1.6713115244e-01
1.8227717162e-01
1.9834030633e-01
2.1499660786e-01
2.3247793831e-01
2.5073420310e-01
2.6970242327e-01
2.9332975977e-01
3.1772522771e-01
3.4272076104e-01
3.6813625747e-01
3.9015227654e-01
4.1222224347e-01
4.3423101746e-01
4.5606862192e-01
4.8211346160e-01
5.0759283271e-01
5.3236343351e-01
5.5630452305e-01
5.8151101948e-01
6.0550226326e-01
6.2820927944e-01
6.4958982749e-01
6.6925274033e-01
6.8762267382e-01
7.0471555546e-01
7.2055962428e-01
7.3702497675e-01
7.5200738176e-01
7.6558093399e-01
7.7782497445e-01
7.9114439024e-01
8.0274098700e-01
8.1276453055e-01
8.2135948702e-01
8.3040017262e-01
8.3763073104e-01
8.4328528455e-01
8.4757406239e-01
8.5106396138e-01
8.5323841211e-01
8.5431241099e-01
8.5446975484e-01
8.5384042017e-01
8.5255118151e-01
8.5072289977e-01
8.4845700592e-01
8.4541636126e-01
8.4201464720e-01
8.3833910986e-01
8.3446058105e-01
8.2953601435e-01
8.2447663725e-01
8.1934666352e-01
8.1419553273e-01
8.0770790482e-01
8.0130274332e-01
7.9501975000e-01
7.8888545495e-01
7.8172335421e-01
7.7481253885e-01
7.6815148807e-01
7.6172515315e-01
7.5545971104e-01
7.4935948136e-01
7.4336304743e-01
7.3738887544e-01
7.3234519894e-01
7.2716913905e-01
7.2177022280e-01
7.1604151115e-01
7.1126201070e-01
7.0613915134e-01
7.0059929894e-01
6.9456272271e-01
6.8906980894e-01
6.8311823101e-01
6.7665576893e-01
6.6963106929e-01
6.6199622842e-01
6.5370672819e-01
6.4472710927e-01
6.3503358106e-01
6.2614372908e-01
6.1672853379e-01
6.0680770326e-01
5.9641634531e-01
5.8657511035e-01
5.7643985986e-01
5.6607863467e-01
5.5557404032e-01
5.4533597330e-01
5.3515560070e-01
5.2514508502e-01
5.1542566304e-01
5.0578396973e-01
4.9674110607e-01
4.8844404444e-01
4.8103510608e-01
4.7504466153e-01
4.7003941894e-01
4.6610255318e-01
4.6330091977e-01
4.6168128578e-01
4.6127760257e-01
4.6209692122e-01
4.6412491301e-01
4.6790229873e-01
4.7314313771e-01
4.7973093553e-01
4.8752351807e-01
4.9549152711e-01
5.0418538736e-01
5.1347007601e-01
5.2320982904e-01
5.3503542509e-01
5.4710151125e-01
5.5922338500e-01
5.7123822197e-01
5.8454991989e-01
5.9738580356e-01
6.0962526718e-01
6.2118560434e-01
6.3167725727e-01
6.4146910808e-01
6.5056288540e-01
6.5897659042e-01
6.6789002647e-01
6.7599819749e-01
6.8337163193e-01
6.9008591980e-01
6.9821293084e-01
7.0546928508e-01
7.1202525251e-01
7.1803524187e-01
7.2452811393e-01
7.3064925895e-01
7.3655201819e-01
7.4236133435e-01
7.4825645414e-01
7.5423926903e-01
7.6037190216e-01
7.6669975928e-01
7.7221473347e-01
7.7790202675e-01
7.8376631141e-01
7.8980549364e-01
7.9481968657e-01
7.9993352189e-01
8.0513340283e-01
8.1040026429e-01
8.1485269835e-01
8.1931458513e-01
8.2376091016e-01
8.2816020266e-01
8.3191190819e-01
8.3556701270e-01
8.3908701956e-01
8.4242524846e-01
8.4524433487e-01
8.4781813985e-01
8.5008699786e-01
8.5198010829e-01
8.5366119553e-01
8.5446908308e-01
8.5417688176e-01
8.5250785849e-01
8.5042676537e-01
8.4743906858e-01
8.4340709447e-01
8.3817614681e-01
8.3308412326e-01
8.2704340010e-01
8.1995337288e-01
8.1170642409e-01
8.0378871296e-01
7.9490032860e-01
7.8496798098e-01
7.7391702307e-01
7.6290323603e-01
7.5085954270e-01
7.3773317429e-01
7.2347454158e-01
7.0696626836e-01
6.8907225290e-01
6.6975796060e-01
6.4900386179e-01
6.3080337329e-01
6.1163345392e-01
5.9151733520e-01
5.7049199467e-01
5.5065499425e-01
5.3016177369e-01
5.0907489337e-01
4.8746890023e-01
4.6713719065e-01
4.4651346014e-01
4.2568204900e-01
4.0473388908e-01
3.8212827259e-01
3.5962439410e-01
3.3734950315e-01
3.1542974583e-01
2.9587589708e-01
2.7680482999e-01
2.5829611871e-01
2.4042066681e-01
2.2114384334e-01
2.0281560365e-01
1.8548803012e-01
1.6919517194e-01
1.5244703758e-01
1.3697695824e-01
1.2276449157e-01
1.0977211736e-01
9.8273104541e-02
8.7820597642e-02
7.8352638289e-02
6.9803544160e-02
6.0074901336e-02
5.1605553594e-02
4.4258735332e-02
3.7905138281e-02
2.9340675422e-02
2.2654728303e-02
1.7458606683e-02
1.3433897129e-02
1.0581294974e-02
8.3283232377e-03
6.5511901346e-03
5.1507437154e-03
3.8347349224e-03
2.8539739305e-03
2.1234012627e-03
1.5793507942e-03
1.0344721519e-03
6.7770505872e-04
4.4391251986e-04
2.9058306320e-04
1.3745207115e-04
6.5477111619e-05
3.1181663364e-05
1.4701700854e-05
2.3509012903e-06
6.5225418100e-07
1.3327708599e-07
8.8530857663e-08
1.4053289803e-08
3.9303908731e-09
8.7869090463e-10
1.0755662804e-09
