0.0000000000e+00
6.6115205892e-03
1.3223041178e-02
1.9834561768e-02
2.6446082357e-02
3.1946661478e-02
3.7447240599e-02
4.2947819720e-02
4.8448398842e-02
5.3219067926e-02
5.7989737010e-02
6.2760406095e-02
6.7531075179e-02
7.2092365250e-02
7.6653655320e-02
8.1214945391e-02
8.5776235461e-02
8.9744664784e-02
9.3713094107e-02
9.7681523430e-02
1.0164995275e-01
1.0489785904e-01
1.0814576533e-01
1.1139367162e-01
1.1464157790e-01
1.1728851084e-01
1.1993544377e-01
1.2258237671e-01
1.2522930965e-01
1.2766758942e-01
1.3010586919e-01
1.3254414897e-01
1.3498242874e-01
1.3802225152e-01
1.4106207429e-01
1.4410189707e-01
1.4714171984e-01
1.4941999924e-01
1.5169827863e-01
1.5397655802e-01
1.5625483742e-01
1.5834091332e-01
1.6042698922e-01
1.6251306512e-01
1.6459914102e-01
1.6680118586e-01
1.6900323070e-01
1.7120527553e-01
1.7340732037e-01
1.7559893667e-01
1.7779055297e-01
1.7998216927e-01
1.8217378557e-01
1.8432377854e-01
1.8647377150e-01
1.8862376446e-01
1.9077375742e-01
1.9328243293e-01
1.9579110845e-01
1.9829978397e-01
2.0080845948e-01
2.0364367914e-01
2.0647889880e-01
2.0931411845e-01
2.1214933811e-01
2.1499800566e-01
2.1784667320e-01
2.2069534074e-01
2.2354400829e-01
2.2648698331e-01
2.2942995833e-01
2.3237293335e-01
2.3531590838e-01
2.3862522757e-01
2.4193454677e-01
2.4524386597e-01
2.4855318517e-01
2.5280865262e-01
2.5706412008e-01
2.6131958754e-01
2.6557505499e-01
2.7159401365e-01
2.7761297231e-01
2.8363193097e-01
2.8965088963e-01
2.9629618288e-01
3.0294147613e-01
3.0958676938e-01
3.1623206262e-01
3.2099756254e-01
3.2576306247e-01
3.3052856239e-01
3.3529406231e-01
3.3918680716e-01
3.4307955202e-01
3.4697229688e-01
3.5086504174e-01
3.5422436362e-01
3.5758368549e-01
3.6094300737e-01
3.6430232925e-01
3.6733159944e-01
3.7036086963e-01
3.7339013983e-01
3.7641941002e-01
3.7940017712e-01
3.8238094422e-01
3.8536171132e-01
3.8834247842e-01
3.9121740926e-01
3.9409234009e-01
3.9696727092e-01
3.9984220175e-01
4.0246769897e-01
4.0509319619e-01
4.0771869340e-01
4.1034419062e-01
4.1262209408e-01
4.1489999754e-01
4.1717790101e-01
4.1945580447e-01
4.2170179265e-01
4.2394778083e-01
4.2619376901e-01
4.2843975719e-01
4.3078022965e-01
4.3312070211e-01
4.3546117458e-01
4.3780164704e-01
4.3996094281e-01
4.4212023857e-01
4.4427953433e-01
4.4643883009e-01
4.4874956975e-01
4.5106030941e-01
4.5337104907e-01
4.5568178873e-01
4.5872176684e-01
4.6176174495e-01
4.6480172307e-01
4.6784170118e-01
4.7035743917e-01
4.7287317716e-01
4.7538891516e-01
4.7790465315e-01
4.8056557501e-01
4.8322649688e-01
4.8588741874e-01
4.8854834060e-01
4.9170289476e-01
4.9485744892e-01
4.9801200308e-01
5.0116655724e-01
5.0381006670e-01
5.0645357615e-01
5.0909708560e-01
5.1174059505e-01
5.1426397841e-01
5.1678736177e-01
5.1931074513e-01
5.2183412849e-01
5.2473809529e-01
5.2764206209e-01
5.3054602888e-01
5.3344999568e-01
5.3579830782e-01
5.3814661995e-01
5.4049493208e-01
5.4284324421e-01
5.4501372293e-01
5.4718420164e-01
5.4935468036e-01
5.5152515907e-01
5.5382291119e-01
5.5612066330e-01
5.5841841542e-01
5.6071616754e-01
5.6298440131e-01
5.6525263508e-01
5.6752086885e-01
5.6978910263e-01
5.7204530924e-01
5.7430151584e-01
5.7655772245e-01
5.7881392906e-01
5.8138573547e-01
5.8395754188e-01
5.8652934829e-01
5.8910115470e-01
5.9211221744e-01
5.9512328018e-01
5.9813434293e-01
6.0114540567e-01
6.0409340100e-01
6.0704139634e-01
6.0998939168e-01
6.1293738701e-01
6.1601599281e-01
6.1909459860e-01
6.2217320440e-01
6.2525181019e-01
6.2873198410e-01
6.3221215802e-01
6.3569233193e-01
6.3917250585e-01
6.4350276709e-01
6.4783302834e-01
6.5216328958e-01
6.5649355082e-01
6.6253468438e-01
6.6857581794e-01
6.7461695149e-01
6.8065808505e-01
6.8696595534e-01
6.9327382563e-01
6.9958169592e-01
7.0588956621e-01
7.1056623745e-01
7.1524290868e-01
7.1991957992e-01
7.2459625115e-01
7.2838782556e-01
7.3217939996e-01
7.3597097437e-01
7.3976254877e-01
7.4302575274e-01
7.4628895671e-01
7.4955216068e-01
7.5281536465e-01
7.5575430657e-01
7.5869324849e-01
7.6163219041e-01
7.6457113233e-01
7.6743454208e-01
7.7029795183e-01
7.7316136158e-01
7.7602477133e-01
7.7885120680e-01
7.8167764226e-01
7.8450407772e-01
7.8733051319e-01
7.8985776402e-01
7.9238501486e-01
7.9491226569e-01
7.9743951653e-01
7.9964574535e-01
8.0185197417e-01
8.0405820299e-01
8.0626443182e-01
8.0840696635e-01
8.1054950088e-01
8.1269203541e-01
8.1483456995e-01
8.1710054686e-01
8.1936652377e-01
8.2163250068e-01
8.2389847759e-01
8.2599213668e-01
8.2808579576e-01
8.3017945484e-01
8.3227311393e-01
8.3448404483e-01
8.3669497573e-01
8.3890590663e-01
8.4111683753e-01
8.4387069456e-01
8.4662455160e-01
8.4937840863e-01
8.5213226567e-01
8.5459467623e-01
8.5705708679e-01
8.5951949736e-01
8.6198190792e-01
8.6459869661e-01
8.6721548530e-01
8.6983227399e-01
8.7244906268e-01
8.7598628812e-01
8.7952351356e-01
8.8306073900e-01
8.8659796443e-01
8.9189173748e-01
8.9718551052e-01
9.0247928357e-01
9.0777305661e-01
9.1240483050e-01
9.1703660440e-01
9.2166837829e-01
9.2630015218e-01
9.3164203333e-01
9.3698391449e-01
9.4232579565e-01
9.4766767680e-01
9.5420921720e-01
9.6075075760e-01
9.6729229800e-01
9.7383383840e-01
9.8037537880e-01
9.8691691920e-01
9.9345845960e-01
1.0000000000e+00
