0.0000000000e+00
1.8852126131e-02
3.7704252261e-02
5.6556378392e-02
7.5408504523e-02
8.5541920535e-02
9.5675336547e-02
1.0580875256e-01
1.1594216857e-01
1.2242031657e-01
1.2889846457e-01
1.3537661256e-01
1.4185476056e-01
1.4648310881e-01
1.5111145706e-01
1.5573980531e-01
1.6036815356e-01
1.6388227486e-01
1.6739639616e-01
1.7091051747e-01
1.7442463877e-01
1.7720552731e-01
1.7998641586e-01
1.8276730441e-01
1.8554819295e-01
1.8786438858e-01
1.9018058422e-01
1.9249677985e-01
1.9481297548e-01
1.9682907964e-01
1.9884518379e-01
2.0086128795e-01
2.0287739211e-01
2.0475485006e-01
2.0663230801e-01
2.0850976597e-01
2.1038722392e-01
2.1217472843e-01
2.1396223294e-01
2.1574973745e-01
2.1753724195e-01
2.1906785759e-01
2.2059847323e-01
2.2212908888e-01
2.2365970452e-01
2.2479970559e-01
2.2593970667e-01
2.2707970775e-01
2.2821970883e-01
2.2925032289e-01
2.3028093694e-01
2.3131155100e-01
2.3234216506e-01
2.3337428831e-01
2.3440641156e-01
2.3543853482e-01
2.3647065807e-01
2.3749820697e-01
2.3852575587e-01
2.3955330476e-01
2.4058085366e-01
2.4149435155e-01
2.4240784945e-01
2.4332134734e-01
2.4423484523e-01
2.4509905140e-01
2.4596325756e-01
2.4682746373e-01
2.4769166990e-01
2.4861185084e-01
2.4953203179e-01
2.5045221274e-01
2.5137239368e-01
2.5227741726e-01
2.5318244083e-01
2.5408746440e-01
2.5499248797e-01
2.5590634012e-01
2.5682019227e-01
2.5773404442e-01
2.5864789657e-01
2.5974238337e-01
2.6083687016e-01
2.6193135696e-01
2.6302584375e-01
2.6415815659e-01
2.6529046943e-01
2.6642278228e-01
2.6755509512e-01
2.6875759126e-01
2.6996008739e-01
2.7116258353e-01
2.7236507967e-01
2.7357694686e-01
2.7478881405e-01
2.7600068123e-01
2.7721254842e-01
2.7855193860e-01
2.7989132878e-01
2.8123071897e-01
2.8257010915e-01
2.8417012903e-01
2.8577014892e-01
2.8737016880e-01
2.8897018869e-01
2.9113107818e-01
2.9329196766e-01
2.9545285715e-01
2.9761374664e-01
2.9999879658e-01
3.0238384652e-01
3.0476889645e-01
3.0715394639e-01
3.0952044759e-01
3.1188694879e-01
3.1425344999e-01
3.1661995119e-01
3.1912680698e-01
3.2163366278e-01
3.2414051858e-01
3.2664737438e-01
3.2944521655e-01
3.3224305872e-01
3.3504090089e-01
3.3783874307e-01
3.4107692859e-01
3.4431511412e-01
3.4755329964e-01
3.5079148517e-01
3.5468877217e-01
3.5858605917e-01
3.6248334617e-01
3.6638063317e-01
3.7132169631e-01
3.7626275946e-01
3.8120382261e-01
3.8614488575e-01
3.9266703293e-01
3.9918918011e-01
4.0571132730e-01
4.1223347448e-01
4.1998099586e-01
4.2772851725e-01
4.3547603864e-01
4.4322356002e-01
4.5130045440e-01
4.5937734879e-01
4.6745424317e-01
4.7553113755e-01
4.8391828619e-01
4.9230543482e-01
5.0069258346e-01
5.0907973210e-01
5.1737264234e-01
5.2566555258e-01
5.3395846282e-01
5.4225137306e-01
5.4963337305e-01
5.5701537303e-01
5.6439737302e-01
5.7177937301e-01
5.7788248783e-01
5.8398560265e-01
5.9008871747e-01
5.9619183229e-01
6.0101638961e-01
6.0584094694e-01
6.1066550426e-01
6.1549006159e-01
6.1947766060e-01
6.2346525962e-01
6.2745285863e-01
6.3144045764e-01
6.3483469231e-01
6.3822892697e-01
6.4162316164e-01
6.4501739630e-01
6.4797901759e-01
6.5094063888e-01
6.5390226016e-01
6.5686388145e-01
6.5950985248e-01
6.6215582351e-01
6.6480179454e-01
6.6744776557e-01
6.6988339049e-01
6.7231901542e-01
6.7475464034e-01
6.7719026527e-01
6.7957836938e-01
6.8196647350e-01
6.8435457761e-01
6.8674268173e-01
6.8912064728e-01
6.9149861283e-01
6.9387657838e-01
6.9625454393e-01
6.9818072803e-01
7.0010691213e-01
7.0203309623e-01
7.0395928032e-01
7.0558250446e-01
7.0720572860e-01
7.0882895273e-01
7.1045217687e-01
7.1182869954e-01
7.1320522221e-01
7.1458174488e-01
7.1595826755e-01
7.1721222197e-01
7.1846617638e-01
7.1972013079e-01
7.2097408520e-01
7.2217261044e-01
7.2337113568e-01
7.2456966092e-01
7.2576818616e-01
7.2699255117e-01
7.2821691619e-01
7.2944128120e-01
7.3066564621e-01
7.3173950966e-01
7.3281337311e-01
7.3388723656e-01
7.3496110001e-01
7.3598124717e-01
7.3700139433e-01
7.3802154149e-01
7.3904168865e-01
7.3993130748e-01
7.4082092630e-01
7.4171054513e-01
7.4260016396e-01
7.4351291142e-01
7.4442565888e-01
7.4533840634e-01
7.4625115380e-01
7.4715769620e-01
7.4806423860e-01
7.4897078099e-01
7.4987732339e-01
7.5074534840e-01
7.5161337340e-01
7.5248139841e-01
7.5334942341e-01
7.5430744499e-01
7.5526546657e-01
7.5622348814e-01
7.5718150972e-01
7.5829757815e-01
7.5941364658e-01
7.6052971501e-01
7.6164578344e-01
7.6266588404e-01
7.6368598464e-01
7.6470608524e-01
7.6572618584e-01
7.6682058830e-01
7.6791499077e-01
7.6900939323e-01
7.7010379570e-01
7.7143211838e-01
7.7276044107e-01
7.7408876375e-01
7.7541708644e-01
7.7707841268e-01
7.7873973892e-01
7.8040106517e-01
7.8206239141e-01
7.8397720403e-01
7.8589201664e-01
7.8780682926e-01
7.8972164188e-01
7.9177438374e-01
7.9382712560e-01
7.9587986745e-01
7.9793260931e-01
8.0038579190e-01
8.0283897448e-01
8.0529215707e-01
8.0774533966e-01
8.1094155184e-01
8.1413776402e-01
8.1733397620e-01
8.2053018839e-01
8.2522069691e-01
8.2991120544e-01
8.3460171396e-01
8.3929222249e-01
8.4763068565e-01
8.5596914882e-01
8.6430761199e-01
8.7264607515e-01
8.8843132576e-01
9.0421657637e-01
9.2000182699e-01
9.3578707760e-01
9.5184030820e-01
9.6789353880e-01
9.8394676940e-01
1.0000000000e+00
