2.8746997499e-01
2.8747180227e-01
2.8747728410e-01
2.8748642040e-01
2.8749921106e-01
2.8751529695e-01
2.8753489423e-01
2.8755800236e-01
2.8758462055e-01
2.8760827902e-01
2.8763415316e-01
2.8766224180e-01
2.8769254341e-01
2.8771843671e-01
2.8774575008e-01
2.8777448183e-01
2.8780462986e-01
2.8783307467e-01
2.8786267042e-01
2.8789341431e-01
2.8792530297e-01
2.8795903302e-01
2.8799394679e-01
2.8803003817e-01
2.8806729992e-01
2.8810450895e-01
2.8814279937e-01
2.8818216048e-01
2.8822257983e-01
2.8826035785e-01
2.8829899185e-01
2.8833846763e-01
2.8837876924e-01
2.8841681208e-01
2.8845553195e-01
2.8849491140e-01
2.8853493123e-01
2.8858006200e-01
2.8862592408e-01
2.8867248330e-01
2.8871970256e-01
2.8876479620e-01
2.8881040521e-01
2.8885649144e-01
2.8890301452e-01
2.8895036033e-01
2.8899806210e-01
2.8904607229e-01
2.8909434162e-01
2.8915104083e-01
2.8920794113e-01
2.8926495685e-01
2.8932200065e-01
2.8938423166e-01
2.8944627419e-01
2.8950801160e-01
2.8956932759e-01
2.8963243941e-01
2.8969484459e-01
2.8975641797e-01
2.8981703729e-01
2.8987721459e-01
2.8993617712e-01
2.8999381048e-01
2.9005000491e-01
2.9011164762e-01
2.9017117511e-01
2.9022845222e-01
2.9028335238e-01
2.9034398816e-01
2.9040108741e-01
2.9045449564e-01
2.9050407382e-01
2.9055806529e-01
2.9060624152e-01
2.9064844907e-01
2.9068456324e-01
2.9071774168e-01
2.9074301624e-01
2.9076033408e-01
2.9076968487e-01
2.9077142051e-01
2.9076776721e-01
2.9075878508e-01
2.9074455452e-01
2.9072822938e-01
2.9070818760e-01
2.9068451726e-01
2.9065731836e-01
2.9063025906e-01
2.9060058522e-01
2.9056839175e-01
2.9053378144e-01
2.9050057923e-01
2.9046558728e-01
2.9042889770e-01
2.9039060775e-01
2.9035131266e-01
2.9031065915e-01
2.9026875508e-01
2.9022571255e-01
2.9018207776e-01
2.9013755647e-01
2.9009226790e-01
2.9004633386e-01
2.9000584383e-01
2.8996504011e-01
2.8992400620e-01
2.8988282578e-01
2.8984568936e-01
2.8980856229e-01
2.8977150438e-01
2.8973457455e-01
2.8969941552e-01
2.8966447605e-01
2.8962980425e-01
2.8959544667e-01
2.8955630336e-01
2.8951770262e-01
2.8947970669e-01
2.8944237417e-01
2.8941135402e-01
2.8938087879e-01
2.8935097746e-01
2.8932167695e-01
2.8929097497e-01
2.8926101964e-01
2.8923183664e-01
2.8920344922e-01
2.8917341272e-01
2.8914437223e-01
2.8911634921e-01
2.8908936249e-01
2.8906267356e-01
2.8903711648e-01
2.8901270468e-01
2.8898944968e-01
2.8896747039e-01
2.8894665412e-01
2.8892700786e-01
2.8890853749e-01
2.8888921314e-01
2.8887138217e-01
2.8885504936e-01
2.8884021858e-01
2.8882351056e-01
2.8880924879e-01
2.8879743713e-01
2.8878807843e-01
2.8878038216e-01
2.8877590159e-01
2.8877463783e-01
2.8877659120e-01
2.8878040724e-01
2.8878622896e-01
2.8879405542e-01
2.8880388525e-01
2.8881367463e-01
2.8882487096e-01
2.8883747250e-01
2.8885147702e-01
2.8886550078e-01
2.8888069165e-01
2.8889704661e-01
2.8891456207e-01
2.8893436187e-01
2.8895545107e-01
2.8897782238e-01
2.8900146715e-01
2.8902417560e-01
2.8904792942e-01
2.8907271791e-01
2.8909852873e-01
2.8912420091e-01
2.8915078406e-01
2.8917826203e-01
2.8920661655e-01
2.8923293492e-01
2.8925993350e-01
2.8928759387e-01
2.8931589586e-01
2.8935055002e-01
2.8938604888e-01
2.8942234729e-01
2.8945939614e-01
2.8949198049e-01
2.8952504915e-01
2.8955856335e-01
2.8959248227e-01
2.8962846554e-01
2.8966479585e-01
2.8970141961e-01
2.8973828144e-01
2.8978011294e-01
2.8982209107e-01
2.8986412998e-01
2.8990614248e-01
2.8996142288e-01
2.9001629975e-01
2.9007056972e-01
2.9012403125e-01
2.9016878952e-01
2.9021269702e-01
2.9025563665e-01
2.9029749462e-01
2.9034047577e-01
2.9038199781e-01
2.9042194066e-01
2.9046018980e-01
2.9050134146e-01
2.9054003074e-01
2.9057611864e-01
2.9060947606e-01
2.9064596544e-01
2.9067810515e-01
2.9070572502e-01
2.9072867520e-01
2.9074988084e-01
2.9076397974e-01
2.9077082348e-01
2.9077030224e-01
2.9076292254e-01
2.9074880442e-01
2.9072794779e-01
2.9070038290e-01
2.9067094579e-01
2.9063652176e-01
2.9059718837e-01
2.9055304167e-01
2.9051279576e-01
2.9046938416e-01
2.9042289230e-01
2.9037341522e-01
2.9032676327e-01
2.9027789263e-01
2.9022689107e-01
2.9017385275e-01
2.9012258133e-01
2.9006970873e-01
2.9001532652e-01
2.8995953093e-01
2.8989677582e-01
2.8983257839e-01
2.8976708377e-01
2.8970044249e-01
2.8964455775e-01
2.8958808468e-01
2.8953111500e-01
2.8947374168e-01
2.8941686383e-01
2.8935977520e-01
2.8930256617e-01
2.8924532673e-01
2.8919765650e-01
2.8915007798e-01
2.8910264118e-01
2.8905539513e-01
2.8900666689e-01
2.8895824670e-01
2.8891018444e-01
2.8886252798e-01
2.8881513575e-01
2.8876824270e-01
2.8872189042e-01
2.8867611799e-01
2.8863387047e-01
2.8859218985e-01
2.8855110199e-01
2.8851063083e-01
2.8846720166e-01
2.8842455896e-01
2.8838272631e-01
2.8834172493e-01
2.8829081117e-01
2.8824130654e-01
2.8819324031e-01
2.8814663730e-01
2.8810824663e-01
2.8807093602e-01
2.8803471476e-01
2.8799959082e-01
2.8796363476e-01
2.8792892102e-01
2.8789545523e-01
2.8786324207e-01
2.8782567376e-01
2.8778997820e-01
2.8775615990e-01
2.8772422239e-01
2.8768495977e-01
2.8764898183e-01
2.8761629194e-01
2.8758689248e-01
2.8755950065e-01
2.8753575828e-01
2.8751566625e-01
2.8749922513e-01
2.8748642833e-01
2.8747728764e-01
2.8747180318e-01
2.8746997502e-01
