2.8884235548e-01
2.8884347221e-01
2.8884682217e-01
2.8885240477e-01
2.8886021891e-01
2.8886829973e-01
2.8887788189e-01
2.8888896386e-01
2.8890154371e-01
2.8891403990e-01
2.8892772623e-01
2.8894260015e-01
2.8895865858e-01
2.8897566039e-01
2.8899380758e-01
2.8901309515e-01
2.8903351719e-01
2.8905596027e-01
2.8907961443e-01
2.8910446875e-01
2.8913051038e-01
2.8915402194e-01
2.8917840240e-01
2.8920363903e-01
2.8922971746e-01
2.8925480032e-01
2.8928058763e-01
2.8930706313e-01
2.8933420894e-01
2.8936378741e-01
2.8939407567e-01
2.8942504544e-01
2.8945666596e-01
2.8948926903e-01
2.8952246653e-01
2.8955621887e-01
2.8959048388e-01
2.8962367088e-01
2.8965724444e-01
2.8969116170e-01
2.8972537807e-01
2.8976958241e-01
2.8981410128e-01
2.8985883090e-01
2.8990366485e-01
2.8994770705e-01
2.8999164115e-01
2.9003536241e-01
2.9007876598e-01
2.9012563683e-01
2.9017187077e-01
2.9021733551e-01
2.9026190137e-01
2.9030461036e-01
2.9034621746e-01
2.9038661069e-01
2.9042568219e-01
2.9046719864e-01
2.9050684137e-01
2.9054448423e-01
2.9058000830e-01
2.9061821917e-01
2.9065330160e-01
2.9068510933e-01
2.9071350902e-01
2.9074293127e-01
2.9076708446e-01
2.9078580932e-01
2.9079897149e-01
2.9080745948e-01
2.9080681607e-01
2.9079693399e-01
2.9077776336e-01
2.9075642446e-01
2.9072949270e-01
2.9069701645e-01
2.9065906553e-01
2.9062217867e-01
2.9058139353e-01
2.9053679355e-01
2.9048847482e-01
2.9044331367e-01
2.9039547922e-01
2.9034506009e-01
2.9029215276e-01
2.9024235930e-01
2.9019070690e-01
2.9013728323e-01
2.9008218123e-01
2.9002709835e-01
2.8997061686e-01
2.8991283598e-01
2.8985385914e-01
2.8978948113e-01
2.8972399101e-01
2.8965752992e-01
2.8959024277e-01
2.8953489974e-01
2.8947918777e-01
2.8942318891e-01
2.8936698558e-01
2.8931493117e-01
2.8926283745e-01
2.8921076878e-01
2.8915878870e-01
2.8911002187e-01
2.8906143981e-01
2.8901309225e-01
2.8896502752e-01
2.8890156885e-01
2.8883879925e-01
2.8877681792e-01
2.8871571749e-01
2.8867241847e-01
2.8862964789e-01
2.8858743335e-01
2.8854580051e-01
2.8850028863e-01
2.8845555284e-01
2.8841162023e-01
2.8836851525e-01
2.8832423777e-01
2.8828091658e-01
2.8823857163e-01
2.8819722042e-01
2.8815481783e-01
2.8811354681e-01
2.8807342062e-01
2.8803445059e-01
2.8799761541e-01
2.8796189368e-01
2.8792729179e-01
2.8789381516e-01
2.8785719183e-01
2.8782202914e-01
2.8778833158e-01
2.8775610282e-01
2.8771571336e-01
2.8767790690e-01
2.8764268742e-01
2.8761005789e-01
2.8757268949e-01
2.8753942679e-01
2.8751027183e-01
2.8748522592e-01
2.8746495256e-01
2.8744850716e-01
2.8743589003e-01
2.8742710133e-01
2.8742217888e-01
2.8742099144e-01
2.8742353900e-01
2.8742982155e-01
2.8744085287e-01
2.8745627434e-01
2.8747608570e-01
2.8750028648e-01
2.8752180449e-01
2.8754589973e-01
2.8757257145e-01
2.8760181861e-01
2.8762707500e-01
2.8765397847e-01
2.8768252774e-01
2.8771272121e-01
2.8774019627e-01
2.8776890130e-01
2.8779883433e-01
2.8782999290e-01
2.8786088479e-01
2.8789288823e-01
2.8792599953e-01
2.8796021430e-01
2.8800180993e-01
2.8804491098e-01
2.8808950515e-01
2.8813557761e-01
2.8817278377e-01
2.8821088070e-01
2.8824985695e-01
2.8828969943e-01
2.8832761044e-01
2.8836624804e-01
2.8840559723e-01
2.8844564138e-01
2.8848698479e-01
2.8852900436e-01
2.8857167695e-01
2.8861497735e-01
2.8866252535e-01
2.8871073935e-01
2.8875957884e-01
2.8880900033e-01
2.8885466455e-01
2.8890073920e-01
2.8894718490e-01
2.8899396049e-01
2.8904874323e-01
2.8910384461e-01
2.8915919227e-01
2.8921471173e-01
2.8927313440e-01
2.8933157261e-01
2.8938993529e-01
2.8944813070e-01
2.8951678117e-01
2.8958491442e-01
2.8965237914e-01
2.8971902625e-01
2.8978030315e-01
2.8984062687e-01
2.8989988530e-01
2.8995796999e-01
2.9001929819e-01
2.9007900736e-01
2.9013697716e-01
2.9019309343e-01
2.9025476292e-01
2.9031372539e-01
2.9036984168e-01
2.9042298356e-01
2.9048279529e-01
2.9053795164e-01
2.9058829124e-01
2.9063367432e-01
2.9068336887e-01
2.9072490712e-01
2.9075815041e-01
2.9078300834e-01
2.9079760327e-01
2.9080600999e-01
2.9080825421e-01
2.9080438705e-01
2.9079608933e-01
2.9078327238e-01
2.9076601854e-01
2.9074442580e-01
2.9072280282e-01
2.9069822082e-01
2.9067076699e-01
2.9064053725e-01
2.9061117771e-01
2.9057975481e-01
2.9054635577e-01
2.9051107356e-01
2.9047595863e-01
2.9043932737e-01
2.9040127326e-01
2.9036189418e-01
2.9030990020e-01
2.9025613801e-01
2.9020083849e-01
2.9014424098e-01
2.9010428845e-01
2.9006391253e-01
2.9002319835e-01
2.8998223159e-01
2.8994365110e-01
2.8990499479e-01
2.8986633303e-01
2.8982773542e-01
2.8979162142e-01
2.8975568009e-01
2.8971996582e-01
2.8968453151e-01
2.8964297282e-01
2.8960196095e-01
2.8956157359e-01
2.8952188402e-01
2.8949096603e-01
2.8946056165e-01
2.8943070090e-01
2.8940141188e-01
2.8936844469e-01
2.8933630587e-01
2.8930502869e-01
2.8927464320e-01
2.8924528028e-01
2.8921685331e-01
2.8918938347e-01
2.8916288948e-01
2.8913536477e-01
2.8910901777e-01
2.8908386403e-01
2.8905991690e-01
2.8903818197e-01
2.8901756651e-01
2.8899807772e-01
2.8897972168e-01
2.8896066285e-01
2.8894301441e-01
2.8892678123e-01
2.8891196731e-01
2.8889566667e-01
2.8888153169e-01
2.8886956610e-01
2.8885977276e-01
2.8885215375e-01
2.8884671060e-01
2.8884344432e-01
2.8884235550e-01
