2.1983820220e-04
2.3257767065e-04
2.7223273971e-04
3.4339227526e-04
4.5433691974e-04
5.8083728807e-04
7.5056331425e-04
9.7614178291e-04
1.2743593274e-03
1.5969965674e-03
2.0030951060e-03
2.5137621587e-03
3.1554749187e-03
3.8626056144e-03
4.7279040764e-03
5.7862457722e-03
7.0800057221e-03
8.7229973993e-03
1.0742583959e-02
1.3222636656e-02
1.6264403609e-02
1.9097178202e-02
2.2409969040e-02
2.6279067097e-02
3.0790941885e-02
3.4731939650e-02
3.9152645856e-02
4.4104693911e-02
4.9643417311e-02
5.5057402355e-02
6.1014860867e-02
6.7559492021e-02
7.4736003570e-02
8.2802405743e-02
9.1629819848e-02
1.0126516417e-01
1.1175266393e-01
1.2238259220e-01
1.3382375729e-01
1.4609898819e-01
1.5922420437e-01
1.7251639207e-01
1.8658495067e-01
2.0142018160e-01
2.1700326205e-01
2.3203262855e-01
2.4764589332e-01
2.6380642715e-01
2.8047099951e-01
2.9986242680e-01
3.1975549129e-01
3.4006342785e-01
3.6069418217e-01
3.7952580603e-01
3.9847166028e-01
4.1746101931e-01
4.3642470596e-01
4.5894037493e-01
4.8121771910e-01
5.0315865800e-01
5.2467494064e-01
5.4683220312e-01
5.6835233588e-01
5.8917083412e-01
6.0923618708e-01
6.2968670998e-01
6.4920988545e-01
6.6778547656e-01
6.8540458827e-01
7.0232429204e-01
7.1826778058e-01
7.3325193047e-01
7.4729947081e-01
7.6185091898e-01
7.7532115834e-01
7.8775621220e-01
7.9920434531e-01
8.1214636539e-01
8.2373182327e-01
8.3405371288e-01
8.4320139311e-01
8.5390835757e-01
8.6279418474e-01
8.7003144045e-01
8.7576921554e-01
8.8064730625e-01
8.8387960029e-01
8.8557376159e-01
8.8579792239e-01
8.8476785367e-01
8.8256621371e-01
8.7916291724e-01
8.7450299992e-01
8.6981454236e-01
8.6421784643e-01
8.5765040009e-01
8.5003976879e-01
8.4309728847e-01
8.3537809095e-01
8.2683148763e-01
8.1740366424e-01
8.0826798633e-01
7.9835551630e-01
7.8762502374e-01
7.7603521215e-01
7.6446515119e-01
7.5208720648e-01
7.3887188708e-01
7.2479246646e-01
7.0792012687e-01
6.8990342948e-01
6.7072720533e-01
6.5038877461e-01
6.3329610595e-01
6.1548216561e-01
5.9696970396e-01
5.7779060288e-01
5.6017838470e-01
5.4210678789e-01
5.2361937482e-01
5.0476676806e-01
4.8668905604e-01
4.6839144642e-01
4.4993313755e-01
4.3137792744e-01
4.1170898999e-01
3.9209172177e-01
3.7261285959e-01
3.5336025747e-01
3.3556200925e-01
3.1811134763e-01
3.0107610224e-01
2.8452010331e-01
2.6809658186e-01
2.5229637094e-01
2.3716929607e-01
2.2275752819e-01
2.0559742998e-01
1.8968880085e-01
1.7506448903e-01
1.6174044837e-01
1.5083328784e-01
1.4097899935e-01
1.3216439238e-01
1.2437202792e-01
1.1757552588e-01
1.1176187926e-01
1.0691023182e-01
1.0300116331e-01
9.9869935705e-02
9.7760621610e-02
9.6661793761e-02
9.6567323186e-02
9.7385972349e-02
9.9084744798e-02
1.0167177125e-01
1.0515897797e-01
1.0956402869e-01
1.1490346065e-01
1.2119704322e-01
1.2846532001e-01
1.3652441474e-01
1.4554980236e-01
1.5555560471e-01
1.6655149552e-01
1.7777448835e-01
1.8987011106e-01
2.0282876009e-01
2.1663316933e-01
2.3012019027e-01
2.4428070697e-01
2.5908105478e-01
2.7448098657e-01
2.9411313728e-01
3.1447830486e-01
3.3546730111e-01
3.5696204706e-01
3.7542121857e-01
3.9407578773e-01
4.1284887791e-01
4.3166468206e-01
4.5364580619e-01
4.7547253194e-01
4.9704087829e-01
5.1825631127e-01
5.3958715519e-01
5.6037815210e-01
5.8056260220e-01
6.0008584668e-01
6.2098365097e-01
6.4096568699e-01
6.6000301520e-01
6.7807990159e-01
6.9504867973e-01
7.1107477727e-01
7.2617124864e-01
7.4035750280e-01
7.5505385269e-01
7.6870004864e-01
7.8133886740e-01
7.9301570592e-01
8.0613037866e-01
8.1794769321e-01
8.2855366078e-01
8.3803108637e-01
8.4892610050e-01
8.5816171872e-01
8.6588294196e-01
8.7221436069e-01
8.7785485997e-01
8.8194964942e-01
8.8458034700e-01
8.8579224819e-01
8.8567277700e-01
8.8437508566e-01
8.8185467640e-01
8.7804155933e-01
8.7408569758e-01
8.6921885756e-01
8.6337341204e-01
8.5647172352e-01
8.5007880777e-01
8.4289217254e-01
8.3485763224e-01
8.2591753570e-01
8.1715750915e-01
8.0758903782e-01
7.9716676967e-01
7.8584488601e-01
7.7477278262e-01
7.6289161754e-01
7.5016960865e-01
7.3657711139e-01
7.2114920288e-01
7.0468108264e-01
6.8715238237e-01
6.6855109582e-01
6.5189604561e-01
6.3447026099e-01
6.1628683005e-01
5.9736709508e-01
5.7830945989e-01
5.5862246943e-01
5.3835261226e-01
5.1755628985e-01
4.9973302082e-01
4.8163015254e-01
4.6329748307e-01
4.4478937085e-01
4.2355405736e-01
4.0225924331e-01
3.8100162874e-01
3.5988068515e-01
3.4171331802e-01
3.2379026963e-01
3.0617479088e-01
2.8892718907e-01
2.7074574268e-01
2.5312579911e-01
2.3612436230e-01
2.1978977068e-01
2.0325007054e-01
1.8753802338e-01
1.7267670525e-01
1.5867789390e-01
1.4489342648e-01
1.3205339242e-01
1.2013805580e-01
1.0911936283e-01
9.9029223166e-02
8.9750105963e-02
8.1239583060e-02
7.3452984823e-02
6.5162993873e-02
5.7735314996e-02
5.1096593187e-02
4.5175945307e-02
3.8464625201e-02
3.2708618003e-02
2.7783803360e-02
2.3578713810e-02
1.9330857284e-02
1.5833601188e-02
1.2959217733e-02
1.0600024260e-02
8.5562405007e-03
6.9035652018e-03
5.5682701080e-03
4.4901419149e-03
3.4637048168e-03
2.6720118303e-03
2.0618074367e-03
1.5918834516e-03
1.1458644835e-03
8.2829958390e-04
6.0355015128e-04
4.4642287801e-04
3.3944837740e-04
2.7062946836e-04
2.3219774265e-04
2.1983828548e-04
