5.5137108811e-02
5.5494707079e-02
5.6571073470e-02
5.8376845232e-02
6.0929581433e-02
6.3790038907e-02
6.7259216009e-02
7.1360654736e-02
7.6120955882e-02
8.1250475565e-02
8.7020724212e-02
9.3459240916e-02
1.0059411199e-01
1.0982819759e-01
1.2008932796e-01
1.3141625146e-01
1.4384175212e-01
1.5456189760e-01
1.6600518339e-01
1.7817412199e-01
1.9106536513e-01
2.0362184274e-01
2.1677463084e-01
2.3050517558e-01
2.4478940329e-01
2.6014789702e-01
2.7603031098e-01
2.9239174759e-01
3.0918202732e-01
3.2683835524e-01
3.4482642051e-01
3.6307940063e-01
3.8152850700e-01
3.9929548197e-01
4.1711747727e-01
4.3493502550e-01
4.5269059006e-01
4.7384831342e-01
4.9474874171e-01
5.1531074518e-01
5.3546161062e-01
5.5633301461e-01
5.7660389193e-01
5.9622014587e-01
6.1513841408e-01
6.3423504091e-01
6.5249633094e-01
6.6990479324e-01
6.8645187596e-01
7.0228649480e-01
7.1724802319e-01
7.3134805830e-01
7.4460280038e-01
7.5835064644e-01
7.7111255800e-01
7.8292243861e-01
7.9381599579e-01
8.0563232292e-01
8.1626531059e-01
8.2577502913e-01
8.3421893281e-01
8.4308263048e-01
8.5055314825e-01
8.5670647483e-01
8.6160701259e-01
8.6583187414e-01
8.6846261383e-01
8.6953629451e-01
8.6906480522e-01
8.6754947917e-01
8.6500056021e-01
8.6138818186e-01
8.5667187394e-01
8.5182993377e-01
8.4614086058e-01
8.3956439193e-01
8.3205577439e-01
8.2469593361e-01
8.1655271296e-01
8.0758950783e-01
7.9776839242e-01
7.8817542973e-01
7.7782953471e-01
7.6670278313e-01
7.5476814737e-01
7.4231112196e-01
7.2903775094e-01
7.1492909775e-01
6.9996982941e-01
6.8421038777e-01
6.6759060254e-01
6.5011174006e-01
6.3178271503e-01
6.1488021081e-01
5.9734522771e-01
5.7920317948e-01
5.6048673007e-01
5.4343468867e-01
5.2599576666e-01
5.0820858672e-01
4.9011688351e-01
4.7269171040e-01
4.5508150740e-01
4.3733568976e-01
4.1950685863e-01
3.9932850027e-01
3.7919777914e-01
3.5919950029e-01
3.3941889380e-01
3.2240412913e-01
3.0567331869e-01
2.8927804161e-01
2.7326658794e-01
2.5684668760e-01
2.4094925843e-01
2.2561434727e-01
2.1087528905e-01
1.9521399524e-01
1.8034840936e-01
1.6629432892e-01
1.5305778909e-01
1.4056727901e-01
1.2888941977e-01
1.1800606607e-01
1.0789320502e-01
9.8425158096e-02
8.9681349735e-02
8.1625673656e-02
7.4220266396e-02
6.6463975198e-02
5.9455760654e-02
5.3137353196e-02
4.7452144861e-02
4.1030259611e-02
3.5445508209e-02
3.0600275836e-02
2.6405709614e-02
2.2027295762e-02
1.8379555267e-02
1.5349894009e-02
1.2842232954e-02
1.0707570549e-02
8.9709748656e-03
7.5699463234e-03
6.4534784539e-03
5.4706860281e-03
4.7609593212e-03
4.2894174863e-03
4.0328183746e-03
3.9753756470e-03
4.0841538743e-03
4.3636295734e-03
4.8253266390e-03
5.4296728518e-03
6.2264358501e-03
7.2432440150e-03
8.5151381103e-03
1.0054347304e-02
1.1931425464e-02
1.4206759963e-02
1.6952400705e-02
1.9754852342e-02
2.3030896481e-02
2.6852316354e-02
3.1300398659e-02
3.5049111979e-02
3.9231515399e-02
4.3891377841e-02
4.9075476863e-02
5.4126811056e-02
5.9661056653e-02
6.5715263812e-02
7.2327417727e-02
7.9549609083e-02
8.7409157369e-02
9.5944036490e-02
1.0519071538e-01
1.1502411544e-01
1.2561007706e-01
1.3697359722e-01
1.4913429204e-01
1.6092258493e-01
1.7338852682e-01
1.8653066693e-01
2.0034109561e-01
2.1362736134e-01
2.2745010486e-01
2.4178709616e-01
2.5661088495e-01
2.7395217614e-01
2.9182168709e-01
3.1015775062e-01
3.2889273444e-01
3.4632531543e-01
3.6397325335e-01
3.8177712471e-01
3.9967700200e-01
4.1805007066e-01
4.3639868791e-01
4.5466247089e-01
4.7278398793e-01
4.9315209409e-01
5.1319373955e-01
5.3284346597e-01
5.5204351233e-01
5.7438924039e-01
5.9594670745e-01
6.1665984830e-01
6.3648679896e-01
6.5454126497e-01
6.7174848306e-01
6.8810160816e-01
7.0360106043e-01
7.1883429166e-01
7.3316329482e-01
7.4660621706e-01
7.5918501803e-01
7.7235880773e-01
7.8450502523e-01
7.9566423147e-01
8.0587790997e-01
8.1725974715e-01
8.2733655901e-01
8.3618145678e-01
8.4386279844e-01
8.5177472915e-01
8.5813726162e-01
8.6303594979e-01
8.6653957488e-01
8.6873244393e-01
8.6955753890e-01
8.6903137736e-01
8.6715109463e-01
8.6454658644e-01
8.6097147066e-01
8.5639411084e-01
8.5077413500e-01
8.4519294022e-01
8.3880308320e-01
8.3156707737e-01
8.2344396163e-01
8.1545861349e-01
8.0670782041e-01
7.9715796447e-01
7.8677471491e-01
7.7657335791e-01
7.6562768034e-01
7.5391287631e-01
7.4140556892e-01
7.2776414709e-01
7.1325071500e-01
6.9784960959e-01
6.8155031162e-01
6.6589350120e-01
6.4948766679e-01
6.3234112035e-01
6.1446910621e-01
5.9650521590e-01
5.7791192214e-01
5.5872593544e-01
5.3899265261e-01
5.2222961095e-01
5.0516262647e-01
4.8783212465e-01
4.7028279135e-01
4.5240410733e-01
4.3440621441e-01
4.1634635573e-01
3.9828451021e-01
3.7961890893e-01
3.6108842935e-01
3.4276375184e-01
3.2471461273e-01
3.0845332418e-01
2.9253089450e-01
2.7699404196e-01
2.6188577573e-01
2.4611399066e-01
2.3092843330e-01
2.1636481478e-01
2.0245187764e-01
1.8650984846e-01
1.7157814493e-01
1.5766841099e-01
1.4478003778e-01
1.3397739180e-01
1.2398886756e-01
1.1479500168e-01
1.0637265121e-01
9.8356353735e-02
9.1125302113e-02
8.4647263490e-02
7.8890125189e-02
7.3120892899e-02
6.8219024581e-02
6.4144062122e-02
6.0860492924e-02
5.8338414475e-02
5.6554131522e-02
5.5490492729e-02
5.5137109105e-02
