2.3500841668e-03
2.4066397135e-03
2.5789779042e-03
2.8753160713e-03
3.3097897734e-03
3.8297976943e-03
4.4951779289e-03
5.3308074000e-03
6.3677742438e-03
7.6861209769e-03
9.3094836793e-03
1.1300179871e-02
1.3733610086e-02
1.6011015185e-02
1.8667441453e-02
2.1761451239e-02
2.5359688650e-02
2.8723962944e-02
3.2520131233e-02
3.6798121101e-02
4.1612201303e-02
4.6152734790e-02
5.1157804187e-02
5.6667273418e-02
6.2722691221e-02
6.8973369380e-02
7.5784709005e-02
8.3193650306e-02
9.1236791354e-02
1.0123650715e-01
1.1215871649e-01
1.2404860361e-01
1.3694460727e-01
1.4826927650e-01
1.6029896814e-01
1.7303881814e-01
1.8648751556e-01
1.9944415119e-01
2.1297851571e-01
2.2707286663e-01
2.4170375216e-01
2.5764978519e-01
2.7411721241e-01
2.9105917279e-01
3.0842314016e-01
3.2620043327e-01
3.4428232275e-01
3.6260404835e-01
3.8109905941e-01
3.9922290645e-01
4.1738553290e-01
4.3552644728e-01
4.5358725515e-01
4.7452963520e-01
4.9520360441e-01
5.1553353778e-01
5.3545170694e-01
5.5685069018e-01
5.7761001817e-01
5.9767401771e-01
6.1699855106e-01
6.3613932948e-01
6.5443087166e-01
6.7185757333e-01
6.8841266666e-01
7.0440566685e-01
7.1950033049e-01
7.3371027844e-01
7.4705382354e-01
7.6085323847e-01
7.7365008125e-01
7.8548105869e-01
7.9638466327e-01
8.0835556605e-01
8.1910414694e-01
8.2869768917e-01
8.3720067647e-01
8.4633552935e-01
8.5398734381e-01
8.6025010805e-01
8.6520445833e-01
8.6941776225e-01
8.7202226090e-01
8.7307169208e-01
8.7259258699e-01
8.7105592114e-01
8.6847385185e-01
8.6482009609e-01
8.6005628752e-01
8.5518457332e-01
8.4946617951e-01
8.4286009431e-01
8.3532017302e-01
8.2797972231e-01
8.1986160873e-01
8.1092789839e-01
8.0113904704e-01
7.9160572925e-01
7.8132323881e-01
7.7026220567e-01
7.5839401557e-01
7.4603177486e-01
7.3285456984e-01
7.1884187442e-01
7.0397671768e-01
6.8863132638e-01
6.7245505054e-01
6.5544745846e-01
6.3761527101e-01
6.2060316341e-01
6.0293241043e-01
5.8462856953e-01
5.6572510486e-01
5.4869090701e-01
5.3126173523e-01
5.1347687736e-01
4.9538104615e-01
4.7778380136e-01
4.5999524465e-01
4.4206797617e-01
4.2405817715e-01
4.0519281858e-01
3.8637260527e-01
3.6766984625e-01
3.4915749698e-01
3.3190562231e-01
3.1494815251e-01
2.9834229493e-01
2.8214197421e-01
2.6609776987e-01
2.5057439193e-01
2.3561368573e-01
2.2125130948e-01
2.0557517738e-01
1.9075533366e-01
1.7681436306e-01
1.6376465027e-01
1.5158622593e-01
1.4030028381e-01
1.2989463760e-01
1.2035140447e-01
1.1159269003e-01
1.0365932068e-01
9.6523388225e-02
9.0156073535e-02
8.3957216827e-02
7.8630799070e-02
7.4141543111e-02
7.0457690802e-02
6.7289679207e-02
6.5042304432e-02
6.3693554626e-02
6.3229926651e-02
6.3580452614e-02
6.4678100737e-02
6.6532188345e-02
6.9158173947e-02
7.2179264064e-02
7.5854302255e-02
8.0205458013e-02
8.5257644000e-02
9.0999099299e-02
9.7487832760e-02
1.0475285632e-01
1.1282311219e-01
1.2145529561e-01
1.3089651402e-01
1.4116731863e-01
1.5228409850e-01
1.6344344148e-01
1.7535479209e-01
1.8801626103e-01
2.0141945873e-01
2.1441982709e-01
2.2801967182e-01
2.4219546871e-01
2.5691800697e-01
2.7401949148e-01
2.9170655365e-01
3.0991474030e-01
3.2857305452e-01
3.4622185799e-01
3.6412843505e-01
3.8222703356e-01
4.0045118895e-01
4.1897818744e-01
4.3749869504e-01
4.5594769812e-01
4.7426336427e-01
4.9429024158e-01
5.1401122379e-01
5.3336146643e-01
5.5228364225e-01
5.7634174039e-01
5.9948882394e-01
6.2165407967e-01
6.4278632665e-01
6.6092752345e-01
6.7818803921e-01
6.9456322852e-01
7.1005611601e-01
7.2520823086e-01
7.3943747729e-01
7.5276522609e-01
7.6521657078e-01
7.7830646387e-01
7.9034939904e-01
8.0139025387e-01
8.1147439550e-01
8.2250482229e-01
8.3226687412e-01
8.4083398283e-01
8.4827400502e-01
8.5619992968e-01
8.6251261200e-01
8.6730093684e-01
8.7063271495e-01
8.7252556069e-01
8.7309488003e-01
8.7234312095e-01
8.7025238108e-01
8.6749148951e-01
8.6376070565e-01
8.5901870069e-01
8.5321494482e-01
8.4756993304e-01
8.4111979743e-01
8.3382263206e-01
8.2563306361e-01
8.1759481973e-01
8.0878304062e-01
7.9916119722e-01
7.8869205350e-01
7.7839934408e-01
7.6734643656e-01
7.5550640812e-01
7.4285381594e-01
7.2904371903e-01
7.1433685680e-01
6.9871571244e-01
6.8216811731e-01
6.6637096287e-01
6.4980985854e-01
6.3249234430e-01
6.1443300822e-01
5.9584738506e-01
5.7658707144e-01
5.5669150603e-01
5.3620985507e-01
5.1923768434e-01
5.0195647275e-01
4.8440712560e-01
4.6663484289e-01
4.4842157851e-01
4.3008492933e-01
4.1168371040e-01
3.9327947924e-01
3.7451814934e-01
3.5588940198e-01
3.3746241533e-01
3.1930524996e-01
3.0268054452e-01
2.8639817816e-01
2.7050534231e-01
2.5504517135e-01
2.3889248508e-01
2.2333006569e-01
2.0839227030e-01
1.9410593164e-01
1.7656448285e-01
1.6017621494e-01
1.4494581592e-01
1.3086088001e-01
1.1990215007e-01
1.0970890230e-01
1.0025370629e-01
9.1505397803e-02
8.2808947976e-02
7.4852795677e-02
6.7590537412e-02
6.0975403231e-02
5.3016832937e-02
4.6035861498e-02
3.9928743475e-02
3.4598561394e-02
2.7906980315e-02
2.2481234812e-02
1.8096735108e-02
1.4564296996e-02
1.2060397502e-02
9.9961868520e-03
8.2991140858e-03
6.9086862110e-03
5.6507401102e-03
4.6591052618e-03
3.8877644435e-03
3.3007173118e-03
2.8704764133e-03
2.5769080884e-03
2.4061339759e-03
2.3500840206e-03
