2.2213760098e-07
2.8519022571e-07
5.0534182671e-07
1.0041788434e-06
2.0701494743e-06
3.4326215799e-06
5.6904046671e-06
9.4370863984e-06
1.5669504499e-05
2.2941556341e-05
3.3577790646e-05
4.9145173675e-05
7.1948075754e-05
9.7001068644e-05
1.3076410098e-04
1.7627649474e-04
2.3764335231e-04
3.0299464369e-04
3.8629644058e-04
4.9248673777e-04
6.2786340394e-04
7.7075669002e-04
9.4612089698e-04
1.1613289376e-03
1.4254221259e-03
1.7037851937e-03
2.0363626806e-03
2.4336701694e-03
2.9082415227e-03
3.4134667823e-03
4.0060255907e-03
4.7008702896e-03
5.5154554469e-03
6.4266168261e-03
7.4869303225e-03
8.7203469895e-03
1.0154492001e-02
1.1756097370e-02
1.3606125494e-02
1.5741715120e-02
1.8205071822e-02
2.0542228219e-02
2.3170849717e-02
2.6124949584e-02
2.9441863730e-02
3.2470468260e-02
3.5796541232e-02
3.9446244072e-02
4.3447371095e-02
4.7260247211e-02
5.1385387574e-02
5.5844244033e-02
6.0658979522e-02
6.5493629034e-02
7.0676924112e-02
7.6227884846e-02
8.2165546135e-02
8.8702461083e-02
9.5689404066e-02
1.0314575207e-01
1.1108979674e-01
1.1945976087e-01
1.2833985944e-01
1.3774252966e-01
1.4767762298e-01
1.5707489333e-01
1.6691122674e-01
1.7718681453e-01
1.8789918920e-01
1.9838934434e-01
2.0925586492e-01
2.2048946427e-01
2.3207839595e-01
2.4383867876e-01
2.5591464318e-01
2.6828815061e-01
2.8093897150e-01
2.9751328889e-01
3.1445529746e-01
3.3171034837e-01
3.4922073503e-01
3.6353421348e-01
3.7794333725e-01
3.9241565983e-01
4.0691890539e-01
4.2144850148e-01
4.3594598683e-01
4.5038119960e-01
4.6472523917e-01
4.8131921790e-01
4.9771071543e-01
5.1386214623e-01
5.2973935958e-01
5.4586063888e-01
5.6162504713e-01
5.7700669136e-01
5.9198363680e-01
6.0895559484e-01
6.2532713632e-01
6.4108178120e-01
6.5620876483e-01
6.6964321023e-01
6.8253443690e-01
6.9488451187e-01
7.0669813034e-01
7.1844006960e-01
7.2961778615e-01
7.4024334545e-01
7.5033041430e-01
7.6065806640e-01
7.7039284487e-01
7.7955607798e-01
7.8816981871e-01
7.9732705955e-01
8.0583610984e-01
8.1373034975e-01
8.2104283384e-01
8.2953439769e-01
8.3720615351e-01
8.4412005256e-01
8.5033521249e-01
8.5645245011e-01
8.6185723789e-01
8.6661569761e-01
8.7078921254e-01
8.7501276866e-01
8.7859399986e-01
8.8160862954e-01
8.8412497996e-01
8.8611809967e-01
8.8776148918e-01
8.8909842220e-01
8.9016779830e-01
8.9103925921e-01
8.9169113725e-01
8.9215544966e-01
8.9246068783e-01
8.9264146178e-01
8.9269296791e-01
8.9264043329e-01
8.9250598273e-01
8.9228399214e-01
8.9200778248e-01
8.9169721117e-01
8.9136929444e-01
8.9099587221e-01
8.9063636792e-01
8.9030530270e-01
8.9001444977e-01
8.8973446785e-01
8.8953556007e-01
8.8942544445e-01
8.8940821161e-01
8.8946637270e-01
8.8958950128e-01
8.8977430889e-01
8.9001564419e-01
8.9027398166e-01
8.9056537628e-01
8.9088168274e-01
8.9121304194e-01
8.9151690049e-01
8.9181318336e-01
8.9208992119e-01
8.9233329259e-01
8.9251437201e-01
8.9263944724e-01
8.9269240247e-01
8.9265498463e-01
8.9251837665e-01
8.9226357780e-01
8.9186872915e-01
8.9130934281e-01
8.9055839094e-01
8.8958510211e-01
8.8835529943e-01
8.8683085428e-01
8.8503668318e-01
8.8288473638e-01
8.8032782417e-01
8.7731382234e-01
8.7425369863e-01
8.7075688186e-01
8.6677766292e-01
8.6226662528e-01
8.5789196457e-01
8.5304215928e-01
8.4767804873e-01
8.4175824564e-01
8.3631626963e-01
8.3042318646e-01
8.2405093066e-01
8.1717054962e-01
8.1051483851e-01
8.0340076727e-01
7.9580590530e-01
7.8770767691e-01
7.7971680977e-01
7.7125447335e-01
7.6230309211e-01
7.5284560376e-01
7.4333133631e-01
7.3332765197e-01
7.2282216685e-01
7.1180374985e-01
6.9924065517e-01
6.8605085877e-01
6.7222742513e-01
6.5776690220e-01
6.4471472648e-01
6.3118711613e-01
6.1719006055e-01
6.0273269341e-01
5.8877370025e-01
5.7443447064e-01
5.5973128131e-01
5.4468356342e-01
5.3085524800e-01
5.1678476247e-01
5.0249324213e-01
4.8800403207e-01
4.7432793570e-01
4.6052428416e-01
4.4661694493e-01
4.3263116395e-01
4.1752942290e-01
4.0240194370e-01
3.8728419513e-01
3.7221244953e-01
3.5749682649e-01
3.4289576515e-01
3.2844372946e-01
3.1417447710e-01
3.0114806283e-01
2.8833145051e-01
2.7574820472e-01
2.6342037256e-01
2.4998020811e-01
2.3690946543e-01
2.2423056656e-01
2.1196265971e-01
1.9972043340e-01
1.8794860452e-01
1.7665701924e-01
1.6585183724e-01
1.5391633857e-01
1.4263898545e-01
1.3201306587e-01
1.2202714161e-01
1.1373467563e-01
1.0591558956e-01
9.8555314097e-02
9.1637910945e-02
8.4828623729e-02
7.8468784223e-02
7.2537183331e-02
6.7012298946e-02
6.1159259271e-02
5.5778794844e-02
5.0839450786e-02
4.6310670384e-02
4.1172561387e-02
3.6577431761e-02
3.2473744221e-02
2.8813561114e-02
2.4044227443e-02
2.0044548434e-02
1.6696428283e-02
1.3897935485e-02
1.1924560014e-02
1.0227913007e-02
8.7700992587e-03
7.5181637748e-03
6.3470884760e-03
5.3572702143e-03
4.5209738689e-03
3.8146120547e-03
3.1317799260e-03
2.5708244652e-03
2.1100920917e-03
1.7317404602e-03
1.3600288298e-03
1.0680297264e-03
8.3866020922e-04
6.5849052297e-04
4.7838759412e-04
3.4756102640e-04
2.5250126196e-04
1.8341083714e-04
1.1644874964e-04
7.3977088516e-05
4.6994811234e-05
2.9829708967e-05
1.4797535791e-05
7.3795832226e-06
3.6815226178e-06
1.8272116206e-06
9.1669998020e-07
4.7772732537e-07
2.7957248897e-07
2.2218884715e-07
