2.8866974254e-01
2.8866993325e-01
2.8867050537e-01
2.8867145885e-01
2.8867279364e-01
2.8867437517e-01
2.8867628558e-01
2.8867852475e-01
2.8868109255e-01
2.8868379995e-01
2.8868679625e-01
2.8869008125e-01
2.8869365478e-01
2.8869731061e-01
2.8870122558e-01
2.8870539948e-01
2.8870983203e-01
2.8871433487e-01
2.8871907603e-01
2.8872405521e-01
2.8872927210e-01
2.8873459511e-01
2.8874014407e-01
2.8874591860e-01
2.8875191830e-01
2.8875814032e-01
2.8876458642e-01
2.8877125608e-01
2.8877814875e-01
2.8878566858e-01
2.8879343566e-01
2.8880144918e-01
2.8880970827e-01
2.8881895938e-01
2.8882849798e-01
2.8883832267e-01
2.8884843193e-01
2.8885736193e-01
2.8886650051e-01
2.8887584649e-01
2.8888539861e-01
2.8889461221e-01
2.8890400742e-01
2.8891358298e-01
2.8892333753e-01
2.8893300379e-01
2.8894283693e-01
2.8895283551e-01
2.8896299798e-01
2.8897309220e-01
2.8898334002e-01
2.8899373978e-01
2.8900428975e-01
2.8901448979e-01
2.8902482318e-01
2.8903528821e-01
2.8904588309e-01
2.8905659658e-01
2.8906743594e-01
2.8907839919e-01
2.8908948428e-01
2.8910134976e-01
2.8911334678e-01
2.8912547259e-01
2.8913772441e-01
2.8915289230e-01
2.8916823917e-01
2.8918375927e-01
2.8919944666e-01
2.8921273582e-01
2.8922613470e-01
2.8923963942e-01
2.8925324603e-01
2.8926617781e-01
2.8927919325e-01
2.8929228879e-01
2.8930546078e-01
2.8931861478e-01
2.8933183684e-01
2.8934512321e-01
2.8935847005e-01
2.8937223636e-01
2.8938605810e-01
2.8939993093e-01
2.8941385047e-01
2.8942884445e-01
2.8944388162e-01
2.8945895634e-01
2.8947406295e-01
2.8949087085e-01
2.8950770310e-01
2.8952455171e-01
2.8954140865e-01
2.8955773827e-01
2.8957406075e-01
2.8959036872e-01
2.8960665475e-01
2.8962380509e-01
2.8964091405e-01
2.8965797291e-01
2.8967497298e-01
2.8969455074e-01
2.8971402491e-01
2.8973338221e-01
2.8975260944e-01
2.8977143455e-01
2.8979010796e-01
2.8980861736e-01
2.8982695060e-01
2.8984408845e-01
2.8986104855e-01
2.8987782108e-01
2.8989439635e-01
2.8991072144e-01
2.8992683153e-01
2.8994271748e-01
2.8995837034e-01
2.8997408861e-01
2.8998954602e-01
2.9000473362e-01
2.9001964268e-01
2.9003478636e-01
2.9004961263e-01
2.9006411250e-01
2.9007827719e-01
2.9009279715e-01
2.9010692772e-01
2.9012065964e-01
2.9013398396e-01
2.9014780850e-01
2.9016114424e-01
2.9017398138e-01
2.9018631052e-01
2.9019890441e-01
2.9021089852e-01
2.9022228302e-01
2.9023304864e-01
2.9024436044e-01
2.9025487360e-01
2.9026457757e-01
2.9027346265e-01
2.9028172026e-01
2.9028909753e-01
2.9029558680e-01
2.9030118135e-01
2.9030622721e-01
2.9031020952e-01
2.9031312349e-01
2.9031496561e-01
2.9031572549e-01
2.9031548006e-01
2.9031422961e-01
2.9031197552e-01
2.9030894719e-01
2.9030503901e-01
2.9030025484e-01
2.9029459947e-01
2.9028839624e-01
2.9028141063e-01
2.9027364902e-01
2.9026511857e-01
2.9025663655e-01
2.9024752261e-01
2.9023778386e-01
2.9022742795e-01
2.9021710816e-01
2.9020625450e-01
2.9019487467e-01
2.9018297678e-01
2.9017137072e-01
2.9015932500e-01
2.9014684730e-01
2.9013394558e-01
2.9012125644e-01
2.9010819680e-01
2.9009477441e-01
2.9008099724e-01
2.9006736430e-01
2.9005341588e-01
2.9003915985e-01
2.9002460430e-01
2.9001006761e-01
2.8999525963e-01
2.8998018856e-01
2.8996486279e-01
2.8994928155e-01
2.8993346264e-01
2.8991741501e-01
2.8990114778e-01
2.8988382073e-01
2.8986627225e-01
2.8984851350e-01
2.8983055583e-01
2.8981152499e-01
2.8979230157e-01
2.8977289924e-01
2.8975333182e-01
2.8973652533e-01
2.8971961768e-01
2.8970261769e-01
2.8968553423e-01
2.8966935341e-01
2.8965311379e-01
2.8963682289e-01
2.8962048827e-01
2.8960417132e-01
2.8958782596e-01
2.8957145969e-01
2.8955507998e-01
2.8953928390e-01
2.8952348896e-01
2.8950770178e-01
2.8949192896e-01
2.8947756629e-01
2.8946322596e-01
2.8944891288e-01
2.8943463191e-01
2.8942092286e-01
2.8940725226e-01
2.8939362434e-01
2.8938004325e-01
2.8936659263e-01
2.8935319633e-01
2.8933985829e-01
2.8932658239e-01
2.8931276312e-01
2.8929902033e-01
2.8928535822e-01
2.8927178095e-01
2.8925522408e-01
2.8923880864e-01
2.8922254177e-01
2.8920643037e-01
2.8919327921e-01
2.8918024177e-01
2.8916732156e-01
2.8915452203e-01
2.8914264866e-01
2.8913088669e-01
2.8911923869e-01
2.8910770716e-01
2.8909648677e-01
2.8908538348e-01
2.8907439946e-01
2.8906353676e-01
2.8905248693e-01
2.8904156981e-01
2.8903078744e-01
2.8902014174e-01
2.8900895894e-01
2.8899793538e-01
2.8898707312e-01
2.8897637414e-01
2.8896589377e-01
2.8895557865e-01
2.8894543046e-01
2.8893545079e-01
2.8892505258e-01
2.8891484737e-01
2.8890483678e-01
2.8889502237e-01
2.8888423323e-01
2.8887369540e-01
2.8886341071e-01
2.8885338082e-01
2.8884371113e-01
2.8883429376e-01
2.8882513007e-01
2.8881622127e-01
2.8880817169e-01
2.8880034411e-01
2.8879273933e-01
2.8878535809e-01
2.8877825587e-01
2.8877137506e-01
2.8876471625e-01
2.8875827998e-01
2.8875194606e-01
2.8874584461e-01
2.8873997611e-01
2.8873434097e-01
2.8872873346e-01
2.8872337874e-01
2.8871827720e-01
2.8871342917e-01
2.8870858849e-01
2.8870403083e-01
2.8869975648e-01
2.8869576574e-01
2.8869181175e-01
2.8868818273e-01
2.8868487893e-01
2.8868190058e-01
2.8867905185e-01
2.8867658255e-01
2.8867449285e-01
2.8867278289e-01
2.8867145281e-01
2.8867050268e-01
2.8866993258e-01
2.8866974254e-01
