2.8260020497e-01
2.8261060151e-01
2.8264179191e-01
2.8269377846e-01
2.8276656499e-01
2.8283609663e-01
2.8291774425e-01
2.8301151134e-01
2.8311740191e-01
2.8321173087e-01
2.8331396606e-01
2.8342411032e-01
2.8354216670e-01
2.8364849204e-01
2.8376051267e-01
2.8387823079e-01
2.8400164870e-01
2.8411983076e-01
2.8424280922e-01
2.8437058596e-01
2.8450316282e-01
2.8463074576e-01
2.8476248169e-01
2.8489837171e-01
2.8503841663e-01
2.8515521116e-01
2.8527474627e-01
2.8539702140e-01
2.8552203540e-01
2.8562238097e-01
2.8572442159e-01
2.8582815544e-01
2.8593358007e-01
2.8603073080e-01
2.8612926882e-01
2.8622919036e-01
2.8633049069e-01
2.8646379891e-01
2.8659939667e-01
2.8673726355e-01
2.8687737360e-01
2.8697779620e-01
2.8707931072e-01
2.8718190106e-01
2.8728554863e-01
2.8738209596e-01
2.8747950612e-01
2.8757775776e-01
2.8767682702e-01
2.8778503253e-01
2.8789412898e-01
2.8800407508e-01
2.8811482552e-01
2.8822156319e-01
2.8832894600e-01
2.8843692373e-01
2.8854544291e-01
2.8865647160e-01
2.8876794033e-01
2.8887978329e-01
2.8899193203e-01
2.8912041061e-01
2.8924908739e-01
2.8937785092e-01
2.8950658777e-01
2.8968903435e-01
2.8987086615e-01
2.9005175493e-01
2.9023137695e-01
2.9037483567e-01
2.9051710787e-01
2.9065803808e-01
2.9079747629e-01
2.9094967415e-01
2.9109968800e-01
2.9124734193e-01
2.9139246997e-01
2.9156088794e-01
2.9172530303e-01
2.9188549373e-01
2.9204125750e-01
2.9224611792e-01
2.9244199858e-01
2.9262854127e-01
2.9280544027e-01
2.9299927498e-01
2.9317930675e-01
2.9334527879e-01
2.9349700320e-01
2.9364854928e-01
2.9378231355e-01
2.9389829659e-01
2.9399658211e-01
2.9406540996e-01
2.9412207832e-01
2.9416677415e-01
2.9419973035e-01
2.9421737253e-01
2.9422828571e-01
2.9423264272e-01
2.9423063776e-01
2.9422438307e-01
2.9421411350e-01
2.9419997271e-01
2.9418211622e-01
2.9416300542e-01
2.9414115125e-01
2.9411669318e-01
2.9408977918e-01
2.9406190264e-01
2.9403206921e-01
2.9400042973e-01
2.9396714167e-01
2.9393156633e-01
2.9389462000e-01
2.9385649004e-01
2.9381736879e-01
2.9378313577e-01
2.9374844279e-01
2.9371341695e-01
2.9367818565e-01
2.9364698173e-01
2.9361580375e-01
2.9358473772e-01
2.9355386816e-01
2.9352364477e-01
2.9349377140e-01
2.9346432304e-01
2.9343537184e-01
2.9340609949e-01
2.9337750151e-01
2.9334964565e-01
2.9332259534e-01
2.9329807318e-01
2.9327435222e-01
2.9325147369e-01
2.9322947539e-01
2.9320655039e-01
2.9318475129e-01
2.9316411400e-01
2.9314467033e-01
2.9312268073e-01
2.9310253978e-01
2.9308428413e-01
2.9306794435e-01
2.9305545432e-01
2.9304441066e-01
2.9303482439e-01
2.9302670454e-01
2.9301951411e-01
2.9301409225e-01
2.9301044431e-01
2.9300857378e-01
2.9300842752e-01
2.9300980364e-01
2.9301270104e-01
2.9301711737e-01
2.9302316593e-01
2.9303077774e-01
2.9303994574e-01
2.9305066101e-01
2.9306274977e-01
2.9307632368e-01
2.9309136727e-01
2.9310786217e-01
2.9312450847e-01
2.9314237433e-01
2.9316143642e-01
2.9318166816e-01
2.9320142547e-01
2.9322213354e-01
2.9324376244e-01
2.9326627911e-01
2.9329444572e-01
2.9332377105e-01
2.9335417860e-01
2.9338558475e-01
2.9341302181e-01
2.9344105648e-01
2.9346962574e-01
2.9349866339e-01
2.9353609587e-01
2.9357402426e-01
2.9361229538e-01
2.9365075139e-01
2.9368989840e-01
2.9372889724e-01
2.9376757429e-01
2.9380575592e-01
2.9384449139e-01
2.9388232620e-01
2.9391907599e-01
2.9395456080e-01
2.9398982906e-01
2.9402336137e-01
2.9405497689e-01
2.9408450258e-01
2.9411524144e-01
2.9414285492e-01
2.9416712953e-01
2.9418786567e-01
2.9420908669e-01
2.9422374686e-01
2.9423151556e-01
2.9423209601e-01
2.9421721248e-01
2.9418198178e-01
2.9412563736e-01
2.9404757974e-01
2.9397245817e-01
2.9388407023e-01
2.9378231763e-01
2.9366714917e-01
2.9354317112e-01
2.9340671224e-01
2.9325785530e-01
2.9309672948e-01
2.9295855894e-01
2.9281270628e-01
2.9265931305e-01
2.9249854660e-01
2.9236471395e-01
2.9222639730e-01
2.9208372302e-01
2.9193683099e-01
2.9180402837e-01
2.9166818544e-01
2.9152942629e-01
2.9138788447e-01
2.9125659723e-01
2.9112323334e-01
2.9098791495e-01
2.9085077087e-01
2.9070509976e-01
2.9055773274e-01
2.9040884091e-01
2.9025860216e-01
2.9012810430e-01
2.8999686277e-01
2.8986500118e-01
2.8973264498e-01
2.8960575972e-01
2.8947864958e-01
2.8935142573e-01
2.8922419865e-01
2.8911581928e-01
2.8900758342e-01
2.8889955617e-01
2.8879180099e-01
2.8865020860e-01
2.8850933150e-01
2.8836929727e-01
2.8823022514e-01
2.8812719067e-01
2.8802479532e-01
2.8792307849e-01
2.8782207661e-01
2.8771286906e-01
2.8760458953e-01
2.8749727346e-01
2.8739095252e-01
2.8727299983e-01
2.8715636714e-01
2.8704108428e-01
2.8692717677e-01
2.8681802241e-01
2.8671019908e-01
2.8660372083e-01
2.8649859938e-01
2.8638835158e-01
2.8627965757e-01
2.8617252517e-01
2.8606696064e-01
2.8593333306e-01
2.8580232204e-01
2.8567393358e-01
2.8554817194e-01
2.8538018248e-01
2.8521713131e-01
2.8505902077e-01
2.8490585157e-01
2.8475725055e-01
2.8461361476e-01
2.8447494274e-01
2.8434123275e-01
2.8419277608e-01
2.8405095113e-01
2.8391575488e-01
2.8378718434e-01
2.8363318350e-01
2.8348989674e-01
2.8335731871e-01
2.8323544445e-01
2.8308651794e-01
2.8295746936e-01
2.8284828965e-01
2.8275897116e-01
2.8268950725e-01
2.8263989365e-01
2.8261012688e-01
2.8260020486e-01
