5.2482825974e-01
5.2483502828e-01
5.2485533048e-01
5.2488915606e-01
5.2493648791e-01
5.2499521838e-01
5.2506658185e-01
5.2515054447e-01
5.2524706644e-01
5.2535440766e-01
5.2547384776e-01
5.2560533193e-01
5.2574879988e-01
5.2590326723e-01
5.2606944746e-01
5.2624726553e-01
5.2643664129e-01
5.2663773352e-01
5.2685023474e-01
5.2707404943e-01
5.2730907716e-01
5.2755716134e-01
5.2781641340e-01
5.2808671597e-01
5.2836794696e-01
5.2866443829e-01
5.2897192027e-01
5.2929025096e-01
5.2961928378e-01
5.2996736954e-01
5.3032636567e-01
5.3069610023e-01
5.3107639676e-01
5.3148339091e-01
5.3190143004e-01
5.3233030023e-01
5.3276978283e-01
5.3325727628e-01
5.3375665756e-01
5.3426763223e-01
5.3478990046e-01
5.3536497952e-01
5.3595243048e-01
5.3655185942e-01
5.3716286676e-01
5.3772084131e-01
5.3828752225e-01
5.3886261048e-01
5.3944580423e-01
5.4001408988e-01
5.4058931968e-01
5.4117121928e-01
5.4175951285e-01
5.4234371035e-01
5.4293355297e-01
5.4352877557e-01
5.4412911225e-01
5.4473197634e-01
5.4533938734e-01
5.4595108124e-01
5.4656679397e-01
5.4719340125e-01
5.4782357718e-01
5.4845704921e-01
5.4909354533e-01
5.4973600978e-01
5.5038098014e-01
5.5102818287e-01
5.5167734555e-01
5.5231595010e-01
5.5295592581e-01
5.5359701931e-01
5.5423897882e-01
5.5487956929e-01
5.5552052572e-01
5.5616160387e-01
5.5680256145e-01
5.5744626229e-01
5.5808935716e-01
5.5873160672e-01
5.5937277395e-01
5.6001997053e-01
5.6066557957e-01
5.6130936359e-01
5.6195108787e-01
5.6260235992e-01
5.6325101260e-01
5.6389680718e-01
5.6453950815e-01
5.6519681071e-01
5.6585034920e-01
5.6649987879e-01
5.6714515853e-01
5.6781414383e-01
5.6847797193e-01
5.6913638231e-01
5.6978911922e-01
5.7051421214e-01
5.7123150464e-01
5.7194065761e-01
5.7264133965e-01
5.7328698881e-01
5.7392472972e-01
5.7455431177e-01
5.7517549021e-01
5.7579139860e-01
5.7639833157e-01
5.7699605824e-01
5.7758435370e-01
5.7817792003e-01
5.7876109757e-01
5.7933366276e-01
5.7989539850e-01
5.8047600947e-01
5.8104409493e-01
5.8159942297e-01
5.8214176943e-01
5.8274962489e-01
5.8333967997e-01
5.8391162998e-01
5.8446518313e-01
5.8496707663e-01
5.8545234291e-01
5.8592077170e-01
5.8637216213e-01
5.8678107860e-01
5.8717459444e-01
5.8755256453e-01
5.8791485074e-01
5.8825254814e-01
5.8857512380e-01
5.8888246855e-01
5.8917447911e-01
5.8944902790e-01
5.8970828761e-01
5.8995217416e-01
5.9018060895e-01
5.9039472364e-01
5.9059306135e-01
5.9077555843e-01
5.9094215660e-01
5.9109602687e-01
5.9123316420e-01
5.9135352333e-01
5.9145706468e-01
5.9154917503e-01
5.9162196471e-01
5.9167540653e-01
5.9170948054e-01
5.9172398599e-01
5.9172044637e-01
5.9169886290e-01
5.9165924306e-01
5.9160420595e-01
5.9153255257e-01
5.9144430594e-01
5.9133949445e-01
5.9122030835e-01
5.9108517462e-01
5.9093413567e-01
5.9076723908e-01
5.9058502949e-01
5.9038715408e-01
5.9017367567e-01
5.8994466236e-01
5.8969734367e-01
5.8943429458e-01
5.8915560243e-01
5.8886136037e-01
5.8854090495e-01
5.8820404998e-01
5.8785091845e-01
5.8748164033e-01
5.8705233887e-01
5.8660345142e-01
5.8613518782e-01
5.8564776926e-01
5.8517667356e-01
5.8468935362e-01
5.8418601560e-01
5.8366687469e-01
5.8317425793e-01
5.8266857254e-01
5.8215000836e-01
5.8161876214e-01
5.8109679126e-01
5.8056349675e-01
5.8001907124e-01
5.7946371349e-01
5.7890966134e-01
5.7834552700e-01
5.7777151421e-01
5.7718783254e-01
5.7659541669e-01
5.7599379051e-01
5.7538318031e-01
5.7476381828e-01
5.7411184535e-01
5.7345097046e-01
5.7278147363e-01
5.7210364177e-01
5.7147761308e-01
5.7084510720e-01
5.7020635766e-01
5.6956160275e-01
5.6893619530e-01
5.6830568017e-01
5.6767028155e-01
5.6703022759e-01
5.6640225453e-01
5.6577029952e-01
5.6513458439e-01
5.6449533442e-01
5.6386416085e-01
5.6323001685e-01
5.6259312540e-01
5.6195371249e-01
5.6131921826e-01
5.6068270681e-01
5.6004440499e-01
5.5940454226e-01
5.5876647393e-01
5.5812732082e-01
5.5748731644e-01
5.5684669663e-01
5.5620375324e-01
5.5556067257e-01
5.5491769905e-01
5.5427507910e-01
5.5362056744e-01
5.5296694631e-01
5.5231448249e-01
5.5166344443e-01
5.5101777897e-01
5.5037405692e-01
5.4973254637e-01
5.4909351652e-01
5.4846410884e-01
5.4783765515e-01
5.4721441846e-01
5.4659466228e-01
5.4597637792e-01
5.4536213286e-01
5.4475219427e-01
5.4414682928e-01
5.4353562999e-01
5.4292972660e-01
5.4232939952e-01
5.4173492841e-01
5.4112136004e-01
5.4051478193e-01
5.3991550750e-01
5.3932384833e-01
5.3865052282e-01
5.3798823686e-01
5.3733745862e-01
5.3669865116e-01
5.3614684653e-01
5.3560497145e-01
5.3507332978e-01
5.3455222124e-01
5.3407551227e-01
5.3360847684e-01
5.3315134775e-01
5.3270435388e-01
5.3228363344e-01
5.3187272014e-01
5.3147180721e-01
5.3108108386e-01
5.3070953897e-01
5.3034805612e-01
5.2999679975e-01
5.2965593017e-01
5.2933040179e-01
5.2901525246e-01
5.2871062310e-01
5.2841665028e-01
5.2813565048e-01
5.2786539507e-01
5.2760600424e-01
5.2735759364e-01
5.2712062728e-01
5.2689482418e-01
5.2668028534e-01
5.2647710692e-01
5.2628436708e-01
5.2610329168e-01
5.2593396319e-01
5.2577645886e-01
5.2562878803e-01
5.2549343713e-01
5.2537047000e-01
5.2525994471e-01
5.2515897796e-01
5.2507137005e-01
5.2499716518e-01
5.2493640079e-01
5.2488910702e-01
5.2485530868e-01
5.2483502283e-01
5.2482825974e-01
