2.2358672559e-01
2.2365000104e-01
2.2383980720e-01
2.2415608334e-01
2.2459872783e-01
2.2516497531e-01
2.2585621947e-01
2.2667223489e-01
2.2761275248e-01
2.2874124844e-01
2.3000791988e-01
2.3141227951e-01
2.3295377722e-01
2.3509571966e-01
2.3745403959e-01
2.4002715653e-01
2.4281329643e-01
2.4515779414e-01
2.4763230860e-01
2.5023569285e-01
2.5296671115e-01
2.5568220710e-01
2.5851080410e-01
2.6145119998e-01
2.6450201107e-01
2.6761689308e-01
2.7083621433e-01
2.7415840621e-01
2.7758181765e-01
2.8092600646e-01
2.8435841257e-01
2.8787741087e-01
2.9148130788e-01
2.9499757380e-01
2.9858794373e-01
3.0225077437e-01
3.0598436766e-01
3.0974566903e-01
3.1357275636e-01
3.1746383368e-01
3.2141705719e-01
3.2548729631e-01
3.2961747712e-01
3.3380553693e-01
3.3804937018e-01
3.4247390282e-01
3.4695287729e-01
3.5148387102e-01
3.5606442502e-01
3.6124332646e-01
3.6647757818e-01
3.7176360983e-01
3.7709781754e-01
3.8237779291e-01
3.8769724372e-01
3.9305270330e-01
3.9844069860e-01
4.0337617889e-01
4.0833316950e-01
4.1330905396e-01
4.1830122747e-01
4.2315792741e-01
4.2802517512e-01
4.3290064249e-01
4.3778202418e-01
4.4264967710e-01
4.4751871079e-01
4.5238692805e-01
4.5725216448e-01
4.6219732543e-01
4.6713499206e-01
4.7206300301e-01
4.7697924104e-01
4.8209840071e-01
4.8720015983e-01
4.9228227400e-01
4.9734255919e-01
5.0282608134e-01
5.0827854294e-01
5.1369737913e-01
5.1908011698e-01
5.2445759364e-01
5.2979378156e-01
5.3508644841e-01
5.4033345853e-01
5.4546228754e-01
5.5054284585e-01
5.5557335878e-01
5.6055214133e-01
5.6560766160e-01
5.7060535473e-01
5.7554368533e-01
5.8042121185e-01
5.8553748993e-01
5.9058203821e-01
5.9555345918e-01
6.0045046406e-01
6.0602613257e-01
6.1149878272e-01
6.1686692423e-01
6.2212923555e-01
6.2710492890e-01
6.3198012437e-01
6.3675404188e-01
6.4142602137e-01
6.4572864898e-01
6.4994016502e-01
6.5406028033e-01
6.5808878046e-01
6.6196997302e-01
6.6576193171e-01
6.6946463870e-01
6.7307813013e-01
6.7661809444e-01
6.8006826310e-01
6.8342881367e-01
6.8669996337e-01
6.8993297187e-01
6.9307421100e-01
6.9612401235e-01
6.9908273528e-01
7.0202224746e-01
7.0486684893e-01
7.0761699650e-01
7.1027316358e-01
7.1291967168e-01
7.1546689745e-01
7.1791539812e-01
7.2026573609e-01
7.2260925738e-01
7.2484760442e-01
7.2698140904e-01
7.2901129555e-01
7.3103152026e-01
7.3293854518e-01
7.3473304529e-01
7.3641567289e-01
7.3808106239e-01
7.3962166380e-01
7.4103815364e-01
7.4233116603e-01
7.4360067747e-01
7.4472486212e-01
7.4570434743e-01
7.4653968718e-01
7.4729796316e-01
7.4788014532e-01
7.4828664982e-01
7.4851776898e-01
7.4857500626e-01
7.4847373174e-01
7.4821387917e-01
7.4779527897e-01
7.4727793546e-01
7.4662942922e-01
7.4584941747e-01
7.4493749140e-01
7.4396429718e-01
7.4287475133e-01
7.4166837068e-01
7.4034462783e-01
7.3897968017e-01
7.3750805423e-01
7.3592920019e-01
7.3424254016e-01
7.3252710950e-01
7.3071186680e-01
7.2879624586e-01
7.2677966557e-01
7.2474023579e-01
7.2260595472e-01
7.2037627638e-01
7.1805065122e-01
7.1570190888e-01
7.1326181804e-01
7.1072988166e-01
7.0810560952e-01
7.0545099411e-01
7.0270727525e-01
6.9987403006e-01
6.9695085273e-01
6.9398026779e-01
6.9092153366e-01
6.8777432761e-01
6.8453835498e-01
6.8121976547e-01
6.7781225677e-01
6.7431563937e-01
6.7072976521e-01
6.6697549980e-01
6.6312798101e-01
6.5918720937e-01
6.5515324731e-01
6.5060288804e-01
6.4593992669e-01
6.4116474768e-01
6.3627785538e-01
6.3157900475e-01
6.2678247630e-01
6.2188901821e-01
6.1689949684e-01
6.1231766091e-01
6.0765929832e-01
6.0292531580e-01
5.9811671304e-01
5.9348925286e-01
5.8879670359e-01
5.8404016505e-01
5.7922082231e-01
5.7445569506e-01
5.6963316921e-01
5.6475459502e-01
5.5982140761e-01
5.5473975134e-01
5.4960466746e-01
5.4441795535e-01
5.3918151129e-01
5.3395325391e-01
5.2868028539e-01
5.2336472656e-01
5.1800879283e-01
5.1304864168e-01
5.0805815173e-01
5.0303925740e-01
4.9799395910e-01
4.9313977603e-01
4.8826514347e-01
4.8337198300e-01
4.7846226775e-01
4.7362972601e-01
4.6878514660e-01
4.6393053133e-01
4.5906792399e-01
4.5419042917e-01
4.4930913857e-01
4.4442622240e-01
4.3954388492e-01
4.3451303105e-01
4.2948765271e-01
4.2447026271e-01
4.1946340047e-01
4.1392688135e-01
4.0840998137e-01
4.0291624666e-01
3.9744924109e-01
3.9204302350e-01
3.8667029172e-01
3.8133456470e-01
3.7603935373e-01
3.7125678881e-01
3.6651332852e-01
3.6181157940e-01
3.5715412628e-01
3.5268600674e-01
3.4826417965e-01
3.4389091824e-01
3.3956846401e-01
3.3536068760e-01
3.3120647243e-01
3.2710785750e-01
3.2306684197e-01
3.1905084706e-01
3.1509741839e-01
3.1120847221e-01
3.0738587571e-01
3.0345244360e-01
2.9959592944e-01
2.9581829939e-01
2.9212145419e-01
2.8833374082e-01
2.8463890592e-01
2.8103890304e-01
2.7753560352e-01
2.7404698155e-01
2.7066367305e-01
2.6738742506e-01
2.6421989549e-01
2.6099278251e-01
2.5789055425e-01
2.5491485202e-01
2.5206721381e-01
2.4874399953e-01
2.4561897085e-01
2.4269438165e-01
2.3997228002e-01
2.3793953474e-01
2.3603871369e-01
2.3427060681e-01
2.3263593310e-01
2.3119944875e-01
2.2988585911e-01
2.2869562394e-01
2.2762915282e-01
2.2668297969e-01
2.2586233245e-01
2.2516748399e-01
2.2459866277e-01
2.2415604674e-01
2.2383979093e-01
2.2364999697e-01
2.2358672559e-01
