2.6195695515e-01
2.6205162321e-01
2.6233569579e-01
2.6280937822e-01
2.6347301287e-01
2.6395442956e-01
2.6450240576e-01
2.6511707964e-01
2.6579860622e-01
2.6630063722e-01
2.6683375695e-01
2.6739802764e-01
2.6799351517e-01
2.6845392207e-01
2.6893146207e-01
2.6942616567e-01
2.6993806443e-01
2.7034870590e-01
2.7076981462e-01
2.7120140688e-01
2.7164349939e-01
2.7200852865e-01
2.7238043866e-01
2.7275923882e-01
2.7314493871e-01
2.7347565161e-01
2.7381128660e-01
2.7415184971e-01
2.7449734704e-01
2.7480359383e-01
2.7511362448e-01
2.7542744323e-01
2.7574505435e-01
2.7604102328e-01
2.7634021805e-01
2.7664264206e-01
2.7694829870e-01
2.7728820847e-01
2.7763203705e-01
2.7797978873e-01
2.7833146759e-01
2.7858720505e-01
2.7884498313e-01
2.7910480290e-01
2.7936666528e-01
2.7958431467e-01
2.7980335584e-01
2.8002378871e-01
2.8024561297e-01
2.8043957957e-01
2.8063459654e-01
2.8083066294e-01
2.8102777753e-01
2.8121507380e-01
2.8140330360e-01
2.8159246477e-01
2.8178255473e-01
2.8199020353e-01
2.8219894084e-01
2.8240876076e-01
2.8261965622e-01
2.8280829268e-01
2.8299776786e-01
2.8318807376e-01
2.8337920116e-01
2.8356120566e-01
2.8374392937e-01
2.8392736087e-01
2.8411148736e-01
2.8428563387e-01
2.8446037180e-01
2.8463568669e-01
2.8481156273e-01
2.8506007265e-01
2.8530960751e-01
2.8556010874e-01
2.8581151193e-01
2.8599593790e-01
2.8618077963e-01
2.8636600617e-01
2.8655158506e-01
2.8674090654e-01
2.8693052109e-01
2.8712039019e-01
2.8731047413e-01
2.8752176965e-01
2.8773322264e-01
2.8794477482e-01
2.8815636701e-01
2.8839863634e-01
2.8864078922e-01
2.8888273509e-01
2.8912438361e-01
2.8936911744e-01
2.8961336062e-01
2.8985702231e-01
2.9010001352e-01
2.9034341297e-01
2.9058596225e-01
2.9082757852e-01
2.9106818183e-01
2.9132649538e-01
2.9158344842e-01
2.9183895293e-01
2.9209292531e-01
2.9237758887e-01
2.9266009382e-01
2.9294034043e-01
2.9321823593e-01
2.9356937901e-01
2.9391638946e-01
2.9425912081e-01
2.9459744240e-01
2.9497439746e-01
2.9534542511e-01
2.9571040005e-01
2.9606921605e-01
2.9647606440e-01
2.9687445945e-01
2.9726431474e-01
2.9764556579e-01
2.9801155600e-01
2.9836917779e-01
2.9871841786e-01
2.9905927480e-01
2.9941154347e-01
2.9975441891e-01
3.0008793184e-01
3.0041212092e-01
3.0075983099e-01
3.0109626271e-01
3.0142149112e-01
3.0173559619e-01
3.0207987216e-01
3.0240995761e-01
3.0272598237e-01
3.0302807731e-01
3.0336517888e-01
3.0368346545e-01
3.0398314141e-01
3.0426440510e-01
3.0458277714e-01
3.0487437733e-01
3.0513951364e-01
3.0537847122e-01
3.0564332819e-01
3.0586728700e-01
3.0605074824e-01
3.0619404337e-01
3.0630474792e-01
3.0636832390e-01
3.0638490993e-01
3.0635454225e-01
3.0629341822e-01
3.0619963047e-01
3.0607303785e-01
3.0591345078e-01
3.0575591406e-01
3.0557536438e-01
3.0537161985e-01
3.0514447730e-01
3.0493231458e-01
3.0470285355e-01
3.0445593441e-01
3.0419138801e-01
3.0394631634e-01
3.0368759833e-01
3.0341510740e-01
3.0312871365e-01
3.0286230353e-01
3.0258470452e-01
3.0229582179e-01
3.0199556070e-01
3.0171325834e-01
3.0142144671e-01
3.0112005909e-01
3.0080903149e-01
3.0051081739e-01
3.0020415387e-01
2.9988899986e-01
2.9956531942e-01
2.9923660936e-01
2.9889949931e-01
2.9855397549e-01
2.9820003369e-01
2.9785609587e-01
2.9750458754e-01
2.9714553714e-01
2.9677898666e-01
2.9644083569e-01
2.9609664287e-01
2.9574647565e-01
2.9539041567e-01
2.9509436614e-01
2.9479448788e-01
2.9449085124e-01
2.9418353550e-01
2.9391961346e-01
2.9365315974e-01
2.9338423999e-01
2.9311292563e-01
2.9286470121e-01
2.9261463065e-01
2.9236278056e-01
2.9210922197e-01
2.9187324828e-01
2.9163594083e-01
2.9139736616e-01
2.9115759417e-01
2.9091660168e-01
2.9067456063e-01
2.9043155065e-01
2.9018765433e-01
2.8994893533e-01
2.8970953578e-01
2.8946953956e-01
2.8922903243e-01
2.8901347738e-01
2.8879764665e-01
2.8858160424e-01
2.8836541449e-01
2.8816791750e-01
2.8797040040e-01
2.8777291188e-01
2.8757550016e-01
2.8739364851e-01
2.8721193924e-01
2.8703040830e-01
2.8684909080e-01
2.8665101203e-01
2.8645327300e-01
2.8625591540e-01
2.8605897915e-01
2.8587508931e-01
2.8569163145e-01
2.8550863360e-01
2.8532612219e-01
2.8515178065e-01
2.8497792850e-01
2.8480458472e-01
2.8463176692e-01
2.8444857741e-01
2.8426601913e-01
2.8408410847e-01
2.8390286028e-01
2.8369694372e-01
2.8349192426e-01
2.8328781753e-01
2.8308463720e-01
2.8288545665e-01
2.8268719597e-01
2.8248986366e-01
2.8229346697e-01
2.8209889485e-01
2.8190526123e-01
2.8171257046e-01
2.8152082621e-01
2.8130894760e-01
2.8109824398e-01
2.8088871805e-01
2.8068037188e-01
2.8041118262e-01
2.8014399386e-01
2.7987880715e-01
2.7961562329e-01
2.7923183483e-01
2.7885238598e-01
2.7847727426e-01
2.7810649615e-01
2.7778643295e-01
2.7746966446e-01
2.7715618748e-01
2.7684599864e-01
2.7650753232e-01
2.7617306086e-01
2.7584257961e-01
2.7551608390e-01
2.7513443377e-01
2.7475836331e-01
2.7438786495e-01
2.7402293123e-01
2.7356845079e-01
2.7312288013e-01
2.7268620476e-01
2.7225841045e-01
2.7167865847e-01
2.7111599292e-01
2.7057037840e-01
2.7004178061e-01
2.6923095822e-01
2.6846352493e-01
2.6773935705e-01
2.6705833787e-01
2.6586168992e-01
2.6482576081e-01
2.6394992431e-01
2.6323365093e-01
2.6267484160e-01
2.6227593488e-01
2.6203668794e-01
2.6195695514e-01
