4.7296717393e-10
1.4824277845e-10
9.1719223825e-10
2.5842013060e-09
2.4020793872e-08
6.9309517130e-08
1.9230021793e-07
5.3131835237e-07
1.5269214023e-06
2.9619990568e-06
5.7147473862e-06
1.1024624146e-05
2.1350622602e-05
3.3921703166e-05
5.3846249046e-05
8.5472017697e-05
1.3576025433e-04
1.9231294242e-04
2.7235946685e-04
3.8570771751e-04
5.4628558464e-04
7.2116506722e-04
9.5190178003e-04
1.2563490128e-03
1.6580556815e-03
2.0950675044e-03
2.6468217720e-03
3.3432916408e-03
4.2221664407e-03
5.2469292300e-03
6.5183263193e-03
8.0947455057e-03
1.0047824782e-02
1.2125093940e-02
1.4623976040e-02
1.7626607359e-02
2.1229504881e-02
2.4614558732e-02
2.8519907991e-02
3.3018872773e-02
3.8192789171e-02
4.3009502838e-02
4.8395256332e-02
5.4406969033e-02
6.1104484011e-02
6.8070426703e-02
7.5748062535e-02
8.4190276593e-02
9.3449148892e-02
1.0413969790e-01
1.1584604455e-01
1.2861550384e-01
1.4248613152e-01
1.5548450943e-01
1.6934681646e-01
1.8407177182e-01
1.9964735397e-01
2.1474636420e-01
2.3052125957e-01
2.4693540657e-01
2.6394346618e-01
2.8547029304e-01
3.0769126292e-01
3.3047938769e-01
3.5369732119e-01
3.7371501873e-01
3.9384960697e-01
4.1401116721e-01
4.3411205121e-01
4.5738034581e-01
4.8032735286e-01
5.0284011014e-01
5.2481845631e-01
5.4881343555e-01
5.7191962754e-01
5.9405649414e-01
6.1516406258e-01
6.3519109328e-01
6.5412516108e-01
6.7195699270e-01
6.8868997461e-01
7.0532289253e-01
7.2075270069e-01
7.3501581823e-01
7.4815535660e-01
7.6177287994e-01
7.7407929801e-01
7.8515273774e-01
7.9507243865e-01
8.0675604349e-01
8.1667471527e-01
8.2500726324e-01
8.3192141378e-01
8.3866576543e-01
8.4378258340e-01
8.4749997171e-01
8.5001898231e-01
8.5152006973e-01
8.5214403549e-01
8.5202507604e-01
8.5127888764e-01
8.4989186273e-01
8.4800058916e-01
8.4569402406e-01
8.4304726277e-01
8.3967233755e-01
8.3601182979e-01
8.3213107608e-01
8.2808354660e-01
8.2303295069e-01
8.1786379409e-01
8.1262444630e-01
8.0735255317e-01
8.0055947013e-01
7.9380654229e-01
7.8712685732e-01
7.8054319604e-01
7.7190097562e-01
7.6347747319e-01
7.5527964553e-01
7.4730402862e-01
7.3849988340e-01
7.2993844833e-01
7.2158002785e-01
7.1337371404e-01
7.0687135538e-01
7.0038954173e-01
6.9388647586e-01
6.8731632529e-01
6.8133687776e-01
6.7522774585e-01
6.6895253672e-01
6.6247665256e-01
6.5615857615e-01
6.4961396484e-01
6.4283003568e-01
6.3580441461e-01
6.2940502523e-01
6.2284317658e-01
6.1614854454e-01
6.0936366927e-01
6.0289675955e-01
5.9645923849e-01
5.9012232966e-01
5.8396752812e-01
5.7818991696e-01
5.7276628369e-01
5.6779077564e-01
5.6335699372e-01
5.5958681270e-01
5.5651524247e-01
5.5420932682e-01
5.5272114643e-01
5.5209151560e-01
5.5227958860e-01
5.5328116839e-01
5.5507429514e-01
5.5774609459e-01
5.6117544739e-01
5.6528687880e-01
5.6999430508e-01
5.7536464962e-01
5.8116378462e-01
5.8728919486e-01
5.9364341667e-01
6.0087570288e-01
6.0817257205e-01
6.1544382497e-01
6.2261780406e-01
6.3028903690e-01
6.3773408285e-01
6.4492754719e-01
6.5186185151e-01
6.5949954997e-01
6.6683371192e-01
6.7390385028e-01
6.8075703090e-01
6.9084835492e-01
7.0073316850e-01
7.1057323513e-01
7.2050957466e-01
7.2812540342e-01
7.3590277124e-01
7.4387425659e-01
7.5206459443e-01
7.5827517848e-01
7.6461850972e-01
7.7109513668e-01
7.7770190184e-01
7.8313783722e-01
7.8864730395e-01
7.9422037510e-01
7.9984317998e-01
8.0459029786e-01
8.0934489342e-01
8.1408855623e-01
8.1879806873e-01
8.2283365016e-01
8.2679845298e-01
8.3066410456e-01
8.3439622614e-01
8.3759782473e-01
8.4062275793e-01
8.4342851125e-01
8.4596477693e-01
8.4811759973e-01
8.4989478211e-01
8.5122068304e-01
8.5200667143e-01
8.5216597165e-01
8.5170392834e-01
8.5051721361e-01
8.4848764608e-01
8.4588739942e-01
8.4242080006e-01
8.3797163587e-01
8.3241125813e-01
8.2717478532e-01
8.2109204658e-01
8.1408405920e-01
8.0606729175e-01
7.9826486431e-01
7.8958618288e-01
7.7997136867e-01
7.6935985390e-01
7.5873890629e-01
7.4718964052e-01
7.3466850869e-01
7.2113471807e-01
7.0319874678e-01
6.8364479640e-01
6.6243348888e-01
6.3954693131e-01
6.2216224272e-01
6.0393849579e-01
5.8489888005e-01
5.6507745536e-01
5.4666210013e-01
5.2769579828e-01
5.0822900297e-01
4.8832087341e-01
4.6916438589e-01
4.4973842738e-01
4.3011320944e-01
4.1036435118e-01
3.8886807543e-01
3.6742766236e-01
3.4615246450e-01
3.2515186910e-01
3.0660310013e-01
2.8843692339e-01
2.7072282451e-01
2.5352429926e-01
2.3528576626e-01
2.1780164623e-01
2.0112314695e-01
1.8528864584e-01
1.6701347370e-01
1.5007421201e-01
1.3446793089e-01
1.2016983672e-01
1.0856802950e-01
9.7918920788e-02
8.8176948453e-02
7.9291962986e-02
6.9969588877e-02
6.1648061468e-02
5.4242030193e-02
4.7668092179e-02
4.0152594055e-02
3.3769107828e-02
2.8363013617e-02
2.3795876767e-02
1.9207422986e-02
1.5486544328e-02
1.2475239166e-02
1.0042049619e-02
7.9255012082e-03
6.2517309735e-03
4.9293023244e-03
3.8851765524e-03
2.8796678717e-03
2.1338639243e-03
1.5808431154e-03
1.1708325730e-03
7.5900843883e-04
4.9218396802e-04
3.1912280903e-04
2.0676747055e-04
9.5959381871e-05
4.4892646068e-05
2.0994896364e-05
9.7086760672e-06
1.4907538168e-06
4.1908802339e-07
8.2816786784e-08
6.1326203415e-08
9.4068860284e-09
2.6616468473e-09
5.8157128469e-10
7.7594725821e-10
