3.9767366226e-06
4.8225484263e-06
7.6832953152e-06
1.3757420090e-05
2.5668760945e-05
4.0126370223e-05
6.2811728968e-05
9.8405347171e-05
1.5430952349e-04
2.1637757109e-04
3.0336088029e-04
4.2530216124e-04
5.9631551720e-04
7.8206624350e-04
1.0255518958e-03
1.3447244411e-03
1.7631046706e-03
2.2172356383e-03
2.7878895549e-03
3.5048041262e-03
4.4051927331e-03
5.4521701851e-03
6.7458881475e-03
8.3435327608e-03
1.0314989698e-02
1.2415349246e-02
1.4935610351e-02
1.7956351786e-02
2.1572050434e-02
2.4971953301e-02
2.8888557486e-02
3.3393905859e-02
3.8567850799e-02
4.3356521670e-02
4.8702656133e-02
5.4661334950e-02
6.1290479611e-02
6.8145987306e-02
7.5690279332e-02
8.3974114543e-02
9.3047661505e-02
1.0384108025e-01
1.1567886686e-01
1.2861193622e-01
1.4268182848e-01
1.5544109023e-01
1.6903811556e-01
1.8347356873e-01
1.9873836799e-01
2.1357204984e-01
2.2907395680e-01
2.4521179817e-01
2.6194512218e-01
2.8605303639e-01
3.1106121032e-01
3.3679637129e-01
3.6306931073e-01
3.8282338090e-01
4.0268188109e-01
4.2256310027e-01
4.4238761197e-01
4.6613382019e-01
4.8956255492e-01
5.1256129140e-01
5.3503058377e-01
5.5826074522e-01
5.8070920166e-01
6.0230783709e-01
6.2300508961e-01
6.4369962745e-01
6.6333808896e-01
6.8190947731e-01
6.9941531728e-01
7.1652696794e-01
7.3251983147e-01
7.4742542132e-01
7.6128144602e-01
7.7602300507e-01
7.8949334010e-01
8.0176560479e-01
8.1291427073e-01
8.2614281063e-01
8.3768186661e-01
8.4769431199e-01
8.5633286420e-01
8.6521156769e-01
8.7248751275e-01
8.7836419767e-01
8.8301831644e-01
8.8661095023e-01
8.8925293750e-01
8.9104961466e-01
8.9208503570e-01
8.9241608912e-01
8.9187843328e-01
8.9050874565e-01
8.8831291120e-01
8.8522039491e-01
8.8119788099e-01
8.7615594178e-01
8.6997144550e-01
8.6455638719e-01
8.5834960085e-01
8.5126227662e-01
8.4319409280e-01
8.3596261215e-01
8.2797044333e-01
8.1915097221e-01
8.0943371439e-01
8.0013153290e-01
7.9003361919e-01
7.7908810956e-01
7.6724312003e-01
7.5528312362e-01
7.4244829710e-01
7.2870105443e-01
7.1400774008e-01
6.9682202952e-01
6.7844334075e-01
6.5885722165e-01
6.3806533468e-01
6.2046512826e-01
6.0211827767e-01
5.8305732484e-01
5.6332670759e-01
5.4543223241e-01
5.2710991728e-01
5.0841594193e-01
4.8941479342e-01
4.7035823468e-01
4.5114941598e-01
4.3187281567e-01
4.1261839853e-01
3.9346402238e-01
3.7452354618e-01
3.5589502562e-01
3.3767563209e-01
3.2029300201e-01
3.0348004586e-01
2.8731604089e-01
2.7187342912e-01
2.5587161117e-01
2.4088492742e-01
2.2697420505e-01
2.1418811660e-01
2.0215239893e-01
1.9139638969e-01
1.8193957797e-01
1.7379314007e-01
1.6714040624e-01
1.6172841639e-01
1.5755535846e-01
1.5461840710e-01
1.5293312648e-01
1.5243839485e-01
1.5313366001e-01
1.5501969812e-01
1.5897521738e-01
1.6474016285e-01
1.7231881051e-01
1.8171160211e-01
1.9055226495e-01
2.0054699271e-01
2.1168038525e-01
2.2392918040e-01
2.3603380754e-01
2.4900578145e-01
2.6280558609e-01
2.7738593475e-01
2.9508262034e-01
3.1364584835e-01
3.3296753121e-01
3.5292986676e-01
3.7119904460e-01
3.8978700171e-01
4.0860033260e-01
4.2754619126e-01
4.4915340639e-01
4.7068696087e-01
4.9202764495e-01
5.1306653181e-01
5.3500036712e-01
5.5638136570e-01
5.7712417761e-01
5.9715940477e-01
6.1802629554e-01
6.3794763185e-01
6.5689110806e-01
6.7484010694e-01
6.9221510057e-01
7.0854992291e-01
7.2386395180e-01
7.3818480109e-01
7.5310190858e-01
7.6686843024e-01
7.7954397398e-01
7.9119104256e-01
8.0481222275e-01
8.1696139494e-01
8.2777073829e-01
8.3736593740e-01
8.5088354695e-01
8.6187072022e-01
8.7072693728e-01
8.7777701874e-01
8.8231481610e-01
8.8594548832e-01
8.8874041952e-01
8.9074398974e-01
8.9187035006e-01
8.9238877930e-01
8.9227796985e-01
8.9149964262e-01
8.9000007158e-01
8.8770435278e-01
8.8451806955e-01
8.8032544639e-01
8.7597800148e-01
8.7074848095e-01
8.6453245824e-01
8.5721294074e-01
8.5066813862e-01
8.4330959602e-01
8.3506624426e-01
8.2586283203e-01
8.1700068683e-01
8.0729578323e-01
7.9669276638e-01
7.8513570779e-01
7.7365161779e-01
7.6127625683e-01
7.4796927771e-01
7.3369303498e-01
7.1729705190e-01
6.9971641956e-01
6.8092521249e-01
6.6090888736e-01
6.4341936595e-01
6.2509848233e-01
6.0596359448e-01
5.8604224946e-01
5.6687856413e-01
5.4711080787e-01
5.2678902607e-01
5.0597316139e-01
4.8679806175e-01
4.6733510736e-01
4.4764899969e-01
4.2781007330e-01
4.0414139222e-01
3.8049675285e-01
3.5701406235e-01
3.3383259087e-01
3.1520482102e-01
2.9694208798e-01
2.7911219510e-01
2.6177759964e-01
2.4315823432e-01
2.2528627565e-01
2.0821577522e-01
1.9198811082e-01
1.7219305878e-01
1.5390194570e-01
1.3711462672e-01
1.2180325652e-01
1.1024417234e-01
9.9617990644e-02
8.9880932551e-02
8.0984855231e-02
7.1691254186e-02
6.3370503674e-02
5.5942048571e-02
4.9326981084e-02
4.1746728512e-02
3.5277970328e-02
2.9773420609e-02
2.5100543684e-02
2.0322454408e-02
1.6435522274e-02
1.3279942895e-02
1.0722225505e-02
8.5207272379e-03
6.7676708213e-03
5.3729718417e-03
4.2641425782e-03
3.2007089902e-03
2.4018659798e-03
1.8019764151e-03
1.3515767768e-03
9.0629801977e-04
6.0780624324e-04
4.0757911147e-04
2.7318179217e-04
1.4752095665e-04
7.9900265424e-05
4.3317384108e-05
2.3479606753e-05
1.2898779134e-05
7.3935521187e-06
4.7611657977e-06
3.9770793357e-06
