0.0000000000e+00
7.7091809681e-03
1.5418361936e-02
2.3127542904e-02
3.0836723872e-02
3.7316780896e-02
4.3796837920e-02
5.0276894944e-02
5.6756951968e-02
6.2323601391e-02
6.7890250814e-02
7.3456900237e-02
7.9023549660e-02
8.3909868447e-02
8.8796187234e-02
9.3682506021e-02
9.8568824808e-02
1.0294803607e-01
1.0732724734e-01
1.1170645861e-01
1.1608566987e-01
1.2010232769e-01
1.2411898550e-01
1.2813564332e-01
1.3215230113e-01
1.3597720839e-01
1.3980211564e-01
1.4362702289e-01
1.4745193014e-01
1.5216981388e-01
1.5688769761e-01
1.6160558135e-01
1.6632346508e-01
1.6950395078e-01
1.7268443648e-01
1.7586492218e-01
1.7904540788e-01
1.8190627537e-01
1.8476714285e-01
1.8762801034e-01
1.9048887783e-01
1.9288980931e-01
1.9529074080e-01
1.9769167228e-01
2.0009260376e-01
2.0227325424e-01
2.0445390473e-01
2.0663455522e-01
2.0881520571e-01
2.1088261488e-01
2.1295002406e-01
2.1501743324e-01
2.1708484242e-01
2.1916926118e-01
2.2125367994e-01
2.2333809871e-01
2.2542251747e-01
2.2783111150e-01
2.3023970553e-01
2.3264829956e-01
2.3505689359e-01
2.3706214672e-01
2.3906739985e-01
2.4107265298e-01
2.4307790611e-01
2.4496882501e-01
2.4685974392e-01
2.4875066282e-01
2.5064158173e-01
2.5239988944e-01
2.5415819715e-01
2.5591650486e-01
2.5767481257e-01
2.5943204266e-01
2.6118927275e-01
2.6294650284e-01
2.6470373294e-01
2.6675493216e-01
2.6880613138e-01
2.7085733060e-01
2.7290852982e-01
2.7476255561e-01
2.7661658139e-01
2.7847060718e-01
2.8032463296e-01
2.8210118147e-01
2.8387772997e-01
2.8565427848e-01
2.8743082698e-01
2.8929734450e-01
2.9116386201e-01
2.9303037953e-01
2.9489689705e-01
2.9707706744e-01
2.9925723782e-01
3.0143740821e-01
3.0361757859e-01
3.0579699119e-01
3.0797640379e-01
3.1015581639e-01
3.1233522899e-01
3.1549085006e-01
3.1864647112e-01
3.2180209218e-01
3.2495771324e-01
3.2735935356e-01
3.2976099388e-01
3.3216263419e-01
3.3456427451e-01
3.3698807594e-01
3.3941187736e-01
3.4183567879e-01
3.4425948021e-01
3.4683496816e-01
3.4941045610e-01
3.5198594404e-01
3.5456143198e-01
3.5731254243e-01
3.6006365288e-01
3.6281476332e-01
3.6556587377e-01
3.6862346121e-01
3.7168104864e-01
3.7473863608e-01
3.7779622352e-01
3.8145682457e-01
3.8511742563e-01
3.8877802668e-01
3.9243862774e-01
3.9662236310e-01
4.0080609846e-01
4.0498983382e-01
4.0917356918e-01
4.1400319527e-01
4.1883282135e-01
4.2366244744e-01
4.2849207353e-01
4.3327104659e-01
4.3805001966e-01
4.4282899272e-01
4.4760796579e-01
4.5232446743e-01
4.5704096907e-01
4.6175747071e-01
4.6647397235e-01
4.7141462768e-01
4.7635528302e-01
4.8129593835e-01
4.8623659368e-01
4.9139434725e-01
4.9655210082e-01
5.0170985439e-01
5.0686760796e-01
5.1163923430e-01
5.1641086063e-01
5.2118248696e-01
5.2595411329e-01
5.3066841530e-01
5.3538271730e-01
5.4009701931e-01
5.4481132132e-01
5.5014024431e-01
5.5546916731e-01
5.6079809031e-01
5.6612701330e-01
5.7045756963e-01
5.7478812596e-01
5.7911868229e-01
5.8344923862e-01
5.8756809531e-01
5.9168695201e-01
5.9580580870e-01
5.9992466539e-01
6.0329501747e-01
6.0666536956e-01
6.1003572164e-01
6.1340607372e-01
6.1636679869e-01
6.1932752366e-01
6.2228824863e-01
6.2524897360e-01
6.2796566640e-01
6.3068235920e-01
6.3339905200e-01
6.3611574480e-01
6.3867708605e-01
6.4123842730e-01
6.4379976855e-01
6.4636110979e-01
6.4878204333e-01
6.5120297687e-01
6.5362391041e-01
6.5604484395e-01
6.5847987518e-01
6.6091490641e-01
6.6334993764e-01
6.6578496887e-01
6.6880404366e-01
6.7182311844e-01
6.7484219322e-01
6.7786126800e-01
6.8006161867e-01
6.8226196934e-01
6.8446232002e-01
6.8666267069e-01
6.8874476145e-01
6.9082685221e-01
6.9290894298e-01
6.9499103374e-01
6.9693494195e-01
6.9887885016e-01
7.0082275837e-01
7.0276666659e-01
7.0456317175e-01
7.0635967692e-01
7.0815618209e-01
7.0995268726e-01
7.1181388758e-01
7.1367508789e-01
7.1553628821e-01
7.1739748853e-01
7.1955829502e-01
7.2171910151e-01
7.2387990800e-01
7.2604071449e-01
7.2784423528e-01
7.2964775606e-01
7.3145127685e-01
7.3325479764e-01
7.3502042197e-01
7.3678604630e-01
7.3855167064e-01
7.4031729497e-01
7.4224476599e-01
7.4417223702e-01
7.4609970804e-01
7.4802717906e-01
7.5001352087e-01
7.5199986267e-01
7.5398620447e-01
7.5597254628e-01
7.5819303169e-01
7.6041351710e-01
7.6263400252e-01
7.6485448793e-01
7.6696572715e-01
7.6907696638e-01
7.7118820560e-01
7.7329944482e-01
7.7536420980e-01
7.7742897479e-01
7.7949373977e-01
7.8155850475e-01
7.8373313012e-01
7.8590775549e-01
7.8808238086e-01
7.9025700623e-01
7.9271574230e-01
7.9517447836e-01
7.9763321443e-01
8.0009195049e-01
8.0316151319e-01
8.0623107590e-01
8.0930063860e-01
8.1237020130e-01
8.1577859277e-01
8.1918698424e-01
8.2259537571e-01
8.2600376719e-01
8.2997679114e-01
8.3394981510e-01
8.3792283906e-01
8.4189586302e-01
8.4576110184e-01
8.4962634066e-01
8.5349157949e-01
8.5735681831e-01
8.6150459297e-01
8.6565236763e-01
8.6980014229e-01
8.7394791695e-01
8.7857069709e-01
8.8319347723e-01
8.8781625737e-01
8.9243903751e-01
8.9775245782e-01
9.0306587812e-01
9.0837929843e-01
9.1369271873e-01
9.1999715618e-01
9.2630159364e-01
9.3260603109e-01
9.3891046855e-01
9.4654665998e-01
9.5418285141e-01
9.6181904284e-01
9.6945523427e-01
9.7709142571e-01
9.8472761714e-01
9.9236380857e-01
1.0000000000e+00
