0.0000000000e+00
4.8638871121e-03
9.7277742241e-03
1.4591661336e-02
1.9455548448e-02
2.4573361759e-02
2.9691175070e-02
3.4808988380e-02
3.9926801691e-02
4.4037848097e-02
4.8148894503e-02
5.2259940909e-02
5.6370987315e-02
5.9446880171e-02
6.2522773027e-02
6.5598665883e-02
6.8674558739e-02
7.1424409225e-02
7.4174259712e-02
7.6924110199e-02
7.9673960686e-02
8.2417635795e-02
8.5161310904e-02
8.7904986013e-02
9.0648661122e-02
9.3433268827e-02
9.6217876532e-02
9.9002484237e-02
1.0178709194e-01
1.0424705529e-01
1.0670701865e-01
1.0916698200e-01
1.1162694535e-01
1.1391231367e-01
1.1619768200e-01
1.1848305032e-01
1.2076841864e-01
1.2323009806e-01
1.2569177748e-01
1.2815345691e-01
1.3061513633e-01
1.3304771955e-01
1.3548030277e-01
1.3791288599e-01
1.4034546921e-01
1.4271310536e-01
1.4508074151e-01
1.4744837766e-01
1.4981601381e-01
1.5277628811e-01
1.5573656241e-01
1.5869683671e-01
1.6165711101e-01
1.6464843750e-01
1.6763976398e-01
1.7063109047e-01
1.7362241696e-01
1.7685861188e-01
1.8009480679e-01
1.8333100171e-01
1.8656719662e-01
1.8976352251e-01
1.9295984840e-01
1.9615617429e-01
1.9935250018e-01
2.0290113501e-01
2.0644976985e-01
2.0999840468e-01
2.1354703952e-01
2.1764167620e-01
2.2173631288e-01
2.2583094957e-01
2.2992558625e-01
2.3487645913e-01
2.3982733202e-01
2.4477820490e-01
2.4972907779e-01
2.5575844732e-01
2.6178781686e-01
2.6781718640e-01
2.7384655594e-01
2.7868270993e-01
2.8351886393e-01
2.8835501793e-01
2.9319117192e-01
2.9735048836e-01
3.0150980481e-01
3.0566912125e-01
3.0982843769e-01
3.1346535281e-01
3.1710226793e-01
3.2073918306e-01
3.2437609818e-01
3.2764978114e-01
3.3092346409e-01
3.3419714705e-01
3.3747083001e-01
3.4065534807e-01
3.4383986613e-01
3.4702438419e-01
3.5020890226e-01
3.5356338550e-01
3.5691786874e-01
3.6027235198e-01
3.6362683522e-01
3.6641519869e-01
3.6920356216e-01
3.7199192563e-01
3.7478028910e-01
3.7733465267e-01
3.7988901624e-01
3.8244337982e-01
3.8499774339e-01
3.8735920089e-01
3.8972065840e-01
3.9208211590e-01
3.9444357340e-01
3.9739343537e-01
4.0034329734e-01
4.0329315930e-01
4.0624302127e-01
4.0860801828e-01
4.1097301528e-01
4.1333801229e-01
4.1570300930e-01
4.1821576368e-01
4.2072851805e-01
4.2324127243e-01
4.2575402681e-01
4.2842791434e-01
4.3110180187e-01
4.3377568940e-01
4.3644957694e-01
4.3927305196e-01
4.4209652697e-01
4.4492000199e-01
4.4774347701e-01
4.5051032779e-01
4.5327717857e-01
4.5604402935e-01
4.5881088013e-01
4.6186208894e-01
4.6491329774e-01
4.6796450654e-01
4.7101571535e-01
4.7478946261e-01
4.7856320988e-01
4.8233695714e-01
4.8611070441e-01
4.9049806220e-01
4.9488541999e-01
4.9927277778e-01
5.0366013558e-01
5.0721619450e-01
5.1077225342e-01
5.1432831234e-01
5.1788437126e-01
5.2088908612e-01
5.2389380097e-01
5.2689851582e-01
5.2990323067e-01
5.3265393286e-01
5.3540463504e-01
5.3815533723e-01
5.4090603942e-01
5.4385754581e-01
5.4680905221e-01
5.4976055861e-01
5.5271206501e-01
5.5537358436e-01
5.5803510371e-01
5.6069662306e-01
5.6335814241e-01
5.6597105432e-01
5.6858396624e-01
5.7119687816e-01
5.7380979008e-01
5.7614745094e-01
5.7848511180e-01
5.8082277265e-01
5.8316043351e-01
5.8613995832e-01
5.8911948313e-01
5.9209900793e-01
5.9507853274e-01
5.9746282784e-01
5.9984712295e-01
6.0223141806e-01
6.0461571316e-01
6.0718304888e-01
6.0975038459e-01
6.1231772031e-01
6.1488505602e-01
6.1769306386e-01
6.2050107169e-01
6.2330907953e-01
6.2611708736e-01
6.3000164039e-01
6.3388619342e-01
6.3777074645e-01
6.4165529948e-01
6.4483626812e-01
6.4801723675e-01
6.5119820539e-01
6.5437917403e-01
6.5778477315e-01
6.6119037226e-01
6.6459597138e-01
6.6800157049e-01
6.7188057151e-01
6.7575957253e-01
6.7963857356e-01
6.8351757458e-01
6.8820049518e-01
6.9288341577e-01
6.9756633637e-01
7.0224925697e-01
7.0786074659e-01
7.1347223620e-01
7.1908372582e-01
7.2469521543e-01
7.2988027660e-01
7.3506533776e-01
7.4025039892e-01
7.4543546008e-01
7.4996135683e-01
7.5448725357e-01
7.5901315032e-01
7.6353904707e-01
7.6729339129e-01
7.7104773552e-01
7.7480207974e-01
7.7855642397e-01
7.8192201344e-01
7.8528760292e-01
7.8865319239e-01
7.9201878187e-01
7.9518763061e-01
7.9835647936e-01
8.0152532811e-01
8.0469417686e-01
8.0813548181e-01
8.1157678676e-01
8.1501809172e-01
8.1845939667e-01
8.2132079129e-01
8.2418218590e-01
8.2704358052e-01
8.2990497514e-01
8.3271441519e-01
8.3552385525e-01
8.3833329531e-01
8.4114273537e-01
8.4350058444e-01
8.4585843350e-01
8.4821628257e-01
8.5057413163e-01
8.5301384249e-01
8.5545355334e-01
8.5789326419e-01
8.6033297505e-01
8.6278264627e-01
8.6523231749e-01
8.6768198872e-01
8.7013165994e-01
8.7242705793e-01
8.7472245592e-01
8.7701785391e-01
8.7931325191e-01
8.8184882451e-01
8.8438439711e-01
8.8691996971e-01
8.8945554231e-01
8.9304411231e-01
8.9663268230e-01
9.0022125229e-01
9.0380982228e-01
9.0650915802e-01
9.0920849376e-01
9.1190782950e-01
9.1460716524e-01
9.1752710561e-01
9.2044704599e-01
9.2336698637e-01
9.2628692674e-01
9.2997675387e-01
9.3366658100e-01
9.3735640813e-01
9.4104623525e-01
9.4605603670e-01
9.5106583815e-01
9.5607563960e-01
9.6108544105e-01
9.6594987673e-01
9.7081431241e-01
9.7567874809e-01
9.8054318377e-01
9.8540738783e-01
9.9027159188e-01
9.9513579594e-01
1.0000000000e+00
