2.8945149256e-01
2.8945241905e-01
2.8945519827e-01
2.8945982955e-01
2.8946631166e-01
2.8947341993e-01
2.8948191364e-01
2.8949179083e-01
2.8950304904e-01
2.8951477470e-01
2.8952769284e-01
2.8954179987e-01
2.8955709146e-01
2.8957808159e-01
2.8960093917e-01
2.8962564872e-01
2.8965219122e-01
2.8967314549e-01
2.8969509329e-01
2.8971802167e-01
2.8974191579e-01
2.8976504643e-01
2.8978898639e-01
2.8981371844e-01
2.8983922341e-01
2.8986526053e-01
2.8989201415e-01
2.8991945923e-01
2.8994756848e-01
2.8997951586e-01
2.9001220126e-01
2.9004557712e-01
2.9007959235e-01
2.9011072463e-01
2.9014228898e-01
2.9017424114e-01
2.9020653489e-01
2.9024459449e-01
2.9028297467e-01
2.9032159356e-01
2.9036036704e-01
2.9040127117e-01
2.9044214934e-01
2.9048289843e-01
2.9052341476e-01
2.9057003346e-01
2.9061603698e-01
2.9066126582e-01
2.9070556326e-01
2.9074642338e-01
2.9078618962e-01
2.9082474023e-01
2.9086195771e-01
2.9090116000e-01
2.9093847537e-01
2.9097376813e-01
2.9100691007e-01
2.9104230614e-01
2.9107450845e-01
2.9110335796e-01
2.9112870901e-01
2.9115462218e-01
2.9117495964e-01
2.9118953672e-01
2.9119819559e-01
2.9120049020e-01
2.9119306830e-01
2.9117578723e-01
2.9114856420e-01
2.9111901669e-01
2.9108286914e-01
2.9104016390e-01
2.9099096991e-01
2.9094373098e-01
2.9089187521e-01
2.9083549456e-01
2.9077469676e-01
2.9071991358e-01
2.9066214267e-01
2.9060147698e-01
2.9053801836e-01
2.9047857034e-01
2.9041703420e-01
2.9035350324e-01
2.9028807682e-01
2.9022371566e-01
2.9015780920e-01
2.9009046005e-01
2.9002177555e-01
2.8994232070e-01
2.8986145934e-01
2.8977936815e-01
2.8969622942e-01
2.8963150575e-01
2.8956635744e-01
2.8950087275e-01
2.8943514051e-01
2.8937422552e-01
2.8931324523e-01
2.8925226935e-01
2.8919136679e-01
2.8913582350e-01
2.8908044897e-01
2.8902529283e-01
2.8897040337e-01
2.8890288588e-01
2.8883593383e-01
2.8876962793e-01
2.8870404416e-01
2.8865243743e-01
2.8860136602e-01
2.8855086118e-01
2.8850095203e-01
2.8844796350e-01
2.8839572624e-01
2.8834426840e-01
2.8829361547e-01
2.8824061449e-01
2.8818857604e-01
2.8813752203e-01
2.8808747174e-01
2.8803426133e-01
2.8798227378e-01
2.8793152508e-01
2.8788202886e-01
2.8783599646e-01
2.8779112237e-01
2.8774741374e-01
2.8770487656e-01
2.8765802526e-01
2.8761269535e-01
2.8756889176e-01
2.8752661845e-01
2.8747299117e-01
2.8742205941e-01
2.8737382740e-01
2.8732829823e-01
2.8727110676e-01
2.8721885210e-01
2.8717153651e-01
2.8712916127e-01
2.8709446348e-01
2.8706396770e-01
2.8703767399e-01
2.8701558231e-01
2.8699596347e-01
2.8698153252e-01
2.8697228935e-01
2.8696823387e-01
2.8696907530e-01
2.8697428085e-01
2.8698385058e-01
2.8699778455e-01
2.8701496433e-01
2.8703604221e-01
2.8706101825e-01
2.8708989251e-01
2.8712127631e-01
2.8715625189e-01
2.8719481891e-01
2.8723697676e-01
2.8727493557e-01
2.8731539728e-01
2.8735836062e-01
2.8740382382e-01
2.8743993508e-01
2.8747747882e-01
2.8751645329e-01
2.8755685633e-01
2.8759516899e-01
2.8763467870e-01
2.8767538237e-01
2.8771727628e-01
2.8776045162e-01
2.8780481252e-01
2.8785035254e-01
2.8789706399e-01
2.8794349157e-01
2.8799100344e-01
2.8803958822e-01
2.8808923270e-01
2.8813520020e-01
2.8818201523e-01
2.8822966304e-01
2.8827812700e-01
2.8832571968e-01
2.8837403852e-01
2.8842306285e-01
2.8847276996e-01
2.8852832300e-01
2.8858463898e-01
2.8864167813e-01
2.8869939735e-01
2.8875280866e-01
2.8880671321e-01
2.8886107065e-01
2.8891583849e-01
2.8897343433e-01
2.8903137627e-01
2.8908960924e-01
2.8914807629e-01
2.8921643007e-01
2.8928492703e-01
2.8935347010e-01
2.8942196075e-01
2.8950745850e-01
2.8959252243e-01
2.8967695745e-01
2.8976057054e-01
2.8983270356e-01
2.8990394308e-01
2.8997416897e-01
2.9004326469e-01
2.9011545403e-01
2.9018610426e-01
2.9025509051e-01
2.9032229394e-01
2.9039631255e-01
2.9046773126e-01
2.9053640547e-01
2.9060220113e-01
2.9067859535e-01
2.9075029276e-01
2.9081711118e-01
2.9087889066e-01
2.9094829822e-01
2.9100952654e-01
2.9106240441e-01
2.9110680710e-01
2.9114098788e-01
2.9116745697e-01
2.9118621891e-01
2.9119731368e-01
2.9120076683e-01
2.9119886494e-01
2.9119169233e-01
2.9117935240e-01
2.9116505242e-01
2.9114726353e-01
2.9112608033e-01
2.9110160797e-01
2.9107710110e-01
2.9105015948e-01
2.9102087962e-01
2.9098936507e-01
2.9095830006e-01
2.9092550834e-01
2.9089108812e-01
2.9085514265e-01
2.9081575738e-01
2.9077493237e-01
2.9073280497e-01
2.9068951757e-01
2.9065094634e-01
2.9061170492e-01
2.9057189509e-01
2.9053162014e-01
2.9049118448e-01
2.9045049514e-01
2.9040965571e-01
2.9036876929e-01
2.9033529837e-01
2.9030192000e-01
2.9026868872e-01
2.9023565793e-01
2.9020195493e-01
2.9016857395e-01
2.9013556798e-01
2.9010298791e-01
2.9007061610e-01
2.9003877406e-01
2.9000750647e-01
2.8997685528e-01
2.8994875292e-01
2.8992125508e-01
2.8989438950e-01
2.8986818184e-01
2.8984043520e-01
2.8981352329e-01
2.8978747109e-01
2.8976230101e-01
2.8973129390e-01
2.8970181228e-01
2.8967388777e-01
2.8964754710e-01
2.8962664296e-01
2.8960688563e-01
2.8958828476e-01
2.8957084860e-01
2.8955361707e-01
2.8953771361e-01
2.8952314407e-01
2.8950991332e-01
2.8949623717e-01
2.8948437603e-01
2.8947433388e-01
2.8946611384e-01
2.8945971825e-01
2.8945514881e-01
2.8945240669e-01
2.8945149258e-01
