2.8843907477e-01
2.8844050887e-01
2.8844481095e-01
2.8845198038e-01
2.8846201605e-01
2.8847158627e-01
2.8848281871e-01
2.8849571204e-01
2.8851026456e-01
2.8852422342e-01
2.8853942623e-01
2.8855587089e-01
2.8857355483e-01
2.8859143049e-01
2.8861041036e-01
2.8863049072e-01
2.8865166715e-01
2.8868046474e-01
2.8871104834e-01
2.8874340151e-01
2.8877750418e-01
2.8880329834e-01
2.8882998785e-01
2.8885756036e-01
2.8888600184e-01
2.8891347791e-01
2.8894169113e-01
2.8897062517e-01
2.8900026193e-01
2.8903079448e-01
2.8906199703e-01
2.8909384518e-01
2.8912631244e-01
2.8916296526e-01
2.8920030043e-01
2.8923827260e-01
2.8927683318e-01
2.8931225030e-01
2.8934806773e-01
2.8938424289e-01
2.8942073139e-01
2.8946147547e-01
2.8950248297e-01
2.8954368714e-01
2.8958501959e-01
2.8963096775e-01
2.8967689102e-01
2.8972269147e-01
2.8976827064e-01
2.8982366136e-01
2.8987839225e-01
2.8993228571e-01
2.8998516751e-01
2.9003120918e-01
2.9007620025e-01
2.9012002837e-01
2.9016258518e-01
2.9020716722e-01
2.9025000593e-01
2.9029098110e-01
2.9032997915e-01
2.9037235052e-01
2.9041179925e-01
2.9044818493e-01
2.9048137912e-01
2.9051696521e-01
2.9054756997e-01
2.9057303650e-01
2.9059323158e-01
2.9060940477e-01
2.9061876364e-01
2.9062122337e-01
2.9061673323e-01
2.9060647138e-01
2.9059034409e-01
2.9056838712e-01
2.9054066044e-01
2.9051189471e-01
2.9047889230e-01
2.9044173899e-01
2.9040053543e-01
2.9036276524e-01
2.9032228030e-01
2.9027916638e-01
2.9023351725e-01
2.9019004121e-01
2.9014464812e-01
2.9009742513e-01
2.9004846492e-01
2.8999865324e-01
2.8994735099e-01
2.8989466171e-01
2.8984069366e-01
2.8978434884e-01
2.8972691138e-01
2.8966851005e-01
2.8960927718e-01
2.8955767981e-01
2.8950565376e-01
2.8945328807e-01
2.8940067239e-01
2.8935142009e-01
2.8930210119e-01
2.8925278806e-01
2.8920355227e-01
2.8915950021e-01
2.8911561700e-01
2.8907195137e-01
2.8902855071e-01
2.8898437331e-01
2.8894057046e-01
2.8889718786e-01
2.8885426909e-01
2.8881257768e-01
2.8877141133e-01
2.8873080486e-01
2.8869079078e-01
2.8865251754e-01
2.8861485751e-01
2.8857783437e-01
2.8854146985e-01
2.8850180097e-01
2.8846299703e-01
2.8842508018e-01
2.8838807014e-01
2.8834676127e-01
2.8830669109e-01
2.8826787935e-01
2.8823034293e-01
2.8819713783e-01
2.8816502105e-01
2.8813400053e-01
2.8810408307e-01
2.8807289897e-01
2.8804302437e-01
2.8801446435e-01
2.8798722312e-01
2.8795501471e-01
2.8792487987e-01
2.8789682285e-01
2.8787084690e-01
2.8784028905e-01
2.8781323318e-01
2.8778968215e-01
2.8776963794e-01
2.8775286032e-01
2.8773970768e-01
2.8773018067e-01
2.8772427969e-01
2.8772200921e-01
2.8772330066e-01
2.8772815400e-01
2.8773656906e-01
2.8774776675e-01
2.8776213076e-01
2.8777966041e-01
2.8780035472e-01
2.8781863099e-01
2.8783881869e-01
2.8786091664e-01
2.8788492332e-01
2.8790636527e-01
2.8792912752e-01
2.8795320832e-01
2.8797860551e-01
2.8800336204e-01
2.8802924855e-01
2.8805626199e-01
2.8808439870e-01
2.8811437089e-01
2.8814551087e-01
2.8817781204e-01
2.8821126657e-01
2.8824381027e-01
2.8827735923e-01
2.8831190302e-01
2.8834742962e-01
2.8838165745e-01
2.8841672598e-01
2.8845262052e-01
2.8848932454e-01
2.8852453856e-01
2.8856043412e-01
2.8859699247e-01
2.8863419302e-01
2.8868105848e-01
2.8872882529e-01
2.8877744221e-01
2.8882685333e-01
2.8886759938e-01
2.8890879632e-01
2.8895040736e-01
2.8899239386e-01
2.8903725331e-01
2.8908243893e-01
2.8912789876e-01
2.8917357912e-01
2.8922529570e-01
2.8927714155e-01
2.8932903400e-01
2.8938088919e-01
2.8944573214e-01
2.8951021567e-01
2.8957417251e-01
2.8963743684e-01
2.8969336446e-01
2.8974849077e-01
2.8980270350e-01
2.8985589346e-01
2.8991052139e-01
2.8996378748e-01
2.9001557873e-01
2.9006578721e-01
2.9012055156e-01
2.9017301888e-01
2.9022305808e-01
2.9027054722e-01
2.9032488365e-01
2.9037506818e-01
2.9042093410e-01
2.9046233434e-01
2.9050478353e-01
2.9054082299e-01
2.9057031641e-01
2.9059316064e-01
2.9060909036e-01
2.9061846602e-01
2.9062128042e-01
2.9061755620e-01
2.9060909397e-01
2.9059582488e-01
2.9057781848e-01
2.9055516178e-01
2.9053248519e-01
2.9050664022e-01
2.9047770946e-01
2.9044578504e-01
2.9041483843e-01
2.9038166604e-01
2.9034635323e-01
2.9030899170e-01
2.9027246789e-01
2.9023433851e-01
2.9019469211e-01
2.9015362181e-01
2.9010943967e-01
2.9006393409e-01
2.9001722499e-01
2.8996943666e-01
2.8992609779e-01
2.8988209844e-01
2.8983753336e-01
2.8979249883e-01
2.8974673245e-01
2.8970068874e-01
2.8965446848e-01
2.8960817217e-01
2.8957096958e-01
2.8953383357e-01
2.8949681458e-01
2.8945996212e-01
2.8942302951e-01
2.8938636359e-01
2.8935001111e-01
2.8931401711e-01
2.8927650139e-01
2.8923948060e-01
2.8920300053e-01
2.8916710431e-01
2.8913522461e-01
2.8910388176e-01
2.8907310171e-01
2.8904290855e-01
2.8901090762e-01
2.8897964660e-01
2.8894914908e-01
2.8891943637e-01
2.8888724043e-01
2.8885606869e-01
2.8882594202e-01
2.8879687867e-01
2.8876891640e-01
2.8874204529e-01
2.8871627715e-01
2.8869162213e-01
2.8866798893e-01
2.8864549473e-01
2.8862414584e-01
2.8860394761e-01
2.8858222512e-01
2.8856202469e-01
2.8854335090e-01
2.8852620746e-01
2.8850580095e-01
2.8848810707e-01
2.8847312992e-01
2.8846087252e-01
2.8845133704e-01
2.8844452499e-01
2.8844043738e-01
2.8843907478e-01
