0.0000000000e+00
1.8952171972e-02
3.7904343945e-02
5.6856515917e-02
7.5808687890e-02
8.6239317525e-02
9.6669947161e-02
1.0710057680e-01
1.1753120643e-01
1.2429563619e-01
1.3106006595e-01
1.3782449570e-01
1.4458892546e-01
1.4947576458e-01
1.5436260370e-01
1.5924944282e-01
1.6413628195e-01
1.6785568260e-01
1.7157508325e-01
1.7529448390e-01
1.7901388454e-01
1.8197563352e-01
1.8493738250e-01
1.8789913148e-01
1.9086088046e-01
1.9332887284e-01
1.9579686522e-01
1.9826485760e-01
2.0073284997e-01
2.0287141760e-01
2.0500998523e-01
2.0714855286e-01
2.0928712049e-01
2.1124897990e-01
2.1321083931e-01
2.1517269871e-01
2.1713455812e-01
2.1936462889e-01
2.2159469965e-01
2.2382477042e-01
2.2605484118e-01
2.2757081023e-01
2.2908677928e-01
2.3060274832e-01
2.3211871737e-01
2.3336910653e-01
2.3461949568e-01
2.3586988484e-01
2.3712027400e-01
2.3821522289e-01
2.3931017177e-01
2.4040512066e-01
2.4150006955e-01
2.4258253467e-01
2.4366499979e-01
2.4474746492e-01
2.4582993004e-01
2.4706086028e-01
2.4829179051e-01
2.4952272075e-01
2.5075365099e-01
2.5174554880e-01
2.5273744662e-01
2.5372934443e-01
2.5472124224e-01
2.5564745430e-01
2.5657366635e-01
2.5749987840e-01
2.5842609046e-01
2.5943605075e-01
2.6044601104e-01
2.6145597133e-01
2.6246593162e-01
2.6359461944e-01
2.6472330726e-01
2.6585199508e-01
2.6698068290e-01
2.6790894462e-01
2.6883720634e-01
2.6976546805e-01
2.7069372977e-01
2.7170124945e-01
2.7270876914e-01
2.7371628883e-01
2.7472380852e-01
2.7603512935e-01
2.7734645019e-01
2.7865777103e-01
2.7996909186e-01
2.8140325914e-01
2.8283742642e-01
2.8427159369e-01
2.8570576097e-01
2.8695085333e-01
2.8819594568e-01
2.8944103803e-01
2.9068613039e-01
2.9203548468e-01
2.9338483897e-01
2.9473419326e-01
2.9608354754e-01
2.9763398999e-01
2.9918443243e-01
3.0073487487e-01
3.0228531731e-01
3.0416388395e-01
3.0604245059e-01
3.0792101722e-01
3.0979958386e-01
3.1211680769e-01
3.1443403153e-01
3.1675125536e-01
3.1906847919e-01
3.2167531534e-01
3.2428215148e-01
3.2688898763e-01
3.2949582378e-01
3.3198911460e-01
3.3448240543e-01
3.3697569625e-01
3.3946898708e-01
3.4217171192e-01
3.4487443677e-01
3.4757716162e-01
3.5027988647e-01
3.5332287111e-01
3.5636585575e-01
3.5940884040e-01
3.6245182504e-01
3.6599121583e-01
3.6953060662e-01
3.7306999741e-01
3.7660938820e-01
3.8088626670e-01
3.8516314519e-01
3.8944002369e-01
3.9371690219e-01
3.9919596271e-01
4.0467502323e-01
4.1015408376e-01
4.1563314428e-01
4.2363645623e-01
4.3163976817e-01
4.3964308012e-01
4.4764639207e-01
4.5807443302e-01
4.6850247397e-01
4.7893051493e-01
4.8935855588e-01
4.9835782019e-01
5.0735708450e-01
5.1635634881e-01
5.2535561311e-01
5.3301656267e-01
5.4067751222e-01
5.4833846177e-01
5.5599941133e-01
5.6175675840e-01
5.6751410548e-01
5.7327145256e-01
5.7902879964e-01
5.8370177848e-01
5.8837475732e-01
5.9304773616e-01
5.9772071500e-01
6.0165202960e-01
6.0558334419e-01
6.0951465878e-01
6.1344597337e-01
6.1683809404e-01
6.2023021470e-01
6.2362233536e-01
6.2701445603e-01
6.3000603536e-01
6.3299761470e-01
6.3598919403e-01
6.3898077337e-01
6.4167734946e-01
6.4437392556e-01
6.4707050166e-01
6.4976707775e-01
6.5227021472e-01
6.5477335169e-01
6.5727648866e-01
6.5977962563e-01
6.6223165097e-01
6.6468367630e-01
6.6713570163e-01
6.6958772697e-01
6.7203735879e-01
6.7448699061e-01
6.7693662243e-01
6.7938625425e-01
6.8141253688e-01
6.8343881951e-01
6.8546510215e-01
6.8749138478e-01
6.8918927364e-01
6.9088716249e-01
6.9258505135e-01
6.9428294020e-01
6.9572167269e-01
6.9716040518e-01
6.9859913768e-01
7.0003787017e-01
7.0134945291e-01
7.0266103565e-01
7.0397261838e-01
7.0528420112e-01
7.0650616922e-01
7.0772813731e-01
7.0895010541e-01
7.1017207351e-01
7.1141875839e-01
7.1266544326e-01
7.1391212814e-01
7.1515881302e-01
7.1631289318e-01
7.1746697334e-01
7.1862105350e-01
7.1977513366e-01
7.2083832003e-01
7.2190150640e-01
7.2296469277e-01
7.2402787915e-01
7.2496663463e-01
7.2590539012e-01
7.2684414561e-01
7.2778290109e-01
7.2869209993e-01
7.2960129876e-01
7.3051049759e-01
7.3141969643e-01
7.3246235193e-01
7.3350500744e-01
7.3454766294e-01
7.3559031844e-01
7.3648109526e-01
7.3737187208e-01
7.3826264890e-01
7.3915342572e-01
7.4012550444e-01
7.4109758315e-01
7.4206966187e-01
7.4304174058e-01
7.4406567273e-01
7.4508960488e-01
7.4611353702e-01
7.4713746917e-01
7.4823054713e-01
7.4932362509e-01
7.5041670304e-01
7.5150978100e-01
7.5256545703e-01
7.5362113306e-01
7.5467680908e-01
7.5573248511e-01
7.5688671125e-01
7.5804093739e-01
7.5919516352e-01
7.6034938966e-01
7.6188489777e-01
7.6342040589e-01
7.6495591400e-01
7.6649142211e-01
7.6847441079e-01
7.7045739946e-01
7.7244038814e-01
7.7442337681e-01
7.7637470291e-01
7.7832602900e-01
7.8027735510e-01
7.8222868120e-01
7.8437684382e-01
7.8652500644e-01
7.8867316907e-01
7.9082133169e-01
7.9337781953e-01
7.9593430737e-01
7.9849079522e-01
8.0104728306e-01
8.0432710306e-01
8.0760692306e-01
8.1088674305e-01
8.1416656305e-01
8.1883672748e-01
8.2350689191e-01
8.2817705633e-01
8.3284722076e-01
8.4072034104e-01
8.4859346133e-01
8.5646658161e-01
8.6433970189e-01
8.8117358441e-01
8.9800746693e-01
9.1484134945e-01
9.3167523196e-01
9.4875642397e-01
9.6583761598e-01
9.8291880799e-01
1.0000000000e+00
