0.0000000000e+00
3.0317809436e-03
6.0635618872e-03
9.0953428308e-03
1.2127123774e-02
1.5146318455e-02
1.8165513135e-02
2.1184707816e-02
2.4203902496e-02
2.7393508619e-02
3.0583114743e-02
3.3772720866e-02
3.6962326990e-02
4.0990821958e-02
4.5019316925e-02
4.9047811893e-02
5.3076306861e-02
5.6251074048e-02
5.9425841234e-02
6.2600608420e-02
6.5775375606e-02
6.8795779322e-02
7.1816183037e-02
7.4836586753e-02
7.7856990468e-02
8.0835206493e-02
8.3813422517e-02
8.6791638542e-02
8.9769854567e-02
9.2598969426e-02
9.5428084285e-02
9.8257199144e-02
1.0108631400e-01
1.0378577097e-01
1.0648522794e-01
1.0918468491e-01
1.1188414188e-01
1.1455453465e-01
1.1722492743e-01
1.1989532020e-01
1.2256571297e-01
1.2527359189e-01
1.2798147080e-01
1.3068934971e-01
1.3339722862e-01
1.3618468013e-01
1.3897213165e-01
1.4175958316e-01
1.4454703468e-01
1.4766474212e-01
1.5078244957e-01
1.5390015701e-01
1.5701786445e-01
1.6007853661e-01
1.6313920877e-01
1.6619988092e-01
1.6926055308e-01
1.7204974426e-01
1.7483893545e-01
1.7762812663e-01
1.8041731782e-01
1.8312348887e-01
1.8582965992e-01
1.8853583096e-01
1.9124200201e-01
1.9393855643e-01
1.9663511084e-01
1.9933166526e-01
2.0202821967e-01
2.0477198637e-01
2.0751575306e-01
2.1025951976e-01
2.1300328645e-01
2.1586856957e-01
2.1873385269e-01
2.2159913581e-01
2.2446441893e-01
2.2758481785e-01
2.3070521678e-01
2.3382561570e-01
2.3694601462e-01
2.4008588165e-01
2.4322574869e-01
2.4636561572e-01
2.4950548275e-01
2.5260258490e-01
2.5569968706e-01
2.5879678921e-01
2.6189389136e-01
2.6507324327e-01
2.6825259518e-01
2.7143194709e-01
2.7461129900e-01
2.7799071544e-01
2.8137013187e-01
2.8474954831e-01
2.8812896474e-01
2.9204195303e-01
2.9595494131e-01
2.9986792959e-01
3.0378091787e-01
3.0755617739e-01
3.1133143691e-01
3.1510669642e-01
3.1888195594e-01
3.2243437423e-01
3.2598679252e-01
3.2953921081e-01
3.3309162910e-01
3.3659333896e-01
3.4009504881e-01
3.4359675866e-01
3.4709846851e-01
3.5061587937e-01
3.5413329022e-01
3.5765070107e-01
3.6116811193e-01
3.6474271789e-01
3.6831732384e-01
3.7189192980e-01
3.7546653575e-01
3.7913170003e-01
3.8279686430e-01
3.8646202857e-01
3.9012719284e-01
3.9391455307e-01
3.9770191330e-01
4.0148927353e-01
4.0527663376e-01
4.0922012536e-01
4.1316361697e-01
4.1710710857e-01
4.2105060017e-01
4.2519129617e-01
4.2933199217e-01
4.3347268817e-01
4.3761338417e-01
4.4201143600e-01
4.4640948783e-01
4.5080753967e-01
4.5520559150e-01
4.5999980836e-01
4.6479402521e-01
4.6958824207e-01
4.7438245893e-01
4.7969827464e-01
4.8501409036e-01
4.9032990608e-01
4.9564572179e-01
5.0070237666e-01
5.0575903152e-01
5.1081568639e-01
5.1587234125e-01
5.2045997232e-01
5.2504760338e-01
5.2963523445e-01
5.3422286551e-01
5.3851560608e-01
5.4280834664e-01
5.4710108721e-01
5.5139382777e-01
5.5546666697e-01
5.5953950616e-01
5.6361234536e-01
5.6768518455e-01
5.7158242302e-01
5.7547966149e-01
5.7937689997e-01
5.8327413844e-01
5.8702984913e-01
5.9078555982e-01
5.9454127051e-01
5.9829698120e-01
6.0194107473e-01
6.0558516826e-01
6.0922926179e-01
6.1287335532e-01
6.1643504156e-01
6.1999672780e-01
6.2355841404e-01
6.2712010028e-01
6.3063181055e-01
6.3414352082e-01
6.3765523109e-01
6.4116694136e-01
6.4467196772e-01
6.4817699407e-01
6.5168202042e-01
6.5518704677e-01
6.5876651958e-01
6.6234599239e-01
6.6592546521e-01
6.6950493802e-01
6.7344708324e-01
6.7738922847e-01
6.8133137370e-01
6.8527351892e-01
6.8898216177e-01
6.9269080462e-01
6.9639944747e-01
7.0010809032e-01
7.0345307134e-01
7.0679805236e-01
7.1014303338e-01
7.1348801440e-01
7.1665973497e-01
7.1983145555e-01
7.2300317612e-01
7.2617489669e-01
7.2927185515e-01
7.3236881362e-01
7.3546577208e-01
7.3856273054e-01
7.4171861402e-01
7.4487449749e-01
7.4803038096e-01
7.5118626444e-01
7.5430889221e-01
7.5743151999e-01
7.6055414777e-01
7.6367677555e-01
7.6654902568e-01
7.6942127581e-01
7.7229352593e-01
7.7516577606e-01
7.7791622305e-01
7.8066667003e-01
7.8341711702e-01
7.8616756400e-01
7.8886685622e-01
7.9156614843e-01
7.9426544064e-01
7.9696473286e-01
7.9966900131e-01
8.0237326977e-01
8.0507753822e-01
8.0778180668e-01
8.1056998253e-01
8.1335815838e-01
8.1614633423e-01
8.1893451008e-01
8.2202622076e-01
8.2511793144e-01
8.2820964212e-01
8.3130135280e-01
8.3437567658e-01
8.3745000036e-01
8.4052432415e-01
8.4359864793e-01
8.4639750605e-01
8.4919636418e-01
8.5199522231e-01
8.5479408043e-01
8.5750600421e-01
8.6021792799e-01
8.6292985176e-01
8.6564177554e-01
8.6831428325e-01
8.7098679095e-01
8.7365929866e-01
8.7633180636e-01
8.7902767609e-01
8.8172354582e-01
8.8441941555e-01
8.8711528528e-01
8.8994094436e-01
8.9276660343e-01
8.9559226251e-01
8.9841792158e-01
9.0138088570e-01
9.0434384981e-01
9.0730681393e-01
9.1026977804e-01
9.1330679109e-01
9.1634380413e-01
9.1938081718e-01
9.2241783022e-01
9.2562690088e-01
9.2883597155e-01
9.3204504221e-01
9.3525411287e-01
9.3919927106e-01
9.4314442925e-01
9.4708958743e-01
9.5103474562e-01
9.5419425344e-01
9.5735376125e-01
9.6051326907e-01
9.6367277689e-01
9.6669127350e-01
9.6970977012e-01
9.7272826674e-01
9.7574676336e-01
9.7877838906e-01
9.8181001476e-01
9.8484164046e-01
9.8787326616e-01
9.9090494962e-01
9.9393663308e-01
9.9696831654e-01
1.0000000000e+00
