0.0000000000e+00
3.4381477049e-03
6.8762954098e-03
1.0314443115e-02
1.3752590820e-02
1.6697251158e-02
1.9641911497e-02
2.2586571836e-02
2.5531232175e-02
2.8238485519e-02
3.0945738864e-02
3.3652992209e-02
3.6360245553e-02
3.9257453114e-02
4.2154660674e-02
4.5051868234e-02
4.7949075794e-02
5.0565239775e-02
5.3181403755e-02
5.5797567735e-02
5.8413731715e-02
6.1002465456e-02
6.3591199197e-02
6.6179932937e-02
6.8768666678e-02
7.1061776136e-02
7.3354885595e-02
7.5647995054e-02
7.7941104513e-02
8.0858800474e-02
8.3776496435e-02
8.6694192396e-02
8.9611888357e-02
9.1974567955e-02
9.4337247553e-02
9.6699927151e-02
9.9062606749e-02
1.0162747781e-01
1.0419234887e-01
1.0675721993e-01
1.0932209098e-01
1.1211341579e-01
1.1490474060e-01
1.1769606541e-01
1.2048739022e-01
1.2401756395e-01
1.2754773768e-01
1.3107791141e-01
1.3460808514e-01
1.3777389683e-01
1.4093970852e-01
1.4410552021e-01
1.4727133190e-01
1.5063810277e-01
1.5400487364e-01
1.5737164451e-01
1.6073841538e-01
1.6456495946e-01
1.6839150353e-01
1.7221804761e-01
1.7604459169e-01
1.8064646691e-01
1.8524834213e-01
1.8985021735e-01
1.9445209256e-01
2.0013753473e-01
2.0582297690e-01
2.1150841907e-01
2.1719386124e-01
2.2240045200e-01
2.2760704277e-01
2.3281363354e-01
2.3802022430e-01
2.4262974559e-01
2.4723926687e-01
2.5184878816e-01
2.5645830944e-01
2.6021340683e-01
2.6396850421e-01
2.6772360159e-01
2.7147869898e-01
2.7481924272e-01
2.7815978646e-01
2.8150033021e-01
2.8484087395e-01
2.8795278810e-01
2.9106470224e-01
2.9417661639e-01
2.9728853053e-01
3.0078609767e-01
3.0428366480e-01
3.0778123194e-01
3.1127879907e-01
3.1411975184e-01
3.1696070460e-01
3.1980165737e-01
3.2264261014e-01
3.2537160494e-01
3.2810059975e-01
3.3082959456e-01
3.3355858936e-01
3.3590101387e-01
3.3824343837e-01
3.4058586287e-01
3.4292828737e-01
3.4537068081e-01
3.4781307424e-01
3.5025546768e-01
3.5269786112e-01
3.5508153538e-01
3.5746520965e-01
3.5984888391e-01
3.6223255818e-01
3.6451280361e-01
3.6679304905e-01
3.6907329449e-01
3.7135353993e-01
3.7379875025e-01
3.7624396058e-01
3.7868917090e-01
3.8113438123e-01
3.8466469634e-01
3.8819501145e-01
3.9172532657e-01
3.9525564168e-01
3.9791272315e-01
4.0056980462e-01
4.0322688609e-01
4.0588396756e-01
4.0876879751e-01
4.1165362747e-01
4.1453845742e-01
4.1742328737e-01
4.2118745547e-01
4.2495162358e-01
4.2871579168e-01
4.3247995979e-01
4.3777762636e-01
4.4307529292e-01
4.4837295949e-01
4.5367062606e-01
4.5857104436e-01
4.6347146266e-01
4.6837188096e-01
4.7327229926e-01
4.7869512475e-01
4.8411795023e-01
4.8954077572e-01
4.9496360120e-01
5.0002591564e-01
5.0508823009e-01
5.1015054453e-01
5.1521285897e-01
5.2009635985e-01
5.2497986073e-01
5.2986336161e-01
5.3474686250e-01
5.3919867944e-01
5.4365049638e-01
5.4810231332e-01
5.5255413027e-01
5.5624499746e-01
5.5993586465e-01
5.6362673184e-01
5.6731759903e-01
5.7028852157e-01
5.7325944411e-01
5.7623036665e-01
5.7920128918e-01
5.8188561918e-01
5.8456994917e-01
5.8725427916e-01
5.8993860915e-01
5.9270826430e-01
5.9547791945e-01
5.9824757460e-01
6.0101722975e-01
6.0364945468e-01
6.0628167961e-01
6.0891390454e-01
6.1154612948e-01
6.1399601424e-01
6.1644589901e-01
6.1889578377e-01
6.2134566853e-01
6.2359311503e-01
6.2584056154e-01
6.2808800804e-01
6.3033545454e-01
6.3299828074e-01
6.3566110694e-01
6.3832393315e-01
6.4098675935e-01
6.4331604810e-01
6.4564533685e-01
6.4797462561e-01
6.5030391436e-01
6.5270300019e-01
6.5510208602e-01
6.5750117184e-01
6.5990025767e-01
6.6261111682e-01
6.6532197597e-01
6.6803283512e-01
6.7074369426e-01
6.7502270843e-01
6.7930172260e-01
6.8358073677e-01
6.8785975094e-01
6.9099993861e-01
6.9414012628e-01
6.9728031396e-01
7.0042050163e-01
7.0373347790e-01
7.0704645416e-01
7.1035943043e-01
7.1367240669e-01
7.1743116674e-01
7.2118992678e-01
7.2494868683e-01
7.2870744687e-01
7.3326201058e-01
7.3781657429e-01
7.4237113800e-01
7.4692570171e-01
7.5260467352e-01
7.5828364533e-01
7.6396261713e-01
7.6964158894e-01
7.7490475333e-01
7.8016791771e-01
7.8543108210e-01
7.9069424649e-01
7.9525397117e-01
7.9981369585e-01
8.0437342053e-01
8.0893314521e-01
8.1274546117e-01
8.1655777713e-01
8.2037009308e-01
8.2418240904e-01
8.2757588683e-01
8.3096936462e-01
8.3436284241e-01
8.3775632020e-01
8.4090613596e-01
8.4405595171e-01
8.4720576746e-01
8.5035558322e-01
8.5384333509e-01
8.5733108697e-01
8.6081883885e-01
8.6430659073e-01
8.6719957926e-01
8.7009256780e-01
8.7298555633e-01
8.7587854487e-01
8.7871066449e-01
8.8154278411e-01
8.8437490373e-01
8.8720702335e-01
8.8957980455e-01
8.9195258575e-01
8.9432536694e-01
8.9669814814e-01
8.9916248406e-01
9.0162681997e-01
9.0409115589e-01
9.0655549180e-01
9.0899713370e-01
9.1143877560e-01
9.1388041751e-01
9.1632205941e-01
9.1862724465e-01
9.2093242990e-01
9.2323761514e-01
9.2554280039e-01
9.2802294678e-01
9.3050309316e-01
9.3298323955e-01
9.3546338594e-01
9.3917720039e-01
9.4289101484e-01
9.4660482930e-01
9.5031864375e-01
9.5301394870e-01
9.5570925366e-01
9.5840455861e-01
9.6109986357e-01
9.6400183520e-01
9.6690380684e-01
9.6980577848e-01
9.7270775011e-01
9.7611928135e-01
9.7953081259e-01
9.8294234382e-01
9.8635387506e-01
9.8976540629e-01
9.9317693753e-01
9.9658846876e-01
1.0000000000e+00
