3.6655626406e-07
5.1283504217e-07
1.0475539852e-06
2.3759018805e-06
5.5834735052e-06
9.8696514909e-06
1.7410066295e-05
3.0715024976e-05
5.4290856080e-05
8.1557921363e-05
1.2246193313e-04
1.8387599697e-04
2.7617657265e-04
3.7772649400e-04
5.1653196869e-04
7.0630213721e-04
9.6580450648e-04
1.2473310579e-03
1.6106971636e-03
2.0796551243e-03
2.6848039054e-03
3.3529892186e-03
4.1865605424e-03
5.2260690874e-03
6.5217652941e-03
8.2947893846e-03
1.0543484830e-02
1.3391966734e-02
1.6994402799e-02
2.0101658006e-02
2.3760406654e-02
2.8061974553e-02
3.3110141793e-02
3.7541336991e-02
4.2533483703e-02
4.8148420336e-02
5.4452166166e-02
6.0851412776e-02
6.7934729106e-02
7.5758307024e-02
8.4378756884e-02
9.6297046611e-02
1.0963748694e-01
1.2449234715e-01
1.4093763435e-01
1.5382174339e-01
1.6757317261e-01
1.8219338644e-01
1.9767342723e-01
2.1397776863e-01
2.3108793529e-01
2.4895954845e-01
2.6753631574e-01
2.9268903532e-01
3.1874796985e-01
3.4551504213e-01
3.7277641539e-01
3.9360781700e-01
4.1449878240e-01
4.3535516202e-01
4.5608663936e-01
4.8076039752e-01
5.0499429877e-01
5.2866824777e-01
5.5167883598e-01
5.7587753740e-01
5.9909939868e-01
6.2127823641e-01
6.4236846985e-01
6.6235587562e-01
6.8121545527e-01
6.9895001756e-01
7.1557390625e-01
7.3246257516e-01
7.4810019259e-01
7.6253539439e-01
7.7582248616e-01
7.9074715683e-01
8.0412040499e-01
8.1605729182e-01
8.2667156108e-01
8.4017728264e-01
8.5136774117e-01
8.6055041306e-01
8.6800147403e-01
8.7443859762e-01
8.7938114399e-01
8.8306319310e-01
8.8568156160e-01
8.8733093071e-01
8.8828362988e-01
8.8863188425e-01
8.8844799613e-01
8.8769075175e-01
8.8639907326e-01
8.8459921898e-01
8.8229528651e-01
8.7962145728e-01
8.7644310645e-01
8.7270890205e-01
8.6834854572e-01
8.6374788494e-01
8.5846711811e-01
8.5240646418e-01
8.4544951260e-01
8.3896550161e-01
8.3170222086e-01
8.2356791758e-01
8.1446275035e-01
8.0628732820e-01
7.9734121423e-01
7.8756118932e-01
7.7688228672e-01
7.6627479684e-01
7.5481045891e-01
7.4244038725e-01
7.2911815112e-01
7.1545238425e-01
7.0084481054e-01
6.8526928943e-01
6.6870781068e-01
6.5185038711e-01
6.3407794487e-01
6.1540665214e-01
5.9586706349e-01
5.7744553332e-01
5.5839634951e-01
5.3878008716e-01
5.1867087718e-01
4.9969024738e-01
4.8044262864e-01
4.6101778893e-01
4.4151413761e-01
4.2014993369e-01
3.9896656142e-01
3.7811716760e-01
3.5775672111e-01
3.4075139617e-01
3.2431578555e-01
3.0853943001e-01
2.9350574326e-01
2.7745698272e-01
2.6255851559e-01
2.4889429192e-01
2.3653405205e-01
2.2537460360e-01
2.1566290735e-01
2.0743292602e-01
2.0070896526e-01
1.9509746061e-01
1.9132151575e-01
1.8938896588e-01
1.8930329163e-01
1.9082788684e-01
1.9387636068e-01
1.9844373665e-01
2.0452129003e-01
2.1191484220e-01
2.2072149111e-01
2.3091418213e-01
2.4245627637e-01
2.5403445572e-01
2.6663617125e-01
2.8020811333e-01
2.9468781074e-01
3.1058511566e-01
3.2729198469e-01
3.4471018545e-01
3.6273429801e-01
3.8086087572e-01
3.9935490274e-01
4.1810863366e-01
4.3701549441e-01
4.5732022057e-01
4.7756080126e-01
4.9762473827e-01
5.1740948068e-01
5.3883649442e-01
5.5970446523e-01
5.7992446653e-01
5.9942494628e-01
6.2061216742e-01
6.4074642152e-01
6.5979384795e-01
6.7774025633e-01
6.9452417328e-01
7.1023444482e-01
7.2489778024e-01
7.3854929832e-01
7.5315152151e-01
7.6652382381e-01
7.7874242933e-01
7.8988582750e-01
8.0352500742e-01
8.1549768282e-01
8.2599018264e-01
8.3517582323e-01
8.4629047426e-01
8.5548158058e-01
8.6308443778e-01
8.6937329156e-01
8.7366789727e-01
8.7732982994e-01
8.8042864477e-01
8.8301357471e-01
8.8496891368e-01
8.8652108397e-01
8.8766508384e-01
8.8838164568e-01
8.8863574623e-01
8.8842639895e-01
8.8769634191e-01
8.8637287125e-01
8.8445139476e-01
8.8179857853e-01
8.7829992776e-01
8.7382145739e-01
8.6919115169e-01
8.6365666441e-01
8.5710166932e-01
8.4939744815e-01
8.4252614042e-01
8.3480404194e-01
8.2615538473e-01
8.1650053966e-01
8.0716248421e-01
7.9693353580e-01
7.8575580838e-01
7.7357142690e-01
7.6097531764e-01
7.4736644459e-01
7.3270046756e-01
7.1693747901e-01
6.9822364277e-01
6.7809755266e-01
6.5654038981e-01
6.3355259082e-01
6.1497092364e-01
5.9558291319e-01
5.7542084242e-01
5.5452871184e-01
5.3555956742e-01
5.1611451870e-01
4.9624891377e-01
4.7602617301e-01
4.5576485139e-01
4.3530020936e-01
4.1471405423e-01
3.9409320619e-01
3.7309151191e-01
3.5224692713e-01
3.3165832746e-01
3.1142270174e-01
2.9244365996e-01
2.7395120414e-01
2.5601521285e-01
2.3869758020e-01
2.1996880881e-01
2.0215520677e-01
1.8530160159e-01
1.6943679473e-01
1.5348278864e-01
1.3868773953e-01
1.2503371326e-01
1.1248887638e-01
1.0127072674e-01
9.1020619223e-02
8.1685310411e-02
7.3208063866e-02
6.4000527248e-02
5.5862452602e-02
4.8691504745e-02
4.2389536464e-02
3.5132472388e-02
2.9071387301e-02
2.4024172295e-02
1.9831429992e-02
1.5984070946e-02
1.2871404345e-02
1.0357234612e-02
8.3290893701e-03
6.4903262085e-03
5.0551551342e-03
3.9358406169e-03
3.0633531975e-03
2.2136681460e-03
1.5993864078e-03
1.1553312360e-03
8.3432406552e-04
5.1287487866e-04
3.1549414567e-04
1.9405710464e-04
1.1921964524e-04
5.2957098187e-05
2.3775434622e-05
1.0670719020e-05
4.7243823677e-06
2.1020141651e-06
9.6871003961e-07
4.9772544300e-07
3.6678476684e-07
