2.8809848684e-01
2.8809906651e-01
2.8810080548e-01
2.8810370370e-01
2.8810776104e-01
2.8811205396e-01
2.8811716074e-01
2.8812308120e-01
2.8812981513e-01
2.8813588098e-01
2.8814248281e-01
2.8814962043e-01
2.8815729365e-01
2.8816444654e-01
2.8817200910e-01
2.8817998111e-01
2.8818836235e-01
2.8819637391e-01
2.8820472635e-01
2.8821341943e-01
2.8822245288e-01
2.8823121863e-01
2.8824028221e-01
2.8824964332e-01
2.8825930163e-01
2.8826880618e-01
2.8827858134e-01
2.8828862673e-01
2.8829894196e-01
2.8830927298e-01
2.8831986035e-01
2.8833070359e-01
2.8834180218e-01
2.8835325707e-01
2.8836497063e-01
2.8837694217e-01
2.8838917095e-01
2.8840301916e-01
2.8841718098e-01
2.8843165510e-01
2.8844644014e-01
2.8846062704e-01
2.8847508620e-01
2.8848981613e-01
2.8850481525e-01
2.8851885269e-01
2.8853311514e-01
2.8854760107e-01
2.8856230885e-01
2.8857638710e-01
2.8859065973e-01
2.8860512507e-01
2.8861978140e-01
2.8863483592e-01
2.8865008288e-01
2.8866552013e-01
2.8868114541e-01
2.8869568137e-01
2.8871037244e-01
2.8872521659e-01
2.8874021170e-01
2.8875526031e-01
2.8877045352e-01
2.8878578895e-01
2.8880126413e-01
2.8881798663e-01
2.8883486312e-01
2.8885189021e-01
2.8886906435e-01
2.8889127172e-01
2.8891370625e-01
2.8893635954e-01
2.8895922281e-01
2.8897746247e-01
2.8899582331e-01
2.8901430050e-01
2.8903288911e-01
2.8905053210e-01
2.8906826546e-01
2.8908608473e-01
2.8910398534e-01
2.8912208113e-01
2.8914024979e-01
2.8915848640e-01
2.8917678594e-01
2.8919607607e-01
2.8921542409e-01
2.8923482392e-01
2.8925426939e-01
2.8927656202e-01
2.8929889679e-01
2.8932126417e-01
2.8934365453e-01
2.8936562434e-01
2.8938759767e-01
2.8940956522e-01
2.8943151769e-01
2.8945432673e-01
2.8947709874e-01
2.8949982315e-01
2.8952248938e-01
2.8954841042e-01
2.8957422504e-01
2.8959991738e-01
2.8962547165e-01
2.8965102286e-01
2.8967640266e-01
2.8970159539e-01
2.8972658550e-01
2.8975011403e-01
2.8977343306e-01
2.8979652980e-01
2.8981939163e-01
2.8984194420e-01
2.8986423866e-01
2.8988626312e-01
2.8990800585e-01
2.8992998648e-01
2.8995164698e-01
2.8997297552e-01
2.8999396049e-01
2.9001550989e-01
2.9003665917e-01
2.9005739604e-01
2.9007770857e-01
2.9009903379e-01
2.9011984245e-01
2.9014012107e-01
2.9015985662e-01
2.9018004587e-01
2.9019960437e-01
2.9021851854e-01
2.9023677537e-01
2.9025590928e-01
2.9027423225e-01
2.9029172971e-01
2.9030838782e-01
2.9032557326e-01
2.9034173022e-01
2.9035684393e-01
2.9037090069e-01
2.9038485470e-01
2.9039755140e-01
2.9040897771e-01
2.9041912190e-01
2.9042883057e-01
2.9043694814e-01
2.9044346462e-01
2.9044837202e-01
2.9045170774e-01
2.9045336684e-01
2.9045334725e-01
2.9045164897e-01
2.9044862354e-01
2.9044419571e-01
2.9043837018e-01
2.9043115316e-01
2.9042323702e-01
2.9041414186e-01
2.9040387608e-01
2.9039244922e-01
2.9038067122e-01
2.9036788852e-01
2.9035411178e-01
2.9033935259e-01
2.9032506466e-01
2.9030998209e-01
2.9029411563e-01
2.9027747667e-01
2.9026124138e-01
2.9024435246e-01
2.9022682073e-01
2.9020865757e-01
2.9019094854e-01
2.9017269811e-01
2.9015391706e-01
2.9013461658e-01
2.9011585773e-01
2.9009665302e-01
2.9007701299e-01
2.9005694850e-01
2.9003724295e-01
2.9001716465e-01
2.8999672412e-01
2.8997593214e-01
2.8995521869e-01
2.8993418876e-01
2.8991285324e-01
2.8989122328e-01
2.8986901741e-01
2.8984653291e-01
2.8982378207e-01
2.8980077736e-01
2.8977114534e-01
2.8974114919e-01
2.8971081607e-01
2.8968017356e-01
2.8965637119e-01
2.8963241475e-01
2.8960831734e-01
2.8958409212e-01
2.8956209315e-01
2.8954001043e-01
2.8951785387e-01
2.8949563339e-01
2.8947369455e-01
2.8945171285e-01
2.8942969779e-01
2.8940765887e-01
2.8938639220e-01
2.8936512060e-01
2.8934385249e-01
2.8932259626e-01
2.8930321724e-01
2.8928386129e-01
2.8926453465e-01
2.8924524346e-01
2.8922679918e-01
2.8920839836e-01
2.8919004623e-01
2.8917174798e-01
2.8915357746e-01
2.8913547044e-01
2.8911743181e-01
2.8909946639e-01
2.8908056450e-01
2.8906175512e-01
2.8904304361e-01
2.8902443519e-01
2.8900337502e-01
2.8898246254e-01
2.8896170489e-01
2.8894110896e-01
2.8892340166e-01
2.8890582498e-01
2.8888838297e-01
2.8887107958e-01
2.8885496825e-01
2.8883898544e-01
2.8882313408e-01
2.8880741702e-01
2.8879179313e-01
2.8877630971e-01
2.8876096929e-01
2.8874577435e-01
2.8872910828e-01
2.8871262681e-01
2.8869633287e-01
2.8868022924e-01
2.8866471921e-01
2.8864939481e-01
2.8863425825e-01
2.8861931162e-01
2.8860380987e-01
2.8858852228e-01
2.8857345091e-01
2.8855859770e-01
2.8854174753e-01
2.8852519231e-01
2.8850893445e-01
2.8849297620e-01
2.8847793006e-01
2.8846316404e-01
2.8844867973e-01
2.8843447859e-01
2.8842133590e-01
2.8840844774e-01
2.8839581508e-01
2.8838343884e-01
2.8837139137e-01
2.8835959886e-01
2.8834806200e-01
2.8833678145e-01
2.8832545295e-01
2.8831439655e-01
2.8830361278e-01
2.8829310217e-01
2.8828232508e-01
2.8827185216e-01
2.8826168389e-01
2.8825182068e-01
2.8824149333e-01
2.8823152395e-01
2.8822191293e-01
2.8821266064e-01
2.8820264770e-01
2.8819309269e-01
2.8818399597e-01
2.8817535787e-01
2.8816469386e-01
2.8815482448e-01
2.8814575023e-01
2.8813747151e-01
2.8812843108e-01
2.8812058085e-01
2.8811392125e-01
2.8810845260e-01
2.8810409273e-01
2.8810097839e-01
2.8809910974e-01
2.8809848684e-01
