2.8702810339e-01
2.8703022003e-01
2.8703656998e-01
2.8704715328e-01
2.8706197000e-01
2.8708058258e-01
2.8710325511e-01
2.8712998763e-01
2.8716078008e-01
2.8719096612e-01
2.8722424306e-01
2.8726061046e-01
2.8730006760e-01
2.8733470703e-01
2.8737142009e-01
2.8741020560e-01
2.8745106201e-01
2.8748623973e-01
2.8752281733e-01
2.8756079295e-01
2.8760016430e-01
2.8763753107e-01
2.8767606883e-01
2.8771577434e-01
2.8775664370e-01
2.8780313519e-01
2.8785103348e-01
2.8790032941e-01
2.8795101194e-01
2.8799647122e-01
2.8804297094e-01
2.8809049904e-01
2.8813904153e-01
2.8818554177e-01
2.8823290755e-01
2.8828112175e-01
2.8833016518e-01
2.8837695306e-01
2.8842443350e-01
2.8847258484e-01
2.8852138339e-01
2.8858112003e-01
2.8864171265e-01
2.8870310706e-01
2.8876524448e-01
2.8881787588e-01
2.8887094559e-01
2.8892441184e-01
2.8897823089e-01
2.8903899812e-01
2.8910008540e-01
2.8916142347e-01
2.8922294105e-01
2.8928967617e-01
2.8935644166e-01
2.8942314174e-01
2.8948967983e-01
2.8957135378e-01
2.8965245295e-01
2.8973279798e-01
2.8981221234e-01
2.8988306686e-01
2.8995289519e-01
2.9002157681e-01
2.9008899525e-01
2.9016076188e-01
2.9023076359e-01
2.9029886927e-01
2.9036495486e-01
2.9043822367e-01
2.9050850751e-01
2.9057565361e-01
2.9063952174e-01
2.9071349762e-01
2.9078209356e-01
2.9084512336e-01
2.9090242741e-01
2.9096833894e-01
2.9102405404e-01
2.9106940944e-01
2.9110431005e-01
2.9112473315e-01
2.9113842166e-01
2.9114541934e-01
2.9114579774e-01
2.9114088790e-01
2.9113121494e-01
2.9111687602e-01
2.9109798495e-01
2.9107855189e-01
2.9105604502e-01
2.9103056226e-01
2.9100221079e-01
2.9097438417e-01
2.9094442640e-01
2.9091243478e-01
2.9087851282e-01
2.9084428187e-01
2.9080847946e-01
2.9077121243e-01
2.9073259247e-01
2.9068820137e-01
2.9064244747e-01
2.9059550282e-01
2.9054754473e-01
2.9050913045e-01
2.9047028945e-01
2.9043111323e-01
2.9039169379e-01
2.9035518485e-01
2.9031861951e-01
2.9028206940e-01
2.9024560530e-01
2.9021193508e-01
2.9017845306e-01
2.9014521228e-01
2.9011226430e-01
2.9007206017e-01
2.9003246819e-01
2.8999357338e-01
2.8995545562e-01
2.8992585514e-01
2.8989682381e-01
2.8986839389e-01
2.8984059537e-01
2.8981164814e-01
2.8978348302e-01
2.8975612820e-01
2.8972960923e-01
2.8970175915e-01
2.8967494999e-01
2.8964920497e-01
2.8962454442e-01
2.8960027587e-01
2.8957719550e-01
2.8955531779e-01
2.8953465511e-01
2.8951529649e-01
2.8949716203e-01
2.8948025919e-01
2.8946459425e-01
2.8944853533e-01
2.8943403988e-01
2.8942111286e-01
2.8940975827e-01
2.8939811344e-01
2.8938878542e-01
2.8938177747e-01
2.8937709183e-01
2.8937477622e-01
2.8937461512e-01
2.8937660855e-01
2.8938075598e-01
2.8938597935e-01
2.8939275982e-01
2.8940109586e-01
2.8941098548e-01
2.8942121079e-01
2.8943268977e-01
2.8944541963e-01
2.8945939694e-01
2.8947476003e-01
2.8949138386e-01
2.8950926238e-01
2.8952838834e-01
2.8954824016e-01
2.8956926161e-01
2.8959144168e-01
2.8961476751e-01
2.8963698089e-01
2.8966011814e-01
2.8968416454e-01
2.8970910348e-01
2.8973297510e-01
2.8975757931e-01
2.8978289775e-01
2.8980891015e-01
2.8983890579e-01
2.8986971324e-01
2.8990129473e-01
2.8993360911e-01
2.8996417689e-01
2.8999529796e-01
2.9002693177e-01
2.9005903535e-01
2.9009209666e-01
2.9012554665e-01
2.9015933336e-01
2.9019340290e-01
2.9023262921e-01
2.9027206670e-01
2.9031162754e-01
2.9035122221e-01
2.9039711332e-01
2.9044278417e-01
2.9048809098e-01
2.9053289039e-01
2.9057632054e-01
2.9061898912e-01
2.9066076551e-01
2.9070152219e-01
2.9074234533e-01
2.9078182151e-01
2.9081982444e-01
2.9085623312e-01
2.9089515409e-01
2.9093175421e-01
2.9096588697e-01
2.9099741532e-01
2.9103264506e-01
2.9106346783e-01
2.9108968388e-01
2.9111111504e-01
2.9113008649e-01
2.9114190991e-01
2.9114640117e-01
2.9114341427e-01
2.9113216323e-01
2.9111252201e-01
2.9108445167e-01
2.9104795617e-01
2.9101141402e-01
2.9096918209e-01
2.9092133030e-01
2.9086794978e-01
2.9081882838e-01
2.9076595099e-01
2.9070940860e-01
2.9064930400e-01
2.9059295702e-01
2.9053397276e-01
2.9047244797e-01
2.9040848731e-01
2.9034855884e-01
2.9028681442e-01
2.9022334874e-01
2.9015826177e-01
2.9009108944e-01
2.9002248841e-01
2.8995257676e-01
2.8988147733e-01
2.8981354402e-01
2.8974477948e-01
2.8967529591e-01
2.8960520781e-01
2.8954023213e-01
2.8947493425e-01
2.8940940641e-01
2.8934374096e-01
2.8928689997e-01
2.8923008390e-01
2.8917335108e-01
2.8911675887e-01
2.8906160879e-01
2.8900669820e-01
2.8895207687e-01
2.8889779292e-01
2.8883819995e-01
2.8877913608e-01
2.8872065792e-01
2.8866281869e-01
2.8861296105e-01
2.8856365753e-01
2.8851493682e-01
2.8846682554e-01
2.8841530280e-01
2.8836455638e-01
2.8831461245e-01
2.8826549459e-01
2.8821141898e-01
2.8815843531e-01
2.8810656672e-01
2.8805583335e-01
2.8800689884e-01
2.8795910107e-01
2.8791245236e-01
2.8786696321e-01
2.8782198375e-01
2.8777821606e-01
2.8773566676e-01
2.8769434136e-01
2.8764770594e-01
2.8760274673e-01
2.8755946851e-01
2.8751787506e-01
2.8746687098e-01
2.8741866248e-01
2.8737325311e-01
2.8733064543e-01
2.8728261482e-01
2.8723873123e-01
2.8719899604e-01
2.8716341007e-01
2.8713169717e-01
2.8710421274e-01
2.8708095684e-01
2.8706192943e-01
2.8704713045e-01
2.8703655982e-01
2.8703021747e-01
2.8702810336e-01
