5.9806044183e-08
8.3942440518e-08
1.7232292624e-07
3.9260717928e-07
9.2691131945e-07
1.6409934343e-06
2.8990506558e-06
5.1221955904e-06
9.0676930710e-06
1.3902145438e-05
2.1301538042e-05
3.2639003592e-05
5.0032957414e-05
6.9087188077e-05
9.5383733241e-05
1.3168783474e-04
1.8182722392e-04
2.3555882834e-04
3.0514896845e-04
3.9528801624e-04
5.1205654559e-04
6.3570156123e-04
7.8916038825e-04
9.7962070870e-04
1.2159992130e-03
1.4654954905e-03
1.7660598506e-03
2.1281108050e-03
2.5641736979e-03
3.0280988540e-03
3.5755841198e-03
4.2215538802e-03
4.9835447611e-03
5.8276991515e-03
6.8136504369e-03
7.9648068369e-03
9.3082842574e-03
1.0929003287e-02
1.2827487945e-02
1.5049718600e-02
1.7648654791e-02
1.9945583215e-02
2.2533127841e-02
2.5445761630e-02
2.8721401362e-02
3.1765222985e-02
3.5117310245e-02
3.8805679734e-02
4.2860172166e-02
4.6715000583e-02
5.0893572306e-02
5.5418734665e-02
6.0314123705e-02
6.5251878846e-02
7.0555394975e-02
7.6245166824e-02
8.2341705036e-02
8.9026734053e-02
9.6180845324e-02
1.0382450014e-01
1.1197695120e-01
1.2067222013e-01
1.2991159306e-01
1.3970821410e-01
1.5007221420e-01
1.5974001372e-01
1.6986107810e-01
1.8043475673e-01
1.9145749996e-01
2.0235074985e-01
2.1363576883e-01
2.2530144590e-01
2.3733394363e-01
2.5007046767e-01
2.6315635077e-01
2.7656787805e-01
2.9027871857e-01
3.0782924979e-01
3.2574312531e-01
3.4395539686e-01
3.6239821698e-01
3.7683865559e-01
3.9134331647e-01
4.0587950562e-01
4.2041500565e-01
4.3578051702e-01
4.5107379816e-01
4.6626034190e-01
4.8130751135e-01
4.9830369562e-01
5.1503567145e-01
5.3146541344e-01
5.4755904163e-01
5.6423497074e-01
5.8046869759e-01
5.9623489019e-01
6.1151305562e-01
6.2774558495e-01
6.4335246661e-01
6.5832404988e-01
6.7265578316e-01
6.8574667331e-01
6.9825725899e-01
7.1019378057e-01
7.2156495270e-01
7.3306165359e-01
7.4394514003e-01
7.5423244437e-01
7.6394203953e-01
7.7401526238e-01
7.8343555159e-01
7.9223109313e-01
8.0043046295e-01
8.0964215596e-01
8.1806529913e-01
8.2575010746e-01
8.3274544226e-01
8.4080922660e-01
8.4790496084e-01
8.5412273126e-01
8.5954664017e-01
8.6442178821e-01
8.6860566833e-01
8.7217204545e-01
8.7518825476e-01
8.7784337179e-01
8.8001859274e-01
8.8177265618e-01
8.8315831774e-01
8.8423369553e-01
8.8502406417e-01
8.8556855314e-01
8.8590205112e-01
8.8606068026e-01
8.8604543520e-01
8.8588651485e-01
8.8561051969e-01
8.8519681662e-01
8.8469605479e-01
8.8413230188e-01
8.8352641195e-01
8.8281283921e-01
8.8209072696e-01
8.8137906355e-01
8.8069388576e-01
8.7995259002e-01
8.7928177792e-01
8.7869534792e-01
8.7820432120e-01
8.7778962748e-01
8.7750491038e-01
8.7735536448e-01
8.7734363182e-01
8.7745197419e-01
8.7767176143e-01
8.7799975733e-01
8.7843093973e-01
8.7889208313e-01
8.7942215453e-01
8.8001349388e-01
8.8065677241e-01
8.8126747397e-01
8.8190132615e-01
8.8254721099e-01
8.8319218483e-01
8.8376525455e-01
8.8431220484e-01
8.8481818036e-01
8.8526621923e-01
8.8561333940e-01
8.8587642738e-01
8.8603568769e-01
8.8606878552e-01
8.8595727202e-01
8.8567890078e-01
8.8520500846e-01
8.8450347003e-01
8.8355667983e-01
8.8231677528e-01
8.8074113243e-01
8.7878228775e-01
8.7658910430e-01
8.7397893359e-01
8.7090144719e-01
8.6730148625e-01
8.6368069748e-01
8.5957138201e-01
8.5492665844e-01
8.4969629028e-01
8.4479331125e-01
8.3940218214e-01
8.3348722837e-01
8.2701117036e-01
8.2089281143e-01
8.1429440396e-01
8.0718894104e-01
7.9954889075e-01
7.9206852503e-01
7.8409604173e-01
7.7561002871e-01
7.6658932057e-01
7.5756180375e-01
7.4802218301e-01
7.3795440495e-01
7.2734346170e-01
7.1586498270e-01
7.0378597181e-01
6.9109560700e-01
6.7778570891e-01
6.6359236620e-01
6.4874994102e-01
6.3326135440e-01
6.1713455687e-01
6.0326191992e-01
5.8896907822e-01
5.7427021735e-01
5.5918289541e-01
5.4430219223e-01
5.2910269022e-01
5.1360973328e-01
4.9785193675e-01
4.8374645501e-01
4.6948336161e-01
4.5508848150e-01
4.4058936386e-01
4.2557876401e-01
4.1052188400e-01
3.9545336849e-01
3.8040885073e-01
3.6462965180e-01
3.4896010259e-01
3.3344274293e-01
3.1811940889e-01
3.0455994923e-01
2.9121790279e-01
2.7812003078e-01
2.6529139727e-01
2.5174098364e-01
2.3855930379e-01
2.2576965845e-01
2.1339202397e-01
2.0049246660e-01
1.8811015586e-01
1.7625679996e-01
1.6493961185e-01
1.5265279245e-01
1.4106953531e-01
1.3018183885e-01
1.1997637602e-01
1.1159227972e-01
1.0370247793e-01
9.6290831595e-02
8.9339780610e-02
8.2468432497e-02
7.6068480454e-02
7.0116412529e-02
6.4588473201e-02
5.8681720832e-02
5.3276258007e-02
4.8336583482e-02
4.3828398931e-02
3.8790583079e-02
3.4306100291e-02
3.0319905508e-02
2.6781121207e-02
2.2601600793e-02
1.9058821854e-02
1.6060308507e-02
1.3525646786e-02
1.1556501768e-02
9.8706037539e-03
8.4281295243e-03
7.1945970375e-03
6.0392803442e-03
5.0683731490e-03
4.2527544314e-03
3.5678042767e-03
2.9054711348e-03
2.3657713318e-03
1.9260906207e-03
1.5679502642e-03
1.2162277162e-03
9.4334593261e-04
7.3163618494e-04
5.6738384990e-04
4.0452045759e-04
2.8843051534e-04
2.0564792771e-04
1.4659456203e-04
8.9252794780e-05
5.4390545440e-05
3.3144623756e-05
2.0171948397e-05
8.8994539114e-06
3.9702988959e-06
1.7706405418e-06
7.7852434825e-07
3.4547665700e-07
1.5879325658e-07
8.1355322101e-08
5.9846588959e-08
