2.8015615289e-01
2.8017503071e-01
2.8023166672e-01
2.8032606855e-01
2.8045824893e-01
2.8057286778e-01
2.8070589669e-01
2.8085734439e-01
2.8102722083e-01
2.8117066690e-01
2.8132506269e-01
2.8149041422e-01
2.8166672792e-01
2.8181888331e-01
2.8197836111e-01
2.8214516545e-01
2.8231930062e-01
2.8247524836e-01
2.8263664651e-01
2.8280349810e-01
2.8297580621e-01
2.8315804479e-01
2.8334602002e-01
2.8353973512e-01
2.8373919308e-01
2.8389568069e-01
2.8405553266e-01
2.8421874959e-01
2.8438533160e-01
2.8452026105e-01
2.8465731934e-01
2.8479650530e-01
2.8493781716e-01
2.8506091630e-01
2.8518558041e-01
2.8531180658e-01
2.8543959106e-01
2.8556692055e-01
2.8569575029e-01
2.8582607317e-01
2.8595788041e-01
2.8608760574e-01
2.8621871557e-01
2.8635119545e-01
2.8648502817e-01
2.8661859497e-01
2.8675343993e-01
2.8688953602e-01
2.8702685200e-01
2.8714801439e-01
2.8727005672e-01
2.8739294865e-01
2.8751665660e-01
2.8765648953e-01
2.8779724712e-01
2.8793886637e-01
2.8808127879e-01
2.8821097333e-01
2.8834120019e-01
2.8847189751e-01
2.8860300038e-01
2.8876060309e-01
2.8891857006e-01
2.8907677596e-01
2.8923509207e-01
2.8941115497e-01
2.8958700903e-01
2.8976247066e-01
2.8993735671e-01
2.9011123338e-01
2.9028417752e-01
2.9045601544e-01
2.9062657823e-01
2.9080520467e-01
2.9098204042e-01
2.9115690854e-01
2.9132964071e-01
2.9152389130e-01
2.9171493242e-01
2.9190255722e-01
2.9208657407e-01
2.9232466585e-01
2.9255573494e-01
2.9277945078e-01
2.9299552248e-01
2.9327293704e-01
2.9353562529e-01
2.9378316773e-01
2.9401523267e-01
2.9421595236e-01
2.9440305565e-01
2.9457644042e-01
2.9473604663e-01
2.9489336288e-01
2.9503451030e-01
2.9515955943e-01
2.9526862930e-01
2.9535698552e-01
2.9543146669e-01
2.9549229877e-01
2.9553975446e-01
2.9556803312e-01
2.9558832474e-01
2.9560083776e-01
2.9560580619e-01
2.9560447543e-01
2.9559851091e-01
2.9558807963e-01
2.9557336279e-01
2.9555679559e-01
2.9553712942e-01
2.9551452318e-01
2.9548914585e-01
2.9546257398e-01
2.9543381593e-01
2.9540304314e-01
2.9537043501e-01
2.9533649973e-01
2.9530113507e-01
2.9526453598e-01
2.9522690277e-01
2.9519226764e-01
2.9515711093e-01
2.9512158615e-01
2.9508584728e-01
2.9505484744e-01
2.9502390118e-01
2.9499310610e-01
2.9496255799e-01
2.9493156188e-01
2.9490102247e-01
2.9487103421e-01
2.9484168747e-01
2.9481414072e-01
2.9478733950e-01
2.9476135166e-01
2.9473624052e-01
2.9471142384e-01
2.9468765228e-01
2.9466497910e-01
2.9464345253e-01
2.9462179209e-01
2.9460153371e-01
2.9458271854e-01
2.9456538242e-01
2.9454921951e-01
2.9453466329e-01
2.9452173778e-01
2.9451046301e-01
2.9450100620e-01
2.9449317270e-01
2.9448697265e-01
2.9448241374e-01
2.9447951228e-01
2.9447824392e-01
2.9447861015e-01
2.9448061053e-01
2.9448438424e-01
2.9448988991e-01
2.9449712044e-01
2.9450606618e-01
2.9451641294e-01
2.9452835981e-01
2.9454188936e-01
2.9455698070e-01
2.9457266777e-01
2.9458970524e-01
2.9460806492e-01
2.9462771454e-01
2.9464761001e-01
2.9466860830e-01
2.9469066958e-01
2.9471374971e-01
2.9473919653e-01
2.9476566439e-01
2.9479308487e-01
2.9482138395e-01
2.9484919942e-01
2.9487767188e-01
2.9490672319e-01
2.9493627136e-01
2.9497031595e-01
2.9500476107e-01
2.9503947273e-01
2.9507431360e-01
2.9512747968e-01
2.9518011547e-01
2.9523171504e-01
2.9528177751e-01
2.9531816994e-01
2.9535320814e-01
2.9538669440e-01
2.9541843773e-01
2.9545120245e-01
2.9548138929e-01
2.9550877514e-01
2.9553314923e-01
2.9555852970e-01
2.9557879307e-01
2.9559363031e-01
2.9560275818e-01
2.9560554536e-01
2.9559668703e-01
2.9557567366e-01
2.9554206342e-01
2.9549214806e-01
2.9542720840e-01
2.9534692163e-01
2.9525102362e-01
2.9514856553e-01
2.9503252485e-01
2.9490281052e-01
2.9475936638e-01
2.9459196941e-01
2.9440908287e-01
2.9421077535e-01
2.9399716843e-01
2.9381183438e-01
2.9361657922e-01
2.9341156315e-01
2.9319698084e-01
2.9302371269e-01
2.9284492980e-01
2.9266077494e-01
2.9247140835e-01
2.9230598008e-01
2.9213701523e-01
2.9196464674e-01
2.9178901881e-01
2.9162793207e-01
2.9146444270e-01
2.9129868143e-01
2.9113078707e-01
2.9095895229e-01
2.9078524564e-01
2.9060983517e-01
2.9043289649e-01
2.9027290882e-01
2.9011197325e-01
2.8995022980e-01
2.8978782144e-01
2.8963143767e-01
2.8947470490e-01
2.8931775337e-01
2.8916071308e-01
2.8902832988e-01
2.8889605159e-01
2.8876395313e-01
2.8863210770e-01
2.8848279864e-01
2.8833400791e-01
2.8818583128e-01
2.8803835943e-01
2.8791302257e-01
2.8778831175e-01
2.8766427338e-01
2.8754095056e-01
2.8740571984e-01
2.8727145791e-01
2.8713820880e-01
2.8700601185e-01
2.8686401560e-01
2.8672333429e-01
2.8658400163e-01
2.8644604657e-01
2.8631070508e-01
2.8617676112e-01
2.8604423173e-01
2.8591313110e-01
2.8577674726e-01
2.8564196928e-01
2.8550880625e-01
2.8537726541e-01
2.8520862440e-01
2.8504274652e-01
2.8487963871e-01
2.8471930581e-01
2.8449884932e-01
2.8428387607e-01
2.8407438825e-01
2.8387038592e-01
2.8367446950e-01
2.8348389055e-01
2.8329864660e-01
2.8311873488e-01
2.8291390964e-01
2.8271645483e-01
2.8252636560e-01
2.8234363716e-01
2.8211518142e-01
2.8189936348e-01
2.8169617376e-01
2.8150560319e-01
2.8124244388e-01
2.8100784879e-01
2.8080179410e-01
2.8062425888e-01
2.8040211498e-01
2.8025085673e-01
2.8017044590e-01
2.8016086214e-01
2.8019588635e-01
2.8026508372e-01
2.8036846269e-01
2.8050603588e-01
2.8062546474e-01
2.8076241507e-01
2.8091689542e-01
2.8108891543e-01
2.8123414518e-01
2.8138989965e-01
2.8155618467e-01
2.8173300645e-01
2.8188577384e-01
2.8204562591e-01
2.8221256667e-01
2.8238660026e-01
2.8254325107e-01
2.8270524093e-01
2.8287257281e-01
2.8304524968e-01
2.8323045952e-01
2.8342145420e-01
2.8361823690e-01
2.8382081054e-01
2.8397532778e-01
2.8413305442e-01
2.8429399082e-01
2.8445813682e-01
2.8459131653e-01
2.8472653540e-01
2.8486379205e-01
2.8500308447e-01
2.8512554675e-01
2.8524953596e-01
2.8537504888e-01
2.8550208143e-01
2.8563054025e-01
2.8576050506e-01
2.8589196790e-01
2.8602491896e-01
2.8615429284e-01
2.8628502179e-01
2.8641709039e-01
2.8655048036e-01
2.8667993590e-01
2.8681057027e-01
2.8694235761e-01
2.8707526818e-01
2.8719718667e-01
2.8731997894e-01
2.8744361303e-01
2.8756805366e-01
2.8770635229e-01
2.8784552987e-01
2.8798552402e-01
2.8812626726e-01
2.8825642739e-01
2.8838710073e-01
2.8851822392e-01
2.8864973065e-01
2.8880513332e-01
2.8896085568e-01
2.8911677686e-01
2.8927277306e-01
2.8945276110e-01
2.8963248545e-01
2.8981174983e-01
2.8999035887e-01
2.9016371593e-01
2.9033609027e-01
2.9050731034e-01
2.9067720957e-01
2.9085706243e-01
2.9103503622e-01
2.9121095142e-01
2.9138463758e-01
2.9158094941e-01
2.9177388758e-01
2.9196324045e-01
2.9214881246e-01
2.9239080864e-01
2.9262533233e-01
2.9285204102e-01
2.9307063497e-01
2.9336821676e-01
2.9364809736e-01
2.9390977959e-01
2.9415288413e-01
2.9434693504e-01
2.9452691264e-01
2.9469274147e-01
2.9484438813e-01
2.9499011577e-01
2.9511986323e-01
2.9523373206e-01
2.9533187185e-01
2.9540836092e-01
2.9547192735e-01
2.9552280496e-01
2.9556127125e-01
2.9558306748e-01
2.9559752558e-01
2.9560484975e-01
2.9560526776e-01
2.9560066588e-01
2.9559178275e-01
2.9557878169e-01
2.9556183914e-01
2.9554332012e-01
2.9552189430e-01
2.9549772081e-01
2.9547096840e-01
2.9544295307e-01
2.9541288169e-01
2.9538092961e-01
2.9534727979e-01
2.9531287673e-01
2.9527721345e-01
2.9524047972e-01
2.9520286979e-01
2.9516831683e-01
2.9513335784e-01
2.9509814079e-01
2.9506281351e-01
2.9503225934e-01
2.9500182678e-01
2.9497160837e-01
2.9494169456e-01
2.9491076925e-01
2.9488037294e-01
2.9485059940e-01
2.9482153788e-01
2.9479469178e-01
2.9476863094e-01
2.9474341877e-01
2.9471911419e-01
2.9469448256e-01
2.9467098315e-01
2.9464866895e-01
2.9462758762e-01
2.9460669477e-01
2.9458727047e-01
2.9456935331e-01
2.9455297661e-01
2.9453810034e-01
2.9452483311e-01
2.9451319561e-01
2.9450320498e-01
2.9449496253e-01
2.9448835323e-01
2.9448338540e-01
2.9448006509e-01
2.9447840078e-01
2.9447837221e-01
2.9447997939e-01
2.9448322048e-01
2.9448837416e-01
2.9449531594e-01
2.9450403631e-01
2.9451452282e-01
2.9452608506e-01
2.9453920523e-01
2.9455386364e-01
2.9457003698e-01
2.9458623820e-01
2.9460367500e-01
2.9462231922e-01
2.9464213897e-01
2.9466325511e-01
2.9468548652e-01
2.9470878757e-01
2.9473310788e-01
2.9475887545e-01
2.9478557997e-01
2.9481315259e-01
2.9484151933e-01
2.9487003854e-01
2.9489916697e-01
2.9492882175e-01
2.9495891633e-01
2.9499395705e-01
2.9502931948e-01
2.9506485857e-01
2.9510042631e-01
2.9515096440e-01
2.9520081519e-01
2.9524954074e-01
2.9529670928e-01
2.9533293973e-01
2.9536770293e-01
2.9540079783e-01
2.9543203068e-01
2.9546444741e-01
2.9549407012e-01
2.9552066640e-01
2.9554401733e-01
2.9556805329e-01
2.9558647855e-01
2.9559896532e-01
2.9560521464e-01
2.9560340353e-01
2.9558952971e-01
2.9556309956e-01
2.9552368682e-01
2.9546818494e-01
2.9539773267e-01
2.9531203705e-01
2.9521086031e-01
2.9510187047e-01
2.9497901661e-01
2.9484222031e-01
2.9469143938e-01
2.9451503781e-01
2.9432273474e-01
2.9411462527e-01
2.9389086285e-01
2.9370470624e-01
2.9350920398e-01
2.9330452132e-01
2.9309085630e-01
2.9291983931e-01
2.9274372680e-01
2.9256265731e-01
2.9237678528e-01
2.9221256849e-01
2.9204501970e-01
2.9187427009e-01
2.9170046144e-01
2.9153928789e-01
2.9137581745e-01
2.9121018212e-01
2.9104252169e-01
2.9087193548e-01
2.9069960649e-01
2.9052570005e-01
2.9035038842e-01
2.9019073624e-01
2.9003021651e-01
2.8986896861e-01
2.8970713450e-01
2.8955315374e-01
2.8939889839e-01
2.8924449230e-01
2.8909005874e-01
2.8895736190e-01
2.8882481114e-01
2.8869248111e-01
2.8856044454e-01
2.8839572733e-01
2.8823171222e-01
2.8806852414e-01
2.8790627997e-01
2.8778132049e-01
2.8765703906e-01
2.8753347889e-01
2.8741067981e-01
2.8727719120e-01
2.8714470140e-01
2.8701324928e-01
2.8688286938e-01
2.8673185342e-01
2.8658238641e-01
2.8643450420e-01
2.8628823695e-01
2.8615452795e-01
2.8602223606e-01
2.8589137505e-01
2.8576195630e-01
2.8561977019e-01
2.8547938878e-01
2.8534082030e-01
2.8520407115e-01
2.8502217258e-01
2.8484361425e-01
2.8466840222e-01
2.8449654033e-01
2.8427463250e-01
2.8405857776e-01
2.8384837614e-01
2.8364402618e-01
2.8344726282e-01
2.8325624244e-01
2.8307096190e-01
2.8289141794e-01
2.8268068912e-01
2.8247844228e-01
2.8228467154e-01
2.8209937122e-01
2.8186220436e-01
2.8164051095e-01
2.8143427886e-01
2.8124349680e-01
2.8098852442e-01
2.8076761081e-01
2.8058072921e-01
2.8042785695e-01
2.8030897552e-01
2.8022407051e-01
2.8017313161e-01
2.8015615267e-01
