2.8672947179e-01
2.8673068606e-01
2.8673432888e-01
2.8674040027e-01
2.8674890029e-01
2.8675871925e-01
2.8677053958e-01
2.8678436136e-01
2.8680018466e-01
2.8681648767e-01
2.8683448055e-01
2.8685416339e-01
2.8687553628e-01
2.8689705180e-01
2.8692004538e-01
2.8694451708e-01
2.8697046701e-01
2.8699697430e-01
2.8702486479e-01
2.8705413855e-01
2.8708479562e-01
2.8712321447e-01
2.8716360572e-01
2.8720596933e-01
2.8725030518e-01
2.8728337086e-01
2.8731745403e-01
2.8735255451e-01
2.8738867207e-01
2.8742328428e-01
2.8745878118e-01
2.8749516240e-01
2.8753242749e-01
2.8756374361e-01
2.8759565707e-01
2.8762816744e-01
2.8766127423e-01
2.8769156593e-01
2.8772233934e-01
2.8775359393e-01
2.8778532907e-01
2.8781550914e-01
2.8784611010e-01
2.8787713123e-01
2.8790857173e-01
2.8793944100e-01
2.8797070238e-01
2.8800235485e-01
2.8803439726e-01
2.8806780717e-01
2.8810162794e-01
2.8813585789e-01
2.8817049519e-01
2.8820866084e-01
2.8824730385e-01
2.8828642100e-01
2.8832600871e-01
2.8836093826e-01
2.8839622033e-01
2.8843185181e-01
2.8846782932e-01
2.8850193097e-01
2.8853633136e-01
2.8857102699e-01
2.8860601409e-01
2.8863950246e-01
2.8867324636e-01
2.8870724189e-01
2.8874148491e-01
2.8877492006e-01
2.8880857957e-01
2.8884245899e-01
2.8887655365e-01
2.8891313607e-01
2.8894995133e-01
2.8898699287e-01
2.8902425382e-01
2.8906708776e-01
2.8911018754e-01
2.8915354143e-01
2.8919713715e-01
2.8923470418e-01
2.8927243129e-01
2.8931030984e-01
2.8934833095e-01
2.8938576093e-01
2.8942331048e-01
2.8946097051e-01
2.8949873176e-01
2.8953857536e-01
2.8957850935e-01
2.8961852227e-01
2.8965860246e-01
2.8970748423e-01
2.8975642653e-01
2.8980540737e-01
2.8985440451e-01
2.8990042611e-01
2.8994642353e-01
2.8999237791e-01
2.9003827034e-01
2.9008978562e-01
2.9014117164e-01
2.9019240149e-01
2.9024344838e-01
2.9029690898e-01
2.9035010698e-01
2.9040301190e-01
2.9045559365e-01
2.9050490807e-01
2.9055388334e-01
2.9060249522e-01
2.9065071982e-01
2.9069948080e-01
2.9074779018e-01
2.9079562410e-01
2.9084295921e-01
2.9089235793e-01
2.9094114928e-01
2.9098930781e-01
2.9103680875e-01
2.9108664660e-01
2.9113568319e-01
2.9118389130e-01
2.9123124463e-01
2.9128197801e-01
2.9133162874e-01
2.9138016627e-01
2.9142756129e-01
2.9148030628e-01
2.9153148171e-01
2.9158104975e-01
2.9162897457e-01
2.9168275220e-01
2.9173419782e-01
2.9178326432e-01
2.9182990790e-01
2.9188016845e-01
2.9192715929e-01
2.9197082958e-01
2.9201113325e-01
2.9205156038e-01
2.9208780760e-01
2.9211983151e-01
2.9214759455e-01
2.9217009545e-01
2.9218865996e-01
2.9220326909e-01
2.9221390803e-01
2.9222065895e-01
2.9222326049e-01
2.9222170994e-01
2.9221600892e-01
2.9220629770e-01
2.9219254496e-01
2.9217476486e-01
2.9215297585e-01
2.9212734876e-01
2.9209780504e-01
2.9206437633e-01
2.9202709909e-01
2.9198948368e-01
2.9194868906e-01
2.9190475522e-01
2.9185772622e-01
2.9181691890e-01
2.9177409474e-01
2.9172928461e-01
2.9168252154e-01
2.9164058794e-01
2.9159724786e-01
2.9155252668e-01
2.9150645117e-01
2.9146337264e-01
2.9141921826e-01
2.9137401123e-01
2.9132777578e-01
2.9128363647e-01
2.9123864156e-01
2.9119281331e-01
2.9114617482e-01
2.9110134328e-01
2.9105582930e-01
2.9100965443e-01
2.9096284088e-01
2.9091735484e-01
2.9087132286e-01
2.9082476622e-01
2.9077770674e-01
2.9072989311e-01
2.9068161673e-01
2.9063290135e-01
2.9058377123e-01
2.9053228338e-01
2.9048040232e-01
2.9042815682e-01
2.9037557612e-01
2.9032678722e-01
2.9027776172e-01
2.9022852339e-01
2.9017909625e-01
2.9013346641e-01
2.9008771604e-01
2.9004186412e-01
2.8999592965e-01
2.8995110830e-01
2.8990624417e-01
2.8986135476e-01
2.8981645750e-01
2.8977607433e-01
2.8973571131e-01
2.8969538084e-01
2.8965509516e-01
2.8961682630e-01
2.8957861923e-01
2.8954048410e-01
2.8950243090e-01
2.8946331834e-01
2.8942431370e-01
2.8938542729e-01
2.8934666918e-01
2.8930568308e-01
2.8926486402e-01
2.8922422307e-01
2.8918377098e-01
2.8914549252e-01
2.8910740279e-01
2.8906951009e-01
2.8903182239e-01
2.8899661974e-01
2.8896161079e-01
2.8892680137e-01
2.8889219710e-01
2.8885660873e-01
2.8882125144e-01
2.8878613058e-01
2.8875125127e-01
2.8871414635e-01
2.8867732999e-01
2.8864080749e-01
2.8860458380e-01
2.8856643832e-01
2.8852864043e-01
2.8849119493e-01
2.8845410629e-01
2.8841491923e-01
2.8837614804e-01
2.8833779693e-01
2.8829986979e-01
2.8826368646e-01
2.8822790388e-01
2.8819252469e-01
2.8815755129e-01
2.8812387311e-01
2.8809058395e-01
2.8805768546e-01
2.8802517915e-01
2.8799182211e-01
2.8795889129e-01
2.8792638793e-01
2.8789431316e-01
2.8785995579e-01
2.8782610652e-01
2.8779276636e-01
2.8775993622e-01
2.8772317915e-01
2.8768708524e-01
2.8765165536e-01
2.8761689027e-01
2.8757642044e-01
2.8753689226e-01
2.8749830647e-01
2.8746066371e-01
2.8741865270e-01
2.8737788341e-01
2.8733835631e-01
2.8730007175e-01
2.8726041900e-01
2.8722219413e-01
2.8718539731e-01
2.8715002863e-01
2.8711623269e-01
2.8708385257e-01
2.8705288825e-01
2.8702333969e-01
2.8699352411e-01
2.8696530351e-01
2.8693867782e-01
2.8691364694e-01
2.8688816590e-01
2.8686458156e-01
2.8684289380e-01
2.8682310250e-01
2.8680329272e-01
2.8678583496e-01
2.8677072909e-01
2.8675797501e-01
2.8674563840e-01
2.8673677646e-01
2.8673138909e-01
2.8672947623e-01
2.8673055053e-01
2.8673406797e-01
2.8674002857e-01
2.8674843238e-01
2.8675815929e-01
2.8676989310e-01
2.8678363389e-01
2.8679938173e-01
2.8681561724e-01
2.8683354668e-01
2.8685317014e-01
2.8687448772e-01
2.8689595090e-01
2.8691889510e-01
2.8694332042e-01
2.8696922693e-01
2.8699569684e-01
2.8702355293e-01
2.8705279524e-01
2.8708342384e-01
2.8712611964e-01
2.8717124683e-01
2.8721880533e-01
2.8726879494e-01
2.8730210134e-01
2.8733640543e-01
2.8737170703e-01
2.8740800586e-01
2.8744303060e-01
2.8747893563e-01
2.8751572055e-01
2.8755338484e-01
2.8758457235e-01
2.8761633734e-01
2.8764867934e-01
2.8768159786e-01
2.8771190831e-01
2.8774269065e-01
2.8777394429e-01
2.8780566860e-01
2.8783591552e-01
2.8786657692e-01
2.8789765203e-01
2.8792914001e-01
2.8796025528e-01
2.8799176159e-01
2.8802365784e-01
2.8805594284e-01
2.8809002230e-01
2.8812452136e-01
2.8815943818e-01
2.8819477070e-01
2.8823265956e-01
2.8827100964e-01
2.8830981766e-01
2.8834907998e-01
2.8838378350e-01
2.8841882848e-01
2.8845421178e-01
2.8848992999e-01
2.8852394624e-01
2.8855825421e-01
2.8859285034e-01
2.8862773079e-01
2.8866113502e-01
2.8869478856e-01
2.8872868746e-01
2.8876282752e-01
2.8879637596e-01
2.8883014555e-01
2.8886413171e-01
2.8889832963e-01
2.8893575819e-01
2.8897342446e-01
2.8901132128e-01
2.8904944118e-01
2.8909223624e-01
2.8913528800e-01
2.8917858456e-01
2.8922211352e-01
2.8925946336e-01
2.8929696499e-01
2.8933460984e-01
2.8937238908e-01
2.8941008924e-01
2.8944790426e-01
2.8948582481e-01
2.8952384134e-01
2.8956491114e-01
2.8960606869e-01
2.8964730137e-01
2.8968859634e-01
2.8973656133e-01
2.8978457199e-01
2.8983260744e-01
2.8988064659e-01
2.8992755757e-01
2.8997443187e-01
2.9002124944e-01
2.9006799024e-01
2.9011975813e-01
2.9017137922e-01
2.9022282617e-01
2.9027407176e-01
2.9032703820e-01
2.9037972841e-01
2.9043211270e-01
2.9048416176e-01
2.9053341904e-01
2.9058232107e-01
2.9063084361e-01
2.9067896283e-01
2.9072786171e-01
2.9077628726e-01
2.9082421534e-01
2.9087162234e-01
2.9092109189e-01
2.9096992828e-01
2.9101810581e-01
2.9106559952e-01
2.9111560212e-01
2.9116476641e-01
2.9121306468e-01
2.9126047021e-01
2.9131165131e-01
2.9136168362e-01
2.9141053537e-01
2.9145817620e-01
2.9151143013e-01
2.9156300220e-01
2.9161285271e-01
2.9166094414e-01
2.9171447909e-01
2.9176554792e-01
2.9181410254e-01
2.9186009838e-01
2.9190914235e-01
2.9195478310e-01
2.9199697052e-01
2.9203565936e-01
2.9207322392e-01
2.9210667210e-01
2.9213596519e-01
2.9216106987e-01
2.9218135635e-01
2.9219767035e-01
2.9220999519e-01
2.9221831833e-01
2.9222266202e-01
2.9222288270e-01
2.9221898012e-01
2.9221095834e-01
2.9219892974e-01
2.9218286274e-01
2.9216277399e-01
2.9213868450e-01
2.9211118475e-01
2.9207988654e-01
2.9204482285e-01
2.9200603132e-01
2.9196793759e-01
2.9192688887e-01
2.9188292326e-01
2.9183608249e-01
2.9179493515e-01
2.9175185573e-01
2.9170687456e-01
2.9166002400e-01
2.9161789157e-01
2.9157440191e-01
2.9152958013e-01
2.9148345261e-01
2.9144019386e-01
2.9139589057e-01
2.9135056584e-01
2.9130424375e-01
2.9125997770e-01
2.9121488020e-01
2.9116897343e-01
2.9112228038e-01
2.9107737603e-01
2.9103180922e-01
2.9098560140e-01
2.9093877471e-01
2.9089308290e-01
2.9084685833e-01
2.9080012247e-01
2.9075289728e-01
2.9070433254e-01
2.9065530809e-01
2.9060584870e-01
2.9055597968e-01
2.9050453345e-01
2.9045271310e-01
2.9040054724e-01
2.9034806487e-01
2.9029993977e-01
2.9025159831e-01
2.9020306326e-01
2.9015435752e-01
2.9010851156e-01
2.9006255471e-01
2.9001650613e-01
2.8997038504e-01
2.8992590590e-01
2.8988139436e-01
2.8983686746e-01
2.8979234213e-01
2.8975239533e-01
2.8971247540e-01
2.8967259425e-01
2.8963276369e-01
2.8959456008e-01
2.8955642409e-01
2.8951836575e-01
2.8948039491e-01
2.8944063313e-01
2.8940098946e-01
2.8936147465e-01
2.8932209916e-01
2.8928110822e-01
2.8924029191e-01
2.8919966119e-01
2.8915922665e-01
2.8912164392e-01
2.8908424932e-01
2.8904705059e-01
2.8901005519e-01
2.8897497928e-01
2.8894010062e-01
2.8890542490e-01
2.8887095755e-01
2.8883530494e-01
2.8879988934e-01
2.8876471605e-01
2.8872979010e-01
2.8869228266e-01
2.8865507605e-01
2.8861817558e-01
2.8858158625e-01
2.8854191624e-01
2.8850262990e-01
2.8846373248e-01
2.8842522881e-01
2.8838601149e-01
2.8834722052e-01
2.8830885998e-01
2.8827093357e-01
2.8823548165e-01
2.8820042333e-01
2.8816576098e-01
2.8813149677e-01
2.8809797365e-01
2.8806484428e-01
2.8803211022e-01
2.8799977287e-01
2.8796629851e-01
2.8793326290e-01
2.8790066724e-01
2.8786851260e-01
2.8783371388e-01
2.8779944918e-01
2.8776571947e-01
2.8773252564e-01
2.8769517812e-01
2.8765853512e-01
2.8762259746e-01
2.8758736589e-01
2.8754620366e-01
2.8750605086e-01
2.8746690821e-01
2.8742877629e-01
2.8738584228e-01
2.8734426744e-01
2.8730405221e-01
2.8726519691e-01
2.8722716228e-01
2.8719052815e-01
2.8715529462e-01
2.8712146176e-01
2.8708852548e-01
2.8705703475e-01
2.8702698952e-01
2.8699838975e-01
2.8696942011e-01
2.8694210152e-01
2.8691643389e-01
2.8689241712e-01
2.8686801692e-01
2.8684559509e-01
2.8682515151e-01
2.8680668605e-01
2.8678858839e-01
2.8677290403e-01
2.8675963285e-01
2.8674877475e-01
2.8674032966e-01
2.8673429749e-01
2.8673067821e-01
2.8672947179e-01
