2.8413539944e-01
2.8413903936e-01
2.8414995919e-01
2.8416815923e-01
2.8419363993e-01
2.8422072335e-01
2.8425296326e-01
2.8429036023e-01
2.8433291495e-01
2.8437361882e-01
2.8441813508e-01
2.8446646433e-01
2.8451860721e-01
2.8456753230e-01
2.8461939818e-01
2.8467420538e-01
2.8473195444e-01
2.8478621446e-01
2.8484283867e-01
2.8490182753e-01
2.8496318149e-01
2.8502155221e-01
2.8508191452e-01
2.8514426881e-01
2.8520861548e-01
2.8527187635e-01
2.8533695216e-01
2.8540384323e-01
2.8547254989e-01
2.8554781737e-01
2.8562515013e-01
2.8570454843e-01
2.8578601250e-01
2.8585426594e-01
2.8592390493e-01
2.8599492941e-01
2.8606733923e-01
2.8612983155e-01
2.8619331977e-01
2.8625780356e-01
2.8632328252e-01
2.8638099710e-01
2.8643946249e-01
2.8649867815e-01
2.8655864344e-01
2.8661302878e-01
2.8666801512e-01
2.8672360168e-01
2.8677978760e-01
2.8683324506e-01
2.8688723215e-01
2.8694174776e-01
2.8699679064e-01
2.8705238251e-01
2.8710849904e-01
2.8716513838e-01
2.8722229849e-01
2.8728297822e-01
2.8734422847e-01
2.8740604583e-01
2.8746842648e-01
2.8752770479e-01
2.8758747524e-01
2.8764773345e-01
2.8770847454e-01
2.8776617374e-01
2.8782429244e-01
2.8788282527e-01
2.8794176643e-01
2.8799701035e-01
2.8805259733e-01
2.8810852145e-01
2.8816477640e-01
2.8821978392e-01
2.8827509119e-01
2.8833069115e-01
2.8838657638e-01
2.8845776602e-01
2.8852938371e-01
2.8860141131e-01
2.8867382958e-01
2.8873872257e-01
2.8880389484e-01
2.8886933051e-01
2.8893501302e-01
2.8899410055e-01
2.8905335986e-01
2.8911277776e-01
2.8917234064e-01
2.8923544123e-01
2.8929867140e-01
2.8936201391e-01
2.8942545120e-01
2.8949467303e-01
2.8956396263e-01
2.8963329610e-01
2.8970264927e-01
2.8977650244e-01
2.8985032054e-01
2.8992407369e-01
2.8999773193e-01
2.9008883963e-01
2.9017969843e-01
2.9027025161e-01
2.9036044286e-01
2.9044186444e-01
2.9052290162e-01
2.9060351398e-01
2.9068366175e-01
2.9076173582e-01
2.9083928992e-01
2.9091628877e-01
2.9099269788e-01
2.9107300975e-01
2.9115258218e-01
2.9123137728e-01
2.9130935829e-01
2.9139150162e-01
2.9147263897e-01
2.9155273025e-01
2.9163173690e-01
2.9171801504e-01
2.9180286612e-01
2.9188624398e-01
2.9196810461e-01
2.9206524005e-01
2.9216001417e-01
2.9225236077e-01
2.9234221779e-01
2.9244017819e-01
2.9253484307e-01
2.9262614149e-01
2.9271400796e-01
2.9281835211e-01
2.9291719538e-01
2.9301044293e-01
2.9309800981e-01
2.9317522233e-01
2.9324727160e-01
2.9331410704e-01
2.9337568364e-01
2.9343089202e-01
2.9348097773e-01
2.9352591178e-01
2.9356566892e-01
2.9360187283e-01
2.9363230535e-01
2.9365694897e-01
2.9367578980e-01
2.9368893652e-01
2.9369612443e-01
2.9369734950e-01
2.9369261106e-01
2.9368255909e-01
2.9366710784e-01
2.9364626524e-01
2.9362004211e-01
2.9358902205e-01
2.9355282863e-01
2.9351148112e-01
2.9346500215e-01
2.9340106244e-01
2.9332950690e-01
2.9325040110e-01
2.9316382099e-01
2.9309503587e-01
2.9302225021e-01
2.9294550773e-01
2.9286485650e-01
2.9278562676e-01
2.9270304571e-01
2.9261716507e-01
2.9252804094e-01
2.9245164661e-01
2.9237309680e-01
2.9229243125e-01
2.9220969224e-01
2.9213501369e-01
2.9205878898e-01
2.9198105247e-01
2.9190184033e-01
2.9182772039e-01
2.9175241539e-01
2.9167595767e-01
2.9159838092e-01
2.9152443399e-01
2.9144955879e-01
2.9137378681e-01
2.9129715071e-01
2.9122368261e-01
2.9114949702e-01
2.9107462462e-01
2.9099909698e-01
2.9092312788e-01
2.9084657201e-01
2.9076946325e-01
2.9069183627e-01
2.9059318711e-01
2.9049384193e-01
2.9039387517e-01
2.9029336272e-01
2.9022060671e-01
2.9014763638e-01
2.9007448116e-01
2.9000117066e-01
2.8993167952e-01
2.8986210113e-01
2.8979246067e-01
2.8972278325e-01
2.8965794295e-01
2.8959311232e-01
2.8952831118e-01
2.8946355917e-01
2.8940336538e-01
2.8934324633e-01
2.8928321717e-01
2.8922329283e-01
2.8916127026e-01
2.8909939209e-01
2.8903767390e-01
2.8897613083e-01
2.8891020236e-01
2.8884451083e-01
2.8877907326e-01
2.8871390603e-01
2.8865503279e-01
2.8859640619e-01
2.8853803699e-01
2.8847993543e-01
2.8842366135e-01
2.8836765856e-01
2.8831193519e-01
2.8825649895e-01
2.8819872897e-01
2.8814129010e-01
2.8808418974e-01
2.8802743483e-01
2.8796762023e-01
2.8790820872e-01
2.8784920691e-01
2.8779062095e-01
2.8772740714e-01
2.8766469807e-01
2.8760249976e-01
2.8754081765e-01
2.8747907599e-01
2.8741787001e-01
2.8735720380e-01
2.8729708106e-01
2.8723970504e-01
2.8718283858e-01
2.8712648401e-01
2.8707064340e-01
2.8701238692e-01
2.8695470459e-01
2.8689759808e-01
2.8684106888e-01
2.8677830826e-01
2.8671627817e-01
2.8665497997e-01
2.8659441482e-01
2.8652398756e-01
2.8645458091e-01
2.8638619597e-01
2.8631883361e-01
2.8624013283e-01
2.8616287730e-01
2.8608706770e-01
2.8601270450e-01
2.8592483540e-01
2.8583907616e-01
2.8575542688e-01
2.8567388751e-01
2.8559932855e-01
2.8552662525e-01
2.8545577737e-01
2.8538678461e-01
2.8531479184e-01
2.8524493574e-01
2.8517721587e-01
2.8511163180e-01
2.8504091763e-01
2.8497286571e-01
2.8490747544e-01
2.8484474624e-01
2.8477576130e-01
2.8471030827e-01
2.8464838636e-01
2.8458999481e-01
2.8452513732e-01
2.8446527236e-01
2.8441039890e-01
2.8436051596e-01
2.8430627206e-01
2.8425949576e-01
2.8422018584e-01
2.8418834128e-01
2.8416073039e-01
2.8414318300e-01
2.8413569848e-01
2.8413827657e-01
2.8414789236e-01
2.8416426723e-01
2.8418740156e-01
2.8421729592e-01
2.8424784353e-01
2.8428322391e-01
2.8432343768e-01
2.8436848551e-01
2.8441128605e-01
2.8445769406e-01
2.8450771010e-01
2.8456133483e-01
2.8461158972e-01
2.8466464880e-01
2.8472051259e-01
2.8477918164e-01
2.8483439038e-01
2.8489187288e-01
2.8495162957e-01
2.8501366091e-01
2.8507293307e-01
2.8513414372e-01
2.8519729323e-01
2.8526238198e-01
2.8532738683e-01
2.8539421787e-01
2.8546287542e-01
2.8553335978e-01
2.8560373377e-01
2.8567583966e-01
2.8574967762e-01
2.8582524779e-01
2.8589247124e-01
2.8596100846e-01
2.8603085933e-01
2.8610202368e-01
2.8616372096e-01
2.8622637211e-01
2.8628997680e-01
2.8635453457e-01
2.8641163614e-01
2.8646946227e-01
2.8652801242e-01
2.8658728591e-01
2.8664144924e-01
2.8669620145e-01
2.8675154175e-01
2.8680746923e-01
2.8686099422e-01
2.8691504423e-01
2.8696961808e-01
2.8702471445e-01
2.8708113730e-01
2.8713809452e-01
2.8719558409e-01
2.8725360377e-01
2.8731336807e-01
2.8737367896e-01
2.8743453307e-01
2.8749592660e-01
2.8755391780e-01
2.8761237470e-01
2.8767129305e-01
2.8773066817e-01
2.8778770263e-01
2.8784514285e-01
2.8790298352e-01
2.8796121891e-01
2.8801659856e-01
2.8807231939e-01
2.8812837536e-01
2.8818475997e-01
2.8824007894e-01
2.8829569729e-01
2.8835160775e-01
2.8840780262e-01
2.8847383171e-01
2.8854022446e-01
2.8860696631e-01
2.8867404186e-01
2.8873756676e-01
2.8880135957e-01
2.8886540541e-01
2.8892968878e-01
2.8898877812e-01
2.8904804054e-01
2.8910746282e-01
2.8916703142e-01
2.8923006485e-01
2.8929322907e-01
2.8935650693e-01
2.8941988094e-01
2.8948886118e-01
2.8955791069e-01
2.8962700587e-01
2.8969612281e-01
2.8976988109e-01
2.8984360707e-01
2.8991727098e-01
2.8999084299e-01
2.9008082787e-01
2.9017057494e-01
2.9026002953e-01
2.9034913738e-01
2.9043093400e-01
2.9051234867e-01
2.9059334040e-01
2.9067386885e-01
2.9075196495e-01
2.9082954610e-01
2.9090657697e-01
2.9098302303e-01
2.9106318476e-01
2.9114261612e-01
2.9122127939e-01
2.9129913801e-01
2.9138122242e-01
2.9146231040e-01
2.9154236196e-01
2.9162133856e-01
2.9170746398e-01
2.9179217877e-01
2.9187543701e-01
2.9195719491e-01
2.9205362706e-01
2.9214775293e-01
2.9223950775e-01
2.9232883077e-01
2.9242685401e-01
2.9252161727e-01
2.9261304964e-01
2.9270108565e-01
2.9280454678e-01
2.9290268437e-01
2.9299540640e-01
2.9308263025e-01
2.9316088470e-01
2.9323397820e-01
2.9330185892e-01
2.9336448075e-01
2.9342064318e-01
2.9347169426e-01
2.9351760425e-01
2.9355834726e-01
2.9359549851e-01
2.9362692129e-01
2.9365259758e-01
2.9367251296e-01
2.9368684473e-01
2.9369520085e-01
2.9369757665e-01
2.9369397078e-01
2.9368496559e-01
2.9367053044e-01
2.9365067276e-01
2.9362540287e-01
2.9359538271e-01
2.9356018742e-01
2.9351983568e-01
2.9347434941e-01
2.9340897585e-01
2.9333536529e-01
2.9325359030e-01
2.9316373549e-01
2.9309495734e-01
2.9302218005e-01
2.9294544734e-01
2.9286480727e-01
2.9278550868e-01
2.9270285332e-01
2.9261689306e-01
2.9252768415e-01
2.9245134525e-01
2.9237285467e-01
2.9229225205e-01
2.9220957960e-01
2.9213488238e-01
2.9205863838e-01
2.9198088200e-01
2.9190164944e-01
2.9182750783e-01
2.9175218067e-01
2.9167570030e-01
2.9159810048e-01
2.9152412761e-01
2.9144922604e-01
2.9137342729e-01
2.9129676406e-01
2.9122330233e-01
2.9114912346e-01
2.9107425813e-01
2.9099873789e-01
2.9092256231e-01
2.9084579707e-01
2.9076847633e-01
2.9069063505e-01
2.9059393306e-01
2.9049656174e-01
2.9039859119e-01
2.9030009282e-01
2.9022732100e-01
2.9015433194e-01
2.9008115509e-01
2.9000782009e-01
2.8993817907e-01
2.8986844802e-01
2.8979865231e-01
2.8972881724e-01
2.8966387706e-01
2.8959894474e-01
2.8953404023e-01
2.8946918326e-01
2.8940897818e-01
2.8934884642e-01
2.8928880317e-01
2.8922886337e-01
2.8916696466e-01
2.8910520828e-01
2.8904360972e-01
2.8898218409e-01
2.8891563385e-01
2.8884932343e-01
2.8878327038e-01
2.8871749158e-01
2.8865844701e-01
2.8859964975e-01
2.8854111068e-01
2.8848284015e-01
2.8842658481e-01
2.8837060002e-01
2.8831489391e-01
2.8825947419e-01
2.8820158596e-01
2.8814402962e-01
2.8808681265e-01
2.8802994203e-01
2.8797018767e-01
2.8791083507e-01
2.8785189083e-01
2.8779336110e-01
2.8773017613e-01
2.8766749482e-01
2.8760532320e-01
2.8754366672e-01
2.8748191641e-01
2.8742070131e-01
2.8736002552e-01
2.8729989275e-01
2.8724252025e-01
2.8718565667e-01
2.8712930435e-01
2.8707346540e-01
2.8701524358e-01
2.8695759457e-01
2.8690052008e-01
2.8684402160e-01
2.8678133990e-01
2.8671938602e-01
2.8665816132e-01
2.8659766696e-01
2.8652730975e-01
2.8645796968e-01
2.8638964787e-01
2.8632234518e-01
2.8624395216e-01
2.8616699063e-01
2.8609146127e-01
2.8601736453e-01
2.8592924584e-01
2.8584324376e-01
2.8575935840e-01
2.8567758971e-01
2.8560298288e-01
2.8553022955e-01
2.8545932949e-01
2.8539028239e-01
2.8531827564e-01
2.8524840027e-01
2.8518065586e-01
2.8511504196e-01
2.8504432270e-01
2.8497625648e-01
2.8491084269e-01
2.8484808076e-01
2.8477909417e-01
2.8471362229e-01
2.8465166434e-01
2.8459321957e-01
2.8452841272e-01
2.8446855243e-01
2.8441363767e-01
2.8436366750e-01
2.8431016169e-01
2.8426379271e-01
2.8422455938e-01
2.8419246073e-01
2.8416749595e-01
2.8414966441e-01
2.8413896566e-01
2.8413539944e-01
