0.0000000000e+00
7.8704608282e-03
1.5740921656e-02
2.3611382485e-02
3.1481843313e-02
3.6533408397e-02
4.1584973480e-02
4.6636538564e-02
5.1688103648e-02
5.5323930562e-02
5.8959757476e-02
6.2595584390e-02
6.6231411304e-02
6.8994560528e-02
7.1757709753e-02
7.4520858977e-02
7.7284008202e-02
7.9484291945e-02
8.1684575689e-02
8.3884859433e-02
8.6085143177e-02
8.7905593656e-02
8.9726044135e-02
9.1546494615e-02
9.3366945094e-02
9.4926923327e-02
9.6486901560e-02
9.8046879793e-02
9.9606858027e-02
1.0098952753e-01
1.0237219704e-01
1.0375486654e-01
1.0513753605e-01
1.0643150523e-01
1.0772547441e-01
1.0901944359e-01
1.1031341277e-01
1.1170642055e-01
1.1309942833e-01
1.1449243611e-01
1.1588544389e-01
1.1691154520e-01
1.1793764651e-01
1.1896374782e-01
1.1998984913e-01
1.2084696826e-01
1.2170408738e-01
1.2256120651e-01
1.2341832563e-01
1.2416223899e-01
1.2490615234e-01
1.2565006569e-01
1.2639397904e-01
1.2708877534e-01
1.2778357164e-01
1.2847836794e-01
1.2917316424e-01
1.2989575796e-01
1.3061835167e-01
1.3134094539e-01
1.3206353910e-01
1.3276346687e-01
1.3346339465e-01
1.3416332242e-01
1.3486325019e-01
1.3549473230e-01
1.3612621441e-01
1.3675769653e-01
1.3738917864e-01
1.3798084477e-01
1.3857251091e-01
1.3916417704e-01
1.3975584318e-01
1.4036136484e-01
1.4096688650e-01
1.4157240816e-01
1.4217792982e-01
1.4285551251e-01
1.4353309520e-01
1.4421067789e-01
1.4488826058e-01
1.4549233789e-01
1.4609641520e-01
1.4670049250e-01
1.4730456981e-01
1.4793846907e-01
1.4857236833e-01
1.4920626759e-01
1.4984016686e-01
1.5054035392e-01
1.5124054099e-01
1.5194072805e-01
1.5264091512e-01
1.5342815222e-01
1.5421538933e-01
1.5500262643e-01
1.5578986354e-01
1.5660884001e-01
1.5742781648e-01
1.5824679295e-01
1.5906576942e-01
1.5987943301e-01
1.6069309660e-01
1.6150676018e-01
1.6232042377e-01
1.6318993408e-01
1.6405944438e-01
1.6492895468e-01
1.6579846499e-01
1.6675215641e-01
1.6770584784e-01
1.6865953927e-01
1.6961323069e-01
1.7074837476e-01
1.7188351883e-01
1.7301866290e-01
1.7415380697e-01
1.7551005331e-01
1.7686629964e-01
1.7822254598e-01
1.7957879231e-01
1.8129025760e-01
1.8300172289e-01
1.8471318818e-01
1.8642465346e-01
1.8804939881e-01
1.8967414416e-01
1.9129888951e-01
1.9292363486e-01
1.9458885899e-01
1.9625408312e-01
1.9791930725e-01
1.9958453138e-01
2.0138223068e-01
2.0317992998e-01
2.0497762928e-01
2.0677532858e-01
2.0877324737e-01
2.1077116617e-01
2.1276908496e-01
2.1476700376e-01
2.1704202068e-01
2.1931703760e-01
2.2159205453e-01
2.2386707145e-01
2.2651673527e-01
2.2916639909e-01
2.3181606290e-01
2.3446572672e-01
2.3763317573e-01
2.4080062475e-01
2.4396807376e-01
2.4713552278e-01
2.5004752127e-01
2.5295951976e-01
2.5587151825e-01
2.5878351674e-01
2.6131304233e-01
2.6384256793e-01
2.6637209353e-01
2.6890161912e-01
2.7112337436e-01
2.7334512961e-01
2.7556688485e-01
2.7778864010e-01
2.7977182204e-01
2.8175500398e-01
2.8373818592e-01
2.8572136787e-01
2.8752274470e-01
2.8932412153e-01
2.9112549836e-01
2.9292687519e-01
2.9459811808e-01
2.9626936096e-01
2.9794060385e-01
2.9961184673e-01
3.0122622432e-01
3.0284060190e-01
3.0445497949e-01
3.0606935707e-01
3.0784304224e-01
3.0961672742e-01
3.1139041259e-01
3.1316409776e-01
3.1456805315e-01
3.1597200854e-01
3.1737596394e-01
3.1877991933e-01
3.2005628347e-01
3.2133264761e-01
3.2260901175e-01
3.2388537588e-01
3.2491563818e-01
3.2594590048e-01
3.2697616277e-01
3.2800642507e-01
3.2892156233e-01
3.2983669960e-01
3.3075183686e-01
3.3166697413e-01
3.3251330983e-01
3.3335964552e-01
3.3420598122e-01
3.3505231692e-01
3.3585765232e-01
3.3666298772e-01
3.3746832312e-01
3.3827365852e-01
3.3918123830e-01
3.4008881808e-01
3.4099639786e-01
3.4190397764e-01
3.4265149617e-01
3.4339901469e-01
3.4414653322e-01
3.4489405175e-01
3.4564284646e-01
3.4639164117e-01
3.4714043588e-01
3.4788923059e-01
3.4851367374e-01
3.4913811688e-01
3.4976256003e-01
3.5038700318e-01
3.5099073706e-01
3.5159447094e-01
3.5219820482e-01
3.5280193870e-01
3.5351886025e-01
3.5423578181e-01
3.5495270336e-01
3.5566962491e-01
3.5627541809e-01
3.5688121127e-01
3.5748700445e-01
3.5809279762e-01
3.5870541265e-01
3.5931802767e-01
3.5993064270e-01
3.6054325772e-01
3.6120066239e-01
3.6185806707e-01
3.6251547174e-01
3.6317287642e-01
3.6402286301e-01
3.6487284960e-01
3.6572283619e-01
3.6657282278e-01
3.6728070094e-01
3.6798857910e-01
3.6869645727e-01
3.6940433543e-01
3.7012391735e-01
3.7084349927e-01
3.7156308119e-01
3.7228266311e-01
3.7310115572e-01
3.7391964833e-01
3.7473814095e-01
3.7555663356e-01
3.7656141278e-01
3.7756619201e-01
3.7857097124e-01
3.7957575046e-01
3.8108175232e-01
3.8258775418e-01
3.8409375604e-01
3.8559975790e-01
3.8690017146e-01
3.8820058502e-01
3.8950099858e-01
3.9080141213e-01
3.9223259659e-01
3.9366378105e-01
3.9509496551e-01
3.9652614997e-01
3.9819911026e-01
3.9987207056e-01
4.0154503086e-01
4.0321799116e-01
4.0528824812e-01
4.0735850507e-01
4.0942876203e-01
4.1149901898e-01
4.1427050782e-01
4.1704199666e-01
4.1981348550e-01
4.2258497434e-01
4.2673260242e-01
4.3088023050e-01
4.3502785857e-01
4.3917548665e-01
4.4639088367e-01
4.5360628068e-01
4.6082167770e-01
4.6803707472e-01
4.7935168723e-01
4.9066629975e-01
5.0198091226e-01
5.1329552477e-01
5.1994435121e-01
5.2659317765e-01
5.3324200409e-01
5.3989083053e-01
5.4434360908e-01
5.4879638763e-01
5.5324916618e-01
5.5770194472e-01
5.6098573023e-01
5.6426951573e-01
5.6755330123e-01
5.7083708674e-01
5.7336323136e-01
5.7588937598e-01
5.7841552060e-01
5.8094166522e-01
5.8298025051e-01
5.8501883581e-01
5.8705742110e-01
5.8909600640e-01
5.9080592975e-01
5.9251585311e-01
5.9422577646e-01
5.9593569982e-01
5.9741962594e-01
5.9890355206e-01
6.0038747818e-01
6.0187140430e-01
6.0321249785e-01
6.0455359140e-01
6.0589468494e-01
6.0723577849e-01
6.0852406718e-01
6.0981235587e-01
6.1110064455e-01
6.1238893324e-01
6.1360218911e-01
6.1481544497e-01
6.1602870084e-01
6.1724195671e-01
6.1822261724e-01
6.1920327777e-01
6.2018393829e-01
6.2116459882e-01
6.2197947138e-01
6.2279434394e-01
6.2360921649e-01
6.2442408905e-01
6.2514915616e-01
6.2587422327e-01
6.2659929038e-01
6.2732435749e-01
6.2804229334e-01
6.2876022919e-01
6.2947816504e-01
6.3019610089e-01
6.3103099293e-01
6.3186588498e-01
6.3270077702e-01
6.3353566906e-01
6.3421445685e-01
6.3489324463e-01
6.3557203241e-01
6.3625082020e-01
6.3689492877e-01
6.3753903734e-01
6.3818314591e-01
6.3882725448e-01
6.3941549566e-01
6.4000373683e-01
6.4059197801e-01
6.4118021919e-01
6.4184472777e-01
6.4250923635e-01
6.4317374493e-01
6.4383825350e-01
6.4445124933e-01
6.4506424516e-01
6.4567724098e-01
6.4629023681e-01
6.4689707563e-01
6.4750391445e-01
6.4811075327e-01
6.4871759209e-01
6.4943297610e-01
6.5014836011e-01
6.5086374411e-01
6.5157912812e-01
6.5231257982e-01
6.5304603153e-01
6.5377948323e-01
6.5451293493e-01
6.5542112412e-01
6.5632931331e-01
6.5723750249e-01
6.5814569168e-01
6.5895352724e-01
6.5976136280e-01
6.6056919836e-01
6.6137703391e-01
6.6222332397e-01
6.6306961403e-01
6.6391590409e-01
6.6476219415e-01
6.6568156766e-01
6.6660094117e-01
6.6752031468e-01
6.6843968819e-01
6.6950095564e-01
6.7056222309e-01
6.7162349054e-01
6.7268475799e-01
6.7413653542e-01
6.7558831286e-01
6.7704009029e-01
6.7849186772e-01
6.8001791697e-01
6.8154396622e-01
6.8307001546e-01
6.8459606471e-01
6.8623628466e-01
6.8787650461e-01
6.8951672455e-01
6.9115694450e-01
6.9279363874e-01
6.9443033297e-01
6.9606702721e-01
6.9770372144e-01
6.9945540253e-01
7.0120708363e-01
7.0295876472e-01
7.0471044581e-01
7.0664453418e-01
7.0857862255e-01
7.1051271093e-01
7.1244679930e-01
7.1463574856e-01
7.1682469783e-01
7.1901364710e-01
7.2120259636e-01
7.2373808562e-01
7.2627357488e-01
7.2880906414e-01
7.3134455340e-01
7.3431131415e-01
7.3727807491e-01
7.4024483566e-01
7.4321159642e-01
7.4627944164e-01
7.4934728687e-01
7.5241513209e-01
7.5548297732e-01
7.5811680030e-01
7.6075062328e-01
7.6338444627e-01
7.6601826925e-01
7.6832292311e-01
7.7062757697e-01
7.7293223084e-01
7.7523688470e-01
7.7728489832e-01
7.7933291195e-01
7.8138092557e-01
7.8342893920e-01
7.8528001766e-01
7.8713109611e-01
7.8898217457e-01
7.9083325303e-01
7.9253958115e-01
7.9424590926e-01
7.9595223738e-01
7.9765856549e-01
7.9928491269e-01
8.0091125989e-01
8.0253760709e-01
8.0416395429e-01
8.0587774360e-01
8.0759153290e-01
8.0930532221e-01
8.1101911151e-01
8.1248089921e-01
8.1394268690e-01
8.1540447460e-01
8.1686626230e-01
8.1824188550e-01
8.1961750871e-01
8.2099313191e-01
8.2236875512e-01
8.2345215854e-01
8.2453556197e-01
8.2561896540e-01
8.2670236882e-01
8.2764775728e-01
8.2859314573e-01
8.2953853418e-01
8.3048392264e-01
8.3135947558e-01
8.3223502852e-01
8.3311058147e-01
8.3398613441e-01
8.3479812990e-01
8.3561012538e-01
8.3642212087e-01
8.3723411636e-01
8.3805452474e-01
8.3887493313e-01
8.3969534152e-01
8.4051574991e-01
8.4132624964e-01
8.4213674938e-01
8.4294724911e-01
8.4375774885e-01
8.4446537681e-01
8.4517300477e-01
8.4588063274e-01
8.4658826070e-01
8.4725502060e-01
8.4792178050e-01
8.4858854040e-01
8.4925530030e-01
8.4985457457e-01
8.5045384885e-01
8.5105312313e-01
8.5165239740e-01
8.5228097854e-01
8.5290955967e-01
8.5353814080e-01
8.5416672194e-01
8.5480412671e-01
8.5544153147e-01
8.5607893624e-01
8.5671634101e-01
8.5730108702e-01
8.5788583303e-01
8.5847057904e-01
8.5905532506e-01
8.5969780906e-01
8.6034029307e-01
8.6098277708e-01
8.6162526109e-01
8.6229971114e-01
8.6297416119e-01
8.6364861124e-01
8.6432306128e-01
8.6507631682e-01
8.6582957235e-01
8.6658282788e-01
8.6733608341e-01
8.6803056549e-01
8.6872504757e-01
8.6941952964e-01
8.7011401172e-01
8.7084807021e-01
8.7158212869e-01
8.7231618718e-01
8.7305024567e-01
8.7390775082e-01
8.7476525597e-01
8.7562276113e-01
8.7648026628e-01
8.7753230696e-01
8.7858434765e-01
8.7963638833e-01
8.8068842902e-01
8.8203138612e-01
8.8337434323e-01
8.8471730034e-01
8.8606025745e-01
8.8737708317e-01
8.8869390889e-01
8.9001073461e-01
8.9132756033e-01
8.9278050919e-01
8.9423345806e-01
8.9568640692e-01
8.9713935579e-01
8.9884495743e-01
9.0055055907e-01
9.0225616071e-01
9.0396176235e-01
9.0608353499e-01
9.0820530763e-01
9.1032708027e-01
9.1244885291e-01
9.1529978568e-01
9.1815071846e-01
9.2100165123e-01
9.2385258400e-01
9.2811861959e-01
9.3238465518e-01
9.3665069076e-01
9.4091672635e-01
9.4824035867e-01
9.5556399099e-01
9.6288762331e-01
9.7021125563e-01
9.7765844173e-01
9.8510562782e-01
9.9255281391e-01
1.0000000000e+00
