0.0000000000e+00
2.6013012611e-03
5.2026025222e-03
7.8039037832e-03
1.0405205044e-02
1.2843883622e-02
1.5282562200e-02
1.7721240778e-02
2.0159919356e-02
2.2498558713e-02
2.4837198069e-02
2.7175837426e-02
2.9514476783e-02
3.1461913240e-02
3.3409349698e-02
3.5356786155e-02
3.7304222613e-02
3.8801743957e-02
4.0299265301e-02
4.1796786645e-02
4.3294307989e-02
4.4639814847e-02
4.5985321705e-02
4.7330828563e-02
4.8676335421e-02
5.0052780269e-02
5.1429225116e-02
5.2805669963e-02
5.4182114811e-02
5.5495274832e-02
5.6808434853e-02
5.8121594875e-02
5.9434754896e-02
6.0668972873e-02
6.1903190850e-02
6.3137408827e-02
6.4371626804e-02
6.5500018487e-02
6.6628410169e-02
6.7756801852e-02
6.8885193535e-02
7.0397033643e-02
7.1908873751e-02
7.3420713859e-02
7.4932553967e-02
7.6078512071e-02
7.7224470174e-02
7.8370428278e-02
7.9516386381e-02
8.0751497913e-02
8.1986609445e-02
8.3221720977e-02
8.4456832509e-02
8.5832646195e-02
8.7208459882e-02
8.8584273569e-02
8.9960087256e-02
9.1702184224e-02
9.3444281192e-02
9.5186378161e-02
9.6928475129e-02
9.8506229458e-02
1.0008398379e-01
1.0166173811e-01
1.0323949244e-01
1.0491246795e-01
1.0658544346e-01
1.0825841897e-01
1.0993139448e-01
1.1183899610e-01
1.1374659771e-01
1.1565419932e-01
1.1756180094e-01
1.1987370054e-01
1.2218560015e-01
1.2449749975e-01
1.2680939936e-01
1.2985359703e-01
1.3289779470e-01
1.3594199238e-01
1.3898619005e-01
1.4161316123e-01
1.4424013242e-01
1.4686710360e-01
1.4949407478e-01
1.5179836662e-01
1.5410265845e-01
1.5640695029e-01
1.5871124212e-01
1.6059158741e-01
1.6247193270e-01
1.6435227799e-01
1.6623262327e-01
1.6790579690e-01
1.6957897052e-01
1.7125214414e-01
1.7292531777e-01
1.7449929893e-01
1.7607328008e-01
1.7764726124e-01
1.7922124240e-01
1.8127543996e-01
1.8332963753e-01
1.8538383510e-01
1.8743803266e-01
1.8881903143e-01
1.9020003021e-01
1.9158102898e-01
1.9296202775e-01
1.9424971532e-01
1.9553740289e-01
1.9682509046e-01
1.9811277803e-01
1.9929124142e-01
2.0046970481e-01
2.0164816819e-01
2.0282663158e-01
2.0416266262e-01
2.0549869367e-01
2.0683472471e-01
2.0817075575e-01
2.0933514334e-01
2.1049953092e-01
2.1166391851e-01
2.1282830609e-01
2.1404797713e-01
2.1526764817e-01
2.1648731920e-01
2.1770699024e-01
2.1903326712e-01
2.2035954400e-01
2.2168582088e-01
2.2301209777e-01
2.2446524246e-01
2.2591838715e-01
2.2737153184e-01
2.2882467653e-01
2.3019384698e-01
2.3156301744e-01
2.3293218790e-01
2.3430135835e-01
2.3582213824e-01
2.3734291813e-01
2.3886369802e-01
2.4038447791e-01
2.4215650308e-01
2.4392852824e-01
2.4570055341e-01
2.4747257857e-01
2.4920967352e-01
2.5094676847e-01
2.5268386342e-01
2.5442095837e-01
2.5591280419e-01
2.5740465001e-01
2.5889649583e-01
2.6038834165e-01
2.6175775918e-01
2.6312717670e-01
2.6449659423e-01
2.6586601176e-01
2.6725441595e-01
2.6864282015e-01
2.7003122434e-01
2.7141962853e-01
2.7274989949e-01
2.7408017044e-01
2.7541044140e-01
2.7674071235e-01
2.7795960493e-01
2.7917849752e-01
2.8039739010e-01
2.8161628268e-01
2.8277408803e-01
2.8393189338e-01
2.8508969873e-01
2.8624750409e-01
2.8755174529e-01
2.8885598650e-01
2.9016022770e-01
2.9146446891e-01
2.9264612937e-01
2.9382778984e-01
2.9500945030e-01
2.9619111077e-01
2.9742631259e-01
2.9866151441e-01
2.9989671623e-01
3.0113191805e-01
3.0254312641e-01
3.0395433477e-01
3.0536554313e-01
3.0677675149e-01
3.0846821251e-01
3.1015967354e-01
3.1185113456e-01
3.1354259558e-01
3.1511720630e-01
3.1669181701e-01
3.1826642772e-01
3.1984103844e-01
3.2150701353e-01
3.2317298862e-01
3.2483896371e-01
3.2650493880e-01
3.2840274108e-01
3.3030054336e-01
3.3219834564e-01
3.3409614792e-01
3.3641540050e-01
3.3873465308e-01
3.4105390567e-01
3.4337315825e-01
3.4617829804e-01
3.4898343784e-01
3.5178857764e-01
3.5459371743e-01
3.5734076484e-01
3.6008781224e-01
3.6283485964e-01
3.6558190705e-01
3.6784263705e-01
3.7010336706e-01
3.7236409707e-01
3.7462482707e-01
3.7652793070e-01
3.7843103432e-01
3.8033413795e-01
3.8223724157e-01
3.8393700948e-01
3.8563677738e-01
3.8733654529e-01
3.8903631319e-01
3.9059829256e-01
3.9216027192e-01
3.9372225129e-01
3.9528423065e-01
3.9687001345e-01
3.9845579624e-01
4.0004157904e-01
4.0162736183e-01
4.0308398479e-01
4.0454060774e-01
4.0599723070e-01
4.0745385365e-01
4.0882739646e-01
4.1020093927e-01
4.1157448208e-01
4.1294802489e-01
4.1412096416e-01
4.1529390343e-01
4.1646684270e-01
4.1763978197e-01
4.1881509769e-01
4.1999041340e-01
4.2116572912e-01
4.2234104484e-01
4.2357527416e-01
4.2480950348e-01
4.2604373280e-01
4.2727796212e-01
4.2840413438e-01
4.2953030663e-01
4.3065647889e-01
4.3178265114e-01
4.3301093427e-01
4.3423921740e-01
4.3546750053e-01
4.3669578366e-01
4.3810537105e-01
4.3951495844e-01
4.4092454583e-01
4.4233413322e-01
4.4366809414e-01
4.4500205505e-01
4.4633601597e-01
4.4766997689e-01
4.4906654061e-01
4.5046310434e-01
4.5185966806e-01
4.5325623179e-01
4.5492980514e-01
4.5660337849e-01
4.5827695184e-01
4.5995052519e-01
4.6208552848e-01
4.6422053177e-01
4.6635553506e-01
4.6849053836e-01
4.7094804504e-01
4.7340555173e-01
4.7586305841e-01
4.7832056510e-01
4.8091194030e-01
4.8350331551e-01
4.8609469072e-01
4.8868606592e-01
4.9177731575e-01
4.9486856557e-01
4.9795981539e-01
5.0105106522e-01
5.0362953305e-01
5.0620800088e-01
5.0878646872e-01
5.1136493655e-01
5.1381120598e-01
5.1625747541e-01
5.1870374483e-01
5.2115001426e-01
5.2340353392e-01
5.2565705358e-01
5.2791057324e-01
5.3016409290e-01
5.3203095049e-01
5.3389780808e-01
5.3576466567e-01
5.3763152326e-01
5.3912097353e-01
5.4061042380e-01
5.4209987407e-01
5.4358932433e-01
5.4493215175e-01
5.4627497917e-01
5.4761780659e-01
5.4896063401e-01
5.5035795680e-01
5.5175527959e-01
5.5315260238e-01
5.5454992517e-01
5.5585119035e-01
5.5715245553e-01
5.5845372071e-01
5.5975498589e-01
5.6113137853e-01
5.6250777116e-01
5.6388416379e-01
5.6526055643e-01
5.6638715466e-01
5.6751375290e-01
5.6864035113e-01
5.6976694936e-01
5.7118499796e-01
5.7260304656e-01
5.7402109515e-01
5.7543914375e-01
5.7658988847e-01
5.7774063319e-01
5.7889137790e-01
5.8004212262e-01
5.8131498917e-01
5.8258785571e-01
5.8386072226e-01
5.8513358881e-01
5.8652320886e-01
5.8791282892e-01
5.8930244897e-01
5.9069206903e-01
5.9235673599e-01
5.9402140296e-01
5.9568606992e-01
5.9735073688e-01
5.9892070186e-01
6.0049066684e-01
6.0206063182e-01
6.0363059680e-01
6.0531884274e-01
6.0700708868e-01
6.0869533463e-01
6.1038358057e-01
6.1231509342e-01
6.1424660627e-01
6.1617811911e-01
6.1810963196e-01
6.2044990856e-01
6.2279018515e-01
6.2513046175e-01
6.2747073834e-01
6.3074918980e-01
6.3402764126e-01
6.3730609272e-01
6.4058454418e-01
6.4314849989e-01
6.4571245560e-01
6.4827641130e-01
6.5084036701e-01
6.5305721726e-01
6.5527406751e-01
6.5749091776e-01
6.5970776801e-01
6.6155233264e-01
6.6339689727e-01
6.6524146190e-01
6.6708602653e-01
6.6873746817e-01
6.7038890981e-01
6.7204035144e-01
6.7369179308e-01
6.7525896474e-01
6.7682613640e-01
6.7839330806e-01
6.7996047972e-01
6.8182350616e-01
6.8368653260e-01
6.8554955904e-01
6.8741258548e-01
6.8879350551e-01
6.9017442555e-01
6.9155534559e-01
6.9293626563e-01
6.9421968872e-01
6.9550311182e-01
6.9678653491e-01
6.9806995801e-01
6.9924082164e-01
7.0041168528e-01
7.0158254892e-01
7.0275341255e-01
7.0411388047e-01
7.0547434838e-01
7.0683481630e-01
7.0819528421e-01
7.0935690433e-01
7.1051852445e-01
7.1168014456e-01
7.1284176468e-01
7.1406802165e-01
7.1529427861e-01
7.1652053558e-01
7.1774679254e-01
7.1906705890e-01
7.2038732526e-01
7.2170759162e-01
7.2302785798e-01
7.2446908853e-01
7.2591031908e-01
7.2735154963e-01
7.2879278017e-01
7.3015802852e-01
7.3152327686e-01
7.3288852521e-01
7.3425377355e-01
7.3576918749e-01
7.3728460142e-01
7.3880001536e-01
7.4031542930e-01
7.4210072018e-01
7.4388601106e-01
7.4567130194e-01
7.4745659283e-01
7.4919289139e-01
7.5092918995e-01
7.5266548851e-01
7.5440178707e-01
7.5589227225e-01
7.5738275743e-01
7.5887324261e-01
7.6036372780e-01
7.6172912231e-01
7.6309451682e-01
7.6445991133e-01
7.6582530584e-01
7.6722347613e-01
7.6862164643e-01
7.7001981673e-01
7.7141798702e-01
7.7274514282e-01
7.7407229862e-01
7.7539945441e-01
7.7672661021e-01
7.7795225250e-01
7.7917789478e-01
7.8040353707e-01
7.8162917936e-01
7.8277997254e-01
7.8393076572e-01
7.8508155890e-01
7.8623235208e-01
7.8755886391e-01
7.8888537575e-01
7.9021188758e-01
7.9153839942e-01
7.9271768757e-01
7.9389697572e-01
7.9507626387e-01
7.9625555202e-01
7.9749418682e-01
7.9873282162e-01
7.9997145642e-01
8.0121009122e-01
8.0261349488e-01
8.0401689854e-01
8.0542030220e-01
8.0682370587e-01
8.0856434101e-01
8.1030497616e-01
8.1204561130e-01
8.1378624645e-01
8.1536047120e-01
8.1693469595e-01
8.1850892070e-01
8.2008314545e-01
8.2175588886e-01
8.2342863226e-01
8.2510137567e-01
8.2677411908e-01
8.2868166706e-01
8.3058921505e-01
8.3249676303e-01
8.3440431101e-01
8.3672769830e-01
8.3905108559e-01
8.4137447288e-01
8.4369786016e-01
8.4653040920e-01
8.4936295824e-01
8.5219550728e-01
8.5502805632e-01
8.5775048540e-01
8.6047291449e-01
8.6319534357e-01
8.6591777265e-01
8.6816985202e-01
8.7042193139e-01
8.7267401077e-01
8.7492609014e-01
8.7681835684e-01
8.7871062355e-01
8.8060289025e-01
8.8249515696e-01
8.8418546742e-01
8.8587577789e-01
8.8756608835e-01
8.8925639882e-01
8.9081565318e-01
8.9237490754e-01
8.9393416190e-01
8.9549341626e-01
8.9708911690e-01
8.9868481754e-01
9.0028051818e-01
9.0187621882e-01
9.0332336950e-01
9.0477052017e-01
9.0621767085e-01
9.0766482153e-01
9.0906098506e-01
9.1045714860e-01
9.1185331213e-01
9.1324947566e-01
9.1441801900e-01
9.1558656234e-01
9.1675510568e-01
9.1792364902e-01
9.1910471148e-01
9.2028577394e-01
9.2146683640e-01
9.2264789886e-01
9.2386648497e-01
9.2508507108e-01
9.2630365719e-01
9.2752224330e-01
9.2865032724e-01
9.2977841117e-01
9.3090649511e-01
9.3203457904e-01
9.3326526177e-01
9.3449594450e-01
9.3572662722e-01
9.3695730995e-01
9.3841694721e-01
9.3987658448e-01
9.4133622174e-01
9.4279585900e-01
9.4412643867e-01
9.4545701834e-01
9.4678759801e-01
9.4811817768e-01
9.4952912466e-01
9.5094007165e-01
9.5235101863e-01
9.5376196561e-01
9.5548129119e-01
9.5720061677e-01
9.5891994235e-01
9.6063926793e-01
9.6284277932e-01
9.6504629071e-01
9.6724980210e-01
9.6945331349e-01
9.7189835689e-01
9.7434340030e-01
9.7678844371e-01
9.7923348712e-01
9.8182930123e-01
9.8442511534e-01
9.8702092945e-01
9.8961674356e-01
9.9221255767e-01
9.9480837178e-01
9.9740418589e-01
1.0000000000e+00
