2.8336738723e-01
2.8337596782e-01
2.8340171011e-01
2.8344461567e-01
2.8350468708e-01
2.8356346248e-01
2.8363268622e-01
2.8371236084e-01
2.8380248929e-01
2.8388421582e-01
2.8397297874e-01
2.8406878024e-01
2.8417162266e-01
2.8426592675e-01
2.8436546627e-01
2.8447024297e-01
2.8458025867e-01
2.8469129511e-01
2.8480720523e-01
2.8492799066e-01
2.8505365291e-01
2.8516322792e-01
2.8527626105e-01
2.8539275267e-01
2.8551270281e-01
2.8561239055e-01
2.8571434623e-01
2.8581856885e-01
2.8592505684e-01
2.8601547096e-01
2.8610745308e-01
2.8620100092e-01
2.8629611152e-01
2.8638646888e-01
2.8647818589e-01
2.8657125780e-01
2.8666567880e-01
2.8677076906e-01
2.8687746188e-01
2.8698574327e-01
2.8709559620e-01
2.8718947081e-01
2.8728443463e-01
2.8738047077e-01
2.8747755977e-01
2.8756743654e-01
2.8765815939e-01
2.8774970657e-01
2.8784205384e-01
2.8794504564e-01
2.8804894228e-01
2.8815369939e-01
2.8825926828e-01
2.8835851512e-01
2.8845837685e-01
2.8855880375e-01
2.8865974301e-01
2.8876445172e-01
2.8886958283e-01
2.8897506905e-01
2.8908084051e-01
2.8920021044e-01
2.8931974480e-01
2.8943933542e-01
2.8955887238e-01
2.8971993445e-01
2.8988042247e-01
2.9004006390e-01
2.9019858978e-01
2.9033215107e-01
2.9046456074e-01
2.9059566650e-01
2.9072532130e-01
2.9086577044e-01
2.9100412336e-01
2.9114021067e-01
2.9127387230e-01
2.9142640417e-01
2.9157521413e-01
2.9172009722e-01
2.9186086535e-01
2.9204145047e-01
2.9221409109e-01
2.9237847264e-01
2.9253432418e-01
2.9271851965e-01
2.9288838314e-01
2.9304362478e-01
2.9318403564e-01
2.9332507718e-01
2.9344681353e-01
2.9354927048e-01
2.9363258365e-01
2.9368098489e-01
2.9371965530e-01
2.9374875714e-01
2.9376848693e-01
2.9377771749e-01
2.9378116382e-01
2.9377898256e-01
2.9377134836e-01
2.9376076564e-01
2.9374654140e-01
2.9372881478e-01
2.9370773582e-01
2.9368591073e-01
2.9366160091e-01
2.9363494155e-01
2.9360607561e-01
2.9357588587e-01
2.9354388101e-01
2.9351021516e-01
2.9347504876e-01
2.9343964181e-01
2.9340313514e-01
2.9336568982e-01
2.9332747038e-01
2.9329223245e-01
2.9325662056e-01
2.9322076173e-01
2.9318478288e-01
2.9315378358e-01
2.9312286857e-01
2.9309211634e-01
2.9306160376e-01
2.9303073448e-01
2.9300027159e-01
2.9297028979e-01
2.9294086057e-01
2.9291225800e-01
2.9288432998e-01
2.9285713560e-01
2.9283073002e-01
2.9280596611e-01
2.9278203227e-01
2.9275896782e-01
2.9273680864e-01
2.9271350362e-01
2.9269137364e-01
2.9267045326e-01
2.9265077289e-01
2.9262980663e-01
2.9261053331e-01
2.9259298193e-01
2.9257717684e-01
2.9256447291e-01
2.9255320942e-01
2.9254339652e-01
2.9253504248e-01
2.9252768247e-01
2.9252202994e-01
2.9251808970e-01
2.9251586498e-01
2.9251534158e-01
2.9251636161e-01
2.9251892434e-01
2.9252302789e-01
2.9252854891e-01
2.9253554633e-01
2.9254401477e-01
2.9255394738e-01
2.9256622019e-01
2.9258015525e-01
2.9259573692e-01
2.9261294633e-01
2.9262890097e-01
2.9264600806e-01
2.9266424876e-01
2.9268360156e-01
2.9270297919e-01
2.9272331339e-01
2.9274457783e-01
2.9276674326e-01
2.9279485569e-01
2.9282418734e-01
2.9285466663e-01
2.9288621470e-01
2.9291322961e-01
2.9294087209e-01
2.9296908538e-01
2.9299780956e-01
2.9303119505e-01
2.9306506769e-01
2.9309932501e-01
2.9313386098e-01
2.9317089112e-01
2.9320797895e-01
2.9324498710e-01
2.9328177690e-01
2.9332315671e-01
2.9336387103e-01
2.9340371842e-01
2.9344250077e-01
2.9347921492e-01
2.9351454875e-01
2.9354833171e-01
2.9358039944e-01
2.9361390967e-01
2.9364488800e-01
2.9367313767e-01
2.9369847320e-01
2.9372624404e-01
2.9374867428e-01
2.9376545933e-01
2.9377632254e-01
2.9378104319e-01
2.9377201639e-01
2.9374867294e-01
2.9371054165e-01
2.9366041986e-01
2.9359642486e-01
2.9351836662e-01
2.9342611662e-01
2.9332306573e-01
2.9320660194e-01
2.9307677020e-01
2.9293367129e-01
2.9281171623e-01
2.9268173239e-01
2.9254385068e-01
2.9239822946e-01
2.9227596105e-01
2.9214894482e-01
2.9201730580e-01
2.9188118346e-01
2.9175926183e-01
2.9163417659e-01
2.9150604856e-01
2.9137500817e-01
2.9125378729e-01
2.9113039887e-01
2.9100496147e-01
2.9087760044e-01
2.9074618278e-01
2.9061305683e-01
2.9047837551e-01
2.9034229812e-01
2.9021812767e-01
2.9009307592e-01
2.8996727201e-01
2.8984084760e-01
2.8971731027e-01
2.8959343590e-01
2.8946934925e-01
2.8934517472e-01
2.8924320714e-01
2.8914133108e-01
2.8903961287e-01
2.8893811741e-01
2.8882941995e-01
2.8872112810e-01
2.8861331451e-01
2.8850604851e-01
2.8840685121e-01
2.8830823403e-01
2.8821024371e-01
2.8811292391e-01
2.8801436129e-01
2.8791657840e-01
2.8781961142e-01
2.8772349327e-01
2.8761936734e-01
2.8751632701e-01
2.8741440287e-01
2.8731362167e-01
2.8720548584e-01
2.8709875118e-01
2.8699343939e-01
2.8688956869e-01
2.8679051022e-01
2.8669282497e-01
2.8659652245e-01
2.8650161050e-01
2.8639296533e-01
2.8628621841e-01
2.8618137609e-01
2.8607844327e-01
2.8594705962e-01
2.8581893684e-01
2.8569407901e-01
2.8557248870e-01
2.8542936131e-01
2.8529104683e-01
2.8515754539e-01
2.8502885641e-01
2.8489712151e-01
2.8477083976e-01
2.8465000932e-01
2.8453462826e-01
2.8440176623e-01
2.8427694280e-01
2.8416015462e-01
2.8405139847e-01
2.8391877043e-01
2.8380043443e-01
2.8369638455e-01
2.8360661558e-01
2.8350082028e-01
2.8342569493e-01
2.8338123141e-01
2.8336742492e-01
2.8337709382e-01
2.8340383089e-01
2.8344763774e-01
2.8350851701e-01
2.8356786990e-01
2.8363761823e-01
2.8371776457e-01
2.8380831183e-01
2.8389040449e-01
2.8397950813e-01
2.8407562494e-01
2.8417875725e-01
2.8427339334e-01
2.8437325697e-01
2.8447834991e-01
2.8458867398e-01
2.8470126196e-01
2.8481882483e-01
2.8494136426e-01
2.8506888180e-01
2.8517817307e-01
2.8529087500e-01
2.8540698790e-01
2.8552651175e-01
2.8562570432e-01
2.8572712842e-01
2.8583078302e-01
2.8593666654e-01
2.8602701129e-01
2.8611891447e-01
2.8621237372e-01
2.8630738602e-01
2.8639800184e-01
2.8648997938e-01
2.8658331374e-01
2.8667799894e-01
2.8678247469e-01
2.8688852741e-01
2.8699614311e-01
2.8710530485e-01
2.8719869749e-01
2.8729316412e-01
2.8738868795e-01
2.8748524966e-01
2.8757505352e-01
2.8766569899e-01
2.8775716421e-01
2.8784942486e-01
2.8795333879e-01
2.8805816911e-01
2.8816386998e-01
2.8827039109e-01
2.8836954165e-01
2.8846929970e-01
2.8856961542e-01
2.8867043597e-01
2.8877569903e-01
2.8888138143e-01
2.8898741461e-01
2.8909372741e-01
2.8921317031e-01
2.8933276614e-01
2.8945240636e-01
2.8957198078e-01
2.8973171616e-01
2.8989086694e-01
2.9004916725e-01
2.9020635485e-01
2.9033954638e-01
2.9047158304e-01
2.9060231388e-01
2.9073159313e-01
2.9087244062e-01
2.9101116882e-01
2.9114760703e-01
2.9128159398e-01
2.9143462525e-01
2.9158388914e-01
2.9172917890e-01
2.9187030490e-01
2.9205110734e-01
2.9222389117e-01
2.9238834105e-01
2.9254418578e-01
2.9272850877e-01
2.9289834096e-01
2.9305339322e-01
2.9319345856e-01
2.9333349601e-01
2.9345416526e-01
2.9355549944e-01
2.9363764217e-01
2.9368482019e-01
2.9372241026e-01
2.9375057418e-01
2.9376950729e-01
2.9377820614e-01
2.9378119342e-01
2.9377862464e-01
2.9377067302e-01
2.9375983687e-01
2.9374538554e-01
2.9372745801e-01
2.9370620407e-01
2.9368424778e-01
2.9365982843e-01
2.9363308079e-01
2.9360414727e-01
2.9357375439e-01
2.9354154758e-01
2.9350768259e-01
2.9347232154e-01
2.9343708626e-01
2.9340077841e-01
2.9336355579e-01
2.9332557953e-01
2.9328994071e-01
2.9325392830e-01
2.9321767343e-01
2.9318130708e-01
2.9315048385e-01
2.9311975232e-01
2.9308918954e-01
2.9305887095e-01
2.9302750741e-01
2.9299657266e-01
2.9296614492e-01
2.9293629896e-01
2.9290822374e-01
2.9288081132e-01
2.9285411764e-01
2.9282819494e-01
2.9280301977e-01
2.9277871389e-01
2.9275531860e-01
2.9273287145e-01
2.9270973916e-01
2.9268778997e-01
2.9266705782e-01
2.9264757252e-01
2.9262767005e-01
2.9260932771e-01
2.9259257070e-01
2.9257742031e-01
2.9256468652e-01
2.9255339391e-01
2.9254355264e-01
2.9253517105e-01
2.9252764074e-01
2.9252189408e-01
2.9251793616e-01
2.9251577038e-01
2.9251536443e-01
2.9251649570e-01
2.9251916338e-01
2.9252336553e-01
2.9252903308e-01
2.9253619676e-01
2.9254485099e-01
2.9255498865e-01
2.9256698514e-01
2.9258053750e-01
2.9259563144e-01
2.9261224984e-01
2.9262827819e-01
2.9264547739e-01
2.9266382828e-01
2.9268330889e-01
2.9270252829e-01
2.9272269106e-01
2.9274377150e-01
2.9276574110e-01
2.9279623206e-01
2.9282815264e-01
2.9286141073e-01
2.9289590419e-01
2.9292331444e-01
2.9295133894e-01
2.9297991873e-01
2.9300899165e-01
2.9304386088e-01
2.9307921463e-01
2.9311493644e-01
2.9315090595e-01
2.9318854497e-01
2.9322617625e-01
2.9326365528e-01
2.9330083668e-01
2.9334163718e-01
2.9338169193e-01
2.9342080521e-01
2.9345878504e-01
2.9349520350e-01
2.9353014071e-01
2.9356342472e-01
2.9359489018e-01
2.9362789085e-01
2.9365818026e-01
2.9368555659e-01
2.9370983012e-01
2.9373741431e-01
2.9375859211e-01
2.9377299720e-01
2.9378030052e-01
2.9377763991e-01
2.9375852912e-01
2.9372232560e-01
2.9366851389e-01
2.9360772421e-01
2.9353337784e-01
2.9344534292e-01
2.9334354380e-01
2.9323499828e-01
2.9311424073e-01
2.9298134624e-01
2.9283643812e-01
2.9271323907e-01
2.9258272105e-01
2.9244501802e-01
2.9230028844e-01
2.9217826122e-01
2.9205187167e-01
2.9192124314e-01
2.9178651214e-01
2.9166439279e-01
2.9153931089e-01
2.9141138767e-01
2.9128075344e-01
2.9115822342e-01
2.9103363028e-01
2.9090709670e-01
2.9077875204e-01
2.9064529261e-01
2.9051022265e-01
2.9037370263e-01
2.9023589917e-01
2.9011367327e-01
2.8999070687e-01
2.8986712292e-01
2.8974304621e-01
2.8962390638e-01
2.8950454158e-01
2.8938506285e-01
2.8926558049e-01
2.8916216225e-01
2.8905889274e-01
2.8895584012e-01
2.8885307076e-01
2.8873349954e-01
2.8861450065e-01
2.8849616749e-01
2.8837858805e-01
2.8828186075e-01
2.8818575022e-01
2.8809029707e-01
2.8799553896e-01
2.8789186643e-01
2.8778912417e-01
2.8768735048e-01
2.8758657967e-01
2.8747950278e-01
2.8737365095e-01
2.8726905300e-01
2.8716573377e-01
2.8706357170e-01
2.8696273138e-01
2.8686322816e-01
2.8676507489e-01
2.8666392181e-01
2.8656426581e-01
2.8646611515e-01
2.8636947657e-01
2.8625219609e-01
2.8613723903e-01
2.8602461136e-01
2.8591431751e-01
2.8577338053e-01
2.8563645814e-01
2.8550355322e-01
2.8537466727e-01
2.8523848482e-01
2.8510709740e-01
2.8498050421e-01
2.8485870407e-01
2.8472722647e-01
2.8460182808e-01
2.8448250658e-01
2.8436925966e-01
2.8423664772e-01
2.8411345934e-01
2.8399969054e-01
2.8389533760e-01
2.8377156983e-01
2.8366431897e-01
2.8357357879e-01
2.8349934403e-01
2.8344161035e-01
2.8340037441e-01
2.8337563381e-01
2.8336738710e-01
