0.0000000000e+00
2.2546025224e-03
4.5092050447e-03
6.7638075671e-03
9.0184100894e-03
1.0713395817e-02
1.2408381544e-02
1.4103367272e-02
1.5798353000e-02
1.7260407570e-02
1.8722462141e-02
2.0184516712e-02
2.1646571283e-02
2.3025465045e-02
2.4404358807e-02
2.5783252569e-02
2.7162146330e-02
2.8749276735e-02
3.0336407139e-02
3.1923537544e-02
3.3510667949e-02
3.4830530020e-02
3.6150392091e-02
3.7470254162e-02
3.8790116233e-02
3.9986743783e-02
4.1183371333e-02
4.2379998882e-02
4.3576626432e-02
4.4785918555e-02
4.5995210679e-02
4.7204502802e-02
4.8413794926e-02
4.9680604763e-02
5.0947414599e-02
5.2214224436e-02
5.3481034273e-02
5.4698128132e-02
5.5915221991e-02
5.7132315850e-02
5.8349409709e-02
5.9727426432e-02
6.1105443155e-02
6.2483459878e-02
6.3861476601e-02
6.5330276796e-02
6.6799076990e-02
6.8267877184e-02
6.9736677378e-02
7.1368265010e-02
7.2999852642e-02
7.4631440275e-02
7.6263027907e-02
7.7901904583e-02
7.9540781260e-02
8.1179657936e-02
8.2818534612e-02
8.4532522938e-02
8.6246511264e-02
8.7960499590e-02
8.9674487916e-02
9.1616220358e-02
9.3557952800e-02
9.5499685242e-02
9.7441417684e-02
9.9725692048e-02
1.0200996641e-01
1.0429424078e-01
1.0657851514e-01
1.0944455379e-01
1.1231059245e-01
1.1517663110e-01
1.1804266975e-01
1.2066536857e-01
1.2328806739e-01
1.2591076620e-01
1.2853346502e-01
1.3074724632e-01
1.3296102763e-01
1.3517480893e-01
1.3738859023e-01
1.3931091046e-01
1.4123323069e-01
1.4315555092e-01
1.4507787115e-01
1.4678626501e-01
1.4849465887e-01
1.5020305274e-01
1.5191144660e-01
1.5352397918e-01
1.5513651176e-01
1.5674904433e-01
1.5836157691e-01
1.6009641517e-01
1.6183125343e-01
1.6356609169e-01
1.6530092995e-01
1.6679968472e-01
1.6829843948e-01
1.6979719425e-01
1.7129594901e-01
1.7262867948e-01
1.7396140994e-01
1.7529414041e-01
1.7662687087e-01
1.7784849125e-01
1.7907011162e-01
1.8029173199e-01
1.8151335237e-01
1.8280127776e-01
1.8408920314e-01
1.8537712853e-01
1.8666505392e-01
1.8789516293e-01
1.8912527193e-01
1.9035538094e-01
1.9158548994e-01
1.9277539541e-01
1.9396530088e-01
1.9515520635e-01
1.9634511181e-01
1.9760553381e-01
1.9886595580e-01
2.0012637779e-01
2.0138679978e-01
2.0311463281e-01
2.0484246585e-01
2.0657029889e-01
2.0829813192e-01
2.0969260823e-01
2.1108708454e-01
2.1248156085e-01
2.1387603716e-01
2.1532786309e-01
2.1677968901e-01
2.1823151494e-01
2.1968334086e-01
2.2143276058e-01
2.2318218029e-01
2.2493160001e-01
2.2668101972e-01
2.2907942161e-01
2.3147782350e-01
2.3387622538e-01
2.3627462727e-01
2.3875787935e-01
2.4124113142e-01
2.4372438350e-01
2.4620763557e-01
2.4868035607e-01
2.5115307657e-01
2.5362579707e-01
2.5609851757e-01
2.5838560339e-01
2.6067268920e-01
2.6295977502e-01
2.6524686083e-01
2.6703838250e-01
2.6882990417e-01
2.7062142584e-01
2.7241294751e-01
2.7391347417e-01
2.7541400084e-01
2.7691452750e-01
2.7841505416e-01
2.7979305302e-01
2.8117105187e-01
2.8254905072e-01
2.8392704957e-01
2.8539940088e-01
2.8687175219e-01
2.8834410350e-01
2.8981645481e-01
2.9115304912e-01
2.9248964344e-01
2.9382623776e-01
2.9516283208e-01
2.9645130095e-01
2.9773976982e-01
2.9902823870e-01
3.0031670757e-01
3.0147273050e-01
3.0262875344e-01
3.0378477637e-01
3.0494079930e-01
3.0631585441e-01
3.0769090951e-01
3.0906596462e-01
3.1044101972e-01
3.1163594587e-01
3.1283087201e-01
3.1402579815e-01
3.1522072430e-01
3.1646229243e-01
3.1770386057e-01
3.1894542870e-01
3.2018699684e-01
3.2159446382e-01
3.2300193079e-01
3.2440939777e-01
3.2581686474e-01
3.2744690086e-01
3.2907693698e-01
3.3070697310e-01
3.3233700923e-01
3.3394222973e-01
3.3554745023e-01
3.3715267074e-01
3.3875789124e-01
3.4040415051e-01
3.4205040978e-01
3.4369666905e-01
3.4534292832e-01
3.4719118031e-01
3.4903943230e-01
3.5088768429e-01
3.5273593628e-01
3.5493565910e-01
3.5713538191e-01
3.5933510472e-01
3.6153482753e-01
3.6411500310e-01
3.6669517867e-01
3.6927535423e-01
3.7185552980e-01
3.7462518768e-01
3.7739484556e-01
3.8016450344e-01
3.8293416132e-01
3.8527701525e-01
3.8761986919e-01
3.8996272312e-01
3.9230557705e-01
3.9430922624e-01
3.9631287543e-01
3.9831652461e-01
4.0032017380e-01
4.0210059826e-01
4.0388102272e-01
4.0566144717e-01
4.0744187163e-01
4.0906788405e-01
4.1069389647e-01
4.1231990889e-01
4.1394592132e-01
4.1556979153e-01
4.1719366175e-01
4.1881753197e-01
4.2044140219e-01
4.2202477258e-01
4.2360814297e-01
4.2519151336e-01
4.2677488375e-01
4.2817529222e-01
4.2957570070e-01
4.3097610918e-01
4.3237651766e-01
4.3363280028e-01
4.3488908291e-01
4.3614536553e-01
4.3740164816e-01
4.3859359055e-01
4.3978553295e-01
4.4097747535e-01
4.4216941775e-01
4.4363097569e-01
4.4509253364e-01
4.4655409159e-01
4.4801564953e-01
4.4917866614e-01
4.5034168275e-01
4.5150469935e-01
4.5266771596e-01
4.5397647379e-01
4.5528523161e-01
4.5659398944e-01
4.5790274726e-01
4.5925563744e-01
4.6060852761e-01
4.6196141779e-01
4.6331430796e-01
4.6474975040e-01
4.6618519284e-01
4.6762063527e-01
4.6905607771e-01
4.7044891532e-01
4.7184175294e-01
4.7323459055e-01
4.7462742816e-01
4.7620133609e-01
4.7777524402e-01
4.7934915195e-01
4.8092305987e-01
4.8306940162e-01
4.8521574336e-01
4.8736208510e-01
4.8950842684e-01
4.9301631966e-01
4.9652421248e-01
5.0003210530e-01
5.0353999812e-01
5.0554157283e-01
5.0754314753e-01
5.0954472224e-01
5.1154629695e-01
5.1313916736e-01
5.1473203777e-01
5.1632490819e-01
5.1791777860e-01
5.1933062403e-01
5.2074346947e-01
5.2215631490e-01
5.2356916034e-01
5.2495781764e-01
5.2634647494e-01
5.2773513224e-01
5.2912378954e-01
5.3057386724e-01
5.3202394494e-01
5.3347402264e-01
5.3492410034e-01
5.3618661866e-01
5.3744913697e-01
5.3871165529e-01
5.3997417360e-01
5.4114813373e-01
5.4232209386e-01
5.4349605398e-01
5.4467001411e-01
5.4591602997e-01
5.4716204583e-01
5.4840806170e-01
5.4965407756e-01
5.5088899945e-01
5.5212392134e-01
5.5335884324e-01
5.5459376513e-01
5.5580646652e-01
5.5701916791e-01
5.5823186930e-01
5.5944457069e-01
5.6086194501e-01
5.6227931932e-01
5.6369669364e-01
5.6511406795e-01
5.6662416950e-01
5.6813427104e-01
5.6964437259e-01
5.7115447413e-01
5.7277941043e-01
5.7440434674e-01
5.7602928304e-01
5.7765421934e-01
5.7927915339e-01
5.8090408744e-01
5.8252902150e-01
5.8415395555e-01
5.8590420661e-01
5.8765445767e-01
5.8940470873e-01
5.9115495979e-01
5.9315901714e-01
5.9516307449e-01
5.9716713184e-01
5.9917118919e-01
6.0153601573e-01
6.0390084227e-01
6.0626566881e-01
6.0863049535e-01
6.1165423769e-01
6.1467798002e-01
6.1770172235e-01
6.2072546469e-01
6.2322041768e-01
6.2571537067e-01
6.2821032366e-01
6.3070527665e-01
6.3284242898e-01
6.3497958131e-01
6.3711673364e-01
6.3925388597e-01
6.4111830150e-01
6.4298271703e-01
6.4484713256e-01
6.4671154808e-01
6.4838009497e-01
6.5004864186e-01
6.5171718875e-01
6.5338573564e-01
6.5498673439e-01
6.5658773314e-01
6.5818873188e-01
6.5978973063e-01
6.6155910547e-01
6.6332848030e-01
6.6509785513e-01
6.6686722997e-01
6.6828007370e-01
6.6969291744e-01
6.7110576117e-01
6.7251860490e-01
6.7383790091e-01
6.7515719692e-01
6.7647649293e-01
6.7779578894e-01
6.7898570757e-01
6.8017562619e-01
6.8136554481e-01
6.8255546344e-01
6.8387596293e-01
6.8519646243e-01
6.8651696193e-01
6.8783746142e-01
6.8903151297e-01
6.9022556452e-01
6.9141961607e-01
6.9261366762e-01
6.9380708932e-01
6.9500051103e-01
6.9619393273e-01
6.9738735444e-01
6.9867539970e-01
6.9996344496e-01
7.0125149023e-01
7.0253953549e-01
7.0421476641e-01
7.0588999734e-01
7.0756522826e-01
7.0924045918e-01
7.1061373942e-01
7.1198701967e-01
7.1336029991e-01
7.1473358015e-01
7.1621521536e-01
7.1769685057e-01
7.1917848578e-01
7.2066012099e-01
7.2248871770e-01
7.2431731442e-01
7.2614591113e-01
7.2797450785e-01
7.3044856672e-01
7.3292262560e-01
7.3539668448e-01
7.3787074335e-01
7.4035437886e-01
7.4283801436e-01
7.4532164986e-01
7.4780528537e-01
7.5025164139e-01
7.5269799741e-01
7.5514435343e-01
7.5759070945e-01
7.5981513861e-01
7.6203956776e-01
7.6426399691e-01
7.6648842606e-01
7.6822732665e-01
7.6996622724e-01
7.7170512783e-01
7.7344402842e-01
7.7491812968e-01
7.7639223094e-01
7.7786633219e-01
7.7934043345e-01
7.8072490996e-01
7.8210938648e-01
7.8349386299e-01
7.8487833950e-01
7.8632858751e-01
7.8777883553e-01
7.8922908354e-01
7.9067933155e-01
7.9200721325e-01
7.9333509496e-01
7.9466297666e-01
7.9599085836e-01
7.9725152506e-01
7.9851219175e-01
7.9977285844e-01
8.0103352514e-01
8.0223055555e-01
8.0342758596e-01
8.0462461637e-01
8.0582164678e-01
8.0718676054e-01
8.0855187430e-01
8.0991698805e-01
8.1128210181e-01
8.1248217468e-01
8.1368224755e-01
8.1488232042e-01
8.1608239329e-01
8.1735303768e-01
8.1862368207e-01
8.1989432646e-01
8.2116497085e-01
8.2263306463e-01
8.2410115841e-01
8.2556925219e-01
8.2703734598e-01
8.2882381998e-01
8.3061029398e-01
8.3239676799e-01
8.3418324199e-01
8.3578100935e-01
8.3737877670e-01
8.3897654406e-01
8.4057431142e-01
8.4226204437e-01
8.4394977732e-01
8.4563751027e-01
8.4732524322e-01
8.4923790010e-01
8.5115055697e-01
8.5306321384e-01
8.5497587072e-01
8.5729706634e-01
8.5961826197e-01
8.6193945759e-01
8.6426065321e-01
8.6697286462e-01
8.6968507603e-01
8.7239728743e-01
8.7510949884e-01
8.7773090000e-01
8.8035230117e-01
8.8297370234e-01
8.8559510351e-01
8.8788950459e-01
8.9018390568e-01
8.9247830676e-01
8.9477270785e-01
8.9669706914e-01
8.9862143042e-01
9.0054579171e-01
9.0247015300e-01
9.0419051659e-01
9.0591088018e-01
9.0763124377e-01
9.0935160736e-01
9.1096043456e-01
9.1256926176e-01
9.1417808897e-01
9.1578691617e-01
9.1750296561e-01
9.1921901505e-01
9.2093506450e-01
9.2265111394e-01
9.2412779087e-01
9.2560446781e-01
9.2708114475e-01
9.2855782169e-01
9.3005264630e-01
9.3154747092e-01
9.3304229554e-01
9.3453712016e-01
9.3574566330e-01
9.3695420645e-01
9.3816274959e-01
9.3937129273e-01
9.4059561869e-01
9.4181994465e-01
9.4304427061e-01
9.4426859657e-01
9.4554522121e-01
9.4682184585e-01
9.4809847049e-01
9.4937509513e-01
9.5054069820e-01
9.5170630127e-01
9.5287190434e-01
9.5403750742e-01
9.5530196212e-01
9.5656641683e-01
9.5783087154e-01
9.5909532625e-01
9.6049939040e-01
9.6190345454e-01
9.6330751868e-01
9.6471158282e-01
9.6611244060e-01
9.6751329838e-01
9.6891415616e-01
9.7031501394e-01
9.7173022866e-01
9.7314544337e-01
9.7456065808e-01
9.7597587280e-01
9.7761196631e-01
9.7924805983e-01
9.8088415335e-01
9.8252024686e-01
9.8470511805e-01
9.8688998923e-01
9.8907486041e-01
9.9125973159e-01
9.9344479870e-01
9.9562986580e-01
9.9781493290e-01
1.0000000000e+00
