2.8140835559e-01
2.8142227213e-01
2.8146402314e-01
2.8153361274e-01
2.8163104781e-01
2.8172031246e-01
2.8182459563e-01
2.8194390285e-01
2.8207824050e-01
2.8219485555e-01
2.8232083722e-01
2.8245618968e-01
2.8260091742e-01
2.8272839354e-01
2.8286235716e-01
2.8300281130e-01
2.8314975915e-01
2.8328469059e-01
2.8342467347e-01
2.8356971017e-01
2.8371980308e-01
2.8388468808e-01
2.8405527761e-01
2.8423157425e-01
2.8441358026e-01
2.8455247660e-01
2.8469452464e-01
2.8483972434e-01
2.8498807504e-01
2.8510357666e-01
2.8522091687e-01
2.8534009415e-01
2.8546110636e-01
2.8557033977e-01
2.8568102150e-01
2.8579314818e-01
2.8590671558e-01
2.8603060422e-01
2.8615614893e-01
2.8628333949e-01
2.8641216328e-01
2.8652917463e-01
2.8664747599e-01
2.8676705134e-01
2.8688788185e-01
2.8699768846e-01
2.8710847547e-01
2.8722022176e-01
2.8733290339e-01
2.8744577189e-01
2.8755950789e-01
2.8767407861e-01
2.8778944793e-01
2.8791199340e-01
2.8803533294e-01
2.8815941142e-01
2.8828416942e-01
2.8840318145e-01
2.8852269087e-01
2.8864263689e-01
2.8876295594e-01
2.8890645808e-01
2.8905027889e-01
2.8919429936e-01
2.8933839752e-01
2.8950141819e-01
2.8966419750e-01
2.8982655300e-01
2.8998830289e-01
2.9014760003e-01
2.9030595644e-01
2.9046320462e-01
2.9061918177e-01
2.9078265407e-01
2.9094434789e-01
2.9110409186e-01
2.9126172292e-01
2.9144032883e-01
2.9161571041e-01
2.9178766179e-01
2.9195599227e-01
2.9217181238e-01
2.9238068855e-01
2.9258229842e-01
2.9277635834e-01
2.9301387328e-01
2.9323811545e-01
2.9344872397e-01
2.9364541199e-01
2.9382520368e-01
2.9399114296e-01
2.9414312886e-01
2.9428110865e-01
2.9441968059e-01
2.9454054848e-01
2.9464383730e-01
2.9472974233e-01
2.9478570476e-01
2.9483106057e-01
2.9486601092e-01
2.9489079215e-01
2.9490335322e-01
2.9490989730e-01
2.9491059442e-01
2.9490563272e-01
2.9489711331e-01
2.9488478857e-01
2.9486880862e-01
2.9484933500e-01
2.9482879789e-01
2.9480566751e-01
2.9478009004e-01
2.9475221994e-01
2.9472233099e-01
2.9469049635e-01
2.9465689270e-01
2.9462170400e-01
2.9458778895e-01
2.9455282979e-01
2.9451698765e-01
2.9448042686e-01
2.9444357747e-01
2.9440634866e-01
2.9436890551e-01
2.9433141247e-01
2.9430078406e-01
2.9427031949e-01
2.9424010502e-01
2.9421022479e-01
2.9417431498e-01
2.9413916730e-01
2.9410491669e-01
2.9407168979e-01
2.9404644087e-01
2.9402194596e-01
2.9399825414e-01
2.9397541081e-01
2.9395184514e-01
2.9392935587e-01
2.9390798570e-01
2.9388777291e-01
2.9386572324e-01
2.9384533859e-01
2.9382665948e-01
2.9380972042e-01
2.9379582242e-01
2.9378341247e-01
2.9377250611e-01
2.9376311623e-01
2.9375500880e-01
2.9374854511e-01
2.9374373227e-01
2.9374057541e-01
2.9373909510e-01
2.9373919313e-01
2.9374086943e-01
2.9374412235e-01
2.9374904233e-01
2.9375558342e-01
2.9376373851e-01
2.9377349840e-01
2.9378476650e-01
2.9379759173e-01
2.9381195730e-01
2.9382784319e-01
2.9384415882e-01
2.9386177677e-01
2.9388067061e-01
2.9390081007e-01
2.9392043335e-01
2.9394105420e-01
2.9396263909e-01
2.9398515099e-01
2.9401276515e-01
2.9404153296e-01
2.9407137440e-01
2.9410220235e-01
2.9413006820e-01
2.9415855658e-01
2.9418759530e-01
2.9421710865e-01
2.9425370716e-01
2.9429074680e-01
2.9432807262e-01
2.9436552556e-01
2.9440579193e-01
2.9444581327e-01
2.9448538440e-01
2.9452430080e-01
2.9456197242e-01
2.9459861125e-01
2.9463402846e-01
2.9466804031e-01
2.9470275808e-01
2.9473544300e-01
2.9476589294e-01
2.9479391537e-01
2.9482287565e-01
2.9484813076e-01
2.9486943748e-01
2.9488656976e-01
2.9490225517e-01
2.9491011992e-01
2.9490978923e-01
2.9490092943e-01
2.9487625062e-01
2.9483617201e-01
2.9478022890e-01
2.9470803989e-01
2.9462840870e-01
2.9453503217e-01
2.9442777873e-01
2.9430656048e-01
2.9414105376e-01
2.9395502009e-01
2.9374856330e-01
2.9352189277e-01
2.9335642232e-01
2.9318189333e-01
2.9299847144e-01
2.9280635500e-01
2.9265239143e-01
2.9249351703e-01
2.9232986916e-01
2.9216160056e-01
2.9201290283e-01
2.9186101234e-01
2.9170605742e-01
2.9154817645e-01
2.9140011000e-01
2.9124980585e-01
2.9109739616e-01
2.9094302068e-01
2.9079051057e-01
2.9063640999e-01
2.9048086901e-01
2.9032404359e-01
2.9017356162e-01
2.9002220359e-01
2.8987011639e-01
2.8971744949e-01
2.8958200430e-01
2.8944632912e-01
2.8931052930e-01
2.8917470967e-01
2.8905176642e-01
2.8892896782e-01
2.8880638813e-01
2.8868409968e-01
2.8856075174e-01
2.8843784351e-01
2.8831544182e-01
2.8819361018e-01
2.8807449276e-01
2.8795603728e-01
2.8783829358e-01
2.8772130779e-01
2.8760361829e-01
2.8748679043e-01
2.8737086076e-01
2.8725586221e-01
2.8713032733e-01
2.8700599212e-01
2.8688288688e-01
2.8676103780e-01
2.8663282523e-01
2.8650608242e-01
2.8638082865e-01
2.8625707994e-01
2.8613328772e-01
2.8601106430e-01
2.8589041883e-01
2.8577135867e-01
2.8562903761e-01
2.8548906708e-01
2.8535145316e-01
2.8521620028e-01
2.8504636816e-01
2.8488042105e-01
2.8471836140e-01
2.8456019033e-01
2.8438628207e-01
2.8421733016e-01
2.8405333319e-01
2.8389428931e-01
2.8372105987e-01
2.8355410979e-01
2.8339343576e-01
2.8323903448e-01
2.8305319418e-01
2.8287732530e-01
2.8271142176e-01
2.8255547777e-01
2.8235391696e-01
2.8217184439e-01
2.8200924753e-01
2.8186611514e-01
2.8168933755e-01
2.8155550112e-01
2.8146458544e-01
2.8141657665e-01
2.8140946612e-01
2.8143310560e-01
2.8148749768e-01
2.8157264831e-01
2.8165413527e-01
2.8175198632e-01
2.8186620714e-01
2.8199680438e-01
2.8211046389e-01
2.8223416645e-01
2.8236791644e-01
2.8251171863e-01
2.8263787845e-01
2.8277088149e-01
2.8291073094e-01
2.8305743015e-01
2.8319094923e-01
2.8332968210e-01
2.8347363122e-01
2.8362279909e-01
2.8379263668e-01
2.8396877505e-01
2.8415121735e-01
2.8433996640e-01
2.8447662328e-01
2.8461640726e-01
2.8475931852e-01
2.8490535676e-01
2.8502238800e-01
2.8514135133e-01
2.8526224548e-01
2.8538506857e-01
2.8549443237e-01
2.8560527721e-01
2.8571760015e-01
2.8583139743e-01
2.8594971473e-01
2.8606957365e-01
2.8619096630e-01
2.8631388296e-01
2.8642989178e-01
2.8654720447e-01
2.8666580714e-01
2.8678568334e-01
2.8689841132e-01
2.8701220816e-01
2.8712705295e-01
2.8724292179e-01
2.8735382844e-01
2.8746560725e-01
2.8757822914e-01
2.8769166185e-01
2.8781656351e-01
2.8794234096e-01
2.8806893844e-01
2.8819629543e-01
2.8831463713e-01
2.8843351705e-01
2.8855287705e-01
2.8867265602e-01
2.8882580787e-01
2.8897939850e-01
2.8913328478e-01
2.8928731924e-01
2.8944446212e-01
2.8960144000e-01
2.8975808966e-01
2.8991424799e-01
2.9007424765e-01
2.9023338167e-01
2.9039147963e-01
2.9054837548e-01
2.9071027884e-01
2.9087052948e-01
2.9102895961e-01
2.9118540914e-01
2.9136014513e-01
2.9153193300e-01
2.9170057774e-01
2.9186589789e-01
2.9208092270e-01
2.9228937377e-01
2.9249092766e-01
2.9268529820e-01
2.9293065750e-01
2.9316255087e-01
2.9338057438e-01
2.9358440485e-01
2.9376951985e-01
2.9394068796e-01
2.9409779052e-01
2.9424075918e-01
2.9439232863e-01
2.9452393618e-01
2.9463571657e-01
2.9472789351e-01
2.9478424706e-01
2.9482995977e-01
2.9486523268e-01
2.9489030212e-01
2.9490305928e-01
2.9490978715e-01
2.9491065554e-01
2.9490585238e-01
2.9489742007e-01
2.9488514571e-01
2.9486918101e-01
2.9484968932e-01
2.9482918362e-01
2.9480607791e-01
2.9478051856e-01
2.9475266029e-01
2.9472221935e-01
2.9468975924e-01
2.9465546692e-01
2.9461953721e-01
2.9458598908e-01
2.9455143135e-01
2.9451601925e-01
2.9447991098e-01
2.9444480874e-01
2.9440935714e-01
2.9437369895e-01
2.9433797648e-01
2.9430750201e-01
2.9427717050e-01
2.9424706714e-01
2.9421727512e-01
2.9418182365e-01
2.9414708089e-01
2.9411317683e-01
2.9408023385e-01
2.9405367200e-01
2.9402791385e-01
2.9400301611e-01
2.9397903122e-01
2.9395562891e-01
2.9393326625e-01
2.9391198493e-01
2.9389182244e-01
2.9386726177e-01
2.9384472536e-01
2.9382426791e-01
2.9380593519e-01
2.9379214465e-01
2.9377991334e-01
2.9376925698e-01
2.9376018852e-01
2.9375241289e-01
2.9374639560e-01
2.9374214362e-01
2.9373966175e-01
2.9373894526e-01
2.9373979782e-01
2.9374221863e-01
2.9374620530e-01
2.9375238163e-01
2.9376043345e-01
2.9377035039e-01
2.9378211906e-01
2.9379450130e-01
2.9380840546e-01
2.9382381273e-01
2.9384070086e-01
2.9385724875e-01
2.9387496720e-01
2.9389383077e-01
2.9391381067e-01
2.9393499660e-01
2.9395724194e-01
2.9398050576e-01
2.9400474286e-01
2.9403034236e-01
2.9405684058e-01
2.9408417590e-01
2.9411228202e-01
2.9414052231e-01
2.9416936475e-01
2.9419873472e-01
2.9422855414e-01
2.9426262466e-01
2.9429704280e-01
2.9433168420e-01
2.9436642161e-01
2.9441736181e-01
2.9446781437e-01
2.9451736346e-01
2.9456559693e-01
2.9460264563e-01
2.9463841554e-01
2.9467271554e-01
2.9470536075e-01
2.9473867231e-01
2.9476961348e-01
2.9479797798e-01
2.9482357049e-01
2.9485024659e-01
2.9487241352e-01
2.9488980020e-01
2.9490215703e-01
2.9491055193e-01
2.9490824205e-01
2.9489474499e-01
2.9486964184e-01
2.9482801120e-01
2.9477138385e-01
2.9469942235e-01
2.9461185603e-01
2.9451791245e-01
2.9441062046e-01
2.9428990362e-01
2.9415572533e-01
2.9400963854e-01
2.9385040640e-01
2.9367811505e-01
2.9349289618e-01
2.9333172383e-01
2.9316212929e-01
2.9298426518e-01
2.9279831280e-01
2.9264565684e-01
2.9248819353e-01
2.9232605668e-01
2.9215939492e-01
2.9201072301e-01
2.9185886331e-01
2.9170394407e-01
2.9154610363e-01
2.9139990499e-01
2.9125152545e-01
2.9110109212e-01
2.9094873936e-01
2.9079042167e-01
2.9063038951e-01
2.9046881097e-01
2.9030586101e-01
2.9016043248e-01
2.9001419859e-01
2.8986729187e-01
2.8971984703e-01
2.8957837158e-01
2.8943664829e-01
2.8929479721e-01
2.8915293768e-01
2.8903224835e-01
2.8891170995e-01
2.8879139250e-01
2.8867136421e-01
2.8853524618e-01
2.8839968131e-01
2.8826475842e-01
2.8813056129e-01
2.8801532334e-01
2.8790073224e-01
2.8778683186e-01
2.8767366283e-01
2.8754893988e-01
2.8742521053e-01
2.8730251651e-01
2.8718089502e-01
2.8705305240e-01
2.8692648870e-01
2.8680123365e-01
2.8667731274e-01
2.8655432078e-01
2.8643271268e-01
2.8631250403e-01
2.8619370780e-01
2.8606970878e-01
2.8594730956e-01
2.8582651852e-01
2.8570734239e-01
2.8555294113e-01
2.8540135626e-01
2.8525259442e-01
2.8510666021e-01
2.8488205682e-01
2.8466451357e-01
2.8445403289e-01
2.8425061436e-01
2.8407964409e-01
2.8391399906e-01
2.8375367698e-01
2.8359867536e-01
2.8342135935e-01
2.8325155178e-01
2.8308924835e-01
2.8293444491e-01
2.8274289096e-01
2.8256420649e-01
2.8239838343e-01
2.8224541424e-01
2.8204915417e-01
2.8187909896e-01
2.8173523282e-01
2.8161754237e-01
2.8152601670e-01
2.8146064729e-01
2.8142142808e-01
2.8140835541e-01
