0.0000000000e+00
2.5692701536e-03
5.1385403072e-03
7.7078104608e-03
1.0277080614e-02
1.2096609261e-02
1.3916137907e-02
1.5735666554e-02
1.7555195200e-02
1.9065605282e-02
2.0576015363e-02
2.2086425444e-02
2.3596835526e-02
2.4970990847e-02
2.6345146169e-02
2.7719301491e-02
2.9093456812e-02
3.0501168440e-02
3.1908880068e-02
3.3316591697e-02
3.4724303325e-02
3.6083066987e-02
3.7441830649e-02
3.8800594311e-02
4.0159357973e-02
4.1403551699e-02
4.2647745426e-02
4.3891939153e-02
4.5136132879e-02
4.6287104444e-02
4.7438076009e-02
4.8589047574e-02
4.9740019139e-02
5.0989587907e-02
5.2239156676e-02
5.3488725444e-02
5.4738294212e-02
5.5953953846e-02
5.7169613479e-02
5.8385273113e-02
5.9600932747e-02
6.0795228747e-02
6.1989524748e-02
6.3183820749e-02
6.4378116750e-02
6.5814981219e-02
6.7251845688e-02
6.8688710157e-02
7.0125574626e-02
7.1625814051e-02
7.3126053477e-02
7.4626292902e-02
7.6126532328e-02
7.7745351730e-02
7.9364171132e-02
8.0982990534e-02
8.2601809936e-02
8.4203160268e-02
8.5804510601e-02
8.7405860933e-02
8.9007211266e-02
9.0744680612e-02
9.2482149958e-02
9.4219619305e-02
9.5957088651e-02
9.7942590067e-02
9.9928091484e-02
1.0191359290e-01
1.0389909432e-01
1.0626284453e-01
1.0862659475e-01
1.1099034497e-01
1.1335409519e-01
1.1632776685e-01
1.1930143852e-01
1.2227511019e-01
1.2524878185e-01
1.2770873717e-01
1.3016869249e-01
1.3262864781e-01
1.3508860312e-01
1.3719376419e-01
1.3929892525e-01
1.4140408631e-01
1.4350924737e-01
1.4536203533e-01
1.4721482330e-01
1.4906761126e-01
1.5092039923e-01
1.5257778911e-01
1.5423517900e-01
1.5589256888e-01
1.5754995877e-01
1.5914085148e-01
1.6073174419e-01
1.6232263691e-01
1.6391352962e-01
1.6559582663e-01
1.6727812364e-01
1.6896042065e-01
1.7064271766e-01
1.7208992354e-01
1.7353712942e-01
1.7498433531e-01
1.7643154119e-01
1.7773805399e-01
1.7904456679e-01
1.8035107959e-01
1.8165759239e-01
1.8285290920e-01
1.8404822601e-01
1.8524354282e-01
1.8643885964e-01
1.8774508434e-01
1.8905130905e-01
1.9035753375e-01
1.9166375846e-01
1.9287102084e-01
1.9407828321e-01
1.9528554559e-01
1.9649280797e-01
1.9766994209e-01
1.9884707621e-01
2.0002421033e-01
2.0120134445e-01
2.0246146237e-01
2.0372158030e-01
2.0498169822e-01
2.0624181615e-01
2.0786263258e-01
2.0948344902e-01
2.1110426545e-01
2.1272508189e-01
2.1412804036e-01
2.1553099883e-01
2.1693395731e-01
2.1833691578e-01
2.1978121495e-01
2.2122551413e-01
2.2266981330e-01
2.2411411247e-01
2.2586673678e-01
2.2761936108e-01
2.2937198538e-01
2.3112460968e-01
2.3395799388e-01
2.3679137809e-01
2.3962476230e-01
2.4245814650e-01
2.4526126276e-01
2.4806437903e-01
2.5086749529e-01
2.5367061155e-01
2.5591378793e-01
2.5815696430e-01
2.6040014068e-01
2.6264331706e-01
2.6435167963e-01
2.6606004221e-01
2.6776840479e-01
2.6947676737e-01
2.7093062666e-01
2.7238448595e-01
2.7383834525e-01
2.7529220454e-01
2.7666705090e-01
2.7804189727e-01
2.7941674364e-01
2.8079159000e-01
2.8225813817e-01
2.8372468634e-01
2.8519123451e-01
2.8665778267e-01
2.8797720757e-01
2.8929663247e-01
2.9061605736e-01
2.9193548226e-01
2.9312867209e-01
2.9432186191e-01
2.9551505174e-01
2.9670824157e-01
2.9788997478e-01
2.9907170799e-01
3.0025344120e-01
3.0143517442e-01
3.0271346681e-01
3.0399175921e-01
3.0527005161e-01
3.0654834400e-01
3.0775579843e-01
3.0896325286e-01
3.1017070729e-01
3.1137816172e-01
3.1267650733e-01
3.1397485295e-01
3.1527319856e-01
3.1657154418e-01
3.1797054361e-01
3.1936954305e-01
3.2076854248e-01
3.2216754192e-01
3.2383861195e-01
3.2550968198e-01
3.2718075201e-01
3.2885182204e-01
3.3049024402e-01
3.3212866600e-01
3.3376708798e-01
3.3540550996e-01
3.3706668787e-01
3.3872786579e-01
3.4038904371e-01
3.4205022162e-01
3.4390531605e-01
3.4576041047e-01
3.4761550489e-01
3.4947059931e-01
3.5166070851e-01
3.5385081771e-01
3.5604092691e-01
3.5823103610e-01
3.6085958888e-01
3.6348814165e-01
3.6611669442e-01
3.6874524719e-01
3.7135656047e-01
3.7396787375e-01
3.7657918703e-01
3.7919050032e-01
3.8154223761e-01
3.8389397491e-01
3.8624571221e-01
3.8859744951e-01
3.9059216084e-01
3.9258687216e-01
3.9458158349e-01
3.9657629481e-01
3.9832022017e-01
4.0006414552e-01
4.0180807087e-01
4.0355199623e-01
4.0516478840e-01
4.0677758057e-01
4.0839037274e-01
4.1000316491e-01
4.1188353418e-01
4.1376390344e-01
4.1564427271e-01
4.1752464198e-01
4.1912729092e-01
4.2072993985e-01
4.2233258879e-01
4.2393523772e-01
4.2531512570e-01
4.2669501368e-01
4.2807490166e-01
4.2945478963e-01
4.3069092805e-01
4.3192706647e-01
4.3316320490e-01
4.3439934332e-01
4.3562390739e-01
4.3684847146e-01
4.3807303553e-01
4.3929759960e-01
4.4053204073e-01
4.4176648186e-01
4.4300092299e-01
4.4423536412e-01
4.4541202050e-01
4.4658867689e-01
4.4776533327e-01
4.4894198965e-01
4.5015519454e-01
4.5136839944e-01
4.5258160433e-01
4.5379480922e-01
4.5519220105e-01
4.5658959287e-01
4.5798698470e-01
4.5938437653e-01
4.6078570632e-01
4.6218703611e-01
4.6358836590e-01
4.6498969570e-01
4.6638195892e-01
4.6777422214e-01
4.6916648537e-01
4.7055874859e-01
4.7212536102e-01
4.7369197344e-01
4.7525858587e-01
4.7682519830e-01
4.7893952806e-01
4.8105385781e-01
4.8316818757e-01
4.8528251733e-01
4.8788396843e-01
4.9048541954e-01
4.9308687064e-01
4.9568832174e-01
4.9836648310e-01
5.0104464446e-01
5.0372280581e-01
5.0640096717e-01
5.0850862934e-01
5.1061629151e-01
5.1272395368e-01
5.1483161584e-01
5.1645883012e-01
5.1808604440e-01
5.1971325868e-01
5.2134047295e-01
5.2276432040e-01
5.2418816785e-01
5.2561201529e-01
5.2703586274e-01
5.2842630290e-01
5.2981674307e-01
5.3120718323e-01
5.3259762340e-01
5.3397765679e-01
5.3535769019e-01
5.3673772359e-01
5.3811775699e-01
5.3940450356e-01
5.4069125014e-01
5.4197799671e-01
5.4326474329e-01
5.4444788176e-01
5.4563102023e-01
5.4681415870e-01
5.4799729717e-01
5.4920440611e-01
5.5041151505e-01
5.5161862400e-01
5.5282573294e-01
5.5405676744e-01
5.5528780194e-01
5.5651883644e-01
5.5774987094e-01
5.5895075912e-01
5.6015164730e-01
5.6135253548e-01
5.6255342366e-01
5.6392962223e-01
5.6530582080e-01
5.6668201937e-01
5.6805821794e-01
5.6955112916e-01
5.7104404037e-01
5.7253695159e-01
5.7402986280e-01
5.7561937984e-01
5.7720889688e-01
5.7879841392e-01
5.8038793096e-01
5.8200102093e-01
5.8361411091e-01
5.8522720089e-01
5.8684029086e-01
5.8852407271e-01
5.9020785457e-01
5.9189163642e-01
5.9357541827e-01
5.9546942318e-01
5.9736342810e-01
5.9925743301e-01
6.0115143793e-01
6.0338605903e-01
6.0562068014e-01
6.0785530124e-01
6.1008992235e-01
6.1308567831e-01
6.1608143426e-01
6.1907719022e-01
6.2207294618e-01
6.2476111712e-01
6.2744928805e-01
6.3013745899e-01
6.3282562993e-01
6.3501047752e-01
6.3719532511e-01
6.3938017270e-01
6.4156502030e-01
6.4347383072e-01
6.4538264114e-01
6.4729145156e-01
6.4920026199e-01
6.5090031846e-01
6.5260037493e-01
6.5430043140e-01
6.5600048786e-01
6.5760092476e-01
6.5920136166e-01
6.6080179855e-01
6.6240223545e-01
6.6411990471e-01
6.6583757397e-01
6.6755524324e-01
6.6927291250e-01
6.7077657000e-01
6.7228022751e-01
6.7378388501e-01
6.7528754251e-01
6.7662871861e-01
6.7796989471e-01
6.7931107081e-01
6.8065224691e-01
6.8186733065e-01
6.8308241438e-01
6.8429749812e-01
6.8551258186e-01
6.8678181478e-01
6.8805104771e-01
6.8932028063e-01
6.9058951355e-01
6.9181720367e-01
6.9304489380e-01
6.9427258392e-01
6.9550027404e-01
6.9667820106e-01
6.9785612807e-01
6.9903405508e-01
7.0021198210e-01
7.0144903228e-01
7.0268608245e-01
7.0392313263e-01
7.0516018280e-01
7.0673524279e-01
7.0831030277e-01
7.0988536275e-01
7.1146042273e-01
7.1293597404e-01
7.1441152536e-01
7.1588707667e-01
7.1736262798e-01
7.1878629631e-01
7.2020996465e-01
7.2163363298e-01
7.2305730131e-01
7.2474672818e-01
7.2643615504e-01
7.2812558190e-01
7.2981500877e-01
7.3321447404e-01
7.3661393932e-01
7.4001340460e-01
7.4341286987e-01
7.4604624527e-01
7.4867962066e-01
7.5131299606e-01
7.5394637145e-01
7.5628197180e-01
7.5861757215e-01
7.6095317250e-01
7.6328877286e-01
7.6493711477e-01
7.6658545668e-01
7.6823379859e-01
7.6988214050e-01
7.7131421021e-01
7.7274627992e-01
7.7417834963e-01
7.7561041934e-01
7.7696711916e-01
7.7832381899e-01
7.7968051881e-01
7.8103721863e-01
7.8280538147e-01
7.8457354430e-01
7.8634170713e-01
7.8810986997e-01
7.8938877859e-01
7.9066768721e-01
7.9194659583e-01
7.9322550445e-01
7.9442385620e-01
7.9562220794e-01
7.9682055969e-01
7.9801891143e-01
7.9924595760e-01
8.0047300376e-01
8.0170004992e-01
8.0292709608e-01
8.0431631460e-01
8.0570553311e-01
8.0709475163e-01
8.0848397014e-01
8.0968714837e-01
8.1089032659e-01
8.1209350482e-01
8.1329668304e-01
8.1460074704e-01
8.1590481104e-01
8.1720887503e-01
8.1851293903e-01
8.2004451071e-01
8.2157608238e-01
8.2310765406e-01
8.2463922574e-01
8.2642310074e-01
8.2820697574e-01
8.2999085074e-01
8.3177472574e-01
8.3338098275e-01
8.3498723976e-01
8.3659349678e-01
8.3819975379e-01
8.3992871114e-01
8.4165766849e-01
8.4338662585e-01
8.4511558320e-01
8.4711374227e-01
8.4911190134e-01
8.5111006040e-01
8.5310821947e-01
8.5550542675e-01
8.5790263403e-01
8.6029984131e-01
8.6269704859e-01
8.6534547109e-01
8.6799389358e-01
8.7064231607e-01
8.7329073857e-01
8.7580678510e-01
8.7832283164e-01
8.8083887817e-01
8.8335492471e-01
8.8552988333e-01
8.8770484195e-01
8.8987980057e-01
8.9205475920e-01
8.9391860696e-01
8.9578245473e-01
8.9764630249e-01
8.9951015026e-01
9.0118997771e-01
9.0286980516e-01
9.0454963261e-01
9.0622946006e-01
9.0792485516e-01
9.0962025026e-01
9.1131564536e-01
9.1301104046e-01
9.1493780266e-01
9.1686456485e-01
9.1879132705e-01
9.2071808924e-01
9.2212267045e-01
9.2352725165e-01
9.2493183286e-01
9.2633641407e-01
9.2767193637e-01
9.2900745868e-01
9.3034298099e-01
9.3167850329e-01
9.3286164304e-01
9.3404478279e-01
9.3522792255e-01
9.3641106230e-01
9.3766379016e-01
9.3891651802e-01
9.4016924588e-01
9.4142197374e-01
9.4264661194e-01
9.4387125014e-01
9.4509588834e-01
9.4632052654e-01
9.4748236243e-01
9.4864419831e-01
9.4980603420e-01
9.5096787009e-01
9.5223172870e-01
9.5349558731e-01
9.5475944592e-01
9.5602330453e-01
9.5755817041e-01
9.5909303630e-01
9.6062790218e-01
9.6216276807e-01
9.6352450496e-01
9.6488624186e-01
9.6624797875e-01
9.6760971564e-01
9.6903905765e-01
9.7046839965e-01
9.7189774165e-01
9.7332708365e-01
9.7503308512e-01
9.7673908659e-01
9.7844508806e-01
9.8015108952e-01
9.8263220164e-01
9.8511331375e-01
9.8759442587e-01
9.9007553798e-01
9.9255665349e-01
9.9503776899e-01
9.9751888450e-01
1.0000000000e+00
