1.5036159181e-01
1.5042736169e-01
1.5062468027e-01
1.5095357397e-01
1.5141408611e-01
1.5198820050e-01
1.5268690619e-01
1.5351028194e-01
1.5445841574e-01
1.5552197004e-01
1.5670840774e-01
1.5801782687e-01
1.5945032361e-01
1.6102407035e-01
1.6272383881e-01
1.6454969971e-01
1.6650170551e-01
1.6868888698e-01
1.7101539651e-01
1.7348119382e-01
1.7608619065e-01
1.7967349257e-01
1.8349443063e-01
1.8754832661e-01
1.9183426900e-01
1.9523469172e-01
1.9876698443e-01
2.0243042572e-01
2.0622418521e-01
2.1002141998e-01
2.1393901607e-01
2.1797589348e-01
2.2213085537e-01
2.2613728693e-01
2.3024541380e-01
2.3445394580e-01
2.3876149080e-01
2.4321364699e-01
2.4776374015e-01
2.5241000607e-01
2.5715056887e-01
2.6172872793e-01
2.6638801988e-01
2.7112657042e-01
2.7594241671e-01
2.8069873091e-01
2.8552426641e-01
2.9041698421e-01
2.9537477258e-01
3.0044226132e-01
3.0557149549e-01
3.1076009444e-01
3.1600561364e-01
3.2155915145e-01
3.2716946121e-01
3.3283353388e-01
3.3854830303e-01
3.4486061022e-01
3.5122580896e-01
3.5763968574e-01
3.6409798030e-01
3.7055267239e-01
3.7704270993e-01
3.8356383915e-01
3.9011179959e-01
3.9609799054e-01
4.0209971003e-01
4.0811375995e-01
4.1413696214e-01
4.2001592876e-01
4.2589770416e-01
4.3177942584e-01
4.3765826789e-01
4.4356003267e-01
4.4945329595e-01
4.5533532608e-01
4.6120344399e-01
4.6724015140e-01
4.7325644371e-01
4.7924957569e-01
4.8521687468e-01
4.9159516079e-01
4.9793752177e-01
5.0424094309e-01
5.1050251809e-01
5.1741557479e-01
5.2426969788e-01
5.3106137012e-01
5.3778724670e-01
5.4407608625e-01
5.5030087777e-01
5.5645922623e-01
5.6254887140e-01
5.6875658108e-01
5.7488672884e-01
5.8093727210e-01
5.8690631127e-01
5.9346937935e-01
5.9992650345e-01
6.0627564177e-01
6.1251495006e-01
6.2066080076e-01
6.2860504016e-01
6.3634479368e-01
6.4387769854e-01
6.4944689767e-01
6.5489558728e-01
6.6022325742e-01
6.6542952811e-01
6.7038590926e-01
6.7522662811e-01
6.7995164552e-01
6.8456101131e-01
6.8906698600e-01
6.9345701960e-01
6.9773139250e-01
7.0189044948e-01
7.0600689380e-01
7.1000470145e-01
7.1388440476e-01
7.1764658104e-01
7.2139747772e-01
7.2502518511e-01
7.2853044601e-01
7.3191403007e-01
7.3530294779e-01
7.3856216411e-01
7.4169259966e-01
7.4469518298e-01
7.4771043309e-01
7.5058691165e-01
7.5332568450e-01
7.5592780357e-01
7.5854447036e-01
7.6100918475e-01
7.6332312006e-01
7.6548740758e-01
7.6767062857e-01
7.6967977972e-01
7.7151610322e-01
7.7318075666e-01
7.7483732592e-01
7.7628270454e-01
7.7751808337e-01
7.7854449324e-01
7.7938823095e-01
7.8000947673e-01
7.8040880109e-01
7.8058657249e-01
7.8055155005e-01
7.8032009876e-01
7.7989202876e-01
7.7926698999e-01
7.7850277046e-01
7.7756489060e-01
7.7645269052e-01
7.7516539511e-01
7.7381301408e-01
7.7230821112e-01
7.7065011577e-01
7.6883778371e-01
7.6699467170e-01
7.6501377601e-01
7.6289415573e-01
7.6063482576e-01
7.5835721213e-01
7.5595157594e-01
7.5341698148e-01
7.5075247140e-01
7.4807447065e-01
7.4527523903e-01
7.4235389872e-01
7.3930956904e-01
7.3624781109e-01
7.3306942762e-01
7.2977363857e-01
7.2635967784e-01
7.2291355366e-01
7.1935351287e-01
7.1567890820e-01
7.1188912301e-01
7.0803506415e-01
7.0406771154e-01
6.9998658901e-01
6.9579126944e-01
6.9146037694e-01
6.8701349257e-01
6.8245036682e-01
6.7777082382e-01
6.7274143689e-01
6.6758406525e-01
6.6229881397e-01
6.5688591005e-01
6.5077550936e-01
6.4451130019e-01
6.3809418001e-01
6.3152528299e-01
6.2592626796e-01
6.2022338768e-01
6.1441772689e-01
6.0851051269e-01
6.0289212928e-01
5.9718727613e-01
5.9139732510e-01
5.8552377453e-01
5.7972460771e-01
5.7384931592e-01
5.6789964951e-01
5.6187748515e-01
5.5550316644e-01
5.4905417645e-01
5.4253312301e-01
5.3594277515e-01
5.2987232982e-01
5.2374899244e-01
5.1757522151e-01
5.1135358894e-01
5.0551271342e-01
4.9963483710e-01
4.9372230669e-01
4.8777755136e-01
4.8199415638e-01
4.7618526079e-01
4.7035328053e-01
4.6450069720e-01
4.5867753083e-01
4.5283914017e-01
4.4698812436e-01
4.4112713567e-01
4.3513339094e-01
4.2913499138e-01
4.2313491269e-01
4.1713617264e-01
4.1059214346e-01
4.0405737285e-01
3.9753591909e-01
3.9103187070e-01
3.8426494197e-01
3.7752615507e-01
3.7082020589e-01
3.6415178348e-01
3.5825159713e-01
3.5238811891e-01
3.4656459850e-01
3.4078425430e-01
3.3529185755e-01
3.2984473643e-01
3.2444560622e-01
3.1909713608e-01
3.1387735671e-01
3.0871179796e-01
3.0360285995e-01
2.9855288375e-01
2.9345419571e-01
2.8842185839e-01
2.8345816017e-01
2.7856531205e-01
2.7325223906e-01
2.6803073311e-01
2.6290341531e-01
2.5787278025e-01
2.5318479010e-01
2.4858813719e-01
2.4408463730e-01
2.3967600072e-01
2.3512775373e-01
2.3068872201e-01
2.2636053981e-01
2.2214471652e-01
2.1785293033e-01
2.1368726881e-01
2.0964904639e-01
2.0573944465e-01
2.0076220947e-01
1.9601445338e-01
1.9149795273e-01
1.8721416397e-01
1.8408996365e-01
1.8110349885e-01
1.7825510429e-01
1.7554503916e-01
1.7308799806e-01
1.7075721965e-01
1.6855277424e-01
1.6647469336e-01
1.6454372147e-01
1.6273632284e-01
1.6105244662e-01
1.5949202444e-01
1.5804212678e-01
1.5671782406e-01
1.5551901720e-01
1.5444560514e-01
1.5346180502e-01
1.5261352388e-01
1.5190066284e-01
1.5132313417e-01
1.5083995359e-01
1.5052377560e-01
1.5037454705e-01
1.5039224246e-01
1.5054676392e-01
1.5083160305e-01
1.5124679728e-01
1.5179239992e-01
1.5245003838e-01
1.5323180401e-01
1.5413778158e-01
1.5516806345e-01
1.5631576960e-01
1.5758655317e-01
1.5898051145e-01
1.6049773750e-01
1.6216575506e-01
1.6396120925e-01
1.6588415980e-01
1.6793464444e-01
1.7027587626e-01
1.7276383024e-01
1.7539842721e-01
1.7817952915e-01
1.8159490836e-01
1.8520737363e-01
1.8901631661e-01
1.9302095378e-01
1.9643648319e-01
1.9998129023e-01
2.0365463746e-01
2.0745568017e-01
2.1122886299e-01
2.1511819495e-01
2.1912261486e-01
2.2324095086e-01
2.2727092331e-01
2.3140199301e-01
2.3563284651e-01
2.3996206838e-01
2.4449415767e-01
2.4912599510e-01
2.5385572019e-01
2.5868135537e-01
2.6326671359e-01
2.6793189044e-01
2.7267500712e-01
2.7749409822e-01
2.8226996188e-01
2.8711429203e-01
2.9202502998e-01
2.9700004523e-01
3.0209876974e-01
3.0725873951e-01
3.1247753706e-01
3.1775268163e-01
3.2334895802e-01
3.2900153894e-01
3.3470735634e-01
3.4046328560e-01
3.4689055028e-01
3.5337097337e-01
3.5990012546e-01
3.6647353096e-01
3.7285036713e-01
3.7926009470e-01
3.8569863389e-01
3.9216190164e-01
3.9813141948e-01
4.0411527208e-01
4.1011030297e-01
4.1611337718e-01
4.2199019362e-01
4.2786885192e-01
4.3374650636e-01
4.3962034908e-01
4.4552876034e-01
4.5142772308e-01
4.5731451019e-01
4.6318644859e-01
4.6924159773e-01
4.7527523535e-01
4.8128460638e-01
4.8726703042e-01
4.9367418103e-01
5.0004394128e-01
5.0637327532e-01
5.1265925856e-01
5.1942751434e-01
5.2613798478e-01
5.3278739015e-01
5.3937261089e-01
5.4564779901e-01
5.5185827835e-01
5.5800168544e-01
5.6407579144e-01
5.7028284509e-01
5.7641135608e-01
5.8245929998e-01
5.8842479619e-01
5.9490825405e-01
6.0128710945e-01
6.0755941492e-01
6.1372341239e-01
6.2132175425e-01
6.2874345550e-01
6.3598618543e-01
6.4304800472e-01
6.4863636885e-01
6.5410424518e-01
6.5945110356e-01
6.6467654517e-01
6.6964852274e-01
6.7450493351e-01
6.7924572442e-01
6.8387093228e-01
6.8839068227e-01
6.9279464885e-01
6.9708310141e-01
7.0125637441e-01
7.0538577881e-01
7.0939676400e-01
7.1328985301e-01
7.1706561442e-01
7.2082928196e-01
7.2447004862e-01
7.2798864899e-01
7.3138584516e-01
7.3478781530e-01
7.3806047069e-01
7.4120472464e-01
7.4422149918e-01
7.4725043288e-01
7.5014114329e-01
7.5289468976e-01
7.5551211866e-01
7.5814241556e-01
7.6062173591e-01
7.6295124570e-01
7.6513207041e-01
7.6733238976e-01
7.6936008587e-01
7.7121639635e-01
7.7290247672e-01
7.7458543752e-01
7.7605880144e-01
7.7732376936e-01
7.7838138576e-01
7.7927204450e-01
7.7993451297e-01
7.8036941426e-01
7.8057715954e-01
7.8056629908e-01
7.8035776874e-01
7.7995139629e-01
7.7934684719e-01
7.7860142896e-01
7.7768160605e-01
7.7658672760e-01
7.7531602610e-01
7.7398030924e-01
7.7249196622e-01
7.7085013294e-01
7.6905387069e-01
7.6722585457e-01
7.6525991884e-01
7.6315512565e-01
7.6091049239e-01
7.5864661403e-01
7.5625458553e-01
7.5373347148e-01
7.5108231425e-01
7.4841712985e-01
7.4563060704e-01
7.4272186628e-01
7.3969002463e-01
7.3664058151e-01
7.3347442912e-01
7.3019078409e-01
7.2678887656e-01
7.2335502882e-01
7.1980720901e-01
7.1614476516e-01
7.1236707537e-01
7.0852588621e-01
7.0457138619e-01
7.0050309286e-01
6.9632057220e-01
6.9200411588e-01
6.8757170693e-01
6.8302308716e-01
6.7835807124e-01
6.7334010754e-01
6.6819396594e-01
6.6291973799e-01
6.5751763648e-01
6.5152152664e-01
6.4537637079e-01
6.3908299619e-01
6.3264245016e-01
6.2701742328e-01
6.2128658961e-01
6.1545103446e-01
6.0951198911e-01
6.0389481831e-01
5.9819050226e-01
5.9240040134e-01
5.8652600307e-01
5.8073991434e-01
5.7487739937e-01
5.6894018709e-01
5.6293013234e-01
5.5651902507e-01
5.5003168338e-01
5.4347075065e-01
5.3683903621e-01
5.3074882232e-01
5.2460488461e-01
5.1840969917e-01
5.1216585757e-01
5.0631225452e-01
5.0042110608e-01
4.9449476943e-01
4.8853568540e-01
4.8274902352e-01
4.7693649068e-01
4.7110050263e-01
4.6524354137e-01
4.5942035047e-01
4.5358159660e-01
4.4772987478e-01
4.4186783365e-01
4.3586991324e-01
4.2986696730e-01
4.2386197345e-01
4.1785795204e-01
4.1130364668e-01
4.0475818622e-01
3.9822564285e-01
3.9171012010e-01
3.8503384988e-01
3.7838443048e-01
3.7176636621e-01
3.6518415629e-01
3.5923295992e-01
3.5331848130e-01
3.4744404964e-01
3.4161296300e-01
3.3610360517e-01
3.3063928714e-01
3.2522274611e-01
3.1985667351e-01
3.1462353999e-01
3.0944439619e-01
3.0432165834e-01
2.9925768384e-01
2.9414706679e-01
2.8910256011e-01
2.8412646660e-01
2.7922101189e-01
2.7401163454e-01
2.6888951829e-01
2.6385713530e-01
2.5891684216e-01
2.5419363202e-01
2.4956195179e-01
2.4502365824e-01
2.4058050116e-01
2.3599123831e-01
2.3151182014e-01
2.2714392677e-01
2.2288911076e-01
2.1857015725e-01
2.1437743628e-01
2.1031229071e-01
2.0637592885e-01
2.0131889669e-01
1.9649595665e-01
1.9190897937e-01
1.8755949899e-01
1.8442071716e-01
1.8141960681e-01
1.7855651117e-01
1.7583169717e-01
1.7336071276e-01
1.7101594142e-01
1.6879745818e-01
1.6670529867e-01
1.6476118793e-01
1.6294050906e-01
1.6124321366e-01
1.5966923526e-01
1.5820683459e-01
1.5686965612e-01
1.5565760169e-01
1.5457057076e-01
1.5358359430e-01
1.5272845316e-01
1.5200505119e-01
1.5141330242e-01
1.5095313321e-01
1.5062448439e-01
1.5042731273e-01
1.5036159181e-01
