5.6028186296e-01
5.6028186381e-01
5.6028186636e-01
5.6028187061e-01
5.6028187656e-01
5.6028188393e-01
5.6028189288e-01
5.6028190341e-01
5.6028191551e-01
5.6028192894e-01
5.6028194389e-01
5.6028196034e-01
5.6028197830e-01
5.6028199757e-01
5.6028201830e-01
5.6028204049e-01
5.6028206412e-01
5.6028208911e-01
5.6028211551e-01
5.6028214333e-01
5.6028217255e-01
5.6028220320e-01
5.6028223524e-01
5.6028226865e-01
5.6028230343e-01
5.6028233977e-01
5.6028237746e-01
5.6028241649e-01
5.6028245685e-01
5.6028249896e-01
5.6028254241e-01
5.6028258716e-01
5.6028263321e-01
5.6028268132e-01
5.6028273073e-01
5.6028278142e-01
5.6028283339e-01
5.6028288789e-01
5.6028294368e-01
5.6028300074e-01
5.6028305905e-01
5.6028312059e-01
5.6028318342e-01
5.6028324751e-01
5.6028331283e-01
5.6028338316e-01
5.6028345480e-01
5.6028352773e-01
5.6028360190e-01
5.6028368381e-01
5.6028376711e-01
5.6028385176e-01
5.6028393770e-01
5.6028402255e-01
5.6028410853e-01
5.6028419562e-01
5.6028428377e-01
5.6028436770e-01
5.6028445249e-01
5.6028453811e-01
5.6028462451e-01
5.6028470970e-01
5.6028479558e-01
5.6028488210e-01
5.6028496922e-01
5.6028505658e-01
5.6028514446e-01
5.6028523284e-01
5.6028532166e-01
5.6028541196e-01
5.6028550264e-01
5.6028559366e-01
5.6028568498e-01
5.6028577425e-01
5.6028586373e-01
5.6028595339e-01
5.6028604319e-01
5.6028613124e-01
5.6028621936e-01
5.6028630750e-01
5.6028639564e-01
5.6028648296e-01
5.6028657020e-01
5.6028665734e-01
5.6028674433e-01
5.6028683088e-01
5.6028691722e-01
5.6028700332e-01
5.6028708914e-01
5.6028717474e-01
5.6028726001e-01
5.6028734490e-01
5.6028742938e-01
5.6028751381e-01
5.6028759777e-01
5.6028768121e-01
5.6028776411e-01
5.6028784709e-01
5.6028792944e-01
5.6028801115e-01
5.6028809217e-01
5.6028817337e-01
5.6028825381e-01
5.6028833344e-01
5.6028841226e-01
5.6028849130e-01
5.6028856943e-01
5.6028864660e-01
5.6028872280e-01
5.6028879920e-01
5.6028887451e-01
5.6028894871e-01
5.6028902177e-01
5.6028909504e-01
5.6028916704e-01
5.6028923777e-01
5.6028930717e-01
5.6028937678e-01
5.6028944494e-01
5.6028951163e-01
5.6028957681e-01
5.6028964210e-01
5.6028970574e-01
5.6028976770e-01
5.6028982794e-01
5.6028988801e-01
5.6028994620e-01
5.6029000249e-01
5.6029005684e-01
5.6029011121e-01
5.6029016344e-01
5.6029021348e-01
5.6029026133e-01
5.6029030856e-01
5.6029035336e-01
5.6029039572e-01
5.6029043559e-01
5.6029047451e-01
5.6029051068e-01
5.6029054408e-01
5.6029057469e-01
5.6029060383e-01
5.6029062985e-01
5.6029065273e-01
5.6029067244e-01
5.6029069016e-01
5.6029070416e-01
5.6029071444e-01
5.6029072098e-01
5.6029072375e-01
5.6029072297e-01
5.6029071863e-01
5.6029071074e-01
5.6029070011e-01
5.6029068637e-01
5.6029066952e-01
5.6029064957e-01
5.6029062768e-01
5.6029060300e-01
5.6029057556e-01
5.6029054535e-01
5.6029051382e-01
5.6029047980e-01
5.6029044329e-01
5.6029040434e-01
5.6029036444e-01
5.6029032231e-01
5.6029027796e-01
5.6029023141e-01
5.6029018452e-01
5.6029013563e-01
5.6029008478e-01
5.6029003199e-01
5.6028997858e-01
5.6028992337e-01
5.6028986640e-01
5.6028980768e-01
5.6028974872e-01
5.6028968816e-01
5.6028962603e-01
5.6028956234e-01
5.6028949855e-01
5.6028943333e-01
5.6028936671e-01
5.6028929872e-01
5.6028923067e-01
5.6028916135e-01
5.6028909080e-01
5.6028901905e-01
5.6028894723e-01
5.6028887432e-01
5.6028880032e-01
5.6028872529e-01
5.6028865025e-01
5.6028857426e-01
5.6028849734e-01
5.6028841953e-01
5.6028834169e-01
5.6028826303e-01
5.6028818358e-01
5.6028810339e-01
5.6028802310e-01
5.6028794212e-01
5.6028786051e-01
5.6028777828e-01
5.6028769585e-01
5.6028761288e-01
5.6028752940e-01
5.6028744544e-01
5.6028736114e-01
5.6028727642e-01
5.6028719133e-01
5.6028710589e-01
5.6028701989e-01
5.6028693361e-01
5.6028684709e-01
5.6028676035e-01
5.6028667270e-01
5.6028658490e-01
5.6028649699e-01
5.6028640900e-01
5.6028631927e-01
5.6028622953e-01
5.6028613981e-01
5.6028605016e-01
5.6028595815e-01
5.6028586627e-01
5.6028577459e-01
5.6028568313e-01
5.6028559285e-01
5.6028550286e-01
5.6028541322e-01
5.6028532395e-01
5.6028523486e-01
5.6028514622e-01
5.6028505807e-01
5.6028497045e-01
5.6028488153e-01
5.6028479324e-01
5.6028470562e-01
5.6028461871e-01
5.6028452741e-01
5.6028443700e-01
5.6028434751e-01
5.6028425900e-01
5.6028416909e-01
5.6028408032e-01
5.6028399270e-01
5.6028390631e-01
5.6028382751e-01
5.6028374983e-01
5.6028367329e-01
5.6028359794e-01
5.6028352776e-01
5.6028345870e-01
5.6028339078e-01
5.6028332404e-01
5.6028326056e-01
5.6028319822e-01
5.6028313707e-01
5.6028307711e-01
5.6028301968e-01
5.6028296345e-01
5.6028290842e-01
5.6028285461e-01
5.6028280288e-01
5.6028275238e-01
5.6028270311e-01
5.6028265511e-01
5.6028260888e-01
5.6028256391e-01
5.6028252022e-01
5.6028247783e-01
5.6028243701e-01
5.6028239748e-01
5.6028235929e-01
5.6028232242e-01
5.6028228697e-01
5.6028225287e-01
5.6028222014e-01
5.6028218878e-01
5.6028215873e-01
5.6028213009e-01
5.6028210287e-01
5.6028207706e-01
5.6028205250e-01
5.6028202940e-01
5.6028200777e-01
5.6028198763e-01
5.6028196868e-01
5.6028195127e-01
5.6028193542e-01
5.6028192112e-01
5.6028190799e-01
5.6028189652e-01
5.6028188674e-01
5.6028187863e-01
5.6028187143e-01
5.6028186642e-01
5.6028186362e-01
5.6028186302e-01
5.6028186430e-01
5.6028186728e-01
5.6028187195e-01
5.6028187831e-01
5.6028188607e-01
5.6028189541e-01
5.6028190632e-01
5.6028191881e-01
5.6028193261e-01
5.6028194793e-01
5.6028196475e-01
5.6028198307e-01
5.6028200271e-01
5.6028202380e-01
5.6028204635e-01
5.6028207034e-01
5.6028209568e-01
5.6028212245e-01
5.6028215062e-01
5.6028218020e-01
5.6028221121e-01
5.6028224360e-01
5.6028227737e-01
5.6028231250e-01
5.6028234920e-01
5.6028238725e-01
5.6028242664e-01
5.6028246736e-01
5.6028250984e-01
5.6028255366e-01
5.6028259878e-01
5.6028264520e-01
5.6028269369e-01
5.6028274349e-01
5.6028279458e-01
5.6028284693e-01
5.6028290186e-01
5.6028295808e-01
5.6028301557e-01
5.6028307430e-01
5.6028313631e-01
5.6028319961e-01
5.6028326416e-01
5.6028332994e-01
5.6028340097e-01
5.6028347332e-01
5.6028354696e-01
5.6028362185e-01
5.6028370469e-01
5.6028378893e-01
5.6028387451e-01
5.6028396141e-01
5.6028404598e-01
5.6028413167e-01
5.6028421844e-01
5.6028430623e-01
5.6028439021e-01
5.6028447503e-01
5.6028456066e-01
5.6028464706e-01
5.6028473238e-01
5.6028481836e-01
5.6028490497e-01
5.6028499217e-01
5.6028507972e-01
5.6028516779e-01
5.6028525633e-01
5.6028534532e-01
5.6028543536e-01
5.6028552578e-01
5.6028561652e-01
5.6028570756e-01
5.6028579670e-01
5.6028588604e-01
5.6028597554e-01
5.6028606518e-01
5.6028615318e-01
5.6028624125e-01
5.6028632933e-01
5.6028641740e-01
5.6028650467e-01
5.6028659186e-01
5.6028667894e-01
5.6028676587e-01
5.6028685236e-01
5.6028693864e-01
5.6028702467e-01
5.6028711042e-01
5.6028719596e-01
5.6028728116e-01
5.6028736597e-01
5.6028745036e-01
5.6028753471e-01
5.6028761858e-01
5.6028770192e-01
5.6028778472e-01
5.6028786759e-01
5.6028794984e-01
5.6028803143e-01
5.6028811232e-01
5.6028819340e-01
5.6028827370e-01
5.6028835320e-01
5.6028843187e-01
5.6028851075e-01
5.6028858872e-01
5.6028866572e-01
5.6028874173e-01
5.6028881794e-01
5.6028889306e-01
5.6028896706e-01
5.6028903991e-01
5.6028911296e-01
5.6028918474e-01
5.6028925523e-01
5.6028932439e-01
5.6028939374e-01
5.6028946165e-01
5.6028952806e-01
5.6028959295e-01
5.6028965794e-01
5.6028972126e-01
5.6028978288e-01
5.6028984278e-01
5.6028990249e-01
5.6028996032e-01
5.6029001622e-01
5.6029007018e-01
5.6029012417e-01
5.6029017600e-01
5.6029022563e-01
5.6029027303e-01
5.6029031978e-01
5.6029036409e-01
5.6029040593e-01
5.6029044527e-01
5.6029048363e-01
5.6029051922e-01
5.6029055202e-01
5.6029058201e-01
5.6029061049e-01
5.6029063583e-01
5.6029065800e-01
5.6029067697e-01
5.6029069394e-01
5.6029070712e-01
5.6029071652e-01
5.6029072211e-01
5.6029072389e-01
5.6029072216e-01
5.6029071692e-01
5.6029070816e-01
5.6029069673e-01
5.6029068220e-01
5.6029066459e-01
5.6029064392e-01
5.6029062134e-01
5.6029059600e-01
5.6029056790e-01
5.6029053708e-01
5.6029050495e-01
5.6029047034e-01
5.6029043328e-01
5.6029039378e-01
5.6029035337e-01
5.6029031074e-01
5.6029026591e-01
5.6029021890e-01
5.6029017152e-01
5.6029012218e-01
5.6029007088e-01
5.6029001766e-01
5.6028996386e-01
5.6028990828e-01
5.6028985094e-01
5.6028979188e-01
5.6028973258e-01
5.6028967170e-01
5.6028960925e-01
5.6028954526e-01
5.6028948118e-01
5.6028941568e-01
5.6028934880e-01
5.6028928056e-01
5.6028921225e-01
5.6028914268e-01
5.6028907190e-01
5.6028899992e-01
5.6028892788e-01
5.6028885473e-01
5.6028878053e-01
5.6028870529e-01
5.6028863005e-01
5.6028855387e-01
5.6028847678e-01
5.6028839880e-01
5.6028832077e-01
5.6028824195e-01
5.6028816235e-01
5.6028808201e-01
5.6028800157e-01
5.6028792045e-01
5.6028783871e-01
5.6028775636e-01
5.6028767380e-01
5.6028759070e-01
5.6028750711e-01
5.6028742304e-01
5.6028733862e-01
5.6028725380e-01
5.6028716861e-01
5.6028708308e-01
5.6028699697e-01
5.6028691060e-01
5.6028682398e-01
5.6028673716e-01
5.6028664940e-01
5.6028656149e-01
5.6028647349e-01
5.6028638541e-01
5.6028629546e-01
5.6028620552e-01
5.6028611561e-01
5.6028602577e-01
5.6028593338e-01
5.6028584114e-01
5.6028574910e-01
5.6028565730e-01
5.6028556715e-01
5.6028547731e-01
5.6028538781e-01
5.6028529869e-01
5.6028520965e-01
5.6028512107e-01
5.6028503300e-01
5.6028494546e-01
5.6028485650e-01
5.6028476818e-01
5.6028468055e-01
5.6028459363e-01
5.6028450184e-01
5.6028441096e-01
5.6028432104e-01
5.6028423212e-01
5.6028414294e-01
5.6028405489e-01
5.6028396801e-01
5.6028388235e-01
5.6028380434e-01
5.6028372744e-01
5.6028365169e-01
5.6028357712e-01
5.6028350746e-01
5.6028343891e-01
5.6028337151e-01
5.6028330529e-01
5.6028324226e-01
5.6028318039e-01
5.6028311970e-01
5.6028306020e-01
5.6028300320e-01
5.6028294739e-01
5.6028289278e-01
5.6028283941e-01
5.6028278808e-01
5.6028273798e-01
5.6028268913e-01
5.6028264154e-01
5.6028259570e-01
5.6028255113e-01
5.6028250784e-01
5.6028246585e-01
5.6028242541e-01
5.6028238628e-01
5.6028234848e-01
5.6028231202e-01
5.6028227695e-01
5.6028224325e-01
5.6028221091e-01
5.6028217996e-01
5.6028215030e-01
5.6028212206e-01
5.6028209523e-01
5.6028206983e-01
5.6028204567e-01
5.6028202298e-01
5.6028200176e-01
5.6028198203e-01
5.6028196350e-01
5.6028194652e-01
5.6028193109e-01
5.6028191722e-01
5.6028190454e-01
5.6028189354e-01
5.6028188422e-01
5.6028187659e-01
5.6028187063e-01
5.6028186637e-01
5.6028186382e-01
5.6028186296e-01
