2.6468672416e-01
2.6479150745e-01
2.6510594028e-01
2.6563027160e-01
2.6636491657e-01
2.6688367036e-01
2.6747250698e-01
2.6813158106e-01
2.6886106567e-01
2.6938934744e-01
2.6994938920e-01
2.7054125697e-01
2.7116502054e-01
2.7163751741e-01
2.7212686711e-01
2.7263310000e-01
2.7315624748e-01
2.7357397292e-01
2.7400192324e-01
2.7444011442e-01
2.7488856283e-01
2.7526632629e-01
2.7565109424e-01
2.7604287641e-01
2.7644168270e-01
2.7680744708e-01
2.7717894210e-01
2.7755617521e-01
2.7793915384e-01
2.7829015316e-01
2.7864585468e-01
2.7900626341e-01
2.7937138392e-01
2.7966213389e-01
2.7995580780e-01
2.8025240663e-01
2.8055193057e-01
2.8079539054e-01
2.8104074796e-01
2.8128800109e-01
2.8153714729e-01
2.8177255974e-01
2.8200963022e-01
2.8224835318e-01
2.8248872142e-01
2.8273793826e-01
2.8298887737e-01
2.8324152303e-01
2.8349585581e-01
2.8372539925e-01
2.8395626048e-01
2.8418841526e-01
2.8442183522e-01
2.8463712622e-01
2.8485342605e-01
2.8507070192e-01
2.8528891709e-01
2.8553816242e-01
2.8578850277e-01
2.8603986414e-01
2.8629216537e-01
2.8652088173e-01
2.8675022368e-01
2.8698011716e-01
2.8721048420e-01
2.8748314128e-01
2.8775620554e-01
2.8802953227e-01
2.8830297304e-01
2.8869078291e-01
2.8907808250e-01
2.8946443754e-01
2.8984942019e-01
2.9015908374e-01
2.9046736780e-01
2.9077406822e-01
2.9107898965e-01
2.9142077830e-01
2.9175981220e-01
2.9209585621e-01
2.9242869211e-01
2.9283631137e-01
2.9323835078e-01
2.9363450043e-01
2.9402448622e-01
2.9450404328e-01
2.9497314576e-01
2.9543145909e-01
2.9587871093e-01
2.9637675420e-01
2.9685977666e-01
2.9732759982e-01
2.9778010509e-01
2.9823077079e-01
2.9866503638e-01
2.9908291210e-01
2.9948444005e-01
2.9992487585e-01
3.0034403778e-01
3.0074208805e-01
3.0111920978e-01
3.0154064498e-01
3.0193312997e-01
3.0229703531e-01
3.0263274370e-01
3.0293303483e-01
3.0320731196e-01
3.0345595699e-01
3.0367936549e-01
3.0391059756e-01
3.0410814611e-01
3.0427279986e-01
3.0440544121e-01
3.0447633982e-01
3.0453388583e-01
3.0457844904e-01
3.0461044266e-01
3.0462689011e-01
3.0463629752e-01
3.0463892680e-01
3.0463506464e-01
3.0462664292e-01
3.0461374878e-01
3.0459662531e-01
3.0457553380e-01
3.0455175617e-01
3.0452483045e-01
3.0449503904e-01
3.0446268041e-01
3.0442893484e-01
3.0439334929e-01
3.0435624055e-01
3.0431793563e-01
3.0428383888e-01
3.0424931402e-01
3.0421458863e-01
3.0417989068e-01
3.0414563269e-01
3.0411184645e-01
3.0407874739e-01
3.0404654450e-01
3.0401200035e-01
3.0397907833e-01
3.0394802429e-01
3.0391906513e-01
3.0389119354e-01
3.0386606083e-01
3.0384385283e-01
3.0382472895e-01
3.0380496369e-01
3.0379068446e-01
3.0378204502e-01
3.0377913643e-01
3.0378098084e-01
3.0378654690e-01
3.0379579683e-01
3.0380866690e-01
3.0382154621e-01
3.0383663750e-01
3.0385386955e-01
3.0387315904e-01
3.0389438053e-01
3.0391745110e-01
3.0394225097e-01
3.0396864840e-01
3.0399639506e-01
3.0402543266e-01
3.0405559876e-01
3.0408672196e-01
3.0412271615e-01
3.0415943165e-01
3.0419659443e-01
3.0423392501e-01
3.0427356096e-01
3.0431272465e-01
3.0435107686e-01
3.0438828369e-01
3.0442536544e-01
3.0446050577e-01
3.0449336431e-01
3.0452361569e-01
3.0455412349e-01
3.0458053302e-01
3.0460245771e-01
3.0461953811e-01
3.0463356669e-01
3.0463892310e-01
3.0463507248e-01
3.0462153390e-01
3.0459119259e-01
3.0454502832e-01
3.0448242595e-01
3.0440284331e-01
3.0429546965e-01
3.0416653139e-01
3.0401552322e-01
3.0384198692e-01
3.0364170292e-01
3.0341720987e-01
3.0316811432e-01
3.0289403946e-01
3.0261818689e-01
3.0232040240e-01
3.0200041124e-01
3.0165794470e-01
3.0134046355e-01
3.0100549273e-01
3.0065287063e-01
3.0028244479e-01
2.9992549165e-01
2.9955322533e-01
2.9916556173e-01
2.9876243455e-01
2.9835671904e-01
2.9793640468e-01
2.9750150438e-01
2.9705206622e-01
2.9665325985e-01
2.9624381467e-01
2.9582384937e-01
2.9539351916e-01
2.9502480933e-01
2.9464908934e-01
2.9426652621e-01
2.9387731525e-01
2.9355859837e-01
2.9323583480e-01
2.9290917391e-01
2.9257878077e-01
2.9227789968e-01
2.9197427765e-01
2.9166807084e-01
2.9135944694e-01
2.9106273520e-01
2.9076414963e-01
2.9046386502e-01
2.9016206483e-01
2.8986716772e-01
2.8957120044e-01
2.8927435158e-01
2.8897681422e-01
2.8870768265e-01
2.8843829574e-01
2.8816879964e-01
2.8789933974e-01
2.8766167796e-01
2.8742425311e-01
2.8718715959e-01
2.8695048889e-01
2.8669764333e-01
2.8644548637e-01
2.8619411512e-01
2.8594362035e-01
2.8571925386e-01
2.8549571999e-01
2.8527307041e-01
2.8505135218e-01
2.8480142803e-01
2.8455280791e-01
2.8430553999e-01
2.8405966608e-01
2.8378457066e-01
2.8351133048e-01
2.8323998117e-01
2.8297055175e-01
2.8271782949e-01
2.8246685698e-01
2.8221764684e-01
2.8197020902e-01
2.8167532736e-01
2.8138302417e-01
2.8109330652e-01
2.8080617914e-01
2.8043617988e-01
2.8007058078e-01
2.7970938239e-01
2.7935258329e-01
2.7893440261e-01
2.7852242145e-01
2.7811663273e-01
2.7771702875e-01
2.7726373677e-01
2.7681865126e-01
2.7638175953e-01
2.7595304888e-01
2.7537927699e-01
2.7482078864e-01
2.7427755296e-01
2.7374953984e-01
2.7290030358e-01
2.7209344304e-01
2.7132883296e-01
2.7060635461e-01
2.6907640243e-01
2.6777633972e-01
2.6670505572e-01
2.6586163513e-01
2.6505308906e-01
2.6470282508e-01
2.6481023749e-01
2.6537551207e-01
2.6582220276e-01
2.6638025128e-01
2.6704989138e-01
2.6783140361e-01
2.6837595352e-01
2.6896428822e-01
2.6959650369e-01
2.7027270308e-01
2.7077261242e-01
2.7129419665e-01
2.7183749752e-01
2.7240255851e-01
2.7284304063e-01
2.7329594000e-01
2.7376127722e-01
2.7423907345e-01
2.7463265240e-01
2.7503432615e-01
2.7544410652e-01
2.7586200552e-01
2.7623386423e-01
2.7661194076e-01
2.7699624350e-01
2.7738678088e-01
2.7774524280e-01
2.7810881407e-01
2.7847750078e-01
2.7885130874e-01
2.7916108904e-01
2.7947430669e-01
2.7979096395e-01
2.8011106246e-01
2.8037112968e-01
2.8063342541e-01
2.8089794886e-01
2.8116469841e-01
2.8140319979e-01
2.8164344820e-01
2.8188543975e-01
2.8212916927e-01
2.8236914839e-01
2.8261077438e-01
2.8285403691e-01
2.8309892310e-01
2.8333277749e-01
2.8356806295e-01
2.8380475957e-01
2.8404284365e-01
2.8426678916e-01
2.8449189768e-01
2.8471813852e-01
2.8494547663e-01
2.8517199167e-01
2.8539950363e-01
2.8562796417e-01
2.8585731993e-01
2.8609175172e-01
2.8632698427e-01
2.8656294526e-01
2.8679955733e-01
2.8704668728e-01
2.8729433698e-01
2.8754240407e-01
2.8779078235e-01
2.8810681494e-01
2.8842294293e-01
2.8873893209e-01
2.8905454659e-01
2.8939466299e-01
2.8973377562e-01
2.9007159853e-01
2.9040785452e-01
2.9073074979e-01
2.9105170683e-01
2.9137050805e-01
2.9168694804e-01
2.9206212023e-01
2.9243333209e-01
2.9280030369e-01
2.9316278069e-01
2.9360848344e-01
2.9404643656e-01
2.9447629931e-01
2.9489778048e-01
2.9538721043e-01
2.9586413204e-01
2.9632827880e-01
2.9677944651e-01
2.9725287923e-01
2.9771080863e-01
2.9815315734e-01
2.9857989225e-01
2.9902609130e-01
2.9945388778e-01
2.9986335936e-01
3.0025461036e-01
3.0069774987e-01
3.0111537423e-01
3.0150774898e-01
3.0187515695e-01
3.0223521560e-01
3.0256829906e-01
3.0287477153e-01
3.0315500605e-01
3.0340958285e-01
3.0363865871e-01
3.0384264791e-01
3.0402198882e-01
3.0416710872e-01
3.0429171393e-01
3.0439625643e-01
3.0448123920e-01
3.0453433994e-01
3.0457616745e-01
3.0460705509e-01
3.0462737369e-01
3.0463628138e-01
3.0463894980e-01
3.0463563154e-01
3.0462660185e-01
3.0461391226e-01
3.0459711419e-01
3.0457645725e-01
3.0455220866e-01
3.0452590180e-01
3.0449683189e-01
3.0446527920e-01
3.0443153828e-01
3.0439693896e-01
3.0436085745e-01
3.0432359714e-01
3.0428546913e-01
3.0424992861e-01
3.0421417123e-01
3.0417844592e-01
3.0414300014e-01
3.0411085578e-01
3.0407934035e-01
3.0404863430e-01
3.0401891149e-01
3.0398876117e-01
3.0396007865e-01
3.0393303652e-01
3.0390779407e-01
3.0388254224e-01
3.0385976054e-01
3.0383959606e-01
3.0382217539e-01
3.0380426230e-01
3.0379106110e-01
3.0378269361e-01
3.0377923552e-01
3.0378023874e-01
3.0378495734e-01
3.0379335945e-01
3.0380538757e-01
3.0381746878e-01
3.0383173054e-01
3.0384810748e-01
3.0386652282e-01
3.0388810264e-01
3.0391174154e-01
3.0393730603e-01
3.0396464821e-01
3.0399167580e-01
3.0401997294e-01
3.0404938748e-01
3.0407975881e-01
3.0411565136e-01
3.0415232076e-01
3.0418949269e-01
3.0422688685e-01
3.0426929026e-01
3.0431119635e-01
3.0435219067e-01
3.0439186559e-01
3.0442853396e-01
3.0446325717e-01
3.0449570290e-01
3.0452555359e-01
3.0455556009e-01
3.0458152540e-01
3.0460307501e-01
3.0461986051e-01
3.0463403530e-01
3.0463896069e-01
3.0463405418e-01
3.0461879389e-01
3.0458513621e-01
3.0453434172e-01
3.0446573839e-01
3.0437873613e-01
3.0426730012e-01
3.0413456990e-01
3.0398006531e-01
3.0380334919e-01
3.0358028806e-01
3.0332874930e-01
3.0304824180e-01
3.0273829489e-01
3.0245732917e-01
3.0215536576e-01
3.0183215284e-01
3.0148744445e-01
3.0116642992e-01
3.0082845817e-01
3.0047338022e-01
3.0010105683e-01
2.9974371373e-01
2.9937162325e-01
2.9898471385e-01
2.9858293215e-01
2.9814236496e-01
2.9768516660e-01
2.9721137535e-01
2.9672108029e-01
2.9630071116e-01
2.9586914536e-01
2.9542654770e-01
2.9497312935e-01
2.9462697072e-01
2.9427503306e-01
2.9391746863e-01
2.9355445169e-01
2.9324236295e-01
2.9292662706e-01
2.9260739273e-01
2.9228482299e-01
2.9199073227e-01
2.9169420662e-01
2.9139539787e-01
2.9109446802e-01
2.9075378645e-01
2.9041090039e-01
2.9006608386e-01
2.8971962425e-01
2.8944791912e-01
2.8917554020e-01
2.8890263733e-01
2.8862936228e-01
2.8838430636e-01
2.8813918434e-01
2.8789410546e-01
2.8764917762e-01
2.8741885595e-01
2.8718884815e-01
2.8695923770e-01
2.8673010503e-01
2.8648758687e-01
2.8624578031e-01
2.8600476708e-01
2.8576462324e-01
2.8554305203e-01
2.8532233790e-01
2.8510252755e-01
2.8488366331e-01
2.8463577291e-01
2.8438920683e-01
2.8414400835e-01
2.8390021478e-01
2.8363805779e-01
2.8337761658e-01
2.8311891927e-01
2.8286198882e-01
2.8261185167e-01
2.8236344436e-01
2.8211677808e-01
2.8187186163e-01
2.8156804891e-01
2.8126699306e-01
2.8096870081e-01
2.8067317653e-01
2.8026442873e-01
2.7986110472e-01
2.7946320377e-01
2.7907072280e-01
2.7866348423e-01
2.7826223811e-01
2.7786697729e-01
2.7747769418e-01
2.7701986241e-01
2.7657055993e-01
2.7612977327e-01
2.7569748907e-01
2.7511528476e-01
2.7454919044e-01
2.7399917306e-01
2.7346520044e-01
2.7260112746e-01
2.7178243520e-01
2.7100898737e-01
2.7028065521e-01
2.6897012896e-01
2.6783545595e-01
2.6687589431e-01
2.6609081667e-01
2.6547622085e-01
2.6503751447e-01
2.6477440685e-01
2.6468672367e-01
