0.0000000000e+00
2.3905014376e-03
4.7810028752e-03
7.1715043128e-03
9.5620057504e-03
1.1906028770e-02
1.4250051789e-02
1.6594074809e-02
1.8938097828e-02
2.1543875220e-02
2.4149652611e-02
2.6755430002e-02
2.9361207394e-02
3.1509273302e-02
3.3657339211e-02
3.5805405119e-02
3.7953471028e-02
3.9921461242e-02
4.1889451455e-02
4.3857441669e-02
4.5825431883e-02
4.7490477370e-02
4.9155522856e-02
5.0820568343e-02
5.2485613830e-02
5.3981323781e-02
5.5477033732e-02
5.6972743683e-02
5.8468453634e-02
5.9862658023e-02
6.1256862411e-02
6.2651066800e-02
6.4045271188e-02
6.5376166488e-02
6.6707061788e-02
6.8037957088e-02
6.9368852388e-02
7.0674225519e-02
7.1979598650e-02
7.3284971780e-02
7.4590344911e-02
7.5938549702e-02
7.7286754494e-02
7.8634959285e-02
7.9983164077e-02
8.1517542943e-02
8.3051921808e-02
8.4586300674e-02
8.6120679540e-02
8.7410747933e-02
8.8700816326e-02
8.9990884719e-02
9.1280953112e-02
9.2487261066e-02
9.3693569020e-02
9.4899876975e-02
9.6106184929e-02
9.7337800948e-02
9.8569416966e-02
9.9801032985e-02
1.0103264900e-01
1.0215250881e-01
1.0327236861e-01
1.0439222841e-01
1.0551208822e-01
1.0661927791e-01
1.0772646759e-01
1.0883365728e-01
1.0994084697e-01
1.1112664976e-01
1.1231245255e-01
1.1349825533e-01
1.1468405812e-01
1.1607270767e-01
1.1746135722e-01
1.1885000677e-01
1.2023865632e-01
1.2140191332e-01
1.2256517032e-01
1.2372842731e-01
1.2489168431e-01
1.2602027455e-01
1.2714886479e-01
1.2827745502e-01
1.2940604526e-01
1.3056031213e-01
1.3171457899e-01
1.3286884586e-01
1.3402311272e-01
1.3527890045e-01
1.3653468818e-01
1.3779047591e-01
1.3904626364e-01
1.4040022298e-01
1.4175418231e-01
1.4310814164e-01
1.4446210098e-01
1.4582928427e-01
1.4719646756e-01
1.4856365086e-01
1.4993083415e-01
1.5145798247e-01
1.5298513080e-01
1.5451227912e-01
1.5603942744e-01
1.5769814741e-01
1.5935686738e-01
1.6101558735e-01
1.6267430732e-01
1.6420459136e-01
1.6573487540e-01
1.6726515943e-01
1.6879544347e-01
1.7032433301e-01
1.7185322254e-01
1.7338211208e-01
1.7491100162e-01
1.7648794697e-01
1.7806489232e-01
1.7964183768e-01
1.8121878303e-01
1.8288821323e-01
1.8455764343e-01
1.8622707363e-01
1.8789650383e-01
1.8966439313e-01
1.9143228243e-01
1.9320017173e-01
1.9496806103e-01
1.9687433102e-01
1.9878060101e-01
2.0068687100e-01
2.0259314099e-01
2.0474372210e-01
2.0689430320e-01
2.0904488431e-01
2.1119546541e-01
2.1354939101e-01
2.1590331662e-01
2.1825724222e-01
2.2061116782e-01
2.2333662552e-01
2.2606208322e-01
2.2878754092e-01
2.3151299862e-01
2.3490174373e-01
2.3829048884e-01
2.4167923395e-01
2.4506797906e-01
2.4822056213e-01
2.5137314520e-01
2.5452572828e-01
2.5767831135e-01
2.6037624650e-01
2.6307418165e-01
2.6577211680e-01
2.6847005195e-01
2.7085869217e-01
2.7324733239e-01
2.7563597261e-01
2.7802461283e-01
2.8022178115e-01
2.8241894948e-01
2.8461611780e-01
2.8681328613e-01
2.8878952597e-01
2.9076576582e-01
2.9274200567e-01
2.9471824551e-01
2.9653727638e-01
2.9835630725e-01
3.0017533812e-01
3.0199436899e-01
3.0372320649e-01
3.0545204400e-01
3.0718088150e-01
3.0890971901e-01
3.1053343873e-01
3.1215715846e-01
3.1378087818e-01
3.1540459791e-01
3.1695802581e-01
3.1851145372e-01
3.2006488163e-01
3.2161830954e-01
3.2314302990e-01
3.2466775026e-01
3.2619247062e-01
3.2771719099e-01
3.2928492655e-01
3.3085266211e-01
3.3242039767e-01
3.3398813323e-01
3.3566798910e-01
3.3734784497e-01
3.3902770085e-01
3.4070755672e-01
3.4216087287e-01
3.4361418903e-01
3.4506750518e-01
3.4652082134e-01
3.4787109352e-01
3.4922136570e-01
3.5057163787e-01
3.5192191005e-01
3.5331573354e-01
3.5470955702e-01
3.5610338051e-01
3.5749720400e-01
3.5871980882e-01
3.5994241364e-01
3.6116501847e-01
3.6238762329e-01
3.6353336950e-01
3.6467911572e-01
3.6582486193e-01
3.6697060814e-01
3.6810063571e-01
3.6923066328e-01
3.7036069085e-01
3.7149071842e-01
3.7267828790e-01
3.7386585739e-01
3.7505342687e-01
3.7624099636e-01
3.7762563071e-01
3.7901026507e-01
3.8039489942e-01
3.8177953377e-01
3.8293878789e-01
3.8409804201e-01
3.8525729612e-01
3.8641655024e-01
3.8752094233e-01
3.8862533441e-01
3.8972972650e-01
3.9083411859e-01
3.9196159018e-01
3.9308906177e-01
3.9421653337e-01
3.9534400496e-01
3.9656379392e-01
3.9778358289e-01
3.9900337186e-01
4.0022316082e-01
4.0145280771e-01
4.0268245459e-01
4.0391210148e-01
4.0514174836e-01
4.0646585184e-01
4.0778995532e-01
4.0911405880e-01
4.1043816228e-01
4.1197248730e-01
4.1350681232e-01
4.1504113735e-01
4.1657546237e-01
4.1789776296e-01
4.1922006354e-01
4.2054236413e-01
4.2186466472e-01
4.2317557629e-01
4.2448648787e-01
4.2579739944e-01
4.2710831102e-01
4.2846143004e-01
4.2981454907e-01
4.3116766810e-01
4.3252078712e-01
4.3396117494e-01
4.3540156276e-01
4.3684195058e-01
4.3828233840e-01
4.3987302125e-01
4.4146370410e-01
4.4305438695e-01
4.4464506980e-01
4.4652567131e-01
4.4840627283e-01
4.5028687434e-01
4.5216747586e-01
4.5424695917e-01
4.5632644248e-01
4.5840592579e-01
4.6048540911e-01
4.6337929103e-01
4.6627317295e-01
4.6916705487e-01
4.7206093679e-01
4.7441716175e-01
4.7677338672e-01
4.7912961168e-01
4.8148583665e-01
4.8393883731e-01
4.8639183798e-01
4.8884483864e-01
4.9129783931e-01
4.9398115122e-01
4.9666446312e-01
4.9934777503e-01
5.0203108694e-01
5.0441193071e-01
5.0679277447e-01
5.0917361824e-01
5.1155446201e-01
5.1396335956e-01
5.1637225712e-01
5.1878115467e-01
5.2119005222e-01
5.2371155598e-01
5.2623305975e-01
5.2875456351e-01
5.3127606727e-01
5.3338331036e-01
5.3549055345e-01
5.3759779655e-01
5.3970503964e-01
5.4160856637e-01
5.4351209309e-01
5.4541561982e-01
5.4731914655e-01
5.4894850500e-01
5.5057786345e-01
5.5220722190e-01
5.5383658035e-01
5.5531164793e-01
5.5678671551e-01
5.5826178309e-01
5.5973685067e-01
5.6111589360e-01
5.6249493654e-01
5.6387397947e-01
5.6525302241e-01
5.6657555890e-01
5.6789809540e-01
5.6922063189e-01
5.7054316838e-01
5.7185288309e-01
5.7316259780e-01
5.7447231250e-01
5.7578202721e-01
5.7716054229e-01
5.7853905737e-01
5.7991757244e-01
5.8129608752e-01
5.8277895036e-01
5.8426181320e-01
5.8574467604e-01
5.8722753888e-01
5.8849417603e-01
5.8976081318e-01
5.9102745032e-01
5.9229408747e-01
5.9348923910e-01
5.9468439074e-01
5.9587954238e-01
5.9707469401e-01
5.9827336518e-01
5.9947203636e-01
6.0067070753e-01
6.0186937870e-01
6.0297698997e-01
6.0408460125e-01
6.0519221252e-01
6.0629982379e-01
6.0741068438e-01
6.0852154497e-01
6.0963240556e-01
6.1074326615e-01
6.1195451907e-01
6.1316577199e-01
6.1437702492e-01
6.1558827784e-01
6.1689422070e-01
6.1820016355e-01
6.1950610641e-01
6.2081204927e-01
6.2197210010e-01
6.2313215094e-01
6.2429220178e-01
6.2545225261e-01
6.2658270697e-01
6.2771316132e-01
6.2884361568e-01
6.2997407003e-01
6.3113724796e-01
6.3230042590e-01
6.3346360383e-01
6.3462678177e-01
6.3590911341e-01
6.3719144505e-01
6.3847377669e-01
6.3975610833e-01
6.4109697659e-01
6.4243784484e-01
6.4377871310e-01
6.4511958136e-01
6.4649902501e-01
6.4787846867e-01
6.4925791232e-01
6.5063735597e-01
6.5220427367e-01
6.5377119136e-01
6.5533810905e-01
6.5690502674e-01
6.5852392496e-01
6.6014282318e-01
6.6176172141e-01
6.6338061963e-01
6.6490781010e-01
6.6643500058e-01
6.6796219106e-01
6.6948938153e-01
6.7102207595e-01
6.7255477037e-01
6.7408746479e-01
6.7562015921e-01
6.7720545425e-01
6.7879074928e-01
6.8037604431e-01
6.8196133935e-01
6.8364658108e-01
6.8533182281e-01
6.8701706454e-01
6.8870230627e-01
6.9048273887e-01
6.9226317148e-01
6.9404360408e-01
6.9582403669e-01
6.9775210145e-01
6.9968016622e-01
7.0160823098e-01
7.0353629574e-01
7.0574512146e-01
7.0795394717e-01
7.1016277289e-01
7.1237159861e-01
7.1476231987e-01
7.1715304114e-01
7.1954376241e-01
7.2193448368e-01
7.2473279567e-01
7.2753110765e-01
7.3032941964e-01
7.3312773163e-01
7.3664688041e-01
7.4016602920e-01
7.4368517798e-01
7.4720432676e-01
7.5028702283e-01
7.5336971890e-01
7.5645241498e-01
7.5953511105e-01
7.6217264331e-01
7.6481017558e-01
7.6744770784e-01
7.7008524011e-01
7.7243880467e-01
7.7479236924e-01
7.7714593380e-01
7.7949949837e-01
7.8165026832e-01
7.8380103828e-01
7.8595180823e-01
7.8810257819e-01
7.9004830735e-01
7.9199403651e-01
7.9393976567e-01
7.9588549483e-01
7.9768612938e-01
7.9948676394e-01
8.0128739849e-01
8.0308803304e-01
8.0479276099e-01
8.0649748894e-01
8.0820221689e-01
8.0990694484e-01
8.1151633366e-01
8.1312572248e-01
8.1473511130e-01
8.1634450013e-01
8.1789090481e-01
8.1943730949e-01
8.2098371418e-01
8.2253011886e-01
8.2405468294e-01
8.2557924702e-01
8.2710381110e-01
8.2862837518e-01
8.3021633715e-01
8.3180429912e-01
8.3339226109e-01
8.3498022307e-01
8.3660214408e-01
8.3822406509e-01
8.3984598610e-01
8.4146790711e-01
8.4290115260e-01
8.4433439810e-01
8.4576764359e-01
8.4720088909e-01
8.4854793408e-01
8.4989497906e-01
8.5124202405e-01
8.5258906904e-01
8.5395922902e-01
8.5532938901e-01
8.5669954899e-01
8.5806970897e-01
8.5928120555e-01
8.6049270213e-01
8.6170419871e-01
8.6291569529e-01
8.6405713493e-01
8.6519857458e-01
8.6634001422e-01
8.6748145387e-01
8.6861356518e-01
8.6974567648e-01
8.7087778778e-01
8.7200989909e-01
8.7321299866e-01
8.7441609823e-01
8.7561919780e-01
8.7682229736e-01
8.7814741794e-01
8.7947253851e-01
8.8079765908e-01
8.8212277965e-01
8.8327108314e-01
8.8441938664e-01
8.8556769014e-01
8.8671599363e-01
8.8781812822e-01
8.8892026281e-01
8.9002239741e-01
8.9112453200e-01
8.9225340150e-01
8.9338227101e-01
8.9451114051e-01
8.9564001002e-01
8.9684389147e-01
8.9804777292e-01
8.9925165437e-01
9.0045553582e-01
9.0169490169e-01
9.0293426755e-01
9.0417363342e-01
9.0541299929e-01
9.0675003230e-01
9.0808706531e-01
9.0942409832e-01
9.1076113132e-01
9.1224098224e-01
9.1372083315e-01
9.1520068406e-01
9.1668053497e-01
9.1799854284e-01
9.1931655071e-01
9.2063455858e-01
9.2195256644e-01
9.2326196115e-01
9.2457135586e-01
9.2588075057e-01
9.2719014528e-01
9.2854222028e-01
9.2989429529e-01
9.3124637029e-01
9.3259844529e-01
9.3403630649e-01
9.3547416770e-01
9.3691202890e-01
9.3834989011e-01
9.3993839088e-01
9.4152689166e-01
9.4311539243e-01
9.4470389321e-01
9.4665740050e-01
9.4861090780e-01
9.5056441509e-01
9.5251792239e-01
9.5463589446e-01
9.5675386653e-01
9.5887183859e-01
9.6098981066e-01
9.6361844286e-01
9.6624707505e-01
9.6887570724e-01
9.7150433943e-01
9.7384930500e-01
9.7619427056e-01
9.7853923613e-01
9.8088420169e-01
9.8327367648e-01
9.8566315127e-01
9.8805262606e-01
9.9044210084e-01
9.9283157563e-01
9.9522105042e-01
9.9761052521e-01
1.0000000000e+00
