2.8710453095e-01
2.8710657725e-01
2.8711271615e-01
2.8712294769e-01
2.8713727192e-01
2.8715582185e-01
2.8717851785e-01
2.8720535988e-01
2.8723634778e-01
2.8726537013e-01
2.8729727709e-01
2.8733206812e-01
2.8736974235e-01
2.8740260455e-01
2.8743738307e-01
2.8747407666e-01
2.8751268368e-01
2.8754659773e-01
2.8758185934e-01
2.8761846653e-01
2.8765641682e-01
2.8769288965e-01
2.8773051712e-01
2.8776929569e-01
2.8780922113e-01
2.8786095028e-01
2.8791446612e-01
2.8796975358e-01
2.8802679418e-01
2.8807068167e-01
2.8811553024e-01
2.8816132704e-01
2.8820805735e-01
2.8825226607e-01
2.8829725002e-01
2.8834299234e-01
2.8838947425e-01
2.8843659905e-01
2.8848441761e-01
2.8853290495e-01
2.8858203386e-01
2.8863681145e-01
2.8869228781e-01
2.8874841696e-01
2.8880514954e-01
2.8885712961e-01
2.8890952200e-01
2.8896228305e-01
2.8901536723e-01
2.8907734923e-01
2.8913962637e-01
2.8920211948e-01
2.8926474730e-01
2.8933130040e-01
2.8939781102e-01
2.8946417739e-01
2.8953029727e-01
2.8960661513e-01
2.8968230424e-01
2.8975720791e-01
2.8983117238e-01
2.8990006897e-01
2.8996786978e-01
2.9003445573e-01
2.9009971208e-01
2.9016968292e-01
2.9023777993e-01
2.9030387136e-01
2.9036783293e-01
2.9043892441e-01
2.9050685023e-01
2.9057145659e-01
2.9063260308e-01
2.9070343265e-01
2.9076853242e-01
2.9082771727e-01
2.9088083106e-01
2.9093976811e-01
2.9098834327e-01
2.9102642422e-01
2.9105394832e-01
2.9106799052e-01
2.9107575918e-01
2.9107730977e-01
2.9107272270e-01
2.9106396092e-01
2.9105082959e-01
2.9103342543e-01
2.9101185993e-01
2.9099012993e-01
2.9096551705e-01
2.9093811890e-01
2.9090804171e-01
2.9087861419e-01
2.9084717874e-01
2.9081383268e-01
2.9077867916e-01
2.9074272120e-01
2.9070525109e-01
2.9066638043e-01
2.9062622560e-01
2.9058248255e-01
2.9053758591e-01
2.9049168850e-01
2.9044494711e-01
2.9040639599e-01
2.9036747931e-01
2.9032828520e-01
2.9028890205e-01
2.9025257361e-01
2.9021622836e-01
2.9017993406e-01
2.9014375752e-01
2.9010919200e-01
2.9007485228e-01
2.9004079357e-01
2.9000706932e-01
2.8996735055e-01
2.8992826435e-01
2.8988988944e-01
2.8985229959e-01
2.8982309783e-01
2.8979446464e-01
2.8976642969e-01
2.8973902054e-01
2.8971015479e-01
2.8968207774e-01
2.8965481606e-01
2.8962839383e-01
2.8960028469e-01
2.8957324613e-01
2.8954730075e-01
2.8952246828e-01
2.8949851110e-01
2.8947572427e-01
2.8945412095e-01
2.8943371237e-01
2.8941442660e-01
2.8939636389e-01
2.8937953117e-01
2.8936393425e-01
2.8934781434e-01
2.8933328206e-01
2.8932034210e-01
2.8930899824e-01
2.8929731384e-01
2.8928801854e-01
2.8928111542e-01
2.8927660661e-01
2.8927453273e-01
2.8927466354e-01
2.8927699900e-01
2.8928153851e-01
2.8928704812e-01
2.8929410802e-01
2.8930271671e-01
2.8931287228e-01
2.8932330806e-01
2.8933498702e-01
2.8934790647e-01
2.8936206313e-01
2.8937743113e-01
2.8939402434e-01
2.8941183716e-01
2.8943086292e-01
2.8945115033e-01
2.8947263993e-01
2.8949532066e-01
2.8951917956e-01
2.8954135298e-01
2.8956443230e-01
2.8958840368e-01
2.8961325146e-01
2.8963715956e-01
2.8966179629e-01
2.8968714404e-01
2.8971318338e-01
2.8974243572e-01
2.8977245957e-01
2.8980322143e-01
2.8983468479e-01
2.8986554402e-01
2.8989697690e-01
2.8992894323e-01
2.8996140032e-01
2.8999420132e-01
2.9002739837e-01
2.9006094248e-01
2.9009478274e-01
2.9013457092e-01
2.9017460418e-01
2.9021479382e-01
2.9025504922e-01
2.9029981294e-01
2.9034441569e-01
2.9038872857e-01
2.9043262277e-01
2.9047684490e-01
2.9052036354e-01
2.9056304670e-01
2.9060476532e-01
2.9064609710e-01
2.9068617177e-01
2.9072486569e-01
2.9076206011e-01
2.9080185692e-01
2.9083947196e-01
2.9087476174e-01
2.9090759168e-01
2.9094387348e-01
2.9097615931e-01
2.9100426281e-01
2.9102801644e-01
2.9105036525e-01
2.9106615713e-01
2.9107521037e-01
2.9107737716e-01
2.9107164269e-01
2.9105728126e-01
2.9103423134e-01
2.9100247806e-01
2.9097005901e-01
2.9093187926e-01
2.9088800078e-01
2.9083850728e-01
2.9079237057e-01
2.9074237390e-01
2.9068860586e-01
2.9063116722e-01
2.9057706453e-01
2.9052023353e-01
2.9046077066e-01
2.9039878061e-01
2.9034114358e-01
2.9028165287e-01
2.9022040111e-01
2.9015748626e-01
2.9009359420e-01
2.9002827554e-01
2.8996164054e-01
2.8989380402e-01
2.8982605584e-01
2.8975737828e-01
2.8968789139e-01
2.8961771800e-01
2.8955548602e-01
2.8949290546e-01
2.8943006330e-01
2.8936704676e-01
2.8931069998e-01
2.8925434525e-01
2.8919804361e-01
2.8914185520e-01
2.8908792438e-01
2.8903420479e-01
2.8898074658e-01
2.8892759833e-01
2.8886601985e-01
2.8880499870e-01
2.8874460235e-01
2.8868489423e-01
2.8863590168e-01
2.8858745573e-01
2.8853958588e-01
2.8849231955e-01
2.8844135795e-01
2.8839117859e-01
2.8834180908e-01
2.8829327431e-01
2.8824171038e-01
2.8819117562e-01
2.8814169218e-01
2.8809327943e-01
2.8804502368e-01
2.8799791450e-01
2.8795196511e-01
2.8790718677e-01
2.8786347955e-01
2.8782096710e-01
2.8777965627e-01
2.8773955282e-01
2.8769473542e-01
2.8765154160e-01
2.8760997622e-01
2.8757004319e-01
2.8752094296e-01
2.8747456965e-01
2.8743092701e-01
2.8739001781e-01
2.8734302628e-01
2.8730025506e-01
2.8726170578e-01
2.8722737944e-01
2.8719743669e-01
2.8717166957e-01
2.8715007821e-01
2.8713266262e-01
2.8711825010e-01
2.8710895755e-01
2.8710478491e-01
2.8710573217e-01
2.8711082513e-01
2.8711991020e-01
2.8713298741e-01
2.8715005681e-01
2.8717398912e-01
2.8720295776e-01
2.8723696254e-01
2.8727600301e-01
2.8730698993e-01
2.8734054802e-01
2.8737667647e-01
2.8741537416e-01
2.8744854317e-01
2.8748338993e-01
2.8751991301e-01
2.8755811056e-01
2.8759267974e-01
2.8762851096e-01
2.8766560186e-01
2.8770394955e-01
2.8774215932e-01
2.8778153335e-01
2.8782206707e-01
2.8786375504e-01
2.8791041079e-01
2.8795841502e-01
2.8800775582e-01
2.8805841903e-01
2.8810204811e-01
2.8814658954e-01
2.8819203006e-01
2.8823835464e-01
2.8828203043e-01
2.8832643474e-01
2.8837155073e-01
2.8841735976e-01
2.8846659989e-01
2.8851656735e-01
2.8856723279e-01
2.8861856429e-01
2.8867071312e-01
2.8872346019e-01
2.8877676512e-01
2.8883058490e-01
2.8888310114e-01
2.8893601318e-01
2.8898927557e-01
2.8904284097e-01
2.8910902176e-01
2.8917549196e-01
2.8924215448e-01
2.8930890985e-01
2.8937763052e-01
2.8944623032e-01
2.8951459669e-01
2.8958261701e-01
2.8965524571e-01
2.8972720670e-01
2.8979836429e-01
2.8986858565e-01
2.8993717987e-01
2.9000460341e-01
2.9007073808e-01
2.9013547025e-01
2.9020633513e-01
2.9027514892e-01
2.9034177337e-01
2.9040607862e-01
2.9047765253e-01
2.9054576283e-01
2.9061024920e-01
2.9067096635e-01
2.9073949091e-01
2.9080205201e-01
2.9085847485e-01
2.9090861439e-01
2.9096022542e-01
2.9100251600e-01
2.9103539608e-01
2.9105883099e-01
2.9107085223e-01
2.9107679277e-01
2.9107671235e-01
2.9107069432e-01
2.9106093208e-01
2.9104699668e-01
2.9102898260e-01
2.9100699805e-01
2.9098464035e-01
2.9095943633e-01
2.9093148484e-01
2.9090089328e-01
2.9087124335e-01
2.9083964503e-01
2.9080619427e-01
2.9077099269e-01
2.9073495136e-01
2.9069744137e-01
2.9065857304e-01
2.9061846128e-01
2.9057668237e-01
2.9053387798e-01
2.9049017993e-01
2.9044572327e-01
2.9040672627e-01
2.9036735433e-01
2.9032769870e-01
2.9028785093e-01
2.9025206845e-01
2.9021627059e-01
2.9018052208e-01
2.9014488677e-01
2.9011128958e-01
2.9007790239e-01
2.9004477597e-01
2.9001195953e-01
2.8997484164e-01
2.8993826020e-01
2.8990227994e-01
2.8986696182e-01
2.8983695259e-01
2.8980751762e-01
2.8977868928e-01
2.8975049768e-01
2.8972168653e-01
2.8969363357e-01
2.8966636552e-01
2.8963990662e-01
2.8961170487e-01
2.8958453887e-01
2.8955843166e-01
2.8953340343e-01
2.8950893425e-01
2.8948562901e-01
2.8946350178e-01
2.8944256460e-01
2.8942277052e-01
2.8940419272e-01
2.8938683866e-01
2.8937071459e-01
2.8935418719e-01
2.8933920259e-01
2.8932576571e-01
2.8931388054e-01
2.8930153905e-01
2.8929149468e-01
2.8928375073e-01
2.8927830955e-01
2.8927520250e-01
2.8927433250e-01
2.8927569978e-01
2.8927930397e-01
2.8928412839e-01
2.8929056891e-01
2.8929862417e-01
2.8930829234e-01
2.8931824604e-01
2.8932947205e-01
2.8934196782e-01
2.8935573024e-01
2.8937053943e-01
2.8938657258e-01
2.8940382450e-01
2.8942228905e-01
2.8944213817e-01
2.8946320516e-01
2.8948547954e-01
2.8950894904e-01
2.8953094946e-01
2.8955388332e-01
2.8957773709e-01
2.8960249539e-01
2.8962621852e-01
2.8965068730e-01
2.8967588458e-01
2.8970179140e-01
2.8973039965e-01
2.8975977475e-01
2.8978988548e-01
2.8982069779e-01
2.8985146145e-01
2.8988282313e-01
2.8991474308e-01
2.8994717896e-01
2.8997971522e-01
2.9001266650e-01
2.9004598505e-01
2.9007962115e-01
2.9011902705e-01
2.9015870828e-01
2.9019857878e-01
2.9023855042e-01
2.9028264240e-01
2.9032662625e-01
2.9037037914e-01
2.9041377807e-01
2.9045826687e-01
2.9050210830e-01
2.9054516924e-01
2.9058731924e-01
2.9062900077e-01
2.9066948593e-01
2.9070865033e-01
2.9074637426e-01
2.9078653236e-01
2.9082461307e-01
2.9086047414e-01
2.9089398181e-01
2.9093081072e-01
2.9096389241e-01
2.9099304598e-01
2.9101810785e-01
2.9104244103e-01
2.9106053110e-01
2.9107219310e-01
2.9107727392e-01
2.9107500131e-01
2.9106419355e-01
2.9104477080e-01
2.9101669943e-01
2.9098647668e-01
2.9095020381e-01
2.9090793631e-01
2.9085975323e-01
2.9081466482e-01
2.9076552921e-01
2.9071243425e-01
2.9065548078e-01
2.9060211094e-01
2.9054591270e-01
2.9048698177e-01
2.9042542243e-01
2.9036809542e-01
2.9030883409e-01
2.9024773144e-01
2.9018488602e-01
2.9012166927e-01
2.9005698017e-01
2.8999092681e-01
2.8992362196e-01
2.8985563312e-01
2.8978664358e-01
2.8971677572e-01
2.8964615501e-01
2.8958338428e-01
2.8952021712e-01
2.8945674335e-01
2.8939305323e-01
2.8933610276e-01
2.8927911583e-01
2.8922215582e-01
2.8916528536e-01
2.8911173229e-01
2.8905836467e-01
2.8900523203e-01
2.8895238245e-01
2.8888907443e-01
2.8882632408e-01
2.8876420553e-01
2.8870278854e-01
2.8865386314e-01
2.8860546733e-01
2.8855763092e-01
2.8851038168e-01
2.8845894339e-01
2.8840828350e-01
2.8835843090e-01
2.8830941173e-01
2.8825796236e-01
2.8820751758e-01
2.8815809991e-01
2.8810972912e-01
2.8806084617e-01
2.8801311666e-01
2.8796655471e-01
2.8792117238e-01
2.8787748251e-01
2.8783496356e-01
2.8779362262e-01
2.8775346560e-01
2.8770895454e-01
2.8766600764e-01
2.8762462988e-01
2.8758482525e-01
2.8753564395e-01
2.8748910895e-01
2.8744522425e-01
2.8740399274e-01
2.8735542454e-01
2.8731114787e-01
2.8727116464e-01
2.8723547602e-01
2.8720478573e-01
2.8717818737e-01
2.8715568109e-01
2.8713726693e-01
2.8712294487e-01
2.8711271487e-01
2.8710657690e-01
2.8710453091e-01
