0.0000000000e+00
9.0446666511e-03
1.8089333302e-02
2.7133999953e-02
3.6178666604e-02
4.0951379016e-02
4.5724091427e-02
5.0496803838e-02
5.5269516249e-02
5.8344863508e-02
6.1420210768e-02
6.4495558027e-02
6.7570905287e-02
6.9720106992e-02
7.1869308698e-02
7.4018510404e-02
7.6167712109e-02
7.7787985989e-02
7.9408259869e-02
8.1028533749e-02
8.2648807630e-02
8.3959659755e-02
8.5270511881e-02
8.6581364006e-02
8.7892216132e-02
8.9037078732e-02
9.0181941332e-02
9.1326803932e-02
9.2471666532e-02
9.3606021736e-02
9.4740376939e-02
9.5874732142e-02
9.7009087346e-02
9.7866402198e-02
9.8723717051e-02
9.9581031904e-02
1.0043834676e-01
1.0109362398e-01
1.0174890120e-01
1.0240417842e-01
1.0305945564e-01
1.0367084104e-01
1.0428222645e-01
1.0489361185e-01
1.0550499725e-01
1.0615200663e-01
1.0679901600e-01
1.0744602537e-01
1.0809303474e-01
1.0864303595e-01
1.0919303716e-01
1.0974303837e-01
1.1029303957e-01
1.1081623715e-01
1.1133943473e-01
1.1186263231e-01
1.1238582989e-01
1.1297254697e-01
1.1355926404e-01
1.1414598112e-01
1.1473269820e-01
1.1527326691e-01
1.1581383563e-01
1.1635440435e-01
1.1689497306e-01
1.1753098776e-01
1.1816700246e-01
1.1880301716e-01
1.1943903186e-01
1.2026907939e-01
1.2109912692e-01
1.2192917445e-01
1.2275922198e-01
1.2348418979e-01
1.2420915760e-01
1.2493412541e-01
1.2565909322e-01
1.2649510372e-01
1.2733111423e-01
1.2816712473e-01
1.2900313524e-01
1.3008258433e-01
1.3116203342e-01
1.3224148251e-01
1.3332093160e-01
1.3464139950e-01
1.3596186739e-01
1.3728233529e-01
1.3860280319e-01
1.4002082160e-01
1.4143884002e-01
1.4285685844e-01
1.4427487686e-01
1.4580326620e-01
1.4733165554e-01
1.4886004488e-01
1.5038843421e-01
1.5217277906e-01
1.5395712391e-01
1.5574146875e-01
1.5752581360e-01
1.5974688036e-01
1.6196794713e-01
1.6418901390e-01
1.6641008067e-01
1.6935822321e-01
1.7230636575e-01
1.7525450829e-01
1.7820265083e-01
1.8077331092e-01
1.8334397101e-01
1.8591463110e-01
1.8848529119e-01
1.9101771299e-01
1.9355013478e-01
1.9608255658e-01
1.9861497837e-01
2.0063702332e-01
2.0265906827e-01
2.0468111321e-01
2.0670315816e-01
2.0830750653e-01
2.0991185489e-01
2.1151620326e-01
2.1312055162e-01
2.1456730603e-01
2.1601406043e-01
2.1746081484e-01
2.1890756925e-01
2.2079287062e-01
2.2267817199e-01
2.2456347336e-01
2.2644877473e-01
2.2764366188e-01
2.2883854902e-01
2.3003343617e-01
2.3122832331e-01
2.3237411473e-01
2.3351990615e-01
2.3466569757e-01
2.3581148898e-01
2.3695127590e-01
2.3809106281e-01
2.3923084973e-01
2.4037063664e-01
2.4147129275e-01
2.4257194885e-01
2.4367260495e-01
2.4477326105e-01
2.4591144306e-01
2.4704962508e-01
2.4818780709e-01
2.4932598910e-01
2.5043669436e-01
2.5154739962e-01
2.5265810488e-01
2.5376881013e-01
2.5489124528e-01
2.5601368042e-01
2.5713611556e-01
2.5825855071e-01
2.5935837734e-01
2.6045820397e-01
2.6155803059e-01
2.6265785722e-01
2.6380958673e-01
2.6496131623e-01
2.6611304573e-01
2.6726477523e-01
2.6853366668e-01
2.6980255813e-01
2.7107144957e-01
2.7234034102e-01
2.7375417487e-01
2.7516800872e-01
2.7658184257e-01
2.7799567643e-01
2.7950661736e-01
2.8101755830e-01
2.8252849924e-01
2.8403944018e-01
2.8596113610e-01
2.8788283202e-01
2.8980452794e-01
2.9172622386e-01
2.9408314651e-01
2.9644006916e-01
2.9879699180e-01
3.0115391445e-01
3.0375057636e-01
3.0634723827e-01
3.0894390017e-01
3.1154056208e-01
3.1422726332e-01
3.1691396457e-01
3.1960066581e-01
3.2228736705e-01
3.2461002911e-01
3.2693269116e-01
3.2925535322e-01
3.3157801527e-01
3.3349925498e-01
3.3542049468e-01
3.3734173438e-01
3.3926297409e-01
3.4091171927e-01
3.4256046445e-01
3.4420920963e-01
3.4585795482e-01
3.4733156055e-01
3.4880516628e-01
3.5027877201e-01
3.5175237773e-01
3.5315250225e-01
3.5455262676e-01
3.5595275128e-01
3.5735287579e-01
3.5864369094e-01
3.5993450609e-01
3.6122532124e-01
3.6251613640e-01
3.6361257668e-01
3.6470901697e-01
3.6580545725e-01
3.6690189753e-01
3.6775221678e-01
3.6860253602e-01
3.6945285526e-01
3.7030317451e-01
3.7106422111e-01
3.7182526772e-01
3.7258631433e-01
3.7334736094e-01
3.7405198178e-01
3.7475660261e-01
3.7546122344e-01
3.7616584428e-01
3.7686926941e-01
3.7757269454e-01
3.7827611967e-01
3.7897954480e-01
3.7961733881e-01
3.8025513281e-01
3.8089292681e-01
3.8153072081e-01
3.8206099182e-01
3.8259126282e-01
3.8312153382e-01
3.8365180482e-01
3.8430013736e-01
3.8494846989e-01
3.8559680243e-01
3.8624513496e-01
3.8676213680e-01
3.8727913864e-01
3.8779614047e-01
3.8831314231e-01
3.8889604834e-01
3.8947895436e-01
3.9006186039e-01
3.9064476641e-01
3.9138964611e-01
3.9213452580e-01
3.9287940549e-01
3.9362428518e-01
3.9427120884e-01
3.9491813249e-01
3.9556505614e-01
3.9621197979e-01
3.9701674465e-01
3.9782150952e-01
3.9862627439e-01
3.9943103925e-01
4.0045877688e-01
4.0148651450e-01
4.0251425213e-01
4.0354198976e-01
4.0472940765e-01
4.0591682554e-01
4.0710424343e-01
4.0829166132e-01
4.0974080850e-01
4.1118995568e-01
4.1263910286e-01
4.1408825004e-01
4.1619675306e-01
4.1830525608e-01
4.2041375910e-01
4.2252226211e-01
4.2639700406e-01
4.3027174601e-01
4.3414648796e-01
4.3802122991e-01
4.4727589549e-01
4.5653056106e-01
4.6578522664e-01
4.7503989222e-01
4.8757790970e-01
5.0011592719e-01
5.1265394467e-01
5.2519196216e-01
5.3124426681e-01
5.3729657147e-01
5.4334887612e-01
5.4940118078e-01
5.5298957928e-01
5.5657797779e-01
5.6016637630e-01
5.6375477481e-01
5.6618725216e-01
5.6861972952e-01
5.7105220687e-01
5.7348468423e-01
5.7527010232e-01
5.7705552042e-01
5.7884093851e-01
5.8062635661e-01
5.8203194191e-01
5.8343752721e-01
5.8484311251e-01
5.8624869781e-01
5.8744503785e-01
5.8864137789e-01
5.8983771793e-01
5.9103405798e-01
5.9214047391e-01
5.9324688985e-01
5.9435330578e-01
5.9545972172e-01
5.9639793706e-01
5.9733615241e-01
5.9827436775e-01
5.9921258309e-01
5.9993039828e-01
6.0064821347e-01
6.0136602866e-01
6.0208384385e-01
6.0270652797e-01
6.0332921209e-01
6.0395189622e-01
6.0457458034e-01
6.0520909320e-01
6.0584360607e-01
6.0647811893e-01
6.0711263179e-01
6.0769606596e-01
6.0827950012e-01
6.0886293429e-01
6.0944636845e-01
6.0997178930e-01
6.1049721015e-01
6.1102263099e-01
6.1154805184e-01
6.1212323644e-01
6.1269842104e-01
6.1327360564e-01
6.1384879024e-01
6.1439410449e-01
6.1493941875e-01
6.1548473300e-01
6.1603004726e-01
6.1662812801e-01
6.1722620876e-01
6.1782428952e-01
6.1842237027e-01
6.1917397775e-01
6.1992558523e-01
6.2067719271e-01
6.2142880018e-01
6.2214664366e-01
6.2286448713e-01
6.2358233060e-01
6.2430017407e-01
6.2507236649e-01
6.2584455890e-01
6.2661675132e-01
6.2738894374e-01
6.2833037970e-01
6.2927181566e-01
6.3021325163e-01
6.3115468759e-01
6.3235115047e-01
6.3354761335e-01
6.3474407623e-01
6.3594053911e-01
6.3732523782e-01
6.3870993653e-01
6.4009463525e-01
6.4147933396e-01
6.4295010039e-01
6.4442086682e-01
6.4589163325e-01
6.4736239968e-01
6.4901640895e-01
6.5067041822e-01
6.5232442749e-01
6.5397843676e-01
6.5596452810e-01
6.5795061943e-01
6.5993671076e-01
6.6192280210e-01
6.6444370740e-01
6.6696461270e-01
6.6948551800e-01
6.7200642330e-01
6.7463653051e-01
6.7726663773e-01
6.7989674495e-01
6.8252685217e-01
6.8531586511e-01
6.8810487806e-01
6.9089389100e-01
6.9368290395e-01
6.9600644192e-01
6.9832997990e-01
7.0065351787e-01
7.0297705585e-01
7.0477872663e-01
7.0658039741e-01
7.0838206819e-01
7.1018373897e-01
7.1166581983e-01
7.1314790070e-01
7.1462998157e-01
7.1611206244e-01
7.1751134518e-01
7.1891062792e-01
7.2030991066e-01
7.2170919339e-01
7.2300130169e-01
7.2429340999e-01
7.2558551828e-01
7.2687762658e-01
7.2806126742e-01
7.2924490826e-01
7.3042854909e-01
7.3161218993e-01
7.3271673656e-01
7.3382128318e-01
7.3492582981e-01
7.3603037643e-01
7.3714565858e-01
7.3826094072e-01
7.3937622287e-01
7.4049150501e-01
7.4161673716e-01
7.4274196931e-01
7.4386720146e-01
7.4499243361e-01
7.4611226410e-01
7.4723209460e-01
7.4835192509e-01
7.4947175558e-01
7.5059297076e-01
7.5171418595e-01
7.5283540113e-01
7.5395661632e-01
7.5507687255e-01
7.5619712879e-01
7.5731738503e-01
7.5843764127e-01
7.5953575994e-01
7.6063387861e-01
7.6173199728e-01
7.6283011595e-01
7.6399770141e-01
7.6516528687e-01
7.6633287233e-01
7.6750045779e-01
7.6879228165e-01
7.7008410551e-01
7.7137592937e-01
7.7266775324e-01
7.7405788126e-01
7.7544800927e-01
7.7683813729e-01
7.7822826531e-01
7.7972051493e-01
7.8121276455e-01
7.8270501417e-01
7.8419726379e-01
7.8612032671e-01
7.8804338964e-01
7.8996645256e-01
7.9188951549e-01
7.9449273263e-01
7.9709594978e-01
7.9969916692e-01
8.0230238406e-01
8.0489568726e-01
8.0748899047e-01
8.1008229367e-01
8.1267559687e-01
8.1544850693e-01
8.1822141699e-01
8.2099432705e-01
8.2376723711e-01
8.2601865769e-01
8.2827007828e-01
8.3052149886e-01
8.3277291944e-01
8.3464647062e-01
8.3652002181e-01
8.3839357299e-01
8.4026712417e-01
8.4188309395e-01
8.4349906372e-01
8.4511503350e-01
8.4673100327e-01
8.4817980808e-01
8.4962861290e-01
8.5107741771e-01
8.5252622253e-01
8.5413727442e-01
8.5574832630e-01
8.5735937819e-01
8.5897043008e-01
8.6021488661e-01
8.6145934314e-01
8.6270379967e-01
8.6394825619e-01
8.6493070983e-01
8.6591316347e-01
8.6689561711e-01
8.6787807074e-01
8.6869318213e-01
8.6950829352e-01
8.7032340491e-01
8.7113851630e-01
8.7186508269e-01
8.7259164907e-01
8.7331821545e-01
8.7404478184e-01
8.7479131600e-01
8.7553785016e-01
8.7628438433e-01
8.7703091849e-01
8.7767730853e-01
8.7832369857e-01
8.7897008860e-01
8.7961647864e-01
8.8019759281e-01
8.8077870698e-01
8.8135982115e-01
8.8194093532e-01
8.8247394842e-01
8.8300696152e-01
8.8353997462e-01
8.8407298773e-01
8.8463510960e-01
8.8519723147e-01
8.8575935334e-01
8.8632147522e-01
8.8684675023e-01
8.8737202524e-01
8.8789730025e-01
8.8842257526e-01
8.8900810696e-01
8.8959363866e-01
8.9017917036e-01
8.9076470206e-01
8.9139709521e-01
8.9202948836e-01
8.9266188151e-01
8.9329427465e-01
8.9392241114e-01
8.9455054763e-01
8.9517868412e-01
8.9580682061e-01
8.9659262683e-01
8.9737843305e-01
8.9816423927e-01
8.9895004549e-01
9.0012855267e-01
9.0130705985e-01
9.0248556703e-01
9.0366407421e-01
9.0483551386e-01
9.0600695351e-01
9.0717839316e-01
9.0834983281e-01
9.0977061908e-01
9.1119140535e-01
9.1261219162e-01
9.1403297789e-01
9.1604359552e-01
9.1805421314e-01
9.2006483076e-01
9.2207544839e-01
9.2560049569e-01
9.2912554299e-01
9.3265059028e-01
9.3617563758e-01
9.4414312103e-01
9.5211060447e-01
9.6007808792e-01
9.6804557136e-01
9.7603417852e-01
9.8402278568e-01
9.9201139284e-01
1.0000000000e+00
