0.0000000000e+00
9.4730675965e-03
1.8946135193e-02
2.8419202790e-02
3.7892270386e-02
4.3130976503e-02
4.8369682619e-02
5.3608388735e-02
5.8847094852e-02
6.2253174990e-02
6.5659255127e-02
6.9065335265e-02
7.2471415402e-02
7.4936816546e-02
7.7402217689e-02
7.9867618833e-02
8.2333019976e-02
8.4214606938e-02
8.6096193900e-02
8.7977780863e-02
8.9859367825e-02
9.1358430872e-02
9.2857493919e-02
9.4356556966e-02
9.5855620013e-02
9.7105890589e-02
9.8356161166e-02
9.9606431743e-02
1.0085670232e-01
1.0194063738e-01
1.0302457244e-01
1.0410850750e-01
1.0519244256e-01
1.0618242433e-01
1.0717240609e-01
1.0816238785e-01
1.0915236961e-01
1.1021848395e-01
1.1128459829e-01
1.1235071263e-01
1.1341682697e-01
1.1420702588e-01
1.1499722479e-01
1.1578742371e-01
1.1657762262e-01
1.1721879328e-01
1.1785996393e-01
1.1850113459e-01
1.1914230525e-01
1.1970111800e-01
1.2025993075e-01
1.2081874350e-01
1.2137755626e-01
1.2190805566e-01
1.2243855506e-01
1.2296905447e-01
1.2349955387e-01
1.2412965180e-01
1.2475974974e-01
1.2538984767e-01
1.2601994560e-01
1.2652210061e-01
1.2702425561e-01
1.2752641062e-01
1.2802856562e-01
1.2849209659e-01
1.2895562757e-01
1.2941915854e-01
1.2988268951e-01
1.3033836354e-01
1.3079403757e-01
1.3124971160e-01
1.3170538563e-01
1.3223024727e-01
1.3275510891e-01
1.3327997055e-01
1.3380483219e-01
1.3426728506e-01
1.3472973794e-01
1.3519219082e-01
1.3565464369e-01
1.3614601402e-01
1.3663738434e-01
1.3712875467e-01
1.3762012499e-01
1.3815730159e-01
1.3869447820e-01
1.3923165480e-01
1.3976883141e-01
1.4053584380e-01
1.4130285619e-01
1.4206986859e-01
1.4283688098e-01
1.4345477068e-01
1.4407266038e-01
1.4469055007e-01
1.4530843977e-01
1.4595517212e-01
1.4660190448e-01
1.4724863683e-01
1.4789536918e-01
1.4860431206e-01
1.4931325493e-01
1.5002219781e-01
1.5073114068e-01
1.5157443694e-01
1.5241773320e-01
1.5326102947e-01
1.5410432573e-01
1.5514850824e-01
1.5619269076e-01
1.5723687327e-01
1.5828105579e-01
1.5964244317e-01
1.6100383056e-01
1.6236521795e-01
1.6372660534e-01
1.6495498947e-01
1.6618337360e-01
1.6741175773e-01
1.6864014186e-01
1.6993425247e-01
1.7122836307e-01
1.7252247368e-01
1.7381658429e-01
1.7524555787e-01
1.7667453145e-01
1.7810350503e-01
1.7953247861e-01
1.8116149494e-01
1.8279051127e-01
1.8441952760e-01
1.8604854393e-01
1.8796662434e-01
1.8988470475e-01
1.9180278516e-01
1.9372086557e-01
1.9607830740e-01
1.9843574923e-01
2.0079319105e-01
2.0315063288e-01
2.0631298649e-01
2.0947534010e-01
2.1263769371e-01
2.1580004732e-01
2.2055747427e-01
2.2531490122e-01
2.3007232817e-01
2.3482975512e-01
2.3982858348e-01
2.4482741184e-01
2.4982624020e-01
2.5482506856e-01
2.5927162901e-01
2.6371818947e-01
2.6816474993e-01
2.7261131038e-01
2.7566347226e-01
2.7871563413e-01
2.8176779600e-01
2.8481995787e-01
2.8728010753e-01
2.8974025719e-01
2.9220040685e-01
2.9466055651e-01
2.9672027773e-01
2.9877999895e-01
3.0083972017e-01
3.0289944139e-01
3.0466935373e-01
3.0643926607e-01
3.0820917841e-01
3.0997909075e-01
3.1153357070e-01
3.1308805065e-01
3.1464253061e-01
3.1619701056e-01
3.1759112376e-01
3.1898523695e-01
3.2037935015e-01
3.2177346334e-01
3.2305511684e-01
3.2433677033e-01
3.2561842382e-01
3.2690007732e-01
3.2814357778e-01
3.2938707824e-01
3.3063057870e-01
3.3187407916e-01
3.3323151893e-01
3.3458895871e-01
3.3594639848e-01
3.3730383825e-01
3.3834476678e-01
3.3938569530e-01
3.4042662383e-01
3.4146755235e-01
3.4237710977e-01
3.4328666718e-01
3.4419622459e-01
3.4510578200e-01
3.4585307014e-01
3.4660035829e-01
3.4734764644e-01
3.4809493458e-01
3.4876610349e-01
3.4943727239e-01
3.5010844130e-01
3.5077961021e-01
3.5140570560e-01
3.5203180100e-01
3.5265789640e-01
3.5328399180e-01
3.5390476394e-01
3.5452553607e-01
3.5514630820e-01
3.5576708034e-01
3.5639094490e-01
3.5701480945e-01
3.5763867401e-01
3.5826253857e-01
3.5879522095e-01
3.5932790334e-01
3.5986058572e-01
3.6039326810e-01
3.6088734015e-01
3.6138141220e-01
3.6187548425e-01
3.6236955630e-01
3.6283418907e-01
3.6329882185e-01
3.6376345463e-01
3.6422808740e-01
3.6472775643e-01
3.6522742547e-01
3.6572709450e-01
3.6622676353e-01
3.6668848773e-01
3.6715021193e-01
3.6761193613e-01
3.6807366033e-01
3.6853278733e-01
3.6899191432e-01
3.6945104132e-01
3.6991016832e-01
3.7043479420e-01
3.7095942008e-01
3.7148404596e-01
3.7200867184e-01
3.7269584238e-01
3.7338301292e-01
3.7407018346e-01
3.7475735399e-01
3.7529305403e-01
3.7582875407e-01
3.7636445410e-01
3.7690015414e-01
3.7748690592e-01
3.7807365771e-01
3.7866040949e-01
3.7924716127e-01
3.7995947806e-01
3.8067179485e-01
3.8138411164e-01
3.8209642842e-01
3.8297438476e-01
3.8385234109e-01
3.8473029742e-01
3.8560825376e-01
3.8660921424e-01
3.8761017472e-01
3.8861113520e-01
3.8961209568e-01
3.9067613563e-01
3.9174017559e-01
3.9280421555e-01
3.9386825550e-01
3.9511796355e-01
3.9636767159e-01
3.9761737964e-01
3.9886708768e-01
4.0044632189e-01
4.0202555611e-01
4.0360479032e-01
4.0518402454e-01
4.0739363263e-01
4.0960324071e-01
4.1181284880e-01
4.1402245689e-01
4.1769388215e-01
4.2136530742e-01
4.2503673268e-01
4.2870815794e-01
4.3668617056e-01
4.4466418317e-01
4.5264219579e-01
4.6062020841e-01
4.7541302813e-01
4.9020584785e-01
5.0499866757e-01
5.1979148729e-01
5.2697341840e-01
5.3415534951e-01
5.4133728062e-01
5.4851921173e-01
5.5279694715e-01
5.5707468256e-01
5.6135241797e-01
5.6563015338e-01
5.6855426786e-01
5.7147838233e-01
5.7440249680e-01
5.7732661128e-01
5.7949203087e-01
5.8165745045e-01
5.8382287004e-01
5.8598828963e-01
5.8768045777e-01
5.8937262591e-01
5.9106479405e-01
5.9275696219e-01
5.9413288600e-01
5.9550880982e-01
5.9688473363e-01
5.9826065745e-01
5.9942808883e-01
6.0059552020e-01
6.0176295158e-01
6.0293038296e-01
6.0396402625e-01
6.0499766954e-01
6.0603131284e-01
6.0706495613e-01
6.0804355176e-01
6.0902214740e-01
6.1000074304e-01
6.1097933867e-01
6.1188518487e-01
6.1279103108e-01
6.1369687728e-01
6.1460272348e-01
6.1538251092e-01
6.1616229836e-01
6.1694208580e-01
6.1772187325e-01
6.1832123422e-01
6.1892059520e-01
6.1951995617e-01
6.2011931715e-01
6.2065846609e-01
6.2119761503e-01
6.2173676398e-01
6.2227591292e-01
6.2281220276e-01
6.2334849259e-01
6.2388478243e-01
6.2442107226e-01
6.2496927861e-01
6.2551748496e-01
6.2606569132e-01
6.2661389767e-01
6.2710148987e-01
6.2758908208e-01
6.2807667428e-01
6.2856426649e-01
6.2901576827e-01
6.2946727005e-01
6.2991877183e-01
6.3037027360e-01
6.3084222227e-01
6.3131417094e-01
6.3178611961e-01
6.3225806828e-01
6.3273785755e-01
6.3321764682e-01
6.3369743608e-01
6.3417722535e-01
6.3464139477e-01
6.3510556420e-01
6.3556973362e-01
6.3603390304e-01
6.3655517585e-01
6.3707644865e-01
6.3759772145e-01
6.3811899426e-01
6.3867504484e-01
6.3923109542e-01
6.3978714600e-01
6.4034319658e-01
6.4098751605e-01
6.4163183551e-01
6.4227615498e-01
6.4292047445e-01
6.4354563837e-01
6.4417080229e-01
6.4479596621e-01
6.4542113013e-01
6.4607673252e-01
6.4673233492e-01
6.4738793731e-01
6.4804353970e-01
6.4876270874e-01
6.4948187777e-01
6.5020104680e-01
6.5092021583e-01
6.5179050710e-01
6.5266079838e-01
6.5353108965e-01
6.5440138093e-01
6.5544285223e-01
6.5648432353e-01
6.5752579484e-01
6.5856726614e-01
6.5985918902e-01
6.6115111189e-01
6.6244303477e-01
6.6373495765e-01
6.6498801019e-01
6.6624106273e-01
6.6749411527e-01
6.6874716781e-01
6.7004766808e-01
6.7134816834e-01
6.7264866861e-01
6.7394916888e-01
6.7538442255e-01
6.7681967621e-01
6.7825492988e-01
6.7969018355e-01
6.8132703777e-01
6.8296389199e-01
6.8460074620e-01
6.8623760042e-01
6.8816683820e-01
6.9009607599e-01
6.9202531377e-01
6.9395455155e-01
6.9633227493e-01
6.9870999831e-01
7.0108772168e-01
7.0346544506e-01
7.0663777160e-01
7.0981009813e-01
7.1298242467e-01
7.1615475121e-01
7.2145835342e-01
7.2676195563e-01
7.3206555785e-01
7.3736916006e-01
7.4242529569e-01
7.4748143132e-01
7.5253756695e-01
7.5759370258e-01
7.6163380152e-01
7.6567390047e-01
7.6971399941e-01
7.7375409835e-01
7.7675516860e-01
7.7975623885e-01
7.8275730910e-01
7.8575837935e-01
7.8818033745e-01
7.9060229555e-01
7.9302425365e-01
7.9544621175e-01
7.9747774166e-01
7.9950927157e-01
8.0154080148e-01
8.0357233139e-01
8.0532082961e-01
8.0706932783e-01
8.0881782604e-01
8.1056632426e-01
8.1210424085e-01
8.1364215743e-01
8.1518007401e-01
8.1671799060e-01
8.1809919532e-01
8.1948040004e-01
8.2086160476e-01
8.2224280948e-01
8.2351405700e-01
8.2478530452e-01
8.2605655204e-01
8.2732779956e-01
8.2855577054e-01
8.2978374153e-01
8.3101171252e-01
8.3223968351e-01
8.3351182978e-01
8.3478397605e-01
8.3605612232e-01
8.3732826859e-01
8.3837533944e-01
8.3942241029e-01
8.4046948114e-01
8.4151655199e-01
8.4241269300e-01
8.4330883401e-01
8.4420497502e-01
8.4510111603e-01
8.4584640333e-01
8.4659169063e-01
8.4733697793e-01
8.4808226523e-01
8.4875400944e-01
8.4942575366e-01
8.5009749787e-01
8.5076924208e-01
8.5139249466e-01
8.5201574724e-01
8.5263899982e-01
8.5326225240e-01
8.5388288724e-01
8.5450352209e-01
8.5512415693e-01
8.5574479177e-01
8.5635940363e-01
8.5697401549e-01
8.5758862735e-01
8.5820323921e-01
8.5873827780e-01
8.5927331639e-01
8.5980835498e-01
8.6034339358e-01
8.6083409249e-01
8.6132479140e-01
8.6181549030e-01
8.6230618921e-01
8.6276569425e-01
8.6322519929e-01
8.6368470433e-01
8.6414420938e-01
8.6481298578e-01
8.6548176219e-01
8.6615053860e-01
8.6681931501e-01
8.6727218581e-01
8.6772505661e-01
8.6817792741e-01
8.6863079821e-01
8.6912007373e-01
8.6960934925e-01
8.7009862477e-01
8.7058790029e-01
8.7110839813e-01
8.7162889597e-01
8.7214939381e-01
8.7266989165e-01
8.7324075121e-01
8.7381161077e-01
8.7438247033e-01
8.7495332989e-01
8.7548749385e-01
8.7602165781e-01
8.7655582177e-01
8.7708998573e-01
8.7768311822e-01
8.7827625070e-01
8.7886938319e-01
8.7946251568e-01
8.8025224237e-01
8.8104196906e-01
8.8183169575e-01
8.8262142244e-01
8.8360790074e-01
8.8459437904e-01
8.8558085735e-01
8.8656733565e-01
8.8755709293e-01
8.8854685021e-01
8.8953660749e-01
8.9052636478e-01
8.9161766413e-01
8.9270896348e-01
8.9380026284e-01
8.9489156219e-01
8.9619110893e-01
8.9749065566e-01
8.9879020240e-01
9.0008974913e-01
9.0175557058e-01
9.0342139203e-01
9.0508721347e-01
9.0675303492e-01
9.0911692757e-01
9.1148082023e-01
9.1384471288e-01
9.1620860553e-01
9.2018434836e-01
9.2416009119e-01
9.2813583402e-01
9.3211157685e-01
9.4058971065e-01
9.4906784444e-01
9.5754597823e-01
9.6602411202e-01
9.7451808402e-01
9.8301205601e-01
9.9150602801e-01
1.0000000000e+00
