2.8581493654e-01
2.8581857232e-01
2.8582947974e-01
2.8584765908e-01
2.8587311079e-01
2.8590071207e-01
2.8593365617e-01
2.8597194365e-01
2.8601557518e-01
2.8605955366e-01
2.8610788845e-01
2.8616058015e-01
2.8621762938e-01
2.8628190221e-01
2.8635093475e-01
2.8642472745e-01
2.8650328044e-01
2.8656580578e-01
2.8663104957e-01
2.8669901113e-01
2.8676968938e-01
2.8682714529e-01
2.8688627727e-01
2.8694708381e-01
2.8700956297e-01
2.8706613776e-01
2.8712401335e-01
2.8718318704e-01
2.8724365554e-01
2.8730543009e-01
2.8736849115e-01
2.8743283277e-01
2.8749844778e-01
2.8756357230e-01
2.8762988730e-01
2.8769738158e-01
2.8776604204e-01
2.8783097241e-01
2.8789688516e-01
2.8796376389e-01
2.8803158991e-01
2.8809472814e-01
2.8815862985e-01
2.8822327458e-01
2.8828863970e-01
2.8838094532e-01
2.8847452797e-01
2.8856930349e-01
2.8866517849e-01
2.8873559044e-01
2.8880648817e-01
2.8887782679e-01
2.8894955915e-01
2.8902914308e-01
2.8910907761e-01
2.8918929106e-01
2.8926970950e-01
2.8935754831e-01
2.8944544026e-01
2.8953328340e-01
2.8962097480e-01
2.8972862711e-01
2.8983569935e-01
2.8994200034e-01
2.9004734184e-01
2.9014215475e-01
2.9023588675e-01
2.9032840694e-01
2.9041958886e-01
2.9051888516e-01
2.9061623197e-01
2.9071147912e-01
2.9080448467e-01
2.9090800255e-01
2.9100822280e-01
2.9110497281e-01
2.9119809401e-01
2.9131015865e-01
2.9141595997e-01
2.9151527047e-01
2.9160789395e-01
2.9172761591e-01
2.9183314523e-01
2.9192421388e-01
2.9200065845e-01
2.9205128889e-01
2.9209251114e-01
2.9212437901e-01
2.9214698708e-01
2.9215874429e-01
2.9216441503e-01
2.9216411711e-01
2.9215798930e-01
2.9214865528e-01
2.9213556180e-01
2.9211882128e-01
2.9209855724e-01
2.9207757815e-01
2.9205399711e-01
2.9202792575e-01
2.9199948330e-01
2.9197099819e-01
2.9194067797e-01
2.9190863647e-01
2.9187499306e-01
2.9182650621e-01
2.9177558182e-01
2.9172257299e-01
2.9166784705e-01
2.9163223284e-01
2.9159617466e-01
2.9155977353e-01
2.9152313099e-01
2.9148911400e-01
2.9145505743e-01
2.9142104055e-01
2.9138714158e-01
2.9135389003e-01
2.9132089998e-01
2.9128824138e-01
2.9125598182e-01
2.9121791889e-01
2.9118062932e-01
2.9114421295e-01
2.9110876267e-01
2.9108182489e-01
2.9105556530e-01
2.9103001871e-01
2.9100521719e-01
2.9097914993e-01
2.9095403104e-01
2.9092989130e-01
2.9090675821e-01
2.9088333186e-01
2.9086109286e-01
2.9084006362e-01
2.9082026354e-01
2.9080137849e-01
2.9078380084e-01
2.9076754347e-01
2.9075261723e-01
2.9073872365e-01
2.9072624321e-01
2.9071518266e-01
2.9070554757e-01
2.9069664223e-01
2.9068945402e-01
2.9068398651e-01
2.9068024224e-01
2.9067821261e-01
2.9067793990e-01
2.9067942423e-01
2.9068266493e-01
2.9068707694e-01
2.9069290592e-01
2.9070014956e-01
2.9070880483e-01
2.9071927072e-01
2.9073124617e-01
2.9074472461e-01
2.9075969800e-01
2.9077678759e-01
2.9079546012e-01
2.9081569980e-01
2.9083748775e-01
2.9085651355e-01
2.9087655307e-01
2.9089758984e-01
2.9091960516e-01
2.9094152716e-01
2.9096430195e-01
2.9098790650e-01
2.9101231534e-01
2.9103838554e-01
2.9106525246e-01
2.9109287881e-01
2.9112122406e-01
2.9115044824e-01
2.9118030898e-01
2.9121075507e-01
2.9124173215e-01
2.9127468832e-01
2.9130809503e-01
2.9134188003e-01
2.9137596832e-01
2.9141478628e-01
2.9145377793e-01
2.9149282562e-01
2.9153180983e-01
2.9157266408e-01
2.9161317244e-01
2.9165319373e-01
2.9169258786e-01
2.9173286892e-01
2.9177216282e-01
2.9181031921e-01
2.9184719207e-01
2.9188439374e-01
2.9191986533e-01
2.9195345614e-01
2.9198502260e-01
2.9201907348e-01
2.9204998764e-01
2.9207757610e-01
2.9210166366e-01
2.9212651060e-01
2.9214540249e-01
2.9215808787e-01
2.9216434532e-01
2.9216288367e-01
2.9215091221e-01
2.9212818495e-01
2.9209451635e-01
2.9204921091e-01
2.9199251397e-01
2.9192441273e-01
2.9184495401e-01
2.9177646092e-01
2.9170143655e-01
2.9161997619e-01
2.9153219824e-01
2.9145432427e-01
2.9137225698e-01
2.9128610460e-01
2.9119598839e-01
2.9111462226e-01
2.9103046507e-01
2.9094362155e-01
2.9085420463e-01
2.9076967266e-01
2.9068316137e-01
2.9059477790e-01
2.9050463536e-01
2.9041220131e-01
2.9031823156e-01
2.9022285921e-01
2.9012622270e-01
2.9003203563e-01
2.8993693991e-01
2.8984107095e-01
2.8974456686e-01
2.8966222700e-01
2.8957961674e-01
2.8949682288e-01
2.8941393209e-01
2.8933798890e-01
2.8926210224e-01
2.8918633669e-01
2.8911075560e-01
2.8902709518e-01
2.8894382078e-01
2.8886101144e-01
2.8877874266e-01
2.8869869176e-01
2.8861929282e-01
2.8854060545e-01
2.8846268509e-01
2.8839216766e-01
2.8832237006e-01
2.8825332537e-01
2.8818506374e-01
2.8811073826e-01
2.8803743096e-01
2.8796517104e-01
2.8789398426e-01
2.8782214721e-01
2.8775148255e-01
2.8768200845e-01
2.8761374045e-01
2.8754608865e-01
2.8747968992e-01
2.8741455397e-01
2.8735068892e-01
2.8728042102e-01
2.8721177553e-01
2.8714475878e-01
2.8707937588e-01
2.8699949030e-01
2.8692220024e-01
2.8684751025e-01
2.8677542362e-01
2.8669130846e-01
2.8661104603e-01
2.8653463801e-01
2.8646208535e-01
2.8638752032e-01
2.8631752042e-01
2.8625208538e-01
2.8619121471e-01
2.8612788893e-01
2.8607039628e-01
2.8601873583e-01
2.8597290668e-01
2.8592647730e-01
2.8588810789e-01
2.8585779743e-01
2.8583554509e-01
2.8582084391e-01
2.8581503979e-01
2.8581813255e-01
2.8583012230e-01
2.8584702685e-01
2.8587018306e-01
2.8589959142e-01
2.8593525256e-01
2.8597170016e-01
2.8601296448e-01
2.8605904613e-01
2.8610994579e-01
2.8616173346e-01
2.8621770904e-01
2.8627787309e-01
2.8634222610e-01
2.8640516491e-01
2.8647165346e-01
2.8654169168e-01
2.8661527917e-01
2.8667800839e-01
2.8674310347e-01
2.8681056326e-01
2.8688038604e-01
2.8693735624e-01
2.8699580539e-01
2.8705573153e-01
2.8711713212e-01
2.8717589067e-01
2.8723593310e-01
2.8729725552e-01
2.8735985321e-01
2.8742580695e-01
2.8749310610e-01
2.8756174149e-01
2.8763170213e-01
2.8769651214e-01
2.8776239732e-01
2.8782934417e-01
2.8789733705e-01
2.8796208458e-01
2.8802772071e-01
2.8809422630e-01
2.8816157985e-01
2.8822789108e-01
2.8829495752e-01
2.8836275219e-01
2.8843124548e-01
2.8850928299e-01
2.8858811753e-01
2.8866769442e-01
2.8874795468e-01
2.8882077349e-01
2.8889404648e-01
2.8896772224e-01
2.8904174703e-01
2.8912683970e-01
2.8921222961e-01
2.8929782716e-01
2.8938354045e-01
2.8947543102e-01
2.8956722988e-01
2.8965881912e-01
2.8975008058e-01
2.8985162687e-01
2.8995245231e-01
2.9005239616e-01
2.9015130108e-01
2.9024716230e-01
2.9034173630e-01
2.9043488792e-01
2.9052648733e-01
2.9062722212e-01
2.9072568168e-01
2.9082170901e-01
2.9091515668e-01
2.9102204002e-01
2.9112492161e-01
2.9122361002e-01
2.9131793184e-01
2.9143376900e-01
2.9154166460e-01
2.9164136450e-01
2.9173265835e-01
2.9183523858e-01
2.9192402680e-01
2.9199887168e-01
2.9205971356e-01
2.9209739209e-01
2.9212665647e-01
2.9214759135e-01
2.9216031517e-01
2.9216479601e-01
2.9216350987e-01
2.9215659280e-01
2.9214420136e-01
2.9213034790e-01
2.9211315589e-01
2.9209273850e-01
2.9206921869e-01
2.9204540382e-01
2.9201926870e-01
2.9199092548e-01
2.9196049316e-01
2.9192870503e-01
2.9189514995e-01
2.9185995939e-01
2.9182327068e-01
2.9178226344e-01
2.9173987060e-01
2.9169628328e-01
2.9165169781e-01
2.9161622659e-01
2.9158036418e-01
2.9154420890e-01
2.9150785934e-01
2.9147432868e-01
2.9144079313e-01
2.9140732803e-01
2.9137400758e-01
2.9134128452e-01
2.9130884236e-01
2.9127674750e-01
2.9124506402e-01
2.9120994776e-01
2.9117551483e-01
2.9114184382e-01
2.9110900814e-01
2.9108225118e-01
2.9105616236e-01
2.9103077580e-01
2.9100612299e-01
2.9098020161e-01
2.9095521419e-01
2.9093119102e-01
2.9090815918e-01
2.9088458308e-01
2.9086220145e-01
2.9084103711e-01
2.9082110980e-01
2.9080221751e-01
2.9078462500e-01
2.9076834511e-01
2.9075338874e-01
2.9073944783e-01
2.9072691391e-01
2.9071579378e-01
2.9070609302e-01
2.9069710598e-01
2.9068983010e-01
2.9068426895e-01
2.9068042516e-01
2.9067828602e-01
2.9067790669e-01
2.9067928735e-01
2.9068242737e-01
2.9068675114e-01
2.9069249419e-01
2.9069965425e-01
2.9070822834e-01
2.9071830450e-01
2.9072981041e-01
2.9074274015e-01
2.9075708651e-01
2.9077413395e-01
2.9079280530e-01
2.9081308461e-01
2.9083495275e-01
2.9085361109e-01
2.9087326179e-01
2.9089388927e-01
2.9091547584e-01
2.9093708150e-01
2.9095953275e-01
2.9098280751e-01
2.9100688133e-01
2.9103276862e-01
2.9105945960e-01
2.9108691770e-01
2.9111510312e-01
2.9114390463e-01
2.9117334131e-01
2.9120336412e-01
2.9123392096e-01
2.9126534947e-01
2.9129720912e-01
2.9132943732e-01
2.9136196904e-01
2.9139991968e-01
2.9143807975e-01
2.9147633937e-01
2.9151458667e-01
2.9155632438e-01
2.9159776177e-01
2.9163874918e-01
2.9167913780e-01
2.9171930338e-01
2.9175855254e-01
2.9179673818e-01
2.9183371711e-01
2.9187098289e-01
2.9190662103e-01
2.9194048449e-01
2.9197243284e-01
2.9200654192e-01
2.9203776687e-01
2.9206592992e-01
2.9209086558e-01
2.9211718121e-01
2.9213798201e-01
2.9215302571e-01
2.9216209723e-01
2.9216471640e-01
2.9215708018e-01
2.9213892281e-01
2.9211003840e-01
2.9206665340e-01
2.9201048568e-01
2.9194149699e-01
2.9185972420e-01
2.9179249986e-01
2.9171868119e-01
2.9163835934e-01
2.9155164871e-01
2.9147456567e-01
2.9139323056e-01
2.9130774966e-01
2.9121824233e-01
2.9113705952e-01
2.9105301609e-01
2.9096621693e-01
2.9087677532e-01
2.9079288424e-01
2.9070698980e-01
2.9061919717e-01
2.9052961749e-01
2.9044008782e-01
2.9034906605e-01
2.9025667338e-01
2.9016303586e-01
2.9006969238e-01
2.8997539629e-01
2.8988027986e-01
2.8978447821e-01
2.8970052606e-01
2.8961624972e-01
2.8953174163e-01
2.8944709428e-01
2.8937121056e-01
2.8929535475e-01
2.8921959171e-01
2.8914398521e-01
2.8907000042e-01
2.8899628390e-01
2.8892289130e-01
2.8884987627e-01
2.8877088809e-01
2.8869247139e-01
2.8861468577e-01
2.8853758713e-01
2.8847004233e-01
2.8840310855e-01
2.8833681679e-01
2.8827119567e-01
2.8820041990e-01
2.8813050411e-01
2.8806147619e-01
2.8799336115e-01
2.8791711904e-01
2.8784211211e-01
2.8776836503e-01
2.8769589900e-01
2.8762787621e-01
2.8756105269e-01
2.8749543983e-01
2.8743104724e-01
2.8736424846e-01
2.8729883295e-01
2.8723480728e-01
2.8717217682e-01
2.8709747273e-01
2.8702486894e-01
2.8695437034e-01
2.8688598065e-01
2.8680137598e-01
2.8672024760e-01
2.8664259832e-01
2.8656842991e-01
2.8648981458e-01
2.8641553133e-01
2.8634558035e-01
2.8627996146e-01
2.8621323319e-01
2.8615167290e-01
2.8609527983e-01
2.8604405320e-01
2.8599034874e-01
2.8594380743e-01
2.8590442821e-01
2.8587221014e-01
2.8584715245e-01
2.8582925454e-01
2.8581851597e-01
2.8581493648e-01
