1.4354185962e-08
2.2378246915e-08
5.3513653614e-08
1.3963499884e-07
3.8099995551e-07
7.2412060797e-07
1.3701113344e-06
2.5923142602e-06
4.9212145557e-06
7.8030230469e-06
1.2361627713e-05
1.9583217783e-05
3.1043810705e-05
4.4055469304e-05
6.2507130354e-05
8.8685943573e-05
1.2584840149e-04
1.6628900152e-04
2.1970698555e-04
2.9027866496e-04
3.8352896833e-04
4.8292679578e-04
6.0805118619e-04
7.6556484012e-04
9.6385470611e-04
1.1741040423e-03
1.4301210316e-03
1.7418461966e-03
2.1213648163e-03
2.5261235741e-03
3.0078138378e-03
3.5809583801e-03
4.2627760383e-03
5.0172810920e-03
5.9043590672e-03
6.9469603857e-03
8.1718698939e-03
9.7301303300e-03
1.1581299847e-02
1.3778747499e-02
1.6384835604e-02
1.8607708705e-02
2.1124275535e-02
2.3971073435e-02
2.7188519185e-02
3.0192329804e-02
3.3513960932e-02
3.7183759437e-02
4.1234197358e-02
4.5084950411e-02
4.9272280895e-02
5.3821080161e-02
5.8757187642e-02
6.3740714055e-02
6.9107541891e-02
7.4880150190e-02
8.1081090679e-02
8.8008566737e-02
9.5448213753e-02
1.0342370162e-01
1.1195727455e-01
1.2077448961e-01
1.3015071369e-01
1.4009949980e-01
1.5063119471e-01
1.6063880929e-01
1.7112833203e-01
1.8209862254e-01
1.9354522362e-01
2.0469528110e-01
2.1624702710e-01
2.2818807135e-01
2.4050311345e-01
2.5347479375e-01
2.6679660739e-01
2.8044314203e-01
2.9438631584e-01
3.1030284403e-01
3.2650678091e-01
3.4294979517e-01
3.5958167047e-01
3.7452674557e-01
3.8954431980e-01
4.0459782203e-01
4.1965120299e-01
4.3540915530e-01
4.5108899935e-01
4.6665333521e-01
4.8206686079e-01
4.9887732338e-01
5.1542275970e-01
5.3166627196e-01
5.4757499508e-01
5.6502607180e-01
5.8198275544e-01
5.9841632743e-01
6.1430394421e-01
6.3023413417e-01
6.4554112824e-01
6.6021666187e-01
6.7425732862e-01
6.8757912731e-01
7.0027978123e-01
7.1236701518e-01
7.2385125726e-01
7.3547166349e-01
7.4643588729e-01
7.5676370392e-01
7.6647639133e-01
7.7644868793e-01
7.8573855475e-01
7.9437720029e-01
8.0239608844e-01
8.1117633798e-01
8.1917530207e-01
8.2644401060e-01
8.3303191229e-01
8.4007667430e-01
8.4629464805e-01
8.5175853406e-01
8.5653638480e-01
8.6168440316e-01
8.6595738761e-01
8.6946104984e-01
8.7229053474e-01
8.7443049149e-01
8.7610509887e-01
8.7737298783e-01
8.7828661913e-01
8.7890436378e-01
8.7924405221e-01
8.7934561933e-01
8.7924450552e-01
8.7894393509e-01
8.7847854023e-01
8.7787893069e-01
8.7717194139e-01
8.7628871269e-01
8.7532986759e-01
8.7431967330e-01
8.7327906981e-01
8.7207998844e-01
8.7088756219e-01
8.6972106726e-01
8.6859677250e-01
8.6735861721e-01
8.6621417606e-01
8.6517814847e-01
8.6426243839e-01
8.6333884706e-01
8.6261329401e-01
8.6209495273e-01
8.6178999229e-01
8.6170091229e-01
8.6179599742e-01
8.6207434701e-01
8.6253326550e-01
8.6307495226e-01
8.6374518942e-01
8.6453836349e-01
8.6544734316e-01
8.6633429010e-01
8.6729648871e-01
8.6832524133e-01
8.6941022017e-01
8.7041629675e-01
8.7144732763e-01
8.7249152456e-01
8.7353522645e-01
8.7446959381e-01
8.7537694307e-01
8.7624171493e-01
8.7704613840e-01
8.7772084130e-01
8.7830780777e-01
8.7878624051e-01
8.7913263313e-01
8.7931698437e-01
8.7932645349e-01
8.7913073546e-01
8.7869579080e-01
8.7789653564e-01
8.7670527476e-01
8.7505733841e-01
8.7287964939e-01
8.7072632674e-01
8.6814437113e-01
8.6508410746e-01
8.6149126578e-01
8.5771311979e-01
8.5339793636e-01
8.4849405087e-01
8.4294614424e-01
8.3795808647e-01
8.3247929603e-01
8.2647553997e-01
8.1991118927e-01
8.1358045190e-01
8.0675168022e-01
7.9939770546e-01
7.9149095505e-01
7.8366252320e-01
7.7531554314e-01
7.6642824762e-01
7.5697930087e-01
7.4744771524e-01
7.3737186480e-01
7.2673584981e-01
7.1552514359e-01
7.0218640853e-01
6.8808631557e-01
6.7321377507e-01
6.5756257940e-01
6.4408627161e-01
6.3008430059e-01
6.1556314813e-01
6.0053305857e-01
5.8498144263e-01
5.6895240059e-01
5.5246958860e-01
5.3556166961e-01
5.2116084821e-01
5.0651029232e-01
4.9163502414e-01
4.7656259217e-01
4.6183075781e-01
4.4697184347e-01
4.3201689501e-01
4.1699862635e-01
3.9912971203e-01
3.8127900164e-01
3.6350719306e-01
3.4587560171e-01
3.3113152912e-01
3.1656737377e-01
3.0221819985e-01
2.8811758847e-01
2.7414335731e-01
2.6048626714e-01
2.4717414285e-01
2.3423189551e-01
2.2077961198e-01
2.0780105445e-01
1.9531452355e-01
1.8333390021e-01
1.6860858686e-01
1.5475488461e-01
1.4177250223e-01
1.2965160216e-01
1.2020174401e-01
1.1132264966e-01
1.0299734655e-01
9.5206605922e-02
8.7813281938e-02
8.0927183540e-02
7.4523974124e-02
6.8578781514e-02
6.2341289332e-02
5.6627248171e-02
5.1400645064e-02
4.6626473617e-02
4.1334832350e-02
3.6615020585e-02
3.2411574293e-02
2.8672978378e-02
2.3837273796e-02
1.9796831203e-02
1.6427230436e-02
1.3621441952e-02
1.1581863537e-02
9.8440205058e-03
8.3642787019e-03
7.1050246022e-03
5.9355558652e-03
4.9574483701e-03
4.1397146427e-03
3.4562815223e-03
2.7985605181e-03
2.2656889780e-03
1.8340569260e-03
1.4844843710e-03
1.1425570982e-03
8.7933823140e-04
6.7670950855e-04
5.2071916427e-04
3.6661765478e-04
2.5815055097e-04
1.8176724623e-04
1.2795381841e-04
7.5637039342e-05
4.4766040274e-05
2.6494066808e-05
1.5653246720e-05
6.2375337264e-06
2.5354751181e-06
1.0292881448e-06
4.0762571846e-07
9.3342798533e-08
2.8384955028e-08
1.5492789970e-08
4.0343966813e-08
9.0379614340e-08
2.0634878901e-07
4.7401089149e-07
1.1047072476e-06
1.9442255231e-06
3.4134520784e-06
5.9928189065e-06
1.0540071744e-05
1.5980218222e-05
2.4215688616e-05
3.6695030636e-05
5.5627122534e-05
7.6604150899e-05
1.0547648461e-04
1.4522889901e-04
1.9998143242e-04
2.5887898588e-04
3.3510080013e-04
4.3375282612e-04
5.6144873721e-04
6.9709709575e-04
8.6546893467e-04
1.0744554184e-03
1.3338454634e-03
1.6090989126e-03
1.9410047076e-03
2.3411790978e-03
2.8235965878e-03
3.3442133839e-03
3.9603450948e-03
4.6893502079e-03
5.5516707775e-03
6.5278465693e-03
7.6740492836e-03
9.0193120797e-03
1.0597394595e-02
1.2331423462e-02
1.4344194557e-02
1.6678787875e-02
1.9384315678e-02
2.1880124058e-02
2.4687415392e-02
2.7842369546e-02
3.1384621273e-02
3.4653553084e-02
3.8246382235e-02
4.2191554624e-02
4.6519207597e-02
5.0717179198e-02
5.5266463746e-02
6.0191240420e-02
6.5516359837e-02
7.1208460146e-02
7.7342802857e-02
8.3944229767e-02
9.1037248028e-02
9.9935543242e-02
1.0956639238e-01
1.1996222713e-01
1.3115130992e-01
1.4084905400e-01
1.5109565839e-01
1.6189695765e-01
1.7325503728e-01
1.8454587775e-01
1.9633078210e-01
2.0860040028e-01
2.2134138270e-01
2.3337436261e-01
2.4576972943e-01
2.5850844242e-01
2.7156879199e-01
2.8667884836e-01
3.0212989524e-01
3.1788024290e-01
3.3388549602e-01
3.4883587430e-01
3.6392593993e-01
3.7911748661e-01
3.9437215319e-01
4.0949835217e-01
4.2461273798e-01
4.3968002435e-01
4.5466624106e-01
4.7218494499e-01
4.8949625182e-01
5.0655430092e-01
5.2331740676e-01
5.4015860562e-01
5.5661515211e-01
5.7265650595e-01
5.8825686908e-01
6.0693140965e-01
6.2486645852e-01
6.4204020424e-01
6.5843930606e-01
6.7237056998e-01
6.8568469098e-01
6.9838565250e-01
7.1048058698e-01
7.2251204421e-01
7.3390322174e-01
7.4467031029e-01
7.5483130608e-01
7.6520559425e-01
7.7491383150e-01
7.8398329272e-01
7.9244187183e-01
8.0148320378e-01
8.0979141055e-01
8.1740928343e-01
8.2437875809e-01
8.3293653094e-01
8.4045723469e-01
8.4703544597e-01
8.5275982158e-01
8.5794698787e-01
8.6237038909e-01
8.6611125891e-01
8.6924380453e-01
8.7200943368e-01
8.7422597442e-01
8.7596151929e-01
8.7727706985e-01
8.7822543132e-01
8.7885818846e-01
8.7921845420e-01
8.7934460984e-01
8.7925886232e-01
8.7898098301e-01
8.7854360798e-01
8.7797546012e-01
8.7722648436e-01
8.7637848628e-01
8.7545726815e-01
8.7448520481e-01
8.7334800544e-01
8.7219456504e-01
8.7104546187e-01
8.6991818858e-01
8.6865914983e-01
8.6746857424e-01
8.6636247645e-01
8.6535402652e-01
8.6431233034e-01
8.6343272503e-01
8.6272582895e-01
8.6219954348e-01
8.6185113220e-01
8.6170551717e-01
8.6176424396e-01
8.6202668925e-01
8.6241245892e-01
8.6294323111e-01
8.6361450877e-01
8.6442026569e-01
8.6522959953e-01
8.6612956512e-01
8.6711236060e-01
8.6816860983e-01
8.6915988601e-01
8.7019110912e-01
8.7125146654e-01
8.7232835605e-01
8.7330376377e-01
8.7426825172e-01
8.7520748288e-01
8.7610501878e-01
8.7687925014e-01
8.7758530009e-01
8.7820411053e-01
8.7871407776e-01
8.7907646041e-01
8.7929386725e-01
8.7933936360e-01
8.7918264475e-01
8.7876112519e-01
8.7803233742e-01
8.7694555374e-01
8.7544357179e-01
8.7378620825e-01
8.7173563473e-01
8.6924280297e-01
8.6625374779e-01
8.6293473122e-01
8.5907000494e-01
8.5460106413e-01
8.4946461379e-01
8.4490497256e-01
8.3985359338e-01
8.3427309361e-01
8.2812425327e-01
8.2226234767e-01
8.1590826529e-01
8.0903294621e-01
8.0160663737e-01
7.9421111893e-01
7.8629271343e-01
7.7782706735e-01
7.6878999075e-01
7.5987744645e-01
7.5043449302e-01
7.4044344912e-01
7.2988765698e-01
7.1863329501e-01
7.0677261257e-01
6.9429362468e-01
6.8118689851e-01
6.6761574119e-01
6.5342276083e-01
6.3860899516e-01
6.2317985798e-01
6.0921379072e-01
5.9479661602e-01
5.7994197942e-01
5.6466717896e-01
5.4990901589e-01
5.3481754886e-01
5.1941705031e-01
5.0373512165e-01
4.8942572179e-01
4.7493865607e-01
4.6030071086e-01
4.4554062035e-01
4.2996082929e-01
4.1431742241e-01
3.9864915952e-01
3.8299607365e-01
3.6718075494e-01
3.5146626616e-01
3.3589562872e-01
3.2051125587e-01
3.0659702549e-01
2.9290498258e-01
2.7946422877e-01
2.6630203832e-01
2.5219132050e-01
2.3847739333e-01
2.2518668199e-01
2.1234171767e-01
1.9935743024e-01
1.8690131272e-01
1.7498512566e-01
1.6361596099e-01
1.5156811782e-01
1.4020345837e-01
1.2951397977e-01
1.1948668252e-01
1.1081359058e-01
1.0267247422e-01
9.5045082126e-02
8.7911552329e-02
8.0885018818e-02
7.4360818322e-02
6.8312548269e-02
6.2713610865e-02
5.6706736620e-02
5.1235434443e-02
4.6259475772e-02
4.1740190624e-02
3.6765479647e-02
3.2358859827e-02
2.8461165857e-02
2.5018047466e-02
2.1205148080e-02
1.7960334419e-02
1.5202677578e-02
1.2861683799e-02
1.0911934875e-02
9.2544358679e-03
7.8463010906e-03
6.6506698794e-03
5.5402917470e-03
4.6142900250e-03
3.8423414109e-03
3.1990151460e-03
2.5794445026e-03
2.0795980681e-03
1.6764166585e-03
1.3512516116e-03
1.0332168372e-03
7.8999946593e-04
6.0399335940e-04
4.6173329433e-04
3.2182461763e-04
2.2434172091e-04
1.5638135447e-04
1.0897864216e-04
6.3456493258e-05
3.7002094110e-05
2.1575521170e-05
1.2555609974e-05
4.9329004994e-06
1.9800897368e-06
7.9363751975e-07
3.0984768144e-07
1.2014935580e-07
4.8471980900e-08
2.1490236579e-08
1.4368936586e-08
