2.5839699847e-01
2.5851770310e-01
2.5887992971e-01
2.5948401673e-01
2.6033052857e-01
2.6092264172e-01
2.6159416089e-01
2.6234529045e-01
2.6317625898e-01
2.6377299525e-01
2.6440520904e-01
2.6507298538e-01
2.6577641410e-01
2.6631338652e-01
2.6686951010e-01
2.6744482483e-01
2.6803937208e-01
2.6851335986e-01
2.6899894328e-01
2.6949614331e-01
2.7000498140e-01
2.7041894299e-01
2.7084032494e-01
2.7126913881e-01
2.7170539636e-01
2.7207682493e-01
2.7245349923e-01
2.7283542653e-01
2.7322261416e-01
2.7356393048e-01
2.7390924309e-01
2.7425855700e-01
2.7461187728e-01
2.7493874030e-01
2.7526896698e-01
2.7560256125e-01
2.7593952704e-01
2.7629232202e-01
2.7664874698e-01
2.7700880613e-01
2.7737250352e-01
2.7766543696e-01
2.7796069288e-01
2.7825827289e-01
2.7855817829e-01
2.7879914038e-01
2.7904158382e-01
2.7928550865e-01
2.7953091465e-01
2.7974491500e-01
2.7996002798e-01
2.8017625262e-01
2.8039358760e-01
2.8059943895e-01
2.8080627321e-01
2.8101408803e-01
2.8122288056e-01
2.8146892619e-01
2.8171630417e-01
2.8196500600e-01
2.8221502131e-01
2.8242410725e-01
2.8263408598e-01
2.8284494763e-01
2.8305668086e-01
2.8324861980e-01
2.8344124814e-01
2.8363455380e-01
2.8382852334e-01
2.8401689391e-01
2.8420585767e-01
2.8439539835e-01
2.8458549822e-01
2.8481841700e-01
2.8505210302e-01
2.8528651466e-01
2.8552160683e-01
2.8571946812e-01
2.8591774439e-01
2.8611640352e-01
2.8631541186e-01
2.8652128390e-01
2.8672745083e-01
2.8693387107e-01
2.8714050183e-01
2.8736907993e-01
2.8759780094e-01
2.8782660317e-01
2.8805542408e-01
2.8833413894e-01
2.8861267320e-01
2.8889091233e-01
2.8916874253e-01
2.8943594518e-01
2.8970256477e-01
2.8996850441e-01
2.9023366959e-01
2.9050072574e-01
2.9076680583e-01
2.9103182157e-01
2.9129568821e-01
2.9157873250e-01
2.9186025066e-01
2.9214015105e-01
2.9241834717e-01
2.9273500558e-01
2.9304920404e-01
2.9336083678e-01
2.9366980639e-01
2.9406501531e-01
2.9445545417e-01
2.9484096957e-01
2.9522142721e-01
2.9565712420e-01
2.9608567661e-01
2.9650695630e-01
2.9692085968e-01
2.9734622534e-01
2.9776334546e-01
2.9817217028e-01
2.9857266846e-01
2.9897427823e-01
2.9936713368e-01
2.9975124697e-01
3.0012664175e-01
3.0051976372e-01
3.0090293971e-01
3.0127623095e-01
3.0163970631e-01
3.0203370424e-01
3.0241569127e-01
3.0278578484e-01
3.0314410675e-01
3.0354171311e-01
3.0392411538e-01
3.0429150765e-01
3.0464408385e-01
3.0504424905e-01
3.0542406231e-01
3.0578383449e-01
3.0612386731e-01
3.0652036204e-01
3.0688720130e-01
3.0722489215e-01
3.0753390904e-01
3.0790106292e-01
3.0821925443e-01
3.0848930602e-01
3.0871192328e-01
3.0892421147e-01
3.0906430454e-01
3.0913278586e-01
3.0912994161e-01
3.0907699329e-01
3.0897906529e-01
3.0883590091e-01
3.0864712639e-01
3.0846532595e-01
3.0825443368e-01
3.0801411196e-01
3.0774397918e-01
3.0749763289e-01
3.0723032539e-01
3.0694177466e-01
3.0663167984e-01
3.0635004164e-01
3.0605230348e-01
3.0573824916e-01
3.0540765450e-01
3.0510555608e-01
3.0479053551e-01
3.0446243199e-01
3.0412108226e-01
3.0380589463e-01
3.0347995953e-01
3.0314316011e-01
3.0279538039e-01
3.0246953480e-01
3.0213443272e-01
3.0178999262e-01
3.0143613630e-01
3.0109644326e-01
3.0074838489e-01
3.0039190976e-01
3.0002697243e-01
2.9964199096e-01
2.9924794868e-01
2.9884482397e-01
2.9843260821e-01
2.9806047660e-01
2.9768125477e-01
2.9729497058e-01
2.9690166562e-01
2.9653087876e-01
2.9615416676e-01
2.9577160222e-01
2.9538327333e-01
2.9507369245e-01
2.9476066575e-01
2.9444426018e-01
2.9412455083e-01
2.9384541837e-01
2.9356393632e-01
2.9328016964e-01
2.9299418886e-01
2.9272844673e-01
2.9246094915e-01
2.9219176483e-01
2.9192096693e-01
2.9166716706e-01
2.9141209914e-01
2.9115583306e-01
2.9089844203e-01
2.9060072651e-01
2.9030174282e-01
2.9000161849e-01
2.8970048601e-01
2.8945788550e-01
2.8921479550e-01
2.8897129040e-01
2.8872744574e-01
2.8849082169e-01
2.8825402062e-01
2.8801711294e-01
2.8778016896e-01
2.8757873939e-01
2.8737737680e-01
2.8717612328e-01
2.8697502026e-01
2.8677489598e-01
2.8657500054e-01
2.8637537209e-01
2.8617604757e-01
2.8596205358e-01
2.8574849483e-01
2.8553541178e-01
2.8532284277e-01
2.8513360546e-01
2.8494483044e-01
2.8475654037e-01
2.8456875646e-01
2.8436278965e-01
2.8415748344e-01
2.8395286001e-01
2.8374893955e-01
2.8353532852e-01
2.8332253373e-01
2.8311057218e-01
2.8289945891e-01
2.8267215288e-01
2.8244586872e-01
2.8222061898e-01
2.8199641445e-01
2.8178477378e-01
2.8157408787e-01
2.8136436233e-01
2.8115560184e-01
2.8092906866e-01
2.8070369178e-01
2.8047947457e-01
2.8025641968e-01
2.7996907423e-01
2.7968368774e-01
2.7940026239e-01
2.7911879945e-01
2.7876239713e-01
2.7840919271e-01
2.7805918505e-01
2.7771237227e-01
2.7735975042e-01
2.7701048816e-01
2.7666458210e-01
2.7632202865e-01
2.7595474149e-01
2.7559137906e-01
2.7523193645e-01
2.7487640875e-01
2.7446598605e-01
2.7406089263e-01
2.7366112072e-01
2.7326666260e-01
2.7277989069e-01
2.7230143488e-01
2.7183128063e-01
2.7136941361e-01
2.7074883770e-01
2.7014381743e-01
2.6955431804e-01
2.6898030567e-01
2.6809925013e-01
2.6725715286e-01
2.6645389148e-01
2.6568934928e-01
2.6425143725e-01
2.6297282798e-01
2.6185275063e-01
2.6089052996e-01
2.5953658830e-01
2.5870666659e-01
2.5839908897e-01
2.5861323446e-01
2.5897394249e-01
2.5950844624e-01
2.6021710441e-01
2.6110039261e-01
2.6171123683e-01
2.6238468262e-01
2.6312089105e-01
2.6392003823e-01
2.6450435987e-01
2.6511841703e-01
2.6576227874e-01
2.6643601737e-01
2.6695381902e-01
2.6748805179e-01
2.6803874858e-01
2.6860594329e-01
2.6906031679e-01
2.6952478723e-01
2.6999937202e-01
2.7048408898e-01
2.7088585499e-01
2.7129434703e-01
2.7170957526e-01
2.7213154997e-01
2.7249417224e-01
2.7286164645e-01
2.7323397914e-01
2.7361117691e-01
2.7394713500e-01
2.7428687027e-01
2.7463038735e-01
2.7497769092e-01
2.7530903985e-01
2.7564377152e-01
2.7598188990e-01
2.7632339890e-01
2.7664757047e-01
2.7697474567e-01
2.7730492755e-01
2.7763811901e-01
2.7793011470e-01
2.7822438679e-01
2.7852093659e-01
2.7881976508e-01
2.7905258580e-01
2.7928677157e-01
2.7952232216e-01
2.7975923705e-01
2.7996895529e-01
2.8017972951e-01
2.8039155846e-01
2.8060444054e-01
2.8081109777e-01
2.8101873362e-01
2.8122734521e-01
2.8143692905e-01
2.8166998121e-01
2.8190421188e-01
2.8213961273e-01
2.8237617378e-01
2.8257714009e-01
2.8277891946e-01
2.8298150231e-01
2.8318487773e-01
2.8337444895e-01
2.8356468197e-01
2.8375556438e-01
2.8394708249e-01
2.8413607422e-01
2.8432565057e-01
2.8451579427e-01
2.8470648656e-01
2.8493369292e-01
2.8516160783e-01
2.8539019131e-01
2.8561940026e-01
2.8581389394e-01
2.8600877320e-01
2.8620400693e-01
2.8639956265e-01
2.8660808819e-01
2.8681689811e-01
2.8702594873e-01
2.8723519513e-01
2.8746546588e-01
2.8769585533e-01
2.8792630005e-01
2.8815673590e-01
2.8843649549e-01
2.8871603059e-01
2.8899522552e-01
2.8927396555e-01
2.8953828723e-01
2.8980200075e-01
2.9006501291e-01
2.9032723298e-01
2.9059456729e-01
2.9086088943e-01
2.9112611175e-01
2.9139015019e-01
2.9167475581e-01
2.9195778068e-01
2.9223913295e-01
2.9251872603e-01
2.9283798817e-01
2.9315470114e-01
2.9346875864e-01
2.9378006297e-01
2.9419881853e-01
2.9461211745e-01
2.9501978392e-01
2.9542166588e-01
2.9585544647e-01
2.9628197535e-01
2.9670113494e-01
2.9711283132e-01
2.9753748847e-01
2.9795375630e-01
2.9836159293e-01
2.9876097426e-01
2.9915889083e-01
2.9954803995e-01
2.9992843941e-01
3.0030011777e-01
3.0069226984e-01
3.0107432601e-01
3.0144635286e-01
3.0180842422e-01
3.0220208227e-01
3.0258348007e-01
3.0295274168e-01
3.0330999510e-01
3.0370723966e-01
3.0408889170e-01
3.0445515456e-01
3.0480623075e-01
3.0520536016e-01
3.0558350660e-01
3.0594099471e-01
3.0627813865e-01
3.0667146452e-01
3.0703402823e-01
3.0736635698e-01
3.0766894158e-01
3.0802748225e-01
3.0833473100e-01
3.0859152907e-01
3.0879858672e-01
3.0898822873e-01
3.0910197506e-01
3.0914032630e-01
3.0910345170e-01
3.0902713654e-01
3.0890891838e-01
3.0874850993e-01
3.0854552322e-01
3.0835291274e-01
3.0813265131e-01
3.0788440721e-01
3.0760780981e-01
3.0735582204e-01
3.0708367636e-01
3.0679110028e-01
3.0647780443e-01
3.0619300409e-01
3.0589260505e-01
3.0557639925e-01
3.0524417160e-01
3.0494011707e-01
3.0462347135e-01
3.0429407999e-01
3.0395178657e-01
3.0363507449e-01
3.0330783479e-01
3.0296995549e-01
3.0262132581e-01
3.0229362451e-01
3.0195679497e-01
3.0161075951e-01
3.0125544408e-01
3.0091026725e-01
3.0055664774e-01
3.0019453679e-01
2.9982389227e-01
2.9944196931e-01
2.9905133119e-01
2.9865196343e-01
2.9824386448e-01
2.9787074015e-01
2.9749063552e-01
2.9710358438e-01
2.9670963465e-01
2.9634059405e-01
2.9596581343e-01
2.9558536993e-01
2.9519935618e-01
2.9489491598e-01
2.9458722215e-01
2.9427634130e-01
2.9396234775e-01
2.9368481457e-01
2.9340501685e-01
2.9312302055e-01
2.9283889703e-01
2.9257386724e-01
2.9230714355e-01
2.9203879585e-01
2.9176889839e-01
2.9150555897e-01
2.9124090987e-01
2.9097503084e-01
2.9070800543e-01
2.9040948557e-01
2.9010977877e-01
2.8980901574e-01
2.8950733192e-01
2.8927109943e-01
2.8903445823e-01
2.8879747750e-01
2.8856022729e-01
2.8832837331e-01
2.8809639588e-01
2.8786436111e-01
2.8763233486e-01
2.8743355055e-01
2.8723486113e-01
2.8703630665e-01
2.8683792642e-01
2.8663625755e-01
2.8643484846e-01
2.8623373741e-01
2.8603296136e-01
2.8582244240e-01
2.8561237169e-01
2.8540278657e-01
2.8519372235e-01
2.8500482857e-01
2.8481641255e-01
2.8462849592e-01
2.8444109888e-01
2.8423591595e-01
2.8403140508e-01
2.8382758710e-01
2.8362448090e-01
2.8340903113e-01
2.8319442597e-01
2.8298068176e-01
2.8276781290e-01
2.8254303710e-01
2.8231927298e-01
2.8209653177e-01
2.8187482305e-01
2.8166262145e-01
2.8145138807e-01
2.8124112807e-01
2.8103184573e-01
2.8080024230e-01
2.8056985653e-01
2.8034069159e-01
2.8011274997e-01
2.7979203852e-01
2.7947378790e-01
2.7915800030e-01
2.7884467672e-01
2.7845784429e-01
2.7807483374e-01
2.7769564267e-01
2.7732026789e-01
2.7696854136e-01
2.7662022576e-01
2.7627531742e-01
2.7593381250e-01
2.7555958542e-01
2.7518952215e-01
2.7482361729e-01
2.7446186544e-01
2.7403723808e-01
2.7361846262e-01
2.7320553016e-01
2.7279843194e-01
2.7228703608e-01
2.7178512235e-01
2.7129267331e-01
2.7080967181e-01
2.7014706217e-01
2.6950301909e-01
2.6887749832e-01
2.6827045687e-01
2.6731595163e-01
2.6641073842e-01
2.6555465033e-01
2.6474752948e-01
2.6325673988e-01
2.6196667377e-01
2.6087634750e-01
2.5998492972e-01
2.5928981011e-01
2.5879367679e-01
2.5849614902e-01
2.5839699846e-01
