2.1784698708e-10
1.1487960108e-10
5.8279415877e-10
1.9247331869e-09
1.4430783110e-08
3.9863969985e-08
1.0634445837e-07
2.8287111043e-07
7.7655877546e-07
1.4767942167e-06
2.7953649972e-06
5.2907993610e-06
1.0047400087e-05
1.5893719531e-05
2.5120491665e-05
3.9703143264e-05
6.2790589189e-05
8.8949328203e-05
1.2597815655e-04
1.7841820303e-04
2.5272180823e-04
3.3291311401e-04
4.3850901758e-04
5.7757474641e-04
7.6074042899e-04
9.5671889526e-04
1.2030812438e-03
1.5127660920e-03
1.9020188098e-03
2.3199727459e-03
2.8294195721e-03
3.4502644996e-03
4.2066750381e-03
5.0564471346e-03
6.0765593478e-03
7.3006330098e-03
8.7686788358e-03
1.0438971929e-02
1.2422507159e-02
1.4776058313e-02
1.7565840545e-02
2.0537049841e-02
2.3995688683e-02
2.8016228476e-02
3.2682472724e-02
3.6416761676e-02
4.0555377128e-02
4.5136690226e-02
5.0201398680e-02
5.5185508842e-02
6.0624281489e-02
6.6550793706e-02
7.2998773281e-02
8.0006934374e-02
8.7605208604e-02
9.5826671440e-02
1.0470293281e-01
1.1423234863e-01
1.2446785506e-01
1.3543155429e-01
1.4714061962e-01
1.5834430594e-01
1.7016654332e-01
1.8260575787e-01
1.9565484198e-01
2.0825687693e-01
2.2135464054e-01
2.3492850123e-01
2.4895423876e-01
2.6448101119e-01
2.8045440041e-01
2.9682831125e-01
3.1355213980e-01
3.3022668510e-01
3.4713103914e-01
3.6420949378e-01
3.8140535581e-01
3.9837900126e-01
4.1535770976e-01
4.3228937508e-01
4.4912383899e-01
4.6891601438e-01
4.8842979472e-01
5.0759749181e-01
5.2635852830e-01
5.4563988490e-01
5.6435691879e-01
5.8246545697e-01
5.9993006144e-01
6.1801503075e-01
6.3529522711e-01
6.5175579827e-01
6.6739020077e-01
6.8207626606e-01
6.9595782960e-01
7.0904678964e-01
7.2135931569e-01
7.3383002325e-01
7.4544338906e-01
7.5623079762e-01
7.6622571506e-01
7.7673484012e-01
7.8630555894e-01
7.9499167223e-01
8.0284663849e-01
8.1196359896e-01
8.1985927435e-01
8.2664225491e-01
8.3241491805e-01
8.3789626955e-01
8.4231506956e-01
8.4579134063e-01
8.4843383001e-01
8.5045362660e-01
8.5173405722e-01
8.5237121920e-01
8.5245007367e-01
8.5203303476e-01
8.5118291322e-01
8.4996085660e-01
8.4842032735e-01
8.4642681616e-01
8.4416117396e-01
8.4166891977e-01
8.3898917879e-01
8.3576267438e-01
8.3237947340e-01
8.2887476523e-01
8.2527812481e-01
8.2096583667e-01
8.1659405274e-01
8.1219013835e-01
8.0777642713e-01
8.0236814618e-01
7.9699945648e-01
7.9169176823e-01
7.8646200009e-01
7.7976256210e-01
7.7324283460e-01
7.6692146070e-01
7.6081356039e-01
7.5228538418e-01
7.4427768329e-01
7.3682453697e-01
7.2996009936e-01
7.2288473539e-01
7.1667855015e-01
7.1139703080e-01
7.0709385375e-01
7.0421821676e-01
7.0212565955e-01
7.0083623513e-01
7.0036280272e-01
7.0070496283e-01
7.0185307542e-01
7.0379579608e-01
7.0651462363e-01
7.0980183026e-01
7.1374489560e-01
7.1831597026e-01
7.2348573632e-01
7.2858081882e-01
7.3410815786e-01
7.4004748772e-01
7.4637916613e-01
7.5145110781e-01
7.5673093802e-01
7.6220994850e-01
7.6787882630e-01
7.7265159199e-01
7.7753812761e-01
7.8253087142e-01
7.8762078775e-01
7.9198496528e-01
7.9640262490e-01
8.0086409123e-01
8.0535760595e-01
8.0926323900e-01
8.1317103199e-01
8.1706759066e-01
8.2093689628e-01
8.2432644320e-01
8.2766391794e-01
8.3093082605e-01
8.3410545833e-01
8.3688596113e-01
8.3954740053e-01
8.4206415308e-01
8.4440660406e-01
8.4644529826e-01
8.4826076344e-01
8.4981400916e-01
8.5106039185e-01
8.5204115842e-01
8.5247008076e-01
8.5224599426e-01
8.5125171037e-01
8.4993392132e-01
8.4805333721e-01
8.4554046683e-01
8.4231862409e-01
8.3880747318e-01
8.3461107653e-01
8.2966064525e-01
8.2388228112e-01
8.1858841914e-01
8.1266639318e-01
8.0607109371e-01
7.9875570473e-01
7.9156839707e-01
7.8373203407e-01
7.7521097118e-01
7.6596947275e-01
7.5669496666e-01
7.4673842236e-01
7.3607292354e-01
7.2467303418e-01
7.1262049833e-01
6.9980244316e-01
6.8620181600e-01
6.7180554334e-01
6.5700983575e-01
6.4144874754e-01
6.2512573149e-01
6.0805103312e-01
5.9245912242e-01
5.7631919673e-01
5.5965416277e-01
5.4249272976e-01
5.2648701145e-01
5.1013027563e-01
4.9345756940e-01
4.7650826407e-01
4.5926940179e-01
4.4184408457e-01
4.2428404736e-01
4.0664423371e-01
3.8570275831e-01
3.6482972817e-01
3.4412639099e-01
3.2369375367e-01
3.0736838524e-01
2.9133738080e-01
2.7564854615e-01
2.6034619881e-01
2.4397535830e-01
2.2817024442e-01
2.1297081435e-01
1.9840931303e-01
1.8407258263e-01
1.7045972753e-01
1.5758050006e-01
1.4543681625e-01
1.3359446914e-01
1.2252711355e-01
1.1221547300e-01
1.0263510267e-01
9.3727450443e-02
8.5495339542e-02
7.7904583484e-02
7.0919605587e-02
6.3438105303e-02
5.6683840259e-02
5.0599035873e-02
4.5127727048e-02
3.8557664528e-02
3.2902717038e-02
2.8046944459e-02
2.3885789324e-02
1.9511212951e-02
1.5921791304e-02
1.2981981883e-02
1.0577750290e-02
8.7005529123e-03
7.1536027509e-03
5.8797092609e-03
4.8312763810e-03
3.8344045811e-03
3.0425155872e-03
2.4136860389e-03
1.9144728805e-03
1.4226228940e-03
1.0570472377e-03
7.8532435475e-04
5.8334770871e-04
3.7980612950e-04
2.4737569772e-04
1.6111137755e-04
1.0486202944e-04
4.8993141036e-05
2.3067786430e-05
1.0857777452e-05
5.0557452949e-06
7.6777496282e-07
2.1672496846e-07
4.2432170386e-08
3.2399010437e-08
3.3948727170e-10
1.5846780025e-09
-1.0600653917e-10
2.0771575837e-09
4.0386822756e-09
1.3199158861e-08
4.4159962507e-08
1.6880492466e-07
3.6869610169e-07
7.9573372259e-07
1.7167767714e-06
3.7360615652e-06
6.3351251316e-06
1.0723614568e-05
1.8151701769e-05
3.0764176064e-05
4.5410929380e-05
6.7005854146e-05
9.8868668727e-05
1.4592188724e-04
1.9771299965e-04
2.6785251204e-04
3.6286306752e-04
4.9159551565e-04
6.2957540737e-04
8.0621620480e-04
1.0323544892e-03
1.3218591465e-03
1.6317294875e-03
2.0140299150e-03
2.4856275949e-03
3.0672768253e-03
3.7079755669e-03
4.4817334327e-03
5.4158842844e-03
6.5432278366e-03
7.8337730310e-03
9.3758755393e-03
1.1217357390e-02
1.3414584673e-02
1.5599152021e-02
1.8131432412e-02
2.1063984372e-02
2.4456311387e-02
2.7675780677e-02
3.1302208292e-02
3.5382316357e-02
3.9966854834e-02
4.4234635087e-02
4.8928905018e-02
5.4085690289e-02
5.9742568447e-02
6.5535952398e-02
7.1836021097e-02
7.8675859800e-02
8.6088431764e-02
9.4531358662e-02
1.0367864948e-01
1.1356381976e-01
1.2421687261e-01
1.3461060167e-01
1.4567772481e-01
1.5742847404e-01
1.6986755551e-01
1.8250994052e-01
1.9578336888e-01
2.0967411345e-01
2.2416184496e-01
2.3813164329e-01
2.5256641707e-01
2.6743444735e-01
2.8269948323e-01
3.0207683598e-01
3.2191571617e-01
3.4212536799e-01
3.6261034023e-01
3.7928385457e-01
3.9602087682e-01
4.1277000521e-01
4.2948100748e-01
4.4767702582e-01
4.6570874684e-01
4.8351966778e-01
5.0105772483e-01
5.2036814139e-01
5.3921570386e-01
5.5754925981e-01
5.7532573069e-01
5.9725890894e-01
6.1816156696e-01
6.3799557080e-01
6.5673923848e-01
6.7186901696e-01
6.8620175158e-01
6.9974562811e-01
7.1251354983e-01
7.2558324602e-01
7.3777493733e-01
7.4911823972e-01
7.5964538478e-01
7.7049296304e-01
7.8041198009e-01
7.8945262557e-01
7.9766519597e-01
8.0686333772e-01
8.1493490084e-01
8.2197170589e-01
8.2806116666e-01
8.3411620534e-01
8.3910192595e-01
8.4313282048e-01
8.4631346026e-01
8.4906579539e-01
8.5093204056e-01
8.5203040915e-01
8.5246512445e-01
8.5233862963e-01
8.5174552224e-01
8.5075056236e-01
8.4941048080e-01
8.4762238759e-01
8.4554094396e-01
8.4321378662e-01
8.4068196853e-01
8.3761800391e-01
8.3438103281e-01
8.3100783812e-01
8.2752943688e-01
8.2335892660e-01
8.1911472143e-01
8.1482547231e-01
8.1051465812e-01
8.0525004199e-01
8.0000992638e-01
7.9481668352e-01
7.8968804558e-01
7.8315895609e-01
7.7678605407e-01
7.7058821396e-01
7.6458052032e-01
7.5680146297e-01
7.4941746511e-01
7.4245287638e-01
7.3593131487e-01
7.2918392349e-01
7.2305705386e-01
7.1758683001e-01
7.1280981885e-01
7.0906797275e-01
7.0596594242e-01
7.0352707449e-01
7.0177091646e-01
7.0070602393e-01
7.0036055579e-01
7.0073759160e-01
7.0183377016e-01
7.0383994851e-01
7.0667107413e-01
7.1029996673e-01
7.1469424905e-01
7.1930405273e-01
7.2448420660e-01
7.3020669956e-01
7.3644400365e-01
7.4156484644e-01
7.4696170407e-01
7.5262309153e-01
7.5853743931e-01
7.6346748656e-01
7.6854655657e-01
7.7376716104e-01
7.7912067275e-01
7.8367219628e-01
7.8830176853e-01
7.9300090229e-01
7.9775928125e-01
8.0187158321e-01
8.0600853961e-01
8.1015858696e-01
8.1430778266e-01
8.1793298169e-01
8.2153114246e-01
8.2508625103e-01
8.2857936052e-01
8.3164239353e-01
8.3461862531e-01
8.3748599859e-01
8.4021885982e-01
8.4259703170e-01
8.4480813656e-01
8.4682105970e-01
8.4860008909e-01
8.5008243475e-01
8.5125424438e-01
8.5206456116e-01
8.5245526019e-01
8.5237751206e-01
8.5179682366e-01
8.5064065702e-01
8.4882744828e-01
8.4657732123e-01
8.4365749003e-01
8.3998824498e-01
8.3548221786e-01
8.3126302232e-01
8.2641011393e-01
8.2086956737e-01
8.1458437917e-01
8.0855154577e-01
8.0188677173e-01
7.9454935202e-01
7.8649757897e-01
7.7843662922e-01
7.6970419183e-01
7.6026732759e-01
7.5009363930e-01
7.3979296603e-01
7.2878354263e-01
7.1704203084e-01
7.0454739749e-01
6.8953600170e-01
6.7352408066e-01
6.5649864089e-01
6.3845557998e-01
6.2344779018e-01
6.0781401674e-01
5.9156823203e-01
5.7473032276e-01
5.5803707119e-01
5.4085168428e-01
5.2320943683e-01
5.0515187242e-01
4.8908693618e-01
4.7277771190e-01
4.5626348916e-01
4.3958686345e-01
4.2210430260e-01
4.0454975718e-01
3.8698019179e-01
3.6945435930e-01
3.5234484867e-01
3.3539196418e-01
3.1865169974e-01
3.0217847434e-01
2.8665021132e-01
2.7145995755e-01
2.5664773054e-01
2.4224971973e-01
2.2697535259e-01
2.1227322625e-01
1.9817228735e-01
1.8469455400e-01
1.6882658063e-01
1.5396022222e-01
1.4009612157e-01
1.2722212059e-01
1.1693098237e-01
1.0733401116e-01
9.8407104392e-02
9.0123023065e-02
8.1913714224e-02
7.4372101902e-02
6.7458480737e-02
6.1132735610e-02
5.4156509226e-02
4.7924526277e-02
4.2368973054e-02
3.7425547628e-02
3.1975797685e-02
2.7291556633e-02
2.3273055990e-02
1.9831318844e-02
1.6539791879e-02
1.3785183964e-02
1.1482779134e-02
9.5603139288e-03
7.8507359498e-03
6.4444846334e-03
5.2884888371e-03
4.3387059467e-03
3.4306491872e-03
2.7120669397e-03
2.1436038228e-03
1.6940018966e-03
1.2526525333e-03
9.2623295295e-04
6.8480132263e-04
5.0621250792e-04
3.2817208464e-04
2.1283632899e-04
1.3802787545e-04
8.9453819988e-05
4.2392696483e-05
2.0232064885e-05
9.6532198565e-06
4.5605606507e-06
8.0832908558e-07
2.1976994002e-07
4.8583026614e-08
2.4755605837e-08
4.3006563891e-09
1.1783007791e-09
2.7896043526e-10
2.7358092727e-10
