2.7866650299e-01
2.7868974610e-01
2.7875947934e-01
2.7887571431e-01
2.7903847043e-01
2.7918100269e-01
2.7934662679e-01
2.7953535642e-01
2.7974720721e-01
2.7992126546e-01
2.8010834532e-01
2.8030845549e-01
2.8052160526e-01
2.8070179645e-01
2.8089036977e-01
2.8108733084e-01
2.8129268552e-01
2.8147284498e-01
2.8165901156e-01
2.8185118917e-01
2.8204938183e-01
2.8223916033e-01
2.8243415121e-01
2.8263435777e-01
2.8283978326e-01
2.8302454818e-01
2.8321334481e-01
2.8340617486e-01
2.8360303966e-01
2.8376371550e-01
2.8392698303e-01
2.8409284180e-01
2.8426129075e-01
2.8440102451e-01
2.8454248908e-01
2.8468568230e-01
2.8483060126e-01
2.8496727181e-01
2.8510543527e-01
2.8524508655e-01
2.8538621932e-01
2.8553994828e-01
2.8569537620e-01
2.8585248799e-01
2.8601126514e-01
2.8614750905e-01
2.8628492342e-01
2.8642348905e-01
2.8656318373e-01
2.8669313037e-01
2.8682399466e-01
2.8695575086e-01
2.8708837019e-01
2.8726416046e-01
2.8744130829e-01
2.8761972179e-01
2.8779929872e-01
2.8794110494e-01
2.8808350099e-01
2.8822642444e-01
2.8836980949e-01
2.8854286131e-01
2.8871635608e-01
2.8889016339e-01
2.8906414883e-01
2.8924952697e-01
2.8943478218e-01
2.8961974431e-01
2.8980424311e-01
2.8999559937e-01
2.9018608218e-01
2.9037550714e-01
2.9056369460e-01
2.9075784265e-01
2.9095027679e-01
2.9114081687e-01
2.9132929124e-01
2.9154225750e-01
2.9175207561e-01
2.9195853186e-01
2.9216142807e-01
2.9242628929e-01
2.9268409532e-01
2.9293449708e-01
2.9317718732e-01
2.9346220470e-01
2.9373495275e-01
2.9399508742e-01
2.9424232808e-01
2.9448032179e-01
2.9470456470e-01
2.9491492130e-01
2.9511129855e-01
2.9532015796e-01
2.9551036207e-01
2.9568194083e-01
2.9583497807e-01
2.9597134610e-01
2.9608899397e-01
2.9618817887e-01
2.9626922168e-01
2.9631919697e-01
2.9635899347e-01
2.9638884544e-01
2.9640901925e-01
2.9641833465e-01
2.9642191998e-01
2.9641995887e-01
2.9641265235e-01
2.9640209400e-01
2.9638779798e-01
2.9636993333e-01
2.9634868117e-01
2.9632637933e-01
2.9630154978e-01
2.9627436003e-01
2.9624498642e-01
2.9620957446e-01
2.9617191075e-01
2.9613228365e-01
2.9609099279e-01
2.9605702755e-01
2.9602235956e-01
2.9598715241e-01
2.9595157119e-01
2.9591997863e-01
2.9588833740e-01
2.9585676032e-01
2.9582535872e-01
2.9579511963e-01
2.9576524712e-01
2.9573583599e-01
2.9570697759e-01
2.9567827819e-01
2.9565032893e-01
2.9562321245e-01
2.9559700620e-01
2.9557264829e-01
2.9554926487e-01
2.9552691095e-01
2.9550563674e-01
2.9548344129e-01
2.9546267439e-01
2.9544338462e-01
2.9542561455e-01
2.9540874484e-01
2.9539360318e-01
2.9538021993e-01
2.9536862048e-01
2.9535916958e-01
2.9535140184e-01
2.9534532909e-01
2.9534096029e-01
2.9533832625e-01
2.9533735999e-01
2.9533806283e-01
2.9534043381e-01
2.9534518774e-01
2.9535211188e-01
2.9536119323e-01
2.9537241402e-01
2.9538386196e-01
2.9539688389e-01
2.9541145765e-01
2.9542755704e-01
2.9544353746e-01
2.9546073379e-01
2.9547911575e-01
2.9549864925e-01
2.9552098626e-01
2.9554456729e-01
2.9556933268e-01
2.9559521664e-01
2.9562064206e-01
2.9564693628e-01
2.9567402848e-01
2.9570184314e-01
2.9573261710e-01
2.9576403471e-01
2.9579598451e-01
2.9582835053e-01
2.9586376791e-01
2.9589937675e-01
2.9593501718e-01
2.9597052726e-01
2.9601066644e-01
2.9605018218e-01
2.9608883489e-01
2.9612638857e-01
2.9616258336e-01
2.9619722629e-01
2.9623010075e-01
2.9626099831e-01
2.9629259307e-01
2.9632127563e-01
2.9634680406e-01
2.9636895072e-01
2.9639227618e-01
2.9640913391e-01
2.9641913257e-01
2.9642191722e-01
2.9641360136e-01
2.9639072831e-01
2.9635268904e-01
2.9629896197e-01
2.9622751151e-01
2.9613887031e-01
2.9603270843e-01
2.9590875677e-01
2.9578315523e-01
2.9564314540e-01
2.9548864383e-01
2.9531959926e-01
2.9513163955e-01
2.9492846464e-01
2.9471013283e-01
2.9447674715e-01
2.9426468083e-01
2.9404177859e-01
2.9380820288e-01
2.9356415365e-01
2.9336599922e-01
2.9316171166e-01
2.9295144515e-01
2.9273537415e-01
2.9255064376e-01
2.9236212901e-01
2.9216996837e-01
2.9197431270e-01
2.9179612790e-01
2.9161539407e-01
2.9143224679e-01
2.9124683039e-01
2.9105908022e-01
2.9086937152e-01
2.9067787510e-01
2.9048476984e-01
2.9030814832e-01
2.9013049805e-01
2.8995196771e-01
2.8977270946e-01
2.8960176669e-01
2.8943044067e-01
2.8925886667e-01
2.8908717992e-01
2.8894013382e-01
2.8879318693e-01
2.8864642115e-01
2.8849991654e-01
2.8829606932e-01
2.8809308427e-01
2.8789115180e-01
2.8769044875e-01
2.8755431946e-01
2.8741888538e-01
2.8728419033e-01
2.8715027468e-01
2.8700544181e-01
2.8686161908e-01
2.8671884501e-01
2.8657715380e-01
2.8639531943e-01
2.8621540733e-01
2.8603746421e-01
2.8586152848e-01
2.8571470092e-01
2.8556933938e-01
2.8542545651e-01
2.8528306272e-01
2.8512356467e-01
2.8496599812e-01
2.8481037071e-01
2.8465668827e-01
2.8445612372e-01
2.8425898655e-01
2.8406528147e-01
2.8387501123e-01
2.8363723628e-01
2.8340505557e-01
2.8317846799e-01
2.8295747133e-01
2.8273388958e-01
2.8251633018e-01
2.8230478917e-01
2.8209926247e-01
2.8185413269e-01
2.8161813165e-01
2.8139125190e-01
2.8117348617e-01
2.8088699906e-01
2.8061795373e-01
2.8036633351e-01
2.8013212278e-01
2.7979601439e-01
2.7950369726e-01
2.7925512564e-01
2.7905026063e-01
2.7883750014e-01
2.7870959478e-01
2.7866650565e-01
2.7870821961e-01
2.7878368335e-01
2.7889728474e-01
2.7904903933e-01
2.7923896788e-01
2.7939592339e-01
2.7957189840e-01
2.7976690490e-01
2.7998095614e-01
2.8015820398e-01
2.8034669043e-01
2.8054642305e-01
2.8075740985e-01
2.8093774274e-01
2.8112556533e-01
2.8132088260e-01
2.8152369972e-01
2.8170420981e-01
2.8189027940e-01
2.8208191207e-01
2.8227911144e-01
2.8248700390e-01
2.8270075168e-01
2.8292035860e-01
2.8314582826e-01
2.8332120761e-01
2.8349998013e-01
2.8368214664e-01
2.8386770748e-01
2.8401741016e-01
2.8416925057e-01
2.8432322763e-01
2.8447933962e-01
2.8461549776e-01
2.8475323538e-01
2.8489254954e-01
2.8503343645e-01
2.8517489783e-01
2.8531789950e-01
2.8546243397e-01
2.8560849199e-01
2.8575119476e-01
2.8589529963e-01
2.8604079154e-01
2.8618765254e-01
2.8632974221e-01
2.8647304915e-01
2.8661754774e-01
2.8676320848e-01
2.8689580288e-01
2.8702929055e-01
2.8716364010e-01
2.8729881677e-01
2.8745109344e-01
2.8760429980e-01
2.8775837120e-01
2.8791323739e-01
2.8805471871e-01
2.8819673423e-01
2.8833921992e-01
2.8848210861e-01
2.8865601766e-01
2.8883028735e-01
2.8900478327e-01
2.8917936752e-01
2.8937292334e-01
2.8956622147e-01
2.8975906786e-01
2.8995126935e-01
2.9014142489e-01
2.9033057129e-01
2.9051852927e-01
2.9070512492e-01
2.9090303459e-01
2.9109899639e-01
2.9129282276e-01
2.9148433592e-01
2.9170419092e-01
2.9192043520e-01
2.9213283976e-01
2.9234119378e-01
2.9262178339e-01
2.9289383500e-01
2.9315695118e-01
2.9341078797e-01
2.9373231775e-01
2.9403647925e-01
2.9432282528e-01
2.9459101376e-01
2.9481192402e-01
2.9501844245e-01
2.9521049230e-01
2.9538803572e-01
2.9556146838e-01
2.9571842485e-01
2.9585898622e-01
2.9598327493e-01
2.9608864902e-01
2.9617899304e-01
2.9625453989e-01
2.9631556834e-01
2.9635484009e-01
2.9638486737e-01
2.9640588374e-01
2.9641815255e-01
2.9642185460e-01
2.9642042893e-01
2.9641405223e-01
2.9640291673e-01
2.9638906505e-01
2.9637172072e-01
2.9635105710e-01
2.9632725928e-01
2.9630259718e-01
2.9627558178e-01
2.9624638754e-01
2.9621519754e-01
2.9618148275e-01
2.9614609833e-01
2.9610926437e-01
2.9607120791e-01
2.9603697313e-01
2.9600213602e-01
2.9596685885e-01
2.9593130484e-01
2.9590022234e-01
2.9586916102e-01
2.9583822705e-01
2.9580752489e-01
2.9577684383e-01
2.9574660617e-01
2.9571691077e-01
2.9568785245e-01
2.9566007306e-01
2.9563307322e-01
2.9560692863e-01
2.9558170994e-01
2.9555734246e-01
2.9553403949e-01
2.9551185706e-01
2.9549084593e-01
2.9546947515e-01
2.9544958179e-01
2.9543121109e-01
2.9541440243e-01
2.9539899870e-01
2.9538526365e-01
2.9537322269e-01
2.9536289692e-01
2.9535434329e-01
2.9534751779e-01
2.9534243085e-01
2.9533908998e-01
2.9533751951e-01
2.9533761075e-01
2.9533936359e-01
2.9534277564e-01
2.9534973320e-01
2.9535950320e-01
2.9537206104e-01
2.9538737336e-01
2.9540029567e-01
2.9541464871e-01
2.9543040832e-01
2.9544754646e-01
2.9546479356e-01
2.9548318835e-01
2.9550269721e-01
2.9552328260e-01
2.9555179579e-01
2.9558197872e-01
2.9561371425e-01
2.9564687246e-01
2.9567375118e-01
2.9570134204e-01
2.9572956694e-01
2.9575834376e-01
2.9579295317e-01
2.9582806600e-01
2.9586352926e-01
2.9589918566e-01
2.9593938587e-01
2.9597939464e-01
2.9601897806e-01
2.9605790271e-01
2.9609543993e-01
2.9613189193e-01
2.9616704505e-01
2.9620069155e-01
2.9623514236e-01
2.9626735306e-01
2.9629709063e-01
2.9632413354e-01
2.9635167935e-01
2.9637506863e-01
2.9639402122e-01
2.9640827749e-01
2.9641965965e-01
2.9642149151e-01
2.9641329537e-01
2.9639464828e-01
2.9635841086e-01
2.9630636558e-01
2.9623805141e-01
2.9615307941e-01
2.9605551867e-01
2.9594206613e-01
2.9581253045e-01
2.9566676309e-01
2.9551809622e-01
2.9535552277e-01
2.9517901936e-01
2.9498859391e-01
2.9479125143e-01
2.9458099811e-01
2.9435793826e-01
2.9412221504e-01
2.9391250476e-01
2.9369395939e-01
2.9346674773e-01
2.9323106921e-01
2.9304141195e-01
2.9284686543e-01
2.9264757047e-01
2.9244368345e-01
2.9226192171e-01
2.9207691218e-01
2.9188879141e-01
2.9169770672e-01
2.9152121167e-01
2.9134251670e-01
2.9116175741e-01
2.9097907708e-01
2.9076924995e-01
2.9055736830e-01
2.9034367677e-01
2.9012843040e-01
2.8996036085e-01
2.8979163972e-01
2.8962239609e-01
2.8945276053e-01
2.8929713048e-01
2.8914138291e-01
2.8898561833e-01
2.8882993622e-01
2.8868647721e-01
2.8854324690e-01
2.8840031850e-01
2.8825776290e-01
2.8809582457e-01
2.8793455540e-01
2.8777404614e-01
2.8761438164e-01
2.8747870730e-01
2.8734375227e-01
2.8720955837e-01
2.8707616397e-01
2.8693003923e-01
2.8678497134e-01
2.8664099788e-01
2.8649815203e-01
2.8631599255e-01
2.8613580189e-01
2.8595762377e-01
2.8578149392e-01
2.8563469528e-01
2.8548938549e-01
2.8534557610e-01
2.8520327655e-01
2.8504076515e-01
2.8488028840e-01
2.8472185347e-01
2.8456546573e-01
2.8436329699e-01
2.8416466869e-01
2.8396958471e-01
2.8377804717e-01
2.8354754121e-01
2.8332239133e-01
2.8310259604e-01
2.8288815300e-01
2.8266384990e-01
2.8244571035e-01
2.8223373020e-01
2.8202790519e-01
2.8178073345e-01
2.8154304967e-01
2.8131484600e-01
2.8109611484e-01
2.8080751178e-01
2.8053721540e-01
2.8028520810e-01
2.8005147347e-01
2.7972666533e-01
2.7944526679e-01
2.7920723420e-01
2.7901253061e-01
2.7886112581e-01
2.7875299631e-01
2.7868812532e-01
2.7866650277e-01
