3.5649956568e-02
3.5991820713e-02
3.7023041582e-02
3.8760481478e-02
4.1232184779e-02
4.3753909031e-02
4.6791549609e-02
5.0374157782e-02
5.4534882456e-02
5.8705384432e-02
6.3380064708e-02
6.8588299950e-02
7.4361006184e-02
8.0508909312e-02
8.7244046586e-02
9.4596091092e-02
1.0259421724e-01
1.1204146319e-01
1.2231658993e-01
1.3344891650e-01
1.4546246426e-01
1.5634925885e-01
1.6788795560e-01
1.8007975179e-01
1.9292047869e-01
2.0541025742e-01
2.1843770186e-01
2.3198523344e-01
2.4603044023e-01
2.6107219653e-01
2.7658305566e-01
2.9252257433e-01
3.0884581700e-01
3.2618875293e-01
3.4383556036e-01
3.6172475171e-01
3.7979307143e-01
3.9693569730e-01
4.1412711143e-01
4.3131478495e-01
4.4844774471e-01
4.6869322217e-01
4.8871476104e-01
5.0844110969e-01
5.2780774111e-01
5.4734134481e-01
5.6637663685e-01
5.8486702674e-01
6.0277388181e-01
6.2259823466e-01
6.4157513360e-01
6.5968014007e-01
6.7689879038e-01
6.9249226722e-01
7.0727544041e-01
7.2125487073e-01
7.3444145375e-01
7.4786684160e-01
7.6039832582e-01
7.7206075088e-01
7.8288092228e-01
7.9428585171e-01
8.0466362345e-01
8.1405702640e-01
8.2250779808e-01
8.3143193233e-01
8.3912883653e-01
8.4565622998e-01
8.5106502302e-01
8.5631358825e-01
8.5995269081e-01
8.6202944092e-01
8.6257031733e-01
8.6186537085e-01
8.6011234036e-01
8.5729384110e-01
8.5338289562e-01
8.4909774713e-01
8.4394157344e-01
8.3788054913e-01
8.3087626034e-01
8.2403739716e-01
8.1643390347e-01
8.0803428954e-01
7.9880566794e-01
7.8978092285e-01
7.8003503945e-01
7.6954332056e-01
7.5828165921e-01
7.4670785688e-01
7.3438217909e-01
7.2128771643e-01
7.0741024622e-01
6.9146393130e-01
6.7457581998e-01
6.5674476989e-01
6.3797807671e-01
6.2185326493e-01
6.0512201202e-01
5.8780523267e-01
5.6993004194e-01
5.5315855184e-01
5.3598075174e-01
5.1843239150e-01
5.0055428882e-01
4.8392249563e-01
4.6709121839e-01
4.5010260374e-01
4.3300177247e-01
4.1274562923e-01
3.9248215182e-01
3.7229645287e-01
3.5227509180e-01
3.3564367977e-01
3.1923977285e-01
3.0311204777e-01
2.8730683592e-01
2.7144380242e-01
2.5601037467e-01
2.4104504192e-01
2.2658128091e-01
2.1128760821e-01
1.9666421334e-01
1.8273277056e-01
1.6950710423e-01
1.5529292611e-01
1.4200312339e-01
1.2962584439e-01
1.1814034844e-01
1.0850357191e-01
9.9547337238e-02
9.1243751287e-02
8.3562724592e-02
7.5841684512e-02
6.8784416944e-02
6.2348384804e-02
5.6491463526e-02
4.9326658895e-02
4.3072132236e-02
3.7633116799e-02
3.2922357624e-02
2.7815737188e-02
2.3631888515e-02
2.0244701115e-02
1.7548763818e-02
1.5480504915e-02
1.3937235387e-02
1.2869290636e-02
1.2241969127e-02
1.2035456133e-02
1.2197959170e-02
1.2734231347e-02
1.3659956148e-02
1.4928710662e-02
1.6608432221e-02
1.8742541546e-02
2.1385384820e-02
2.3950753182e-02
2.6936145342e-02
3.0388576007e-02
3.4360936966e-02
3.8017267180e-02
4.2091393842e-02
4.6620615965e-02
5.1644719062e-02
5.6607298322e-02
6.2033770622e-02
6.7956982819e-02
7.4410537541e-02
8.1593181635e-02
8.9402136467e-02
9.7872869530e-02
1.0703933909e-01
1.1648217538e-01
1.2661469044e-01
1.3745807306e-01
1.4902902490e-01
1.6044852129e-01
1.7251101842e-01
1.8521553786e-01
1.9855535928e-01
2.1134718997e-01
2.2464870871e-01
2.3844051096e-01
2.5269854106e-01
2.6911801331e-01
2.8603583780e-01
3.0339991072e-01
3.2115283244e-01
3.3801176305e-01
3.5510249188e-01
3.7237051003e-01
3.8976041901e-01
4.0733244939e-01
4.2491579707e-01
4.4245604080e-01
4.5990085266e-01
4.7971004142e-01
4.9925905889e-01
5.1848429230e-01
5.3732859407e-01
5.5796495410e-01
5.7799685678e-01
5.9737366464e-01
6.1605478447e-01
6.3448154540e-01
6.5211772511e-01
6.6894769075e-01
6.8496345357e-01
7.0036726234e-01
7.1493761238e-01
7.2868404764e-01
7.4162021422e-01
7.5508789755e-01
7.6759964689e-01
7.7918509864e-01
7.8987564485e-01
8.0130569613e-01
8.1160399588e-01
8.2082172224e-01
8.2900806619e-01
8.3743426313e-01
8.4454881694e-01
8.5041423609e-01
8.5508416363e-01
8.5893174091e-01
8.6139748566e-01
8.6251224560e-01
8.6229096045e-01
8.6102350515e-01
8.5874780869e-01
8.5544471627e-01
8.5108638595e-01
8.4651281679e-01
8.4111960274e-01
8.3487548815e-01
8.2774539850e-01
8.2067899911e-01
8.1286256527e-01
8.0426599611e-01
7.9485803680e-01
7.8563854580e-01
7.7570760203e-01
7.6504182370e-01
7.5361858083e-01
7.4160152035e-01
7.2880961506e-01
7.1522662055e-01
7.0083942442e-01
6.8579714920e-01
6.6995346522e-01
6.5330954969e-01
6.3587300513e-01
6.1980276432e-01
6.0313981365e-01
5.8590557031e-01
5.6812755208e-01
5.5173527908e-01
5.3496153667e-01
5.1784021161e-01
5.0040981099e-01
4.8381033125e-01
4.6701579262e-01
4.5006862895e-01
4.3301424111e-01
4.1139110196e-01
3.8977531685e-01
3.6827204130e-01
3.4698797499e-01
3.3079326645e-01
3.1483953778e-01
2.9917245556e-01
2.8383529648e-01
2.6716600567e-01
2.5100814363e-01
2.3540637230e-01
2.2039873383e-01
2.0543664062e-01
1.9117929346e-01
1.7764540806e-01
1.6484584390e-01
1.5205810441e-01
1.4009861068e-01
1.2895589639e-01
1.1861218194e-01
1.0933336534e-01
1.0075804753e-01
9.2859140855e-02
8.5607766748e-02
7.8192946802e-02
7.1515352388e-02
6.5532506326e-02
6.0203213192e-02
5.4194420747e-02
4.9142196999e-02
4.4975826006e-02
4.1634166258e-02
3.8414970895e-02
3.6443678893e-02
3.5665638619e-02
3.6058991586e-02
3.7057966021e-02
3.8670036583e-02
4.0917790423e-02
4.3832154413e-02
4.6760659697e-02
5.0193766067e-02
5.4160942385e-02
5.8694972197e-02
6.3278355923e-02
6.8375384254e-02
7.4015279897e-02
8.0228344001e-02
8.7067356268e-02
9.4545624391e-02
1.0269399383e-01
1.1154205804e-01
1.2103897303e-01
1.3127579514e-01
1.4227265737e-01
1.5404485195e-01
1.6531670626e-01
1.7722726523e-01
1.8977369815e-01
2.0294768791e-01
2.1572851949e-01
2.2902208466e-01
2.4280767124e-01
2.5705996740e-01
2.7300535801e-01
2.8942066108e-01
3.0625698241e-01
3.2346081494e-01
3.4043665170e-01
3.5764911842e-01
3.7504168485e-01
3.9255697839e-01
4.0991644576e-01
4.2728508029e-01
4.4460989955e-01
4.6183999935e-01
4.8198235432e-01
5.0185184763e-01
5.2138127913e-01
5.4051050944e-01
5.6043082949e-01
5.7977995190e-01
5.9851218648e-01
6.1659074326e-01
6.3518822566e-01
6.5297901629e-01
6.6994700357e-01
6.8608406658e-01
7.0129107902e-01
7.1568161141e-01
7.2926504968e-01
7.4205470947e-01
7.5528719607e-01
7.6759580538e-01
7.7900862891e-01
7.8955539573e-01
8.0070283112e-01
8.1078242044e-01
8.1984066626e-01
8.2792232351e-01
8.3631628922e-01
8.4345531801e-01
8.4939728163e-01
8.5419202362e-01
8.5850933643e-01
8.6126984838e-01
8.6250863146e-01
8.6224056330e-01
8.6091048754e-01
8.5856997015e-01
8.5519733864e-01
8.5076225530e-01
8.4608371284e-01
8.4056624620e-01
8.3417642873e-01
8.2687694358e-01
8.1965993072e-01
8.1167526028e-01
8.0289151551e-01
7.9327617956e-01
7.8391766066e-01
7.7383952442e-01
7.6301818948e-01
7.5143093177e-01
7.3938042019e-01
7.2656410822e-01
7.1296651748e-01
6.9857530724e-01
6.8266046150e-01
6.6586351016e-01
6.4818715059e-01
6.2964206919e-01
6.1346277700e-01
5.9670553561e-01
5.7939317340e-01
5.6155454705e-01
5.4479206132e-01
5.2764992646e-01
5.1016491312e-01
4.9237860463e-01
4.7572148197e-01
4.5888673747e-01
4.4191740305e-01
4.2485926796e-01
4.0377576385e-01
3.8272481806e-01
3.6180317126e-01
3.4110836420e-01
3.2474486855e-01
3.0863755179e-01
2.9283258101e-01
2.7737342336e-01
2.6110761580e-01
2.4533791930e-01
2.3010415615e-01
2.1543993826e-01
2.0064899419e-01
1.8654291324e-01
1.7313759258e-01
1.6044138607e-01
1.4728580312e-01
1.3498373661e-01
1.2351979960e-01
1.1287166700e-01
1.0356874536e-01
9.4936852604e-02
8.6946461006e-02
7.9566229293e-02
7.1995791661e-02
6.5101631498e-02
5.8837828926e-02
5.3159298601e-02
4.6230339542e-02
4.0217017372e-02
3.5019931886e-02
3.0548449402e-02
2.5637517374e-02
2.1680013871e-02
1.8541013863e-02
1.6110292729e-02
1.4455643836e-02
1.3255059136e-02
1.2472647968e-02
1.2084855481e-02
1.2076068020e-02
1.2433524460e-02
1.3167568831e-02
1.4299380576e-02
1.5819683715e-02
1.7791281170e-02
2.0266731254e-02
2.3310865082e-02
2.6118682293e-02
2.9359095970e-02
3.3079765554e-02
3.7333777917e-02
4.1216162902e-02
4.5521767729e-02
5.0286737944e-02
5.5549321465e-02
6.0875100264e-02
6.6690325921e-02
7.3028433156e-02
7.9923311077e-02
8.7435170189e-02
9.5575467264e-02
1.0437668986e-01
1.1386935321e-01
1.2378058214e-01
1.3439280471e-01
1.4572387085e-01
1.5778656281e-01
1.6933875334e-01
1.8149614089e-01
1.9425405655e-01
2.0760247401e-01
2.2102770268e-01
2.3496896370e-01
2.4940198688e-01
2.6429755125e-01
2.8115340302e-01
2.9847516687e-01
3.1620607896e-01
3.3428465305e-01
3.5118851071e-01
3.6827907257e-01
3.8550242107e-01
4.0280437752e-01
4.2061520584e-01
4.3839528849e-01
4.5608969619e-01
4.7364616130e-01
4.9364868987e-01
5.1333352913e-01
5.3263831946e-01
5.5150787210e-01
5.7269241549e-01
5.9317133375e-01
6.1289514260e-01
6.3182588405e-01
6.4947605250e-01
6.6633143362e-01
6.8238307695e-01
6.9762867380e-01
7.1250855635e-01
7.2654420037e-01
7.3974906304e-01
7.5214015207e-01
7.6510102631e-01
7.7709300325e-01
7.8814902348e-01
7.9830317127e-01
8.0952765881e-01
8.1952099103e-01
8.2834258902e-01
8.3604842403e-01
8.4368862184e-01
8.4995653669e-01
8.5491447345e-01
8.5861350823e-01
8.6117420619e-01
8.6243659905e-01
8.6241665859e-01
8.6111563653e-01
8.5898292125e-01
8.5589116852e-01
8.5181598129e-01
8.4672553004e-01
8.4156492432e-01
8.3561295029e-01
8.2883830899e-01
8.2120664582e-01
8.1368112524e-01
8.0542307182e-01
7.9640397052e-01
7.8659462974e-01
7.7689890933e-01
7.6649418050e-01
7.5535875571e-01
7.4347207828e-01
7.3060679651e-01
7.1692912201e-01
7.0242488526e-01
6.8708397131e-01
6.7194412672e-01
6.5606537741e-01
6.3945358590e-01
6.2212077448e-01
6.0554222944e-01
5.8838906874e-01
5.7068791476e-01
5.5247184778e-01
5.3619655817e-01
5.1959069766e-01
5.0268921435e-01
4.8553114429e-01
4.6869263913e-01
4.5169600378e-01
4.3458687190e-01
4.1741355261e-01
3.9778367865e-01
3.7821409568e-01
3.5878432456e-01
3.3957411914e-01
3.2350713341e-01
3.0770138456e-01
2.9220133002e-01
2.7704878391e-01
2.6084182206e-01
2.4514742438e-01
2.3000577835e-01
2.1545073176e-01
2.0059629500e-01
1.8646559899e-01
1.7307505357e-01
1.6043311341e-01
1.4800884681e-01
1.3639853294e-01
1.2558878713e-01
1.1556044571e-01
1.0646413086e-01
9.8070058075e-02
9.0350025811e-02
8.3274269781e-02
7.6021897640e-02
6.9507443816e-02
6.3687523568e-02
5.8520331446e-02
5.2843777501e-02
4.8079638565e-02
4.4162233519e-02
4.1035118223e-02
3.8651633421e-02
3.6975301974e-02
3.5979982268e-02
3.5649957615e-02
