0.0000000000e+00
5.5381992387e-03
1.1076398477e-02
1.6614597716e-02
2.2152796955e-02
2.6052545667e-02
2.9952294379e-02
3.3852043092e-02
3.7751791804e-02
4.0676383777e-02
4.3600975750e-02
4.6525567723e-02
4.9450159696e-02
5.1793343585e-02
5.4136527475e-02
5.6479711364e-02
5.8822895254e-02
6.0803830103e-02
6.2784764951e-02
6.4765699800e-02
6.6746634649e-02
6.8589455404e-02
7.0432276159e-02
7.2275096915e-02
7.4117917670e-02
7.5736747657e-02
7.7355577643e-02
7.8974407630e-02
8.0593237617e-02
8.1890531815e-02
8.3187826013e-02
8.4485120211e-02
8.5782414410e-02
8.6843735583e-02
8.7905056757e-02
8.8966377930e-02
9.0027699103e-02
9.1017251907e-02
9.2006804710e-02
9.2996357513e-02
9.3985910316e-02
9.5052217538e-02
9.6118524759e-02
9.7184831981e-02
9.8251139202e-02
9.9157438171e-02
1.0006373714e-01
1.0097003611e-01
1.0187633508e-01
1.0271303192e-01
1.0354972877e-01
1.0438642561e-01
1.0522312246e-01
1.0632422890e-01
1.0742533535e-01
1.0852644180e-01
1.0962754825e-01
1.1049250128e-01
1.1135745431e-01
1.1222240735e-01
1.1308736038e-01
1.1412817327e-01
1.1516898615e-01
1.1620979904e-01
1.1725061193e-01
1.1835933131e-01
1.1946805070e-01
1.2057677009e-01
1.2168548948e-01
1.2283946952e-01
1.2399344956e-01
1.2514742960e-01
1.2630140964e-01
1.2750113209e-01
1.2870085453e-01
1.2990057697e-01
1.3110029942e-01
1.3247339023e-01
1.3384648104e-01
1.3521957185e-01
1.3659266267e-01
1.3842474517e-01
1.4025682767e-01
1.4208891017e-01
1.4392099267e-01
1.4615425371e-01
1.4838751476e-01
1.5062077580e-01
1.5285403685e-01
1.5512531548e-01
1.5739659412e-01
1.5966787275e-01
1.6193915138e-01
1.6455606045e-01
1.6717296951e-01
1.6978987857e-01
1.7240678764e-01
1.7505992950e-01
1.7771307136e-01
1.8036621321e-01
1.8301935507e-01
1.8504835245e-01
1.8707734983e-01
1.8910634721e-01
1.9113534459e-01
1.9274433048e-01
1.9435331638e-01
1.9596230228e-01
1.9757128818e-01
1.9897377230e-01
2.0037625642e-01
2.0177874054e-01
2.0318122466e-01
2.0446737444e-01
2.0575352423e-01
2.0703967401e-01
2.0832582379e-01
2.0977223024e-01
2.1121863669e-01
2.1266504314e-01
2.1411144959e-01
2.1526663475e-01
2.1642181991e-01
2.1757700507e-01
2.1873219023e-01
2.1975208135e-01
2.2077197247e-01
2.2179186359e-01
2.2281175472e-01
2.2380271557e-01
2.2479367643e-01
2.2578463729e-01
2.2677559815e-01
2.2778367548e-01
2.2879175281e-01
2.2979983014e-01
2.3080790747e-01
2.3178067773e-01
2.3275344800e-01
2.3372621827e-01
2.3469898854e-01
2.3577379141e-01
2.3684859427e-01
2.3792339714e-01
2.3899820001e-01
2.4011883265e-01
2.4123946528e-01
2.4236009792e-01
2.4348073055e-01
2.4455816250e-01
2.4563559444e-01
2.4671302639e-01
2.4779045833e-01
2.4885328969e-01
2.4991612104e-01
2.5097895240e-01
2.5204178375e-01
2.5325767696e-01
2.5447357017e-01
2.5568946338e-01
2.5690535659e-01
2.5796001545e-01
2.5901467431e-01
2.6006933317e-01
2.6112399203e-01
2.6208545995e-01
2.6304692787e-01
2.6400839579e-01
2.6496986372e-01
2.6600786644e-01
2.6704586917e-01
2.6808387189e-01
2.6912187462e-01
2.7010286508e-01
2.7108385554e-01
2.7206484600e-01
2.7304583647e-01
2.7410581698e-01
2.7516579750e-01
2.7622577801e-01
2.7728575853e-01
2.7843483252e-01
2.7958390650e-01
2.8073298049e-01
2.8188205448e-01
2.8319281361e-01
2.8450357274e-01
2.8581433186e-01
2.8712509099e-01
2.8843478379e-01
2.8974447658e-01
2.9105416937e-01
2.9236386217e-01
2.9381069927e-01
2.9525753638e-01
2.9670437349e-01
2.9815121060e-01
3.0002648658e-01
3.0190176257e-01
3.0377703855e-01
3.0565231453e-01
3.0819532244e-01
3.1073833035e-01
3.1328133825e-01
3.1582434616e-01
3.1841912866e-01
3.2101391116e-01
3.2360869366e-01
3.2620347616e-01
3.2851542340e-01
3.3082737064e-01
3.3313931788e-01
3.3545126512e-01
3.3781589705e-01
3.4018052897e-01
3.4254516089e-01
3.4490979282e-01
3.4693805404e-01
3.4896631525e-01
3.5099457647e-01
3.5302283768e-01
3.5461023686e-01
3.5619763604e-01
3.5778503521e-01
3.5937243439e-01
3.6069795189e-01
3.6202346938e-01
3.6334898687e-01
3.6467450437e-01
3.6586244962e-01
3.6705039487e-01
3.6823834013e-01
3.6942628538e-01
3.7061560283e-01
3.7180492028e-01
3.7299423773e-01
3.7418355517e-01
3.7526372823e-01
3.7634390129e-01
3.7742407435e-01
3.7850424741e-01
3.7953109713e-01
3.8055794685e-01
3.8158479656e-01
3.8261164628e-01
3.8349119378e-01
3.8437074128e-01
3.8525028878e-01
3.8612983627e-01
3.8735714394e-01
3.8858445160e-01
3.8981175926e-01
3.9103906692e-01
3.9187632943e-01
3.9271359194e-01
3.9355085445e-01
3.9438811696e-01
3.9529944375e-01
3.9621077054e-01
3.9712209733e-01
3.9803342412e-01
3.9921360612e-01
4.0039378812e-01
4.0157397012e-01
4.0275415212e-01
4.0374970126e-01
4.0474525039e-01
4.0574079952e-01
4.0673634865e-01
4.0786413362e-01
4.0899191860e-01
4.1011970357e-01
4.1124748855e-01
4.1274134212e-01
4.1423519569e-01
4.1572904926e-01
4.1722290283e-01
4.1912889648e-01
4.2103489013e-01
4.2294088379e-01
4.2484687744e-01
4.2682617555e-01
4.2880547366e-01
4.3078477177e-01
4.3276406988e-01
4.3520443100e-01
4.3764479212e-01
4.4008515324e-01
4.4252551437e-01
4.4590445854e-01
4.4928340272e-01
4.5266234690e-01
4.5604129107e-01
4.6140570069e-01
4.6677011030e-01
4.7213451991e-01
4.7749892953e-01
4.8497907018e-01
4.9245921084e-01
4.9993935149e-01
5.0741949215e-01
5.1243474271e-01
5.1744999328e-01
5.2246524384e-01
5.2748049441e-01
5.3101834991e-01
5.3455620541e-01
5.3809406091e-01
5.4163191642e-01
5.4434776698e-01
5.4706361754e-01
5.4977946810e-01
5.5249531866e-01
5.5470932703e-01
5.5692333539e-01
5.5913734376e-01
5.6135135213e-01
5.6325628186e-01
5.6516121159e-01
5.6706614132e-01
5.6897107105e-01
5.7092345808e-01
5.7287584510e-01
5.7482823212e-01
5.7678061914e-01
5.7826526661e-01
5.7974991408e-01
5.8123456154e-01
5.8271920901e-01
5.8389762874e-01
5.8507604846e-01
5.8625446818e-01
5.8743288791e-01
5.8844778291e-01
5.8946267791e-01
5.9047757290e-01
5.9149246790e-01
5.9250032362e-01
5.9350817934e-01
5.9451603505e-01
5.9552389077e-01
5.9649866647e-01
5.9747344217e-01
5.9844821787e-01
5.9942299357e-01
6.0035769623e-01
6.0129239889e-01
6.0222710155e-01
6.0316180421e-01
6.0400642617e-01
6.0485104812e-01
6.0569567007e-01
6.0654029203e-01
6.0748592328e-01
6.0843155454e-01
6.0937718580e-01
6.1032281706e-01
6.1118289311e-01
6.1204296915e-01
6.1290304520e-01
6.1376312125e-01
6.1480726249e-01
6.1585140372e-01
6.1689554496e-01
6.1793968620e-01
6.1909769156e-01
6.2025569691e-01
6.2141370227e-01
6.2257170763e-01
6.2372237206e-01
6.2487303650e-01
6.2602370094e-01
6.2717436537e-01
6.2840527089e-01
6.2963617640e-01
6.3086708191e-01
6.3209798743e-01
6.3353121718e-01
6.3496444694e-01
6.3639767670e-01
6.3783090645e-01
6.3980924454e-01
6.4178758263e-01
6.4376592071e-01
6.4574425880e-01
6.4836543999e-01
6.5098662117e-01
6.5360780236e-01
6.5622898355e-01
6.5853696877e-01
6.6084495399e-01
6.6315293921e-01
6.6546092444e-01
6.6792342907e-01
6.7038593370e-01
6.7284843833e-01
6.7531094296e-01
6.7770462541e-01
6.8009830787e-01
6.8249199032e-01
6.8488567278e-01
6.8683906774e-01
6.8879246271e-01
6.9074585767e-01
6.9269925264e-01
6.9424448794e-01
6.9578972324e-01
6.9733495855e-01
6.9888019385e-01
7.0026497343e-01
7.0164975302e-01
7.0303453260e-01
7.0441931219e-01
7.0570169735e-01
7.0698408251e-01
7.0826646768e-01
7.0954885284e-01
7.1085853189e-01
7.1216821095e-01
7.1347789000e-01
7.1478756906e-01
7.1593738062e-01
7.1708719217e-01
7.1823700373e-01
7.1938681529e-01
7.2038883972e-01
7.2139086416e-01
7.2239288859e-01
7.2339491303e-01
7.2440733157e-01
7.2541975012e-01
7.2643216866e-01
7.2744458721e-01
7.2843702685e-01
7.2942946648e-01
7.3042190612e-01
7.3141434576e-01
7.3241265587e-01
7.3341096598e-01
7.3440927608e-01
7.3540758619e-01
7.3648821982e-01
7.3756885345e-01
7.3864948708e-01
7.3973012072e-01
7.4082509656e-01
7.4192007240e-01
7.4301504824e-01
7.4411002408e-01
7.4519936784e-01
7.4628871160e-01
7.4737805537e-01
7.4846739913e-01
7.4952794779e-01
7.5058849645e-01
7.5164904511e-01
7.5270959377e-01
7.5409650257e-01
7.5548341137e-01
7.5687032017e-01
7.5825722897e-01
7.5927185540e-01
7.6028648183e-01
7.6130110827e-01
7.6231573470e-01
7.6326464132e-01
7.6421354794e-01
7.6516245457e-01
7.6611136119e-01
7.6735389797e-01
7.6859643475e-01
7.6983897153e-01
7.7108150831e-01
7.7205493786e-01
7.7302836741e-01
7.7400179696e-01
7.7497522651e-01
7.7612585617e-01
7.7727648583e-01
7.7842711549e-01
7.7957774515e-01
7.8087401009e-01
7.8217027503e-01
7.8346653997e-01
7.8476280491e-01
7.8604188717e-01
7.8732096943e-01
7.8860005169e-01
7.8987913395e-01
7.9126205261e-01
7.9264497128e-01
7.9402788995e-01
7.9541080861e-01
7.9700424714e-01
7.9859768567e-01
8.0019112419e-01
8.0178456272e-01
8.0393809801e-01
8.0609163331e-01
8.0824516860e-01
8.1039870390e-01
8.1295654846e-01
8.1551439301e-01
8.1807223757e-01
8.2063008213e-01
8.2308595318e-01
8.2554182424e-01
8.2799769529e-01
8.3045356635e-01
8.3271488888e-01
8.3497621141e-01
8.3723753394e-01
8.3949885646e-01
8.4168554361e-01
8.4387223075e-01
8.4605891789e-01
8.4824560503e-01
8.5010019039e-01
8.5195477575e-01
8.5380936110e-01
8.5566394646e-01
8.5711126763e-01
8.5855858880e-01
8.6000590997e-01
8.6145323114e-01
8.6271776923e-01
8.6398230732e-01
8.6524684542e-01
8.6651138351e-01
8.6766318633e-01
8.6881498915e-01
8.6996679197e-01
8.7111859478e-01
8.7242805624e-01
8.7373751770e-01
8.7504697916e-01
8.7635644061e-01
8.7737339891e-01
8.7839035720e-01
8.7940731550e-01
8.8042427379e-01
8.8135587958e-01
8.8228748537e-01
8.8321909116e-01
8.8415069695e-01
8.8501010323e-01
8.8586950951e-01
8.8672891579e-01
8.8758832206e-01
8.8856784335e-01
8.8954736464e-01
8.9052688593e-01
8.9150640722e-01
8.9234322130e-01
8.9318003539e-01
8.9401684948e-01
8.9485366356e-01
8.9577641505e-01
8.9669916654e-01
8.9762191803e-01
8.9854466952e-01
8.9973239998e-01
9.0092013044e-01
9.0210786091e-01
9.0329559137e-01
9.0429639375e-01
9.0529719613e-01
9.0629799851e-01
9.0729880089e-01
9.0845504490e-01
9.0961128891e-01
9.1076753293e-01
9.1192377694e-01
9.1344152263e-01
9.1495926832e-01
9.1647701401e-01
9.1799475971e-01
9.1985978370e-01
9.2172480769e-01
9.2358983169e-01
9.2545485568e-01
9.2745742943e-01
9.2946000317e-01
9.3146257692e-01
9.3346515067e-01
9.3595337760e-01
9.3844160453e-01
9.4092983146e-01
9.4341805839e-01
9.4688025433e-01
9.5034245027e-01
9.5380464621e-01
9.5726684215e-01
9.6260848688e-01
9.6795013161e-01
9.7329177634e-01
9.7863342107e-01
9.8397506581e-01
9.8931671054e-01
9.9465835527e-01
1.0000000000e+00
