3.9222767765e-06
4.3925966218e-06
5.9100116581e-06
8.8368995646e-06
1.3882426652e-05
1.9884420058e-05
2.8632003577e-05
4.1338266285e-05
5.9773029403e-05
7.9990703835e-05
1.0705953808e-04
1.4330370140e-04
1.9184104996e-04
2.4357963608e-04
3.0926212563e-04
3.9265163227e-04
4.9852856769e-04
6.1008366512e-04
7.4657103025e-04
9.1356118712e-04
1.1178665838e-03
1.3323177751e-03
1.5878225385e-03
1.8922170562e-03
2.2548217776e-03
2.6370433491e-03
3.0838093290e-03
3.6059421042e-03
4.2160483271e-03
4.8725684550e-03
5.6306246295e-03
6.5057018999e-03
7.5155708094e-03
8.7898084378e-03
1.0277401234e-02
1.2013122544e-02
1.4037052534e-02
1.5891126975e-02
1.7984735418e-02
2.0347326475e-02
2.3011540633e-02
2.5538541790e-02
2.8333305673e-02
3.1421944712e-02
3.4832587957e-02
3.7993014946e-02
4.1425110259e-02
4.5149347281e-02
4.9187189966e-02
5.3087431635e-02
5.7273757079e-02
6.1763296921e-02
6.6573564982e-02
7.1459329414e-02
7.6666359385e-02
8.2210061366e-02
8.8105702317e-02
9.4805179081e-02
1.0194048577e-01
1.0952834565e-01
1.1758428781e-01
1.2561709375e-01
1.3408831727e-01
1.4300644243e-01
1.5237794521e-01
1.6136621701e-01
1.7074005284e-01
1.8049887696e-01
1.9064003048e-01
2.0052692959e-01
2.1074213513e-01
2.2127788583e-01
2.3212454725e-01
2.4301513306e-01
2.5417927312e-01
2.6560288396e-01
2.7727032602e-01
2.9108971002e-01
3.0518526176e-01
3.1952592129e-01
3.3407885276e-01
3.4749047048e-01
3.6102314430e-01
3.7464980960e-01
3.8834321233e-01
4.0158429876e-01
4.1483799541e-01
4.2808062199e-01
4.4128910829e-01
4.5557991201e-01
4.6977661146e-01
4.8385321244e-01
4.9778528549e-01
5.1258531747e-01
5.2716572583e-01
5.4150287005e-01
5.5557554830e-01
5.7085897278e-01
5.8577151691e-01
6.0029449262e-01
6.1441256737e-01
6.2917776882e-01
6.4344610718e-01
6.5720988428e-01
6.7046477735e-01
6.8265731860e-01
6.9438500029e-01
7.0565104200e-01
7.1646043456e-01
7.2730641619e-01
7.3766709521e-01
7.4755289686e-01
7.5697536769e-01
7.6664628828e-01
7.7580790819e-01
7.8447759080e-01
7.9267321863e-01
8.0134518363e-01
8.0946693859e-01
8.1706459923e-01
8.2416407746e-01
8.3226246075e-01
8.3969022266e-01
8.4649244430e-01
8.5271247127e-01
8.5905341953e-01
8.6476834084e-01
8.6990959230e-01
8.7452623978e-01
8.7973831768e-01
8.8425529042e-01
8.8815726338e-01
8.9151667285e-01
8.9410712581e-01
8.9636009959e-01
8.9831347304e-01
9.0000152488e-01
9.0149133591e-01
9.0276413594e-01
9.0384700459e-01
9.0476418065e-01
9.0558338326e-01
9.0626221950e-01
9.0682115552e-01
9.0727813539e-01
9.0767879691e-01
9.0799411027e-01
9.0823886796e-01
9.0842537958e-01
9.0857600950e-01
9.0867797845e-01
9.0873885904e-01
9.0876335867e-01
9.0875555228e-01
9.0871830129e-01
9.0864914748e-01
9.0854365234e-01
9.0840871481e-01
9.0823075422e-01
9.0800143458e-01
9.0771065866e-01
9.0737196773e-01
9.0695739536e-01
9.0645373732e-01
9.0584591558e-01
9.0514813438e-01
9.0432137763e-01
9.0334644944e-01
9.0220187710e-01
9.0085818313e-01
8.9929244290e-01
8.9747465630e-01
8.9537154007e-01
8.9305785040e-01
8.9041358371e-01
8.8739964483e-01
8.8397319535e-01
8.8059709640e-01
8.7683472668e-01
8.7264937854e-01
8.6800164338e-01
8.6348892758e-01
8.5855368425e-01
8.5316349433e-01
8.4728423646e-01
8.4192708635e-01
8.3617542386e-01
8.3000624179e-01
8.2339584974e-01
8.1702545678e-01
8.1025701415e-01
8.0307202933e-01
7.9545186610e-01
7.8790751854e-01
7.7995020869e-01
7.7156490595e-01
7.6273691268e-01
7.5396997573e-01
7.4478306084e-01
7.3516534666e-01
7.2510683754e-01
7.1445825928e-01
7.0333993200e-01
6.9174523001e-01
6.7966924810e-01
6.6681919786e-01
6.5346204059e-01
6.3959984849e-01
6.2523779192e-01
6.1257458166e-01
5.9956002997e-01
5.8620379985e-01
5.7251782921e-01
5.5870576617e-01
5.4460281250e-01
5.3022756184e-01
5.1560109558e-01
5.0277044017e-01
4.8978633338e-01
4.7666688740e-01
4.6343152857e-01
4.5011192634e-01
4.3671903806e-01
4.2327569071e-01
4.0980562256e-01
3.9508945531e-01
3.8040340513e-01
3.6578072837e-01
3.5125488980e-01
3.3798059331e-01
3.2484267629e-01
3.1186629396e-01
2.9907577726e-01
2.8680688226e-01
2.7475723761e-01
2.6294595366e-01
2.5139068271e-01
2.3909895287e-01
2.2714937651e-01
2.1555799539e-01
2.0433828611e-01
1.9265705478e-01
1.8143184016e-01
1.7066957128e-01
1.6037392864e-01
1.4932210891e-01
1.3886115217e-01
1.2898353876e-01
1.1967814018e-01
1.1200078577e-01
1.0473873745e-01
9.7879599690e-02
9.1409963133e-02
8.5004288420e-02
7.8997270490e-02
7.3371195212e-02
6.8108095528e-02
6.2354178410e-02
5.7048880011e-02
5.2163520871e-02
4.7670166215e-02
4.2377331834e-02
3.7643494054e-02
3.3415810962e-02
2.9645062686e-02
2.6017939276e-02
2.2821956318e-02
2.0008821798e-02
1.7534944817e-02
1.5213723560e-02
1.3194848890e-02
1.1440161628e-02
9.9160055968e-03
8.5342278412e-03
7.3433132931e-03
6.3173276707e-03
5.4337452128e-03
4.5873628498e-03
3.8722235190e-03
3.2681360904e-03
2.7579672195e-03
2.2597469926e-03
1.8513495284e-03
1.5166280349e-03
1.2423205171e-03
9.7137615509e-04
7.5949304499e-04
5.9379576241e-04
4.6421365305e-04
3.3531261485e-04
2.4222604092e-04
1.7498095360e-04
1.2638975127e-04
8.0015822936e-05
5.0715315467e-05
3.2186604947e-05
2.0478171703e-05
1.0699304408e-05
6.0085515385e-06
4.1264896613e-06
4.1778623227e-06
5.3208787610e-06
7.6156005900e-06
1.1560866890e-05
1.8023419079e-05
2.5542009901e-05
3.6300719513e-05
5.1669798702e-05
7.3614156527e-05
9.7528514951e-05
1.2921852853e-04
1.7121631537e-04
2.2688307836e-04
2.8606704053e-04
3.6067734683e-04
4.5473949801e-04
5.7333061199e-04
6.9815747948e-04
8.5012613955e-04
1.0351342407e-03
1.2603572307e-03
1.4967884521e-03
1.7774691502e-03
2.1106522053e-03
2.5061161112e-03
2.9237061696e-03
3.4105867126e-03
3.9781636952e-03
4.6396855168e-03
5.3566509093e-03
6.1835799228e-03
7.1370785750e-03
8.2361711406e-03
9.6155010362e-03
1.1222692877e-02
1.3094287940e-02
1.5272276036e-02
1.7258520868e-02
1.9496944455e-02
2.2017872487e-02
2.4854801639e-02
2.7465087886e-02
3.0339169146e-02
3.3501412196e-02
3.6977921866e-02
4.0247777272e-02
4.3790626302e-02
4.7626258012e-02
5.1775335136e-02
5.5816272863e-02
6.0147634818e-02
6.4786211643e-02
6.9749095211e-02
7.4843020019e-02
8.0268187597e-02
8.6039919880e-02
9.2173298008e-02
9.9866453781e-02
1.0810252220e-01
1.1690262540e-01
1.2628574062e-01
1.3478249637e-01
1.4372570161e-01
1.5312163922e-01
1.6297430585e-01
1.7236532407e-01
1.8213704704e-01
1.9228650115e-01
2.0280853852e-01
2.1291847939e-01
2.2333631476e-01
2.3405253584e-01
2.4505588985e-01
2.5644044907e-01
2.6808927718e-01
2.7998568792e-01
2.9211147377e-01
3.0739293647e-01
3.2295540772e-01
3.3875693072e-01
3.5475375296e-01
3.6803930700e-01
3.8140130283e-01
3.9481425114e-01
4.0825282405e-01
4.2166005471e-01
4.3504369511e-01
4.4838024528e-01
4.6164708170e-01
4.7711470595e-01
4.9242325967e-01
5.0754202074e-01
5.2244273147e-01
5.3728966633e-01
5.5186244637e-01
5.6613982393e-01
5.8010325557e-01
5.9612718032e-01
6.1167206840e-01
6.2672103906e-01
6.4126151280e-01
6.5466207548e-01
6.6758683702e-01
6.8003410275e-01
6.9200461997e-01
7.0356639378e-01
7.1465379780e-01
7.2527344731e-01
7.3543342217e-01
7.4583021726e-01
7.5572181704e-01
7.6512215652e-01
7.7404605206e-01
7.8324074320e-01
7.9190941180e-01
8.0007312498e-01
8.0775316650e-01
8.1610075232e-01
8.2385688731e-01
8.3105430723e-01
8.3772503334e-01
8.4527235707e-01
8.5212219639e-01
8.5832815042e-01
8.6394104021e-01
8.6947812178e-01
8.7441732932e-01
8.7881393986e-01
8.8271916140e-01
8.8662656327e-01
8.9002217396e-01
8.9296392183e-01
8.9550421360e-01
8.9758264174e-01
8.9937968248e-01
9.0092808496e-01
9.0225737571e-01
9.0344166026e-01
9.0444262251e-01
9.0528451896e-01
9.0598891490e-01
9.0661460242e-01
9.0712427611e-01
9.0753610877e-01
9.0786580569e-01
9.0814953230e-01
9.0836513993e-01
9.0852488432e-01
9.0863845310e-01
9.0871703972e-01
9.0875710149e-01
9.0876182461e-01
9.0873158695e-01
9.0867426729e-01
9.0858464385e-01
9.0845751247e-01
9.0828583742e-01
9.0807881230e-01
9.0781694499e-01
9.0748982095e-01
9.0708524163e-01
9.0661917744e-01
9.0605776663e-01
9.0538553027e-01
9.0458498405e-01
9.0364948528e-01
9.0254852703e-01
9.0125838450e-01
8.9975260422e-01
8.9799383601e-01
8.9595486494e-01
8.9359899129e-01
8.9088560893e-01
8.8812039496e-01
8.8499853996e-01
8.8148184305e-01
8.7752883216e-01
8.7354043392e-01
8.6912269268e-01
8.6423738161e-01
8.5884375146e-01
8.5394834184e-01
8.4864660417e-01
8.4291125261e-01
8.3671387059e-01
8.3089101415e-01
8.2467175774e-01
8.1803525581e-01
8.1096024548e-01
8.0406481509e-01
7.9676526304e-01
7.8904473509e-01
7.8088645266e-01
7.7281185839e-01
7.6432314665e-01
7.5540728006e-01
7.4605177075e-01
7.3645107152e-01
7.2640704629e-01
7.1591044096e-01
7.0495319016e-01
6.9334177391e-01
6.8124265068e-01
6.6865254496e-01
6.5557045780e-01
6.4298430079e-01
6.2997873094e-01
6.1655954844e-01
6.0273510301e-01
5.8975352545e-01
5.7645319345e-01
5.6284689875e-01
5.4894969464e-01
5.3561259510e-01
5.2204939559e-01
5.0827846740e-01
4.9432008048e-01
4.8138340996e-01
4.6832628577e-01
4.5516830966e-01
4.4193022723e-01
4.2767212502e-01
4.1337506937e-01
3.9906813863e-01
3.8478121408e-01
3.6954961236e-01
3.5441345398e-01
3.3941031651e-01
3.2457729646e-01
3.1210248430e-01
2.9979906520e-01
2.8768776337e-01
2.7578823590e-01
2.6385013055e-01
2.5217134688e-01
2.4076850885e-01
2.2965649909e-01
2.1805155532e-01
2.0681149201e-01
1.9594757254e-01
1.8546854102e-01
1.7450200593e-01
1.6400417078e-01
1.5397674481e-01
1.4441848453e-01
1.3511592231e-01
1.2629392208e-01
1.1794326344e-01
1.1005269916e-01
1.0284132368e-01
9.6035817866e-02
8.9622201120e-02
8.3585740646e-02
7.7472668102e-02
7.1761932943e-02
6.6433628966e-02
6.1467836109e-02
5.6114758286e-02
5.1196036322e-02
4.6681916608e-02
4.2543711395e-02
3.7887467106e-02
3.3718792159e-02
2.9991314443e-02
2.6662053544e-02
2.3143866949e-02
2.0078362700e-02
1.7410185785e-02
1.5090006950e-02
1.3086983256e-02
1.1346190618e-02
9.8342011633e-03
8.5216167225e-03
7.3040473277e-03
6.2591535734e-03
5.3627805378e-03
4.5940601557e-03
3.8528731930e-03
3.2308225937e-03
2.7088794368e-03
2.2710159052e-03
1.8420932065e-03
1.4940559433e-03
1.2116812682e-03
9.8259859558e-04
7.5648615529e-04
5.8239410716e-04
4.4834642249e-04
3.4512489343e-04
2.4392250672e-04
1.7242349970e-04
1.2188719854e-04
8.6154976997e-05
5.3727310414e-05
3.3572430373e-05
2.1046739488e-05
1.3291636040e-05
8.5724919561e-06
5.8110509613e-06
4.3702825609e-06
3.9223137562e-06
