8.3803192422e-03
8.5129129963e-03
8.9147383982e-03
9.5980943938e-03
1.0583834102e-02
1.2011960773e-02
1.3871987128e-02
1.6227433291e-02
1.9157441401e-02
2.2022831530e-02
2.5390088228e-02
2.9328612325e-02
3.3917097604e-02
3.7714459426e-02
4.1939796747e-02
4.6633087108e-02
5.1836872895e-02
5.6940483636e-02
6.2518274252e-02
6.8604441468e-02
7.5233881332e-02
8.2397263007e-02
9.0166692520e-02
9.8575714950e-02
1.0765636185e-01
1.1758281383e-01
1.2825853743e-01
1.3970682270e-01
1.5194549336e-01
1.6347711710e-01
1.7564310502e-01
1.8844108947e-01
2.0186298583e-01
2.1484821320e-01
2.2834119028e-01
2.4232102581e-01
2.5676213451e-01
2.7283318454e-01
2.8936294532e-01
3.0630264354e-01
3.2359895312e-01
3.4083699955e-01
3.5830621185e-01
3.7594860048e-01
3.9370538499e-01
4.1118349572e-01
4.2866056811e-01
4.4608360028e-01
4.6340176294e-01
4.8394137981e-01
5.0418478071e-01
5.2406239499e-01
5.4351228074e-01
5.6367964132e-01
5.8324615616e-01
6.0216626706e-01
6.2040373353e-01
6.3891626044e-01
6.5661195000e-01
6.7347679739e-01
6.8950462374e-01
7.0469446104e-01
7.1905448373e-01
7.3259575374e-01
7.4533320974e-01
7.5868511889e-01
7.7107756960e-01
7.8254192570e-01
7.9311114179e-01
8.0422190043e-01
8.1424091952e-01
8.2321856068e-01
8.3120313528e-01
8.3957417679e-01
8.4664063838e-01
8.5246719964e-01
8.5710941986e-01
8.6113412060e-01
8.6362270343e-01
8.6461245730e-01
8.6412009281e-01
8.6260795307e-01
8.6008407653e-01
8.5652667890e-01
8.5190490569e-01
8.4708295443e-01
8.4142538349e-01
8.3489819485e-01
8.2746338951e-01
8.2010083160e-01
8.1196543901e-01
8.0302481790e-01
7.9324543613e-01
7.8376003461e-01
7.7355175724e-01
7.6259652839e-01
7.5087118200e-01
7.3863495336e-01
7.2562254247e-01
7.1181819163e-01
6.9720948969e-01
6.8154965790e-01
6.6504912132e-01
6.4771095285e-01
6.2954569533e-01
6.1320659265e-01
5.9628269813e-01
5.7879797541e-01
5.6078272979e-01
5.4410117699e-01
5.2704978891e-01
5.0966544805e-01
4.9198979486e-01
4.7523963647e-01
4.5831666753e-01
4.4126546467e-01
4.2413343380e-01
4.0182326279e-01
3.7957508333e-01
3.5750599173e-01
3.3573359492e-01
3.1936887878e-01
3.0329464231e-01
2.8755805221e-01
2.7220316858e-01
2.5609215947e-01
2.4051897477e-01
2.2552268095e-01
2.1113573602e-01
1.9651260703e-01
1.8263216928e-01
1.6950859147e-01
1.5714816518e-01
1.4469075717e-01
1.3310745736e-01
1.2238154661e-01
1.1249031858e-01
1.0372574099e-01
9.5682690704e-02
8.8331715166e-02
8.1642251023e-02
7.4845923721e-02
6.8809435980e-02
6.3490451613e-02
5.8848997209e-02
5.4033849989e-02
5.0119094600e-02
4.7053237719e-02
4.4794468157e-02
4.3222380692e-02
4.2533256295e-02
4.2715449907e-02
4.3772044151e-02
4.5259446797e-02
4.7334155686e-02
5.0017921616e-02
5.3338214265e-02
5.6758141459e-02
6.0706113744e-02
6.5209486200e-02
7.0298013714e-02
7.5761026178e-02
8.1821745134e-02
8.8510511072e-02
9.5857965173e-02
1.0394750676e-01
1.1276462708e-01
1.2233704201e-01
1.3268945079e-01
1.4305320078e-01
1.5412455014e-01
1.6591146402e-01
1.7841644540e-01
1.9070823039e-01
2.0361178724e-01
2.1711336132e-01
2.3119349468e-01
2.4584771861e-01
2.6102553934e-01
2.7669012466e-01
2.9279938770e-01
3.1013600319e-01
3.2785174430e-01
3.4588352360e-01
3.6416529730e-01
3.8158662561e-01
3.9911240352e-01
4.1668530801e-01
4.3424910106e-01
4.5298640332e-01
4.7158703426e-01
4.8999118769e-01
5.0814353122e-01
5.2859862682e-01
5.4858803447e-01
5.6805306074e-01
5.8694406720e-01
6.0736942899e-01
6.2697893915e-01
6.4573971150e-01
6.6362978289e-01
6.8010087979e-01
6.9574168494e-01
7.1055490897e-01
7.2454858760e-01
7.3866630150e-01
7.5187479497e-01
7.6419744281e-01
7.7566022741e-01
7.8791696633e-01
7.9909896583e-01
8.0925161305e-01
8.1841975097e-01
8.2828473117e-01
8.3683720187e-01
8.4414415945e-01
8.5026542128e-01
8.5574953156e-01
8.5988644141e-01
8.6272122676e-01
8.6428464953e-01
8.6460649280e-01
8.6379058292e-01
8.6182622424e-01
8.5869057245e-01
8.5511365240e-01
8.5065307741e-01
8.4527567323e-01
8.3894271251e-01
8.3272223593e-01
8.2573728243e-01
8.1795500343e-01
8.0934055195e-01
8.0085508692e-01
7.9164020978e-01
7.8166832658e-01
7.7091194532e-01
7.5988976579e-01
7.4810608392e-01
7.3554009485e-01
7.2217318517e-01
7.0812638275e-01
6.9326633903e-01
6.7758572158e-01
6.6108249948e-01
6.4514096045e-01
6.2851230063e-01
6.1121123731e-01
5.9325911593e-01
5.7631100525e-01
5.5887065718e-01
5.4097142516e-01
5.2265267475e-01
5.0594077606e-01
4.8896607272e-01
4.7176920158e-01
4.5439445627e-01
4.3667029008e-01
4.1886535257e-01
4.0103489796e-01
3.8323616908e-01
3.6524415540e-01
3.4740728010e-01
3.2978692536e-01
3.1244302797e-01
2.9639238909e-01
2.8068440280e-01
2.6536128925e-01
2.5046141885e-01
2.3467064696e-01
2.1946647647e-01
2.0488010197e-01
1.9093553207e-01
1.7620032351e-01
1.6229286503e-01
1.4921650181e-01
1.3696565279e-01
1.2588362754e-01
1.1554375536e-01
1.0592295576e-01
9.6994240853e-02
8.8250852195e-02
8.0213190259e-02
7.2841330527e-02
6.6094554535e-02
5.8768202541e-02
5.2213500585e-02
4.6363623901e-02
4.1154915170e-02
3.5365563280e-02
3.0402465388e-02
2.6163643552e-02
2.2558379956e-02
1.9202930149e-02
1.6435665209e-02
1.4177021229e-02
1.2360752798e-02
1.0861268806e-02
9.7458069891e-03
8.9762953137e-03
8.5263005330e-03
8.3804370502e-03
8.5102737319e-03
8.9199440257e-03
9.6225029106e-03
1.0649882279e-02
1.2030403078e-02
1.3807859724e-02
1.6037975247e-02
1.8267126328e-02
2.0896906576e-02
2.3980518107e-02
2.7578901511e-02
3.0913411462e-02
3.4670537461e-02
3.8894740448e-02
4.3634230048e-02
4.8128862903e-02
5.3071456038e-02
5.8498001458e-02
6.4445912800e-02
7.0560866478e-02
7.7205546080e-02
8.4412854301e-02
9.2215336055e-02
1.0258999505e-01
1.1395244935e-01
1.2635120959e-01
1.3982688035e-01
1.5102334254e-01
1.6289319180e-01
1.7543997327e-01
1.8866127807e-01
2.0156115929e-01
2.1502480769e-01
2.2903423756e-01
2.4356599053e-01
2.5862004744e-01
2.7413502255e-01
2.9007162293e-01
3.0638608489e-01
3.2497253630e-01
3.4389886684e-01
3.6309066949e-01
3.8247132513e-01
4.0001001599e-01
4.1758276460e-01
4.3513466827e-01
4.5261265467e-01
4.7178323040e-01
4.9073746967e-01
5.0941621476e-01
5.2776574393e-01
5.4830541581e-01
5.6828838134e-01
5.8766198598e-01
6.0638318052e-01
6.2783993114e-01
6.4827621826e-01
6.6766526047e-01
6.8599371296e-01
7.0147208828e-01
7.1610747278e-01
7.2991019615e-01
7.4289475740e-01
7.5617266371e-01
7.6852120165e-01
7.7996959455e-01
7.9054872103e-01
8.0180754819e-01
8.1198254585e-01
8.2112308925e-01
8.2927677252e-01
8.3795347531e-01
8.4530345187e-01
8.5139374724e-01
8.5628232650e-01
8.6032132857e-01
8.6302056179e-01
8.6441453934e-01
8.6452239788e-01
8.6350226971e-01
8.6140639950e-01
8.5821564666e-01
8.5390036841e-01
8.4929925650e-01
8.4381990177e-01
8.3742673632e-01
8.3007947892e-01
8.2300352625e-01
8.1516662655e-01
8.0653693351e-01
7.9708129065e-01
7.8775424536e-01
7.7769289488e-01
7.6687183667e-01
7.5526641753e-01
7.4291417235e-01
7.2974073350e-01
7.1572773835e-01
7.0086036125e-01
6.8537025190e-01
6.6903623172e-01
6.5185976633e-01
6.3384959158e-01
6.1722959802e-01
5.9998788824e-01
5.8214890072e-01
5.6374401835e-01
5.4636621694e-01
5.2857911479e-01
5.1042426251e-01
4.9194889785e-01
4.7469113055e-01
4.5725149941e-01
4.3967888254e-01
4.2202531487e-01
4.0399152858e-01
3.8599078824e-01
3.6808478188e-01
3.5033575372e-01
3.3338120608e-01
3.1668613820e-01
3.0030327609e-01
2.8428254707e-01
2.6869322961e-01
2.5355334004e-01
2.3890023249e-01
2.2476620781e-01
2.0898221711e-01
1.9397332556e-01
1.7976300860e-01
1.6636522311e-01
1.5229057681e-01
1.3924226919e-01
1.2720443579e-01
1.1615211000e-01
1.0710338293e-01
9.8785970837e-02
9.1171173256e-02
8.4228851640e-02
7.7228751459e-02
7.0987107528e-02
6.5462327820e-02
6.0614802779e-02
5.5478164778e-02
5.1267025642e-02
4.7926345674e-02
4.5410704460e-02
4.3605547721e-02
4.2659249797e-02
4.2556403700e-02
4.3295321330e-02
4.4558292559e-02
4.6424973275e-02
4.8915899213e-02
5.2057881975e-02
5.5302160507e-02
5.9075463826e-02
6.3404963364e-02
6.8320466483e-02
7.3547016798e-02
7.9357208691e-02
8.5780921664e-02
9.2848563717e-02
1.0055483647e-01
1.0895871145e-01
1.1808778855e-01
1.2796720511e-01
1.3807076410e-01
1.4888662539e-01
1.6042527556e-01
1.7269194269e-01
1.8455144329e-01
1.9701421368e-01
2.1006962842e-01
2.2370170096e-01
2.3801277668e-01
2.5286068609e-01
2.6821193062e-01
2.8402762983e-01
3.0125387055e-01
3.1889504533e-01
3.3688882600e-01
3.5516929086e-01
3.7237551924e-01
3.8971451372e-01
4.0713004313e-01
4.2456652734e-01
4.4301600986e-01
4.6136597296e-01
4.7955765470e-01
4.9753618594e-01
5.1828319772e-01
5.3859440554e-01
5.5840575585e-01
5.7766244926e-01
5.9934813087e-01
6.2016111600e-01
6.4005884961e-01
6.5901229638e-01
6.7558546452e-01
6.9134115574e-01
7.0628037528e-01
7.2040956662e-01
7.3462446328e-01
7.4794513526e-01
7.6039322583e-01
7.7199313662e-01
7.8428569382e-01
7.9553909454e-01
8.0579564227e-01
8.1509744603e-01
8.2514953706e-01
8.3392924476e-01
8.4150091919e-01
8.4792271962e-01
8.5398524818e-01
8.5864296866e-01
8.6194789900e-01
8.6393706621e-01
8.6462761704e-01
8.6416338014e-01
8.6253729876e-01
8.5972976078e-01
8.5637492620e-01
8.5210910493e-01
8.4689892308e-01
8.4070489087e-01
8.3466978989e-01
8.2786935059e-01
8.2027072809e-01
8.1183891605e-01
8.0353405614e-01
7.9450132911e-01
7.8471280799e-01
7.7414052754e-01
7.6336896169e-01
7.5184558559e-01
7.3954917359e-01
7.2646047207e-01
7.1207681782e-01
6.9681379917e-01
6.8066178358e-01
6.6361712615e-01
6.4798783343e-01
6.3168633581e-01
6.1472572019e-01
5.9712526157e-01
5.7943949162e-01
5.6120498987e-01
5.4245930594e-01
5.2324726621e-01
5.0670486145e-01
4.8990287597e-01
4.7288062037e-01
4.5568093812e-01
4.3789428063e-01
4.2002246544e-01
4.0212124688e-01
3.8424844424e-01
3.6636662199e-01
3.4863409905e-01
3.3111112509e-01
3.1385660784e-01
2.9784042622e-01
2.8216023798e-01
2.6685809886e-01
2.5197232289e-01
2.3577569884e-01
2.2018994603e-01
2.0524888628e-01
1.9097848637e-01
1.7387421561e-01
1.5789654349e-01
1.4304722292e-01
1.2931215429e-01
1.1883522554e-01
1.0907178965e-01
9.9996764721e-02
9.1581906478e-02
8.3142389554e-02
7.5406294497e-02
6.8331081850e-02
6.1873889093e-02
5.4445142273e-02
4.7872224682e-02
4.2072711527e-02
3.6969163232e-02
3.0906266012e-02
2.5873437258e-02
2.1719930474e-02
1.8316319004e-02
1.5715775006e-02
1.3600135906e-02
1.1907383146e-02
1.0587163909e-02
9.5999025491e-03
8.9155207449e-03
8.5131038153e-03
8.3803168056e-03
