2.5626555518e-01
2.5644407065e-01
2.5697986569e-01
2.5787368678e-01
2.5912677929e-01
2.5993339698e-01
2.6084084395e-01
2.6184947221e-01
2.6295967300e-01
2.6372905312e-01
2.6454090812e-01
2.6539536875e-01
2.6629257263e-01
2.6694503227e-01
2.6761848899e-01
2.6831299577e-01
2.6902860724e-01
2.6958209061e-01
2.7014762571e-01
2.7072523782e-01
2.7131495274e-01
2.7180092517e-01
2.7229485071e-01
2.7279674379e-01
2.7330661904e-01
2.7375847186e-01
2.7421643462e-01
2.7468051739e-01
2.7515073029e-01
2.7562268357e-01
2.7610067463e-01
2.7658471300e-01
2.7707480776e-01
2.7744923152e-01
2.7782712264e-01
2.7820848371e-01
2.7859331652e-01
2.7888979974e-01
2.7918831129e-01
2.7948885019e-01
2.7979141452e-01
2.8007553634e-01
2.8036141522e-01
2.8064904632e-01
2.8093842312e-01
2.8124655307e-01
2.8155661570e-01
2.8186859442e-01
2.8218246826e-01
2.8245075290e-01
2.8272036881e-01
2.8299129295e-01
2.8326349825e-01
2.8352359833e-01
2.8378479813e-01
2.8404706217e-01
2.8431035043e-01
2.8460676624e-01
2.8490434306e-01
2.8520300240e-01
2.8550265785e-01
2.8577954448e-01
2.8605711757e-01
2.8633529288e-01
2.8661398158e-01
2.8694240828e-01
2.8727125915e-01
2.8760037121e-01
2.8792957747e-01
2.8835907720e-01
2.8878806900e-01
2.8921617571e-01
2.8964302659e-01
2.9001453008e-01
2.9038456877e-01
2.9075292057e-01
2.9111937385e-01
2.9153933860e-01
2.9195622502e-01
2.9236976694e-01
2.9277971987e-01
2.9330337902e-01
2.9382025623e-01
2.9432997822e-01
2.9483222381e-01
2.9543604911e-01
2.9602787202e-01
2.9660737046e-01
2.9717429989e-01
2.9776891548e-01
2.9834868951e-01
2.9891354237e-01
2.9946344961e-01
3.0003944889e-01
3.0059818766e-01
3.0113978270e-01
3.0166438389e-01
3.0225557428e-01
3.0282415777e-01
3.0337047520e-01
3.0389488644e-01
3.0451760717e-01
3.0510769603e-01
3.0566588918e-01
3.0619291893e-01
3.0684557361e-01
3.0744623811e-01
3.0799649885e-01
3.0849787927e-01
3.0889631144e-01
3.0925962005e-01
3.0958870557e-01
3.0988444488e-01
3.1014401678e-01
3.1037288035e-01
3.1057186240e-01
3.1074181325e-01
3.1085726255e-01
3.1095525092e-01
3.1103629420e-01
3.1110095156e-01
3.1114099750e-01
3.1117144611e-01
3.1119266112e-01
3.1120503948e-01
3.1120898357e-01
3.1120644047e-01
3.1119778599e-01
3.1118342689e-01
3.1115688459e-01
3.1112246237e-01
3.1108131590e-01
3.1103469451e-01
3.1100291577e-01
3.1096982852e-01
3.1093579766e-01
3.1090119501e-01
3.1086782550e-01
3.1083460844e-01
3.1080187372e-01
3.1076994582e-01
3.1073929885e-01
3.1071006269e-01
3.1068252209e-01
3.1065694431e-01
3.1063433974e-01
3.1061399894e-01
3.1059610321e-01
3.1058081116e-01
3.1056787931e-01
3.1055799701e-01
3.1055125643e-01
3.1054772023e-01
3.1054739023e-01
3.1055014603e-01
3.1055596330e-01
3.1056479059e-01
3.1057668902e-01
3.1059147296e-01
3.1060900712e-01
3.1062913015e-01
3.1065117963e-01
3.1067533870e-01
3.1070139030e-01
3.1072909933e-01
3.1075961896e-01
3.1079137620e-01
3.1082405381e-01
3.1085732469e-01
3.1089426723e-01
3.1093107365e-01
3.1096729346e-01
3.1100248072e-01
3.1103993645e-01
3.1107497981e-01
3.1110704682e-01
3.1113560003e-01
3.1116165593e-01
3.1118253656e-01
3.1119770038e-01
3.1120664575e-01
3.1120831366e-01
3.1119831056e-01
3.1117585768e-01
3.1114025546e-01
3.1107771747e-01
3.1099341827e-01
3.1088642860e-01
3.1075590765e-01
3.1058394469e-01
3.1038151938e-01
3.1014771300e-01
3.0988163364e-01
3.0957141812e-01
3.0922472549e-01
3.0884055275e-01
3.0841786790e-01
3.0802059629e-01
3.0759302885e-01
3.0713442549e-01
3.0664402141e-01
3.0621378063e-01
3.0576078441e-01
3.0528456648e-01
3.0478465418e-01
3.0433639203e-01
3.0387002783e-01
3.0338526278e-01
3.0288180338e-01
3.0241577038e-01
3.0193438102e-01
3.0143745211e-01
3.0092481561e-01
3.0042305356e-01
2.9990686952e-01
2.9937618147e-01
2.9883093807e-01
2.9831535382e-01
2.9778740699e-01
2.9724715793e-01
2.9669471178e-01
2.9621598946e-01
2.9572870860e-01
2.9523303448e-01
2.9472917181e-01
2.9433293120e-01
2.9393204931e-01
2.9352668028e-01
2.9311699802e-01
2.9274682824e-01
2.9237351340e-01
2.9199722233e-01
2.9161813860e-01
2.9126484357e-01
2.9090949343e-01
2.9055226771e-01
2.9019335620e-01
2.8983357118e-01
2.8947251241e-01
2.8911039505e-01
2.8874744074e-01
2.8841781723e-01
2.8808786331e-01
2.8775775109e-01
2.8742765221e-01
2.8715333565e-01
2.8687924174e-01
2.8660546419e-01
2.8633209397e-01
2.8599854070e-01
2.8566587961e-01
2.8533425336e-01
2.8500379396e-01
2.8474119200e-01
2.8447946486e-01
2.8421866357e-01
2.8395883443e-01
2.8366710166e-01
2.8337671027e-01
2.8308770629e-01
2.8280012939e-01
2.8243477299e-01
2.8207186014e-01
2.8171143736e-01
2.8135354107e-01
2.8104478205e-01
2.8073796398e-01
2.8043309781e-01
2.8013019183e-01
2.7975612565e-01
2.7938511044e-01
2.7901715132e-01
2.7865225100e-01
2.7819069810e-01
2.7773413424e-01
2.7728255616e-01
2.7683595903e-01
2.7632616796e-01
2.7582300791e-01
2.7532646815e-01
2.7483653760e-01
2.7424755567e-01
2.7366838036e-01
2.7309899125e-01
2.7253936816e-01
2.7174252016e-01
2.7096624463e-01
2.7021048288e-01
2.6947517770e-01
2.6817707935e-01
2.6694754505e-01
2.6578626045e-01
2.6469292865e-01
2.6235490817e-01
2.6039957461e-01
2.5882407564e-01
2.5762611303e-01
2.5660231824e-01
2.5626558443e-01
2.5661500970e-01
2.5765152993e-01
2.5839851400e-01
2.5930668659e-01
2.6037661424e-01
2.6160896438e-01
2.6241662965e-01
2.6328183635e-01
2.6420477420e-01
2.6518564557e-01
2.6588360648e-01
2.6660835740e-01
2.6735997135e-01
2.6813852407e-01
2.6872716361e-01
2.6933039041e-01
2.6994823719e-01
2.7058073750e-01
2.7108901005e-01
2.7160640286e-01
2.7213293329e-01
2.7266861905e-01
2.7313178470e-01
2.7360160697e-01
2.7407809720e-01
2.7456126686e-01
2.7501407379e-01
2.7547261275e-01
2.7593689282e-01
2.7640692291e-01
2.7681000932e-01
2.7721724155e-01
2.7762862410e-01
2.7804416082e-01
2.7836488889e-01
2.7868805114e-01
2.7901364767e-01
2.7934167776e-01
2.7962820426e-01
2.7991655863e-01
2.8020673781e-01
2.8049873745e-01
2.8079815058e-01
2.8109943961e-01
2.8140259370e-01
2.8170759896e-01
2.8198966972e-01
2.8227327392e-01
2.8255839098e-01
2.8284499615e-01
2.8310435219e-01
2.8336486607e-01
2.8362650870e-01
2.8388924681e-01
2.8417808072e-01
2.8446812619e-01
2.8475932012e-01
2.8505159215e-01
2.8532961110e-01
2.8560845701e-01
2.8588805192e-01
2.8616831247e-01
2.8647635228e-01
2.8678496335e-01
2.8709401705e-01
2.8740337999e-01
2.8779238314e-01
2.8818137979e-01
2.8857008883e-01
2.8895822903e-01
2.8932814567e-01
2.8969705124e-01
2.9006471423e-01
2.9043091109e-01
2.9082295115e-01
2.9121279304e-01
2.9160019785e-01
2.9198494195e-01
2.9245011155e-01
2.9291067319e-01
2.9336631611e-01
2.9381676290e-01
2.9438135074e-01
2.9493671829e-01
2.9548250360e-01
2.9601841032e-01
2.9662598881e-01
2.9721973978e-01
2.9779946285e-01
2.9836502730e-01
2.9895016057e-01
2.9951921673e-01
3.0007222327e-01
3.0060925079e-01
3.0119423033e-01
3.0175932856e-01
3.0230477209e-01
3.0283081408e-01
3.0343722187e-01
3.0401654763e-01
3.0456930633e-01
3.0509602221e-01
3.0572789269e-01
3.0631972552e-01
3.0687257177e-01
3.0738745623e-01
3.0788525469e-01
3.0834390098e-01
3.0876444303e-01
3.0914789019e-01
3.0951506538e-01
3.0984274942e-01
3.1013204531e-01
3.1038404761e-01
3.1056630999e-01
3.1072410944e-01
3.1085813151e-01
3.1096910510e-01
3.1103978765e-01
3.1109748250e-01
3.1114262249e-01
3.1117568084e-01
3.1119418293e-01
3.1120517647e-01
3.1120900527e-01
3.1120604292e-01
3.1119737832e-01
3.1118339091e-01
3.1116447879e-01
3.1114106937e-01
3.1111585423e-01
3.1108757617e-01
3.1105663809e-01
3.1102346223e-01
3.1099148236e-01
3.1095834271e-01
3.1092440061e-01
3.1089001915e-01
3.1085786182e-01
3.1082593823e-01
3.1079454286e-01
3.1076396482e-01
3.1073420511e-01
3.1070584383e-01
3.1067914533e-01
3.1065435754e-01
3.1063151801e-01
3.1061107074e-01
3.1059320606e-01
3.1057808929e-01
3.1056591124e-01
3.1055670306e-01
3.1055054785e-01
3.1054750097e-01
3.1054759183e-01
3.1055082531e-01
3.1055717231e-01
3.1056657560e-01
3.1057893826e-01
3.1059415479e-01
3.1061208635e-01
3.1063256843e-01
3.1065493896e-01
3.1067937893e-01
3.1070566927e-01
3.1073357331e-01
3.1076472978e-01
3.1079710571e-01
3.1083036858e-01
3.1086417610e-01
3.1090179469e-01
3.1093917683e-01
3.1097584783e-01
3.1101133890e-01
3.1104768734e-01
3.1108158441e-01
3.1111249897e-01
3.1113992527e-01
3.1116493946e-01
3.1118482837e-01
3.1119907558e-01
3.1120720250e-01
3.1120793973e-01
3.1119692154e-01
3.1117337444e-01
3.1113660363e-01
3.1106465744e-01
3.1096596137e-01
3.1083929172e-01
3.1068354769e-01
3.1049848648e-01
3.1028263340e-01
3.1003508728e-01
3.0975496560e-01
3.0941841028e-01
3.0904251708e-01
3.0862616928e-01
3.0816821286e-01
3.0776495095e-01
3.0733280440e-01
3.0687108573e-01
3.0637908607e-01
3.0594605335e-01
3.0549111694e-01
3.0501384062e-01
3.0451378377e-01
3.0406383919e-01
3.0359633551e-01
3.0311099385e-01
3.0260754201e-01
3.0214055752e-01
3.0165862562e-01
3.0116157988e-01
3.0064927021e-01
3.0006150792e-01
2.9945457149e-01
2.9882837189e-01
2.9818288374e-01
2.9767110184e-01
2.9714790246e-01
2.9661338843e-01
2.9606770884e-01
2.9562915793e-01
2.9518389812e-01
2.9473208108e-01
2.9427388693e-01
2.9388904710e-01
2.9350010001e-01
2.9310720038e-01
2.9271052059e-01
2.9235389990e-01
2.9199457487e-01
2.9163270562e-01
2.9126846462e-01
2.9089193731e-01
2.9051331501e-01
2.9013282439e-01
2.8975070424e-01
2.8941872002e-01
2.8908586940e-01
2.8875232488e-01
2.8841826240e-01
2.8811764022e-01
2.8781687376e-01
2.8751609300e-01
2.8721542679e-01
2.8693985717e-01
2.8666458648e-01
2.8638970775e-01
2.8611531076e-01
2.8582654526e-01
2.8553850698e-01
2.8525128586e-01
2.8496496566e-01
2.8469829631e-01
2.8443253895e-01
2.8416774624e-01
2.8390396581e-01
2.8361117109e-01
2.8331973931e-01
2.8302971581e-01
2.8274113961e-01
2.8243113182e-01
2.8212288587e-01
2.8181643065e-01
2.8151178962e-01
2.8121101366e-01
2.8091206082e-01
2.8061494266e-01
2.8031966811e-01
2.7995288213e-01
2.7958900137e-01
2.7922803207e-01
2.7886997792e-01
2.7833845669e-01
2.7781349633e-01
2.7729509277e-01
2.7678323894e-01
2.7628093680e-01
2.7578508751e-01
2.7529568074e-01
2.7481270581e-01
2.7423554290e-01
2.7366780610e-01
2.7310947620e-01
2.7256053414e-01
2.7179970823e-01
2.7105759293e-01
2.7033413722e-01
2.6962929133e-01
2.6843831297e-01
2.6730413641e-01
2.6622652165e-01
2.6520524066e-01
2.6310334155e-01
2.6128588066e-01
2.5975089306e-01
2.5849671926e-01
2.5751978969e-01
2.5682274028e-01
2.5640481343e-01
2.5626555492e-01
