4.6680369139e-02
4.6776687004e-02
4.7065962529e-02
4.7549160213e-02
4.8227884785e-02
4.8994581279e-02
4.9918563177e-02
5.1002189386e-02
5.2248198201e-02
5.3520443975e-02
5.4931219656e-02
5.6483342061e-02
5.8179861790e-02
5.9878464288e-02
6.1705870830e-02
6.3664981753e-02
6.5758840603e-02
6.7854021983e-02
7.0073961470e-02
7.2421493364e-02
7.4899532160e-02
7.7395465290e-02
8.0016274320e-02
8.2764665412e-02
8.5643374663e-02
8.8578965346e-02
9.1643685009e-02
9.4840090254e-02
9.8170720256e-02
1.0164812607e-01
1.0526553100e-01
1.0902536191e-01
1.1292997107e-01
1.1731345161e-01
1.2187124919e-01
1.2660590185e-01
1.3151974942e-01
1.3653511175e-01
1.4172802978e-01
1.4710001973e-01
1.5265230893e-01
1.5792259786e-01
1.6334685294e-01
1.6892527291e-01
1.7465778152e-01
1.8018340649e-01
1.8584416711e-01
1.9163927098e-01
1.9756767213e-01
2.0384543120e-01
2.1026295689e-01
2.1681818436e-01
2.2350873260e-01
2.2976556000e-01
2.3613176317e-01
2.4260479413e-01
2.4918188207e-01
2.5559396839e-01
2.6209644773e-01
2.6868630595e-01
2.7536035661e-01
2.8226553295e-01
2.8925141254e-01
2.9631408132e-01
3.0344947195e-01
3.1131324368e-01
3.1925293538e-01
3.2726273514e-01
3.3533668504e-01
3.4376982846e-01
3.5225849989e-01
3.6079570564e-01
3.6937438399e-01
3.7723760721e-01
3.8512406170e-01
3.9302833227e-01
4.0094502437e-01
4.0862146976e-01
4.1629971470e-01
4.2397498828e-01
4.3164258729e-01
4.3938541883e-01
4.4711097320e-01
4.5481465920e-01
4.6249199668e-01
4.7054142725e-01
4.7855188291e-01
4.8651859024e-01
4.9443694651e-01
5.0344230325e-01
5.1237205429e-01
5.2122016142e-01
5.2998091218e-01
5.3840023061e-01
5.4672744864e-01
5.5495822742e-01
5.6308851960e-01
5.7140795801e-01
5.7961147133e-01
5.8769551466e-01
5.9565685742e-01
6.0445381848e-01
6.1308842744e-01
6.2155743400e-01
6.2985802333e-01
6.3850855119e-01
6.4696301581e-01
6.5521949021e-01
6.6327649671e-01
6.7052345266e-01
6.7759959916e-01
6.8450466639e-01
6.9123862872e-01
6.9775950534e-01
7.0411209761e-01
7.1029699119e-01
7.1631494157e-01
7.2228174559e-01
7.2807695258e-01
7.3370181149e-01
7.3915769108e-01
7.4464334773e-01
7.4995030833e-01
7.5508041594e-01
7.6003558974e-01
7.6507706958e-01
7.6992834428e-01
7.7459184577e-01
7.7907003603e-01
7.8366933590e-01
7.8806143264e-01
7.9224937278e-01
7.9623617444e-01
8.0029995389e-01
8.0413848016e-01
8.0775528133e-01
8.1115377790e-01
8.1475644015e-01
8.1808584590e-01
8.2114638257e-01
8.2394217201e-01
8.2652091769e-01
8.2883288152e-01
8.3088146538e-01
8.3266972511e-01
8.3430537241e-01
8.3564596938e-01
8.3669390152e-01
8.3745104695e-01
8.3792502152e-01
8.3809906382e-01
8.3797350148e-01
8.3754809811e-01
8.3689253742e-01
8.3598233166e-01
8.3481604816e-01
8.3339186259e-01
8.3180585396e-01
8.2998506518e-01
8.2792701758e-01
8.2562894312e-01
8.2328178008e-01
8.2072313244e-01
8.1795017202e-01
8.1495988767e-01
8.1198980172e-01
8.0882741285e-01
8.0546994580e-01
8.0191452384e-01
7.9836906314e-01
7.9464150286e-01
7.9072921661e-01
7.8662953441e-01
7.8260240984e-01
7.7840504017e-01
7.7403515790e-01
7.6949050005e-01
7.6497202297e-01
7.6028922024e-01
7.5544017492e-01
7.5042301488e-01
7.4538330565e-01
7.4018143048e-01
7.3481585759e-01
7.2928514066e-01
7.2363531186e-01
7.1782050050e-01
7.1183962164e-01
7.0569172635e-01
6.9907339187e-01
6.9227028571e-01
6.8528190772e-01
6.7810799931e-01
6.6989551343e-01
6.6145309169e-01
6.5278163982e-01
6.4388258339e-01
6.3637657068e-01
6.2871862953e-01
6.2091047118e-01
6.1295411548e-01
6.0541753847e-01
5.9775675366e-01
5.8997417742e-01
5.8207249913e-01
5.7413889131e-01
5.6609471913e-01
5.5794342591e-01
5.4968874550e-01
5.4150160307e-01
5.3322308280e-01
5.2485753603e-01
5.1640959327e-01
5.0877358439e-01
5.0107907495e-01
4.9332996302e-01
4.8553032032e-01
4.7798798646e-01
4.7040678056e-01
4.6279075267e-01
4.5514408382e-01
4.4747798417e-01
4.3979000937e-01
4.3208468049e-01
4.2436661925e-01
4.1614725240e-01
4.0792458731e-01
3.9970448735e-01
3.9149288866e-01
3.8275532857e-01
3.7404154815e-01
3.6535887728e-01
3.5671464348e-01
3.4874680571e-01
3.4082398831e-01
3.3295189206e-01
3.2513613860e-01
3.1786978442e-01
3.1066218654e-01
3.0351769348e-01
2.9644053933e-01
2.8949841538e-01
2.8263030521e-01
2.7583992930e-01
2.6913085619e-01
2.6215621389e-01
2.5527932282e-01
2.4850374694e-01
2.4183282698e-01
2.3499800349e-01
2.2828338073e-01
2.2169192504e-01
2.1522631995e-01
2.0881878755e-01
2.0254457721e-01
1.9640558169e-01
1.9040340408e-01
1.8397361453e-01
1.7771163945e-01
1.7161844874e-01
1.6569463730e-01
1.5954068049e-01
1.5358097948e-01
1.4781497215e-01
1.4224170453e-01
1.3718271410e-01
1.3229114605e-01
1.2756540630e-01
1.2300368652e-01
1.1875863559e-01
1.1466227162e-01
1.1071252083e-01
1.0690719675e-01
1.0320662664e-01
9.9648735422e-02
9.6231018558e-02
9.2950919600e-02
8.9693289692e-02
8.6577828720e-02
8.3601610113e-02
8.0761710274e-02
7.7898212246e-02
7.5181063487e-02
7.2606894768e-02
7.0172403184e-02
6.7685313378e-02
6.5354852733e-02
6.3177168718e-02
6.1148565126e-02
5.9058624557e-02
5.7144934241e-02
5.5403169094e-02
5.3829313746e-02
5.2219555255e-02
5.0822647324e-02
4.9634097729e-02
4.8650033106e-02
4.7734535399e-02
4.7104487981e-02
4.6756849924e-02
4.6689934851e-02
4.6845637050e-02
4.7192444512e-02
4.7731499982e-02
4.8464571698e-02
4.9276529610e-02
5.0244175682e-02
5.1369936568e-02
5.2656605385e-02
5.3965758830e-02
5.5412547719e-02
5.6999809816e-02
5.8730608388e-02
6.0462281028e-02
6.2322335836e-02
6.4313674542e-02
6.6439336422e-02
6.8566793961e-02
7.0818929730e-02
7.3198571160e-02
7.5708621557e-02
7.8238628423e-02
8.0893735909e-02
8.3676639891e-02
8.6590062374e-02
8.9565188054e-02
9.2670069958e-02
9.5907254255e-02
9.9279265636e-02
1.0281164503e-01
1.0648560707e-01
1.1030357607e-01
1.1426789570e-01
1.1880975752e-01
1.2353500056e-01
1.2844627310e-01
1.3354599578e-01
1.3859924666e-01
1.4382833512e-01
1.4923463762e-01
1.5481923949e-01
1.6014438569e-01
1.6562310344e-01
1.7125547950e-01
1.7704132139e-01
1.8261931921e-01
1.8833183467e-01
1.9417796962e-01
2.0015657031e-01
2.0625522368e-01
2.1248278628e-01
2.1883731331e-01
2.2531658732e-01
2.3156303331e-01
2.3791670520e-01
2.4437504418e-01
2.5093527533e-01
2.5737874849e-01
2.6391197351e-01
2.7053187913e-01
2.7723522287e-01
2.8421267435e-01
2.9127089360e-01
2.9840583641e-01
3.0561330399e-01
3.1369456798e-01
3.2185373311e-01
3.3008449417e-01
3.3838039230e-01
3.4667362626e-01
3.5501800435e-01
3.6340689888e-01
3.7183362699e-01
3.7969085674e-01
3.8756955462e-01
3.9546433864e-01
4.0336985210e-01
4.1105317757e-01
4.1873678531e-01
4.2641591392e-01
4.3408587341e-01
4.4185181832e-01
4.4959887356e-01
4.5732243285e-01
4.6501800532e-01
4.7313432488e-01
4.8120931064e-01
4.8923810440e-01
4.9721602766e-01
5.0622194693e-01
5.1514995002e-01
5.2399405358e-01
5.3274860461e-01
5.4122739713e-01
5.4961057849e-01
5.5789377297e-01
5.6607290803e-01
5.7443394314e-01
5.8267534731e-01
5.9079358926e-01
5.9878546162e-01
6.0781713669e-01
6.1667393389e-01
6.2535245992e-01
6.3384980911e-01
6.4216476855e-01
6.5029405416e-01
6.5823607624e-01
6.6598963403e-01
6.7317637545e-01
6.8019202262e-01
6.8703639855e-01
6.9370956398e-01
7.0017521879e-01
7.0647236230e-01
7.1260164867e-01
7.1856389674e-01
7.2448110609e-01
7.3022631070e-01
7.3580081626e-01
7.4120604384e-01
7.4664530590e-01
7.5190522134e-01
7.5698768445e-01
7.6189466134e-01
7.6689414056e-01
7.7170216272e-01
7.7632121432e-01
7.8075380711e-01
7.8528324590e-01
7.8960609611e-01
7.9372540654e-01
7.9764419206e-01
8.0163734814e-01
8.0540572637e-01
8.0895283697e-01
8.1228207684e-01
8.1570296748e-01
8.1886734670e-01
8.2177917023e-01
8.2444215371e-01
8.2697694589e-01
8.2924430191e-01
8.3124758376e-01
8.3298980175e-01
8.3459370733e-01
8.3589386374e-01
8.3689266061e-01
8.3759194642e-01
8.3799046288e-01
8.3809748384e-01
8.3791320520e-01
8.3743728967e-01
8.3673423269e-01
8.3577832232e-01
8.3456806761e-01
8.3310159312e-01
8.3145772877e-01
8.2957527213e-01
8.2745163035e-01
8.2508391466e-01
8.2270398667e-01
8.2011494191e-01
8.1731397020e-01
8.1429808569e-01
8.1129375186e-01
8.0809766972e-01
8.0470706584e-01
8.0111906877e-01
7.9755503988e-01
7.9381059687e-01
7.8988315174e-01
7.8577007626e-01
7.8171784469e-01
7.7749583920e-01
7.7310181137e-01
7.6853351948e-01
7.6399002592e-01
7.5928251453e-01
7.5440908935e-01
7.4936790128e-01
7.4430363959e-01
7.3907749445e-01
7.3368795943e-01
7.2813361555e-01
7.2246411352e-01
7.1663021306e-01
7.1063086340e-01
7.0446515137e-01
6.9792385153e-01
6.9120374702e-01
6.8430439800e-01
6.7722559365e-01
6.6874983753e-01
6.6003095054e-01
6.5107000141e-01
6.4186864810e-01
6.3440054136e-01
6.2678405082e-01
6.1902090972e-01
6.1111315095e-01
6.0357984212e-01
5.9592398387e-01
5.8814802398e-01
5.8025468052e-01
5.7234986256e-01
5.6433671473e-01
5.5621867273e-01
5.4799945608e-01
5.3992460152e-01
5.3176204450e-01
5.2351598028e-01
5.1519086594e-01
5.0757718363e-01
4.9990607817e-01
4.9218142576e-01
4.8440727289e-01
4.7687292522e-01
4.6930043590e-01
4.6169385190e-01
4.5405734941e-01
4.4639289732e-01
4.3870723028e-01
4.3100487519e-01
4.2329045811e-01
4.1506451657e-01
4.0683604068e-01
3.9861091681e-01
3.9039510214e-01
3.8101495470e-01
3.7166392061e-01
3.6235108088e-01
3.5308550369e-01
3.4523953144e-01
3.3743989071e-01
3.2969203393e-01
3.2200133075e-01
3.1479215923e-01
3.0764306584e-01
3.0055829434e-01
2.9354197110e-01
2.8661806437e-01
2.7977001174e-01
2.7300149049e-01
2.6631602120e-01
2.5946001534e-01
2.5270089412e-01
2.4604201692e-01
2.3948652772e-01
2.3276634399e-01
2.2616472492e-01
2.1968445148e-01
2.1332803355e-01
2.0692740385e-01
2.0066206058e-01
1.9453383627e-01
1.8854426940e-01
1.8208182737e-01
1.7579186182e-01
1.6967525957e-01
1.6373251814e-01
1.5717586954e-01
1.5084454132e-01
1.4473761516e-01
1.3885366310e-01
1.3396699244e-01
1.2924260459e-01
1.2467882828e-01
1.2027380193e-01
1.1612705393e-01
1.1212746177e-01
1.0827288272e-01
1.0456107230e-01
1.0093629006e-01
9.7453749941e-02
9.4110881825e-02
9.0905072388e-02
8.7712957756e-02
8.4663293295e-02
8.1753086027e-02
7.8979355066e-02
7.6176713875e-02
7.3521497022e-02
7.1010264542e-02
6.8639654543e-02
6.6216107616e-02
6.3951106709e-02
6.1840736900e-02
5.9881257209e-02
5.7877027196e-02
5.6050049624e-02
5.4396055869e-02
5.2911108512e-02
5.1431711162e-02
5.0159049692e-02
4.9089071126e-02
4.8218326865e-02
4.7543804539e-02
4.7063588798e-02
4.6776094558e-02
4.6680369139e-02
