0.0000000000e+00
9.0019131231e-03
1.8003826246e-02
2.7005739369e-02
3.6007652492e-02
4.0845446461e-02
4.5683240429e-02
5.0521034397e-02
5.5358828366e-02
5.8502815730e-02
6.1646803094e-02
6.4790790458e-02
6.7934777822e-02
7.0150425540e-02
7.2366073259e-02
7.4581720977e-02
7.6797368695e-02
7.8476752580e-02
8.0156136465e-02
8.1835520349e-02
8.3514904234e-02
8.4880192743e-02
8.6245481253e-02
8.7610769762e-02
8.8976058272e-02
9.0178482266e-02
9.1380906261e-02
9.2583330255e-02
9.3785754250e-02
9.4932719836e-02
9.6079685422e-02
9.7226651009e-02
9.8373616595e-02
9.9252940867e-02
1.0013226514e-01
1.0101158941e-01
1.0189091368e-01
1.0258014952e-01
1.0326938535e-01
1.0395862119e-01
1.0464785702e-01
1.0529322963e-01
1.0593860224e-01
1.0658397485e-01
1.0722934746e-01
1.0790143020e-01
1.0857351294e-01
1.0924559567e-01
1.0991767841e-01
1.1050491293e-01
1.1109214745e-01
1.1167938196e-01
1.1226661648e-01
1.1281961346e-01
1.1337261045e-01
1.1392560743e-01
1.1447860442e-01
1.1509137228e-01
1.1570414013e-01
1.1631690799e-01
1.1692967585e-01
1.1750337914e-01
1.1807708244e-01
1.1865078574e-01
1.1922448903e-01
1.1990498024e-01
1.2058547144e-01
1.2126596264e-01
1.2194645384e-01
1.2282009582e-01
1.2369373779e-01
1.2456737977e-01
1.2544102174e-01
1.2621148584e-01
1.2698194993e-01
1.2775241402e-01
1.2852287812e-01
1.2941351993e-01
1.3030416174e-01
1.3119480355e-01
1.3208544536e-01
1.3323353268e-01
1.3438162000e-01
1.3552970732e-01
1.3667779463e-01
1.3807377861e-01
1.3946976259e-01
1.4086574657e-01
1.4226173055e-01
1.4376942438e-01
1.4527711820e-01
1.4678481203e-01
1.4829250585e-01
1.4992075395e-01
1.5154900204e-01
1.5317725013e-01
1.5480549822e-01
1.5670802905e-01
1.5861055988e-01
1.6051309071e-01
1.6241562154e-01
1.6472195151e-01
1.6702828148e-01
1.6933461145e-01
1.7164094142e-01
1.7423503055e-01
1.7682911968e-01
1.7942320881e-01
1.8201729794e-01
1.8443394526e-01
1.8685059258e-01
1.8926723989e-01
1.9168388721e-01
1.9397576284e-01
1.9626763847e-01
1.9855951411e-01
2.0085138974e-01
2.0270884565e-01
2.0456630155e-01
2.0642375746e-01
2.0828121337e-01
2.0976631862e-01
2.1125142387e-01
2.1273652913e-01
2.1422163438e-01
2.1558205317e-01
2.1694247195e-01
2.1830289074e-01
2.1966330952e-01
2.2131918845e-01
2.2297506739e-01
2.2463094632e-01
2.2628682525e-01
2.2741003138e-01
2.2853323750e-01
2.2965644363e-01
2.3077964976e-01
2.3182970736e-01
2.3287976497e-01
2.3392982258e-01
2.3497988018e-01
2.3606831895e-01
2.3715675772e-01
2.3824519648e-01
2.3933363525e-01
2.4037631603e-01
2.4141899681e-01
2.4246167759e-01
2.4350435837e-01
2.4466008232e-01
2.4581580627e-01
2.4697153022e-01
2.4812725417e-01
2.4927793716e-01
2.5042862015e-01
2.5157930314e-01
2.5272998613e-01
2.5376983356e-01
2.5480968100e-01
2.5584952843e-01
2.5688937587e-01
2.5800434590e-01
2.5911931593e-01
2.6023428596e-01
2.6134925599e-01
2.6239650932e-01
2.6344376265e-01
2.6449101598e-01
2.6553826931e-01
2.6670053238e-01
2.6786279544e-01
2.6902505851e-01
2.7018732157e-01
2.7161438365e-01
2.7304144573e-01
2.7446850781e-01
2.7589556989e-01
2.7724609903e-01
2.7859662817e-01
2.7994715730e-01
2.8129768644e-01
2.8290140587e-01
2.8450512530e-01
2.8610884473e-01
2.8771256416e-01
2.8985765423e-01
2.9200274430e-01
2.9414783436e-01
2.9629292443e-01
2.9879762960e-01
3.0130233477e-01
3.0380703994e-01
3.0631174511e-01
3.0882298853e-01
3.1133423195e-01
3.1384547537e-01
3.1635671879e-01
3.1885005261e-01
3.2134338643e-01
3.2383672024e-01
3.2633005406e-01
3.2836380743e-01
3.3039756080e-01
3.3243131417e-01
3.3446506754e-01
3.3621082657e-01
3.3795658561e-01
3.3970234464e-01
3.4144810368e-01
3.4300620265e-01
3.4456430161e-01
3.4612240058e-01
3.4768049954e-01
3.4917164722e-01
3.5066279489e-01
3.5215394257e-01
3.5364509025e-01
3.5500358106e-01
3.5636207187e-01
3.5772056268e-01
3.5907905349e-01
3.6025499786e-01
3.6143094223e-01
3.6260688661e-01
3.6378283098e-01
3.6467741694e-01
3.6557200290e-01
3.6646658886e-01
3.6736117482e-01
3.6815648045e-01
3.6895178609e-01
3.6974709172e-01
3.7054239735e-01
3.7128828368e-01
3.7203417001e-01
3.7278005633e-01
3.7352594266e-01
3.7425850121e-01
3.7499105975e-01
3.7572361829e-01
3.7645617684e-01
3.7714933152e-01
3.7784248620e-01
3.7853564088e-01
3.7922879556e-01
3.7978616215e-01
3.8034352874e-01
3.8090089533e-01
3.8145826192e-01
3.8212376792e-01
3.8278927392e-01
3.8345477992e-01
3.8412028592e-01
3.8467005854e-01
3.8521983115e-01
3.8576960376e-01
3.8631937638e-01
3.8691840655e-01
3.8751743671e-01
3.8811646688e-01
3.8871549705e-01
3.8941330597e-01
3.9011111489e-01
3.9080892381e-01
3.9150673273e-01
3.9216612463e-01
3.9282551653e-01
3.9348490844e-01
3.9414430034e-01
3.9494667069e-01
3.9574904105e-01
3.9655141140e-01
3.9735378175e-01
3.9846796268e-01
3.9958214361e-01
4.0069632454e-01
4.0181050547e-01
4.0302726773e-01
4.0424402999e-01
4.0546079226e-01
4.0667755452e-01
4.0813019691e-01
4.0958283930e-01
4.1103548169e-01
4.1248812408e-01
4.1450869776e-01
4.1652927144e-01
4.1854984512e-01
4.2057041880e-01
4.2408482149e-01
4.2759922417e-01
4.3111362686e-01
4.3462802954e-01
4.4260771408e-01
4.5058739861e-01
4.5856708315e-01
4.6654676768e-01
4.8019640473e-01
4.9384604179e-01
5.0749567884e-01
5.2114531590e-01
5.2758095881e-01
5.3401660173e-01
5.4045224464e-01
5.4688788756e-01
5.5071830259e-01
5.5454871762e-01
5.5837913264e-01
5.6220954767e-01
5.6481212562e-01
5.6741470358e-01
5.7001728153e-01
5.7261985948e-01
5.7453447060e-01
5.7644908172e-01
5.7836369284e-01
5.8027830396e-01
5.8178460397e-01
5.8329090398e-01
5.8479720398e-01
5.8630350399e-01
5.8756975354e-01
5.8883600309e-01
5.9010225264e-01
5.9136850219e-01
5.9257940219e-01
5.9379030218e-01
5.9500120217e-01
5.9621210217e-01
5.9718395918e-01
5.9815581619e-01
5.9912767320e-01
6.0009953021e-01
6.0086390398e-01
6.0162827776e-01
6.0239265154e-01
6.0315702532e-01
6.0381575143e-01
6.0447447754e-01
6.0513320366e-01
6.0579192977e-01
6.0646007717e-01
6.0712822457e-01
6.0779637197e-01
6.0846451937e-01
6.0908095941e-01
6.0969739945e-01
6.1031383949e-01
6.1093027953e-01
6.1149153807e-01
6.1205279662e-01
6.1261405516e-01
6.1317531371e-01
6.1375415563e-01
6.1433299756e-01
6.1491183949e-01
6.1549068141e-01
6.1605847126e-01
6.1662626111e-01
6.1719405096e-01
6.1776184081e-01
6.1836856661e-01
6.1897529242e-01
6.1958201822e-01
6.2018874402e-01
6.2087316847e-01
6.2155759292e-01
6.2224201738e-01
6.2292644183e-01
6.2369778320e-01
6.2446912458e-01
6.2524046596e-01
6.2601180734e-01
6.2679734629e-01
6.2758288524e-01
6.2836842420e-01
6.2915396315e-01
6.3007061736e-01
6.3098727156e-01
6.3190392576e-01
6.3282057997e-01
6.3410839824e-01
6.3539621652e-01
6.3668403479e-01
6.3797185306e-01
6.3962605095e-01
6.4128024884e-01
6.4293444672e-01
6.4458864461e-01
6.4611962444e-01
6.4765060428e-01
6.4918158411e-01
6.5071256395e-01
6.5243049050e-01
6.5414841706e-01
6.5586634361e-01
6.5758427017e-01
6.5963482487e-01
6.6168537957e-01
6.6373593427e-01
6.6578648898e-01
6.6829663233e-01
6.7080677569e-01
6.7331691904e-01
6.7582706240e-01
6.7832884416e-01
6.8083062592e-01
6.8333240768e-01
6.8583418944e-01
6.8826744725e-01
6.9070070506e-01
6.9313396287e-01
6.9556722069e-01
6.9765543546e-01
6.9974365022e-01
7.0183186499e-01
7.0392007976e-01
7.0564363521e-01
7.0736719066e-01
7.0909074611e-01
7.1081430156e-01
7.1221074951e-01
7.1360719745e-01
7.1500364540e-01
7.1640009335e-01
7.1770444090e-01
7.1900878846e-01
7.2031313601e-01
7.2161748357e-01
7.2293599633e-01
7.2425450910e-01
7.2557302187e-01
7.2689153464e-01
7.2803083653e-01
7.2917013842e-01
7.3030944032e-01
7.3144874221e-01
7.3247793794e-01
7.3350713367e-01
7.3453632941e-01
7.3556552514e-01
7.3677649710e-01
7.3798746907e-01
7.3919844103e-01
7.4040941300e-01
7.4147610733e-01
7.4254280166e-01
7.4360949600e-01
7.4467619033e-01
7.4602037928e-01
7.4736456823e-01
7.4870875718e-01
7.5005294614e-01
7.5111888277e-01
7.5218481941e-01
7.5325075605e-01
7.5431669269e-01
7.5540588918e-01
7.5649508567e-01
7.5758428216e-01
7.5867347865e-01
7.5969147808e-01
7.6070947751e-01
7.6172747694e-01
7.6274547636e-01
7.6384061247e-01
7.6493574858e-01
7.6603088469e-01
7.6712602080e-01
7.6832409988e-01
7.6952217896e-01
7.7072025804e-01
7.7191833712e-01
7.7321450458e-01
7.7451067204e-01
7.7580683950e-01
7.7710300697e-01
7.7847630690e-01
7.7984960683e-01
7.8122290676e-01
7.8259620669e-01
7.8434877298e-01
7.8610133927e-01
7.8785390556e-01
7.8960647185e-01
7.9180618602e-01
7.9400590019e-01
7.9620561435e-01
7.9840532852e-01
8.0082042851e-01
8.0323552849e-01
8.0565062847e-01
8.0806572845e-01
8.1065651015e-01
8.1324729184e-01
8.1583807353e-01
8.1842885522e-01
8.2077981123e-01
8.2313076724e-01
8.2548172325e-01
8.2783267926e-01
8.2980828323e-01
8.3178388719e-01
8.3375949116e-01
8.3573509512e-01
8.3744103309e-01
8.3914697107e-01
8.4085290904e-01
8.4255884702e-01
8.4409162125e-01
8.4562439548e-01
8.4715716971e-01
8.4868994394e-01
8.5032707359e-01
8.5196420324e-01
8.5360133288e-01
8.5523846253e-01
8.5654283351e-01
8.5784720450e-01
8.5915157548e-01
8.6045594646e-01
8.6150416888e-01
8.6255239130e-01
8.6360061372e-01
8.6464883614e-01
8.6551404995e-01
8.6637926377e-01
8.6724447758e-01
8.6810969140e-01
8.6888038516e-01
8.6965107892e-01
8.7042177268e-01
8.7119246644e-01
8.7196993723e-01
8.7274740803e-01
8.7352487882e-01
8.7430234961e-01
8.7498783842e-01
8.7567332724e-01
8.7635881605e-01
8.7704430486e-01
8.7766926473e-01
8.7829422459e-01
8.7891918446e-01
8.7954414433e-01
8.8010700731e-01
8.8066987030e-01
8.8123273328e-01
8.8179559627e-01
8.8240103158e-01
8.8300646690e-01
8.8361190221e-01
8.8421733753e-01
8.8477107745e-01
8.8532481738e-01
8.8587855730e-01
8.8643229723e-01
8.8704159271e-01
8.8765088819e-01
8.8826018367e-01
8.8886947915e-01
8.8954640208e-01
8.9022332500e-01
8.9090024792e-01
8.9157717085e-01
8.9224037301e-01
8.9290357518e-01
8.9356677735e-01
8.9422997952e-01
8.9505336902e-01
8.9587675853e-01
8.9670014804e-01
8.9752353755e-01
8.9871551453e-01
8.9990749152e-01
9.0109946851e-01
9.0229144550e-01
9.0352032689e-01
9.0474920828e-01
9.0597808967e-01
9.0720697106e-01
9.0869174108e-01
9.1017651109e-01
9.1166128111e-01
9.1314605112e-01
9.1523309687e-01
9.1732014262e-01
9.1940718837e-01
9.2149423412e-01
9.2512577060e-01
9.2875730709e-01
9.3238884358e-01
9.3602038006e-01
9.4400673285e-01
9.5199308564e-01
9.5997943843e-01
9.6796579122e-01
9.7597434341e-01
9.8398289561e-01
9.9199144780e-01
1.0000000000e+00
