0.0000000000e+00
3.7023382141e-03
7.4046764282e-03
1.1107014642e-02
1.4809352856e-02
1.7779292190e-02
2.0749231523e-02
2.3719170857e-02
2.6689110191e-02
2.9179179273e-02
3.1669248356e-02
3.4159317438e-02
3.6649386521e-02
3.8851346491e-02
4.1053306462e-02
4.3255266432e-02
4.5457226403e-02
4.7906575077e-02
5.0355923752e-02
5.2805272426e-02
5.5254621101e-02
5.6969832842e-02
5.8685044584e-02
6.0400256325e-02
6.2115468067e-02
6.3467942829e-02
6.4820417592e-02
6.6172892355e-02
6.7525367117e-02
6.8717053719e-02
6.9908740320e-02
7.1100426921e-02
7.2292113523e-02
7.3496097510e-02
7.4700081497e-02
7.5904065484e-02
7.7108049471e-02
7.8253765816e-02
7.9399482161e-02
8.0545198505e-02
8.1690914850e-02
8.2777691406e-02
8.3864467962e-02
8.4951244518e-02
8.6038021074e-02
8.7050443493e-02
8.8062865911e-02
8.9075288330e-02
9.0087710748e-02
9.1204368303e-02
9.2321025858e-02
9.3437683412e-02
9.4554340967e-02
9.5588267641e-02
9.6622194315e-02
9.7656120988e-02
9.8690047662e-02
9.9870621425e-02
1.0105119519e-01
1.0223176895e-01
1.0341234271e-01
1.0468127586e-01
1.0595020901e-01
1.0721914215e-01
1.0848807530e-01
1.0985437852e-01
1.1122068175e-01
1.1258698497e-01
1.1395328819e-01
1.1533860059e-01
1.1672391299e-01
1.1810922539e-01
1.1949453779e-01
1.2101331636e-01
1.2253209494e-01
1.2405087352e-01
1.2556965210e-01
1.2740652020e-01
1.2924338831e-01
1.3108025642e-01
1.3291712452e-01
1.3546633389e-01
1.3801554326e-01
1.4056475263e-01
1.4311396200e-01
1.4601483893e-01
1.4891571587e-01
1.5181659280e-01
1.5471746973e-01
1.5761538885e-01
1.6051330798e-01
1.6341122710e-01
1.6630914623e-01
1.6853281388e-01
1.7075648154e-01
1.7298014919e-01
1.7520381685e-01
1.7700273291e-01
1.7880164897e-01
1.8060056503e-01
1.8239948109e-01
1.8399462554e-01
1.8558976999e-01
1.8718491443e-01
1.8878005888e-01
1.9022531835e-01
1.9167057781e-01
1.9311583727e-01
1.9456109674e-01
1.9626401725e-01
1.9796693776e-01
1.9966985828e-01
2.0137277879e-01
2.0268450858e-01
2.0399623836e-01
2.0530796815e-01
2.0661969794e-01
2.0780011635e-01
2.0898053477e-01
2.1016095318e-01
2.1134137160e-01
2.1241709746e-01
2.1349282332e-01
2.1456854919e-01
2.1564427505e-01
2.1693543173e-01
2.1822658841e-01
2.1951774509e-01
2.2080890178e-01
2.2185988835e-01
2.2291087492e-01
2.2396186149e-01
2.2501284806e-01
2.2612037589e-01
2.2722790373e-01
2.2833543157e-01
2.2944295941e-01
2.3070075534e-01
2.3195855127e-01
2.3321634720e-01
2.3447414313e-01
2.3569861788e-01
2.3692309262e-01
2.3814756736e-01
2.3937204211e-01
2.4060942863e-01
2.4184681516e-01
2.4308420168e-01
2.4432158821e-01
2.4579144006e-01
2.4726129192e-01
2.4873114377e-01
2.5020099563e-01
2.5143854735e-01
2.5267609907e-01
2.5391365079e-01
2.5515120251e-01
2.5637082760e-01
2.5759045269e-01
2.5881007778e-01
2.6002970287e-01
2.6131419184e-01
2.6259868080e-01
2.6388316977e-01
2.6516765873e-01
2.6627817436e-01
2.6738868998e-01
2.6849920560e-01
2.6960972123e-01
2.7064865494e-01
2.7168758866e-01
2.7272652238e-01
2.7376545609e-01
2.7503785361e-01
2.7631025113e-01
2.7758264865e-01
2.7885504617e-01
2.7993398738e-01
2.8101292859e-01
2.8209186979e-01
2.8317081100e-01
2.8436216928e-01
2.8555352755e-01
2.8674488582e-01
2.8793624410e-01
2.8921793725e-01
2.9049963040e-01
2.9178132355e-01
2.9306301670e-01
2.9452914274e-01
2.9599526877e-01
2.9746139480e-01
2.9892752084e-01
3.0037363444e-01
3.0181974804e-01
3.0326586165e-01
3.0471197525e-01
3.0628587823e-01
3.0785978121e-01
3.0943368419e-01
3.1100758717e-01
3.1289511581e-01
3.1478264444e-01
3.1667017307e-01
3.1855770170e-01
3.2101037678e-01
3.2346305186e-01
3.2591572694e-01
3.2836840202e-01
3.3130389242e-01
3.3423938282e-01
3.3717487322e-01
3.4011036363e-01
3.4292065063e-01
3.4573093764e-01
3.4854122465e-01
3.5135151165e-01
3.5357606485e-01
3.5580061806e-01
3.5802517126e-01
3.6024972446e-01
3.6203842201e-01
3.6382711957e-01
3.6561581712e-01
3.6740451468e-01
3.6895055871e-01
3.7049660275e-01
3.7204264679e-01
3.7358869083e-01
3.7498439022e-01
3.7638008961e-01
3.7777578900e-01
3.7917148840e-01
3.8056373923e-01
3.8195599006e-01
3.8334824089e-01
3.8474049172e-01
3.8603418823e-01
3.8732788473e-01
3.8862158124e-01
3.8991527775e-01
3.9125792941e-01
3.9260058107e-01
3.9394323274e-01
3.9528588440e-01
3.9631896407e-01
3.9735204374e-01
3.9838512341e-01
3.9941820308e-01
4.0048044953e-01
4.0154269597e-01
4.0260494242e-01
4.0366718886e-01
4.0470257075e-01
4.0573795265e-01
4.0677333454e-01
4.0780871643e-01
4.0881746604e-01
4.0982621565e-01
4.1083496525e-01
4.1184371486e-01
4.1296059417e-01
4.1407747348e-01
4.1519435280e-01
4.1631123211e-01
4.1759265357e-01
4.1887407503e-01
4.2015549649e-01
4.2143691795e-01
4.2261004907e-01
4.2378318019e-01
4.2495631131e-01
4.2612944243e-01
4.2745123553e-01
4.2877302863e-01
4.3009482173e-01
4.3141661483e-01
4.3313092639e-01
4.3484523795e-01
4.3655954951e-01
4.3827386108e-01
4.4052774227e-01
4.4278162346e-01
4.4503550465e-01
4.4728938584e-01
4.4955261677e-01
4.5181584770e-01
4.5407907863e-01
4.5634230955e-01
4.5901856769e-01
4.6169482584e-01
4.6437108398e-01
4.6704734212e-01
4.7048942701e-01
4.7393151191e-01
4.7737359681e-01
4.8081568170e-01
4.8559975225e-01
4.9038382279e-01
4.9516789333e-01
4.9995196388e-01
5.0365803101e-01
5.0736409815e-01
5.1107016529e-01
5.1477623242e-01
5.1774882121e-01
5.2072141000e-01
5.2369399879e-01
5.2666658758e-01
5.2915819615e-01
5.3164980473e-01
5.3414141330e-01
5.3663302188e-01
5.3884127408e-01
5.4104952629e-01
5.4325777850e-01
5.4546603071e-01
5.4789727013e-01
5.5032850956e-01
5.5275974899e-01
5.5519098841e-01
5.5690641649e-01
5.5862184457e-01
5.6033727265e-01
5.6205270073e-01
5.6340629204e-01
5.6475988335e-01
5.6611347466e-01
5.6746706596e-01
5.6866034243e-01
5.6985361889e-01
5.7104689536e-01
5.7224017182e-01
5.7344678130e-01
5.7465339077e-01
5.7586000025e-01
5.7706660972e-01
5.7821508398e-01
5.7936355824e-01
5.8051203249e-01
5.8166050675e-01
5.8280691912e-01
5.8395333148e-01
5.8509974384e-01
5.8624615621e-01
5.8724352309e-01
5.8824088997e-01
5.8923825685e-01
5.9023562373e-01
5.9143147771e-01
5.9262733168e-01
5.9382318566e-01
5.9501903963e-01
5.9602553312e-01
5.9703202661e-01
5.9803852010e-01
5.9904501359e-01
6.0026604807e-01
6.0148708256e-01
6.0270811704e-01
6.0392915152e-01
6.0518668887e-01
6.0644422622e-01
6.0770176357e-01
6.0895930092e-01
6.1036008317e-01
6.1176086542e-01
6.1316164767e-01
6.1456242991e-01
6.1594307183e-01
6.1732371374e-01
6.1870435565e-01
6.2008499756e-01
6.2162453703e-01
6.2316407650e-01
6.2470361596e-01
6.2624315543e-01
6.2811232241e-01
6.2998148940e-01
6.3185065638e-01
6.3371982337e-01
6.3632500787e-01
6.3893019237e-01
6.4153537687e-01
6.4414056138e-01
6.4707385401e-01
6.5000714664e-01
6.5294043927e-01
6.5587373190e-01
6.5882617600e-01
6.6177862010e-01
6.6473106419e-01
6.6768350829e-01
6.6981784642e-01
6.7195218454e-01
6.7408652267e-01
6.7622086080e-01
6.7797780259e-01
6.7973474438e-01
6.8149168617e-01
6.8324862796e-01
6.8481457934e-01
6.8638053072e-01
6.8794648210e-01
6.8951243347e-01
6.9094727018e-01
6.9238210689e-01
6.9381694360e-01
6.9525178031e-01
6.9718154097e-01
6.9911130164e-01
7.0104106231e-01
7.0297082297e-01
7.0421685841e-01
7.0546289384e-01
7.0670892927e-01
7.0795496470e-01
7.0910030104e-01
7.1024563738e-01
7.1139097371e-01
7.1253631005e-01
7.1361722506e-01
7.1469814007e-01
7.1577905508e-01
7.1685997009e-01
7.1808792307e-01
7.1931587605e-01
7.2054382902e-01
7.2177178200e-01
7.2281405675e-01
7.2385633150e-01
7.2489860625e-01
7.2594088101e-01
7.2706809660e-01
7.2819531219e-01
7.2932252778e-01
7.3044974337e-01
7.3173737063e-01
7.3302499788e-01
7.3431262514e-01
7.3560025240e-01
7.3681895550e-01
7.3803765859e-01
7.3925636169e-01
7.4047506478e-01
7.4173342410e-01
7.4299178342e-01
7.4425014274e-01
7.4550850206e-01
7.4690320452e-01
7.4829790698e-01
7.4969260944e-01
7.5108731190e-01
7.5231886028e-01
7.5355040865e-01
7.5478195702e-01
7.5601350539e-01
7.5724273785e-01
7.5847197030e-01
7.5970120276e-01
7.6093043521e-01
7.6217390371e-01
7.6341737220e-01
7.6466084069e-01
7.6590430919e-01
7.6700672516e-01
7.6810914114e-01
7.6921155711e-01
7.7031397308e-01
7.7139620135e-01
7.7247842962e-01
7.7356065789e-01
7.7464288616e-01
7.7605213354e-01
7.7746138091e-01
7.7887062829e-01
7.8027987567e-01
7.8135098732e-01
7.8242209897e-01
7.8349321062e-01
7.8456432227e-01
7.8584558308e-01
7.8712684388e-01
7.8840810469e-01
7.8968936550e-01
7.9103130012e-01
7.9237323475e-01
7.9371516938e-01
7.9505710401e-01
7.9650719608e-01
7.9795728815e-01
7.9940738023e-01
8.0085747230e-01
8.0231507493e-01
8.0377267756e-01
8.0523028019e-01
8.0668788282e-01
8.0832339663e-01
8.0995891044e-01
8.1159442425e-01
8.1322993807e-01
8.1538411620e-01
8.1753829432e-01
8.1969247245e-01
8.2184665058e-01
8.2466885927e-01
8.2749106796e-01
8.3031327664e-01
8.3313548533e-01
8.3604509293e-01
8.3895470052e-01
8.4186430812e-01
8.4477391572e-01
8.4738043044e-01
8.4998694516e-01
8.5259345987e-01
8.5519997459e-01
8.5724427646e-01
8.5928857833e-01
8.6133288020e-01
8.6337718207e-01
8.6503899356e-01
8.6670080505e-01
8.6836261654e-01
8.7002442803e-01
8.7151560689e-01
8.7300678574e-01
8.7449796460e-01
8.7598914345e-01
8.7735700648e-01
8.7872486951e-01
8.8009273254e-01
8.8146059557e-01
8.8289909504e-01
8.8433759451e-01
8.8577609399e-01
8.8721459346e-01
8.8844228349e-01
8.8966997352e-01
8.9089766356e-01
8.9212535359e-01
8.9329747909e-01
8.9446960459e-01
8.9564173009e-01
8.9681385559e-01
8.9783399955e-01
8.9885414352e-01
8.9987428749e-01
9.0089443145e-01
9.0203022232e-01
9.0316601318e-01
9.0430180404e-01
9.0543759491e-01
9.0644361070e-01
9.0744962650e-01
9.0845564229e-01
9.0946165809e-01
9.1056343530e-01
9.1166521251e-01
9.1276698972e-01
9.1386876693e-01
9.1502153437e-01
9.1617430181e-01
9.1732706925e-01
9.1847983668e-01
9.1967579827e-01
9.2087175985e-01
9.2206772143e-01
9.2326368301e-01
9.2447463607e-01
9.2568558912e-01
9.2689654218e-01
9.2810749523e-01
9.2954612997e-01
9.3098476471e-01
9.3242339945e-01
9.3386203419e-01
9.3571393384e-01
9.3756583348e-01
9.3941773312e-01
9.4126963277e-01
9.4345625688e-01
9.4564288099e-01
9.4782950510e-01
9.5001612921e-01
9.5237149488e-01
9.5472686055e-01
9.5708222621e-01
9.5943759188e-01
9.6228878150e-01
9.6513997113e-01
9.6799116075e-01
9.7084235038e-01
9.7448705658e-01
9.7813176278e-01
9.8177646899e-01
9.8542117519e-01
9.8906588139e-01
9.9271058759e-01
9.9635529380e-01
1.0000000000e+00
