0.0000000000e+00
8.6676648964e-03
1.7335329793e-02
2.6002994689e-02
3.4670659585e-02
3.9175065970e-02
4.3679472354e-02
4.8183878738e-02
5.2688285122e-02
5.5530120055e-02
5.8371954987e-02
6.1213789919e-02
6.4055624851e-02
6.6044759774e-02
6.8033894697e-02
7.0023029620e-02
7.2012164543e-02
7.3509407340e-02
7.5006650137e-02
7.6503892934e-02
7.8001135730e-02
7.9198673197e-02
8.0396210664e-02
8.1593748131e-02
8.2791285598e-02
8.3812026510e-02
8.4832767422e-02
8.5853508334e-02
8.6874249246e-02
8.7827498699e-02
8.8780748152e-02
8.9733997604e-02
9.0687247057e-02
9.1489478441e-02
9.2291709825e-02
9.3093941210e-02
9.3896172594e-02
9.4535862191e-02
9.5175551787e-02
9.5815241384e-02
9.6454930981e-02
9.6995102723e-02
9.7535274466e-02
9.8075446208e-02
9.8615617950e-02
9.9138040443e-02
9.9660462935e-02
1.0018288543e-01
1.0070530792e-01
1.0122928775e-01
1.0175326759e-01
1.0227724742e-01
1.0280122726e-01
1.0326881790e-01
1.0373640855e-01
1.0420399919e-01
1.0467158984e-01
1.0512618859e-01
1.0558078735e-01
1.0603538610e-01
1.0648998486e-01
1.0699424986e-01
1.0749851485e-01
1.0800277985e-01
1.0850704485e-01
1.0897719619e-01
1.0944734752e-01
1.0991749886e-01
1.1038765019e-01
1.1094703377e-01
1.1150641736e-01
1.1206580094e-01
1.1262518452e-01
1.1323877122e-01
1.1385235792e-01
1.1446594462e-01
1.1507953132e-01
1.1569350793e-01
1.1630748454e-01
1.1692146115e-01
1.1753543776e-01
1.1821646427e-01
1.1889749078e-01
1.1957851728e-01
1.2025954379e-01
1.2108930030e-01
1.2191905680e-01
1.2274881331e-01
1.2357856981e-01
1.2472614468e-01
1.2587371955e-01
1.2702129441e-01
1.2816886928e-01
1.2950379679e-01
1.3083872431e-01
1.3217365182e-01
1.3350857934e-01
1.3477591871e-01
1.3604325809e-01
1.3731059747e-01
1.3857793685e-01
1.4001545970e-01
1.4145298256e-01
1.4289050542e-01
1.4432802828e-01
1.4605864596e-01
1.4778926365e-01
1.4951988133e-01
1.5125049902e-01
1.5349816252e-01
1.5574582601e-01
1.5799348951e-01
1.6024115301e-01
1.6316974000e-01
1.6609832699e-01
1.6902691398e-01
1.7195550097e-01
1.7514307968e-01
1.7833065839e-01
1.8151823709e-01
1.8470581580e-01
1.8750263297e-01
1.9029945014e-01
1.9309626731e-01
1.9589308449e-01
1.9815808740e-01
2.0042309032e-01
2.0268809324e-01
2.0495309615e-01
2.0715706903e-01
2.0936104190e-01
2.1156501477e-01
2.1376898764e-01
2.1585274171e-01
2.1793649579e-01
2.2002024986e-01
2.2210400393e-01
2.2377128288e-01
2.2543856183e-01
2.2710584078e-01
2.2877311974e-01
2.3040201901e-01
2.3203091829e-01
2.3365981756e-01
2.3528871684e-01
2.3696316778e-01
2.3863761873e-01
2.4031206968e-01
2.4198652063e-01
2.4345274335e-01
2.4491896608e-01
2.4638518881e-01
2.4785141153e-01
2.4937226402e-01
2.5089311651e-01
2.5241396900e-01
2.5393482148e-01
2.5580061502e-01
2.5766640855e-01
2.5953220208e-01
2.6139799562e-01
2.6298305935e-01
2.6456812309e-01
2.6615318683e-01
2.6773825056e-01
2.6953473617e-01
2.7133122178e-01
2.7312770738e-01
2.7492419299e-01
2.7710520540e-01
2.7928621781e-01
2.8146723023e-01
2.8364824264e-01
2.8578453147e-01
2.8792082030e-01
2.9005710913e-01
2.9219339797e-01
2.9484648601e-01
2.9749957406e-01
3.0015266211e-01
3.0280575016e-01
3.0664473358e-01
3.1048371700e-01
3.1432270042e-01
3.1816168384e-01
3.2105332513e-01
3.2394496642e-01
3.2683660772e-01
3.2972824901e-01
3.3200196592e-01
3.3427568284e-01
3.3654939975e-01
3.3882311667e-01
3.4066533228e-01
3.4250754789e-01
3.4434976350e-01
3.4619197911e-01
3.4774671600e-01
3.4930145289e-01
3.5085618978e-01
3.5241092668e-01
3.5376699127e-01
3.5512305586e-01
3.5647912046e-01
3.5783518505e-01
3.5907191130e-01
3.6030863755e-01
3.6154536380e-01
3.6278209006e-01
3.6397604073e-01
3.6516999141e-01
3.6636394209e-01
3.6755789276e-01
3.6862679545e-01
3.6969569813e-01
3.7076460081e-01
3.7183350350e-01
3.7276771318e-01
3.7370192286e-01
3.7463613255e-01
3.7557034223e-01
3.7628645906e-01
3.7700257590e-01
3.7771869274e-01
3.7843480957e-01
3.7907994609e-01
3.7972508261e-01
3.8037021913e-01
3.8101535565e-01
3.8162417863e-01
3.8223300162e-01
3.8284182460e-01
3.8345064758e-01
3.8407485354e-01
3.8469905950e-01
3.8532326546e-01
3.8594747143e-01
3.8645827580e-01
3.8696908017e-01
3.8747988454e-01
3.8799068891e-01
3.8845245777e-01
3.8891422663e-01
3.8937599549e-01
3.8983776434e-01
3.9030155829e-01
3.9076535223e-01
3.9122914618e-01
3.9169294012e-01
3.9215131074e-01
3.9260968136e-01
3.9306805198e-01
3.9352642260e-01
3.9399412019e-01
3.9446181779e-01
3.9492951538e-01
3.9539721297e-01
3.9590786989e-01
3.9641852681e-01
3.9692918373e-01
3.9743984065e-01
3.9796908263e-01
3.9849832461e-01
3.9902756659e-01
3.9955680857e-01
4.0011403517e-01
4.0067126177e-01
4.0122848837e-01
4.0178571497e-01
4.0251080111e-01
4.0323588724e-01
4.0396097338e-01
4.0468605952e-01
4.0565562221e-01
4.0662518491e-01
4.0759474760e-01
4.0856431030e-01
4.0957607853e-01
4.1058784677e-01
4.1159961501e-01
4.1261138325e-01
4.1384439100e-01
4.1507739875e-01
4.1631040651e-01
4.1754341426e-01
4.1928274135e-01
4.2102206844e-01
4.2276139553e-01
4.2450072262e-01
4.2757840367e-01
4.3065608472e-01
4.3373376577e-01
4.3681144683e-01
4.4431928097e-01
4.5182711512e-01
4.5933494926e-01
4.6684278341e-01
4.8016630348e-01
4.9348982356e-01
5.0681334363e-01
5.2013686371e-01
5.2634910371e-01
5.3256134371e-01
5.3877358372e-01
5.4498582372e-01
5.4851961012e-01
5.5205339653e-01
5.5558718294e-01
5.5912096934e-01
5.6148883823e-01
5.6385670713e-01
5.6622457602e-01
5.6859244491e-01
5.7030144317e-01
5.7201044143e-01
5.7371943969e-01
5.7542843795e-01
5.7675322556e-01
5.7807801317e-01
5.7940280077e-01
5.8072758838e-01
5.8181816922e-01
5.8290875005e-01
5.8399933089e-01
5.8508991172e-01
5.8615598357e-01
5.8722205543e-01
5.8828812728e-01
5.8935419914e-01
5.9035019005e-01
5.9134618096e-01
5.9234217187e-01
5.9333816279e-01
5.9401894473e-01
5.9469972667e-01
5.9538050862e-01
5.9606129056e-01
5.9661428318e-01
5.9716727580e-01
5.9772026842e-01
5.9827326105e-01
5.9883061901e-01
5.9938797697e-01
5.9994533493e-01
6.0050269290e-01
6.0103783146e-01
6.0157297002e-01
6.0210810859e-01
6.0264324715e-01
6.0310420456e-01
6.0356516197e-01
6.0402611939e-01
6.0448707680e-01
6.0494644574e-01
6.0540581468e-01
6.0586518362e-01
6.0632455256e-01
6.0678576651e-01
6.0724698046e-01
6.0770819441e-01
6.0816940835e-01
6.0863623061e-01
6.0910305286e-01
6.0956987511e-01
6.1003669736e-01
6.1054997574e-01
6.1106325413e-01
6.1157653251e-01
6.1208981089e-01
6.1267760018e-01
6.1326538946e-01
6.1385317875e-01
6.1444096803e-01
6.1506423452e-01
6.1568750101e-01
6.1631076751e-01
6.1693403400e-01
6.1758658106e-01
6.1823912813e-01
6.1889167519e-01
6.1954422226e-01
6.2033108375e-01
6.2111794525e-01
6.2190480674e-01
6.2269166824e-01
6.2368124891e-01
6.2467082957e-01
6.2566041024e-01
6.2664999091e-01
6.2779719016e-01
6.2894438941e-01
6.3009158866e-01
6.3123878791e-01
6.3247268215e-01
6.3370657639e-01
6.3494047063e-01
6.3617436486e-01
6.3751940796e-01
6.3886445106e-01
6.4020949416e-01
6.4155453726e-01
6.4313109757e-01
6.4470765788e-01
6.4628421818e-01
6.4786077849e-01
6.4982130648e-01
6.5178183448e-01
6.5374236247e-01
6.5570289046e-01
6.5827858666e-01
6.6085428285e-01
6.6342997905e-01
6.6600567525e-01
6.6932588507e-01
6.7264609489e-01
6.7596630472e-01
6.7928651454e-01
6.8239762230e-01
6.8550873006e-01
6.8861983782e-01
6.9173094558e-01
6.9414075569e-01
6.9655056580e-01
6.9896037592e-01
7.0137018603e-01
7.0348818705e-01
7.0560618807e-01
7.0772418908e-01
7.0984219010e-01
7.1180442677e-01
7.1376666344e-01
7.1572890012e-01
7.1769113679e-01
7.1946741559e-01
7.2124369440e-01
7.2301997320e-01
7.2479625201e-01
7.2642204460e-01
7.2804783720e-01
7.2967362980e-01
7.3129942240e-01
7.3288005015e-01
7.3446067791e-01
7.3604130566e-01
7.3762193341e-01
7.3918407518e-01
7.4074621694e-01
7.4230835871e-01
7.4387050047e-01
7.4548965561e-01
7.4710881076e-01
7.4872796590e-01
7.5034712104e-01
7.5186803324e-01
7.5338894545e-01
7.5490985765e-01
7.5643076985e-01
7.5801835587e-01
7.5960594189e-01
7.6119352791e-01
7.6278111394e-01
7.6444756413e-01
7.6611401433e-01
7.6778046453e-01
7.6944691473e-01
7.7140076409e-01
7.7335461344e-01
7.7530846279e-01
7.7726231215e-01
7.7930383995e-01
7.8134536775e-01
7.8338689554e-01
7.8542842334e-01
7.8770318052e-01
7.8997793770e-01
7.9225269487e-01
7.9452745205e-01
7.9738558102e-01
8.0024370999e-01
8.0310183895e-01
8.0595996792e-01
8.0922574813e-01
8.1249152834e-01
8.1575730855e-01
8.1902308876e-01
8.2191237536e-01
8.2480166195e-01
8.2769094855e-01
8.3058023514e-01
8.3282433579e-01
8.3506843645e-01
8.3731253710e-01
8.3955663775e-01
8.4137159515e-01
8.4318655254e-01
8.4500150993e-01
8.4681646732e-01
8.4835196698e-01
8.4988746665e-01
8.5142296631e-01
8.5295846597e-01
8.5430145326e-01
8.5564444055e-01
8.5698742783e-01
8.5833041512e-01
8.5956277539e-01
8.6079513565e-01
8.6202749592e-01
8.6325985619e-01
8.6445428298e-01
8.6564870977e-01
8.6684313655e-01
8.6803756334e-01
8.6918905281e-01
8.7034054227e-01
8.7149203174e-01
8.7264352121e-01
8.7351467336e-01
8.7438582551e-01
8.7525697767e-01
8.7612812982e-01
8.7682722271e-01
8.7752631560e-01
8.7822540849e-01
8.7892450138e-01
8.7954904582e-01
8.8017359026e-01
8.8079813469e-01
8.8142267913e-01
8.8207284467e-01
8.8272301021e-01
8.8337317575e-01
8.8402334129e-01
8.8459672033e-01
8.8517009937e-01
8.8574347841e-01
8.8631685745e-01
8.8681800034e-01
8.8731914324e-01
8.8782028613e-01
8.8832142902e-01
8.8878153787e-01
8.8924164671e-01
8.8970175556e-01
8.9016186441e-01
8.9064435660e-01
8.9112684879e-01
8.9160934098e-01
8.9209183317e-01
8.9254621396e-01
8.9300059476e-01
8.9345497555e-01
8.9390935634e-01
8.9437646602e-01
8.9484357571e-01
8.9531068539e-01
8.9577779507e-01
8.9635455274e-01
8.9693131040e-01
8.9750806806e-01
8.9808482573e-01
8.9862201965e-01
8.9915921357e-01
8.9969640749e-01
9.0023360141e-01
9.0082039576e-01
9.0140719010e-01
9.0199398445e-01
9.0258077880e-01
9.0334374044e-01
9.0410670208e-01
9.0486966372e-01
9.0563262535e-01
9.0658365379e-01
9.0753468222e-01
9.0848571065e-01
9.0943673908e-01
9.1047861514e-01
9.1152049120e-01
9.1256236726e-01
9.1360424332e-01
9.1489567895e-01
9.1618711458e-01
9.1747855021e-01
9.1876998585e-01
9.2062138792e-01
9.2247278999e-01
9.2432419206e-01
9.2617559413e-01
9.2942605286e-01
9.3267651158e-01
9.3592697031e-01
9.3917742904e-01
9.4671966974e-01
9.5426191043e-01
9.6180415113e-01
9.6934639183e-01
9.7700979387e-01
9.8467319591e-01
9.9233659796e-01
1.0000000000e+00
