2.6592616415e-10
1.0273183525e-10
5.8216263215e-10
1.7624688841e-09
1.5005053404e-08
4.2742649760e-08
1.1721280787e-07
3.2022927508e-07
9.0773369862e-07
1.7514731553e-06
3.3619001596e-06
6.4524379944e-06
1.2430226204e-05
1.9775358572e-05
3.1432295574e-05
4.9959829002e-05
7.9461101858e-05
1.1286823260e-04
1.6028324424e-04
2.2761110581e-04
3.2326417641e-04
4.2687944578e-04
5.6364681772e-04
7.4419273259e-04
9.8255290665e-04
1.2387181379e-03
1.5615023989e-03
1.9681947049e-03
2.4805388646e-03
3.0368193585e-03
3.7172385524e-03
4.5492613089e-03
5.5662972682e-03
6.8153333339e-03
8.3416901803e-03
1.0205604056e-02
1.2479688654e-02
1.4671385361e-02
1.7239713901e-02
2.0246302104e-02
2.3761653768e-02
2.7057435562e-02
3.0792473640e-02
3.5020027029e-02
3.9798230331e-02
4.4304306699e-02
4.9287594816e-02
5.4790728290e-02
6.0858250788e-02
6.7077067619e-02
7.3867064554e-02
8.1266884361e-02
8.9314825864e-02
9.9283929994e-02
1.1018785950e-01
1.2207295336e-01
1.3497840683e-01
1.4640205163e-01
1.5855011736e-01
1.7142718445e-01
1.8503077919e-01
1.9808057098e-01
2.1171407874e-01
2.2591144977e-01
2.4064674797e-01
2.5652305772e-01
2.7290482052e-01
2.8974296969e-01
3.0698281313e-01
3.2467012994e-01
3.4263917293e-01
3.6082278685e-01
3.7915225062e-01
3.9715980699e-01
4.1517664878e-01
4.3314038927e-01
4.5099110899e-01
4.7148037200e-01
4.9165921821e-01
5.1145332525e-01
5.3079667482e-01
5.5146797440e-01
5.7146154128e-01
5.9072554831e-01
6.0921984904e-01
6.2763379430e-01
6.4515951264e-01
6.6178577806e-01
6.7751048748e-01
6.9261105294e-01
7.0679498202e-01
7.2008131427e-01
7.3249386753e-01
7.4512157245e-01
7.5677406405e-01
7.6749432570e-01
7.7732719825e-01
7.8792274319e-01
7.9740699544e-01
8.0585637868e-01
8.1334549562e-01
8.2155864844e-01
8.2848766415e-01
8.3426204221e-01
8.3900169971e-01
8.4419403669e-01
8.4778517431e-01
8.5002509145e-01
8.5112944865e-01
8.5131573485e-01
8.5092917714e-01
8.5005160247e-01
8.4875426077e-01
8.4694631319e-01
8.4478592564e-01
8.4233132739e-01
8.3963229846e-01
8.3632089688e-01
8.3280096667e-01
8.2911654192e-01
8.2530428936e-01
8.2066530945e-01
8.1593087336e-01
8.1113427860e-01
8.0630213931e-01
8.0024145082e-01
7.9419001139e-01
7.8817185173e-01
7.8220468291e-01
7.7430106162e-01
7.6653300590e-01
7.5891362598e-01
7.5145039004e-01
7.4261768229e-01
7.3402257612e-01
7.2566618069e-01
7.1754997474e-01
7.0974267375e-01
7.0218221835e-01
6.9488071128e-01
6.8785613657e-01
6.8173072941e-01
6.7587817650e-01
6.7032709640e-01
6.6511076194e-01
6.5950727435e-01
6.5447330678e-01
6.5007617600e-01
6.4638262193e-01
6.4392008779e-01
6.4200454172e-01
6.4066075352e-01
6.3990679684e-01
6.3975378599e-01
6.4020846213e-01
6.4126444809e-01
6.4290724745e-01
6.4539728709e-01
6.4854696568e-01
6.5231016557e-01
6.5663637896e-01
6.6132693464e-01
6.6645183468e-01
6.7196654097e-01
6.7783047494e-01
6.8451871896e-01
6.9153570521e-01
6.9885168875e-01
7.0644439672e-01
7.1383077682e-01
7.2144055724e-01
7.2926913688e-01
7.3731438601e-01
7.4372547405e-01
7.5026689142e-01
7.5693754653e-01
7.6373506876e-01
7.6922992461e-01
7.7479881801e-01
7.8043653971e-01
7.8613569321e-01
7.9095309147e-01
7.9579862934e-01
8.0066208575e-01
8.0553043566e-01
8.0972655709e-01
8.1390103508e-01
8.1803787030e-01
8.2211761576e-01
8.2566750981e-01
8.2913453217e-01
8.3249544482e-01
8.3572276655e-01
8.3853065547e-01
8.4117066226e-01
8.4360897306e-01
8.4580630233e-01
8.4765735441e-01
8.4919368367e-01
8.5036058009e-01
8.5109509610e-01
8.5132576668e-01
8.5099022997e-01
8.4999876667e-01
8.4824928788e-01
8.4611195515e-01
8.4328302030e-01
8.3967800818e-01
8.3520405148e-01
8.3086460628e-01
8.2582742739e-01
8.2002999878e-01
8.1340604106e-01
8.0703191862e-01
7.9995645829e-01
7.9213259513e-01
7.8351212573e-01
7.7487789368e-01
7.6549690453e-01
7.5533177100e-01
7.4434597555e-01
7.3249820841e-01
7.1976096392e-01
7.0610458062e-01
6.9150358099e-01
6.7477788598e-01
6.5692684648e-01
6.3794492603e-01
6.1783953557e-01
6.0164191394e-01
5.8481105258e-01
5.6737076995e-01
5.4935208030e-01
5.3232419336e-01
5.1487668008e-01
4.9705124086e-01
4.7889536586e-01
4.5985280016e-01
4.4057911072e-01
4.2114442058e-01
4.0162359919e-01
3.8158965018e-01
3.6163572825e-01
3.4185078818e-01
3.2232331131e-01
3.0463833389e-01
2.8730958283e-01
2.7039738783e-01
2.5395701368e-01
2.3675909421e-01
2.2022478914e-01
2.0439800691e-01
1.8931260131e-01
1.7451723426e-01
1.6055533555e-01
1.4743178454e-01
1.3514198075e-01
1.2347822308e-01
1.1264291578e-01
1.0260850105e-01
9.3342448941e-02
8.4238309559e-02
7.5924416319e-02
6.8351241916e-02
6.1468480695e-02
5.3945169229e-02
4.7283426524e-02
4.1398734247e-02
3.6211377391e-02
3.0540939075e-02
2.5728918073e-02
2.1654089166e-02
1.8209682930e-02
1.4922410259e-02
1.2219568178e-02
1.0000200736e-02
8.1797722107e-03
6.5578532253e-03
5.2555274117e-03
4.2104945968e-03
3.3723402089e-03
2.5591478309e-03
1.9416723704e-03
1.4729141337e-03
1.1171007450e-03
7.5816386299e-04
5.1462537604e-04
3.4928295182e-04
2.3696327385e-04
1.2095909069e-04
6.2000033337e-05
3.1774796000e-05
1.6188313403e-05
2.6783756309e-06
7.3658532074e-07
1.5462207314e-07
9.3882230078e-08
1.4702737273e-09
4.3395509962e-09
-2.7490039021e-10
2.9464842819e-09
1.1633151305e-09
3.1596626985e-09
1.1198789239e-08
6.1167882524e-08
1.5210351887e-07
3.6951473543e-07
8.9663947953e-07
2.2159156187e-06
3.9997063632e-06
7.1973860053e-06
1.2950945282e-05
2.3355249436e-05
3.5728419684e-05
5.4624868162e-05
8.3514128544e-05
1.2773567071e-04
1.7694348035e-04
2.4506602759e-04
3.3940434358e-04
4.7009254663e-04
6.1100854698e-04
7.9408673444e-04
1.0319515735e-03
1.3410030251e-03
1.6734937133e-03
2.0881709619e-03
2.6052739001e-03
3.2499718988e-03
3.9777882909e-03
4.8675693154e-03
5.9549320632e-03
7.2830955675e-03
8.9214943669e-03
1.0923411331e-02
1.3367144216e-02
1.6346617344e-02
1.8986510241e-02
2.2040954739e-02
2.5570986823e-02
2.9645188883e-02
3.3407579314e-02
3.7624390376e-02
4.2344279851e-02
4.7619423487e-02
5.2728543725e-02
5.8343198493e-02
6.4503751432e-02
7.1251601717e-02
7.8443361463e-02
8.6273408873e-02
9.4779858402e-02
1.0399920543e-01
1.1439675322e-01
1.2563888536e-01
1.3775405769e-01
1.5076351916e-01
1.6271641818e-01
1.7534660781e-01
1.8864976548e-01
2.0261472608e-01
2.1627194659e-01
2.3047202816e-01
2.4518807116e-01
2.6038749330e-01
2.7768959065e-01
2.9547639920e-01
3.1368310528e-01
3.3223952603e-01
3.4981251477e-01
3.6756287453e-01
3.8542708173e-01
4.0334164804e-01
4.2168145586e-01
4.3994332076e-01
4.5806510654e-01
4.7598835962e-01
4.9606048244e-01
5.1573365549e-01
5.3494402865e-01
5.5363633248e-01
5.7748547908e-01
6.0026200557e-01
6.2190407022e-01
6.4237149177e-01
6.5910045086e-01
6.7493254304e-01
6.8987225167e-01
7.0393082343e-01
7.1808781256e-01
7.3127206371e-01
7.4351521705e-01
7.5485253788e-01
7.6648406733e-01
7.7708944218e-01
7.8672512798e-01
7.9544797490e-01
8.0558052090e-01
8.1436905267e-01
8.2193195655e-01
8.2838145903e-01
8.3457675337e-01
8.3957930523e-01
8.4352559114e-01
8.4653926604e-01
8.4892833910e-01
8.5043972956e-01
8.5119326134e-01
8.5129410874e-01
8.5082270926e-01
8.4985642522e-01
8.4846832995e-01
8.4672176577e-01
8.4445188202e-01
8.4187696735e-01
8.3905033117e-01
8.3601726003e-01
8.3232953891e-01
8.2846876457e-01
8.2447530322e-01
8.2038246321e-01
8.1538483944e-01
8.1032172885e-01
8.0522338565e-01
8.0011361396e-01
7.9362234264e-01
7.8717139530e-01
7.8078186647e-01
7.7446871023e-01
7.6608406491e-01
7.5787320157e-01
7.4984510735e-01
7.4200407041e-01
7.3312204269e-01
7.2449620739e-01
7.1612846743e-01
7.0802350605e-01
7.0062929561e-01
6.9348951702e-01
6.8662262862e-01
6.8005347788e-01
6.7423149034e-01
6.6872590346e-01
6.6357225947e-01
6.5881007183e-01
6.5453164149e-01
6.5071918761e-01
6.4741480528e-01
6.4465848793e-01
6.4235747340e-01
6.4076150874e-01
6.3989705302e-01
6.3977889846e-01
6.4035911158e-01
6.4160449196e-01
6.4349613473e-01
6.4600640204e-01
6.4907907086e-01
6.5268859879e-01
6.5679254690e-01
6.6134733090e-01
6.6725703800e-01
6.7367050136e-01
6.8052833027e-01
6.8777999416e-01
6.9496877836e-01
7.0244734017e-01
7.1019656268e-01
7.1820373954e-01
7.2520324426e-01
7.3238129695e-01
7.3973687327e-01
7.4726937870e-01
7.5329516122e-01
7.5942777945e-01
7.6566489907e-01
7.7200250630e-01
7.7724458000e-01
7.8254441720e-01
7.8789511371e-01
7.9328735629e-01
7.9788368993e-01
8.0249146187e-01
8.0709853424e-01
8.1168974992e-01
8.1566456332e-01
8.1959793302e-01
8.2347153887e-01
8.2726335950e-01
8.3056643835e-01
8.3376052739e-01
8.3681924195e-01
8.3971160274e-01
8.4222348455e-01
8.4452564049e-01
8.4657851954e-01
8.4833635717e-01
8.4973800454e-01
8.5073688669e-01
8.5126422609e-01
8.5124098183e-01
8.5068590840e-01
8.4955333770e-01
8.4776232468e-01
8.4522217470e-01
8.4227537183e-01
8.3858850087e-01
8.3407726544e-01
8.2864989958e-01
8.2363488289e-01
8.1793002193e-01
8.1147971087e-01
8.0422568550e-01
7.9713882653e-01
7.8934190206e-01
7.8079162155e-01
7.7144423333e-01
7.6204419433e-01
7.5188952437e-01
7.4094696031e-01
7.2918480013e-01
7.1678940378e-01
7.0354756056e-01
6.8943781125e-01
6.7444335051e-01
6.5907200155e-01
6.4285670466e-01
6.2580052154e-01
6.0791465479e-01
5.9145526073e-01
5.7438590926e-01
5.5673407067e-01
5.3853446089e-01
5.2176832170e-01
5.0463091882e-01
4.8716338982e-01
4.6941193374e-01
4.5154406409e-01
4.3350094028e-01
4.1534108210e-01
3.9712634899e-01
3.7768048479e-01
3.5832644205e-01
3.3914573881e-01
3.2021921012e-01
3.0339519851e-01
2.8689874712e-01
2.7078189222e-01
2.5509247071e-01
2.3782188967e-01
2.2121428227e-01
2.0531442296e-01
1.9015696732e-01
1.7306926585e-01
1.5709703565e-01
1.4224515294e-01
1.2850205664e-01
1.1754102029e-01
1.0735915848e-01
9.7928064810e-02
8.9215385606e-02
8.0418484434e-02
7.2398690661e-02
6.5105128253e-02
5.8486608500e-02
5.0346121521e-02
4.3272388293e-02
3.7143469410e-02
3.1846395382e-02
2.5458777381e-02
2.0319098580e-02
1.6195796985e-02
1.2895552303e-02
1.0550541264e-02
8.6274648719e-03
7.0518629124e-03
5.7619075353e-03
4.5471768938e-03
3.5874846530e-03
2.8296358655e-03
2.2313835938e-03
1.6457335902e-03
1.2136630088e-03
8.9490399634e-04
6.5972963284e-04
4.2496107445e-04
2.7384921331e-04
1.7645898564e-04
1.1362175626e-04
5.2603038748e-05
2.4553675919e-05
1.1457068424e-05
5.2852568878e-06
8.6259774582e-07
2.3801060057e-07
4.9432106395e-08
3.1105797932e-08
5.0643948001e-09
1.4061541619e-09
3.1958793397e-10
3.6722028408e-10
