2.8732795009e-01
2.8732981785e-01
2.8733542111e-01
2.8734475985e-01
2.8735783404e-01
2.8737601597e-01
2.8739849789e-01
2.8742527939e-01
2.8745635981e-01
2.8748473754e-01
2.8751594407e-01
2.8754997812e-01
2.8758683786e-01
2.8761543296e-01
2.8764552156e-01
2.8767710203e-01
2.8771017238e-01
2.8774089439e-01
2.8777279527e-01
2.8780587238e-01
2.8784012253e-01
2.8787532827e-01
2.8791168493e-01
2.8794918713e-01
2.8798782852e-01
2.8802817565e-01
2.8806967761e-01
2.8811232351e-01
2.8815610056e-01
2.8819588301e-01
2.8823653259e-01
2.8827803573e-01
2.8832037708e-01
2.8836035543e-01
2.8840102378e-01
2.8844236519e-01
2.8848436103e-01
2.8853040359e-01
2.8857715673e-01
2.8862458976e-01
2.8867266932e-01
2.8872037081e-01
2.8876862208e-01
2.8881738436e-01
2.8886661653e-01
2.8891533995e-01
2.8896443100e-01
2.8901384480e-01
2.8906353475e-01
2.8912335303e-01
2.8918341297e-01
2.8924362678e-01
2.8930390480e-01
2.8936801808e-01
2.8943198982e-01
2.8949570853e-01
2.8955906273e-01
2.8962553823e-01
2.8969135259e-01
2.8975637842e-01
2.8982049105e-01
2.8988356216e-01
2.8994548115e-01
2.9000613442e-01
2.9006541276e-01
2.9013013171e-01
2.9019284930e-01
2.9025343305e-01
2.9031175848e-01
2.9037600270e-01
2.9043693076e-01
2.9049439228e-01
2.9054825093e-01
2.9060822510e-01
2.9066259585e-01
2.9071120258e-01
2.9075391193e-01
2.9079667742e-01
2.9083091102e-01
2.9085653197e-01
2.9087350834e-01
2.9088098911e-01
2.9088269902e-01
2.9087869349e-01
2.9086905032e-01
2.9085641957e-01
2.9083982204e-01
2.9081934647e-01
2.9079509442e-01
2.9077059861e-01
2.9074332828e-01
2.9071337976e-01
2.9068085780e-01
2.9064968175e-01
2.9061662427e-01
2.9058177760e-01
2.9054523938e-01
2.9050795848e-01
2.9046925858e-01
2.9042924548e-01
2.9038802933e-01
2.9034507964e-01
2.9030113170e-01
2.9025631260e-01
2.9021075251e-01
2.9017091150e-01
2.9013070343e-01
2.9009021563e-01
2.9004953573e-01
2.9001273448e-01
2.8997591218e-01
2.8993913227e-01
2.8990245735e-01
2.8986831407e-01
2.8983436558e-01
2.8980065986e-01
2.8976724350e-01
2.8972430888e-01
2.8968203375e-01
2.8964050730e-01
2.8959981297e-01
2.8956932695e-01
2.8953940424e-01
2.8951007482e-01
2.8948136653e-01
2.8945108331e-01
2.8942158458e-01
2.8939289737e-01
2.8936504609e-01
2.8933632867e-01
2.8930860779e-01
2.8928190430e-01
2.8925623649e-01
2.8922977420e-01
2.8920454845e-01
2.8918057396e-01
2.8915786331e-01
2.8913719112e-01
2.8911770960e-01
2.8909942553e-01
2.8908234465e-01
2.8906451190e-01
2.8904822465e-01
2.8903348759e-01
2.8902030446e-01
2.8900628071e-01
2.8899459644e-01
2.8898525493e-01
2.8897825856e-01
2.8897332937e-01
2.8897115271e-01
2.8897172914e-01
2.8897505852e-01
2.8897970697e-01
2.8898611815e-01
2.8899429091e-01
2.8900422368e-01
2.8901426027e-01
2.8902561711e-01
2.8903829211e-01
2.8905228267e-01
2.8906694309e-01
2.8908280889e-01
2.8909987605e-01
2.8911813979e-01
2.8913772118e-01
2.8915850166e-01
2.8918047308e-01
2.8920362581e-01
2.8922624649e-01
2.8924987191e-01
2.8927448981e-01
2.8930008618e-01
2.8932479638e-01
2.8935032712e-01
2.8937666197e-01
2.8940378256e-01
2.8943170797e-01
2.8946037821e-01
2.8948976832e-01
2.8951985100e-01
2.8955214068e-01
2.8958512328e-01
2.8961875841e-01
2.8965300264e-01
2.8968583713e-01
2.8971913144e-01
2.8975284200e-01
2.8978692316e-01
2.8982377782e-01
2.8986094217e-01
2.8989835339e-01
2.8993594688e-01
2.8997922547e-01
2.9002255484e-01
2.9006583145e-01
2.9010895078e-01
2.9015692569e-01
2.9020442448e-01
2.9025130114e-01
2.9029741163e-01
2.9034116851e-01
2.9038395054e-01
2.9042563614e-01
2.9046610764e-01
2.9050805309e-01
2.9054833579e-01
2.9058682769e-01
2.9062340725e-01
2.9066329401e-01
2.9070028530e-01
2.9073422575e-01
2.9076497238e-01
2.9079780476e-01
2.9082553355e-01
2.9084797506e-01
2.9086497085e-01
2.9087732566e-01
2.9088261269e-01
2.9088071825e-01
2.9087156403e-01
2.9085604912e-01
2.9083389646e-01
2.9080512625e-01
2.9076978741e-01
2.9073496601e-01
2.9069559826e-01
2.9065176237e-01
2.9060355206e-01
2.9055884073e-01
2.9051107579e-01
2.9046034475e-01
2.9040674420e-01
2.9035619113e-01
2.9030348746e-01
2.9024872280e-01
2.9019199297e-01
2.9013611133e-01
2.9007862642e-01
2.9001963708e-01
2.8995924703e-01
2.8989814861e-01
2.8983589171e-01
2.8977259004e-01
2.8970836095e-01
2.8964842342e-01
2.8958789669e-01
2.8952687906e-01
2.8946547007e-01
2.8940910318e-01
2.8935257019e-01
2.8929594781e-01
2.8923931231e-01
2.8918868034e-01
2.8913815171e-01
2.8908777882e-01
2.8903761291e-01
2.8898708241e-01
2.8893686553e-01
2.8888701070e-01
2.8883756442e-01
2.8878778751e-01
2.8873852240e-01
2.8868981082e-01
2.8864169191e-01
2.8859689047e-01
2.8855267711e-01
2.8850907828e-01
2.8846611837e-01
2.8841983338e-01
2.8837436817e-01
2.8832974684e-01
2.8828599103e-01
2.8823836508e-01
2.8819185686e-01
2.8814648668e-01
2.8810227208e-01
2.8806059951e-01
2.8802003491e-01
2.8798058831e-01
2.8794226824e-01
2.8790288189e-01
2.8786477699e-01
2.8782795958e-01
2.8779243468e-01
2.8775152868e-01
2.8771249445e-01
2.8767533655e-01
2.8764005856e-01
2.8759793320e-01
2.8755885410e-01
2.8752282437e-01
2.8748984620e-01
2.8745682520e-01
2.8742756503e-01
2.8740206663e-01
2.8738033058e-01
2.8736143425e-01
2.8734674797e-01
2.8733627186e-01
2.8733000598e-01
2.8732795170e-01
2.8732978079e-01
2.8733549323e-01
2.8734508900e-01
2.8735869391e-01
2.8737624557e-01
2.8739774379e-01
2.8742318824e-01
2.8744715303e-01
2.8747380342e-01
2.8750313869e-01
2.8753515781e-01
2.8756302144e-01
2.8759263930e-01
2.8762401005e-01
2.8765713197e-01
2.8768680407e-01
2.8771775013e-01
2.8774996804e-01
2.8778345525e-01
2.8781616140e-01
2.8784998817e-01
2.8788493178e-01
2.8792098775e-01
2.8796649061e-01
2.8801363058e-01
2.8806239336e-01
2.8811276159e-01
2.8815286091e-01
2.8819389937e-01
2.8823586389e-01
2.8827873960e-01
2.8831943688e-01
2.8836089309e-01
2.8840309115e-01
2.8844601211e-01
2.8848971825e-01
2.8853410591e-01
2.8857914979e-01
2.8862482236e-01
2.8867647639e-01
2.8872883091e-01
2.8878183766e-01
2.8883544491e-01
2.8888415581e-01
2.8893326608e-01
2.8898273135e-01
2.8903250539e-01
2.8908781948e-01
2.8914338527e-01
2.8919913392e-01
2.8925499492e-01
2.8931898631e-01
2.8938292141e-01
2.8944668989e-01
2.8951018099e-01
2.8958548938e-01
2.8966005760e-01
2.8973370173e-01
2.8980624178e-01
2.8986998227e-01
2.8993258041e-01
2.8999391935e-01
2.9005388668e-01
2.9011773753e-01
2.9017968710e-01
2.9023960871e-01
2.9029738306e-01
2.9036176409e-01
2.9042292287e-01
2.9048070979e-01
2.9053498888e-01
2.9059628450e-01
2.9065198086e-01
2.9070191025e-01
2.9074593261e-01
2.9078731332e-01
2.9082133080e-01
2.9084790926e-01
2.9086700964e-01
2.9087790898e-01
2.9088260564e-01
2.9088114906e-01
2.9087361411e-01
2.9086245349e-01
2.9084701783e-01
2.9082739918e-01
2.9080370417e-01
2.9078029072e-01
2.9075406777e-01
2.9072512848e-01
2.9069357440e-01
2.9066275939e-01
2.9062996868e-01
2.9059529644e-01
2.9055884256e-01
2.9052089755e-01
2.9048140196e-01
2.9044047063e-01
2.9039822347e-01
2.9035544406e-01
2.9031163228e-01
2.9026691520e-01
2.9022142309e-01
2.9018062514e-01
2.9013941793e-01
2.9009789585e-01
2.9005615374e-01
2.9001768486e-01
2.8997918358e-01
2.8994072251e-01
2.8990237327e-01
2.8986720539e-01
2.8983224589e-01
2.8979754713e-01
2.8976315991e-01
2.8972845570e-01
2.8969417657e-01
2.8966037019e-01
2.8962708181e-01
2.8959542707e-01
2.8956433294e-01
2.8953383344e-01
2.8950396023e-01
2.8947478551e-01
2.8944629139e-01
2.8941850259e-01
2.8939144163e-01
2.8936084480e-01
2.8933129359e-01
2.8930281365e-01
2.8927542751e-01
2.8924599374e-01
2.8921798876e-01
2.8919143289e-01
2.8916634327e-01
2.8914522290e-01
2.8912528795e-01
2.8910654565e-01
2.8908900212e-01
2.8907082232e-01
2.8905415179e-01
2.8903899540e-01
2.8902535711e-01
2.8901052614e-01
2.8899805024e-01
2.8898793305e-01
2.8898017723e-01
2.8897453543e-01
2.8897155144e-01
2.8897122602e-01
2.8897355923e-01
2.8897752128e-01
2.8898331891e-01
2.8899095106e-01
2.8900041623e-01
2.8901001070e-01
2.8902095515e-01
2.8903324760e-01
2.8904688558e-01
2.8906104456e-01
2.8907640544e-01
2.8909296452e-01
2.8911071735e-01
2.8912957250e-01
2.8914959947e-01
2.8917079094e-01
2.8919313825e-01
2.8921543662e-01
2.8923875954e-01
2.8926309530e-01
2.8928843044e-01
2.8931247093e-01
2.8933732162e-01
2.8936296747e-01
2.8938939168e-01
2.8941681165e-01
2.8944498310e-01
2.8947388256e-01
2.8950348431e-01
2.8953560400e-01
2.8956844497e-01
2.8960196762e-01
2.8963612926e-01
2.8966844821e-01
2.8970124149e-01
2.8973446769e-01
2.8976808332e-01
2.8980409888e-01
2.8984044469e-01
2.8987706228e-01
2.8991389134e-01
2.8995727295e-01
2.9000075807e-01
2.9004424268e-01
2.9008762146e-01
2.9013791005e-01
2.9018774259e-01
2.9023695198e-01
2.9028537309e-01
2.9032904393e-01
2.9037178866e-01
2.9041348746e-01
2.9045402414e-01
2.9049592806e-01
2.9053624563e-01
2.9057485138e-01
2.9061162600e-01
2.9065139875e-01
2.9068845516e-01
2.9072264667e-01
2.9075383600e-01
2.9078743062e-01
2.9081622904e-01
2.9084005240e-01
2.9085874487e-01
2.9087379690e-01
2.9088163186e-01
2.9088211839e-01
2.9087516280e-01
2.9086166400e-01
2.9084142276e-01
2.9081445063e-01
2.9078078874e-01
2.9074681656e-01
2.9070808317e-01
2.9066466660e-01
2.9061666169e-01
2.9057259692e-01
2.9052541211e-01
2.9047519381e-01
2.9042203788e-01
2.9037192965e-01
2.9031962382e-01
2.9026520940e-01
2.9020878167e-01
2.9015351954e-01
2.9009663098e-01
2.9003821275e-01
2.8997836648e-01
2.8991510077e-01
2.8985054477e-01
2.8978482586e-01
2.8971807586e-01
2.8965898455e-01
2.8959930180e-01
2.8953912205e-01
2.8947854101e-01
2.8941939774e-01
2.8936005587e-01
2.8930060426e-01
2.8924113128e-01
2.8919097537e-01
2.8914091849e-01
2.8909101162e-01
2.8904130465e-01
2.8899055333e-01
2.8894011470e-01
2.8889003788e-01
2.8884037006e-01
2.8879088921e-01
2.8874191085e-01
2.8869347604e-01
2.8864562336e-01
2.8860094614e-01
2.8855684993e-01
2.8851336105e-01
2.8847050380e-01
2.8842310130e-01
2.8837655426e-01
2.8833088864e-01
2.8828612767e-01
2.8823069902e-01
2.8817679469e-01
2.8812444575e-01
2.8807367838e-01
2.8803314005e-01
2.8799369581e-01
2.8795535443e-01
2.8791812335e-01
2.8787889313e-01
2.8784099085e-01
2.8780442216e-01
2.8776919171e-01
2.8772606962e-01
2.8768515119e-01
2.8764644134e-01
2.8760994384e-01
2.8756296356e-01
2.8752025508e-01
2.8748182208e-01
2.8744766700e-01
2.8741960837e-01
2.8739529026e-01
2.8737471318e-01
2.8735787742e-01
2.8734478422e-01
2.8733543189e-01
2.8732982049e-01
2.8732795002e-01
