2.6098278815e-01
2.6111836078e-01
2.6152521950e-01
2.6220378701e-01
2.6315476833e-01
2.6379740196e-01
2.6452370057e-01
2.6533389452e-01
2.6622824077e-01
2.6686202801e-01
2.6753237730e-01
2.6823938049e-01
2.6898313444e-01
2.6953658565e-01
2.7010885385e-01
2.7069997900e-01
2.7131000235e-01
2.7179003492e-01
2.7228119827e-01
2.7278351249e-01
2.7329699816e-01
2.7372503903e-01
2.7416056991e-01
2.7460360268e-01
2.7505414939e-01
2.7546079993e-01
2.7587340126e-01
2.7629196210e-01
2.7671649117e-01
2.7711776023e-01
2.7752423369e-01
2.7793591819e-01
2.7835281993e-01
2.7867915814e-01
2.7900862870e-01
2.7934123317e-01
2.7967697235e-01
2.7994528036e-01
2.8021555641e-01
2.8048779902e-01
2.8076200580e-01
2.8102091098e-01
2.8128153608e-01
2.8154387565e-01
2.8180792255e-01
2.8208396185e-01
2.8236181997e-01
2.8264148042e-01
2.8292292259e-01
2.8317329465e-01
2.8342501945e-01
2.8367807200e-01
2.8393242295e-01
2.8417000352e-01
2.8440864537e-01
2.8464831293e-01
2.8488896626e-01
2.8515898513e-01
2.8543011004e-01
2.8570226442e-01
2.8597536431e-01
2.8622900643e-01
2.8648330340e-01
2.8673817280e-01
2.8699352788e-01
2.8729766002e-01
2.8760219202e-01
2.8790696021e-01
2.8821179705e-01
2.8862049066e-01
2.8902858896e-01
2.8943568206e-01
2.8984136760e-01
2.9018434253e-01
2.9052579141e-01
2.9086549369e-01
2.9120323926e-01
2.9158896308e-01
2.9197155309e-01
2.9235074682e-01
2.9272630274e-01
2.9319194650e-01
2.9365112899e-01
2.9410350713e-01
2.9454878283e-01
2.9508541068e-01
2.9561055235e-01
2.9612388962e-01
2.9662517301e-01
2.9716716054e-01
2.9769388669e-01
2.9820523380e-01
2.9870114046e-01
2.9921144333e-01
2.9970430693e-01
3.0017980083e-01
3.0063802660e-01
3.0114736522e-01
3.0163393751e-01
3.0209799823e-01
3.0253982050e-01
3.0303391180e-01
3.0349779890e-01
3.0393197267e-01
3.0433692514e-01
3.0472631136e-01
3.0508537455e-01
3.0541464878e-01
3.0571466424e-01
3.0597457439e-01
3.0620870008e-01
3.0641751564e-01
3.0660151142e-01
3.0674620663e-01
3.0687164207e-01
3.0697824658e-01
3.0706648834e-01
3.0712591874e-01
3.0717348262e-01
3.0720953563e-01
3.0723447179e-01
3.0724677147e-01
3.0725239064e-01
3.0725160433e-01
3.0724471241e-01
3.0723321681e-01
3.0721707722e-01
3.0719659335e-01
3.0717208720e-01
3.0714168003e-01
3.0710748724e-01
3.0706999489e-01
3.0702971709e-01
3.0699642275e-01
3.0696201091e-01
3.0692676134e-01
3.0689095923e-01
3.0685726845e-01
3.0682358411e-01
3.0679014202e-01
3.0675717552e-01
3.0672457878e-01
3.0669293179e-01
3.0666245615e-01
3.0663336333e-01
3.0660676806e-01
3.0658181702e-01
3.0655866577e-01
3.0653745655e-01
3.0651482149e-01
3.0649533868e-01
3.0647917047e-01
3.0646644920e-01
3.0645637106e-01
3.0645090139e-01
3.0645009491e-01
3.0645395963e-01
3.0646009627e-01
3.0646894418e-01
3.0648045019e-01
3.0649454438e-01
3.0651232655e-01
3.0653282590e-01
3.0655589379e-01
3.0658135995e-01
3.0660596379e-01
3.0663217685e-01
3.0665983750e-01
3.0668877312e-01
3.0672343729e-01
3.0675925696e-01
3.0679592722e-01
3.0683313400e-01
3.0687656310e-01
3.0691977789e-01
3.0696227425e-01
3.0700355445e-01
3.0704180094e-01
3.0707803559e-01
3.0711185054e-01
3.0714285625e-01
3.0717303390e-01
3.0719897970e-01
3.0722027228e-01
3.0723652007e-01
3.0724951886e-01
3.0725262952e-01
3.0724519849e-01
3.0722664092e-01
3.0717643325e-01
3.0709814815e-01
3.0699044840e-01
3.0685218130e-01
3.0670098077e-01
3.0652360883e-01
3.0631945619e-01
3.0608795002e-01
3.0581426508e-01
3.0550907636e-01
3.0517176907e-01
3.0480172924e-01
3.0446537217e-01
3.0410514412e-01
3.0372067248e-01
3.0331158218e-01
3.0294033133e-01
3.0255040986e-01
3.0214158369e-01
3.0171362427e-01
3.0131402698e-01
3.0089876445e-01
3.0046769812e-01
3.0002070390e-01
2.9955710724e-01
2.9907735505e-01
2.9858139424e-01
2.9806920820e-01
2.9761641085e-01
2.9715171472e-01
2.9667520339e-01
2.9618700077e-01
2.9577178664e-01
2.9534871328e-01
2.9491793589e-01
2.9447964164e-01
2.9411892944e-01
2.9375355866e-01
2.9338368422e-01
2.9300948007e-01
2.9267745859e-01
2.9234239215e-01
2.9200443826e-01
2.9166376753e-01
2.9133457476e-01
2.9100322472e-01
2.9066990230e-01
2.9033480301e-01
2.9001898757e-01
2.8970196645e-01
2.8938392337e-01
2.8906504751e-01
2.8876542662e-01
2.8846540577e-01
2.8816514833e-01
2.8786481776e-01
2.8760718669e-01
2.8734972256e-01
2.8709252451e-01
2.8683568915e-01
2.8655523379e-01
2.8627544145e-01
2.8599642308e-01
2.8571828284e-01
2.8546657834e-01
2.8521574461e-01
2.8496584317e-01
2.8471693006e-01
2.8445790656e-01
2.8420006944e-01
2.8394346437e-01
2.8368813130e-01
2.8340287662e-01
2.8311931238e-01
2.8283747357e-01
2.8255738910e-01
2.8227807049e-01
2.8200056209e-01
2.8172487933e-01
2.8145103441e-01
2.8113527796e-01
2.8082202474e-01
2.8051128270e-01
2.8020305731e-01
2.7978758193e-01
2.7937677964e-01
2.7897065151e-01
2.7856919608e-01
2.7811825378e-01
2.7767334617e-01
2.7723446586e-01
2.7680160476e-01
2.7630415725e-01
2.7581487842e-01
2.7533375433e-01
2.7486077104e-01
2.7423308732e-01
2.7362027942e-01
2.7302231421e-01
2.7243915932e-01
2.7150324027e-01
2.7060794984e-01
2.6975315406e-01
2.6893872503e-01
2.6732746427e-01
2.6590024781e-01
2.6465609304e-01
2.6359414339e-01
2.6226231668e-01
2.6140122074e-01
2.6100930983e-01
2.6108588053e-01
2.6141233060e-01
2.6196259098e-01
2.6273713280e-01
2.6373661921e-01
2.6440136692e-01
2.6513842992e-01
2.6594800982e-01
2.6683032803e-01
2.6745231470e-01
2.6810613446e-01
2.6879186514e-01
2.6950958835e-01
2.7004864334e-01
2.7060451005e-01
2.7117722309e-01
2.7176681811e-01
2.7223609342e-01
2.7271557833e-01
2.7320529080e-01
2.7370524918e-01
2.7412806148e-01
2.7455795769e-01
2.7499494888e-01
2.7543904622e-01
2.7587774967e-01
2.7632319476e-01
2.7677539197e-01
2.7723435169e-01
2.7761271675e-01
2.7799556924e-01
2.7838291403e-01
2.7877475545e-01
2.7907637535e-01
2.7938060959e-01
2.7968745870e-01
2.7999692240e-01
2.8026123803e-01
2.8052742922e-01
2.8079549359e-01
2.8106542768e-01
2.8134721161e-01
2.8163099223e-01
2.8191675987e-01
2.8220450190e-01
2.8246435435e-01
2.8272576883e-01
2.8298872743e-01
2.8325320842e-01
2.8349075934e-01
2.8372948272e-01
2.8396935313e-01
2.8421034135e-01
2.8446699862e-01
2.8472482936e-01
2.8498378242e-01
2.8524380050e-01
2.8549267613e-01
2.8574240174e-01
2.8599291152e-01
2.8624413459e-01
2.8651668873e-01
2.8678988729e-01
2.8706362267e-01
2.8733778238e-01
2.8764425588e-01
2.8795094525e-01
2.8825767935e-01
2.8856428478e-01
2.8890002936e-01
2.8923518101e-01
2.8956951381e-01
2.8990280642e-01
2.9025093101e-01
2.9059743584e-01
2.9094209188e-01
2.9128468140e-01
2.9167322936e-01
2.9205852623e-01
2.9244030719e-01
2.9281832914e-01
2.9332604714e-01
2.9382590824e-01
2.9431748350e-01
2.9480040661e-01
2.9547367559e-01
2.9612800819e-01
2.9676287340e-01
2.9737789720e-01
2.9789903902e-01
2.9840474136e-01
2.9889496225e-01
2.9936970326e-01
2.9987779237e-01
3.0036700917e-01
3.0083748056e-01
3.0128936059e-01
3.0179855041e-01
3.0228244842e-01
3.0274138795e-01
3.0317571535e-01
3.0369618519e-01
3.0417767717e-01
3.0462093679e-01
3.0502670320e-01
3.0534982675e-01
3.0564559504e-01
3.0591448361e-01
3.0615697047e-01
3.0637749070e-01
3.0657160837e-01
3.0673987914e-01
3.0688289629e-01
3.0698092754e-01
3.0706309540e-01
3.0712981515e-01
3.0718154702e-01
3.0721190525e-01
3.0723367112e-01
3.0724714392e-01
3.0725265265e-01
3.0725128957e-01
3.0724453972e-01
3.0723267642e-01
3.0721599527e-01
3.0719574137e-01
3.0717164321e-01
3.0714402500e-01
3.0711323185e-01
3.0708233189e-01
3.0704934387e-01
3.0701458288e-01
3.0697837594e-01
3.0694356237e-01
3.0690806352e-01
3.0687216486e-01
3.0683615414e-01
3.0680359910e-01
3.0677140334e-01
3.0673977772e-01
3.0670892834e-01
3.0667718406e-01
3.0664677547e-01
3.0661792137e-01
3.0659082688e-01
3.0656538924e-01
3.0654212884e-01
3.0652120744e-01
3.0650276804e-01
3.0648265606e-01
3.0646719773e-01
3.0645656306e-01
3.0645086723e-01
3.0644994144e-01
3.0645251580e-01
3.0645857109e-01
3.0646806185e-01
3.0647901594e-01
3.0649243570e-01
3.0650824273e-01
3.0652634331e-01
3.0654718959e-01
3.0657020198e-01
3.0659522946e-01
3.0662210518e-01
3.0665028248e-01
3.0667989630e-01
3.0671074623e-01
3.0674262147e-01
3.0677759167e-01
3.0681320555e-01
3.0684917937e-01
3.0688522540e-01
3.0692781417e-01
3.0696961006e-01
3.0701013507e-01
3.0704892267e-01
3.0708547725e-01
3.0711941706e-01
3.0715033125e-01
3.0717783082e-01
3.0720440246e-01
3.0722562379e-01
3.0724103573e-01
3.0725021581e-01
3.0725203406e-01
3.0724088382e-01
3.0721600099e-01
3.0717670996e-01
3.0710822500e-01
3.0701635134e-01
3.0690024737e-01
3.0675916754e-01
3.0659310499e-01
3.0640097765e-01
3.0618221654e-01
3.0593628023e-01
3.0565338251e-01
3.0534041019e-01
3.0499679982e-01
3.0462198620e-01
3.0428036622e-01
3.0391569109e-01
3.0352761004e-01
3.0311577070e-01
3.0274080439e-01
3.0234763965e-01
3.0193605572e-01
3.0150583840e-01
3.0110247244e-01
3.0068370249e-01
3.0024940103e-01
2.9979945622e-01
2.9925127032e-01
2.9868130341e-01
2.9808951304e-01
2.9747593476e-01
2.9701825638e-01
2.9654931570e-01
2.9606923958e-01
2.9557819916e-01
2.9518627490e-01
2.9478789596e-01
2.9438321672e-01
2.9397241747e-01
2.9362480490e-01
2.9327320611e-01
2.9291777419e-01
2.9255867858e-01
2.9223369473e-01
2.9190606072e-01
2.9157593453e-01
2.9124348574e-01
2.9089603729e-01
2.9054649596e-01
2.9019509006e-01
2.8984205963e-01
2.8953950918e-01
2.8923611848e-01
2.8893205309e-01
2.8862748166e-01
2.8835125568e-01
2.8807488205e-01
2.8779848802e-01
2.8752219971e-01
2.8726985868e-01
2.8701780255e-01
2.8676612149e-01
2.8651490257e-01
2.8624555529e-01
2.8597693644e-01
2.8570913847e-01
2.8544224744e-01
2.8519883837e-01
2.8495631149e-01
2.8471471778e-01
2.8447410348e-01
2.8420751168e-01
2.8394223508e-01
2.8367831789e-01
2.8341579830e-01
2.8312690730e-01
2.8283980544e-01
2.8255452340e-01
2.8227108616e-01
2.8199680442e-01
2.8172430674e-01
2.8145360487e-01
2.8118470797e-01
2.8085211316e-01
2.8052234269e-01
2.8019540327e-01
2.7987129912e-01
2.7941229438e-01
2.7895910578e-01
2.7851173150e-01
2.7807016711e-01
2.7761827864e-01
2.7717262667e-01
2.7673320262e-01
2.7629999752e-01
2.7578579155e-01
2.7528060175e-01
2.7478441194e-01
2.7429720608e-01
2.7363292307e-01
2.7298602944e-01
2.7235648414e-01
2.7174424720e-01
2.7073454542e-01
2.6977543853e-01
2.6886674729e-01
2.6800830189e-01
2.6635845614e-01
2.6493100780e-01
2.6372476497e-01
2.6273872047e-01
2.6197001609e-01
2.6142140239e-01
2.6109241842e-01
2.6098278779e-01
