2.2827482806e-05
2.5719058221e-05
3.5082738532e-05
5.3279111823e-05
8.4966657345e-05
1.2124991363e-04
1.7383339948e-04
2.4981233231e-04
3.5947738195e-04
4.7922553293e-04
6.3890816139e-04
8.5183784216e-04
1.1357767894e-03
1.4425920670e-03
1.8320840095e-03
2.3264694466e-03
2.9538859448e-03
3.6453318704e-03
4.4977152936e-03
5.5481083210e-03
6.8418992283e-03
8.5438141930e-03
1.0663538739e-02
1.3300810894e-02
1.6577488740e-02
1.9511598584e-02
2.2950465805e-02
2.6975377445e-02
3.1678529491e-02
3.5794187116e-02
4.0417337141e-02
4.5603010147e-02
5.1410097914e-02
5.7151129712e-02
6.3479829245e-02
7.0443704811e-02
7.8091120089e-02
8.7145364391e-02
9.7107895847e-02
1.0803535470e-01
1.1997964047e-01
1.3160421892e-01
1.4411084241e-01
1.5751813161e-01
1.7183566207e-01
1.8549982967e-01
1.9989221412e-01
2.1499588872e-01
2.3078533903e-01
2.4712030766e-01
2.6405647735e-01
2.8154377131e-01
2.9952478771e-01
3.1896076334e-01
3.3879367019e-01
3.5893728885e-01
3.7930235009e-01
3.9875874182e-01
4.1825606163e-01
4.3771922032e-01
4.5707609592e-01
4.7986676739e-01
5.0230498684e-01
5.2429590985e-01
5.4575638701e-01
5.6931543638e-01
5.9202007578e-01
6.1380486065e-01
6.3462201122e-01
6.5423933552e-01
6.7286130808e-01
6.9048295247e-01
7.0710948916e-01
7.2363318005e-01
7.3908330582e-01
7.5349143920e-01
7.6689439600e-01
7.8112905040e-01
7.9415228406e-01
8.0603246736e-01
8.1683877166e-01
8.2954497244e-01
8.4066057686e-01
8.5032997494e-01
8.5868803912e-01
8.6768811723e-01
8.7496756134e-01
8.8072928817e-01
8.8514526071e-01
8.8831564127e-01
8.9042799269e-01
8.9156503950e-01
8.9178501195e-01
8.9097752211e-01
8.8906573493e-01
8.8602837851e-01
8.8180812863e-01
8.7755763005e-01
8.7244102688e-01
8.6638000953e-01
8.5928108648e-01
8.5287155386e-01
8.4568711385e-01
8.3766172588e-01
8.2872386980e-01
8.2034636322e-01
8.1120369628e-01
8.0124436021e-01
7.9041556219e-01
7.7979807096e-01
7.6838183451e-01
7.5612817561e-01
7.4300019862e-01
7.2901563204e-01
7.1409902761e-01
6.9822567015e-01
6.8137754526e-01
6.6485761887e-01
6.4748924469e-01
6.2928135764e-01
6.1025314744e-01
5.9057776894e-01
5.7016654604e-01
5.4907589090e-01
5.2737668468e-01
5.0921224020e-01
4.9075169314e-01
4.7205637254e-01
4.5319382671e-01
4.3004435730e-01
4.0689812004e-01
3.8390581060e-01
3.6122252692e-01
3.4376204401e-01
3.2666091494e-01
3.0999013904e-01
2.9381697780e-01
2.7705497658e-01
2.6101076743e-01
2.4574617117e-01
2.3131397904e-01
2.1560305969e-01
2.0113446944e-01
1.8794569884e-01
1.7606019604e-01
1.6637268463e-01
1.5777884714e-01
1.5027539576e-01
1.4385557890e-01
1.3834475690e-01
1.3397382363e-01
1.3073287234e-01
1.2861358886e-01
1.2762161934e-01
1.2768727575e-01
1.2881075118e-01
1.3099511538e-01
1.3430930968e-01
1.3873429849e-01
1.4427983660e-01
1.5095608113e-01
1.5871368340e-01
1.6760239532e-01
1.7762511669e-01
1.8877914263e-01
2.0029926382e-01
2.1279690140e-01
2.2624834295e-01
2.4062087489e-01
2.5463826031e-01
2.6936074698e-01
2.8474065269e-01
3.0072351564e-01
3.2021482615e-01
3.4034768305e-01
3.6100551043e-01
3.8206617870e-01
4.0083065889e-01
4.1972499479e-01
4.3866566610e-01
4.5757202584e-01
4.8052016458e-01
5.0317330911e-01
5.2541516942e-01
5.4714376745e-01
5.6985709380e-01
5.9178624711e-01
6.1286150516e-01
6.3303126476e-01
6.5206715351e-01
6.7016230068e-01
6.8730930693e-01
7.0351132160e-01
7.1985367194e-01
7.3514681450e-01
7.4942212251e-01
7.6271662975e-01
7.7683251063e-01
7.8977499398e-01
8.0161296145e-01
8.1241592591e-01
8.2502158530e-01
8.3614067643e-01
8.4591010925e-01
8.5445641378e-01
8.6390666942e-01
8.7171068113e-01
8.7805238396e-01
8.8308021280e-01
8.8659461866e-01
8.8918542440e-01
8.9089013774e-01
8.9172384560e-01
8.9155532311e-01
8.9004028417e-01
8.8707017289e-01
8.8248323985e-01
8.7833333470e-01
8.7325293461e-01
8.6714490795e-01
8.5989868400e-01
8.5345471106e-01
8.4619768142e-01
8.3806059008e-01
8.2897216448e-01
8.2031277311e-01
8.1083989066e-01
8.0050214338e-01
7.8924745570e-01
7.7801040291e-01
7.6590893741e-01
7.5290430267e-01
7.3896005871e-01
7.2440435313e-01
7.0889421291e-01
6.9240836344e-01
6.7493229776e-01
6.5735259656e-01
6.3887082838e-01
6.1949947592e-01
5.9926193308e-01
5.8066121019e-01
5.6144342041e-01
5.4165089864e-01
5.2133525829e-01
5.0253468779e-01
4.8340726248e-01
4.6401144093e-01
4.4441155339e-01
4.2444643558e-01
4.0442074161e-01
3.8441501368e-01
3.6451219672e-01
3.4513421432e-01
3.2601598163e-01
3.0723450852e-01
2.8886323554e-01
2.7074167424e-01
2.5317601372e-01
2.3622309538e-01
2.1993120118e-01
2.0280044435e-01
1.8655779314e-01
1.7122870101e-01
1.5682561459e-01
1.4252097536e-01
1.2925139650e-01
1.1699228190e-01
1.0570938219e-01
9.5233556319e-02
8.5666802992e-02
7.6955963131e-02
6.9045602887e-02
6.0441612165e-02
5.2833365468e-02
4.6124301302e-02
4.0222499854e-02
3.3703710984e-02
2.8203543170e-02
2.3574435386e-02
1.9686522256e-02
1.6046738582e-02
1.3069261129e-02
1.0637150873e-02
8.6528471808e-03
6.8536489329e-03
5.4262390410e-03
4.2946042477e-03
3.3979442100e-03
2.5279530785e-03
1.8803571054e-03
1.3984043893e-03
1.0397642942e-03
6.8661172969e-04
4.5360831344e-04
2.9978550851e-04
1.9822335325e-04
1.0768772896e-04
5.9794812806e-05
3.5279076952e-05
2.4517402670e-05
2.3062176500e-05
2.8040312553e-05
4.0830601657e-05
6.5070022687e-05
9.3655516218e-05
1.3597426075e-04
1.9825749616e-04
2.8971750764e-04
3.9012430718e-04
5.2542359228e-04
7.0772927797e-04
9.5338080760e-04
1.2188841955e-03
1.5581721870e-03
1.9917090146e-03
2.5455991651e-03
3.1524869250e-03
3.9033421882e-03
4.8320212911e-03
5.9801654211e-03
7.5549457307e-03
9.5395220658e-03
1.2037941424e-02
1.5178999275e-02
1.7859646377e-02
2.1001586190e-02
2.4679604847e-02
2.8978807620e-02
3.2858013581e-02
3.7232299003e-02
4.2157923901e-02
4.7695544681e-02
5.3110064770e-02
5.9091933065e-02
6.5689199813e-02
7.2951242901e-02
8.1147986317e-02
9.0151673557e-02
1.0001477194e-01
1.1078685403e-01
1.2169324951e-01
1.3346138627e-01
1.4611646445e-01
1.5967585951e-01
1.7311931858e-01
1.8735199812e-01
2.0236323298e-01
2.1813285354e-01
2.3377589306e-01
2.5004105647e-01
2.6688621983e-01
2.8426171002e-01
3.0379817740e-01
3.2381851869e-01
3.4423380701e-01
3.6495023347e-01
3.8428344016e-01
4.0371425912e-01
4.2316663471e-01
4.4256660963e-01
4.6710236849e-01
4.9130189361e-01
5.1504215177e-01
5.3821489669e-01
5.6117499323e-01
5.8336679826e-01
6.0472562202e-01
6.2520247799e-01
6.4531585697e-01
6.6443603136e-01
6.8255268835e-01
6.9966659622e-01
7.1643055981e-01
7.3213906373e-01
7.4681962121e-01
7.6050538937e-01
7.7486173393e-01
7.8804730392e-01
8.0012388682e-01
8.1115465120e-01
8.2434818581e-01
8.3594110240e-01
8.4607423264e-01
8.5488020992e-01
8.6468684397e-01
8.7264595311e-01
8.7897985371e-01
8.8387804088e-01
8.8742672758e-01
8.8987492929e-01
8.9131467777e-01
8.9181268024e-01
8.9123630888e-01
8.8941543134e-01
8.8633225264e-01
8.8192322516e-01
8.7769138232e-01
8.7259310017e-01
8.6655017295e-01
8.5946913515e-01
8.5307862293e-01
8.4591418494e-01
8.3790983096e-01
8.2899406714e-01
8.2060440430e-01
8.1144456460e-01
8.0146242468e-01
7.9060453901e-01
7.7999244634e-01
7.6858099691e-01
7.5633139595e-01
7.4320662073e-01
7.2896341736e-01
7.1375255930e-01
6.9754799586e-01
6.8033093816e-01
6.6397219754e-01
6.4678668378e-01
6.2878341272e-01
6.0998119427e-01
5.9124352088e-01
5.7183641505e-01
5.5180794789e-01
5.3121807034e-01
5.1323027631e-01
4.9493734788e-01
4.7639813149e-01
4.5767765006e-01
4.3492736401e-01
4.1215030983e-01
3.8948846963e-01
3.6708872364e-01
3.4878090915e-01
3.3084089257e-01
3.1335007885e-01
2.9638578189e-01
2.7975049640e-01
2.6380266954e-01
2.4860303383e-01
2.3420385046e-01
2.1669758147e-01
2.0070029761e-01
1.8626288921e-01
1.7341554036e-01
1.6381996883e-01
1.5536623289e-01
1.4804957826e-01
1.4186196709e-01
1.3658684177e-01
1.3252486540e-01
1.2966568574e-01
1.2800117444e-01
1.2752125113e-01
1.2809234992e-01
1.2971605597e-01
1.3239670497e-01
1.3656564829e-01
1.4202859003e-01
1.4879815893e-01
1.5688647536e-01
1.6545508051e-01
1.7514094027e-01
1.8594284552e-01
1.9785287353e-01
2.0957996147e-01
2.2218358384e-01
2.3563742472e-01
2.4990727924e-01
2.6503787261e-01
2.8089918907e-01
2.9743145008e-01
3.1456732820e-01
3.3253946973e-01
3.5097560249e-01
3.6978763835e-01
3.8888477041e-01
4.0779907192e-01
4.2681307745e-01
4.4584297369e-01
4.6480834271e-01
4.8602685946e-01
5.0696625579e-01
5.2753603837e-01
5.4765642804e-01
5.7626167503e-01
6.0357637073e-01
6.2947464652e-01
6.5387489236e-01
6.7213156809e-01
6.8941237471e-01
7.0572177457e-01
7.2107335912e-01
7.3665716641e-01
7.5117497249e-01
7.6466723514e-01
7.7717869910e-01
7.9090222166e-01
8.0337840312e-01
8.1469128526e-01
8.2492362351e-01
8.3749940869e-01
8.4834411904e-01
8.5764156515e-01
8.6555563997e-01
8.7285799694e-01
8.7880960312e-01
8.8354112661e-01
8.8715241082e-01
8.8953449174e-01
8.9106934433e-01
8.9176784711e-01
8.9162010430e-01
8.9060997169e-01
8.8868931477e-01
8.8578558729e-01
8.8180369043e-01
8.7765789755e-01
8.7263261859e-01
8.6663893274e-01
8.5957622123e-01
8.5315971488e-01
8.4594365194e-01
8.3786285839e-01
8.2884807251e-01
8.2018135661e-01
8.1070122045e-01
8.0035635207e-01
7.8909474814e-01
7.7799437796e-01
7.6605141556e-01
7.5322855422e-01
7.3949067654e-01
7.2439564622e-01
7.0827170031e-01
6.9109517775e-01
6.7285035223e-01
6.5578115441e-01
6.3787114917e-01
6.1913221420e-01
5.9958578352e-01
5.8015417504e-01
5.6005051913e-01
5.3932357786e-01
5.1803318011e-01
4.9951671524e-01
4.8069371141e-01
4.6162035905e-01
4.4235824414e-01
4.2029936124e-01
3.9818676327e-01
3.7612981503e-01
3.5424079241e-01
3.3556103561e-01
3.1716227199e-01
2.9911341822e-01
2.8147962814e-01
2.6246412878e-01
2.4410799699e-01
2.2647447106e-01
2.0961544762e-01
1.9261779747e-01
1.7657010137e-01
1.6149075525e-01
1.4738450050e-01
1.3419927758e-01
1.2196751370e-01
1.1066153307e-01
1.0024631852e-01
9.0162266673e-02
8.0974641938e-02
7.2627560760e-02
6.5063594931e-02
5.6203861492e-02
4.8472314947e-02
4.1746046623e-02
3.5909841710e-02
2.8253790729e-02
2.2184571059e-02
1.7391070374e-02
1.3615861934e-02
1.0999420749e-02
8.8804672194e-03
7.1662136646e-03
5.7805133983e-03
4.4757248673e-03
3.4643587809e-03
2.6808121433e-03
2.0739762062e-03
1.4811352216e-03
1.0577163392e-03
7.5527647464e-04
5.3922650070e-04
3.3323036149e-04
2.0631917993e-04
1.2812551217e-04
8.0111900683e-05
5.1126354570e-05
3.4282768745e-05
2.5539377557e-05
2.2827704243e-05
