2.5270138704e-01
2.5287574545e-01
2.5339906121e-01
2.5427205647e-01
2.5549593603e-01
2.5630115998e-01
2.5720899565e-01
2.5821980651e-01
2.5933399725e-01
2.6010133313e-01
2.6091129902e-01
2.6176402768e-01
2.6265965887e-01
2.6332710834e-01
2.6401666629e-01
2.6472839062e-01
2.6546234106e-01
2.6603503402e-01
2.6662062758e-01
2.6721915013e-01
2.6783063070e-01
2.6832395701e-01
2.6882543905e-01
2.6933509208e-01
2.6985293158e-01
2.7029021537e-01
2.7073319104e-01
2.7118186792e-01
2.7163625544e-01
2.7203527891e-01
2.7243861792e-01
2.7284627884e-01
2.7325826806e-01
2.7364494335e-01
2.7403536592e-01
2.7442954096e-01
2.7482747365e-01
2.7521039017e-01
2.7559673172e-01
2.7598650255e-01
2.7637970669e-01
2.7673925983e-01
2.7710164213e-01
2.7746685573e-01
2.7783490218e-01
2.7809649270e-01
2.7835949615e-01
2.7862391224e-01
2.7888974030e-01
2.7912914043e-01
2.7936967224e-01
2.7961133413e-01
2.7985412398e-01
2.8009819626e-01
2.8034339186e-01
2.8058970652e-01
2.8083713506e-01
2.8108488987e-01
2.8133373781e-01
2.8158366991e-01
2.8183467554e-01
2.8206185843e-01
2.8228989300e-01
2.8251876712e-01
2.8274846697e-01
2.8296165837e-01
2.8317552910e-01
2.8339006381e-01
2.8360524554e-01
2.8383694263e-01
2.8406933854e-01
2.8430240557e-01
2.8453611360e-01
2.8476571248e-01
2.8499586259e-01
2.8522652870e-01
2.8545767344e-01
2.8568546214e-01
2.8591363622e-01
2.8614215443e-01
2.8637097392e-01
2.8664293211e-01
2.8691517574e-01
2.8718762608e-01
2.8746020268e-01
2.8774763413e-01
2.8803501806e-01
2.8832225712e-01
2.8860925396e-01
2.8891843552e-01
2.8922710249e-01
2.8953513682e-01
2.8984242306e-01
2.9014623631e-01
2.9044909757e-01
2.9075090445e-01
2.9105155861e-01
2.9137546547e-01
2.9169779909e-01
2.9201845215e-01
2.9233732354e-01
2.9269987595e-01
2.9305983952e-01
2.9341709252e-01
2.9377152336e-01
2.9423122800e-01
2.9468571550e-01
2.9513480794e-01
2.9557835185e-01
2.9607816766e-01
2.9657040861e-01
2.9705494491e-01
2.9753167572e-01
2.9803453406e-01
2.9852825344e-01
2.9901279721e-01
2.9948815209e-01
2.9996345630e-01
3.0042923836e-01
3.0088554074e-01
3.0133241989e-01
3.0181021873e-01
3.0227694220e-01
3.0273270482e-01
3.0317763080e-01
3.0366967819e-01
3.0414813767e-01
3.0461321967e-01
3.0506514040e-01
3.0557986997e-01
3.0607707780e-01
3.0655712773e-01
3.0702038359e-01
3.0756695585e-01
3.0808940001e-01
3.0858836944e-01
3.0906450485e-01
3.0965374122e-01
3.1020635784e-01
3.1072366472e-01
3.1120691993e-01
3.1185531144e-01
3.1243689174e-01
3.1295496329e-01
3.1341256338e-01
3.1386480819e-01
3.1424543291e-01
3.1455763061e-01
3.1480409350e-01
3.1496487319e-01
3.1507990948e-01
3.1514997432e-01
3.1517554222e-01
3.1515707228e-01
3.1509477305e-01
3.1498822806e-01
3.1483673098e-01
3.1464981803e-01
3.1442016738e-01
3.1414646022e-01
3.1382715712e-01
3.1350226551e-01
3.1313827393e-01
3.1273366308e-01
3.1228678568e-01
3.1191712017e-01
3.1152109807e-01
3.1109784794e-01
3.1064645805e-01
3.1025550017e-01
3.0984452385e-01
3.0941297164e-01
3.0896026976e-01
3.0856123353e-01
3.0814634440e-01
3.0771523275e-01
3.0726752278e-01
3.0686617220e-01
3.0645184211e-01
3.0602428070e-01
3.0558323526e-01
3.0518107295e-01
3.0476795625e-01
3.0434371182e-01
3.0390816880e-01
3.0350289770e-01
3.0308805749e-01
3.0266353073e-01
3.0222920529e-01
3.0180612672e-01
3.0137397028e-01
3.0093265932e-01
3.0048212664e-01
2.9995746018e-01
2.9942068621e-01
2.9887176926e-01
2.9831070528e-01
2.9788569760e-01
2.9745402080e-01
2.9701571849e-01
2.9657085087e-01
2.9617162195e-01
2.9576737727e-01
2.9535819845e-01
2.9494418205e-01
2.9460822572e-01
2.9426928743e-01
2.9392744127e-01
2.9358276937e-01
2.9327238465e-01
2.9295988530e-01
2.9264534769e-01
2.9232885415e-01
2.9203276717e-01
2.9173514003e-01
2.9143605331e-01
2.9113559218e-01
2.9083638283e-01
2.9053600223e-01
2.9023454649e-01
2.8993211574e-01
2.8963669292e-01
2.8934054279e-01
2.8904376728e-01
2.8874647074e-01
2.8848518936e-01
2.8822366130e-01
2.8796195995e-01
2.8770015893e-01
2.8746209214e-01
2.8722405883e-01
2.8698611353e-01
2.8674831001e-01
2.8650992409e-01
2.8627178627e-01
2.8603394730e-01
2.8579645633e-01
2.8551535281e-01
2.8523488042e-01
2.8495511016e-01
2.8467610850e-01
2.8445014722e-01
2.8422476427e-01
2.8399998821e-01
2.8377584543e-01
2.8352955133e-01
2.8328408573e-01
2.8303947534e-01
2.8279574409e-01
2.8254508750e-01
2.8229541102e-01
2.8204673273e-01
2.8179906833e-01
2.8154286754e-01
2.8128778856e-01
2.8103384239e-01
2.8078103827e-01
2.8052850352e-01
2.8027713302e-01
2.8002693203e-01
2.7977790480e-01
2.7948683691e-01
2.7919739805e-01
2.7890959133e-01
2.7862341894e-01
2.7823571932e-01
2.7785106468e-01
2.7746945527e-01
2.7709089019e-01
2.7662091055e-01
2.7615570150e-01
2.7569525723e-01
2.7523957130e-01
2.7481044969e-01
2.7438562263e-01
2.7396508387e-01
2.7354882709e-01
2.7306511205e-01
2.7258729170e-01
2.7211535586e-01
2.7164929442e-01
2.7106099620e-01
2.7048229516e-01
2.6991317084e-01
2.6935360311e-01
2.6856318729e-01
2.6779255928e-01
2.6704166231e-01
2.6631044105e-01
2.6506635721e-01
2.6388324814e-01
2.6276084168e-01
2.6169887964e-01
2.5946336982e-01
2.5755013783e-01
2.5595680714e-01
2.5468139861e-01
2.5332969640e-01
2.5273334989e-01
2.5289058049e-01
2.5380185734e-01
2.5450743937e-01
2.5538766353e-01
2.5644313386e-01
2.5767457462e-01
2.5848603552e-01
2.5935953676e-01
2.6029528800e-01
2.6129351384e-01
2.6200861474e-01
2.6275283364e-01
2.6352625324e-01
2.6432895951e-01
2.6494053948e-01
2.6556817383e-01
2.6621190062e-01
2.6687175884e-01
2.6739796057e-01
2.6793403107e-01
2.6847999014e-01
2.6903585791e-01
2.6949619970e-01
2.6996314705e-01
2.7043671140e-01
2.7091690434e-01
2.7133140683e-01
2.7175074016e-01
2.7217491178e-01
2.7260392921e-01
2.7299543939e-01
2.7339091142e-01
2.7379035096e-01
2.7419376366e-01
2.7458207943e-01
2.7497401666e-01
2.7536958017e-01
2.7576877466e-01
2.7610922876e-01
2.7645228592e-01
2.7679794856e-01
2.7714621884e-01
2.7743785790e-01
2.7773130275e-01
2.7802655389e-01
2.7832361147e-01
2.7857380691e-01
2.7882526888e-01
2.7907799652e-01
2.7933198854e-01
2.7957130520e-01
2.7981173008e-01
2.8005326067e-01
2.8029589377e-01
2.8055207264e-01
2.8080945922e-01
2.8106804655e-01
2.8132782622e-01
2.8156548767e-01
2.8180412099e-01
2.8204371562e-01
2.8228425927e-01
2.8251704334e-01
2.8275068182e-01
2.8298515829e-01
2.8322045420e-01
2.8343975030e-01
2.8365971719e-01
2.8388033458e-01
2.8410158022e-01
2.8437617624e-01
2.8465164688e-01
2.8492793732e-01
2.8520498800e-01
2.8542919109e-01
2.8565381218e-01
2.8587881362e-01
2.8610415609e-01
2.8635122886e-01
2.8659860577e-01
2.8684622940e-01
2.8709404079e-01
2.8737246622e-01
2.8765096561e-01
2.8792945110e-01
2.8820783421e-01
2.8856466515e-01
2.8892099544e-01
2.8927664116e-01
2.8963142199e-01
2.8993341543e-01
2.9023454477e-01
2.9053470747e-01
2.9083380466e-01
2.9115892324e-01
2.9148254180e-01
2.9180454866e-01
2.9212483832e-01
2.9248085290e-01
2.9283446661e-01
2.9318555958e-01
2.9353402140e-01
2.9396680154e-01
2.9439511263e-01
2.9481879599e-01
2.9523771255e-01
2.9572361336e-01
2.9620260358e-01
2.9667454696e-01
2.9713933418e-01
2.9767014060e-01
2.9819108046e-01
2.9870209137e-01
2.9920314117e-01
2.9968052000e-01
3.0014850088e-01
3.0060711606e-01
3.0105641272e-01
3.0153372924e-01
3.0200022372e-01
3.0245599949e-01
3.0290117019e-01
3.0339173284e-01
3.0386908962e-01
3.0433343557e-01
3.0478497222e-01
3.0529752682e-01
3.0579314876e-01
3.0627217706e-01
3.0673495177e-01
3.0727841160e-01
3.0779876244e-01
3.0829660904e-01
3.0877254594e-01
3.0935782202e-01
3.0990849708e-01
3.1042576497e-01
3.1091077591e-01
3.1151573230e-01
3.1206659906e-01
3.1256579208e-01
3.1301556519e-01
3.1346313331e-01
3.1385402912e-01
3.1419066283e-01
3.1447516652e-01
3.1469190022e-01
3.1486752989e-01
3.1500305220e-01
3.1509924727e-01
3.1515701404e-01
3.1517566363e-01
3.1515530769e-01
3.1509582437e-01
3.1498579289e-01
3.1482792824e-01
3.1462113108e-01
3.1436398492e-01
3.1408623674e-01
3.1376428875e-01
3.1339644621e-01
3.1298082067e-01
3.1262803775e-01
3.1224485925e-01
3.1183020735e-01
3.1138294176e-01
3.1099890917e-01
3.1059236962e-01
3.1016264545e-01
3.0970903468e-01
3.0931260566e-01
3.0889868378e-01
3.0846682773e-01
3.0801658646e-01
3.0761607753e-01
3.0720145627e-01
3.0677242541e-01
3.0632868481e-01
3.0592715327e-01
3.0551386967e-01
3.0508862979e-01
3.0465123053e-01
3.0424827066e-01
3.0383521747e-01
3.0341193110e-01
3.0297827574e-01
3.0256855565e-01
3.0214978647e-01
3.0172187615e-01
3.0128473973e-01
3.0084558966e-01
3.0039737158e-01
2.9994003319e-01
2.9947353525e-01
2.9902168385e-01
2.9856153161e-01
2.9809308907e-01
2.9761638569e-01
2.9718352147e-01
2.9674415547e-01
2.9629835761e-01
2.9584621697e-01
2.9548417871e-01
2.9511830561e-01
2.9474867225e-01
2.9437536362e-01
2.9405214867e-01
2.9372636536e-01
2.9339808803e-01
2.9306739803e-01
2.9276162225e-01
2.9245396001e-01
2.9214449090e-01
2.9183330006e-01
2.9153825109e-01
2.9124183139e-01
2.9094412604e-01
2.9064522444e-01
2.9030694166e-01
2.8996739790e-01
2.8962673950e-01
2.8928511831e-01
2.8901398689e-01
2.8874242965e-01
2.8847052766e-01
2.8819836297e-01
2.8793697466e-01
2.8767549397e-01
2.8741399417e-01
2.8715254809e-01
2.8692442756e-01
2.8669645010e-01
2.8646866206e-01
2.8624110876e-01
2.8600453831e-01
2.8576831818e-01
2.8553249476e-01
2.8529711246e-01
2.8506644319e-01
2.8483627806e-01
2.8460665289e-01
2.8437760128e-01
2.8415808704e-01
2.8393915708e-01
2.8372083530e-01
2.8350314371e-01
2.8326517963e-01
2.8302802164e-01
2.8279169140e-01
2.8255620823e-01
2.8226459237e-01
2.8197434134e-01
2.8168547944e-01
2.8139802711e-01
2.8115210976e-01
2.8090725526e-01
2.8066347121e-01
2.8042076396e-01
2.8016148844e-01
2.7990346452e-01
2.7964669642e-01
2.7939118747e-01
2.7908131670e-01
2.7877332547e-01
2.7846721607e-01
2.7816298983e-01
2.7778236884e-01
2.7740473816e-01
2.7703009675e-01
2.7665844276e-01
2.7624232515e-01
2.7583001026e-01
2.7542149360e-01
2.7501677034e-01
2.7458678504e-01
2.7416115366e-01
2.7373986976e-01
2.7332292690e-01
2.7283450954e-01
2.7235216694e-01
2.7187588846e-01
2.7140566355e-01
2.7081192483e-01
2.7022808803e-01
2.6965413184e-01
2.6909003530e-01
2.6829849689e-01
2.6752712073e-01
2.6677584883e-01
2.6604462474e-01
2.6483553920e-01
2.6368514499e-01
2.6259318716e-01
2.6155942372e-01
2.5948366828e-01
2.5768776266e-01
2.5616976992e-01
2.5492805287e-01
2.5395308343e-01
2.5325744170e-01
2.5284036248e-01
2.5270138702e-01
