0.0000000000e+00
4.0377342209e-03
8.0754684418e-03
1.2113202663e-02
1.6150936884e-02
1.9300411389e-02
2.2449885895e-02
2.5599360401e-02
2.8748834906e-02
3.1331957262e-02
3.3915079618e-02
3.6498201974e-02
3.9081324330e-02
4.1308010965e-02
4.3534697600e-02
4.5761384236e-02
4.7988070871e-02
5.0134977093e-02
5.2281883314e-02
5.4428789535e-02
5.6575695757e-02
5.8383139375e-02
6.0190582992e-02
6.1998026610e-02
6.3805470227e-02
6.5269400484e-02
6.6733330741e-02
6.8197260998e-02
6.9661191255e-02
7.0880400499e-02
7.2099609743e-02
7.3318818987e-02
7.4538028231e-02
7.5678221462e-02
7.6818414693e-02
7.7958607924e-02
7.9098801155e-02
8.0349205176e-02
8.1599609197e-02
8.2850013218e-02
8.4100417239e-02
8.5155209133e-02
8.6210001028e-02
8.7264792923e-02
8.8319584817e-02
8.9286183803e-02
9.0252782790e-02
9.1219381776e-02
9.2185980762e-02
9.3254588555e-02
9.4323196348e-02
9.5391804140e-02
9.6460411933e-02
9.7458081434e-02
9.8455750935e-02
9.9453420437e-02
1.0045108994e-01
1.0148128633e-01
1.0251148271e-01
1.0354167910e-01
1.0457187549e-01
1.0573206926e-01
1.0689226304e-01
1.0805245681e-01
1.0921265058e-01
1.1077861011e-01
1.1234456964e-01
1.1391052917e-01
1.1547648870e-01
1.1680643699e-01
1.1813638528e-01
1.1946633357e-01
1.2079628187e-01
1.2225580548e-01
1.2371532910e-01
1.2517485272e-01
1.2663437634e-01
1.2833556792e-01
1.3003675950e-01
1.3173795107e-01
1.3343914265e-01
1.3570214252e-01
1.3796514240e-01
1.4022814227e-01
1.4249114214e-01
1.4534767760e-01
1.4820421306e-01
1.5106074852e-01
1.5391728398e-01
1.5715477960e-01
1.6039227522e-01
1.6362977084e-01
1.6686726647e-01
1.6920556418e-01
1.7154386189e-01
1.7388215961e-01
1.7622045732e-01
1.7810285399e-01
1.7998525066e-01
1.8186764733e-01
1.8375004400e-01
1.8534370785e-01
1.8693737171e-01
1.8853103556e-01
1.9012469942e-01
1.9156654177e-01
1.9300838412e-01
1.9445022647e-01
1.9589206882e-01
1.9730079430e-01
1.9870951977e-01
2.0011824524e-01
2.0152697071e-01
2.0289416436e-01
2.0426135800e-01
2.0562855164e-01
2.0699574528e-01
2.0823731435e-01
2.0947888341e-01
2.1072045248e-01
2.1196202154e-01
2.1303176349e-01
2.1410150544e-01
2.1517124739e-01
2.1624098934e-01
2.1733465910e-01
2.1842832886e-01
2.1952199862e-01
2.2061566838e-01
2.2170142462e-01
2.2278718086e-01
2.2387293711e-01
2.2495869335e-01
2.2600982980e-01
2.2706096625e-01
2.2811210270e-01
2.2916323915e-01
2.3032021581e-01
2.3147719246e-01
2.3263416911e-01
2.3379114576e-01
2.3511516367e-01
2.3643918158e-01
2.3776319950e-01
2.3908721741e-01
2.4027775681e-01
2.4146829622e-01
2.4265883562e-01
2.4384937503e-01
2.4513198723e-01
2.4641459944e-01
2.4769721165e-01
2.4897982386e-01
2.5019561605e-01
2.5141140823e-01
2.5262720042e-01
2.5384299261e-01
2.5503590994e-01
2.5622882728e-01
2.5742174461e-01
2.5861466194e-01
2.5989430760e-01
2.6117395326e-01
2.6245359892e-01
2.6373324458e-01
2.6482513918e-01
2.6591703378e-01
2.6700892838e-01
2.6810082299e-01
2.6913732022e-01
2.7017381745e-01
2.7121031468e-01
2.7224681191e-01
2.7350685186e-01
2.7476689181e-01
2.7602693176e-01
2.7728697172e-01
2.7833586695e-01
2.7938476219e-01
2.8043365743e-01
2.8148255267e-01
2.8268175583e-01
2.8388095899e-01
2.8508016215e-01
2.8627936531e-01
2.8755877550e-01
2.8883818568e-01
2.9011759586e-01
2.9139700605e-01
2.9285140268e-01
2.9430579932e-01
2.9576019595e-01
2.9721459259e-01
2.9863703964e-01
3.0005948670e-01
3.0148193375e-01
3.0290438081e-01
3.0448893903e-01
3.0607349725e-01
3.0765805548e-01
3.0924261370e-01
3.1126044483e-01
3.1327827597e-01
3.1529610710e-01
3.1731393823e-01
3.2025126797e-01
3.2318859771e-01
3.2612592745e-01
3.2906325720e-01
3.3184652727e-01
3.3462979735e-01
3.3741306742e-01
3.4019633750e-01
3.4289472689e-01
3.4559311629e-01
3.4829150569e-01
3.5098989508e-01
3.5311536423e-01
3.5524083338e-01
3.5736630254e-01
3.5949177169e-01
3.6119657744e-01
3.6290138319e-01
3.6460618894e-01
3.6631099469e-01
3.6779379269e-01
3.6927659069e-01
3.7075938868e-01
3.7224218668e-01
3.7358671000e-01
3.7493123333e-01
3.7627575666e-01
3.7762027998e-01
3.7898822750e-01
3.8035617503e-01
3.8172412255e-01
3.8309207007e-01
3.8432961409e-01
3.8556715811e-01
3.8680470213e-01
3.8804224614e-01
3.8924693977e-01
3.9045163340e-01
3.9165632703e-01
3.9286102066e-01
3.9385047633e-01
3.9483993200e-01
3.9582938768e-01
3.9681884335e-01
3.9788163130e-01
3.9894441925e-01
4.0000720721e-01
4.0106999516e-01
4.0205827783e-01
4.0304656051e-01
4.0403484318e-01
4.0502312585e-01
4.0603147346e-01
4.0703982107e-01
4.0804816868e-01
4.0905651628e-01
4.1015943442e-01
4.1126235256e-01
4.1236527070e-01
4.1346818884e-01
4.1466605928e-01
4.1586392971e-01
4.1706180015e-01
4.1825967058e-01
4.1941801554e-01
4.2057636050e-01
4.2173470547e-01
4.2289305043e-01
4.2424045642e-01
4.2558786242e-01
4.2693526842e-01
4.2828267442e-01
4.3004014933e-01
4.3179762424e-01
4.3355509916e-01
4.3531257407e-01
4.3744478595e-01
4.3957699783e-01
4.4170920971e-01
4.4384142160e-01
4.4611173018e-01
4.4838203876e-01
4.5065234735e-01
4.5292265593e-01
4.5568116556e-01
4.5843967519e-01
4.6119818482e-01
4.6395669445e-01
4.6763790303e-01
4.7131911161e-01
4.7500032019e-01
4.7868152877e-01
4.8407809648e-01
4.8947466420e-01
4.9487123192e-01
5.0026779963e-01
5.0429450815e-01
5.0832121667e-01
5.1234792518e-01
5.1637463370e-01
5.1951610178e-01
5.2265756986e-01
5.2579903794e-01
5.2894050602e-01
5.3151893219e-01
5.3409735837e-01
5.3667578455e-01
5.3925421072e-01
5.4147919416e-01
5.4370417760e-01
5.4592916104e-01
5.4815414448e-01
5.5032319555e-01
5.5249224661e-01
5.5466129768e-01
5.5683034874e-01
5.5862532677e-01
5.6042030480e-01
5.6221528283e-01
5.6401026086e-01
5.6546242976e-01
5.6691459867e-01
5.6836676758e-01
5.6981893649e-01
5.7103451279e-01
5.7225008909e-01
5.7346566540e-01
5.7468124170e-01
5.7582252826e-01
5.7696381483e-01
5.7810510139e-01
5.7924638796e-01
5.8048731104e-01
5.8172823413e-01
5.8296915722e-01
5.8421008031e-01
5.8525822272e-01
5.8630636514e-01
5.8735450756e-01
5.8840264998e-01
5.8936768301e-01
5.9033271604e-01
5.9129774907e-01
5.9226278210e-01
5.9334022309e-01
5.9441766407e-01
5.9549510506e-01
5.9657254605e-01
5.9756853551e-01
5.9856452496e-01
5.9956051442e-01
6.0055650388e-01
6.0159168679e-01
6.0262686970e-01
6.0366205260e-01
6.0469723551e-01
6.0585791531e-01
6.0701859510e-01
6.0817927489e-01
6.0933995468e-01
6.1089334708e-01
6.1244673948e-01
6.1400013188e-01
6.1555352429e-01
6.1688039844e-01
6.1820727260e-01
6.1953414675e-01
6.2086102091e-01
6.2232565230e-01
6.2379028369e-01
6.2525491508e-01
6.2671954647e-01
6.2842843061e-01
6.3013731476e-01
6.3184619890e-01
6.3355508305e-01
6.3582599206e-01
6.3809690108e-01
6.4036781010e-01
6.4263871911e-01
6.4550918042e-01
6.4837964174e-01
6.5125010305e-01
6.5412056436e-01
6.5736320182e-01
6.6060583928e-01
6.6384847674e-01
6.6709111421e-01
6.6941374235e-01
6.7173637049e-01
6.7405899864e-01
6.7638162678e-01
6.7825409481e-01
6.8012656284e-01
6.8199903087e-01
6.8387149890e-01
6.8546155477e-01
6.8705161065e-01
6.8864166652e-01
6.9023172240e-01
6.9166999011e-01
6.9310825783e-01
6.9454652554e-01
6.9598479325e-01
6.9739708308e-01
6.9880937291e-01
7.0022166274e-01
7.0163395257e-01
7.0299115913e-01
7.0434836570e-01
7.0570557226e-01
7.0706277883e-01
7.0831756123e-01
7.0957234364e-01
7.1082712604e-01
7.1208190844e-01
7.1314575715e-01
7.1420960585e-01
7.1527345455e-01
7.1633730326e-01
7.1744978280e-01
7.1856226234e-01
7.1967474188e-01
7.2078722142e-01
7.2185660412e-01
7.2292598682e-01
7.2399536952e-01
7.2506475222e-01
7.2613725227e-01
7.2720975233e-01
7.2828225239e-01
7.2935475244e-01
7.3051271556e-01
7.3167067868e-01
7.3282864180e-01
7.3398660492e-01
7.3525636449e-01
7.3652612406e-01
7.3779588363e-01
7.3906564320e-01
7.4025656513e-01
7.4144748706e-01
7.4263840899e-01
7.4382933092e-01
7.4514022655e-01
7.4645112218e-01
7.4776201780e-01
7.4907291343e-01
7.5028626533e-01
7.5149961723e-01
7.5271296913e-01
7.5392632103e-01
7.5512733897e-01
7.5632835691e-01
7.5752937485e-01
7.5873039279e-01
7.5996871610e-01
7.6120703941e-01
7.6244536271e-01
7.6368368602e-01
7.6478395369e-01
7.6588422135e-01
7.6698448901e-01
7.6808475668e-01
7.6911377259e-01
7.7014278849e-01
7.7117180440e-01
7.7220082031e-01
7.7356714646e-01
7.7493347261e-01
7.7629979876e-01
7.7766612491e-01
7.7872119039e-01
7.7977625588e-01
7.8083132136e-01
7.8188638685e-01
7.8313199620e-01
7.8437760555e-01
7.8562321490e-01
7.8686882426e-01
7.8816773308e-01
7.8946664190e-01
7.9076555072e-01
7.9206445955e-01
7.9350818292e-01
7.9495190630e-01
7.9639562968e-01
7.9783935306e-01
7.9927341180e-01
8.0070747054e-01
8.0214152928e-01
8.0357558802e-01
8.0518751080e-01
8.0679943359e-01
8.0841135637e-01
8.1002327915e-01
8.1220379355e-01
8.1438430794e-01
8.1656482234e-01
8.1874533673e-01
8.2192009986e-01
8.2509486300e-01
8.2826962613e-01
8.3144438926e-01
8.3417964438e-01
8.3691489949e-01
8.3965015460e-01
8.4238540972e-01
8.4496297113e-01
8.4754053254e-01
8.5011809396e-01
8.5269565537e-01
8.5473740210e-01
8.5677914883e-01
8.5882089557e-01
8.6086264230e-01
8.6251341706e-01
8.6416419183e-01
8.6581496660e-01
8.6746574136e-01
8.6892173805e-01
8.7037773475e-01
8.7183373144e-01
8.7328972814e-01
8.7463002630e-01
8.7597032446e-01
8.7731062262e-01
8.7865092078e-01
8.8002645597e-01
8.8140199117e-01
8.8277752636e-01
8.8415306156e-01
8.8536386693e-01
8.8657467230e-01
8.8778547767e-01
8.8899628304e-01
8.9015554240e-01
8.9131480176e-01
8.9247406111e-01
8.9363332047e-01
8.9463750867e-01
8.9564169687e-01
8.9664588507e-01
8.9765007327e-01
8.9882277991e-01
8.9999548655e-01
9.0116819318e-01
9.0234089982e-01
9.0331190887e-01
9.0428291792e-01
9.0525392697e-01
9.0622493602e-01
9.0729597978e-01
9.0836702354e-01
9.0943806730e-01
9.1050911106e-01
9.1165941918e-01
9.1280972730e-01
9.1396003542e-01
9.1511034354e-01
9.1626227222e-01
9.1741420089e-01
9.1856612957e-01
9.1971805824e-01
9.2092226685e-01
9.2212647545e-01
9.2333068405e-01
9.2453489265e-01
9.2602243082e-01
9.2750996899e-01
9.2899750716e-01
9.3048504533e-01
9.3243355778e-01
9.3438207023e-01
9.3633058267e-01
9.3827909512e-01
9.4040735050e-01
9.4253560587e-01
9.4466386125e-01
9.4679211662e-01
9.4918976133e-01
9.5158740603e-01
9.5398505073e-01
9.5638269544e-01
9.5937022556e-01
9.6235775568e-01
9.6534528580e-01
9.6833281592e-01
9.7229121393e-01
9.7624961194e-01
9.8020800995e-01
9.8416640796e-01
9.8812480597e-01
9.9208320398e-01
9.9604160199e-01
1.0000000000e+00
