0.0000000000e+00
9.5003272687e-03
1.9000654537e-02
2.8500981806e-02
3.8001309075e-02
4.3195007721e-02
4.8388706367e-02
5.3582405014e-02
5.8776103660e-02
6.2130426585e-02
6.5484749510e-02
6.8839072435e-02
7.2193395360e-02
7.4607333782e-02
7.7021272205e-02
7.9435210627e-02
8.1849149049e-02
8.3687289245e-02
8.5525429441e-02
8.7363569637e-02
8.9201709833e-02
9.0661892484e-02
9.2122075135e-02
9.3582257785e-02
9.5042440436e-02
9.6259236680e-02
9.7476032925e-02
9.8692829170e-02
9.9909625414e-02
1.0096508057e-01
1.0202053572e-01
1.0307599087e-01
1.0413144602e-01
1.0510199883e-01
1.0607255163e-01
1.0704310444e-01
1.0801365725e-01
1.0899963012e-01
1.0998560300e-01
1.1097157588e-01
1.1195754875e-01
1.1273301340e-01
1.1350847804e-01
1.1428394269e-01
1.1505940733e-01
1.1567734715e-01
1.1629528697e-01
1.1691322678e-01
1.1753116660e-01
1.1807385212e-01
1.1861653763e-01
1.1915922315e-01
1.1970190866e-01
1.2022511818e-01
1.2074832770e-01
1.2127153722e-01
1.2179474674e-01
1.2236675024e-01
1.2293875373e-01
1.2351075722e-01
1.2408276072e-01
1.2456954050e-01
1.2505632028e-01
1.2554310006e-01
1.2602987984e-01
1.2647954924e-01
1.2692921865e-01
1.2737888805e-01
1.2782855745e-01
1.2828391322e-01
1.2873926899e-01
1.2919462475e-01
1.2964998052e-01
1.3014026774e-01
1.3063055495e-01
1.3112084217e-01
1.3161112938e-01
1.3206537997e-01
1.3251963055e-01
1.3297388113e-01
1.3342813172e-01
1.3393110261e-01
1.3443407350e-01
1.3493704439e-01
1.3544001528e-01
1.3597861403e-01
1.3651721278e-01
1.3705581154e-01
1.3759441029e-01
1.3826415588e-01
1.3893390147e-01
1.3960364707e-01
1.4027339266e-01
1.4088707711e-01
1.4150076157e-01
1.4211444602e-01
1.4272813048e-01
1.4338044714e-01
1.4403276380e-01
1.4468508046e-01
1.4533739713e-01
1.4605122587e-01
1.4676505462e-01
1.4747888337e-01
1.4819271211e-01
1.4906635101e-01
1.4993998991e-01
1.5081362881e-01
1.5168726771e-01
1.5272968639e-01
1.5377210507e-01
1.5481452375e-01
1.5585694243e-01
1.5714662878e-01
1.5843631512e-01
1.5972600146e-01
1.6101568780e-01
1.6224271090e-01
1.6346973399e-01
1.6469675709e-01
1.6592378018e-01
1.6722152800e-01
1.6851927583e-01
1.6981702365e-01
1.7111477147e-01
1.7255980569e-01
1.7400483992e-01
1.7544987414e-01
1.7689490836e-01
1.7855808150e-01
1.8022125464e-01
1.8188442778e-01
1.8354760091e-01
1.8553024394e-01
1.8751288696e-01
1.8949552999e-01
1.9147817301e-01
1.9395620172e-01
1.9643423043e-01
1.9891225913e-01
2.0139028784e-01
2.0475592220e-01
2.0812155655e-01
2.1148719091e-01
2.1485282526e-01
2.2021890122e-01
2.2558497717e-01
2.3095105313e-01
2.3631712909e-01
2.4082252080e-01
2.4532791252e-01
2.4983330423e-01
2.5433869595e-01
2.5868808666e-01
2.6303747738e-01
2.6738686809e-01
2.7173625880e-01
2.7510392764e-01
2.7847159647e-01
2.8183926531e-01
2.8520693414e-01
2.8784180337e-01
2.9047667260e-01
2.9311154183e-01
2.9574641106e-01
2.9791760079e-01
3.0008879053e-01
3.0225998027e-01
3.0443117000e-01
3.0627362203e-01
3.0811607406e-01
3.0995852609e-01
3.1180097812e-01
3.1340211724e-01
3.1500325637e-01
3.1660439549e-01
3.1820553461e-01
3.1962748449e-01
3.2104943438e-01
3.2247138426e-01
3.2389333414e-01
3.2518603944e-01
3.2647874474e-01
3.2777145004e-01
3.2906415533e-01
3.3028711948e-01
3.3151008362e-01
3.3273304777e-01
3.3395601192e-01
3.3519644593e-01
3.3643687995e-01
3.3767731397e-01
3.3891774798e-01
3.3999794706e-01
3.4107814613e-01
3.4215834520e-01
3.4323854427e-01
3.4420603694e-01
3.4517352961e-01
3.4614102228e-01
3.4710851495e-01
3.4788143965e-01
3.4865436436e-01
3.4942728907e-01
3.5020021378e-01
3.5087996702e-01
3.5155972025e-01
3.5223947349e-01
3.5291922673e-01
3.5354726342e-01
3.5417530012e-01
3.5480333681e-01
3.5543137351e-01
3.5604635507e-01
3.5666133664e-01
3.5727631821e-01
3.5789129978e-01
3.5855723238e-01
3.5922316499e-01
3.5988909759e-01
3.6055503019e-01
3.6108491112e-01
3.6161479205e-01
3.6214467298e-01
3.6267455391e-01
3.6317089528e-01
3.6366723665e-01
3.6416357803e-01
3.6465991940e-01
3.6511230828e-01
3.6556469717e-01
3.6601708605e-01
3.6646947494e-01
3.6695904927e-01
3.6744862360e-01
3.6793819793e-01
3.6842777226e-01
3.6888509450e-01
3.6934241674e-01
3.6979973897e-01
3.7025706121e-01
3.7070667909e-01
3.7115629697e-01
3.7160591485e-01
3.7205553273e-01
3.7254917470e-01
3.7304281668e-01
3.7353645865e-01
3.7403010062e-01
3.7468145592e-01
3.7533281122e-01
3.7598416651e-01
3.7663552181e-01
3.7716074173e-01
3.7768596164e-01
3.7821118156e-01
3.7873640148e-01
3.7930641584e-01
3.7987643020e-01
3.8044644456e-01
3.8101645892e-01
3.8170933803e-01
3.8240221714e-01
3.8309509624e-01
3.8378797535e-01
3.8464904301e-01
3.8551011067e-01
3.8637117833e-01
3.8723224599e-01
3.8821379447e-01
3.8919534296e-01
3.9017689144e-01
3.9115843993e-01
3.9220553477e-01
3.9325262961e-01
3.9429972446e-01
3.9534681930e-01
3.9658240764e-01
3.9781799598e-01
3.9905358433e-01
4.0028917267e-01
4.0186264976e-01
4.0343612686e-01
4.0500960396e-01
4.0658308105e-01
4.0880692582e-01
4.1103077058e-01
4.1325461534e-01
4.1547846011e-01
4.1923714155e-01
4.2299582299e-01
4.2675450443e-01
4.3051318587e-01
4.3876439079e-01
4.4701559572e-01
4.5526680064e-01
4.6351800557e-01
4.7797281921e-01
4.9242763285e-01
5.0688244649e-01
5.2133726012e-01
5.2831424272e-01
5.3529122532e-01
5.4226820791e-01
5.4924519051e-01
5.5339845601e-01
5.5755172150e-01
5.6170498700e-01
5.6585825250e-01
5.6869924381e-01
5.7154023513e-01
5.7438122645e-01
5.7722221776e-01
5.7931960928e-01
5.8141700080e-01
5.8351439232e-01
5.8561178383e-01
5.8724895274e-01
5.8888612164e-01
5.9052329055e-01
5.9216045945e-01
5.9349281983e-01
5.9482518020e-01
5.9615754057e-01
5.9748990094e-01
5.9862118163e-01
5.9975246232e-01
6.0088374301e-01
6.0201502370e-01
6.0301863151e-01
6.0402223931e-01
6.0502584711e-01
6.0602945492e-01
6.0700658999e-01
6.0798372505e-01
6.0896086012e-01
6.0993799519e-01
6.1078268123e-01
6.1162736727e-01
6.1247205330e-01
6.1331673934e-01
6.1401848255e-01
6.1472022577e-01
6.1542196898e-01
6.1612371219e-01
6.1670425609e-01
6.1728479999e-01
6.1786534389e-01
6.1844588779e-01
6.1897316583e-01
6.1950044386e-01
6.2002772190e-01
6.2055499994e-01
6.2109668076e-01
6.2163836157e-01
6.2218004239e-01
6.2272172321e-01
6.2323971245e-01
6.2375770168e-01
6.2427569091e-01
6.2479368015e-01
6.2527380587e-01
6.2575393160e-01
6.2623405732e-01
6.2671418305e-01
6.2715562149e-01
6.2759705994e-01
6.2803849838e-01
6.2847993683e-01
6.2895902449e-01
6.2943811215e-01
6.2991719981e-01
6.3039628747e-01
6.3085962213e-01
6.3132295679e-01
6.3178629144e-01
6.3224962610e-01
6.3270665134e-01
6.3316367657e-01
6.3362070180e-01
6.3407772704e-01
6.3463410582e-01
6.3519048460e-01
6.3574686338e-01
6.3630324216e-01
6.3687157163e-01
6.3743990111e-01
6.3800823059e-01
6.3857656007e-01
6.3920167596e-01
6.3982679186e-01
6.4045190775e-01
6.4107702364e-01
6.4168736428e-01
6.4229770492e-01
6.4290804557e-01
6.4351838621e-01
6.4417776072e-01
6.4483713522e-01
6.4549650973e-01
6.4615588424e-01
6.4690096679e-01
6.4764604933e-01
6.4839113188e-01
6.4913621443e-01
6.5009953199e-01
6.5106284955e-01
6.5202616711e-01
6.5298948467e-01
6.5408616275e-01
6.5518284083e-01
6.5627951891e-01
6.5737619698e-01
6.5861626770e-01
6.5985633842e-01
6.6109640914e-01
6.6233647986e-01
6.6356452288e-01
6.6479256589e-01
6.6602060891e-01
6.6724865193e-01
6.6857684761e-01
6.6990504329e-01
6.7123323898e-01
6.7256143466e-01
6.7405443561e-01
6.7554743655e-01
6.7704043749e-01
6.7853343844e-01
6.8026912291e-01
6.8200480738e-01
6.8374049185e-01
6.8547617632e-01
6.8756964947e-01
6.8966312262e-01
6.9175659576e-01
6.9385006891e-01
6.9651730308e-01
6.9918453726e-01
7.0185177143e-01
7.0451900560e-01
7.0828006805e-01
7.1204113049e-01
7.1580219294e-01
7.1956325538e-01
7.2415015160e-01
7.2873704782e-01
7.3332394404e-01
7.3791084025e-01
7.4230680212e-01
7.4670276399e-01
7.5109872586e-01
7.5549468772e-01
7.5973570665e-01
7.6397672559e-01
7.6821774452e-01
7.7245876345e-01
7.7577697699e-01
7.7909519052e-01
7.8241340406e-01
7.8573161760e-01
7.8834719020e-01
7.9096276281e-01
7.9357833541e-01
7.9619390802e-01
7.9834958360e-01
8.0050525919e-01
8.0266093478e-01
8.0481661037e-01
8.0664689292e-01
8.0847717547e-01
8.1030745801e-01
8.1213774056e-01
8.1372917079e-01
8.1532060103e-01
8.1691203126e-01
8.1850346149e-01
8.1991749384e-01
8.2133152620e-01
8.2274555855e-01
8.2415959090e-01
8.2544490528e-01
8.2673021965e-01
8.2801553403e-01
8.2930084840e-01
8.3051162619e-01
8.3172240398e-01
8.3293318176e-01
8.3414395955e-01
8.3556385242e-01
8.3698374529e-01
8.3840363816e-01
8.3982353104e-01
8.4086893480e-01
8.4191433856e-01
8.4295974233e-01
8.4400514609e-01
8.4494608096e-01
8.4588701582e-01
8.4682795069e-01
8.4776888555e-01
8.4851635679e-01
8.4926382803e-01
8.5001129928e-01
8.5075877052e-01
8.5142549016e-01
8.5209220980e-01
8.5275892945e-01
8.5342564909e-01
8.5404338905e-01
8.5466112902e-01
8.5527886898e-01
8.5589660894e-01
8.5650515965e-01
8.5711371036e-01
8.5772226106e-01
8.5833081177e-01
8.5894903740e-01
8.5956726303e-01
8.6018548866e-01
8.6080371429e-01
8.6132976993e-01
8.6185582557e-01
8.6238188121e-01
8.6290793685e-01
8.6339375563e-01
8.6387957442e-01
8.6436539320e-01
8.6485121199e-01
8.6530726541e-01
8.6576331883e-01
8.6621937225e-01
8.6667542567e-01
8.6719059180e-01
8.6770575793e-01
8.6822092405e-01
8.6873609018e-01
8.6918501214e-01
8.6963393410e-01
8.7008285607e-01
8.7053177803e-01
8.7099072228e-01
8.7144966653e-01
8.7190861078e-01
8.7236755503e-01
8.7287384606e-01
8.7338013709e-01
8.7388642812e-01
8.7439271915e-01
8.7499160713e-01
8.7559049510e-01
8.7618938307e-01
8.7678827104e-01
8.7731186415e-01
8.7783545726e-01
8.7835905037e-01
8.7888264348e-01
8.7945677050e-01
8.8003089752e-01
8.8060502454e-01
8.8117915156e-01
8.8190680201e-01
8.8263445246e-01
8.8336210291e-01
8.8408975336e-01
8.8500685121e-01
8.8592394906e-01
8.8684104692e-01
8.8775814477e-01
8.8872935483e-01
8.8970056489e-01
8.9067177495e-01
8.9164298501e-01
8.9270337698e-01
8.9376376896e-01
8.9482416094e-01
8.9588455292e-01
8.9714505965e-01
8.9840556638e-01
8.9966607312e-01
9.0092657985e-01
9.0254322055e-01
9.0415986125e-01
9.0577650195e-01
9.0739314265e-01
9.0969831371e-01
9.1200348476e-01
9.1430865582e-01
9.1661382687e-01
9.2052051149e-01
9.2442719612e-01
9.2833388074e-01
9.3224056536e-01
9.4070924347e-01
9.4917792157e-01
9.5764659968e-01
9.6611527779e-01
9.7458645834e-01
9.8305763889e-01
9.9152881945e-01
1.0000000000e+00
