2.5202705350e-01
2.5222280580e-01
2.5281036670e-01
2.5379064894e-01
2.5516517542e-01
2.5604746822e-01
2.5703988546e-01
2.5814285398e-01
2.5935684816e-01
2.6018250584e-01
2.6105295660e-01
2.6196835029e-01
2.6292884451e-01
2.6363426144e-01
2.6436230455e-01
2.6511303634e-01
2.6588652123e-01
2.6648543339e-01
2.6709737459e-01
2.6772237475e-01
2.6836046442e-01
2.6887660739e-01
2.6940104300e-01
2.6993378744e-01
2.7047485710e-01
2.7093394443e-01
2.7139888066e-01
2.7186967581e-01
2.7234633998e-01
2.7277385068e-01
2.7320598964e-01
2.7364276409e-01
2.7408418126e-01
2.7457504782e-01
2.7507154893e-01
2.7557369394e-01
2.7608149186e-01
2.7644395527e-01
2.7680925174e-01
2.7717738363e-01
2.7754835281e-01
2.7784035166e-01
2.7813408568e-01
2.7842955468e-01
2.7872675797e-01
2.7899086858e-01
2.7925633136e-01
2.7952314424e-01
2.7979130446e-01
2.8006556705e-01
2.8034121619e-01
2.8061824564e-01
2.8089664759e-01
2.8116301814e-01
2.8143061441e-01
2.8169942428e-01
2.8196943331e-01
2.8223766030e-01
2.8250702448e-01
2.8277750344e-01
2.8304907132e-01
2.8328733520e-01
2.8352638647e-01
2.8376620046e-01
2.8400674992e-01
2.8429232929e-01
2.8457884230e-01
2.8486622919e-01
2.8515442491e-01
2.8540213682e-01
2.8565034462e-01
2.8589899854e-01
2.8614804643e-01
2.8644416648e-01
2.8674067073e-01
2.8703746146e-01
2.8733443828e-01
2.8764783969e-01
2.8796121225e-01
2.8827443321e-01
2.8858737977e-01
2.8893342022e-01
2.8927881085e-01
2.8962339122e-01
2.8996700502e-01
2.9030647085e-01
2.9064469635e-01
2.9098154543e-01
2.9131688829e-01
2.9168760025e-01
2.9205614118e-01
2.9242236230e-01
2.9278612533e-01
2.9322163637e-01
2.9365317744e-01
2.9408056451e-01
2.9450363361e-01
2.9504724435e-01
2.9558303198e-01
2.9611076928e-01
2.9663027169e-01
2.9726087705e-01
2.9787847390e-01
2.9848292713e-01
2.9907416128e-01
2.9960752322e-01
3.0012964112e-01
3.0064055443e-01
3.0114032501e-01
3.0167616542e-01
3.0219880718e-01
3.0270839740e-01
3.0320509840e-01
3.0376154210e-01
3.0430139554e-01
3.0482495358e-01
3.0533252024e-01
3.0592383723e-01
3.0649289735e-01
3.0704025547e-01
3.0756646642e-01
3.0821116028e-01
3.0882314119e-01
3.0940354149e-01
3.0995347146e-01
3.1063880198e-01
3.1127474279e-01
3.1186368941e-01
3.1240795750e-01
3.1299252539e-01
3.1352216513e-01
3.1400023301e-01
3.1442996667e-01
3.1479417052e-01
3.1512062833e-01
3.1541182145e-01
3.1567016334e-01
3.1586798801e-01
3.1604467889e-01
3.1620165538e-01
3.1634029525e-01
3.1645096128e-01
3.1654867670e-01
3.1663434740e-01
3.1670883267e-01
3.1677289418e-01
3.1682733702e-01
3.1687283722e-01
3.1690999537e-01
3.1693931163e-01
3.1696124265e-01
3.1697612001e-01
3.1698417509e-01
3.1698560546e-01
3.1698085998e-01
3.1696986871e-01
3.1695247184e-01
3.1692615044e-01
3.1689161647e-01
3.1684833684e-01
3.1679567761e-01
3.1673189625e-01
3.1665685770e-01
3.1656963751e-01
3.1646924272e-01
3.1633181571e-01
3.1617257735e-01
3.1598959971e-01
3.1578088046e-01
3.1552607923e-01
3.1523666419e-01
3.1490993010e-01
3.1454309274e-01
3.1416664655e-01
3.1375131471e-01
3.1329470748e-01
3.1279435779e-01
3.1235411239e-01
3.1188193283e-01
3.1137636808e-01
3.1083592385e-01
3.1039098292e-01
3.0992331983e-01
3.0943217744e-01
3.0891678240e-01
3.0846969696e-01
3.0800487636e-01
3.0752185475e-01
3.0702016108e-01
3.0657352213e-01
3.0611242557e-01
3.0563656774e-01
3.0514564597e-01
3.0469892390e-01
3.0423999272e-01
3.0376865190e-01
3.0328470638e-01
3.0283252713e-01
3.0236958723e-01
3.0189575927e-01
3.0141092576e-01
3.0090719483e-01
3.0039190984e-01
2.9986499431e-01
2.9932639398e-01
2.9884544688e-01
2.9835552961e-01
2.9785666379e-01
2.9734889510e-01
2.9688764579e-01
2.9641941707e-01
2.9594430421e-01
2.9546242710e-01
2.9507946020e-01
2.9469249774e-01
2.9430163575e-01
2.9390698321e-01
2.9356034695e-01
2.9321101931e-01
2.9285909885e-01
2.9250469310e-01
2.9217927949e-01
2.9185198964e-01
2.9152292562e-01
2.9119219608e-01
2.9082963200e-01
2.9046538131e-01
2.9009961107e-01
2.8973249657e-01
2.8941984331e-01
2.8910646846e-01
2.8879249091e-01
2.8847803207e-01
2.8818614966e-01
2.8789405876e-01
2.8760185898e-01
2.8730964974e-01
2.8705512600e-01
2.8680073455e-01
2.8654653878e-01
2.8629260073e-01
2.8597887298e-01
2.8566574221e-01
2.8535331327e-01
2.8504168509e-01
2.8479416390e-01
2.8454725288e-01
2.8430099274e-01
2.8405542131e-01
2.8379566743e-01
2.8353676617e-01
2.8327875206e-01
2.8302165613e-01
2.8274062049e-01
2.8246075610e-01
2.8218209104e-01
2.8190464952e-01
2.8162751761e-01
2.8135165611e-01
2.8107707994e-01
2.8080380157e-01
2.8052475767e-01
2.8024710002e-01
2.7997083592e-01
2.7969597124e-01
2.7936684431e-01
2.7903975917e-01
2.7871472002e-01
2.7839172965e-01
2.7797411760e-01
2.7755998538e-01
2.7714933266e-01
2.7674215778e-01
2.7628768528e-01
2.7583761705e-01
2.7539194760e-01
2.7495067094e-01
2.7446494841e-01
2.7398464503e-01
2.7350975176e-01
2.7304025953e-01
2.7247420341e-01
2.7191617270e-01
2.7136615108e-01
2.7082412244e-01
2.7009184134e-01
2.6937460171e-01
2.6867236366e-01
2.6798508807e-01
2.6689582166e-01
2.6584611894e-01
2.6483582432e-01
2.6386478804e-01
2.6187351637e-01
2.6006865812e-01
2.5844892847e-01
2.5701317441e-01
2.5446685862e-01
2.5282342817e-01
2.5207705071e-01
2.5222507813e-01
2.5272981037e-01
2.5354455558e-01
2.5467031321e-01
2.5610846425e-01
2.5700581578e-01
2.5799321797e-01
2.5907101680e-01
2.6023958990e-01
2.6104428554e-01
2.6188727564e-01
2.6276868387e-01
2.6368863954e-01
2.6436766295e-01
2.6506637209e-01
2.6578481899e-01
2.6652305717e-01
2.6709965993e-01
2.6768784079e-01
2.6828762525e-01
2.6889903930e-01
2.6939984513e-01
2.6990822298e-01
2.7042418711e-01
2.7094775202e-01
2.7139678589e-01
2.7185128296e-01
2.7231125232e-01
2.7277670318e-01
2.7320514304e-01
2.7363813913e-01
2.7407569849e-01
2.7451782817e-01
2.7494085292e-01
2.7536799060e-01
2.7579924691e-01
2.7623462729e-01
2.7659782835e-01
2.7696385635e-01
2.7733271346e-01
2.7770440128e-01
2.7799279587e-01
2.7828287246e-01
2.7857463064e-01
2.7886806944e-01
2.7913184868e-01
2.7939696835e-01
2.7966342606e-01
2.7993121865e-01
2.8026229481e-01
2.8059537271e-01
2.8093043925e-01
2.8126747754e-01
2.8152886274e-01
2.8179139714e-01
2.8205506654e-01
2.8231985427e-01
2.8255952204e-01
2.8280006679e-01
2.8304147003e-01
2.8328371096e-01
2.8353400953e-01
2.8378514330e-01
2.8403708085e-01
2.8428978755e-01
2.8454624887e-01
2.8480341636e-01
2.8506124396e-01
2.8531968224e-01
2.8557237814e-01
2.8582555349e-01
2.8607915392e-01
2.8633312262e-01
2.8662751640e-01
2.8692222997e-01
2.8721716587e-01
2.8751222444e-01
2.8784382528e-01
2.8817530791e-01
2.8850652680e-01
2.8883733703e-01
2.8917327198e-01
2.8950848730e-01
2.8984283810e-01
2.9017618369e-01
2.9051978362e-01
2.9086201815e-01
2.9120274936e-01
2.9154184619e-01
2.9191680424e-01
2.9228942893e-01
2.9265957159e-01
2.9302709463e-01
2.9347899657e-01
2.9392645781e-01
2.9436928370e-01
2.9480730249e-01
2.9533799804e-01
2.9586099508e-01
2.9637609932e-01
2.9688315440e-01
2.9748277063e-01
2.9807038937e-01
2.9864591036e-01
2.9920928121e-01
2.9974274262e-01
3.0026484213e-01
3.0077562613e-01
3.0127516292e-01
3.0181238028e-01
3.0233620007e-01
3.0284677776e-01
3.0334428372e-01
3.0390305981e-01
3.0444492629e-01
3.0497019148e-01
3.0547917242e-01
3.0607439828e-01
3.0664678223e-01
3.0719690711e-01
3.0772535483e-01
3.0837413457e-01
3.0898922167e-01
3.0957180996e-01
3.1012306870e-01
3.1080224603e-01
3.1143173881e-01
3.1201398813e-01
3.1255135284e-01
3.1313250876e-01
3.1365761636e-01
3.1413018455e-01
3.1455359779e-01
3.1491829057e-01
3.1524318438e-01
3.1553103707e-01
3.1578452846e-01
3.1596986892e-01
3.1613496596e-01
3.1628120724e-01
3.1640993658e-01
3.1651365418e-01
3.1660470260e-01
3.1668399016e-01
3.1675237196e-01
3.1681266977e-01
3.1686288348e-01
3.1690373384e-01
3.1693584264e-01
3.1695768198e-01
3.1697316181e-01
3.1698249642e-01
3.1698581760e-01
3.1698307436e-01
3.1697411581e-01
3.1695881089e-01
3.1693693999e-01
3.1690562525e-01
3.1686582004e-01
3.1681693195e-01
3.1675827396e-01
3.1668697124e-01
3.1660360061e-01
3.1650716329e-01
3.1639659500e-01
3.1624756195e-01
3.1607570159e-01
3.1587904791e-01
3.1565556577e-01
3.1537998352e-01
3.1506750795e-01
3.1471529130e-01
3.1432040073e-01
3.1393300984e-01
3.1350768932e-01
3.1304221413e-01
3.1253428741e-01
3.1209554147e-01
3.1162682185e-01
3.1112683714e-01
3.1059425901e-01
3.1014978078e-01
3.0968343832e-01
3.0919452746e-01
3.0868232983e-01
3.0823548513e-01
3.0777140090e-01
3.0728963688e-01
3.0678974852e-01
3.0634411617e-01
3.0588440646e-01
3.0541033244e-01
3.0492160879e-01
3.0447523310e-01
3.0401689470e-01
3.0354640377e-01
3.0306357644e-01
3.0260857561e-01
3.0214286555e-01
3.0166632532e-01
3.0117884468e-01
3.0065430219e-01
3.0011745856e-01
2.9956824207e-01
2.9900660840e-01
2.9852894769e-01
2.9804266299e-01
2.9754778886e-01
2.9704438411e-01
2.9659217418e-01
2.9613343961e-01
2.9566828122e-01
2.9519682306e-01
2.9482266828e-01
2.9444481209e-01
2.9406334977e-01
2.9367838846e-01
2.9333511505e-01
2.9298928972e-01
2.9264101217e-01
2.9229039070e-01
2.9196615277e-01
2.9164013107e-01
2.9131242958e-01
2.9098315869e-01
2.9055318458e-01
2.9012102991e-01
2.8968698228e-01
2.8925134417e-01
2.8895608063e-01
2.8866033444e-01
2.8836420762e-01
2.8806780345e-01
2.8779499471e-01
2.8752212047e-01
2.8724926159e-01
2.8697649822e-01
2.8672623880e-01
2.8647618659e-01
2.8622640027e-01
2.8597693689e-01
2.8569092058e-01
2.8540548295e-01
2.8512069996e-01
2.8483664312e-01
2.8459193233e-01
2.8434785329e-01
2.8410444329e-01
2.8386173681e-01
2.8360679444e-01
2.8335270209e-01
2.8309949021e-01
2.8284718612e-01
2.8254665942e-01
2.8224750218e-01
2.8194974550e-01
2.8165341576e-01
2.8137794082e-01
2.8110374519e-01
2.8083084147e-01
2.8055924009e-01
2.8027323574e-01
2.7998870771e-01
2.7970566249e-01
2.7942410514e-01
2.7905862133e-01
2.7869568808e-01
2.7833530930e-01
2.7797748718e-01
2.7748122218e-01
2.7698996095e-01
2.7650370011e-01
2.7602243451e-01
2.7555888947e-01
2.7510006242e-01
2.7464594649e-01
2.7419653457e-01
2.7368775969e-01
2.7318513052e-01
2.7268863603e-01
2.7219826525e-01
2.7158384278e-01
2.7097927244e-01
2.7038453234e-01
2.6979960097e-01
2.6897539871e-01
2.6817138482e-01
2.6738749895e-01
2.6662368228e-01
2.6534296113e-01
2.6412247516e-01
2.6296194732e-01
2.6186111414e-01
2.5960164881e-01
2.5764042932e-01
2.5597520238e-01
2.5460405482e-01
2.5347553846e-01
2.5267048245e-01
2.5218785940e-01
2.5202705344e-01
