0.0000000000e+00
1.4890827282e-03
2.9781654565e-03
4.4672481847e-03
5.9563309129e-03
7.3994634318e-03
8.8425959506e-03
1.0285728469e-02
1.1728860988e-02
1.3151050849e-02
1.4573240710e-02
1.5995430571e-02
1.7417620432e-02
1.8831972926e-02
2.0246325420e-02
2.1660677914e-02
2.3075030408e-02
2.4491590592e-02
2.5908150776e-02
2.7324710960e-02
2.8741271144e-02
3.0169562569e-02
3.1597853994e-02
3.3026145419e-02
3.4454436843e-02
3.5905364819e-02
3.7356292795e-02
3.8807220770e-02
4.0258148746e-02
4.1747178033e-02
4.3236207319e-02
4.4725236606e-02
4.6214265892e-02
4.7772074649e-02
4.9329883407e-02
5.0887692164e-02
5.2445500921e-02
5.4167179456e-02
5.5888857991e-02
5.7610536525e-02
5.9332215060e-02
6.1065883467e-02
6.2799551873e-02
6.4533220280e-02
6.6266888687e-02
6.7878740655e-02
6.9490592622e-02
7.1102444590e-02
7.2714296558e-02
7.4265348337e-02
7.5816400116e-02
7.7367451895e-02
7.8918503674e-02
8.0444567582e-02
8.1970631490e-02
8.3496695399e-02
8.5022759307e-02
8.6545030055e-02
8.8067300803e-02
8.9589571552e-02
9.1111842300e-02
9.2657102314e-02
9.4202362329e-02
9.5747622344e-02
9.7292882358e-02
9.8833814272e-02
1.0037474618e-01
1.0191567810e-01
1.0345661001e-01
1.0497436757e-01
1.0649212513e-01
1.0800988269e-01
1.0952764026e-01
1.1104326764e-01
1.1255889502e-01
1.1407452241e-01
1.1559014979e-01
1.1711546753e-01
1.1864078528e-01
1.2016610302e-01
1.2169142076e-01
1.2323744275e-01
1.2478346473e-01
1.2632948672e-01
1.2787550870e-01
1.2945579230e-01
1.3103607591e-01
1.3261635951e-01
1.3419664311e-01
1.3582955339e-01
1.3746246368e-01
1.3909537396e-01
1.4072828424e-01
1.4244903698e-01
1.4416978972e-01
1.4589054247e-01
1.4761129521e-01
1.4938079032e-01
1.5115028543e-01
1.5291978054e-01
1.5468927565e-01
1.5644047942e-01
1.5819168319e-01
1.5994288696e-01
1.6169409073e-01
1.6346517247e-01
1.6523625422e-01
1.6700733596e-01
1.6877841771e-01
1.7061038369e-01
1.7244234966e-01
1.7427431564e-01
1.7610628162e-01
1.7806494931e-01
1.8002361700e-01
1.8198228469e-01
1.8394095238e-01
1.8618141956e-01
1.8842188675e-01
1.9066235393e-01
1.9290282111e-01
1.9497237771e-01
1.9704193430e-01
1.9911149089e-01
2.0118104748e-01
2.0310607880e-01
2.0503111013e-01
2.0695614146e-01
2.0888117278e-01
2.1076434934e-01
2.1264752589e-01
2.1453070244e-01
2.1641387899e-01
2.1828678200e-01
2.2015968501e-01
2.2203258803e-01
2.2390549104e-01
2.2579175734e-01
2.2767802364e-01
2.2956428995e-01
2.3145055625e-01
2.3338076539e-01
2.3531097454e-01
2.3724118369e-01
2.3917139284e-01
2.4123372513e-01
2.4329605743e-01
2.4535838972e-01
2.4742072201e-01
2.4941504893e-01
2.5140937585e-01
2.5340370276e-01
2.5539802968e-01
2.5731138338e-01
2.5922473708e-01
2.6113809078e-01
2.6305144447e-01
2.6493163965e-01
2.6681183483e-01
2.6869203001e-01
2.7057222520e-01
2.7244482773e-01
2.7431743027e-01
2.7619003280e-01
2.7806263534e-01
2.7995174551e-01
2.8184085567e-01
2.8372996584e-01
2.8561907601e-01
2.8756261632e-01
2.8950615664e-01
2.9144969695e-01
2.9339323727e-01
2.9547060498e-01
2.9754797270e-01
2.9962534041e-01
3.0170270813e-01
3.0382640205e-01
3.0595009598e-01
3.0807378990e-01
3.1019748382e-01
3.1210227319e-01
3.1400706256e-01
3.1591185193e-01
3.1781664130e-01
3.1962938402e-01
3.2144212674e-01
3.2325486946e-01
3.2506761218e-01
3.2683295000e-01
3.2859828783e-01
3.3036362565e-01
3.3212896348e-01
3.3387980032e-01
3.3563063715e-01
3.3738147399e-01
3.3913231082e-01
3.4091107543e-01
3.4268984004e-01
3.4446860464e-01
3.4624736925e-01
3.4795359554e-01
3.4965982184e-01
3.5136604813e-01
3.5307227443e-01
3.5469864397e-01
3.5632501351e-01
3.5795138305e-01
3.5957775259e-01
3.6115433298e-01
3.6273091336e-01
3.6430749375e-01
3.6588407414e-01
3.6742953515e-01
3.6897499615e-01
3.7052045716e-01
3.7206591817e-01
3.7359160565e-01
3.7511729313e-01
3.7664298062e-01
3.7816866810e-01
3.7968458836e-01
3.8120050862e-01
3.8271642888e-01
3.8423234914e-01
3.8575003681e-01
3.8726772447e-01
3.8878541214e-01
3.9030309980e-01
3.9184367818e-01
3.9338425656e-01
3.9492483494e-01
3.9646541332e-01
3.9800976053e-01
3.9955410775e-01
4.0109845496e-01
4.0264280218e-01
4.0416573593e-01
4.0568866969e-01
4.0721160345e-01
4.0873453721e-01
4.1025992920e-01
4.1178532120e-01
4.1331071319e-01
4.1483610519e-01
4.1638543485e-01
4.1793476451e-01
4.1948409417e-01
4.2103342383e-01
4.2264536927e-01
4.2425731472e-01
4.2586926016e-01
4.2748120561e-01
4.2924158290e-01
4.3100196019e-01
4.3276233748e-01
4.3452271478e-01
4.3620817661e-01
4.3789363845e-01
4.3957910028e-01
4.4126456212e-01
4.4281735044e-01
4.4437013876e-01
4.4592292708e-01
4.4747571541e-01
4.4896667561e-01
4.5045763582e-01
4.5194859603e-01
4.5343955624e-01
4.5489284987e-01
4.5634614350e-01
4.5779943713e-01
4.5925273076e-01
4.6068279533e-01
4.6211285990e-01
4.6354292447e-01
4.6497298905e-01
4.6639042589e-01
4.6780786274e-01
4.6922529958e-01
4.7064273643e-01
4.7205695355e-01
4.7347117068e-01
4.7488538780e-01
4.7629960492e-01
4.7772043464e-01
4.7914126436e-01
4.8056209407e-01
4.8198292379e-01
4.8342353585e-01
4.8486414790e-01
4.8630475996e-01
4.8774537202e-01
4.8923279510e-01
4.9072021818e-01
4.9220764126e-01
4.9369506435e-01
4.9535982479e-01
4.9702458523e-01
4.9868934568e-01
5.0035410612e-01
5.0184367034e-01
5.0333323456e-01
5.0482279878e-01
5.0631236300e-01
5.0775418891e-01
5.0919601482e-01
5.1063784073e-01
5.1207966664e-01
5.1350107474e-01
5.1492248284e-01
5.1634389095e-01
5.1776529905e-01
5.1917944558e-01
5.2059359210e-01
5.2200773863e-01
5.2342188516e-01
5.2483874261e-01
5.2625560006e-01
5.2767245752e-01
5.2908931497e-01
5.3051844372e-01
5.3194757247e-01
5.3337670122e-01
5.3480582997e-01
5.3625823200e-01
5.3771063403e-01
5.3916303606e-01
5.4061543809e-01
5.4210721000e-01
5.4359898191e-01
5.4509075382e-01
5.4658252572e-01
5.4814827465e-01
5.4971402359e-01
5.5127977252e-01
5.5284552145e-01
5.5459584802e-01
5.5634617460e-01
5.5809650117e-01
5.5984682775e-01
5.6156446085e-01
5.6328209395e-01
5.6499972706e-01
5.6671736016e-01
5.6832428282e-01
5.6993120549e-01
5.7153812816e-01
5.7314505082e-01
5.7469412032e-01
5.7624318982e-01
5.7779225932e-01
5.7934132882e-01
5.8086691078e-01
5.8239249273e-01
5.8391807469e-01
5.8544365665e-01
5.8696691745e-01
5.8849017825e-01
5.9001343905e-01
5.9153669985e-01
5.9308739910e-01
5.9463809835e-01
5.9618879761e-01
5.9773949686e-01
5.9927651345e-01
6.0081353004e-01
6.0235054663e-01
6.0388756322e-01
6.0540512144e-01
6.0692267965e-01
6.0844023787e-01
6.0995779608e-01
6.1147389241e-01
6.1298998875e-01
6.1450608508e-01
6.1602218142e-01
6.1754888188e-01
6.1907558234e-01
6.2060228280e-01
6.2212898326e-01
6.2367737584e-01
6.2522576842e-01
6.2677416100e-01
6.2832255358e-01
6.2990599974e-01
6.3148944591e-01
6.3307289208e-01
6.3465633824e-01
6.3629365497e-01
6.3793097169e-01
6.3956828842e-01
6.4120560515e-01
6.4293877598e-01
6.4467194682e-01
6.4640511765e-01
6.4813828849e-01
6.4990302861e-01
6.5166776872e-01
6.5343250884e-01
6.5519724896e-01
6.5694919210e-01
6.5870113525e-01
6.6045307839e-01
6.6220502153e-01
6.6397947119e-01
6.6575392084e-01
6.6752837050e-01
6.6930282016e-01
6.7113985891e-01
6.7297689765e-01
6.7481393640e-01
6.7665097515e-01
6.7861581022e-01
6.8058064529e-01
6.8254548036e-01
6.8451031543e-01
6.8672225107e-01
6.8893418670e-01
6.9114612233e-01
6.9335805796e-01
6.9540944969e-01
6.9746084142e-01
6.9951223315e-01
7.0156362488e-01
7.0348548314e-01
7.0540734139e-01
7.0732919965e-01
7.0925105790e-01
7.1113311542e-01
7.1301517295e-01
7.1489723047e-01
7.1677928799e-01
7.1865229997e-01
7.2052531195e-01
7.2239832393e-01
7.2427133591e-01
7.2615889580e-01
7.2804645568e-01
7.2993401557e-01
7.3182157546e-01
7.3375524951e-01
7.3568892356e-01
7.3762259761e-01
7.3955627166e-01
7.4163491628e-01
7.4371356090e-01
7.4579220551e-01
7.4787085013e-01
7.4985867463e-01
7.5184649914e-01
7.5383432365e-01
7.5582214816e-01
7.5773278752e-01
7.5964342687e-01
7.6155406623e-01
7.6346470559e-01
7.6534387008e-01
7.6722303457e-01
7.6910219906e-01
7.7098136356e-01
7.7285421725e-01
7.7472707095e-01
7.7659992465e-01
7.7847277835e-01
7.8036365695e-01
7.8225453556e-01
7.8414541417e-01
7.8603629278e-01
7.8798486221e-01
7.8993343165e-01
7.9188200109e-01
7.9383057052e-01
7.9591469468e-01
7.9799881883e-01
8.0008294298e-01
8.0216706713e-01
8.0427060985e-01
8.0637415257e-01
8.0847769529e-01
8.1058123802e-01
8.1247987259e-01
8.1437850717e-01
8.1627714175e-01
8.1817577633e-01
8.1998558370e-01
8.2179539108e-01
8.2360519845e-01
8.2541500582e-01
8.2717900137e-01
8.2894299692e-01
8.3070699248e-01
8.3247098803e-01
8.3422268123e-01
8.3597437442e-01
8.3772606762e-01
8.3947776082e-01
8.4125832383e-01
8.4303888685e-01
8.4481944986e-01
8.4660001287e-01
8.4829866107e-01
8.4999730927e-01
8.5169595747e-01
8.5339460567e-01
8.5501676913e-01
8.5663893260e-01
8.5826109606e-01
8.5988325952e-01
8.6145808673e-01
8.6303291394e-01
8.6460774115e-01
8.6618256836e-01
8.6772715879e-01
8.6927174922e-01
8.7081633965e-01
8.7236093007e-01
8.7388613745e-01
8.7541134483e-01
8.7693655221e-01
8.7846175958e-01
8.7997770960e-01
8.8149365961e-01
8.8300960962e-01
8.8452555964e-01
8.8604404040e-01
8.8756252116e-01
8.8908100192e-01
8.9059948269e-01
8.9214370614e-01
8.9368792959e-01
8.9523215304e-01
8.9677637649e-01
8.9831679637e-01
8.9985721624e-01
9.0139763612e-01
9.0293805599e-01
9.0446128942e-01
9.0598452286e-01
9.0750775629e-01
9.0903098972e-01
9.1055746382e-01
9.1208393793e-01
9.1361041203e-01
9.1513688614e-01
9.1668783708e-01
9.1823878803e-01
9.1978973897e-01
9.2134068991e-01
9.2295091734e-01
9.2456114477e-01
9.2617137220e-01
9.2778159963e-01
9.2957647448e-01
9.3137134934e-01
9.3316622419e-01
9.3496109905e-01
9.3663221684e-01
9.3830333463e-01
9.3997445242e-01
9.4164557022e-01
9.4319348982e-01
9.4474140942e-01
9.4628932903e-01
9.4783724863e-01
9.4932539338e-01
9.5081353814e-01
9.5230168289e-01
9.5378982764e-01
9.5524135034e-01
9.5669287305e-01
9.5814439575e-01
9.5959591845e-01
9.6102489455e-01
9.6245387066e-01
9.6388284676e-01
9.6531182286e-01
9.6672881561e-01
9.6814580837e-01
9.6956280112e-01
9.7097979387e-01
9.7239409186e-01
9.7380838986e-01
9.7522268785e-01
9.7663698584e-01
9.7805853076e-01
9.7948007567e-01
9.8090162059e-01
9.8232316550e-01
9.8376533300e-01
9.8520750049e-01
9.8664966799e-01
9.8809183548e-01
9.8957994242e-01
9.9106804935e-01
9.9255615629e-01
9.9404426323e-01
9.9553319742e-01
9.9702213161e-01
9.9851106581e-01
1.0000000000e+00
