0.0000000000e+00
6.5127538224e-03
1.3025507645e-02
1.9538261467e-02
2.6051015290e-02
3.0388184680e-02
3.4725354071e-02
3.9062523462e-02
4.3399692853e-02
4.6503039242e-02
4.9606385632e-02
5.2709732021e-02
5.5813078410e-02
5.8201067658e-02
6.0589056905e-02
6.2977046152e-02
6.5365035399e-02
6.7316225289e-02
6.9267415179e-02
7.1218605068e-02
7.3169794958e-02
7.4869033376e-02
7.6568271794e-02
7.8267510213e-02
7.9966748631e-02
8.1757877466e-02
8.3549006302e-02
8.5340135137e-02
8.7131263972e-02
8.8478022434e-02
8.9824780896e-02
9.1171539358e-02
9.2518297821e-02
9.3510534518e-02
9.4502771216e-02
9.5495007914e-02
9.6487244612e-02
9.7383810947e-02
9.8280377282e-02
9.9176943616e-02
1.0007350995e-01
1.0139721299e-01
1.0272091603e-01
1.0404461906e-01
1.0536832210e-01
1.0616665174e-01
1.0696498138e-01
1.0776331102e-01
1.0856164065e-01
1.0936313172e-01
1.1016462280e-01
1.1096611387e-01
1.1176760494e-01
1.1263073254e-01
1.1349386015e-01
1.1435698775e-01
1.1522011535e-01
1.1603229515e-01
1.1684447494e-01
1.1765665473e-01
1.1846883453e-01
1.1941032486e-01
1.2035181518e-01
1.2129330551e-01
1.2223479584e-01
1.2324455921e-01
1.2425432258e-01
1.2526408595e-01
1.2627384932e-01
1.2732585516e-01
1.2837786100e-01
1.2942986684e-01
1.3048187268e-01
1.3160849748e-01
1.3273512228e-01
1.3386174709e-01
1.3498837189e-01
1.3634470815e-01
1.3770104442e-01
1.3905738069e-01
1.4041371695e-01
1.4229270579e-01
1.4417169462e-01
1.4605068345e-01
1.4792967228e-01
1.5026679588e-01
1.5260391947e-01
1.5494104306e-01
1.5727816666e-01
1.5939576693e-01
1.6151336721e-01
1.6363096748e-01
1.6574856775e-01
1.6806051124e-01
1.7037245472e-01
1.7268439820e-01
1.7499634168e-01
1.7729179223e-01
1.7958724278e-01
1.8188269333e-01
1.8417814388e-01
1.8635247718e-01
1.8852681048e-01
1.9070114378e-01
1.9287547707e-01
1.9465119541e-01
1.9642691374e-01
1.9820263207e-01
1.9997835040e-01
2.0140924372e-01
2.0284013703e-01
2.0427103035e-01
2.0570192366e-01
2.0699032666e-01
2.0827872967e-01
2.0956713267e-01
2.1085553567e-01
2.1207545443e-01
2.1329537318e-01
2.1451529194e-01
2.1573521069e-01
2.1693895224e-01
2.1814269378e-01
2.1934643533e-01
2.2055017687e-01
2.2161027711e-01
2.2267037734e-01
2.2373047758e-01
2.2479057781e-01
2.2574596579e-01
2.2670135376e-01
2.2765674174e-01
2.2861212971e-01
2.2962855037e-01
2.3064497102e-01
2.3166139168e-01
2.3267781233e-01
2.3361403052e-01
2.3455024871e-01
2.3548646689e-01
2.3642268508e-01
2.3745560139e-01
2.3848851769e-01
2.3952143400e-01
2.4055435030e-01
2.4174628518e-01
2.4293822005e-01
2.4413015492e-01
2.4532208979e-01
2.4636047518e-01
2.4739886056e-01
2.4843724595e-01
2.4947563134e-01
2.5050582741e-01
2.5153602348e-01
2.5256621956e-01
2.5359641563e-01
2.5465666506e-01
2.5571691449e-01
2.5677716392e-01
2.5783741335e-01
2.5879786484e-01
2.5975831633e-01
2.6071876782e-01
2.6167921931e-01
2.6262916770e-01
2.6357911609e-01
2.6452906448e-01
2.6547901287e-01
2.6644284671e-01
2.6740668055e-01
2.6837051439e-01
2.6933434823e-01
2.7031425010e-01
2.7129415196e-01
2.7227405383e-01
2.7325395570e-01
2.7435514053e-01
2.7545632537e-01
2.7655751020e-01
2.7765869503e-01
2.7899402700e-01
2.8032935897e-01
2.8166469094e-01
2.8300002292e-01
2.8424971684e-01
2.8549941077e-01
2.8674910470e-01
2.8799879863e-01
2.8941787998e-01
2.9083696134e-01
2.9225604270e-01
2.9367512406e-01
2.9554734044e-01
2.9741955682e-01
2.9929177320e-01
3.0116398958e-01
3.0352864235e-01
3.0589329513e-01
3.0825794791e-01
3.1062260069e-01
3.1293019509e-01
3.1523778949e-01
3.1754538390e-01
3.1985297830e-01
3.2209402969e-01
3.2433508109e-01
3.2657613248e-01
3.2881718388e-01
3.3087599992e-01
3.3293481597e-01
3.3499363202e-01
3.3705244806e-01
3.3931660924e-01
3.4158077042e-01
3.4384493159e-01
3.4610909277e-01
3.4790865563e-01
3.4970821849e-01
3.5150778134e-01
3.5330734420e-01
3.5466757373e-01
3.5602780326e-01
3.5738803278e-01
3.5874826231e-01
3.5990933608e-01
3.6107040984e-01
3.6223148361e-01
3.6339255738e-01
3.6444872424e-01
3.6550489110e-01
3.6656105796e-01
3.6761722482e-01
3.6873838436e-01
3.6985954390e-01
3.7098070343e-01
3.7210186297e-01
3.7304192583e-01
3.7398198868e-01
3.7492205154e-01
3.7586211440e-01
3.7672218690e-01
3.7758225940e-01
3.7844233190e-01
3.7930240440e-01
3.8007740823e-01
3.8085241205e-01
3.8162741588e-01
3.8240241970e-01
3.8330042579e-01
3.8419843188e-01
3.8509643797e-01
3.8599444405e-01
3.8674713964e-01
3.8749983522e-01
3.8825253080e-01
3.8900522639e-01
3.8982486655e-01
3.9064450671e-01
3.9146414687e-01
3.9228378703e-01
3.9341222924e-01
3.9454067145e-01
3.9566911366e-01
3.9679755587e-01
3.9771538464e-01
3.9863321340e-01
3.9955104217e-01
4.0046887093e-01
4.0154574480e-01
4.0262261866e-01
4.0369949252e-01
4.0477636639e-01
4.0617979311e-01
4.0758321984e-01
4.0898664656e-01
4.1039007328e-01
4.1208391027e-01
4.1377774726e-01
4.1547158424e-01
4.1716542123e-01
4.1904349420e-01
4.2092156717e-01
4.2279964013e-01
4.2467771310e-01
4.2709461686e-01
4.2951152062e-01
4.3192842438e-01
4.3434532814e-01
4.3791614479e-01
4.4148696144e-01
4.4505777809e-01
4.4862859473e-01
4.5460522172e-01
4.6058184872e-01
4.6655847571e-01
4.7253510270e-01
4.8189814477e-01
4.9126118684e-01
5.0062422891e-01
5.0998727098e-01
5.1564823889e-01
5.2130920679e-01
5.2697017470e-01
5.3263114261e-01
5.3648497801e-01
5.4033881342e-01
5.4419264882e-01
5.4804648423e-01
5.5087274477e-01
5.5369900530e-01
5.5652526584e-01
5.5935152638e-01
5.6156971277e-01
5.6378789917e-01
5.6600608556e-01
5.6822427195e-01
5.7006917418e-01
5.7191407640e-01
5.7375897862e-01
5.7560388085e-01
5.7726325626e-01
5.7892263168e-01
5.8058200710e-01
5.8224138251e-01
5.8380763185e-01
5.8537388120e-01
5.8694013054e-01
5.8850637988e-01
5.8973792127e-01
5.9096946265e-01
5.9220100403e-01
5.9343254541e-01
5.9439839603e-01
5.9536424665e-01
5.9633009727e-01
5.9729594789e-01
5.9819200894e-01
5.9908806999e-01
5.9998413104e-01
6.0088019210e-01
6.0189504795e-01
6.0290990379e-01
6.0392475964e-01
6.0493961549e-01
6.0574730218e-01
6.0655498887e-01
6.0736267556e-01
6.0817036224e-01
6.0894469768e-01
6.0971903312e-01
6.1049336856e-01
6.1126770400e-01
6.1220544068e-01
6.1314317736e-01
6.1408091404e-01
6.1501865072e-01
6.1581203902e-01
6.1660542732e-01
6.1739881561e-01
6.1819220391e-01
6.1913175440e-01
6.2007130488e-01
6.2101085537e-01
6.2195040586e-01
6.2295781424e-01
6.2396522261e-01
6.2497263099e-01
6.2598003936e-01
6.2702813509e-01
6.2807623081e-01
6.2912432654e-01
6.3017242226e-01
6.3128786463e-01
6.3240330701e-01
6.3351874938e-01
6.3463419175e-01
6.3595907997e-01
6.3728396818e-01
6.3860885639e-01
6.3993374461e-01
6.4180811245e-01
6.4368248029e-01
6.4555684814e-01
6.4743121598e-01
6.4998338298e-01
6.5253554997e-01
6.5508771697e-01
6.5763988397e-01
6.5976604569e-01
6.6189220740e-01
6.6401836912e-01
6.6614453084e-01
6.6849330299e-01
6.7084207514e-01
6.7319084728e-01
6.7553961943e-01
6.7783071549e-01
6.8012181155e-01
6.8241290760e-01
6.8470400366e-01
6.8684763644e-01
6.8899126922e-01
6.9113490200e-01
6.9327853477e-01
6.9504132356e-01
6.9680411235e-01
6.9856690114e-01
7.0032968993e-01
7.0174925045e-01
7.0316881097e-01
7.0458837150e-01
7.0600793202e-01
7.0729731109e-01
7.0858669015e-01
7.0987606922e-01
7.1116544828e-01
7.1238250530e-01
7.1359956232e-01
7.1481661934e-01
7.1603367636e-01
7.1721869521e-01
7.1840371405e-01
7.1958873290e-01
7.2077375174e-01
7.2184458612e-01
7.2291542049e-01
7.2398625487e-01
7.2505708924e-01
7.2602262151e-01
7.2698815378e-01
7.2795368605e-01
7.2891921832e-01
7.2999962502e-01
7.3108003171e-01
7.3216043840e-01
7.3324084509e-01
7.3417062991e-01
7.3510041473e-01
7.3603019955e-01
7.3695998437e-01
7.3798814147e-01
7.3901629858e-01
7.4004445568e-01
7.4107261278e-01
7.4222296749e-01
7.4337332219e-01
7.4452367690e-01
7.4567403160e-01
7.4671374229e-01
7.4775345298e-01
7.4879316366e-01
7.4983287435e-01
7.5086691805e-01
7.5190096176e-01
7.5293500546e-01
7.5396904917e-01
7.5501874576e-01
7.5606844236e-01
7.5711813895e-01
7.5816783555e-01
7.5912612647e-01
7.6008441739e-01
7.6104270831e-01
7.6200099923e-01
7.6295227071e-01
7.6390354219e-01
7.6485481367e-01
7.6580608515e-01
7.6676967148e-01
7.6773325781e-01
7.6869684414e-01
7.6966043048e-01
7.7065060540e-01
7.7164078033e-01
7.7263095526e-01
7.7362113018e-01
7.7473505376e-01
7.7584897735e-01
7.7696290093e-01
7.7807682451e-01
7.7940263887e-01
7.8072845323e-01
7.8205426759e-01
7.8338008195e-01
7.8464197894e-01
7.8590387593e-01
7.8716577292e-01
7.8842766991e-01
7.8988400501e-01
7.9134034010e-01
7.9279667520e-01
7.9425301030e-01
7.9620840193e-01
7.9816379357e-01
8.0011918520e-01
8.0207457683e-01
8.0460627735e-01
8.0713797786e-01
8.0966967838e-01
8.1220137890e-01
8.1453078130e-01
8.1686018371e-01
8.1918958612e-01
8.2151898852e-01
8.2370697510e-01
8.2589496168e-01
8.2808294826e-01
8.3027093484e-01
8.3231931784e-01
8.3436770084e-01
8.3641608383e-01
8.3846446683e-01
8.4054488024e-01
8.4262529365e-01
8.4470570707e-01
8.4678612048e-01
8.4854651439e-01
8.5030690830e-01
8.5206730221e-01
8.5382769612e-01
8.5516548201e-01
8.5650326791e-01
8.5784105380e-01
8.5917883969e-01
8.6033058240e-01
8.6148232511e-01
8.6263406782e-01
8.6378581053e-01
8.6483067059e-01
8.6587553065e-01
8.6692039072e-01
8.6796525078e-01
8.6939088338e-01
8.7081651598e-01
8.7224214858e-01
8.7366778117e-01
8.7456821473e-01
8.7546864828e-01
8.7636908183e-01
8.7726951539e-01
8.7808112295e-01
8.7889273052e-01
8.7970433808e-01
8.8051594565e-01
8.8130042543e-01
8.8208490522e-01
8.8286938500e-01
8.8365386478e-01
8.8447430494e-01
8.8529474510e-01
8.8611518526e-01
8.8693562542e-01
8.8770638480e-01
8.8847714417e-01
8.8924790355e-01
8.9001866293e-01
8.9087904269e-01
8.9173942244e-01
8.9259980220e-01
8.9346018196e-01
8.9442356660e-01
8.9538695123e-01
8.9635033587e-01
8.9731372050e-01
8.9824012280e-01
8.9916652509e-01
9.0009292738e-01
9.0101932967e-01
9.0213553684e-01
9.0325174401e-01
9.0436795118e-01
9.0548415835e-01
9.0695183908e-01
9.0841951980e-01
9.0988720053e-01
9.1135488126e-01
9.1303532875e-01
9.1471577624e-01
9.1639622373e-01
9.1807667123e-01
9.1999627775e-01
9.2191588427e-01
9.2383549078e-01
9.2575509730e-01
9.2824957709e-01
9.3074405687e-01
9.3323853665e-01
9.3573301643e-01
9.3945693820e-01
9.4318085997e-01
9.4690478175e-01
9.5062870352e-01
9.5680011558e-01
9.6297152764e-01
9.6914293970e-01
9.7531435176e-01
9.8148576382e-01
9.8765717588e-01
9.9382858794e-01
1.0000000000e+00
