2.8246765166e-01
2.8247857570e-01
2.8251134866e-01
2.8256597307e-01
2.8264245317e-01
2.8271501795e-01
2.8280015549e-01
2.8289786959e-01
2.8300816458e-01
2.8310597185e-01
2.8321191805e-01
2.8332600622e-01
2.8344823962e-01
2.8355794619e-01
2.8367348033e-01
2.8379484438e-01
2.8392204076e-01
2.8404317770e-01
2.8416917333e-01
2.8430002957e-01
2.8443574836e-01
2.8456747551e-01
2.8470348408e-01
2.8484377525e-01
2.8498834987e-01
2.8510770681e-01
2.8522983331e-01
2.8535472878e-01
2.8548239204e-01
2.8558492974e-01
2.8568918318e-01
2.8579515041e-01
2.8590282889e-01
2.8600221364e-01
2.8610300707e-01
2.8620520516e-01
2.8630880295e-01
2.8642493490e-01
2.8654275927e-01
2.8666226336e-01
2.8678343156e-01
2.8689054542e-01
2.8699889770e-01
2.8710847056e-01
2.8721924318e-01
2.8731872354e-01
2.8741911395e-01
2.8752039249e-01
2.8762253459e-01
2.8773475605e-01
2.8784793026e-01
2.8796201334e-01
2.8807695695e-01
2.8818682040e-01
2.8829736258e-01
2.8840853076e-01
2.8852026864e-01
2.8863533997e-01
2.8875087947e-01
2.8886681615e-01
2.8898307611e-01
2.8911358980e-01
2.8924430231e-01
2.8937510025e-01
2.8950586821e-01
2.8965556057e-01
2.8980488346e-01
2.8995366060e-01
2.9010171721e-01
2.9025274862e-01
2.9040265729e-01
2.9055126594e-01
2.9069840305e-01
2.9085099358e-01
2.9100160050e-01
2.9115005016e-01
2.9129617805e-01
2.9146627603e-01
2.9163264803e-01
2.9179507065e-01
2.9195333858e-01
2.9214956563e-01
2.9233832588e-01
2.9251930871e-01
2.9269224370e-01
2.9288564125e-01
2.9306718978e-01
2.9323662983e-01
2.9339375830e-01
2.9355442306e-01
2.9369942141e-01
2.9382868235e-01
2.9394220079e-01
2.9403583429e-01
2.9411531214e-01
2.9418079219e-01
2.9423248774e-01
2.9426340815e-01
2.9428626415e-01
2.9430123533e-01
2.9430852745e-01
2.9430893960e-01
2.9430448775e-01
2.9429532981e-01
2.9428163860e-01
2.9426610843e-01
2.9424739521e-01
2.9422564444e-01
2.9420101154e-01
2.9417526587e-01
2.9414724722e-01
2.9411711097e-01
2.9408502031e-01
2.9405201705e-01
2.9401748353e-01
2.9398159072e-01
2.9394451510e-01
2.9390941918e-01
2.9387361633e-01
2.9383725415e-01
2.9380048174e-01
2.9376646034e-01
2.9373233518e-01
2.9369822153e-01
2.9366423326e-01
2.9363286646e-01
2.9360179206e-01
2.9357109516e-01
2.9354085799e-01
2.9351063319e-01
2.9348104599e-01
2.9345217156e-01
2.9342408063e-01
2.9339755128e-01
2.9337188349e-01
2.9334712942e-01
2.9332333689e-01
2.9329887890e-01
2.9327563138e-01
2.9325363780e-01
2.9323293658e-01
2.9321310742e-01
2.9319470115e-01
2.9317774502e-01
2.9316226241e-01
2.9314820960e-01
2.9313568144e-01
2.9312469210e-01
2.9311525325e-01
2.9310728358e-01
2.9310092187e-01
2.9309617407e-01
2.9309304451e-01
2.9309153232e-01
2.9309165934e-01
2.9309342545e-01
2.9309682910e-01
2.9310209178e-01
2.9310911082e-01
2.9311787899e-01
2.9312838681e-01
2.9314056673e-01
2.9315444504e-01
2.9317000387e-01
2.9318722169e-01
2.9320327826e-01
2.9322051570e-01
2.9323891237e-01
2.9325844362e-01
2.9327877430e-01
2.9330014967e-01
2.9332253610e-01
2.9334589620e-01
2.9337059566e-01
2.9339621091e-01
2.9342269002e-01
2.9344997675e-01
2.9347802814e-01
2.9350676257e-01
2.9353611106e-01
2.9356600084e-01
2.9359830462e-01
2.9363103854e-01
2.9366410311e-01
2.9369739576e-01
2.9373630760e-01
2.9377521696e-01
2.9381395253e-01
2.9385234198e-01
2.9389523587e-01
2.9393721411e-01
2.9397803154e-01
2.9401744847e-01
2.9405365707e-01
2.9408817097e-01
2.9412080008e-01
2.9415136229e-01
2.9418368073e-01
2.9421279632e-01
2.9423847530e-01
2.9426049913e-01
2.9428336375e-01
2.9429927652e-01
2.9430786651e-01
2.9430880155e-01
2.9429886635e-01
2.9427618126e-01
2.9424032863e-01
2.9419096012e-01
2.9412396248e-01
2.9404136502e-01
2.9394297549e-01
2.9382866836e-01
2.9370539384e-01
2.9356772766e-01
2.9341572791e-01
2.9324951041e-01
2.9310340212e-01
2.9294806486e-01
2.9278365964e-01
2.9261038191e-01
2.9247146168e-01
2.9232756835e-01
2.9217883802e-01
2.9202542245e-01
2.9189011339e-01
2.9175159191e-01
2.9160998435e-01
2.9146542710e-01
2.9132999221e-01
2.9119230790e-01
2.9105250360e-01
2.9091071624e-01
2.9076843875e-01
2.9062450399e-01
2.9047906588e-01
2.9033228457e-01
2.9019215001e-01
2.9005110414e-01
2.8990929559e-01
2.8976687571e-01
2.8964354426e-01
2.8951997075e-01
2.8939625456e-01
2.8927249465e-01
2.8915888688e-01
2.8904539982e-01
2.8893210687e-01
2.8881907970e-01
2.8870538305e-01
2.8859209669e-01
2.8847928668e-01
2.8836701598e-01
2.8825597296e-01
2.8814557726e-01
2.8803588039e-01
2.8792693018e-01
2.8782014830e-01
2.8771417596e-01
2.8760904859e-01
2.8750479825e-01
2.8737910138e-01
2.8725479287e-01
2.8713191242e-01
2.8701049402e-01
2.8688535201e-01
2.8676186177e-01
2.8664004620e-01
2.8651992415e-01
2.8640658620e-01
2.8629482373e-01
2.8618464564e-01
2.8607605909e-01
2.8594415409e-01
2.8581469374e-01
2.8568768423e-01
2.8556313007e-01
2.8539783465e-01
2.8523708306e-01
2.8508087814e-01
2.8492922107e-01
2.8476871459e-01
2.8461363673e-01
2.8446398598e-01
2.8431976041e-01
2.8416518543e-01
2.8401736345e-01
2.8387629129e-01
2.8374196580e-01
2.8357947872e-01
2.8342808933e-01
2.8328779179e-01
2.8315858066e-01
2.8299597774e-01
2.8285517465e-01
2.8273616057e-01
2.8263892632e-01
2.8255433285e-01
2.8249827224e-01
2.8247073882e-01
2.8247172982e-01
2.8249481456e-01
2.8253828309e-01
2.8260213857e-01
2.8268638558e-01
2.8276439549e-01
2.8285428653e-01
2.8295606248e-01
2.8306972761e-01
2.8317029365e-01
2.8327863309e-01
2.8339474889e-01
2.8351864421e-01
2.8363066363e-01
2.8374836653e-01
2.8387175522e-01
2.8400083206e-01
2.8413384766e-01
2.8427241222e-01
2.8441652810e-01
2.8456619756e-01
2.8469528874e-01
2.8482824630e-01
2.8496507102e-01
2.8510576327e-01
2.8521788075e-01
2.8533233801e-01
2.8544913419e-01
2.8556826792e-01
2.8567032146e-01
2.8577402687e-01
2.8587938186e-01
2.8598638343e-01
2.8608958732e-01
2.8619427048e-01
2.8630042767e-01
2.8640805239e-01
2.8651415215e-01
2.8662162427e-01
2.8673045794e-01
2.8684064016e-01
2.8694608294e-01
2.8705270290e-01
2.8716048196e-01
2.8726939917e-01
2.8737219467e-01
2.8747594063e-01
2.8758061164e-01
2.8768617919e-01
2.8779580274e-01
2.8790630499e-01
2.8801764347e-01
2.8812977163e-01
2.8824335493e-01
2.8835763095e-01
2.8847253989e-01
2.8858801805e-01
2.8870937072e-01
2.8883119140e-01
2.8895339515e-01
2.8907589378e-01
2.8921436426e-01
2.8935296000e-01
2.8949154409e-01
2.8962997783e-01
2.8977623254e-01
2.8992199660e-01
2.9006710567e-01
2.9021139760e-01
2.9036015357e-01
2.9050768395e-01
2.9065382055e-01
2.9079840116e-01
2.9095275857e-01
2.9110492832e-01
2.9125473263e-01
2.9140200376e-01
2.9157752268e-01
2.9174879646e-01
2.9191558343e-01
2.9207766318e-01
2.9227867953e-01
2.9247122051e-01
2.9265495927e-01
2.9282961547e-01
2.9301726375e-01
2.9319252380e-01
2.9335516795e-01
2.9350502463e-01
2.9365770248e-01
2.9379405681e-01
2.9391406221e-01
2.9401776267e-01
2.9409671597e-01
2.9416286777e-01
2.9421639020e-01
2.9425750319e-01
2.9428126700e-01
2.9429769598e-01
2.9430696662e-01
2.9430927884e-01
2.9430607803e-01
2.9429838739e-01
2.9428636206e-01
2.9427017094e-01
2.9425256814e-01
2.9423199896e-01
2.9420860802e-01
2.9418254922e-01
2.9415522408e-01
2.9412575056e-01
2.9409428824e-01
2.9406100431e-01
2.9402760525e-01
2.9399285624e-01
2.9395692126e-01
2.9391996891e-01
2.9388372153e-01
2.9384685167e-01
2.9380951618e-01
2.9377187287e-01
2.9373910566e-01
2.9370632807e-01
2.9367364135e-01
2.9364114508e-01
2.9360972506e-01
2.9357866698e-01
2.9354805594e-01
2.9351797375e-01
2.9348921658e-01
2.9346110578e-01
2.9343370636e-01
2.9340707929e-01
2.9338134602e-01
2.9335648989e-01
2.9333255890e-01
2.9330959691e-01
2.9328630022e-01
2.9326418585e-01
2.9324329203e-01
2.9322365253e-01
2.9320404669e-01
2.9318594460e-01
2.9316937333e-01
2.9315435592e-01
2.9314116107e-01
2.9312949343e-01
2.9311936571e-01
2.9311078828e-01
2.9310334181e-01
2.9309768490e-01
2.9309382330e-01
2.9309176083e-01
2.9309146749e-01
2.9309278568e-01
2.9309571426e-01
2.9310025066e-01
2.9310679407e-01
2.9311512491e-01
2.9312523414e-01
2.9313711016e-01
2.9314987134e-01
2.9316416621e-01
2.9317997725e-01
2.9319728363e-01
2.9321412735e-01
2.9323214315e-01
2.9325130736e-01
2.9327159308e-01
2.9329270222e-01
2.9331484321e-01
2.9333797951e-01
2.9336207066e-01
2.9338770824e-01
2.9341424986e-01
2.9344163850e-01
2.9346981263e-01
2.9349808432e-01
2.9352697929e-01
2.9355642786e-01
2.9358635688e-01
2.9362022138e-01
2.9365447850e-01
2.9368901423e-01
2.9372371144e-01
2.9376571478e-01
2.9380756462e-01
2.9384904464e-01
2.9388993841e-01
2.9392903515e-01
2.9396717397e-01
2.9400416235e-01
2.9403981259e-01
2.9407576178e-01
2.9410981391e-01
2.9414177151e-01
2.9417144606e-01
2.9420216887e-01
2.9422946448e-01
2.9425310089e-01
2.9427286196e-01
2.9429210442e-01
2.9430435754e-01
2.9430928064e-01
2.9430656919e-01
2.9429060564e-01
2.9426002706e-01
2.9421437150e-01
2.9415326201e-01
2.9408179460e-01
2.9399633922e-01
2.9389676293e-01
2.9378298501e-01
2.9366258287e-01
2.9352952956e-01
2.9338388655e-01
2.9322576067e-01
2.9308467015e-01
2.9293514706e-01
2.9277733537e-01
2.9261140810e-01
2.9247326097e-01
2.9233019070e-01
2.9218233104e-01
2.9202983108e-01
2.9189390752e-01
2.9175473413e-01
2.9161243903e-01
2.9146716055e-01
2.9133309009e-01
2.9119681117e-01
2.9105844925e-01
2.9091813701e-01
2.9076996943e-01
2.9062000142e-01
2.9046840711e-01
2.9031536790e-01
2.9018122578e-01
2.9004626022e-01
2.8991060147e-01
2.8977438205e-01
2.8964296590e-01
2.8951127542e-01
2.8937943082e-01
2.8924755178e-01
2.8913655455e-01
2.8902568649e-01
2.8891501583e-01
2.8880460912e-01
2.8866548912e-01
2.8852701959e-01
2.8838931924e-01
2.8825249947e-01
2.8814773742e-01
2.8804360388e-01
2.8794013989e-01
2.8783738343e-01
2.8772608009e-01
2.8761570263e-01
2.8750628842e-01
2.8739787089e-01
2.8727799646e-01
2.8715943851e-01
2.8704222835e-01
2.8692639281e-01
2.8681474010e-01
2.8670443504e-01
2.8659549269e-01
2.8648792564e-01
2.8637585134e-01
2.8626533208e-01
2.8615637609e-01
2.8604898998e-01
2.8591322699e-01
2.8578007675e-01
2.8564954559e-01
2.8552163804e-01
2.8534765119e-01
2.8517877780e-01
2.8501502052e-01
2.8485638019e-01
2.8470401896e-01
2.8455669475e-01
2.8441440601e-01
2.8427715096e-01
2.8412427355e-01
2.8397816048e-01
2.8383880859e-01
2.8370621472e-01
2.8354657402e-01
2.8339796267e-01
2.8326037495e-01
2.8313380555e-01
2.8297762877e-01
2.8284229880e-01
2.8272780569e-01
2.8263414101e-01
2.8256129785e-01
2.8250927086e-01
2.8247805620e-01
2.8246765156e-01
