3.0469542333e-01
3.0469560029e-01
3.0469613102e-01
3.0469701515e-01
3.0469825200e-01
3.0469950639e-01
3.0470098917e-01
3.0470269965e-01
3.0470463698e-01
3.0470659182e-01
3.0470873213e-01
3.0471105705e-01
3.0471356565e-01
3.0471602064e-01
3.0471862767e-01
3.0472138585e-01
3.0472429423e-01
3.0472718530e-01
3.0473020922e-01
3.0473336505e-01
3.0473665182e-01
3.0473994691e-01
3.0474336203e-01
3.0474689619e-01
3.0475054836e-01
3.0475422316e-01
3.0475800817e-01
3.0476190232e-01
3.0476590452e-01
3.0476998417e-01
3.0477416808e-01
3.0477845508e-01
3.0478284396e-01
3.0478739554e-01
3.0479204920e-01
3.0479680359e-01
3.0480165731e-01
3.0480685375e-01
3.0481215621e-01
3.0481756299e-01
3.0482307231e-01
3.0483020285e-01
3.0483749160e-01
3.0484493467e-01
3.0485252812e-01
3.0485872112e-01
3.0486500601e-01
3.0487138062e-01
3.0487784275e-01
3.0488400147e-01
3.0489023380e-01
3.0489653783e-01
3.0490291160e-01
3.0490919274e-01
3.0491553647e-01
3.0492194095e-01
3.0492840426e-01
3.0493488729e-01
3.0494142471e-01
3.0494801459e-01
3.0495465501e-01
3.0496141425e-01
3.0496822106e-01
3.0497507341e-01
3.0498196924e-01
3.0498911821e-01
3.0499630887e-01
3.0500353891e-01
3.0501080604e-01
3.0501857440e-01
3.0502637929e-01
3.0503421790e-01
3.0504208739e-01
3.0505021730e-01
3.0505837383e-01
3.0506655388e-01
3.0507475432e-01
3.0508298777e-01
3.0509123543e-01
3.0509949416e-01
3.0510776080e-01
3.0511592334e-01
3.0512408753e-01
3.0513225037e-01
3.0514040885e-01
3.0514869466e-01
3.0515696975e-01
3.0516523099e-01
3.0517347529e-01
3.0518202266e-01
3.0519054493e-01
3.0519903866e-01
3.0520750043e-01
3.0521670147e-01
3.0522585596e-01
3.0523495956e-01
3.0524400796e-01
3.0525608430e-01
3.0526804282e-01
3.0527987339e-01
3.0529156609e-01
3.0530039392e-01
3.0530913140e-01
3.0531777432e-01
3.0532631851e-01
3.0533446102e-01
3.0534250430e-01
3.0535044479e-01
3.0535827901e-01
3.0536593504e-01
3.0537348002e-01
3.0538091074e-01
3.0538822404e-01
3.0539544982e-01
3.0540255089e-01
3.0540952423e-01
3.0541636691e-01
3.0542316789e-01
3.0542982868e-01
3.0543634641e-01
3.0544271831e-01
3.0544907179e-01
3.0545526755e-01
3.0546130287e-01
3.0546717509e-01
3.0547303755e-01
3.0547872233e-01
3.0548422683e-01
3.0548954853e-01
3.0549485758e-01
3.0549996593e-01
3.0550487111e-01
3.0550957075e-01
3.0551424469e-01
3.0551869078e-01
3.0552290670e-01
3.0552689027e-01
3.0553082665e-01
3.0553450157e-01
3.0553791292e-01
3.0554105879e-01
3.0554413499e-01
3.0554690192e-01
3.0554935779e-01
3.0555150101e-01
3.0555350978e-01
3.0555513107e-01
3.0555636361e-01
3.0555720641e-01
3.0555766138e-01
3.0555771772e-01
3.0555737539e-01
3.0555663467e-01
3.0555564709e-01
3.0555434844e-01
3.0555273954e-01
3.0555082142e-01
3.0554873854e-01
3.0554638490e-01
3.0554376184e-01
3.0554087082e-01
3.0553786596e-01
3.0553462047e-01
3.0553113601e-01
3.0552741438e-01
3.0552361453e-01
3.0551959905e-01
3.0551536986e-01
3.0551092899e-01
3.0550643305e-01
3.0550174301e-01
3.0549686100e-01
3.0549178922e-01
3.0548667405e-01
3.0548138362e-01
3.0547592022e-01
3.0547028623e-01
3.0546460861e-01
3.0545877230e-01
3.0545277977e-01
3.0544663356e-01
3.0544042922e-01
3.0543408076e-01
3.0542759082e-01
3.0542096212e-01
3.0541423939e-01
3.0540738513e-01
3.0540040221e-01
3.0539329356e-01
3.0538600927e-01
3.0537860358e-01
3.0537107966e-01
3.0536344078e-01
3.0535535807e-01
3.0534715783e-01
3.0533884396e-01
3.0533042044e-01
3.0532107663e-01
3.0531161161e-01
3.0530203087e-01
3.0529234000e-01
3.0528345579e-01
3.0527448987e-01
3.0526544660e-01
3.0525633041e-01
3.0524792890e-01
3.0523947354e-01
3.0523096781e-01
3.0522241525e-01
3.0521421564e-01
3.0520597976e-01
3.0519771075e-01
3.0518941178e-01
3.0518129672e-01
3.0517315917e-01
3.0516500213e-01
3.0515682857e-01
3.0514866180e-01
3.0514048459e-01
3.0513229996e-01
3.0512411093e-01
3.0511557442e-01
3.0510703986e-01
3.0509851068e-01
3.0508999034e-01
3.0508197887e-01
3.0507398117e-01
3.0506600011e-01
3.0505803858e-01
3.0505033950e-01
3.0504266410e-01
3.0503501498e-01
3.0502739476e-01
3.0502016198e-01
3.0501296004e-01
3.0500579116e-01
3.0499865756e-01
3.0499170358e-01
3.0498478766e-01
3.0497791187e-01
3.0497107824e-01
3.0496431507e-01
3.0495759774e-01
3.0495092824e-01
3.0494430853e-01
3.0493764935e-01
3.0493104537e-01
3.0492449859e-01
3.0491801098e-01
3.0491128935e-01
3.0490463683e-01
3.0489805561e-01
3.0489154784e-01
3.0488443884e-01
3.0487742513e-01
3.0487050951e-01
3.0486369475e-01
3.0485711495e-01
3.0485063717e-01
3.0484426386e-01
3.0483799743e-01
3.0483235952e-01
3.0482681484e-01
3.0482136515e-01
3.0481601214e-01
3.0481092127e-01
3.0480592415e-01
3.0480102225e-01
3.0479621699e-01
3.0479154298e-01
3.0478696693e-01
3.0478249015e-01
3.0477811390e-01
3.0477378688e-01
3.0476956542e-01
3.0476545073e-01
3.0476144398e-01
3.0475736687e-01
3.0475341055e-01
3.0474957625e-01
3.0474586515e-01
3.0474218594e-01
3.0473863889e-01
3.0473522514e-01
3.0473194578e-01
3.0472854476e-01
3.0472530410e-01
3.0472222501e-01
3.0471930865e-01
3.0471622276e-01
3.0471334576e-01
3.0471067897e-01
3.0470822365e-01
3.0470555240e-01
3.0470319045e-01
3.0470113939e-01
3.0469940058e-01
3.0469737935e-01
3.0469606706e-01
3.0469546568e-01
3.0469557609e-01
3.0469605326e-01
3.0469685467e-01
3.0469797977e-01
3.0469942780e-01
3.0470087425e-01
3.0470254182e-01
3.0470442972e-01
3.0470653706e-01
3.0470863436e-01
3.0471091006e-01
3.0471336326e-01
3.0471599300e-01
3.0471854954e-01
3.0472125179e-01
3.0472409887e-01
3.0472708983e-01
3.0473007706e-01
3.0473319349e-01
3.0473643818e-01
3.0473981013e-01
3.0474319530e-01
3.0474669784e-01
3.0475031675e-01
3.0475405097e-01
3.0475781365e-01
3.0476168455e-01
3.0476566258e-01
3.0476974664e-01
3.0477392639e-01
3.0477820939e-01
3.0478259443e-01
3.0478708027e-01
3.0479176049e-01
3.0479654296e-01
3.0480142626e-01
3.0480640894e-01
3.0481194052e-01
3.0481758598e-01
3.0482334330e-01
3.0482921042e-01
3.0483654214e-01
3.0484403144e-01
3.0485167424e-01
3.0485946641e-01
3.0486565529e-01
3.0487193068e-01
3.0487829047e-01
3.0488473255e-01
3.0489092788e-01
3.0489719365e-01
3.0490352796e-01
3.0490992888e-01
3.0491626810e-01
3.0492266762e-01
3.0492912555e-01
3.0493563999e-01
3.0494220150e-01
3.0494881554e-01
3.0495548015e-01
3.0496219336e-01
3.0496906066e-01
3.0497597397e-01
3.0498293119e-01
3.0498993019e-01
3.0499724471e-01
3.0500459962e-01
3.0501199249e-01
3.0501942090e-01
3.0502728504e-01
3.0503518305e-01
3.0504311203e-01
3.0505106908e-01
3.0505924561e-01
3.0506744542e-01
3.0507566537e-01
3.0508390231e-01
3.0509211539e-01
3.0510033909e-01
3.0510857034e-01
3.0511680602e-01
3.0512500452e-01
3.0513320132e-01
3.0514139337e-01
3.0514957765e-01
3.0515793647e-01
3.0516628079e-01
3.0517460741e-01
3.0518291313e-01
3.0519160541e-01
3.0520026754e-01
3.0520889588e-01
3.0521748684e-01
3.0522733971e-01
3.0523713273e-01
3.0524686054e-01
3.0525651781e-01
3.0526729647e-01
3.0527797173e-01
3.0528853630e-01
3.0529898300e-01
3.0530767104e-01
3.0531626660e-01
3.0532476560e-01
3.0533316403e-01
3.0534120738e-01
3.0534914892e-01
3.0535698518e-01
3.0536471273e-01
3.0537228206e-01
3.0537973745e-01
3.0538707572e-01
3.0539429375e-01
3.0540143469e-01
3.0540844767e-01
3.0541532971e-01
3.0542207791e-01
3.0542879005e-01
3.0543535834e-01
3.0544177997e-01
3.0544805217e-01
3.0545430855e-01
3.0546040310e-01
3.0546633309e-01
3.0547209591e-01
3.0547784925e-01
3.0548342018e-01
3.0548880610e-01
3.0549400453e-01
3.0549918865e-01
3.0550416652e-01
3.0550893568e-01
3.0551349380e-01
3.0551802306e-01
3.0552231768e-01
3.0552637539e-01
3.0553019404e-01
3.0553396243e-01
3.0553746017e-01
3.0554068520e-01
3.0554363567e-01
3.0554652072e-01
3.0554907943e-01
3.0555131008e-01
3.0555321115e-01
3.0555489785e-01
3.0555619460e-01
3.0555710036e-01
3.0555761441e-01
3.0555773807e-01
3.0555748867e-01
3.0555686640e-01
3.0555587173e-01
3.0555465289e-01
3.0555313116e-01
3.0555130749e-01
3.0554918300e-01
3.0554690698e-01
3.0554436625e-01
3.0554156224e-01
3.0553849647e-01
3.0553532558e-01
3.0553191906e-01
3.0552827865e-01
3.0552440618e-01
3.0552046125e-01
3.0551630499e-01
3.0551193938e-01
3.0550736649e-01
3.0550274181e-01
3.0549792680e-01
3.0549292361e-01
3.0548773451e-01
3.0548250286e-01
3.0547709926e-01
3.0547152603e-01
3.0546578560e-01
3.0545999971e-01
3.0545405804e-01
3.0544796309e-01
3.0544171744e-01
3.0543540801e-01
3.0542895698e-01
3.0542236703e-01
3.0541564091e-01
3.0540880825e-01
3.0540184612e-01
3.0539475746e-01
3.0538754524e-01
3.0538012468e-01
3.0537258397e-01
3.0536492639e-01
3.0535715530e-01
3.0534880490e-01
3.0534033516e-01
3.0533175029e-01
3.0532305457e-01
3.0531391647e-01
3.0530466863e-01
3.0529531610e-01
3.0528586403e-01
3.0527704644e-01
3.0526815247e-01
3.0525918632e-01
3.0525015227e-01
3.0524177965e-01
3.0523335654e-01
3.0522488639e-01
3.0521637265e-01
3.0520818356e-01
3.0519996081e-01
3.0519170752e-01
3.0518342681e-01
3.0517530116e-01
3.0516715526e-01
3.0515899209e-01
3.0515081464e-01
3.0514256411e-01
3.0513430525e-01
3.0512604114e-01
3.0511777491e-01
3.0510941631e-01
3.0510106195e-01
3.0509271508e-01
3.0508437893e-01
3.0507639904e-01
3.0506843484e-01
3.0506048919e-01
3.0505256493e-01
3.0504493713e-01
3.0503733448e-01
3.0502975953e-01
3.0502221482e-01
3.0501502974e-01
3.0500787684e-01
3.0500075833e-01
3.0499367640e-01
3.0498675526e-01
3.0497987359e-01
3.0497303343e-01
3.0496623681e-01
3.0495949198e-01
3.0495279461e-01
3.0494614669e-01
3.0493955019e-01
3.0493287992e-01
3.0492626716e-01
3.0491971393e-01
3.0491322225e-01
3.0490637318e-01
3.0489959866e-01
3.0489290101e-01
3.0488628256e-01
3.0487928442e-01
3.0487238250e-01
3.0486557953e-01
3.0485887816e-01
3.0485247375e-01
3.0484616989e-01
3.0483996889e-01
3.0483387302e-01
3.0482833616e-01
3.0482289267e-01
3.0481754424e-01
3.0481229252e-01
3.0480727722e-01
3.0480235645e-01
3.0479753165e-01
3.0479280421e-01
3.0478819195e-01
3.0478367901e-01
3.0477926668e-01
3.0477495621e-01
3.0477066636e-01
3.0476648498e-01
3.0476241328e-01
3.0475845245e-01
3.0475442585e-01
3.0475052329e-01
3.0474674602e-01
3.0474309522e-01
3.0473945695e-01
3.0473595616e-01
3.0473259400e-01
3.0472937158e-01
3.0472603467e-01
3.0472286481e-01
3.0471986322e-01
3.0471703105e-01
3.0471406322e-01
3.0471131045e-01
3.0470877404e-01
3.0470645521e-01
3.0470388090e-01
3.0470164548e-01
3.0469975059e-01
3.0469819759e-01
3.0469698451e-01
3.0469611740e-01
3.0469559688e-01
3.0469542333e-01
