2.3926932877e-10
2.0998472931e-10
9.2191077930e-10
3.3232696818e-09
2.0342990757e-08
5.3013718643e-08
1.3427316476e-07
3.3948271151e-07
8.7866136773e-07
1.6263842480e-06
2.9990801465e-06
5.5300219516e-06
1.0224465132e-05
1.5947487484e-05
2.4855869291e-05
3.8740087669e-05
6.0412408245e-05
8.4793127548e-05
1.1899034091e-04
1.6697638234e-04
2.3434223692e-04
3.0697479503e-04
4.0208563830e-04
5.2664581038e-04
6.8979212115e-04
8.6386112407e-04
1.0817746994e-03
1.3545670033e-03
1.6960378768e-03
2.0608374720e-03
2.5038363133e-03
3.0417087611e-03
3.6946361984e-03
4.4120508889e-03
5.2678441606e-03
6.2883574708e-03
7.5047886673e-03
9.0762319708e-03
1.0972217413e-02
1.3257807426e-02
1.6010160822e-02
1.8404388527e-02
2.1147200156e-02
2.4286337565e-02
2.7875099623e-02
3.1158009563e-02
3.4810365535e-02
3.8869455149e-02
4.3375250980e-02
4.7699788994e-02
5.2425686808e-02
5.7583933782e-02
6.3206593964e-02
6.9004012053e-02
7.5278211206e-02
8.2057830650e-02
8.9371200873e-02
9.8789114852e-02
1.0904276888e-01
1.2017197278e-01
1.3221100287e-01
1.4247540436e-01
1.5334485027e-01
1.6482486389e-01
1.7691625131e-01
1.8861657361e-01
2.0082648128e-01
2.1353397617e-01
2.2672264190e-01
2.4013653886e-01
2.5397123431e-01
2.6819873195e-01
2.8278729463e-01
2.9999242649e-01
3.1757109253e-01
3.3546033287e-01
3.5359395978e-01
3.6971955709e-01
3.8593448650e-01
4.0219153828e-01
4.1844418231e-01
4.3565759638e-01
4.5276263053e-01
4.6970983055e-01
4.8645293700e-01
5.0447304263e-01
5.2214766603e-01
5.3943190500e-01
5.5628659198e-01
5.7954304230e-01
6.0177860629e-01
6.2293678365e-01
6.4298060678e-01
6.5830334171e-01
6.7288699319e-01
6.8673403811e-01
6.9985173224e-01
7.1281294228e-01
7.2500458480e-01
7.3644690121e-01
7.4716276310e-01
7.5810436965e-01
7.6823785084e-01
7.7759939475e-01
7.8622598994e-01
7.9558198727e-01
8.0401325574e-01
8.1158106366e-01
8.1834498525e-01
8.2569192619e-01
8.3199792992e-01
8.3736023673e-01
8.4186942029e-01
8.4660498580e-01
8.5020098813e-01
8.5280799556e-01
8.5455948765e-01
8.5550361052e-01
8.5592360334e-01
8.5588736369e-01
8.5545503620e-01
8.5462953899e-01
8.5347803573e-01
8.5204849852e-01
8.5038290797e-01
8.4831344008e-01
8.4604363447e-01
8.4361048304e-01
8.4104583883e-01
8.3799657429e-01
8.3484652266e-01
8.3162496991e-01
8.2835664333e-01
8.2447653844e-01
8.2058883981e-01
8.1671707825e-01
8.1288069699e-01
8.0823751315e-01
8.0369640581e-01
7.9927722119e-01
7.9499613313e-01
7.8949318237e-01
7.8428875143e-01
7.7940429779e-01
7.7485769442e-01
7.6868733322e-01
7.6336015792e-01
7.5891362516e-01
7.5537909611e-01
7.5267568144e-01
7.5102945407e-01
7.5045416773e-01
7.5095471031e-01
7.5230084066e-01
7.5448602023e-01
7.5749600915e-01
7.6131165152e-01
7.6438491312e-01
7.6781779750e-01
7.7160041177e-01
7.7572171816e-01
7.7928178473e-01
7.8304661722e-01
7.8700801144e-01
7.9115657228e-01
7.9476596422e-01
7.9849149282e-01
8.0232444916e-01
8.0625455971e-01
8.0970007981e-01
8.1319921338e-01
8.1674115787e-01
8.2031313087e-01
8.2346317859e-01
8.2661267279e-01
8.2974746885e-01
8.3285099778e-01
8.3559189966e-01
8.3827582337e-01
8.4088393201e-01
8.4339444020e-01
8.4559478989e-01
8.4766895847e-01
8.4959122144e-01
8.5133216632e-01
8.5281624581e-01
8.5406311383e-01
8.5503298797e-01
8.5568066456e-01
8.5595936438e-01
8.5571689897e-01
8.5486617611e-01
8.5330776129e-01
8.5156321055e-01
8.4927933977e-01
8.4639350762e-01
8.4283709827e-01
8.3912199747e-01
8.3478378568e-01
8.2976454101e-01
8.2400246217e-01
8.1866642724e-01
8.1274648674e-01
8.0620286003e-01
7.9899439792e-01
7.9191866682e-01
7.8424126767e-01
7.7593063878e-01
7.6695517724e-01
7.5795548870e-01
7.4832507094e-01
7.3803989295e-01
7.2707717813e-01
7.1551796116e-01
7.0325346388e-01
6.9026794831e-01
6.7654896590e-01
6.6201406480e-01
6.4672580965e-01
6.3068587815e-01
6.1390231902e-01
5.9899446737e-01
5.8356947819e-01
5.6764605595e-01
5.5124784083e-01
5.3563886152e-01
5.1967335954e-01
5.0338261965e-01
4.8680203211e-01
4.7098016544e-01
4.5497278775e-01
4.3881871840e-01
4.2255937489e-01
4.0500653929e-01
3.8743930722e-01
3.6991618551e-01
3.5249667558e-01
3.3654385564e-01
3.2077704084e-01
3.0524153297e-01
2.8998082144e-01
2.7511914297e-01
2.6060738346e-01
2.4647971106e-01
2.3276658485e-01
2.1763837842e-01
2.0311859388e-01
1.8923264500e-01
1.7599868304e-01
1.5966838190e-01
1.4448269579e-01
1.3043200376e-01
1.1749168158e-01
1.0815040973e-01
9.9439781731e-02
9.1335270623e-02
8.3810231886e-02
7.6199631605e-02
6.9212192685e-02
6.2809206893e-02
5.6952053724e-02
5.0520339544e-02
4.4771200861e-02
3.9641856584e-02
3.5073107200e-02
3.0131641013e-02
2.5863193298e-02
2.2182306309e-02
1.9012663867e-02
1.5936663079e-02
1.3350055450e-02
1.1177439275e-02
9.3542649747e-03
7.7380076866e-03
6.3988537045e-03
5.2899523830e-03
4.3721555831e-03
3.4945453348e-03
2.7925401138e-03
2.2311736055e-03
1.7823725076e-03
1.3417528754e-03
1.0099826235e-03
7.6017175702e-04
5.7206530229e-04
3.8425668544e-04
2.5816736443e-04
1.7344368733e-04
1.1647252556e-04
6.0033915819e-05
3.1064057370e-05
1.6071948644e-05
8.2696765836e-06
1.8726598211e-06
5.2343989210e-07
1.3686089504e-07
4.3965485134e-08
7.6849711593e-10
2.0478547863e-09
-1.0411551019e-10
2.1457900655e-09
3.5165691302e-09
1.1032842512e-08
3.6457913210e-08
1.3688749876e-07
2.9773375208e-07
6.4009114946e-07
1.3756565835e-06
2.9815105027e-06
5.0539048753e-06
8.5519524891e-06
1.4470848773e-05
2.4517342528e-05
3.6221519137e-05
5.3492888525e-05
7.8998726802e-05
1.1669789856e-04
1.5828906542e-04
2.1467701447e-04
2.9114497311e-04
3.9487112396e-04
5.0588113843e-04
6.4805130304e-04
8.3013551636e-04
1.0633454470e-03
1.3118312491e-03
1.6182446041e-03
1.9960544182e-03
2.4618368978e-03
2.9638707450e-03
3.5678092688e-03
4.2941651901e-03
5.1674957667e-03
6.1562022951e-03
7.3323456335e-03
8.7307886018e-03
1.0392584181e-02
1.2207255596e-02
1.4333151402e-02
1.6821565389e-02
1.9731434813e-02
2.2625116280e-02
2.5929328301e-02
2.9697984655e-02
3.3990700299e-02
3.7687235499e-02
4.1764063480e-02
4.6255318179e-02
5.1197044867e-02
5.6058375550e-02
6.1343369156e-02
6.7081372575e-02
7.3302252392e-02
7.9998986622e-02
8.7232713159e-02
9.5032203392e-02
1.0342505220e-01
1.1264459475e-01
1.2253618176e-01
1.3312127594e-01
1.4441700149e-01
1.5507072307e-01
1.6630057169e-01
1.7810664586e-01
1.9048436942e-01
2.0244742527e-01
2.1488081800e-01
2.2776888777e-01
2.4109195742e-01
2.5545766441e-01
2.7024128163e-01
2.8540705295e-01
3.0091535370e-01
3.1698803333e-01
3.3332202829e-01
3.4986690992e-01
3.6657070878e-01
3.8283223405e-01
3.9914522754e-01
4.1546246961e-01
4.3173788229e-01
4.4991058214e-01
4.6791474405e-01
4.8569460791e-01
5.0319886144e-01
5.2151480878e-01
5.3941412355e-01
5.5685325526e-01
5.7379518441e-01
5.9276462117e-01
6.1098807506e-01
6.2843816574e-01
6.4509678693e-01
6.6049438466e-01
6.7513544729e-01
6.8902334351e-01
7.0216632797e-01
7.1516265328e-01
7.2737184286e-01
7.3881556525e-01
7.4951813076e-01
7.6043730260e-01
7.7053309558e-01
7.7984352735e-01
7.8840732456e-01
7.9782789699e-01
8.0628045050e-01
8.1383186881e-01
8.2054695080e-01
8.2757055116e-01
8.3358654962e-01
8.3868958880e-01
8.4296767468e-01
8.4724966601e-01
8.5052822098e-01
8.5292998172e-01
8.5456784316e-01
8.5552143536e-01
8.5593161420e-01
8.5587013720e-01
8.5540040799e-01
8.5454091589e-01
8.5335668933e-01
8.5189583651e-01
8.5020042596e-01
8.4810101803e-01
8.4580337537e-01
8.4334442919e-01
8.4075595891e-01
8.3768053247e-01
8.3450657694e-01
8.3126328616e-01
8.2797529194e-01
8.2407064473e-01
8.2016100997e-01
8.1626984599e-01
8.1241652219e-01
8.0774300669e-01
8.0317570385e-01
7.9873450947e-01
7.9443563137e-01
7.8894451665e-01
7.8375621869e-01
7.7889196710e-01
7.7436948752e-01
7.6761262966e-01
7.6191291076e-01
7.5732014341e-01
7.5387484190e-01
7.5168750065e-01
7.5059013944e-01
7.5059220367e-01
7.5169369424e-01
7.5335800050e-01
7.5570930903e-01
7.5873510556e-01
7.6241963888e-01
7.6557196677e-01
7.6906867768e-01
7.7290000840e-01
7.7705506657e-01
7.8063608550e-01
7.8441277232e-01
7.8837692925e-01
7.9251913372e-01
7.9612295919e-01
7.9983680932e-01
8.0365182896e-01
8.0755755810e-01
8.1098235180e-01
8.1445579683e-01
8.1796683279e-01
8.2150237925e-01
8.2462016350e-01
8.2773258151e-01
8.3082513506e-01
8.3388086035e-01
8.3657756149e-01
8.3921191286e-01
8.4176461588e-01
8.4421337821e-01
8.4635328279e-01
8.4836038070e-01
8.5020835175e-01
8.5186713784e-01
8.5325768850e-01
8.5440461850e-01
8.5526799198e-01
8.5580251710e-01
8.5595469668e-01
8.5563428164e-01
8.5476791252e-01
8.5327255703e-01
8.5150411177e-01
8.4918817922e-01
8.4626081061e-01
8.4265192861e-01
8.3896435683e-01
8.3466980154e-01
8.2971274826e-01
8.2403402707e-01
8.1871655567e-01
8.1281864836e-01
8.0630085804e-01
7.9912238125e-01
7.9205139663e-01
7.8437827961e-01
7.7607139083e-01
7.6709904427e-01
7.5815181553e-01
7.4858008502e-01
7.3836012306e-01
7.2746942110e-01
7.1593721046e-01
7.0370063864e-01
6.9074387348e-01
6.7705434680e-01
6.6276698895e-01
6.4774851459e-01
6.3200019530e-01
6.1552925297e-01
6.0061307359e-01
5.8517344084e-01
5.6922880302e-01
5.5280260055e-01
5.3733874990e-01
5.2152014015e-01
5.0537697123e-01
4.8894343993e-01
4.7332513735e-01
4.5752002395e-01
4.4156523956e-01
4.2550045385e-01
4.0200944249e-01
3.7851060694e-01
3.5514502533e-01
3.3205553759e-01
3.1664870888e-01
3.0147567883e-01
2.8657695661e-01
2.7199070263e-01
2.5662379754e-01
2.4170314467e-01
2.2726410846e-01
2.1333680329e-01
1.9911004267e-01
1.8551298129e-01
1.7256137272e-01
1.6026424156e-01
1.4753280236e-01
1.3558719646e-01
1.2441558036e-01
1.1399974765e-01
1.0491709561e-01
9.6452901877e-02
8.8582015469e-02
8.1277425605e-02
7.3795566638e-02
6.6937285906e-02
6.0662566763e-02
5.4931686697e-02
4.8078465640e-02
4.2032081341e-02
3.6709213691e-02
3.2032234421e-02
2.6989095540e-02
2.2716877038e-02
1.9104554517e-02
1.6055006886e-02
1.3476194113e-02
1.1305813288e-02
9.4808784594e-03
7.9475923442e-03
6.5404763716e-03
5.3808836038e-03
4.4257662080e-03
3.6393943173e-03
2.8824375916e-03
2.2825281044e-03
1.8071996891e-03
1.4306471291e-03
1.0602094866e-03
7.8565701157e-04
5.8215216368e-04
4.3129148027e-04
2.8173050023e-04
1.8410302277e-04
1.2030082313e-04
7.8562125583e-05
3.8308332166e-05
1.8788652736e-05
9.2132026727e-06
4.4810082105e-06
9.1323665407e-07
2.4902817928e-07
6.0670793566e-08
2.2782830905e-08
4.6288499413e-09
1.2676170825e-09
3.3009270499e-10
2.3168409427e-10
