0.0000000000e+00
2.5207368011e-03
5.0414736023e-03
7.5622104034e-03
1.0082947205e-02
1.2620054708e-02
1.5157162212e-02
1.7694269715e-02
2.0231377219e-02
2.2347881980e-02
2.4464386742e-02
2.6580891504e-02
2.8697396265e-02
3.0423679724e-02
3.2149963182e-02
3.3876246640e-02
3.5602530098e-02
3.7052901508e-02
3.8503272917e-02
3.9953644327e-02
4.1404015737e-02
4.2751999505e-02
4.4099983274e-02
4.5447967043e-02
4.6795950811e-02
4.8487920339e-02
5.0179889867e-02
5.1871859395e-02
5.3563828923e-02
5.4831945817e-02
5.6100062712e-02
5.7368179606e-02
5.8636296501e-02
5.9813701573e-02
6.0991106646e-02
6.2168511719e-02
6.3345916792e-02
6.4521442362e-02
6.5696967931e-02
6.6872493501e-02
6.8048019071e-02
6.9341801899e-02
7.0635584728e-02
7.1929367556e-02
7.3223150384e-02
7.4397642422e-02
7.5572134459e-02
7.6746626497e-02
7.7921118534e-02
7.9284890574e-02
8.0648662613e-02
8.2012434653e-02
8.3376206693e-02
8.4824262050e-02
8.6272317407e-02
8.7720372764e-02
8.9168428120e-02
9.0849552515e-02
9.2530676910e-02
9.4211801304e-02
9.5892925699e-02
9.7481559449e-02
9.9070193199e-02
1.0065882695e-01
1.0224746070e-01
1.0399131993e-01
1.0573517915e-01
1.0747903838e-01
1.0922289760e-01
1.1123760250e-01
1.1325230739e-01
1.1526701228e-01
1.1728171718e-01
1.1978004547e-01
1.2227837377e-01
1.2477670206e-01
1.2727503036e-01
1.3047357021e-01
1.3367211006e-01
1.3687064990e-01
1.4006918975e-01
1.4254140158e-01
1.4501361341e-01
1.4748582524e-01
1.4995803707e-01
1.5208180368e-01
1.5420557029e-01
1.5632933690e-01
1.5845310351e-01
1.6027573294e-01
1.6209836237e-01
1.6392099179e-01
1.6574362122e-01
1.6739278177e-01
1.6904194231e-01
1.7069110286e-01
1.7234026341e-01
1.7395025762e-01
1.7556025183e-01
1.7717024604e-01
1.7878024025e-01
1.8048343889e-01
1.8218663754e-01
1.8388983619e-01
1.8559303484e-01
1.8697912689e-01
1.8836521894e-01
1.8975131098e-01
1.9113740303e-01
1.9241278075e-01
1.9368815847e-01
1.9496353619e-01
1.9623891392e-01
1.9746355155e-01
1.9868818918e-01
1.9991282681e-01
2.0113746444e-01
2.0259826605e-01
2.0405906765e-01
2.0551986926e-01
2.0698067087e-01
2.0813895463e-01
2.0929723839e-01
2.1045552215e-01
2.1161380591e-01
2.1286457813e-01
2.1411535035e-01
2.1536612256e-01
2.1661689478e-01
2.1799474267e-01
2.1937259055e-01
2.2075043844e-01
2.2212828632e-01
2.2352131218e-01
2.2491433805e-01
2.2630736391e-01
2.2770038977e-01
2.2909951822e-01
2.3049864668e-01
2.3189777513e-01
2.3329690359e-01
2.3487675379e-01
2.3645660400e-01
2.3803645420e-01
2.3961630441e-01
2.4154567867e-01
2.4347505293e-01
2.4540442719e-01
2.4733380144e-01
2.4918446681e-01
2.5103513217e-01
2.5288579754e-01
2.5473646290e-01
2.5628954444e-01
2.5784262599e-01
2.5939570753e-01
2.6094878908e-01
2.6234343833e-01
2.6373808758e-01
2.6513273683e-01
2.6652738608e-01
2.6792012211e-01
2.6931285814e-01
2.7070559417e-01
2.7209833020e-01
2.7349485067e-01
2.7489137113e-01
2.7628789159e-01
2.7768441206e-01
2.7892513718e-01
2.8016586230e-01
2.8140658742e-01
2.8264731255e-01
2.8380254695e-01
2.8495778136e-01
2.8611301577e-01
2.8726825017e-01
2.8853200580e-01
2.8979576142e-01
2.9105951704e-01
2.9232327267e-01
2.9353768905e-01
2.9475210544e-01
2.9596652183e-01
2.9718093822e-01
2.9839162129e-01
2.9960230435e-01
3.0081298742e-01
3.0202367049e-01
3.0343627302e-01
3.0484887555e-01
3.0626147808e-01
3.0767408060e-01
3.0924611528e-01
3.1081814995e-01
3.1239018463e-01
3.1396221930e-01
3.1556621151e-01
3.1717020372e-01
3.1877419592e-01
3.2037818813e-01
3.2201036311e-01
3.2364253809e-01
3.2527471307e-01
3.2690688805e-01
3.2873772827e-01
3.3056856849e-01
3.3239940870e-01
3.3423024892e-01
3.3644721717e-01
3.3866418542e-01
3.4088115367e-01
3.4309812192e-01
3.4573017587e-01
3.4836222982e-01
3.5099428378e-01
3.5362633773e-01
3.5652974499e-01
3.5943315226e-01
3.6233655953e-01
3.6523996679e-01
3.6761455226e-01
3.6998913772e-01
3.7236372319e-01
3.7473830866e-01
3.7674547414e-01
3.7875263963e-01
3.8075980511e-01
3.8276697060e-01
3.8455291702e-01
3.8633886345e-01
3.8812480987e-01
3.8991075630e-01
3.9151205377e-01
3.9311335124e-01
3.9471464872e-01
3.9631594619e-01
3.9790293645e-01
3.9948992671e-01
4.0107691697e-01
4.0266390723e-01
4.0422412952e-01
4.0578435182e-01
4.0734457412e-01
4.0890479641e-01
4.1027802998e-01
4.1165126355e-01
4.1302449711e-01
4.1439773068e-01
4.1562395469e-01
4.1685017870e-01
4.1807640271e-01
4.1930262672e-01
4.2048312005e-01
4.2166361338e-01
4.2284410671e-01
4.2402460004e-01
4.2540243583e-01
4.2678027162e-01
4.2815810741e-01
4.2953594320e-01
4.3067954804e-01
4.3182315287e-01
4.3296675771e-01
4.3411036255e-01
4.3536080980e-01
4.3661125704e-01
4.3786170429e-01
4.3911215153e-01
4.4046554242e-01
4.4181893331e-01
4.4317232419e-01
4.4452571508e-01
4.4590603417e-01
4.4728635326e-01
4.4866667235e-01
4.5004699144e-01
4.5143082521e-01
4.5281465899e-01
4.5419849277e-01
4.5558232654e-01
4.5718089836e-01
4.5877947017e-01
4.6037804198e-01
4.6197661380e-01
4.6403888496e-01
4.6610115612e-01
4.6816342728e-01
4.7022569844e-01
4.7278651860e-01
4.7534733875e-01
4.7790815891e-01
4.8046897907e-01
4.8301515871e-01
4.8556133834e-01
4.8810751798e-01
4.9065369762e-01
4.9347310787e-01
4.9629251813e-01
4.9911192838e-01
5.0193133863e-01
5.0442092584e-01
5.0691051305e-01
5.0940010025e-01
5.1188968746e-01
5.1468595865e-01
5.1748222984e-01
5.2027850103e-01
5.2307477222e-01
5.2507324070e-01
5.2707170917e-01
5.2907017765e-01
5.3106864612e-01
5.3268462836e-01
5.3430061061e-01
5.3591659285e-01
5.3753257510e-01
5.3893756347e-01
5.4034255185e-01
5.4174754022e-01
5.4315252860e-01
5.4450890048e-01
5.4586527236e-01
5.4722164425e-01
5.4857801613e-01
5.5005361637e-01
5.5152921662e-01
5.5300481686e-01
5.5448041711e-01
5.5572167262e-01
5.5696292813e-01
5.5820418364e-01
5.5944543915e-01
5.6059498938e-01
5.6174453962e-01
5.6289408985e-01
5.6404364008e-01
5.6526090647e-01
5.6647817287e-01
5.6769543926e-01
5.6891270565e-01
5.7013430121e-01
5.7135589678e-01
5.7257749234e-01
5.7379908791e-01
5.7498094751e-01
5.7616280711e-01
5.7734466671e-01
5.7852652631e-01
5.7997916910e-01
5.8143181189e-01
5.8288445468e-01
5.8433709747e-01
5.8583272159e-01
5.8732834570e-01
5.8882396982e-01
5.9031959393e-01
5.9192785593e-01
5.9353611792e-01
5.9514437991e-01
5.9675264190e-01
5.9834773746e-01
5.9994283301e-01
6.0153792857e-01
6.0313302412e-01
6.0492373768e-01
6.0671445123e-01
6.0850516478e-01
6.1029587834e-01
6.1237444786e-01
6.1445301739e-01
6.1653158692e-01
6.1861015645e-01
6.2113608524e-01
6.2366201403e-01
6.2618794282e-01
6.2871387161e-01
6.3173847900e-01
6.3476308639e-01
6.3778769378e-01
6.4081230117e-01
6.4324879957e-01
6.4568529797e-01
6.4812179636e-01
6.5055829476e-01
6.5263949680e-01
6.5472069885e-01
6.5680190089e-01
6.5888310293e-01
6.6070108998e-01
6.6251907703e-01
6.6433706408e-01
6.6615505112e-01
6.6778889533e-01
6.6942273954e-01
6.7105658374e-01
6.7269042795e-01
6.7428935252e-01
6.7588827709e-01
6.7748720166e-01
6.7908612622e-01
6.8070583758e-01
6.8232554894e-01
6.8394526029e-01
6.8556497165e-01
6.8696731275e-01
6.8836965386e-01
6.8977199496e-01
6.9117433606e-01
6.9243050656e-01
6.9368667706e-01
6.9494284756e-01
6.9619901806e-01
6.9738902785e-01
6.9857903763e-01
6.9976904741e-01
7.0095905720e-01
7.0232105826e-01
7.0368305932e-01
7.0504506038e-01
7.0640706144e-01
7.0758667083e-01
7.0876628022e-01
7.0994588961e-01
7.1112549900e-01
7.1236085978e-01
7.1359622056e-01
7.1483158134e-01
7.1606694212e-01
7.1742866925e-01
7.1879039637e-01
7.2015212350e-01
7.2151385062e-01
7.2290690549e-01
7.2429996035e-01
7.2569301521e-01
7.2708607007e-01
7.2848329155e-01
7.2988051303e-01
7.3127773451e-01
7.3267495599e-01
7.3423342766e-01
7.3579189934e-01
7.3735037101e-01
7.3890884268e-01
7.4080129223e-01
7.4269374178e-01
7.4458619133e-01
7.4647864088e-01
7.4834291434e-01
7.5020718780e-01
7.5207146126e-01
7.5393573471e-01
7.5552114753e-01
7.5710656034e-01
7.5869197315e-01
7.6027738597e-01
7.6168765550e-01
7.6309792503e-01
7.6450819456e-01
7.6591846409e-01
7.6730925235e-01
7.6870004060e-01
7.7009082885e-01
7.7148161710e-01
7.7288470132e-01
7.7428778555e-01
7.7569086977e-01
7.7709395400e-01
7.7834934877e-01
7.7960474354e-01
7.8086013832e-01
7.8211553309e-01
7.8327828861e-01
7.8444104413e-01
7.8560379965e-01
7.8676655517e-01
7.8801612801e-01
7.8926570084e-01
7.9051527368e-01
7.9176484651e-01
7.9298638047e-01
7.9420791443e-01
7.9542944839e-01
7.9665098236e-01
7.9785884494e-01
7.9906670753e-01
8.0027457011e-01
8.0148243270e-01
8.0288562286e-01
8.0428881302e-01
8.0569200318e-01
8.0709519334e-01
8.0864268950e-01
8.1019018566e-01
8.1173768182e-01
8.1328517798e-01
8.1488953073e-01
8.1649388348e-01
8.1809823624e-01
8.1970258899e-01
8.2132948745e-01
8.2295638591e-01
8.2458328437e-01
8.2621018283e-01
8.2802114954e-01
8.2983211624e-01
8.3164308295e-01
8.3345404965e-01
8.3562113343e-01
8.3778821720e-01
8.3995530098e-01
8.4212238475e-01
8.4470647326e-01
8.4729056177e-01
8.4987465028e-01
8.5245873879e-01
8.5535307997e-01
8.5824742114e-01
8.6114176232e-01
8.6403610350e-01
8.6646492545e-01
8.6889374741e-01
8.7132256937e-01
8.7375139133e-01
8.7579671317e-01
8.7784203502e-01
8.7988735686e-01
8.8193267870e-01
8.8373748214e-01
8.8554228557e-01
8.8734708901e-01
8.8915189244e-01
8.9076981971e-01
8.9238774697e-01
8.9400567424e-01
8.9562360150e-01
8.9721010585e-01
8.9879661020e-01
9.0038311454e-01
9.0196961889e-01
9.0354576262e-01
9.0512190635e-01
9.0669805008e-01
9.0827419380e-01
9.0966348179e-01
9.1105276978e-01
9.1244205776e-01
9.1383134575e-01
9.1507123840e-01
9.1631113106e-01
9.1755102371e-01
9.1879091636e-01
9.1996148421e-01
9.2113205205e-01
9.2230261989e-01
9.2347318773e-01
9.2488520500e-01
9.2629722226e-01
9.2770923952e-01
9.2912125678e-01
9.3025883865e-01
9.3139642053e-01
9.3253400241e-01
9.3367158428e-01
9.3492717753e-01
9.3618277078e-01
9.3743836403e-01
9.3869395728e-01
9.4003608296e-01
9.4137820865e-01
9.4272033434e-01
9.4406246002e-01
9.4544983556e-01
9.4683721109e-01
9.4822458662e-01
9.4961196216e-01
9.5098334444e-01
9.5235472673e-01
9.5372610902e-01
9.5509749131e-01
9.5666741901e-01
9.5823734671e-01
9.5980727441e-01
9.6137720211e-01
9.6340928766e-01
9.6544137320e-01
9.6747345874e-01
9.6950554429e-01
9.7208806576e-01
9.7467058723e-01
9.7725310871e-01
9.7983563018e-01
9.8235617641e-01
9.8487672264e-01
9.8739726886e-01
9.8991781509e-01
9.9243836132e-01
9.9495890755e-01
9.9747945377e-01
1.0000000000e+00
