7.0382767562e-10
2.3733645728e-10
1.4220900580e-09
4.1134582427e-09
3.7071089809e-08
1.0558036341e-07
2.8948859489e-07
7.9077853576e-07
2.2411756747e-06
4.3188264554e-06
8.2796748646e-06
1.5871507817e-05
3.0536634598e-05
4.8210454132e-05
7.6049583638e-05
1.1996131154e-04
1.8934021293e-04
2.6691437115e-04
3.7618476637e-04
5.3015932042e-04
7.4721177653e-04
9.8406872484e-04
1.2958091060e-03
1.7060990534e-03
2.2460512145e-03
2.8495708603e-03
3.6144444483e-03
4.5834752835e-03
5.8105807635e-03
7.5798824316e-03
9.8810318259e-03
1.2869772629e-02
1.6744264941e-02
1.9870259678e-02
2.3562607538e-02
2.7916986390e-02
3.3042355926e-02
3.7625264329e-02
4.2808646989e-02
4.8660761120e-02
5.5254520579e-02
6.2337576536e-02
7.0242297865e-02
7.9040520937e-02
8.8804025839e-02
1.0099915386e-01
1.1459092082e-01
1.2965961602e-01
1.4626801282e-01
1.5985936782e-01
1.7435855565e-01
1.8976051943e-01
2.0604801943e-01
2.2357821668e-01
2.4195481320e-01
2.6111618853e-01
2.8098678635e-01
3.0294656945e-01
3.2549557302e-01
3.4850085038e-01
3.7182230471e-01
3.9432601698e-01
4.1686253172e-01
4.3931007632e-01
4.6155299296e-01
4.8675643084e-01
5.1139943951e-01
5.3535402885e-01
5.5851241936e-01
5.8216820827e-01
6.0474436892e-01
6.2618343330e-01
6.4644900796e-01
6.6656221062e-01
6.8534500127e-01
7.0281211412e-01
7.1899165180e-01
7.3565387406e-01
7.5081182747e-01
7.6454025201e-01
7.7691945183e-01
7.9060136645e-01
8.0247543690e-01
8.1270203650e-01
8.2143575926e-01
8.3098437595e-01
8.3847134630e-01
8.4418292894e-01
8.4837364407e-01
8.5150963059e-01
8.5331715682e-01
8.5402131442e-01
8.5381316860e-01
8.5284324662e-01
8.5124872940e-01
8.4914640066e-01
8.4663393768e-01
8.4331903309e-01
8.3966699236e-01
8.3576229549e-01
8.3167320464e-01
8.2647754393e-01
8.2116637612e-01
8.1580173803e-01
8.1043100605e-01
8.0351383661e-01
7.9670306534e-01
7.9003780041e-01
7.8354324069e-01
7.7629738064e-01
7.6930470394e-01
7.6256061928e-01
7.5604835976e-01
7.5005540935e-01
7.4420936047e-01
7.3846184867e-01
7.3275027220e-01
7.2780156805e-01
7.2275994940e-01
7.1755241203e-01
7.1209341260e-01
7.0739382020e-01
7.0240197716e-01
6.9705182498e-01
6.9127190646e-01
6.8576113018e-01
6.7980336709e-01
6.7334396149e-01
6.6632934769e-01
6.5921080391e-01
6.5152393252e-01
6.4323911912e-01
6.3433678935e-01
6.2565201960e-01
6.1645287264e-01
6.0676125654e-01
5.9661589439e-01
5.8704642624e-01
5.7720779867e-01
5.6717373585e-01
5.5703343234e-01
5.4725920318e-01
5.3758934714e-01
5.2814053947e-01
5.1903788942e-01
5.1025671501e-01
5.0211145622e-01
4.9474061627e-01
4.8827613715e-01
4.8314422998e-01
4.7900389916e-01
4.7592731208e-01
4.7396915752e-01
4.7316520885e-01
4.7352559435e-01
4.7504376895e-01
4.7769244628e-01
4.8240407738e-01
4.8861467980e-01
4.9616662566e-01
5.0487579025e-01
5.1347353978e-01
5.2268333142e-01
5.3235457361e-01
5.4234090850e-01
5.5424591665e-01
5.6619228635e-01
5.7800532119e-01
5.8953916315e-01
6.0155622854e-01
6.1300368880e-01
6.2380883581e-01
6.3393054793e-01
6.4348319897e-01
6.5232627086e-01
6.6048472229e-01
6.6799640306e-01
6.7634834789e-01
6.8390397135e-01
6.9076288636e-01
6.9702465103e-01
7.0429853782e-01
7.1094004303e-01
7.1711292799e-01
7.2295957966e-01
7.2934452687e-01
7.3561091019e-01
7.4187554338e-01
7.4822994668e-01
7.5468061664e-01
7.6133755159e-01
7.6823527654e-01
7.7539422105e-01
7.8082122450e-01
7.8639105296e-01
7.9209707799e-01
7.9792728447e-01
8.0279384676e-01
8.0771760340e-01
8.1267967910e-01
8.1765545263e-01
8.2188367476e-01
8.2607431056e-01
8.3019678490e-01
8.3421336857e-01
8.3764112515e-01
8.4091100416e-01
8.4397616888e-01
8.4678041305e-01
8.4914362093e-01
8.5114143921e-01
8.5269212898e-01
8.5369892422e-01
8.5404771765e-01
8.5360453119e-01
8.5221128062e-01
8.4968295332e-01
8.4668312389e-01
8.4268399607e-01
8.3754275276e-01
8.3110056851e-01
8.2517169285e-01
8.1828985242e-01
8.1036400644e-01
8.0129812957e-01
7.9246587914e-01
7.8264008447e-01
7.7175299051e-01
7.5973684471e-01
7.4714322837e-01
7.3340290291e-01
7.1846415834e-01
7.0228107012e-01
6.8411752981e-01
6.6454017225e-01
6.4353405895e-01
6.2110368228e-01
6.0224318383e-01
5.8252301987e-01
5.6198189566e-01
5.4067195280e-01
5.2063453700e-01
5.0007459086e-01
4.7906370112e-01
4.5768361142e-01
4.3657814920e-01
4.1530131944e-01
3.9395203794e-01
3.7263402288e-01
3.5110186324e-01
3.2982519140e-01
3.0891466491e-01
2.8847629518e-01
2.6877442044e-01
2.4972119928e-01
2.3139256144e-01
2.1385202787e-01
1.9526159517e-01
1.7776553782e-01
1.6139304368e-01
1.4615399333e-01
1.3145231735e-01
1.1795003644e-01
1.0560657018e-01
9.4369977283e-02
8.3561201433e-02
7.3857846092e-02
6.5177100563e-02
5.7435139198e-02
4.8591687716e-02
4.1034616896e-02
3.4599082615e-02
2.9134538175e-02
2.3400018948e-02
1.8767341776e-02
1.5034490285e-02
1.2032819929e-02
9.4011017030e-03
7.3399089780e-03
5.7274557602e-03
4.4671556795e-03
3.2617830619e-03
2.3809229204e-03
1.7374408334e-03
1.2674521415e-03
7.8331136780e-04
4.8437728833e-04
2.9948232859e-04
1.8494967859e-04
6.8757923905e-05
2.6297985498e-05
1.0033568229e-05
3.7047222141e-06
3.5417696594e-07
1.3861001987e-07
1.5855003528e-08
4.1773592947e-08
9.8450900212e-10
2.1544305941e-09
9.0007256928e-11
8.2161200386e-09
2.4163325446e-08
7.7740194392e-08
2.4833720878e-07
8.7130146032e-07
1.8242663471e-06
3.7845345831e-06
7.8493805387e-06
1.6387733129e-05
2.7079863171e-05
4.4687536464e-05
7.3741975372e-05
1.2180520130e-04
1.7638880947e-04
2.5535296657e-04
3.6965064809e-04
5.3519310602e-04
7.1625251647e-04
9.5841567970e-04
1.2823251979e-03
1.7155869407e-03
2.1946229538e-03
2.8068674178e-03
3.5891649715e-03
4.5883929876e-03
5.7294731458e-03
7.1517225181e-03
8.9231675902e-03
1.1127533526e-02
1.3444471404e-02
1.6234064711e-02
1.9588397202e-02
2.3615434674e-02
2.7347001128e-02
3.1644540596e-02
3.6585868733e-02
4.2256736977e-02
4.7687356680e-02
5.3766467486e-02
6.0557990017e-02
6.8128450316e-02
7.6419674676e-02
8.5599932162e-02
9.5733756870e-02
1.0688256642e-01
1.1854963748e-01
1.3123961121e-01
1.4498592873e-01
1.5981073644e-01
1.7437403965e-01
1.8984828826e-01
2.0621593387e-01
2.2344616428e-01
2.4118718015e-01
2.5966386366e-01
2.7880865917e-01
2.9854286384e-01
3.1918859719e-01
3.4025324741e-01
3.6162879481e-01
3.8320390631e-01
4.0507366800e-01
4.2691900859e-01
4.4863094473e-01
4.7010681118e-01
4.9415758656e-01
5.1765418207e-01
5.4048813363e-01
5.6256827591e-01
5.8766276986e-01
6.1150225619e-01
6.3402355111e-01
6.5519014518e-01
6.7456381470e-01
6.9263536626e-01
7.0942486378e-01
7.2496409473e-01
7.4095880989e-01
7.5549987944e-01
7.6866220193e-01
7.8052514993e-01
7.9458252937e-01
8.0663339976e-01
8.1687138605e-01
8.2548134559e-01
8.3393017898e-01
8.4054882109e-01
8.4558673726e-01
8.4926575725e-01
8.5191264869e-01
8.5344099925e-01
8.5402917897e-01
8.5383019066e-01
8.5288986353e-01
8.5133018490e-01
8.4926601807e-01
8.4679357714e-01
8.4352617168e-01
8.3992146814e-01
8.3606306181e-01
8.3201861952e-01
8.2688575278e-01
8.2163428584e-01
8.1632574582e-01
8.1100726159e-01
8.0407658390e-01
7.9724858304e-01
7.9056379514e-01
7.8404847182e-01
7.7690447398e-01
7.7000514677e-01
7.6334721612e-01
7.5691600242e-01
7.5053707066e-01
7.4432717765e-01
7.3822931177e-01
7.3216845408e-01
7.2717814663e-01
7.2208506255e-01
7.1681310312e-01
7.1127316101e-01
7.0656214334e-01
7.0155245790e-01
6.9617856742e-01
6.9036980688e-01
6.8489666098e-01
6.7898533092e-01
6.7258421983e-01
6.6564297256e-01
6.5798897614e-01
6.4968515989e-01
6.4069797063e-01
6.3100768846e-01
6.2191570159e-01
6.1229355475e-01
6.0217199420e-01
5.9160125127e-01
5.8199613501e-01
5.7216334747e-01
5.6218171412e-01
5.5214476006e-01
5.4173869396e-01
5.3152669273e-01
5.2165797440e-01
5.1229045021e-01
5.0431397969e-01
4.9701370690e-01
4.9050796024e-01
4.8490687559e-01
4.8025247050e-01
4.7671587949e-01
4.7436412017e-01
4.7324248778e-01
4.7336282570e-01
4.7469946175e-01
4.7722713244e-01
4.8089861757e-01
4.8576420049e-01
4.9166281978e-01
4.9848688473e-01
5.0611657424e-01
5.1445431367e-01
5.2334074226e-01
5.3264279276e-01
5.4223125873e-01
5.5276588835e-01
5.6335107410e-01
5.7386195095e-01
5.8419117905e-01
5.9585608383e-01
6.0704668310e-01
6.1768488992e-01
6.2772064657e-01
6.3757470684e-01
6.4673246340e-01
6.5520774357e-01
6.6302931018e-01
6.7142780363e-01
6.7905743132e-01
6.8600124595e-01
6.9234480819e-01
6.9970082792e-01
7.0638330928e-01
7.1254379977e-01
7.1831713990e-01
7.2445000559e-01
7.3038413625e-01
7.3623359467e-01
7.4209073376e-01
7.4803530311e-01
7.5411790035e-01
7.6038145215e-01
7.6685637874e-01
7.7247319843e-01
7.7825839289e-01
7.8421205656e-01
7.9032833173e-01
7.9539607126e-01
8.0055187814e-01
8.0578072902e-01
8.1106216798e-01
8.1552898440e-01
8.1999318618e-01
8.2442858638e-01
8.2880240835e-01
8.3253357742e-01
8.3615399814e-01
8.3962348536e-01
8.4289341984e-01
8.4566700382e-01
8.4816949139e-01
8.5033650690e-01
8.5209166037e-01
8.5332184325e-01
8.5397382524e-01
8.5393070133e-01
8.5305538200e-01
8.5139648151e-01
8.4877222877e-01
8.4502200929e-01
8.3996316883e-01
8.3510669441e-01
8.2927148821e-01
8.2234831648e-01
8.1421965931e-01
8.0652058102e-01
7.9784257326e-01
7.8810911771e-01
7.7724190790e-01
7.6643415593e-01
7.5458810761e-01
7.4164821948e-01
7.2756182919e-01
7.1008861208e-01
6.9100942195e-01
6.7027844878e-01
6.4786974569e-01
6.2885337487e-01
6.0878844067e-01
5.8770292008e-01
5.6564116891e-01
5.4613321043e-01
5.2601209428e-01
5.0533827986e-01
4.8418311661e-01
4.6325330565e-01
4.4203147978e-01
4.2061046392e-01
3.9909011732e-01
3.7754316299e-01
3.5611182356e-01
3.3490658934e-01
3.1403662533e-01
2.9372070874e-01
2.7393791758e-01
2.5477687239e-01
2.3631575916e-01
2.1716325291e-01
1.9897891679e-01
1.8181149333e-01
1.6569153134e-01
1.4989354435e-01
1.3526318978e-01
1.2178031416e-01
1.0941080516e-01
9.7745371995e-02
8.7161828740e-02
7.7594512906e-02
6.8973912860e-02
5.9021796393e-02
5.0405876101e-02
4.2974742155e-02
3.6585990034e-02
2.8559682310e-02
2.2243766284e-02
1.7293996214e-02
1.3426867805e-02
1.0553861443e-02
8.2894446490e-03
6.5069887821e-03
5.1052743748e-03
3.7975101500e-03
2.8237686782e-03
2.0990717635e-03
1.5598751804e-03
1.0201032524e-03
6.6724324342e-04
4.3637458557e-04
2.8519811585e-04
1.3461311313e-04
6.3992743195e-05
3.0411882766e-05
1.4307181493e-05
2.2562608826e-06
6.2861900188e-07
1.2700746522e-07
8.7549411014e-08
1.3639545198e-08
3.8380105482e-09
8.4743992469e-10
1.0872848155e-09
