0.0000000000e+00
2.5004412517e-03
5.0008825034e-03
7.5013237551e-03
1.0001765007e-02
1.1770474787e-02
1.3539184568e-02
1.5307894349e-02
1.7076604129e-02
1.8568689152e-02
2.0060774175e-02
2.1552859198e-02
2.3044944221e-02
2.4417979646e-02
2.5791015070e-02
2.7164050494e-02
2.8537085919e-02
2.9999448499e-02
3.1461811079e-02
3.2924173659e-02
3.4386536239e-02
3.5721615470e-02
3.7056694700e-02
3.8391773931e-02
3.9726853162e-02
4.1004589039e-02
4.2282324916e-02
4.3560060794e-02
4.4837796671e-02
4.5992759112e-02
4.7147721552e-02
4.8302683992e-02
4.9457646433e-02
5.0819688966e-02
5.2181731499e-02
5.3543774033e-02
5.4905816566e-02
5.6098099525e-02
5.7290382484e-02
5.8482665443e-02
5.9674948402e-02
6.0900044653e-02
6.2125140903e-02
6.3350237154e-02
6.4575333404e-02
6.5984309053e-02
6.7393284701e-02
6.8802260349e-02
7.0211235998e-02
7.1787666728e-02
7.3364097458e-02
7.4940528189e-02
7.6516958919e-02
7.8129186108e-02
7.9741413297e-02
8.1353640487e-02
8.2965867676e-02
8.4593432631e-02
8.6220997586e-02
8.7848562540e-02
8.9476127495e-02
9.1300972591e-02
9.3125817686e-02
9.4950662782e-02
9.6775507877e-02
9.8884824239e-02
1.0099414060e-01
1.0310345696e-01
1.0521277332e-01
1.0770766786e-01
1.1020256239e-01
1.1269745692e-01
1.1519235145e-01
1.1804014850e-01
1.2088794556e-01
1.2373574261e-01
1.2658353966e-01
1.2894839829e-01
1.3131325692e-01
1.3367811555e-01
1.3604297418e-01
1.3807977604e-01
1.4011657790e-01
1.4215337975e-01
1.4419018161e-01
1.4600523634e-01
1.4782029106e-01
1.4963534579e-01
1.5145040051e-01
1.5308058042e-01
1.5471076033e-01
1.5634094024e-01
1.5797112015e-01
1.5957090275e-01
1.6117068536e-01
1.6277046796e-01
1.6437025057e-01
1.6602413770e-01
1.6767802483e-01
1.6933191197e-01
1.7098579910e-01
1.7237853140e-01
1.7377126371e-01
1.7516399602e-01
1.7655672832e-01
1.7783812441e-01
1.7911952050e-01
1.8040091659e-01
1.8168231268e-01
1.8288641907e-01
1.8409052546e-01
1.8529463185e-01
1.8649873824e-01
1.8809530706e-01
1.8969187588e-01
1.9128844470e-01
1.9288501352e-01
1.9403928752e-01
1.9519356153e-01
1.9634783554e-01
1.9750210954e-01
1.9891623441e-01
2.0033035928e-01
2.0174448415e-01
2.0315860902e-01
2.0450550782e-01
2.0585240662e-01
2.0719930542e-01
2.0854620422e-01
2.0998759585e-01
2.1142898749e-01
2.1287037913e-01
2.1431177077e-01
2.1570071805e-01
2.1708966533e-01
2.1847861261e-01
2.1986755989e-01
2.2144177831e-01
2.2301599674e-01
2.2459021516e-01
2.2616443359e-01
2.2824047919e-01
2.3031652479e-01
2.3239257039e-01
2.3446861599e-01
2.3712683406e-01
2.3978505212e-01
2.4244327019e-01
2.4510148825e-01
2.4761550856e-01
2.5012952887e-01
2.5264354918e-01
2.5515756949e-01
2.5738753452e-01
2.5961749955e-01
2.6184746458e-01
2.6407742962e-01
2.6577169837e-01
2.6746596712e-01
2.6916023588e-01
2.7085450463e-01
2.7231107150e-01
2.7376763836e-01
2.7522420523e-01
2.7668077209e-01
2.7810133981e-01
2.7952190753e-01
2.8094247525e-01
2.8236304297e-01
2.8405702232e-01
2.8575100166e-01
2.8744498101e-01
2.8913896036e-01
2.9042420195e-01
2.9170944355e-01
2.9299468514e-01
2.9427992673e-01
2.9548333382e-01
2.9668674091e-01
2.9789014800e-01
2.9909355509e-01
3.0028788540e-01
3.0148221570e-01
3.0267654601e-01
3.0387087631e-01
3.0523167477e-01
3.0659247322e-01
3.0795327168e-01
3.0931407013e-01
3.1050206045e-01
3.1169005076e-01
3.1287804107e-01
3.1406603139e-01
3.1538313673e-01
3.1670024208e-01
3.1801734742e-01
3.1933445276e-01
3.2077524443e-01
3.2221603610e-01
3.2365682777e-01
3.2509761943e-01
3.2686824742e-01
3.2863887541e-01
3.3040950339e-01
3.3218013138e-01
3.3378917632e-01
3.3539822127e-01
3.3700726621e-01
3.3861631116e-01
3.4032715353e-01
3.4203799591e-01
3.4374883828e-01
3.4545968065e-01
3.4740371308e-01
3.4934774550e-01
3.5129177792e-01
3.5323581034e-01
3.5554499371e-01
3.5785417708e-01
3.6016336045e-01
3.6247254382e-01
3.6526606032e-01
3.6805957682e-01
3.7085309333e-01
3.7364660983e-01
3.7618575143e-01
3.7872489303e-01
3.8126403464e-01
3.8380317624e-01
3.8603188302e-01
3.8826058979e-01
3.9048929657e-01
3.9271800334e-01
3.9461681028e-01
3.9651561722e-01
3.9841442416e-01
4.0031323110e-01
4.0200654471e-01
4.0369985833e-01
4.0539317194e-01
4.0708648556e-01
4.0868244091e-01
4.1027839626e-01
4.1187435161e-01
4.1347030696e-01
4.1530753912e-01
4.1714477128e-01
4.1898200344e-01
4.2081923560e-01
4.2225461688e-01
4.2368999815e-01
4.2512537942e-01
4.2656076070e-01
4.2798159359e-01
4.2940242649e-01
4.3082325939e-01
4.3224409228e-01
4.3343268461e-01
4.3462127694e-01
4.3580986927e-01
4.3699846160e-01
4.3823968844e-01
4.3948091529e-01
4.4072214213e-01
4.4196336897e-01
4.4320522618e-01
4.4444708339e-01
4.4568894059e-01
4.4693079780e-01
4.4808924643e-01
4.4924769506e-01
4.5040614370e-01
4.5156459233e-01
4.5281119189e-01
4.5405779146e-01
4.5530439103e-01
4.5655099060e-01
4.5799675435e-01
4.5944251810e-01
4.6088828185e-01
4.6233404560e-01
4.6371236244e-01
4.6509067927e-01
4.6646899610e-01
4.6784731294e-01
4.6925789033e-01
4.7066846772e-01
4.7207904511e-01
4.7348962249e-01
4.7514421248e-01
4.7679880247e-01
4.7845339246e-01
4.8010798245e-01
4.8256682293e-01
4.8502566341e-01
4.8748450388e-01
4.8994334436e-01
4.9270127689e-01
4.9545920941e-01
4.9821714194e-01
5.0097507446e-01
5.0341905866e-01
5.0586304286e-01
5.0830702705e-01
5.1075101125e-01
5.1248915726e-01
5.1422730327e-01
5.1596544929e-01
5.1770359530e-01
5.1918027365e-01
5.2065695200e-01
5.2213363035e-01
5.2361030870e-01
5.2498249693e-01
5.2635468516e-01
5.2772687339e-01
5.2909906162e-01
5.3063281626e-01
5.3216657089e-01
5.3370032552e-01
5.3523408016e-01
5.3655732608e-01
5.3788057201e-01
5.3920381793e-01
5.4052706386e-01
5.4179879987e-01
5.4307053589e-01
5.4434227191e-01
5.4561400792e-01
5.4677196037e-01
5.4792991281e-01
5.4908786526e-01
5.5024581770e-01
5.5172669271e-01
5.5320756771e-01
5.5468844271e-01
5.5616931772e-01
5.5736180367e-01
5.5855428962e-01
5.5974677556e-01
5.6093926151e-01
5.6220595340e-01
5.6347264529e-01
5.6473933717e-01
5.6600602906e-01
5.6743508455e-01
5.6886414004e-01
5.7029319552e-01
5.7172225101e-01
5.7336263151e-01
5.7500301201e-01
5.7664339252e-01
5.7828377302e-01
5.7988859406e-01
5.8149341510e-01
5.8309823614e-01
5.8470305718e-01
5.8637314913e-01
5.8804324108e-01
5.8971333303e-01
5.9138342498e-01
5.9327599540e-01
5.9516856581e-01
5.9706113622e-01
5.9895370664e-01
6.0118353110e-01
6.0341335556e-01
6.0564318002e-01
6.0787300449e-01
6.1045592947e-01
6.1303885445e-01
6.1562177944e-01
6.1820470442e-01
6.2090745599e-01
6.2361020755e-01
6.2631295912e-01
6.2901571069e-01
6.3129934913e-01
6.3358298757e-01
6.3586662601e-01
6.3815026446e-01
6.4011607212e-01
6.4208187979e-01
6.4404768745e-01
6.4601349512e-01
6.4776706526e-01
6.4952063540e-01
6.5127420554e-01
6.5302777568e-01
6.5464423775e-01
6.5626069982e-01
6.5787716190e-01
6.5949362397e-01
6.6110112044e-01
6.6270861690e-01
6.6431611337e-01
6.6592360983e-01
6.6748602835e-01
6.6904844686e-01
6.7061086537e-01
6.7217328388e-01
6.7355269719e-01
6.7493211050e-01
6.7631152381e-01
6.7769093711e-01
6.7893638155e-01
6.8018182598e-01
6.8142727042e-01
6.8267271485e-01
6.8388357874e-01
6.8509444262e-01
6.8630530651e-01
6.8751617039e-01
6.8895956049e-01
6.9040295060e-01
6.9184634070e-01
6.9328973080e-01
6.9445473193e-01
6.9561973305e-01
6.9678473417e-01
6.9794973530e-01
6.9928440773e-01
7.0061908015e-01
7.0195375258e-01
7.0328842501e-01
7.0463782400e-01
7.0598722299e-01
7.0733662198e-01
7.0868602097e-01
7.1012205606e-01
7.1155809115e-01
7.1299412625e-01
7.1443016134e-01
7.1582083956e-01
7.1721151779e-01
7.1860219602e-01
7.1999287424e-01
7.2157454983e-01
7.2315622541e-01
7.2473790100e-01
7.2631957658e-01
7.2841468904e-01
7.3050980150e-01
7.3260491395e-01
7.3470002641e-01
7.3733827868e-01
7.3997653095e-01
7.4261478322e-01
7.4525303549e-01
7.4777009048e-01
7.5028714546e-01
7.5280420045e-01
7.5532125544e-01
7.5754559949e-01
7.5976994354e-01
7.6199428759e-01
7.6421863165e-01
7.6590514755e-01
7.6759166345e-01
7.6927817935e-01
7.7096469526e-01
7.7241801004e-01
7.7387132482e-01
7.7532463960e-01
7.7677795438e-01
7.7818236895e-01
7.7958678352e-01
7.8099119808e-01
7.8239561265e-01
7.8401835427e-01
7.8564109590e-01
7.8726383753e-01
7.8888657915e-01
7.9018860901e-01
7.9149063886e-01
7.9279266872e-01
7.9409469857e-01
7.9530730224e-01
7.9651990591e-01
7.9773250958e-01
7.9894511325e-01
8.0014132034e-01
8.0133752744e-01
8.0253373453e-01
8.0372994162e-01
8.0511072705e-01
8.0649151248e-01
8.0787229790e-01
8.0925308333e-01
8.1044129783e-01
8.1162951232e-01
8.1281772682e-01
8.1400594131e-01
8.1531790110e-01
8.1662986090e-01
8.1794182069e-01
8.1925378048e-01
8.2069284007e-01
8.2213189966e-01
8.2357095925e-01
8.2501001884e-01
8.2681688634e-01
8.2862375384e-01
8.3043062134e-01
8.3223748884e-01
8.3383657174e-01
8.3543565464e-01
8.3703473755e-01
8.3863382045e-01
8.4034165008e-01
8.4204947972e-01
8.4375730935e-01
8.4546513898e-01
8.4740670878e-01
8.4934827858e-01
8.5128984838e-01
8.5323141818e-01
8.5554582957e-01
8.5786024096e-01
8.6017465235e-01
8.6248906374e-01
8.6527426770e-01
8.6805947165e-01
8.7084467561e-01
8.7362987957e-01
8.7617168638e-01
8.7871349319e-01
8.8125530000e-01
8.8379710682e-01
8.8604220337e-01
8.8828729993e-01
8.9053239648e-01
8.9277749304e-01
8.9467054944e-01
8.9656360585e-01
8.9845666225e-01
9.0034971866e-01
9.0204087696e-01
9.0373203527e-01
9.0542319357e-01
9.0711435188e-01
9.0870723032e-01
9.1030010876e-01
9.1189298720e-01
9.1348586563e-01
9.1534849398e-01
9.1721112233e-01
9.1907375068e-01
9.2093637903e-01
9.2236964741e-01
9.2380291580e-01
9.2523618419e-01
9.2666945258e-01
9.2808300784e-01
9.2949656310e-01
9.3091011836e-01
9.3232367362e-01
9.3351255527e-01
9.3470143691e-01
9.3589031856e-01
9.3707920020e-01
9.3832122726e-01
9.3956325431e-01
9.4080528137e-01
9.4204730842e-01
9.4328804944e-01
9.4452879046e-01
9.4576953148e-01
9.4701027250e-01
9.4816876281e-01
9.4932725312e-01
9.5048574343e-01
9.5164423374e-01
9.5289232954e-01
9.5414042533e-01
9.5538852113e-01
9.5663661692e-01
9.5809699532e-01
9.5955737372e-01
9.6101775212e-01
9.6247813052e-01
9.6385469474e-01
9.6523125896e-01
9.6660782318e-01
9.6798438740e-01
9.6939489595e-01
9.7080540451e-01
9.7221591306e-01
9.7362642162e-01
9.7527759173e-01
9.7692876184e-01
9.7857993196e-01
9.8023110207e-01
9.8269504458e-01
9.8515898709e-01
9.8762292960e-01
9.9008687211e-01
9.9256515408e-01
9.9504343606e-01
9.9752171803e-01
1.0000000000e+00
