2.2496786943e-02
2.2844716358e-02
2.3898309544e-02
2.5687154277e-02
2.8260906699e-02
3.0595807490e-02
3.3390309488e-02
3.6680963777e-02
4.0509650616e-02
4.4130215522e-02
4.8183632135e-02
5.2701913734e-02
5.7719233866e-02
6.2747887309e-02
6.8247867098e-02
7.4248380749e-02
8.0779150702e-02
8.8050468096e-02
9.5941372623e-02
1.0448257905e-01
1.1370308212e-01
1.2327216496e-01
1.3351977343e-01
1.4446302692e-01
1.5611451659e-01
1.6741108688e-01
1.7930883318e-01
1.9180411507e-01
2.0488816774e-01
2.1750392532e-01
2.3059593372e-01
2.4414450653e-01
2.5812584478e-01
2.7376238689e-01
2.8983559139e-01
3.0630017446e-01
3.2310675015e-01
3.3973522746e-01
3.5658639938e-01
3.7360776687e-01
3.9074603998e-01
4.0764529213e-01
4.2455589082e-01
4.4142915915e-01
4.5821820087e-01
4.7824254722e-01
4.9800780830e-01
5.1744763157e-01
5.3650238475e-01
5.5592973804e-01
5.7482832461e-01
5.9315472546e-01
6.1087344689e-01
6.2927899829e-01
6.4691846580e-01
6.6377420047e-01
6.7983612251e-01
6.9494037015e-01
7.0926671535e-01
7.2282190953e-01
7.3561653841e-01
7.4865449904e-01
7.6083407979e-01
7.7217849386e-01
7.8271269560e-01
7.9379217947e-01
8.0388720475e-01
8.1303710330e-01
8.2128026756e-01
8.2996243209e-01
8.3746966434e-01
8.4385473416e-01
8.4916441546e-01
8.5437810918e-01
8.5801726325e-01
8.6012776404e-01
8.6073663539e-01
8.6011159979e-01
8.5845914546e-01
8.5576476666e-01
8.5200508441e-01
8.4791771137e-01
8.4300176541e-01
8.3722788636e-01
8.3056262606e-01
8.2392941812e-01
8.1654936313e-01
8.0839316972e-01
7.9943015851e-01
7.9070283317e-01
7.8128151488e-01
7.7114324742e-01
7.6026553131e-01
7.4910863302e-01
7.3723263729e-01
7.2462145292e-01
7.1126129998e-01
6.9630677406e-01
6.8049413700e-01
6.6382052757e-01
6.4628968728e-01
6.3053120861e-01
6.1415907826e-01
5.9719118717e-01
5.7965133382e-01
5.6335031064e-01
5.4663454882e-01
5.2953568693e-01
5.1209016236e-01
4.9586078613e-01
4.7941085200e-01
4.6277867947e-01
4.4600559814e-01
4.2756713053e-01
4.0907387089e-01
3.9058922612e-01
3.7217844118e-01
3.5528557539e-01
3.3856458728e-01
3.2206681352e-01
3.0584202694e-01
2.9033040741e-01
2.7516486700e-01
2.6038348614e-01
2.4602066533e-01
2.3114353305e-01
2.1681250197e-01
2.0305336163e-01
1.8988593748e-01
1.7384124362e-01
1.5881386876e-01
1.4480549445e-01
1.3180514362e-01
1.2134938088e-01
1.1161284882e-01
1.0257185827e-01
9.4199566308e-02
8.6248295381e-02
7.8941224075e-02
7.2243938681e-02
6.6121759095e-02
5.9415577129e-02
5.3445847120e-02
4.8155510138e-02
4.3490890600e-02
3.7148010878e-02
3.2125474815e-02
2.8267769664e-02
2.5450545599e-02
2.3595607136e-02
2.2606160593e-02
2.2449028118e-02
2.3118932630e-02
2.4264945290e-02
2.5978906634e-02
2.8296970317e-02
3.1267204147e-02
3.4003462428e-02
3.7184013755e-02
4.0844367955e-02
4.5024119635e-02
4.9022800330e-02
5.3458172568e-02
5.8361071443e-02
6.3763942484e-02
6.9363661020e-02
7.5470130509e-02
8.2113195485e-02
8.9322733757e-02
9.7670736649e-02
1.0673131273e-01
1.1653667918e-01
1.2711583076e-01
1.3731550123e-01
1.4817590349e-01
1.5970699451e-01
1.7191376246e-01
1.8353409437e-01
1.9570179410e-01
2.0840760288e-01
2.2163761515e-01
2.3523893552e-01
2.4931331209e-01
2.6383340247e-01
2.7876752865e-01
2.9534665629e-01
3.1231831093e-01
3.2962825909e-01
3.4721887972e-01
3.6403826098e-01
3.8100247305e-01
3.9805919139e-01
4.1515636213e-01
4.3352718614e-01
4.5182412543e-01
4.6998854814e-01
4.8796529985e-01
5.0706694580e-01
5.2583297535e-01
5.4421125368e-01
5.6215597330e-01
5.8296758926e-01
6.0304890592e-01
6.2235608639e-01
6.4085634573e-01
6.5818984661e-01
6.7471289070e-01
6.9041972704e-01
7.0531089543e-01
7.1958225398e-01
7.3303206581e-01
7.4567488592e-01
7.5752826388e-01
7.6985672784e-01
7.8125546888e-01
7.9175594798e-01
8.0139035219e-01
8.1169380366e-01
8.2088692952e-01
8.2901932221e-01
8.3613747603e-01
8.4340137644e-01
8.4933111394e-01
8.5398213592e-01
8.5739922263e-01
8.5960533029e-01
8.6064857539e-01
8.6053931650e-01
8.5927647418e-01
8.5714176211e-01
8.5404436426e-01
8.4995990825e-01
8.4485686518e-01
8.3970173720e-01
8.3375909788e-01
8.2699863754e-01
8.1938718013e-01
8.1200745719e-01
8.0392481633e-01
7.9511317840e-01
7.8554589779e-01
7.7600217934e-01
7.6576822087e-01
7.5482366378e-01
7.4314921571e-01
7.2859274481e-01
7.1299559688e-01
6.9633877670e-01
6.7861020942e-01
6.6265107973e-01
6.4591436148e-01
6.2841026892e-01
6.1015634043e-01
5.9385826761e-01
5.7704498380e-01
5.5974362251e-01
5.4198695972e-01
5.2572500831e-01
5.0916048370e-01
4.9232913301e-01
4.7527049092e-01
4.5818990178e-01
4.4097390403e-01
4.2367065693e-01
4.0633078850e-01
3.8886739323e-01
3.7147552969e-01
3.5421106551e-01
3.3712972922e-01
3.2106871748e-01
3.0526991923e-01
2.8977717885e-01
2.7463164600e-01
2.5941934372e-01
2.4465393182e-01
2.3036823414e-01
2.1659017703e-01
2.0137894867e-01
1.8689775843e-01
1.7316418599e-01
1.6018736106e-01
1.4793513389e-01
1.3643917672e-01
1.2568728616e-01
1.1566188636e-01
1.0639899719e-01
9.7806371523e-02
8.9856420532e-02
8.2519745053e-02
7.4959522984e-02
6.8092872382e-02
6.1875761314e-02
5.6265033802e-02
4.9580640795e-02
4.3828503766e-02
3.8920162384e-02
3.4776073744e-02
3.0623150548e-02
2.7411423634e-02
2.5052750319e-02
2.3480821183e-02
2.2637233196e-02
2.2554195994e-02
2.3229147096e-02
2.4682781792e-02
2.6402301003e-02
2.8662842180e-02
3.1505648272e-02
3.4981449577e-02
3.8135709997e-02
4.1734707057e-02
4.5813465184e-02
5.0410244138e-02
5.4889901753e-02
5.9827246532e-02
6.5253137274e-02
7.1199577611e-02
7.7540311899e-02
8.4439724068e-02
9.1928622568e-02
1.0003715564e-01
1.0872621926e-01
1.1808051350e-01
1.2812363839e-01
1.3887567914e-01
1.4955353633e-01
1.6087017045e-01
1.7282966299e-01
1.8543096190e-01
1.9757836874e-01
2.1025311900e-01
2.2344097429e-01
2.3712307446e-01
2.5156733571e-01
2.6647173995e-01
2.8180177071e-01
2.9751859084e-01
3.1390096857e-01
3.3059228739e-01
3.4754088138e-01
3.6469301522e-01
3.8156862402e-01
3.9853400715e-01
4.1553798010e-01
4.3253029899e-01
4.5192613740e-01
4.7117277124e-01
4.9020470684e-01
5.0896149980e-01
5.2893414859e-01
5.4845613135e-01
5.6747335015e-01
5.8593986083e-01
6.0495348923e-01
6.2326339210e-01
6.4084203286e-01
6.5767006226e-01
6.7396802034e-01
6.8947499035e-01
7.0419118763e-01
7.1812189450e-01
7.3183561523e-01
7.4471880519e-01
7.5678949471e-01
7.6806816640e-01
7.7983625748e-01
7.9066380005e-01
8.0058498133e-01
8.0963408691e-01
8.1923507223e-01
8.2772232055e-01
8.3514584212e-01
8.4155165200e-01
8.4861423766e-01
8.5400680077e-01
8.5779658787e-01
8.6003204747e-01
8.6073915419e-01
8.6022581635e-01
8.5848661417e-01
8.5550332102e-01
8.5214117616e-01
8.4791437730e-01
8.4279504474e-01
8.3675027369e-01
8.3068234511e-01
8.2385150369e-01
8.1622763180e-01
8.0777866517e-01
7.9953175708e-01
7.9057916878e-01
7.8089607842e-01
7.7045772728e-01
7.5991910498e-01
7.4867019693e-01
7.3669290122e-01
7.2397092645e-01
7.0947273714e-01
6.9408741959e-01
6.7780676949e-01
6.6062876224e-01
6.4485834252e-01
6.2841304560e-01
6.1130754169e-01
5.9356286714e-01
5.7721892405e-01
5.6041355119e-01
5.4317672005e-01
5.2554363287e-01
5.0926002162e-01
4.9271834670e-01
4.7595611503e-01
4.5901422441e-01
4.4117329108e-01
4.2323802445e-01
4.0526481856e-01
3.8731228515e-01
3.7002362021e-01
3.5286560968e-01
3.3589303316e-01
3.1915967299e-01
3.0337773465e-01
2.8790767138e-01
2.7279039567e-01
2.5806351515e-01
2.4305475642e-01
2.2854819496e-01
2.1457278601e-01
2.0115198497e-01
1.8489441773e-01
1.6958866862e-01
1.5524542966e-01
1.4186304931e-01
1.3018671566e-01
1.1932472824e-01
1.0925335314e-01
9.9944117136e-02
9.1654536300e-02
8.4013454131e-02
7.6988456905e-02
7.0546439587e-02
6.3612498468e-02
5.7398101326e-02
5.1850472211e-02
4.6919357166e-02
3.8677662556e-02
3.2404342409e-02
2.7822194372e-02
2.4718362423e-02
2.3233222162e-02
2.2500994642e-02
2.2499971296e-02
2.3230132119e-02
2.4506490713e-02
2.6404207859e-02
2.8966561454e-02
3.2250886069e-02
3.5041656636e-02
3.8256923142e-02
4.1929785381e-02
4.6096859838e-02
5.0149381486e-02
5.4633328675e-02
5.9578589058e-02
6.5016508396e-02
7.0652172922e-02
7.6787619201e-02
8.3451570531e-02
9.0672693697e-02
1.0096654025e-01
1.1231404420e-01
1.2476908637e-01
1.3837740008e-01
1.4895932990e-01
1.6017192359e-01
1.7201946135e-01
1.8450124400e-01
1.9676701901e-01
2.0957456096e-01
2.2290935386e-01
2.3675202111e-01
2.5142704190e-01
2.6657782367e-01
2.8216811609e-01
2.9815705944e-01
3.1668348224e-01
3.3559240144e-01
3.5480881726e-01
3.7425476159e-01
3.9122061101e-01
4.0824721076e-01
4.2528354644e-01
4.4227990160e-01
4.6060070347e-01
4.7876049673e-01
4.9670530992e-01
5.1438541619e-01
5.3475122489e-01
5.5462499914e-01
5.7395106266e-01
5.9268270277e-01
6.1370057559e-01
6.3381456708e-01
6.5299203286e-01
6.7121252305e-01
6.8679184791e-01
7.0158663732e-01
7.1560127239e-01
7.2884443980e-01
7.4225124649e-01
7.5479739861e-01
7.6650463346e-01
7.7739676813e-01
7.8900256575e-01
7.9959347929e-01
8.0920977805e-01
8.1789110702e-01
8.2712625389e-01
8.3513303594e-01
8.4196843492e-01
8.4768332922e-01
8.5274719780e-01
8.5654623867e-01
8.5911816467e-01
8.6048894533e-01
8.6069150750e-01
8.5982458829e-01
8.5788019186e-01
8.5484051794e-01
8.5130939470e-01
8.4691596666e-01
8.4163166346e-01
8.3542303401e-01
8.2933832145e-01
8.2252050396e-01
8.1494116468e-01
8.0657017726e-01
7.9832132047e-01
7.8938012873e-01
7.7972264064e-01
7.6932500717e-01
7.5805682180e-01
7.4598804191e-01
7.3309753912e-01
7.1936662902e-01
7.0272213053e-01
6.8495607309e-01
6.6606115622e-01
6.4604093039e-01
6.3074612237e-01
6.1487309951e-01
5.9843806785e-01
5.8146245651e-01
5.6484471234e-01
5.4779090616e-01
5.3033442709e-01
5.1251389647e-01
4.9645772341e-01
4.8018416755e-01
4.6373026160e-01
4.4713593834e-01
4.2945992414e-01
4.1172766584e-01
3.9399484742e-01
3.7631881701e-01
3.5914998055e-01
3.4214574286e-01
3.2535994132e-01
3.0884492502e-01
2.9347273730e-01
2.7842972474e-01
2.6375319507e-01
2.4947705187e-01
2.3443709876e-01
2.1993985329e-01
2.0601267380e-01
1.9267688600e-01
1.7729836652e-01
1.6283025792e-01
1.4927684887e-01
1.3663187156e-01
1.2616133372e-01
1.1637762870e-01
1.0726077654e-01
9.8787605946e-02
9.0558107402e-02
8.2977825109e-02
7.6013829882e-02
6.9632585682e-02
6.2732319181e-02
5.6558390642e-02
5.1056819286e-02
4.6176344908e-02
4.0089154260e-02
3.5081284235e-02
3.1036998556e-02
2.7858849982e-02
2.5467795764e-02
2.3802963654e-02
2.2821202857e-02
2.2496791575e-02
