5.5372974267e-10
1.7526561915e-10
1.0796421697e-09
3.0528500916e-09
2.8259252431e-08
8.1131224968e-08
2.2407423377e-07
6.1639410985e-07
1.7619102976e-06
3.4039125120e-06
6.5416534223e-06
1.2570517668e-05
2.4246461464e-05
3.8381625392e-05
6.0704937433e-05
9.6009648124e-05
1.5194054245e-04
2.1462634578e-04
3.0310491139e-04
4.2803883358e-04
6.0452429283e-04
7.9670212737e-04
1.0498298886e-03
1.3832450703e-03
1.8224042385e-03
2.3048974867e-03
2.9146036806e-03
3.6848674401e-03
4.6576308845e-03
5.7950593216e-03
7.2076925712e-03
8.9608973278e-03
1.1134845087e-02
1.3361488080e-02
1.6024495325e-02
1.9205592864e-02
2.3000096465e-02
2.6538508697e-02
3.0600169358e-02
3.5255495961e-02
4.0582054016e-02
4.5665002955e-02
5.1341675043e-02
5.7669991572e-02
6.4710478777e-02
7.2255848603e-02
8.0583168884e-02
8.9749414454e-02
9.9809851132e-02
1.1085081587e-01
1.2289097345e-01
1.3596996820e-01
1.5011762168e-01
1.6365988382e-01
1.7807041205e-01
1.9334158066e-01
2.0945438130e-01
2.2589695980e-01
2.4306589130e-01
2.6091037523e-01
2.7936919260e-01
3.0047721406e-01
3.2214520302e-01
3.4425502118e-01
3.6668186918e-01
3.8776403985e-01
4.0890599488e-01
4.3000587942e-01
4.5096593878e-01
4.7559489440e-01
4.9975427363e-01
5.2331899621e-01
5.4618160420e-01
5.7034652030e-01
5.9346636517e-01
6.1547220023e-01
6.3631738372e-01
6.5598748582e-01
6.7445964403e-01
6.9173914518e-01
7.0784349899e-01
7.2436553192e-01
7.3952435064e-01
7.5337694098e-01
7.6598632677e-01
7.7976659153e-01
7.9192547172e-01
8.0258794281e-01
8.1187681117e-01
8.2267946070e-01
8.3137602919e-01
8.3823692915e-01
8.4350649991e-01
8.4792209182e-01
8.5077877753e-01
8.5233491791e-01
8.5281088497e-01
8.5243327622e-01
8.5138581831e-01
8.4978359616e-01
8.4772403763e-01
8.4493770621e-01
8.4176844173e-01
8.3829891309e-01
8.3459706303e-01
8.2991037509e-01
8.2504537583e-01
8.2006391946e-01
8.1501455791e-01
8.0841649549e-01
8.0182998484e-01
7.9530072838e-01
7.8886119665e-01
7.8064160415e-01
7.7264323748e-01
7.6488223332e-01
7.5736262502e-01
7.4944529309e-01
7.4178773252e-01
7.3435866183e-01
7.2711389587e-01
7.2086340099e-01
7.1466071541e-01
7.0844584398e-01
7.0214748156e-01
6.9692887879e-01
6.9155122200e-01
6.8595971903e-01
6.8009543179e-01
6.7406826536e-01
6.6766553429e-01
6.6082998894e-01
6.5350857752e-01
6.4609861905e-01
6.3818584465e-01
6.2975745249e-01
6.2082039052e-01
6.1332341248e-01
6.0555037103e-01
5.9754534106e-01
5.8936760769e-01
5.8128336803e-01
5.7319132506e-01
5.6519076799e-01
5.5739353827e-01
5.4971888749e-01
5.4252896700e-01
5.3596691177e-01
5.3017313562e-01
5.2583514823e-01
5.2226725595e-01
5.1953692221e-01
5.1769718661e-01
5.1676882810e-01
5.1685784068e-01
5.1796226206e-01
5.2005841108e-01
5.2391770081e-01
5.2908079911e-01
5.3539327179e-01
5.4267587519e-01
5.4947986447e-01
5.5672198396e-01
5.6428300509e-01
5.7204954948e-01
5.8096877488e-01
5.8988309549e-01
5.9867861183e-01
6.0726307400e-01
6.1730107339e-01
6.2683850372e-01
6.3582695433e-01
6.4425014745e-01
6.5196188021e-01
6.5916733032e-01
6.6590535288e-01
6.7222290995e-01
6.7956126555e-01
6.8643257532e-01
6.9293625410e-01
6.9916599224e-01
7.0786732075e-01
7.1639606506e-01
7.2493398537e-01
7.3362368550e-01
7.4033540789e-01
7.4722911591e-01
7.5433041118e-01
7.6165658090e-01
7.6758136018e-01
7.7365170230e-01
7.7986455064e-01
7.8621237899e-01
7.9144585629e-01
7.9674945366e-01
8.0210923892e-01
8.0750654877e-01
8.1207292866e-01
8.1662986947e-01
8.2115375704e-01
8.2561514172e-01
8.2942707213e-01
8.3313420355e-01
8.3670071910e-01
8.4008342041e-01
8.4296443159e-01
8.4560255448e-01
8.4794213997e-01
8.4991740930e-01
8.5140616232e-01
8.5240132059e-01
8.5280693748e-01
8.5251102076e-01
8.5154480431e-01
8.4980478122e-01
8.4716848470e-01
8.4349709006e-01
8.3931837167e-01
8.3411340209e-01
8.2775433568e-01
8.2010173871e-01
8.1326605775e-01
8.0550966479e-01
7.9675711540e-01
7.8693033336e-01
7.7709159205e-01
7.6625713641e-01
7.5436847899e-01
7.4136870966e-01
7.2803287693e-01
7.1361746747e-01
6.9808586992e-01
6.8140828500e-01
6.6309738517e-01
6.4354859285e-01
6.2276580473e-01
6.0077043845e-01
5.8189721369e-01
5.6227361915e-01
5.4194520994e-01
5.2096950890e-01
5.0150836094e-01
4.8163585667e-01
4.6142085643e-01
4.4094003914e-01
4.2018637366e-01
3.9934036356e-01
3.7849789337e-01
3.5775792337e-01
3.3745931669e-01
3.1745465130e-01
2.9783665990e-01
2.7869305006e-01
2.5973278164e-01
2.4142724052e-01
2.2384220872e-01
2.0703173079e-01
1.8961051104e-01
1.7319956285e-01
1.5781932499e-01
1.4347448335e-01
1.2968981753e-01
1.1698241923e-01
1.0531645561e-01
9.4647050971e-02
8.4433565011e-02
7.5201900679e-02
6.6883588555e-02
5.9409098336e-02
5.0832912659e-02
4.3422013409e-02
3.7038360526e-02
3.1554409983e-02
2.5427401776e-02
2.0459017786e-02
1.6441270268e-02
1.3199353351e-02
1.0486945109e-02
8.3262957178e-03
6.6071883033e-03
5.2406265589e-03
3.9494717583e-03
2.9754189558e-03
2.2409387938e-03
1.6872768475e-03
1.1302584800e-03
7.5719859020e-04
5.0719686952e-04
3.3956077385e-04
1.6665593559e-04
8.2241414091e-05
4.0575686592e-05
1.9862766573e-05
3.1388489715e-06
8.7394847067e-07
1.7688072845e-07
1.2131660189e-07
-2.6601120489e-09
7.0719576817e-09
-1.1093157966e-09
6.7746347985e-09
6.1689021101e-09
1.9354954925e-08
6.8044120259e-08
2.9870293601e-07
6.8052587481e-07
1.5271101322e-06
3.4250546537e-06
7.7680885195e-06
1.3428914630e-05
2.3166525738e-05
3.9963787437e-05
6.9044085700e-05
1.0242659448e-04
1.5188714377e-04
2.2522451906e-04
3.3405864738e-04
4.5342174962e-04
6.1533819988e-04
8.3501552625e-04
1.1331045272e-03
1.4566697622e-03
1.8723496332e-03
2.4063004597e-03
3.0920391574e-03
3.9499672862e-03
5.0443211033e-03
6.4394863502e-03
8.2168301359e-03
1.0312469516e-02
1.2933879166e-02
1.6208324392e-02
2.0291052797e-02
2.3641694623e-02
2.7526414927e-02
3.2023532886e-02
3.7220387156e-02
4.2023099121e-02
4.7407213809e-02
5.3432588715e-02
6.0162345448e-02
6.7724733734e-02
7.6138722487e-02
8.5473866666e-02
9.5798461511e-02
1.0670307434e-01
1.1863266180e-01
1.3163254363e-01
1.4573823880e-01
1.5879329924e-01
1.7269231332e-01
1.8743168976e-01
2.0299739314e-01
2.1930649048e-01
2.3637468288e-01
2.5415392816e-01
2.7258506886e-01
2.9167596385e-01
3.1127408416e-01
3.3129211420e-01
3.5163696171e-01
3.7246284656e-01
3.9342200865e-01
4.1441299063e-01
4.3533694965e-01
4.5815329089e-01
4.8065740347e-01
5.0274294942e-01
5.2431545198e-01
5.4828455729e-01
5.7137179813e-01
5.9349660230e-01
6.1459881559e-01
6.3581202419e-01
6.5580089503e-01
6.7455525301e-01
6.9208059764e-01
7.0913271515e-01
7.2489169007e-01
7.3940055816e-01
7.5270959127e-01
7.6724141477e-01
7.8021270161e-01
7.9172967789e-01
8.0189901134e-01
8.1293663948e-01
8.2220937865e-01
8.2990616299e-01
8.3620244492e-01
8.4196018451e-01
8.4627771355e-01
8.4935572633e-01
8.5137093000e-01
8.5252842825e-01
8.5280125078e-01
8.5233237995e-01
8.5124400928e-01
8.4947344997e-01
8.4720374125e-01
8.4453019177e-01
8.4153232908e-01
8.3769398709e-01
8.3358791366e-01
8.2928479308e-01
8.2484146926e-01
8.1918826683e-01
8.1345673358e-01
8.0769926474e-01
8.0195540077e-01
7.9447853553e-01
7.8712327360e-01
7.7992145420e-01
7.7289271307e-01
7.6410360069e-01
7.5562411156e-01
7.4744381975e-01
7.3953774733e-01
7.3234372847e-01
7.2531153081e-01
7.1838311595e-01
7.1148548349e-01
7.0610763773e-01
7.0064598840e-01
6.9504495446e-01
6.8924249509e-01
6.8392255855e-01
6.7834510450e-01
6.7245886410e-01
6.6621213321e-01
6.6005921442e-01
6.5351657635e-01
6.4655270252e-01
6.3914423726e-01
6.3204394572e-01
6.2457049789e-01
6.1673791922e-01
6.0857509216e-01
6.0085305756e-01
5.9294177153e-01
5.8490477581e-01
5.7682020489e-01
5.6900241681e-01
5.6132436494e-01
5.5389339624e-01
5.4682453362e-01
5.4031137487e-01
5.3438532359e-01
5.2915895194e-01
5.2473698187e-01
5.2110164803e-01
5.1851496537e-01
5.1703861615e-01
5.1670846713e-01
5.1745005695e-01
5.1919434833e-01
5.2190410713e-01
5.2552260814e-01
5.3018885136e-01
5.3566411233e-01
5.4183631246e-01
5.4858604839e-01
5.5615854132e-01
5.6409326064e-01
5.7225815440e-01
5.8053184153e-01
5.9022644585e-01
5.9977616890e-01
6.0906476783e-01
6.1800571892e-01
6.2691328559e-01
6.3533950223e-01
6.4327056258e-01
6.5071250961e-01
6.5845528590e-01
6.6566339627e-01
6.7239283317e-01
6.7870560294e-01
6.8614552239e-01
6.9315404481e-01
6.9984811043e-01
7.0633373044e-01
7.1360834585e-01
7.2085043903e-01
7.2815707639e-01
7.3560589766e-01
7.4236307431e-01
7.4931041392e-01
7.5647096893e-01
7.6385958114e-01
7.6976018152e-01
7.7580196373e-01
7.8198056935e-01
7.8828709350e-01
7.9347150861e-01
7.9871929322e-01
8.0401555907e-01
8.0934056082e-01
8.1384922397e-01
8.1834033580e-01
8.2278914425e-01
8.2716489154e-01
8.3090249897e-01
8.3452427781e-01
8.3799281172e-01
8.4126307002e-01
8.4404347519e-01
8.4656189727e-01
8.4875951409e-01
8.5056687004e-01
8.5186906932e-01
8.5264063089e-01
8.5277932789e-01
8.5216595459e-01
8.5073337189e-01
8.4833009970e-01
8.4479165510e-01
8.3993038332e-01
8.3524487885e-01
8.2957902920e-01
8.2282194372e-01
8.1485407322e-01
8.0749811113e-01
7.9921065649e-01
7.8991961301e-01
7.7955103207e-01
7.6931566124e-01
7.5810714592e-01
7.4587329805e-01
7.3256412147e-01
7.1751642949e-01
7.0120614639e-01
6.8359491304e-01
6.6465524359e-01
6.4683854230e-01
6.2797889646e-01
6.0808989115e-01
5.8719911838e-01
5.6815335331e-01
5.4841498584e-01
5.2803483891e-01
5.0707515173e-01
4.8738445129e-01
4.6733324987e-01
4.4699524506e-01
4.2645136554e-01
4.0478231675e-01
3.8308970659e-01
3.6148429895e-01
3.4007870588e-01
3.2020353553e-01
3.0069603880e-01
2.8164246130e-01
2.6312262675e-01
2.4471591778e-01
2.2701682179e-01
2.1008134305e-01
1.9395333288e-01
1.7519933642e-01
1.5775748430e-01
1.4163589455e-01
1.2681977647e-01
1.1416416802e-01
1.0257132061e-01
9.1992436374e-02
8.2372237360e-02
7.2889036781e-02
6.4397973748e-02
5.6817955061e-02
5.0069133802e-02
4.2410692521e-02
3.5867856480e-02
3.0294439977e-02
2.5558477459e-02
2.0650941301e-02
1.6665925081e-02
1.3436955605e-02
1.0825042814e-02
8.5364619223e-03
6.7278283677e-03
5.2998994809e-03
4.1733806131e-03
3.1021994139e-03
2.3053382352e-03
1.7127392934e-03
1.2721231581e-03
8.3025278632e-04
5.4200126953e-04
3.5378278206e-04
2.3077356368e-04
1.0876925163e-04
5.1637921102e-05
2.4507628234e-05
1.1513114327e-05
1.8005469747e-06
5.0299793273e-07
1.0093223303e-07
7.1146386436e-08
1.0726156346e-08
3.0551356335e-09
6.5968027895e-10
9.1940903797e-10
