3.9147293019e-10
5.6000628619e-10
2.1475551935e-09
7.8395571401e-09
3.8498826166e-08
9.3111180702e-08
2.2059858515e-07
5.2215671989e-07
1.2555151582e-06
2.2457024397e-06
4.0054751199e-06
7.1439503836e-06
1.2767637920e-05
1.9515851227e-05
2.9813681873e-05
4.5544833615e-05
6.9606147714e-05
9.6686881649e-05
1.3428120765e-04
1.8648970820e-04
2.5902238796e-04
3.3655491085e-04
4.3726172375e-04
5.6808189177e-04
7.3803490977e-04
9.1903634907e-04
1.1443441941e-03
1.4247917893e-03
1.7738493162e-03
2.1464278530e-03
2.5969917751e-03
3.1417734177e-03
3.8003358943e-03
4.5226620335e-03
5.3813517904e-03
6.4018034962e-03
7.6139943170e-03
9.1103626901e-03
1.0896831578e-02
1.3028012452e-02
1.5568067077e-02
1.7938870994e-02
2.0661425287e-02
2.3784906463e-02
2.7364363560e-02
3.0588223449e-02
3.4175370489e-02
3.8162618235e-02
4.2589472802e-02
4.6816602379e-02
5.1434945045e-02
5.6474778493e-02
6.1967480828e-02
6.7587823984e-02
7.3666594359e-02
8.0231420646e-02
8.7309742318e-02
9.6299054299e-02
1.0607260375e-01
1.1666851383e-01
1.2812034220e-01
1.3832476339e-01
1.4915343212e-01
1.6061406642e-01
1.7270953806e-01
1.8417559808e-01
1.9615141151e-01
2.0862684408e-01
2.2158745474e-01
2.3457703183e-01
2.4798255226e-01
2.6177926391e-01
2.7593884451e-01
2.9367929941e-01
3.1184998689e-01
3.3038178979e-01
3.4920136626e-01
3.6516780020e-01
3.8123736771e-01
3.9736406462e-01
4.1350236500e-01
4.3013547969e-01
4.4668608351e-01
4.6310903275e-01
4.7936179048e-01
4.9708011465e-01
5.1449327482e-01
5.3155737635e-01
5.4823366020e-01
5.6797861930e-01
5.8704777375e-01
6.0540117752e-01
6.2300887957e-01
6.3924943845e-01
6.5476727432e-01
6.6955754189e-01
6.8362102970e-01
6.9709912953e-01
7.0985126635e-01
7.2189128187e-01
7.3323604232e-01
7.4470831951e-01
7.5542197936e-01
7.6540558702e-01
7.7468905934e-01
7.8450809299e-01
7.9349482694e-01
8.0169626069e-01
8.0915889583e-01
8.1778284397e-01
8.2534395069e-01
8.3193279890e-01
8.3763498822e-01
8.4325451057e-01
8.4790121189e-01
8.5168196772e-01
8.5469405930e-01
8.5711978479e-01
8.5889035803e-01
8.6008725200e-01
8.6078315831e-01
8.6104409776e-01
8.6090877197e-01
8.6043173200e-01
8.5966113917e-01
8.5855610540e-01
8.5720788791e-01
8.5565665782e-01
8.5393743762e-01
8.5185848119e-01
8.4964492648e-01
8.4732824912e-01
8.4493545243e-01
8.4212005233e-01
8.3926442414e-01
8.3639378338e-01
8.3352935644e-01
8.3015646198e-01
8.2684251885e-01
8.2360817746e-01
8.2047047244e-01
8.1671727731e-01
8.1315810459e-01
8.0981094842e-01
8.0669038639e-01
8.0291297133e-01
7.9957922096e-01
7.9670676148e-01
7.9430937950e-01
7.9199851956e-01
7.9046033948e-01
7.8970462489e-01
7.8973606565e-01
7.9032050478e-01
7.9139748564e-01
7.9296274769e-01
7.9500992632e-01
7.9696342923e-01
7.9920726548e-01
8.0173486254e-01
8.0453826264e-01
8.0705951929e-01
8.0975656524e-01
8.1262172371e-01
8.1564586724e-01
8.1834167462e-01
8.2113718126e-01
8.2402295929e-01
8.2698785680e-01
8.2962876498e-01
8.3230955347e-01
8.3501813923e-01
8.3774036401e-01
8.4016208457e-01
8.4256788100e-01
8.4494196597e-01
8.4726605612e-01
8.4931809640e-01
8.5129305464e-01
8.5316995536e-01
8.5492478059e-01
8.5643191915e-01
8.5778253313e-01
8.5894749823e-01
8.5989377250e-01
8.6060054522e-01
8.6098879710e-01
8.6100564582e-01
8.6059107582e-01
8.5981072461e-01
8.5858717735e-01
8.5686168259e-01
8.5456899715e-01
8.5187448973e-01
8.4856737120e-01
8.4457843522e-01
8.3983232899e-01
8.3551186150e-01
8.3062940312e-01
8.2513988668e-01
8.1899586583e-01
8.1311548226e-01
8.0667484635e-01
7.9963952062e-01
7.9197423938e-01
7.8431259984e-01
7.7605579550e-01
7.6717545135e-01
7.5764351886e-01
7.4814777125e-01
7.3804070845e-01
7.2730213744e-01
7.1591340039e-01
7.0197051241e-01
6.8712172851e-01
6.7135101923e-01
6.5464895511e-01
6.4055244613e-01
6.2585682843e-01
6.1056991249e-01
5.9470433097e-01
5.7878946036e-01
5.6236906507e-01
5.4546999509e-01
5.2812475530e-01
5.1305512695e-01
4.9771755367e-01
4.8214207962e-01
4.6636176453e-01
4.5047540474e-01
4.3445969017e-01
4.1835518684e-01
4.0220450053e-01
3.8483354314e-01
3.6751699388e-01
3.5031219928e-01
3.3327649175e-01
3.1826232565e-01
3.0346688522e-01
2.8892756377e-01
2.7467970395e-01
2.5938194995e-01
2.4451644058e-01
2.3011827983e-01
2.1621757706e-01
2.0216690103e-01
1.8871606544e-01
1.7588116614e-01
1.6367206510e-01
1.5117901308e-01
1.3941994069e-01
1.2838603904e-01
1.1806270167e-01
1.0891170754e-01
1.0036210489e-01
9.2391325622e-02
8.4974834469e-02
7.7488927585e-02
7.0596349489e-02
6.4261723424e-02
5.8449652838e-02
5.1637646970e-02
4.5570812790e-02
4.0178727412e-02
3.5395022919e-02
3.0075351571e-02
2.5528965169e-02
2.1650914602e-02
1.8348306998e-02
1.5471730315e-02
1.3038843196e-02
1.0983317963e-02
9.2481067648e-03
7.6734602329e-03
6.3648674786e-03
5.2779948218e-03
4.3756933183e-03
3.5141068650e-03
2.8216277880e-03
2.2652301150e-03
1.8182721227e-03
1.3803371731e-03
1.0477974233e-03
7.9529288503e-04
6.0355656590e-04
4.1321869850e-04
2.8295509894e-04
1.9374603211e-04
1.3261582737e-04
7.2520317727e-05
3.9754238663e-05
2.1791041600e-05
1.1903513814e-05
3.4060948363e-06
1.0678206657e-06
3.2915923519e-07
9.8936786033e-08
6.8889851080e-09
3.7906434899e-09
2.8881270042e-10
2.2932370197e-09
3.1153739765e-09
9.4334338766e-09
3.1089183574e-08
1.1688271986e-07
2.5493177593e-07
5.4950152670e-07
1.1840379803e-06
2.5732713184e-06
4.3768408185e-06
7.4311914680e-06
1.2616718739e-05
2.1448806614e-05
3.1757780978e-05
4.7003362294e-05
6.9566927004e-05
1.0299115071e-04
1.3990311826e-04
1.9002089254e-04
2.5808668375e-04
3.5055380215e-04
4.4969024883e-04
5.7682136809e-04
7.3986096325e-04
9.4895983510e-04
1.1715529359e-03
1.4462442783e-03
1.7852017845e-03
2.2034164250e-03
2.6515039416e-03
3.1903364312e-03
3.8381576610e-03
4.6168132787e-03
5.4953645921e-03
6.5397326714e-03
7.7806935615e-03
9.2545079739e-03
1.0890446282e-02
1.2810986713e-02
1.5063934114e-02
1.7704448162e-02
2.0362791058e-02
2.3408607299e-02
2.6894634264e-02
3.0879563043e-02
3.4346806448e-02
3.8184302797e-02
4.2427062162e-02
4.7112322701e-02
5.1634962101e-02
5.6559207947e-02
6.1914145027e-02
6.7729633698e-02
7.3813715689e-02
8.0383565613e-02
8.7466540064e-02
9.5089392044e-02
1.0418504168e-01
1.1400580482e-01
1.2458076371e-01
1.3593452835e-01
1.4615907421e-01
1.5696226855e-01
1.6834793716e-01
1.8031549440e-01
1.9194611265e-01
2.0406567718e-01
2.1666184012e-01
2.2971813634e-01
2.4298985182e-01
2.5666335658e-01
2.7071150765e-01
2.8510372816e-01
3.0260047348e-01
3.2047344987e-01
3.3865678225e-01
3.5708137049e-01
3.7281467389e-01
3.8862625404e-01
4.0447269629e-01
4.2031126412e-01
4.3711934432e-01
4.5382309001e-01
4.7037678918e-01
4.8673762668e-01
5.0445915644e-01
5.2185177595e-01
5.3887287275e-01
5.5548513704e-01
5.7506522250e-01
5.9394817548e-01
6.1209740181e-01
6.2948617049e-01
6.4528748078e-01
6.6037790834e-01
6.7475490934e-01
6.8842108189e-01
7.0167319316e-01
7.1420053662e-01
7.2601819379e-01
7.3714408385e-01
7.4843972451e-01
7.5897530947e-01
7.6878056893e-01
7.7788643747e-01
7.8753498966e-01
7.9634904720e-01
8.0437701730e-01
8.1166662026e-01
8.2047830667e-01
8.2812339114e-01
8.3470863831e-01
8.4033424669e-01
8.4550932261e-01
8.4975626798e-01
8.5317843103e-01
8.5586963838e-01
8.5800344310e-01
8.5951151413e-01
8.6047286289e-01
8.6095784270e-01
8.6102672589e-01
8.6072492331e-01
8.6010406229e-01
8.5920969159e-01
8.5798098891e-01
8.5652372725e-01
8.5487668438e-01
8.5307362106e-01
8.5090587560e-01
8.4861483850e-01
8.4623103794e-01
8.4378061939e-01
8.4090113988e-01
8.3799183225e-01
8.3507719553e-01
8.3217781409e-01
8.2876373304e-01
8.2542025396e-01
8.2216748379e-01
8.1902198207e-01
8.1526113087e-01
8.1171097646e-01
8.0838912682e-01
8.0530983481e-01
8.0159507878e-01
7.9835575009e-01
7.9560920726e-01
7.9336891267e-01
7.9129693255e-01
7.9004494294e-01
7.8962126168e-01
7.9002864729e-01
7.9086945249e-01
7.9216579018e-01
7.9391283640e-01
7.9610387274e-01
7.9816245918e-01
8.0049204110e-01
8.0308593649e-01
8.0593610109e-01
8.0849541335e-01
8.1121877928e-01
8.1409836066e-01
8.1712484496e-01
8.1982321511e-01
8.2261284924e-01
8.2548404192e-01
8.2842532506e-01
8.3104616808e-01
8.3369965211e-01
8.3637328354e-01
8.3905244457e-01
8.4143581403e-01
8.4379584270e-01
8.4611615443e-01
8.4837781190e-01
8.5037253669e-01
8.5228108152e-01
8.5408155345e-01
8.5574891382e-01
8.5717962798e-01
8.5843761361e-01
8.5949142174e-01
8.6030536924e-01
8.6084170751e-01
8.6104701110e-01
8.6086824166e-01
8.6024540111e-01
8.5925461830e-01
8.5779840677e-01
8.5581611797e-01
8.5324053276e-01
8.5027829788e-01
8.4668562687e-01
8.4239300888e-01
8.3732499569e-01
8.3278847781e-01
8.2769116628e-01
8.2198977108e-01
8.1563888950e-01
8.0950497642e-01
8.0280342219e-01
7.9550038647e-01
7.8756135559e-01
7.7960912810e-01
7.7105325132e-01
7.6186604472e-01
7.5202033378e-01
7.4181062038e-01
7.3093298257e-01
7.1936613029e-01
7.0709085508e-01
6.9257132072e-01
6.7713504351e-01
6.6077007085e-01
6.4347187033e-01
6.2931115081e-01
6.1458943417e-01
5.9931719785e-01
5.8350953734e-01
5.6757677186e-01
5.5117626170e-01
5.3433679211e-01
5.1709247488e-01
5.0202222003e-01
4.8671169655e-01
4.7119188620e-01
4.5549655110e-01
4.3938111924e-01
4.2316250846e-01
4.0688383028e-01
3.9059001967e-01
3.7350754770e-01
3.5651421119e-01
3.3966491460e-01
3.2301403476e-01
3.0814730454e-01
2.9352493192e-01
2.7918293957e-01
2.6515501007e-01
2.5014783267e-01
2.3559349439e-01
2.2152387009e-01
2.0796572195e-01
1.9411633871e-01
1.8089042823e-01
1.6830072235e-01
1.5635364376e-01
1.4438642123e-01
1.3313644503e-01
1.2259182531e-01
1.1273555484e-01
1.0388763644e-01
9.5634505851e-02
8.7952004785e-02
8.0814310128e-02
7.3483036442e-02
6.6754280270e-02
6.0589840633e-02
5.4951817857e-02
4.7795830763e-02
4.1519979205e-02
3.6029069503e-02
3.1234807066e-02
2.6115574251e-02
2.1812053191e-02
1.8201411986e-02
1.5177045366e-02
1.2771792472e-02
1.0742685737e-02
9.0323621927e-03
7.5917622805e-03
6.2608691002e-03
5.1618546190e-03
4.2547557327e-03
3.5063488383e-03
2.7854024430e-03
2.2123346201e-03
1.7569174344e-03
1.3950568224e-03
1.0390234751e-03
7.7382223989e-04
5.7626362892e-04
4.2907848647e-04
2.8348181001e-04
1.8735068586e-04
1.2381320595e-04
8.1780245814e-05
4.1409150767e-05
2.1060817667e-05
1.0710129887e-05
5.4123949708e-06
1.3073453468e-06
3.7430312967e-07
1.0223313552e-07
3.1039328268e-08
7.4624674426e-09
2.1432410786e-09
6.2251166587e-10
3.5336574143e-10
