0.0000000000e+00
2.2232837339e-03
4.4465674677e-03
6.6698512016e-03
8.8931349355e-03
1.0863423895e-02
1.2833712855e-02
1.4804001815e-02
1.6774290775e-02
1.8560121426e-02
2.0345952076e-02
2.2131782726e-02
2.3917613377e-02
2.5567561285e-02
2.7217509194e-02
2.8867457102e-02
3.0517405011e-02
3.2069256957e-02
3.3621108904e-02
3.5172960851e-02
3.6724812797e-02
3.8209636180e-02
3.9694459563e-02
4.1179282946e-02
4.2664106329e-02
4.4112169283e-02
4.5560232238e-02
4.7008295193e-02
4.8456358148e-02
4.9908532306e-02
5.1360706463e-02
5.2812880621e-02
5.4265054778e-02
5.5833852363e-02
5.7402649948e-02
5.8971447533e-02
6.0540245118e-02
6.2084899242e-02
6.3629553365e-02
6.5174207489e-02
6.6718861612e-02
6.8140515118e-02
6.9562168624e-02
7.0983822130e-02
7.2405475635e-02
7.3741087494e-02
7.5076699352e-02
7.6412311210e-02
7.7747923069e-02
7.9130909017e-02
8.0513894965e-02
8.1896880913e-02
8.3279866861e-02
8.4549061627e-02
8.5818256392e-02
8.7087451158e-02
8.8356645923e-02
8.9575631471e-02
9.0794617020e-02
9.2013602568e-02
9.3232588117e-02
9.4478534115e-02
9.5724480114e-02
9.6970426112e-02
9.8216372111e-02
9.9575882059e-02
1.0093539201e-01
1.0229490195e-01
1.0365441190e-01
1.0506409209e-01
1.0647377228e-01
1.0788345247e-01
1.0929313266e-01
1.1058028466e-01
1.1186743665e-01
1.1315458865e-01
1.1444174064e-01
1.1568872806e-01
1.1693571548e-01
1.1818270289e-01
1.1942969031e-01
1.2069095058e-01
1.2195221085e-01
1.2321347113e-01
1.2447473140e-01
1.2580258552e-01
1.2713043965e-01
1.2845829378e-01
1.2978614790e-01
1.3130720304e-01
1.3282825818e-01
1.3434931332e-01
1.3587036846e-01
1.3734754701e-01
1.3882472556e-01
1.4030190412e-01
1.4177908267e-01
1.4331063390e-01
1.4484218514e-01
1.4637373637e-01
1.4790528761e-01
1.4962645526e-01
1.5134762291e-01
1.5306879057e-01
1.5478995822e-01
1.5662263334e-01
1.5845530846e-01
1.6028798359e-01
1.6212065871e-01
1.6380945380e-01
1.6549824889e-01
1.6718704398e-01
1.6887583907e-01
1.7055363783e-01
1.7223143659e-01
1.7390923536e-01
1.7558703412e-01
1.7729825333e-01
1.7900947253e-01
1.8072069174e-01
1.8243191094e-01
1.8420802675e-01
1.8598414255e-01
1.8776025835e-01
1.8953637415e-01
1.9141063596e-01
1.9328489777e-01
1.9515915958e-01
1.9703342138e-01
1.9904337489e-01
2.0105332839e-01
2.0306328189e-01
2.0507323539e-01
2.0723333323e-01
2.0939343107e-01
2.1155352891e-01
2.1371362675e-01
2.1616937500e-01
2.1862512326e-01
2.2108087151e-01
2.2353661977e-01
2.2603718874e-01
2.2853775770e-01
2.3103832667e-01
2.3353889564e-01
2.3622796917e-01
2.3891704269e-01
2.4160611622e-01
2.4429518975e-01
2.4703670841e-01
2.4977822708e-01
2.5251974574e-01
2.5526126441e-01
2.5777925471e-01
2.6029724501e-01
2.6281523531e-01
2.6533322561e-01
2.6771433170e-01
2.7009543780e-01
2.7247654389e-01
2.7485764999e-01
2.7706476561e-01
2.7927188124e-01
2.8147899686e-01
2.8368611249e-01
2.8573291888e-01
2.8777972528e-01
2.8982653167e-01
2.9187333807e-01
2.9380809516e-01
2.9574285226e-01
2.9767760936e-01
2.9961236645e-01
3.0143110023e-01
3.0324983401e-01
3.0506856779e-01
3.0688730157e-01
3.0862915506e-01
3.1037100855e-01
3.1211286203e-01
3.1385471552e-01
3.1554785824e-01
3.1724100097e-01
3.1893414369e-01
3.2062728642e-01
3.2230655017e-01
3.2398581393e-01
3.2566507768e-01
3.2734434144e-01
3.2910296168e-01
3.3086158192e-01
3.3262020216e-01
3.3437882240e-01
3.3633846751e-01
3.3829811263e-01
3.4025775774e-01
3.4221740286e-01
3.4383290302e-01
3.4544840318e-01
3.4706390334e-01
3.4867940350e-01
3.5018304833e-01
3.5168669316e-01
3.5319033800e-01
3.5469398283e-01
3.5618194692e-01
3.5766991100e-01
3.5915787509e-01
3.6064583917e-01
3.6210424428e-01
3.6356264940e-01
3.6502105451e-01
3.6647945962e-01
3.6778630721e-01
3.6909315479e-01
3.7040000238e-01
3.7170684996e-01
3.7296326341e-01
3.7421967686e-01
3.7547609031e-01
3.7673250376e-01
3.7798778846e-01
3.7924307316e-01
3.8049835786e-01
3.8175364257e-01
3.8308904731e-01
3.8442445205e-01
3.8575985679e-01
3.8709526153e-01
3.8851881977e-01
3.8994237801e-01
3.9136593625e-01
3.9278949449e-01
3.9410835727e-01
3.9542722005e-01
3.9674608283e-01
3.9806494561e-01
3.9930055510e-01
4.0053616458e-01
4.0177177406e-01
4.0300738354e-01
4.0423171975e-01
4.0545605596e-01
4.0668039216e-01
4.0790472837e-01
4.0919425524e-01
4.1048378211e-01
4.1177330898e-01
4.1306283584e-01
4.1440620967e-01
4.1574958350e-01
4.1709295733e-01
4.1843633115e-01
4.1979473657e-01
4.2115314199e-01
4.2251154741e-01
4.2386995282e-01
4.2536114024e-01
4.2685232766e-01
4.2834351508e-01
4.2983470249e-01
4.3143114742e-01
4.3302759234e-01
4.3462403727e-01
4.3622048220e-01
4.3771953892e-01
4.3921859564e-01
4.4071765237e-01
4.4221670909e-01
4.4366212942e-01
4.4510754974e-01
4.4655297007e-01
4.4799839039e-01
4.4945885540e-01
4.5091932042e-01
4.5237978543e-01
4.5384025044e-01
4.5535415522e-01
4.5686806001e-01
4.5838196479e-01
4.5989586958e-01
4.6149991819e-01
4.6310396680e-01
4.6470801542e-01
4.6631206403e-01
4.6805239084e-01
4.6979271764e-01
4.7153304445e-01
4.7327337126e-01
4.7521336764e-01
4.7715336402e-01
4.7909336040e-01
4.8103335678e-01
4.8326825634e-01
4.8550315591e-01
4.8773805547e-01
4.8997295503e-01
4.9265490029e-01
4.9533684556e-01
4.9801879082e-01
5.0070073609e-01
5.0291200719e-01
5.0512327829e-01
5.0733454939e-01
5.0954582050e-01
5.1150159767e-01
5.1345737484e-01
5.1541315201e-01
5.1736892918e-01
5.1914327233e-01
5.2091761547e-01
5.2269195862e-01
5.2446630177e-01
5.2610761169e-01
5.2774892161e-01
5.2939023153e-01
5.3103154145e-01
5.3257721793e-01
5.3412289441e-01
5.3566857089e-01
5.3721424738e-01
5.3869519079e-01
5.4017613420e-01
5.4165707761e-01
5.4313802102e-01
5.4458492084e-01
5.4603182066e-01
5.4747872049e-01
5.4892562031e-01
5.5038183792e-01
5.5183805554e-01
5.5329427316e-01
5.5475049077e-01
5.5635558549e-01
5.5796068021e-01
5.5956577493e-01
5.6117086964e-01
5.6270525780e-01
5.6423964595e-01
5.6577403410e-01
5.6730842226e-01
5.6872772397e-01
5.7014702569e-01
5.7156632741e-01
5.7298562912e-01
5.7431972677e-01
5.7565382442e-01
5.7698792206e-01
5.7832201971e-01
5.7965374120e-01
5.8098546269e-01
5.8231718418e-01
5.8364890567e-01
5.8490961006e-01
5.8617031446e-01
5.8743101885e-01
5.8869172324e-01
5.8991188387e-01
5.9113204450e-01
5.9235220513e-01
5.9357236575e-01
5.9482723175e-01
5.9608209774e-01
5.9733696373e-01
5.9859182972e-01
5.9998495760e-01
6.0137808547e-01
6.0277121335e-01
6.0416434122e-01
6.0554729475e-01
6.0693024828e-01
6.0831320181e-01
6.0969615534e-01
6.1098104570e-01
6.1226593606e-01
6.1355082642e-01
6.1483571677e-01
6.1608364484e-01
6.1733157290e-01
6.1857950096e-01
6.1982742903e-01
6.2109326806e-01
6.2235910710e-01
6.2362494614e-01
6.2489078517e-01
6.2623165225e-01
6.2757251932e-01
6.2891338639e-01
6.3025425347e-01
6.3177924818e-01
6.3330424289e-01
6.3482923760e-01
6.3635423231e-01
6.3784719462e-01
6.3934015693e-01
6.4083311925e-01
6.4232608156e-01
6.4387301804e-01
6.4541995452e-01
6.4696689100e-01
6.4851382749e-01
6.5029300047e-01
6.5207217345e-01
6.5385134643e-01
6.5563051941e-01
6.5740995799e-01
6.5918939657e-01
6.6096883515e-01
6.6274827373e-01
6.6443783416e-01
6.6612739460e-01
6.6781695503e-01
6.6950651547e-01
6.7118644474e-01
6.7286637402e-01
6.7454630329e-01
6.7622623257e-01
6.7794175906e-01
6.7965728555e-01
6.8137281205e-01
6.8308833854e-01
6.8487107210e-01
6.8665380567e-01
6.8843653923e-01
6.9021927280e-01
6.9210413575e-01
6.9398899870e-01
6.9587386165e-01
6.9775872460e-01
6.9977107072e-01
7.0178341685e-01
7.0379576297e-01
7.0580810910e-01
7.0797178164e-01
7.1013545418e-01
7.1229912672e-01
7.1446279926e-01
7.1684752437e-01
7.1923224948e-01
7.2161697458e-01
7.2400169969e-01
7.2650846899e-01
7.2901523829e-01
7.3152200759e-01
7.3402877688e-01
7.3675956509e-01
7.3949035329e-01
7.4222114150e-01
7.4495192970e-01
7.4765517635e-01
7.5035842301e-01
7.5306166966e-01
7.5576491631e-01
7.5827280444e-01
7.6078069258e-01
7.6328858071e-01
7.6579646885e-01
7.6819439621e-01
7.7059232358e-01
7.7299025094e-01
7.7538817831e-01
7.7757957639e-01
7.7977097446e-01
7.8196237254e-01
7.8415377062e-01
7.8619435610e-01
7.8823494158e-01
7.9027552706e-01
7.9231611254e-01
7.9423883329e-01
7.9616155404e-01
7.9808427479e-01
8.0000699554e-01
8.0182062631e-01
8.0363425708e-01
8.0544788785e-01
8.0726151861e-01
8.0899956811e-01
8.1073761760e-01
8.1247566709e-01
8.1421371659e-01
8.1590367323e-01
8.1759362988e-01
8.1928358653e-01
8.2097354318e-01
8.2264865670e-01
8.2432377023e-01
8.2599888375e-01
8.2767399727e-01
8.2940350901e-01
8.3113302074e-01
8.3286253248e-01
8.3459204421e-01
8.3660755825e-01
8.3862307229e-01
8.4063858634e-01
8.4265410038e-01
8.4425283053e-01
8.4585156069e-01
8.4745029084e-01
8.4904902100e-01
8.5054596289e-01
8.5204290478e-01
8.5353984667e-01
8.5503678856e-01
8.5651462442e-01
8.5799246029e-01
8.5947029615e-01
8.6094813202e-01
8.6238328298e-01
8.6381843395e-01
8.6525358491e-01
8.6668873588e-01
8.6799014336e-01
8.6929155084e-01
8.7059295832e-01
8.7189436581e-01
8.7314844850e-01
8.7440253119e-01
8.7565661389e-01
8.7691069658e-01
8.7816516017e-01
8.7941962377e-01
8.8067408736e-01
8.8192855095e-01
8.8326489961e-01
8.8460124826e-01
8.8593759692e-01
8.8727394558e-01
8.8880279382e-01
8.9033164205e-01
8.9186049029e-01
8.9338933853e-01
8.9469121101e-01
8.9599308349e-01
8.9729495597e-01
8.9859682845e-01
8.9982688183e-01
9.0105693522e-01
9.0228698861e-01
9.0351704199e-01
9.0474353873e-01
9.0597003546e-01
9.0719653219e-01
9.0842302893e-01
9.0969761670e-01
9.1097220447e-01
9.1224679224e-01
9.1352138002e-01
9.1485000065e-01
9.1617862128e-01
9.1750724190e-01
9.1883586253e-01
9.2020118677e-01
9.2156651101e-01
9.2293183524e-01
9.2429715948e-01
9.2580743597e-01
9.2731771246e-01
9.2882798895e-01
9.3033826544e-01
9.3205841705e-01
9.3377856867e-01
9.3549872028e-01
9.3721887189e-01
9.3869924073e-01
9.4017960957e-01
9.4165997841e-01
9.4314034725e-01
9.4458468338e-01
9.4602901951e-01
9.4747335564e-01
9.4891769177e-01
9.5038406257e-01
9.5185043336e-01
9.5331680416e-01
9.5478317495e-01
9.5630850531e-01
9.5783383566e-01
9.5935916602e-01
9.6088449637e-01
9.6250622003e-01
9.6412794369e-01
9.6574966735e-01
9.6737139101e-01
9.6913599938e-01
9.7090060775e-01
9.7266521612e-01
9.7442982448e-01
9.7639017580e-01
9.7835052711e-01
9.8031087843e-01
9.8227122974e-01
9.8448698488e-01
9.8670274001e-01
9.8891849515e-01
9.9113425028e-01
9.9335068771e-01
9.9556712514e-01
9.9778356257e-01
1.0000000000e+00
