1.2898779845e-07
1.7027710599e-07
3.1662701942e-07
6.5853516802e-07
1.4192875862e-06
2.4079291094e-06
4.0816191673e-06
6.9206181571e-06
1.1750788167e-05
1.7477386352e-05
2.5984402544e-05
3.8632028913e-05
5.7453506239e-05
7.8321550904e-05
1.0675612410e-04
1.4551200099e-04
1.9835252260e-04
2.5460161150e-04
3.2678335951e-04
4.1941893102e-04
5.3831461715e-04
6.6423751517e-04
8.1957475864e-04
1.0111948468e-03
1.2475660844e-03
1.4973497856e-03
1.7970235365e-03
2.1565179983e-03
2.5877227742e-03
3.0481109334e-03
3.5900410567e-03
4.2278338871e-03
4.9782748246e-03
5.8166717229e-03
6.7950914952e-03
7.9365188968e-03
9.2675595472e-03
1.0859996363e-02
1.2721810959e-02
1.4897033472e-02
1.7436300817e-02
1.9660486161e-02
2.2160636448e-02
2.4968896687e-02
2.8120579890e-02
3.1076660226e-02
3.4330047406e-02
3.7907659661e-02
4.1838185324e-02
4.5577004520e-02
4.9628439027e-02
5.4014588084e-02
5.8758351577e-02
6.3548488965e-02
6.8693102916e-02
7.4212271278e-02
8.0126156850e-02
8.6553740510e-02
9.3429353214e-02
1.0077292532e-01
1.0860338781e-01
1.1717667690e-01
1.2629996657e-01
1.3598794864e-01
1.4625236888e-01
1.5570852038e-01
1.6561510955e-01
1.7597266329e-01
1.8677892925e-01
1.9749481724e-01
2.0860668643e-01
2.2010468301e-01
2.3197623701e-01
2.4405071846e-01
2.5645725474e-01
2.6917610367e-01
2.8218520751e-01
2.9815472732e-01
3.1446215732e-01
3.3105865214e-01
3.4789274834e-01
3.6216628344e-01
3.7653747052e-01
3.9097400338e-01
4.0544371911e-01
4.2024341928e-01
4.3501150965e-01
4.4971597805e-01
4.6432616255e-01
4.8146661074e-01
4.9838894655e-01
5.1505178312e-01
5.3141766768e-01
5.4773992666e-01
5.6368889971e-01
5.7923802012e-01
5.9436492418e-01
6.1221385495e-01
6.2938233790e-01
6.4585250633e-01
6.6161351903e-01
6.7496292982e-01
6.8775412404e-01
6.9999055455e-01
7.1167827844e-01
7.2333547858e-01
7.3441220066e-01
7.4492210121e-01
7.5488039141e-01
7.6508224830e-01
7.7467618718e-01
7.8368541425e-01
7.9213375625e-01
8.0112103113e-01
8.0944534412e-01
8.1714251546e-01
8.2424784027e-01
8.3243948084e-01
8.3980731527e-01
8.4641591899e-01
8.5232663616e-01
8.5810970921e-01
8.6318600777e-01
8.6762324610e-01
8.7148404106e-01
8.7538989018e-01
8.7865508831e-01
8.8135828360e-01
8.8357008721e-01
8.8525689737e-01
8.8661275016e-01
8.8767984898e-01
8.8849603553e-01
8.8912132231e-01
8.8954128405e-01
8.8978726249e-01
8.8988707464e-01
8.8985834203e-01
8.8971359708e-01
8.8947742223e-01
8.8917132596e-01
8.8877124068e-01
8.8833018742e-01
8.8786745896e-01
8.8739956639e-01
8.8687958839e-01
8.8638835717e-01
8.8594017762e-01
8.8554668757e-01
8.8516915351e-01
8.8488970591e-01
8.8471611627e-01
8.8465299774e-01
8.8468975971e-01
8.8481170776e-01
8.8501638614e-01
8.8529953657e-01
8.8561340731e-01
8.8597908202e-01
8.8638931829e-01
8.8683524602e-01
8.8725984775e-01
8.8769556898e-01
8.8813153481e-01
8.8855511176e-01
8.8892010389e-01
8.8924952129e-01
8.8952863706e-01
8.8974069301e-01
8.8986160142e-01
8.8988942963e-01
8.8980429507e-01
8.8958383517e-01
8.8921237758e-01
8.8866040807e-01
8.8789825148e-01
8.8689271928e-01
8.8545855848e-01
8.8362828672e-01
8.8133921738e-01
8.7852088397e-01
8.7590829260e-01
8.7288556194e-01
8.6940779288e-01
8.6542621833e-01
8.6135882716e-01
8.5679689181e-01
8.5169583937e-01
8.4600820560e-01
8.4087096137e-01
8.3527623128e-01
8.2919360267e-01
8.2259151877e-01
8.1622331809e-01
8.0939006224e-01
8.0206739804e-01
7.9423065151e-01
7.8643415534e-01
7.7814845561e-01
7.6935361334e-01
7.6003008656e-01
7.5072074262e-01
7.4090754343e-01
7.3057617405e-01
7.1971348972e-01
7.0816591151e-01
6.9605169571e-01
6.8336271609e-01
6.7009341517e-01
6.5676229938e-01
6.4289106796e-01
6.2848369130e-01
6.1354781874e-01
5.9983911095e-01
5.8573322928e-01
5.7124426001e-01
5.5638941033e-01
5.4206782284e-01
5.2745910274e-01
5.1258588966e-01
4.9747356320e-01
4.8355567213e-01
4.6948647018e-01
4.5529067924e-01
4.4099463956e-01
4.2618449095e-01
4.1132934679e-01
3.9646234243e-01
3.8161755584e-01
3.6606109828e-01
3.5060847230e-01
3.3530030462e-01
3.2017660509e-01
3.0676843395e-01
2.9356808671e-01
2.8060143466e-01
2.6789278361e-01
2.5453898206e-01
2.4153504673e-01
2.2890352301e-01
2.1666391682e-01
2.0373402510e-01
1.9131039713e-01
1.7940557007e-01
1.6802767722e-01
1.5414328865e-01
1.4113958099e-01
1.2900582669e-01
1.1772298364e-01
1.0947457915e-01
1.0171598199e-01
9.4430643238e-02
8.7600693945e-02
8.0877861640e-02
7.4616546215e-02
6.8793455752e-02
6.3385132481e-02
5.7574643026e-02
5.2259318041e-02
4.7403757798e-02
4.2973825846e-02
3.7719662767e-02
3.3080458455e-02
2.8990711391e-02
2.5390328913e-02
2.1638361578e-02
1.8428119186e-02
1.5684907754e-02
1.3343323674e-02
1.1417890151e-02
9.7670095621e-03
8.3524057292e-03
7.1408960556e-03
6.0142218329e-03
5.0642474022e-03
4.2635564429e-03
3.5888961448e-03
2.9390690998e-03
2.4065872882e-03
1.9703494432e-03
1.6130161999e-03
1.2629997771e-03
9.8887275830e-04
7.7418834296e-04
6.0605782468e-04
4.3884376563e-04
3.1778297464e-04
2.3010910790e-04
1.6659566679e-04
1.0368933954e-04
6.4583196290e-05
4.0224828847e-05
2.5028136385e-05
1.1327381904e-05
5.1760821917e-06
2.3653778893e-06
1.0694207271e-06
3.7352708549e-07
1.6194071347e-07
1.4009575918e-07
2.9463189536e-07
5.4760242823e-07
1.0413854268e-06
1.9956274347e-06
3.8467991950e-06
6.1280326627e-06
9.7541658767e-06
1.5526475885e-05
2.4732091110e-05
3.5256854267e-05
5.0248863943e-05
7.1615249568e-05
1.0208419278e-04
1.3521090359e-04
1.7907270647e-04
2.3715899075e-04
3.1409769644e-04
3.9581005164e-04
4.9875448046e-04
6.2845306588e-04
7.9186411421e-04
9.6451265582e-04
1.1747374028e-03
1.4307041498e-03
1.7423443976e-03
2.0725076903e-03
2.4650363734e-03
2.9316482195e-03
3.4862337241e-03
4.0888790904e-03
4.7950848621e-03
5.6224390961e-03
6.5914346550e-03
7.6882218461e-03
8.9655153304e-03
1.0452335384e-02
1.2182112321e-02
1.4008000562e-02
1.6102169581e-02
1.8502328121e-02
2.1250923374e-02
2.3775458640e-02
2.6589992435e-02
2.9725345708e-02
3.3214980424e-02
3.6472875747e-02
4.0034031591e-02
4.3923308932e-02
4.8166906761e-02
5.2298052669e-02
5.6757093563e-02
6.1565296267e-02
6.6744447858e-02
7.2155257992e-02
7.7958020119e-02
8.4173208036e-02
9.0821022102e-02
9.8053602215e-02
1.0577485036e-01
1.1400335219e-01
1.2275602039e-01
1.3163004668e-01
1.4100780587e-01
1.5089756753e-01
1.6130472451e-01
1.7122107645e-01
1.8156633158e-01
1.9233693396e-01
2.0352655062e-01
2.1467922284e-01
2.2620042481e-01
2.3807676954e-01
2.5029232780e-01
2.6394682925e-01
2.7795413557e-01
2.9228428006e-01
3.0690453285e-01
3.2307242837e-01
3.3949338412e-01
3.5611769557e-01
3.7289431912e-01
3.8730416033e-01
4.0175522488e-01
4.1621574934e-01
4.3065463585e-01
4.4601918103e-01
4.6128932792e-01
4.7643160214e-01
4.9141455282e-01
5.0798571936e-01
5.2428224113e-01
5.4027024153e-01
5.5591971941e-01
5.7236414357e-01
5.8835802285e-01
6.0387853270e-01
6.1890749848e-01
6.3457312751e-01
6.4963711641e-01
6.6409230495e-01
6.7793600336e-01
6.9072592197e-01
7.0295100424e-01
7.1461808781e-01
7.2573625893e-01
7.3699489682e-01
7.4765774727e-01
7.5774172514e-01
7.6726504046e-01
7.7707415799e-01
7.8626004070e-01
7.9484945503e-01
8.0286947467e-01
8.1169388761e-01
8.1979815066e-01
8.2722646303e-01
8.3402186706e-01
8.4193224335e-01
8.4894114667e-01
8.5512940727e-01
8.6057272916e-01
8.6558043376e-01
8.6991534558e-01
8.7364755272e-01
8.7684121410e-01
8.7974022332e-01
8.8215043024e-01
8.8413123617e-01
8.8573604436e-01
8.8700853194e-01
8.8799777405e-01
8.8874176621e-01
8.8927446713e-01
8.8964376930e-01
8.8983988171e-01
8.8989170947e-01
8.8982479318e-01
8.8964143530e-01
8.8936829721e-01
8.8902813606e-01
8.8864073775e-01
8.8817204839e-01
8.8768630439e-01
8.8720112884e-01
8.8673142998e-01
8.8622850041e-01
8.8577775382e-01
8.8539164647e-01
8.8507991127e-01
8.8483069254e-01
8.8468784939e-01
8.8465511753e-01
8.8473333353e-01
8.8488443101e-01
8.8511046799e-01
8.8540704175e-01
8.8576806432e-01
8.8613987297e-01
8.8655002022e-01
8.8698993989e-01
8.8744940738e-01
8.8787323778e-01
8.8829270767e-01
8.8869563627e-01
8.8906799644e-01
8.8937064166e-01
8.8961913574e-01
8.8979710140e-01
8.8988598742e-01
8.8986892941e-01
8.8973259543e-01
8.8945428986e-01
8.8900854602e-01
8.8837013793e-01
8.8750596910e-01
8.8638075490e-01
8.8495507288e-01
8.8322774610e-01
8.8112516629e-01
8.7859651913e-01
8.7558553202e-01
8.7259547083e-01
8.6916887648e-01
8.6526026431e-01
8.6082047291e-01
8.5642577563e-01
8.5153876570e-01
8.4611828897e-01
8.4012082132e-01
8.3466113799e-01
8.2874324099e-01
8.2233860426e-01
8.1541780971e-01
8.0869572220e-01
8.0150491478e-01
7.9382240814e-01
7.8562509455e-01
7.7748962224e-01
7.6886705014e-01
7.5973920065e-01
7.5008847460e-01
7.4010339157e-01
7.2958475004e-01
7.1851897611e-01
7.0689405072e-01
6.9425733031e-01
6.8100150852e-01
6.6712089941e-01
6.5261334777e-01
6.3937965006e-01
6.2566953652e-01
6.1149015682e-01
5.9685193711e-01
5.8244444598e-01
5.6764592762e-01
5.5247518569e-01
5.3695452622e-01
5.2305861197e-01
5.0893273948e-01
4.9459898711e-01
4.8008159295e-01
4.6607636623e-01
4.5195241275e-01
4.3773589243e-01
4.2345436456e-01
4.0436351141e-01
3.8527938949e-01
3.6627506376e-01
3.4742459493e-01
3.3329958344e-01
3.1933668404e-01
3.0556653018e-01
2.9201857034e-01
2.7890340227e-01
2.6605663635e-01
2.5350145549e-01
2.4125892029e-01
2.2864841106e-01
2.1642938694e-01
2.0461808827e-01
1.9322758638e-01
1.8079591523e-01
1.6893109534e-01
1.5763797800e-01
1.4691683555e-01
1.3687905483e-01
1.2738868194e-01
1.1843517326e-01
1.1000528407e-01
1.0220845772e-01
9.4886796399e-02
8.8022464024e-02
8.1596619204e-02
7.5162106109e-02
6.9185965731e-02
6.3643291872e-02
5.8509266028e-02
5.2898959193e-02
4.7792333128e-02
4.3150644533e-02
3.8936873943e-02
3.4369197061e-02
3.0316547182e-02
2.6725560455e-02
2.3547310871e-02
2.0186148544e-02
1.7294477289e-02
1.4809473034e-02
1.2675956627e-02
1.0830186897e-02
9.2501784479e-03
7.8984692231e-03
6.7426526812e-03
5.6680017823e-03
4.7636679350e-03
4.0029269394e-03
3.3631649162e-03
2.7469778797e-03
2.2434060284e-03
1.8319456690e-03
1.4957969701e-03
1.1672864451e-03
9.1087271284e-04
7.1073657057e-04
5.5452502367e-04
4.0051219706e-04
2.8929364392e-04
2.0895165358e-04
1.5089606231e-04
9.4789799088e-05
5.9584283859e-05
3.7453502089e-05
2.3520967255e-05
1.1303545627e-05
5.4677204600e-06
2.6451563784e-06
1.2701380664e-06
6.0713823586e-07
3.0094848801e-07
1.6716299137e-07
1.2903383308e-07
