2.8413332490e-01
2.8414000079e-01
2.8416002878e-01
2.8419340980e-01
2.8424014542e-01
2.8428729041e-01
2.8434303180e-01
2.8440737127e-01
2.8448031075e-01
2.8454809450e-01
2.8462192664e-01
2.8470180869e-01
2.8478774232e-01
2.8486877636e-01
2.8495454525e-01
2.8504505033e-01
2.8514029291e-01
2.8525180337e-01
2.8536917907e-01
2.8549242162e-01
2.8562153226e-01
2.8571543873e-01
2.8581222313e-01
2.8591188508e-01
2.8601442379e-01
2.8609730499e-01
2.8618197294e-01
2.8626842618e-01
2.8635666276e-01
2.8643588526e-01
2.8651648801e-01
2.8659846815e-01
2.8668182211e-01
2.8676742691e-01
2.8685442398e-01
2.8694280650e-01
2.8703256616e-01
2.8711925149e-01
2.8720716451e-01
2.8729629294e-01
2.8738662234e-01
2.8747339941e-01
2.8756122510e-01
2.8765008014e-01
2.8773994250e-01
2.8782454108e-01
2.8790996946e-01
2.8799620230e-01
2.8808321156e-01
2.8818004233e-01
2.8827773455e-01
2.8837623833e-01
2.8847549938e-01
2.8856803066e-01
2.8866111111e-01
2.8875468791e-01
2.8884870540e-01
2.8895652194e-01
2.8906474619e-01
2.8917328383e-01
2.8928203744e-01
2.8939905716e-01
2.8951608416e-01
2.8963299011e-01
2.8974964571e-01
2.8987482441e-01
2.8999940204e-01
2.9012321972e-01
2.9024612134e-01
2.9036964105e-01
2.9049190743e-01
2.9061277092e-01
2.9073208749e-01
2.9086095815e-01
2.9098763021e-01
2.9111193961e-01
2.9123373177e-01
2.9137746196e-01
2.9151706045e-01
2.9165230919e-01
2.9178300954e-01
2.9195652645e-01
2.9212051639e-01
2.9227461864e-01
2.9241853107e-01
2.9256958879e-01
2.9270684819e-01
2.9283010340e-01
2.9293922280e-01
2.9303405595e-01
2.9311472811e-01
2.9318131287e-01
2.9323395112e-01
2.9326501395e-01
2.9328811008e-01
2.9330338860e-01
2.9331102578e-01
2.9331175214e-01
2.9330773387e-01
2.9329910736e-01
2.9328602316e-01
2.9327082479e-01
2.9325237626e-01
2.9323081249e-01
2.9320627829e-01
2.9318161392e-01
2.9315476061e-01
2.9312584770e-01
2.9309501132e-01
2.9305640356e-01
2.9301556908e-01
2.9297276468e-01
2.9292825784e-01
2.9289298835e-01
2.9285700270e-01
2.9282043285e-01
2.9278341231e-01
2.9274982359e-01
2.9271607698e-01
2.9268227029e-01
2.9264850048e-01
2.9261783880e-01
2.9258735839e-01
2.9255712878e-01
2.9252721764e-01
2.9249182899e-01
2.9245710204e-01
2.9242313972e-01
2.9239003882e-01
2.9236379377e-01
2.9233822474e-01
2.9231337399e-01
2.9228928073e-01
2.9226475077e-01
2.9224114075e-01
2.9221848573e-01
2.9219681733e-01
2.9217344123e-01
2.9215141068e-01
2.9213075762e-01
2.9211150965e-01
2.9209414392e-01
2.9207815094e-01
2.9206354666e-01
2.9205034451e-01
2.9203843904e-01
2.9202798663e-01
2.9201899524e-01
2.9201147133e-01
2.9200444778e-01
2.9199950845e-01
2.9199665766e-01
2.9199589786e-01
2.9199688005e-01
2.9199934441e-01
2.9200328946e-01
2.9200871276e-01
2.9201550040e-01
2.9202371603e-01
2.9203335407e-01
2.9204440757e-01
2.9205757000e-01
2.9207228110e-01
2.9208852641e-01
2.9210628863e-01
2.9212285206e-01
2.9214051861e-01
2.9215927056e-01
2.9217908770e-01
2.9219857162e-01
2.9221894671e-01
2.9224018947e-01
2.9226227384e-01
2.9229042513e-01
2.9231973702e-01
2.9235014456e-01
2.9238157621e-01
2.9240897341e-01
2.9243699958e-01
2.9246560016e-01
2.9249471745e-01
2.9252739580e-01
2.9256054459e-01
2.9259407467e-01
2.9262789368e-01
2.9266449072e-01
2.9270119081e-01
2.9273787054e-01
2.9277440510e-01
2.9281585750e-01
2.9285676771e-01
2.9289694919e-01
2.9293621791e-01
2.9297388028e-01
2.9301030981e-01
2.9304534234e-01
2.9307881921e-01
2.9311330791e-01
2.9314558476e-01
2.9317547074e-01
2.9320279636e-01
2.9323196642e-01
2.9325696729e-01
2.9327756136e-01
2.9329353035e-01
2.9330704556e-01
2.9331202446e-01
2.9330812383e-01
2.9329504666e-01
2.9326697929e-01
2.9322504892e-01
2.9316897690e-01
2.9309855953e-01
2.9301758284e-01
2.9292328239e-01
2.9281566228e-01
2.9269478691e-01
2.9258978717e-01
2.9247665156e-01
2.9235549899e-01
2.9222647701e-01
2.9211714606e-01
2.9200294924e-01
2.9188400837e-01
2.9176046022e-01
2.9165007718e-01
2.9153647394e-01
2.9141976819e-01
2.9130008734e-01
2.9118960359e-01
2.9107691521e-01
2.9096213717e-01
2.9084539123e-01
2.9072710103e-01
2.9060711464e-01
2.9048557249e-01
2.9036262108e-01
2.9024724306e-01
2.9013090565e-01
2.9001373827e-01
2.8989587323e-01
2.8977295443e-01
2.8964958151e-01
2.8952590769e-01
2.8940208615e-01
2.8930680902e-01
2.8921160308e-01
2.8911653575e-01
2.8902167307e-01
2.8892441333e-01
2.8882750590e-01
2.8873101614e-01
2.8863500662e-01
2.8854194427e-01
2.8844944700e-01
2.8835756397e-01
2.8826634113e-01
2.8817814048e-01
2.8809064363e-01
2.8800388424e-01
2.8791789305e-01
2.8782361418e-01
2.8773034540e-01
2.8763811704e-01
2.8754695588e-01
2.8744370931e-01
2.8734192881e-01
2.8724164024e-01
2.8714286534e-01
2.8705378040e-01
2.8696599091e-01
2.8687950661e-01
2.8679433557e-01
2.8669995320e-01
2.8660725425e-01
2.8651624495e-01
2.8642693022e-01
2.8631362298e-01
2.8620317886e-01
2.8609560236e-01
2.8599089655e-01
2.8585760666e-01
2.8572928496e-01
2.8560593261e-01
2.8548754968e-01
2.8537367547e-01
2.8526481042e-01
2.8516095329e-01
2.8506210270e-01
2.8495167085e-01
2.8484823517e-01
2.8475179333e-01
2.8466234307e-01
2.8455757154e-01
2.8446435779e-01
2.8438269808e-01
2.8431258911e-01
2.8423432476e-01
2.8417836209e-01
2.8414469671e-01
2.8413332599e-01
2.8413984193e-01
2.8415973686e-01
2.8419301173e-01
2.8423966810e-01
2.8428676304e-01
2.8434246972e-01
2.8440678980e-01
2.8447972522e-01
2.8454749802e-01
2.8462132667e-01
2.8470121271e-01
2.8478715779e-01
2.8486839489e-01
2.8495439394e-01
2.8504515627e-01
2.8514068323e-01
2.8525136863e-01
2.8536783288e-01
2.8549007752e-01
2.8561810378e-01
2.8571191549e-01
2.8580860586e-01
2.8590817454e-01
2.8601062074e-01
2.8609348808e-01
2.8617814518e-01
2.8626459059e-01
2.8635282239e-01
2.8643208383e-01
2.8651272933e-01
2.8659475603e-01
2.8667816041e-01
2.8676389308e-01
2.8685102435e-01
2.8693954741e-01
2.8702945396e-01
2.8711630473e-01
2.8720438947e-01
2.8729369591e-01
2.8738420956e-01
2.8747574775e-01
2.8756845224e-01
2.8766230023e-01
2.8775726549e-01
2.8784076989e-01
2.8792507509e-01
2.8801015643e-01
2.8809598666e-01
2.8819984307e-01
2.8830467617e-01
2.8841042339e-01
2.8851701640e-01
2.8860733198e-01
2.8869814715e-01
2.8878941211e-01
2.8888107452e-01
2.8899273026e-01
2.8910478872e-01
2.8921714427e-01
2.8932968798e-01
2.8944567501e-01
2.8956161915e-01
2.8967739501e-01
2.8979287664e-01
2.8992101245e-01
2.9004845439e-01
2.9017503227e-01
2.9030057933e-01
2.9042315419e-01
2.9054441869e-01
2.9066422708e-01
2.9078243928e-01
2.9091221016e-01
2.9103965293e-01
2.9116460074e-01
2.9128689681e-01
2.9143160272e-01
2.9157194125e-01
2.9170769074e-01
2.9183865014e-01
2.9201284798e-01
2.9217696218e-01
2.9233062992e-01
2.9247355077e-01
2.9262130938e-01
2.9275487387e-01
2.9287406031e-01
2.9297876083e-01
2.9306948141e-01
2.9314552681e-01
2.9320700509e-01
2.9325409741e-01
2.9327932369e-01
2.9329728669e-01
2.9330813151e-01
2.9331202692e-01
2.9331015464e-01
2.9330382539e-01
2.9329317314e-01
2.9327834501e-01
2.9326173937e-01
2.9324206707e-01
2.9321946045e-01
2.9319406117e-01
2.9316846558e-01
2.9314077534e-01
2.9311112031e-01
2.9307963692e-01
2.9303466274e-01
2.9298700537e-01
2.9293704808e-01
2.9288519027e-01
2.9285088927e-01
2.9281608131e-01
2.9278088099e-01
2.9274540360e-01
2.9271264805e-01
2.9267984526e-01
2.9264708372e-01
2.9261445076e-01
2.9258384839e-01
2.9255350726e-01
2.9252349579e-01
2.9249388013e-01
2.9246079672e-01
2.9242839524e-01
2.9239675965e-01
2.9236596862e-01
2.9234055080e-01
2.9231583570e-01
2.9229186186e-01
2.9226866482e-01
2.9224448934e-01
2.9222129808e-01
2.9219912486e-01
2.9217799993e-01
2.9215518577e-01
2.9213380964e-01
2.9211390188e-01
2.9209548850e-01
2.9207945730e-01
2.9206480047e-01
2.9205153149e-01
2.9203966168e-01
2.9202888380e-01
2.9201961619e-01
2.9201186576e-01
2.9200563798e-01
2.9200051951e-01
2.9199728070e-01
2.9199592407e-01
2.9199645064e-01
2.9199848096e-01
2.9200197816e-01
2.9200694010e-01
2.9201336369e-01
2.9202122856e-01
2.9203054008e-01
2.9204129156e-01
2.9205347479e-01
2.9206724565e-01
2.9208245908e-01
2.9209910031e-01
2.9211715187e-01
2.9213431877e-01
2.9215256158e-01
2.9217186139e-01
2.9219219674e-01
2.9221314358e-01
2.9223503931e-01
2.9225785525e-01
2.9228155958e-01
2.9231370007e-01
2.9234720123e-01
2.9238196718e-01
2.9241789215e-01
2.9244590174e-01
2.9247445993e-01
2.9250350936e-01
2.9253298986e-01
2.9256873258e-01
2.9260489037e-01
2.9264134733e-01
2.9267798417e-01
2.9271641588e-01
2.9275476860e-01
2.9279289863e-01
2.9283066179e-01
2.9287089020e-01
2.9291034249e-01
2.9294884165e-01
2.9298621430e-01
2.9302247471e-01
2.9305725995e-01
2.9309040963e-01
2.9312176966e-01
2.9315464432e-01
2.9318488233e-01
2.9321229691e-01
2.9323671252e-01
2.9326401890e-01
2.9328549282e-01
2.9330082076e-01
2.9330972057e-01
2.9331123583e-01
2.9330079543e-01
2.9327798475e-01
2.9324246273e-01
2.9319224582e-01
2.9312800400e-01
2.9304958190e-01
2.9295689276e-01
2.9286172690e-01
2.9275512840e-01
2.9263717566e-01
2.9250799446e-01
2.9239893234e-01
2.9228317744e-01
2.9216085844e-01
2.9203212649e-01
2.9192287496e-01
2.9180960693e-01
2.9169244007e-01
2.9157150403e-01
2.9145989355e-01
2.9134547388e-01
2.9122836507e-01
2.9110869587e-01
2.9099678890e-01
2.9088295595e-01
2.9076731601e-01
2.9064999425e-01
2.9052494365e-01
2.9039833753e-01
2.9027034186e-01
2.9014112859e-01
2.9003002156e-01
2.8991826960e-01
2.8980598748e-01
2.8969329132e-01
2.8958541696e-01
2.8947737397e-01
2.8936926405e-01
2.8926118806e-01
2.8916723065e-01
2.8907343865e-01
2.8897987495e-01
2.8888660073e-01
2.8878316547e-01
2.8868024093e-01
2.8857790182e-01
2.8847621875e-01
2.8838675518e-01
2.8829790142e-01
2.8820969766e-01
2.8812218121e-01
2.8802716336e-01
2.8793305234e-01
2.8783988540e-01
2.8774769596e-01
2.8765231870e-01
2.8755807410e-01
2.8746498843e-01
2.8737308452e-01
2.8727900695e-01
2.8718624121e-01
2.8709480318e-01
2.8700470622e-01
2.8691485767e-01
2.8682640508e-01
2.8673935637e-01
2.8665371807e-01
2.8655381852e-01
2.8645592408e-01
2.8636004021e-01
2.8626617107e-01
2.8614830785e-01
2.8603379295e-01
2.8592262953e-01
2.8581481950e-01
2.8569184192e-01
2.8557354162e-01
2.8545991849e-01
2.8535097191e-01
2.8523884862e-01
2.8513214892e-01
2.8503087123e-01
2.8493501393e-01
2.8482622756e-01
2.8472537861e-01
2.8463246441e-01
2.8454748244e-01
2.8445039625e-01
2.8436626380e-01
2.8429508126e-01
2.8423684541e-01
2.8419155361e-01
2.8415920379e-01
2.8413979449e-01
2.8413332483e-01
