2.5380422170e-01
2.5400369699e-01
2.5460243630e-01
2.5560138079e-01
2.5700210081e-01
2.5789011610e-01
2.5888776949e-01
2.5999548514e-01
2.6121373398e-01
2.6204287906e-01
2.6291672774e-01
2.6383542911e-01
2.6479913987e-01
2.6549914976e-01
2.6622126256e-01
2.6696553839e-01
2.6773203921e-01
2.6832366117e-01
2.6892793795e-01
2.6954489804e-01
2.7017457054e-01
2.7068919088e-01
2.7121203580e-01
2.7174312114e-01
2.7228246300e-01
2.7275631217e-01
2.7323637882e-01
2.7372267378e-01
2.7421520796e-01
2.7477554541e-01
2.7534377410e-01
2.7591990916e-01
2.7650396513e-01
2.7688981585e-01
2.7727905637e-01
2.7767168945e-01
2.7806771714e-01
2.7837715036e-01
2.7868862529e-01
2.7900214115e-01
2.7931769626e-01
2.7962188641e-01
2.7992794175e-01
2.8023585723e-01
2.8054562600e-01
2.8089551331e-01
2.8124770723e-01
2.8160218564e-01
2.8195892006e-01
2.8222985691e-01
2.8250204162e-01
2.8277545191e-01
2.8305006179e-01
2.8333193621e-01
2.8361499549e-01
2.8389919757e-01
2.8418449490e-01
2.8449109714e-01
2.8479882079e-01
2.8510758514e-01
2.8541730174e-01
2.8571478843e-01
2.8601297038e-01
2.8631175155e-01
2.8661103096e-01
2.8695590480e-01
2.8730113209e-01
2.8764654144e-01
2.8799195806e-01
2.8835908818e-01
2.8872581385e-01
2.8909192384e-01
2.8945721012e-01
2.8984195006e-01
2.9022531180e-01
2.9060707223e-01
2.9098701838e-01
2.9141072879e-01
2.9183163613e-01
2.9224949217e-01
2.9266406798e-01
2.9317648530e-01
2.9368310359e-01
2.9418360070e-01
2.9467769624e-01
2.9532413955e-01
2.9595838252e-01
2.9658005713e-01
2.9718888436e-01
2.9784794691e-01
2.9849082784e-01
2.9911743299e-01
2.9972773918e-01
3.0032660226e-01
3.0090902027e-01
3.0147511933e-01
3.0202505821e-01
3.0264183244e-01
3.0323751361e-01
3.0381244888e-01
3.0436700508e-01
3.0502092817e-01
3.0564539278e-01
3.0624112845e-01
3.0680886531e-01
3.0750469281e-01
3.0815619321e-01
3.0876487959e-01
3.0933221772e-01
3.0993589379e-01
3.1048872722e-01
3.1099269137e-01
3.1144966887e-01
3.1184158284e-01
3.1219426063e-01
3.1250912553e-01
3.1278756205e-01
3.1299915352e-01
3.1318560998e-01
3.1334780268e-01
3.1348662212e-01
3.1358304433e-01
3.1366509633e-01
3.1373332657e-01
3.1378831712e-01
3.1382629975e-01
3.1385493683e-01
3.1387471663e-01
3.1388616300e-01
3.1388982458e-01
3.1388716333e-01
3.1387870740e-01
3.1386501859e-01
3.1384843079e-01
3.1382844535e-01
3.1380556174e-01
3.1378029794e-01
3.1375571208e-01
3.1373000887e-01
3.1370360179e-01
3.1367690524e-01
3.1365129131e-01
3.1362615276e-01
3.1360184105e-01
3.1357869349e-01
3.1355664129e-01
3.1353644307e-01
3.1351838538e-01
3.1350272362e-01
3.1349040780e-01
3.1348054749e-01
3.1347326449e-01
3.1346864869e-01
3.1346675796e-01
3.1346760519e-01
3.1347117997e-01
3.1347743843e-01
3.1348863980e-01
3.1350353972e-01
3.1352186280e-01
3.1354326954e-01
3.1356468675e-01
3.1358792967e-01
3.1361265014e-01
3.1363847587e-01
3.1366958405e-01
3.1370101582e-01
3.1373210209e-01
3.1376216701e-01
3.1379273109e-01
3.1382047856e-01
3.1384459699e-01
3.1386430495e-01
3.1387902295e-01
3.1388770378e-01
3.1388965715e-01
3.1388423722e-01
3.1386678304e-01
3.1383646755e-01
3.1379236584e-01
3.1373362767e-01
3.1363619415e-01
3.1351215768e-01
3.1336012495e-01
3.1317878440e-01
3.1293620768e-01
3.1265257557e-01
3.1232610988e-01
3.1195501134e-01
3.1154164687e-01
3.1108082753e-01
3.1057061104e-01
3.1000896242e-01
3.0956261671e-01
3.0908651523e-01
3.0857974543e-01
3.0804136434e-01
3.0757505539e-01
3.0708623399e-01
3.0657433783e-01
3.0603879577e-01
3.0556324471e-01
3.0506973711e-01
3.0455791408e-01
3.0402741973e-01
3.0354232258e-01
3.0304210614e-01
3.0252654329e-01
3.0199541878e-01
3.0147579044e-01
3.0094175669e-01
3.0039318309e-01
2.9982996082e-01
2.9925216727e-01
2.9865961494e-01
2.9805231052e-01
2.9743031603e-01
2.9691978673e-01
2.9639994837e-01
2.9587093978e-01
2.9533294139e-01
2.9491453015e-01
2.9449108977e-01
2.9406276230e-01
2.9362971056e-01
2.9325171727e-01
2.9287046526e-01
2.9248610160e-01
2.9209878737e-01
2.9172622547e-01
2.9135129667e-01
2.9097417837e-01
2.9059505990e-01
2.9019945435e-01
2.8980214594e-01
2.8940338371e-01
2.8900342692e-01
2.8868429783e-01
2.8836471931e-01
2.8804483124e-01
2.8772477438e-01
2.8743302141e-01
2.8714135097e-01
2.8684986743e-01
2.8655867307e-01
2.8627524415e-01
2.8599227360e-01
2.8570984691e-01
2.8542804548e-01
2.8514225545e-01
2.8485726711e-01
2.8457315081e-01
2.8428997134e-01
2.8401016984e-01
2.8373139963e-01
2.8345370750e-01
2.8317713509e-01
2.8286972991e-01
2.8256381035e-01
2.8225941428e-01
2.8195657363e-01
2.8164225356e-01
2.8132968103e-01
2.8101887633e-01
2.8070985573e-01
2.8038301213e-01
2.8005821502e-01
2.7973547346e-01
2.7941479414e-01
2.7899863929e-01
2.7858602434e-01
2.7817695281e-01
2.7777142575e-01
2.7726314668e-01
2.7676054232e-01
2.7626360647e-01
2.7577233157e-01
2.7523636265e-01
2.7470727547e-01
2.7418505768e-01
2.7366969676e-01
2.7302837274e-01
2.7239794828e-01
2.7177839845e-01
2.7116969860e-01
2.7026276933e-01
2.6938090448e-01
2.6852402230e-01
2.6769204333e-01
2.6607374516e-01
2.6455787434e-01
2.6314384733e-01
2.6183111978e-01
2.5938636079e-01
2.5738823518e-01
2.5583330214e-01
2.5471888414e-01
2.5394029803e-01
2.5385190223e-01
2.5445345627e-01
2.5574659548e-01
2.5659897650e-01
2.5760698218e-01
2.5877122386e-01
2.6009240767e-01
2.6095470434e-01
2.6187320559e-01
2.6284810926e-01
2.6387962532e-01
2.6461730461e-01
2.6538160607e-01
2.6617260660e-01
2.6699038578e-01
2.6761123838e-01
2.6824675971e-01
2.6889698461e-01
2.6956194870e-01
2.7009613250e-01
2.7063950196e-01
2.7119207556e-01
2.7175387206e-01
2.7223665691e-01
2.7272607596e-01
2.7322214108e-01
2.7372486422e-01
2.7418580737e-01
2.7465222785e-01
2.7512413462e-01
2.7560153651e-01
2.7601609705e-01
2.7643472553e-01
2.7685742687e-01
2.7728420551e-01
2.7762362469e-01
2.7796558294e-01
2.7831008106e-01
2.7865711908e-01
2.7895240082e-01
2.7924949488e-01
2.7954839914e-01
2.7984911043e-01
2.8014729327e-01
2.8044722189e-01
2.8074888867e-01
2.8105228379e-01
2.8134412468e-01
2.8163752218e-01
2.8193245949e-01
2.8222891614e-01
2.8250232443e-01
2.8277696934e-01
2.8305282453e-01
2.8332985948e-01
2.8360339288e-01
2.8387799541e-01
2.8415362444e-01
2.8443023236e-01
2.8471334583e-01
2.8499736140e-01
2.8528221193e-01
2.8556782478e-01
2.8585686384e-01
2.8614651519e-01
2.8643668891e-01
2.8672729087e-01
2.8705865210e-01
2.8739029274e-01
2.8772205993e-01
2.8805379831e-01
2.8844675106e-01
2.8883918222e-01
2.8923083357e-01
2.8962145172e-01
2.9000215450e-01
2.9038141133e-01
2.9075900907e-01
2.9113474477e-01
2.9155378301e-01
2.9196998269e-01
2.9238310840e-01
2.9279294336e-01
2.9333894030e-01
2.9387818919e-01
2.9441031491e-01
2.9493499555e-01
2.9555624566e-01
2.9616593026e-01
2.9676374505e-01
2.9734946036e-01
2.9796093313e-01
2.9855831424e-01
2.9914153630e-01
2.9971058445e-01
3.0030528272e-01
3.0088378870e-01
3.0144622416e-01
3.0199274283e-01
3.0260580742e-01
3.0319809174e-01
3.0376993335e-01
3.0432168930e-01
3.0497124914e-01
3.0559187871e-01
3.0618428563e-01
3.0674917870e-01
3.0744943253e-01
3.0810514357e-01
3.0871783307e-01
3.0928897529e-01
3.0988650407e-01
3.1043470544e-01
3.1093546394e-01
3.1139057882e-01
3.1181117396e-01
3.1218746419e-01
3.1252115268e-01
3.1281389319e-01
3.1302380494e-01
3.1320834766e-01
3.1336841235e-01
3.1350491155e-01
3.1359808865e-01
3.1367719771e-01
3.1374278014e-01
3.1379541103e-01
3.1383118310e-01
3.1385802714e-01
3.1387640886e-01
3.1388682728e-01
3.1388980793e-01
3.1388572285e-01
3.1387521667e-01
3.1385897720e-01
3.1384056380e-01
3.1381881209e-01
3.1379426460e-01
3.1376748261e-01
3.1374255525e-01
3.1371674467e-01
3.1369045099e-01
3.1366407336e-01
3.1363691090e-01
3.1361052224e-01
3.1358532708e-01
3.1356172342e-01
3.1354187998e-01
3.1352393179e-01
3.1350811216e-01
3.1349462617e-01
3.1348351399e-01
3.1347512776e-01
3.1346957852e-01
3.1346693969e-01
3.1346722254e-01
3.1347036850e-01
3.1347633708e-01
3.1348505144e-01
3.1349668224e-01
3.1351090831e-01
3.1352753715e-01
3.1354634324e-01
3.1356714750e-01
3.1358960029e-01
3.1361339152e-01
3.1363819091e-01
3.1366570165e-01
3.1369353068e-01
3.1372121480e-01
3.1374828526e-01
3.1377836791e-01
3.1380625589e-01
3.1383123530e-01
3.1385261475e-01
3.1387045061e-01
3.1388286442e-01
3.1388916823e-01
3.1388871605e-01
3.1387875782e-01
3.1385776221e-01
3.1382489584e-01
3.1377939071e-01
3.1370186046e-01
3.1360124881e-01
3.1347630588e-01
3.1332586494e-01
3.1312638086e-01
3.1289224135e-01
3.1262199135e-01
3.1231417963e-01
3.1196693473e-01
3.1157906244e-01
3.1114899843e-01
3.1067511476e-01
3.1024192707e-01
3.0977556756e-01
3.0927494336e-01
3.0873891955e-01
3.0827772887e-01
3.0779186904e-01
3.0728067751e-01
3.0674347699e-01
3.0627061226e-01
3.0577841264e-01
3.0526645843e-01
3.0473432941e-01
3.0425364358e-01
3.0375703363e-01
3.0324423215e-01
3.0271498046e-01
3.0221492421e-01
3.0170064562e-01
3.0117198142e-01
3.0062878720e-01
3.0008414464e-01
2.9952544074e-01
2.9895262131e-01
2.9836567093e-01
2.9781803797e-01
2.9725873716e-01
2.9668787594e-01
2.9610561326e-01
2.9565469824e-01
2.9519741814e-01
2.9473391990e-01
2.9426437767e-01
2.9387275445e-01
2.9347728894e-01
2.9307812702e-01
2.9267543084e-01
2.9231037272e-01
2.9194274254e-01
2.9157269419e-01
2.9120039326e-01
2.9077450522e-01
2.9034621204e-01
2.8991581015e-01
2.8948361263e-01
2.8913890600e-01
2.8879344188e-01
2.8844739472e-01
2.8810094171e-01
2.8780576566e-01
2.8751053555e-01
2.8721536126e-01
2.8692035137e-01
2.8663408316e-01
2.8634816586e-01
2.8606269166e-01
2.8577774918e-01
2.8549299035e-01
2.8520893012e-01
2.8492564395e-01
2.8464320207e-01
2.8436324788e-01
2.8408425099e-01
2.8380626436e-01
2.8352933564e-01
2.8323026193e-01
2.8293253000e-01
2.8263618124e-01
2.8234125121e-01
2.8203286118e-01
2.8172610079e-01
2.8142099441e-01
2.8111756195e-01
2.8080565231e-01
2.8049556296e-01
2.8018730502e-01
2.7988088706e-01
2.7948344195e-01
2.7908915679e-01
2.7869803798e-01
2.7831008907e-01
2.7772482689e-01
2.7714693165e-01
2.7657639679e-01
2.7601321245e-01
2.7548647136e-01
2.7496630511e-01
2.7445270233e-01
2.7394565140e-01
2.7333703456e-01
2.7273809461e-01
2.7214881058e-01
2.7156916173e-01
2.7075743116e-01
2.6996528034e-01
2.6919265202e-01
2.6843949034e-01
2.6716087298e-01
2.6594211734e-01
2.6478295032e-01
2.6368311221e-01
2.6136227246e-01
2.5935560680e-01
2.5766070298e-01
2.5627552354e-01
2.5519334412e-01
2.5442129689e-01
2.5395844352e-01
2.5380422153e-01
