0.0000000000e+00
2.7507909910e-03
5.5015819821e-03
8.2523729731e-03
1.1003163964e-02
1.3469750057e-02
1.5936336149e-02
1.8402922242e-02
2.0869508334e-02
2.3625211733e-02
2.6380915133e-02
2.9136618532e-02
3.1892321931e-02
3.3832650774e-02
3.5772979618e-02
3.7713308461e-02
3.9653637305e-02
4.1227138214e-02
4.2800639123e-02
4.4374140032e-02
4.5947640941e-02
4.7312740116e-02
4.8677839291e-02
5.0042938466e-02
5.1408037641e-02
5.2728687821e-02
5.4049338000e-02
5.5369988180e-02
5.6690638360e-02
5.8106646774e-02
5.9522655187e-02
6.0938663600e-02
6.2354672013e-02
6.3553521905e-02
6.4752371797e-02
6.5951221689e-02
6.7150071581e-02
6.8262399208e-02
6.9374726835e-02
7.0487054461e-02
7.1599382088e-02
7.2800066472e-02
7.4000750857e-02
7.5201435241e-02
7.6402119626e-02
7.7573095356e-02
7.8744071087e-02
7.9915046817e-02
8.1086022548e-02
8.2245926976e-02
8.3405831404e-02
8.4565735831e-02
8.5725640259e-02
8.7087035389e-02
8.8448430518e-02
8.9809825647e-02
9.1171220776e-02
9.2685554202e-02
9.4199887627e-02
9.5714221053e-02
9.7228554478e-02
9.8769154009e-02
1.0030975354e-01
1.0185035307e-01
1.0339095260e-01
1.0496714293e-01
1.0654333326e-01
1.0811952359e-01
1.0969571392e-01
1.1146531849e-01
1.1323492305e-01
1.1500452761e-01
1.1677413217e-01
1.1893630133e-01
1.2109847048e-01
1.2326063964e-01
1.2542280880e-01
1.2809024604e-01
1.3075768328e-01
1.3342512052e-01
1.3609255775e-01
1.3911508502e-01
1.4213761229e-01
1.4516013956e-01
1.4818266683e-01
1.5057632937e-01
1.5296999191e-01
1.5536365444e-01
1.5775731698e-01
1.5978184564e-01
1.6180637430e-01
1.6383090296e-01
1.6585543162e-01
1.6762213443e-01
1.6938883725e-01
1.7115554006e-01
1.7292224287e-01
1.7451718093e-01
1.7611211898e-01
1.7770705703e-01
1.7930199508e-01
1.8087722937e-01
1.8245246367e-01
1.8402769796e-01
1.8560293225e-01
1.8714242315e-01
1.8868191405e-01
1.9022140495e-01
1.9176089585e-01
1.9313596630e-01
1.9451103676e-01
1.9588610722e-01
1.9726117768e-01
1.9846796962e-01
1.9967476157e-01
2.0088155351e-01
2.0208834545e-01
2.0326443008e-01
2.0444051470e-01
2.0561659932e-01
2.0679268394e-01
2.0806622749e-01
2.0933977103e-01
2.1061331458e-01
2.1188685812e-01
2.1302840777e-01
2.1416995742e-01
2.1531150707e-01
2.1645305672e-01
2.1766652368e-01
2.1887999064e-01
2.2009345760e-01
2.2130692456e-01
2.2270252101e-01
2.2409811745e-01
2.2549371390e-01
2.2688931035e-01
2.2824166976e-01
2.2959402917e-01
2.3094638857e-01
2.3229874798e-01
2.3368407407e-01
2.3506940016e-01
2.3645472625e-01
2.3784005234e-01
2.3941030869e-01
2.4098056504e-01
2.4255082138e-01
2.4412107773e-01
2.4588924115e-01
2.4765740457e-01
2.4942556799e-01
2.5119373141e-01
2.5271489229e-01
2.5423605317e-01
2.5575721405e-01
2.5727837493e-01
2.5864785254e-01
2.6001733015e-01
2.6138680775e-01
2.6275628536e-01
2.6412852026e-01
2.6550075515e-01
2.6687299005e-01
2.6824522495e-01
2.6959693694e-01
2.7094864894e-01
2.7230036094e-01
2.7365207293e-01
2.7487536071e-01
2.7609864849e-01
2.7732193627e-01
2.7854522405e-01
2.7967917999e-01
2.8081313594e-01
2.8194709189e-01
2.8308104784e-01
2.8436012734e-01
2.8563920685e-01
2.8691828636e-01
2.8819736587e-01
2.8937264699e-01
2.9054792810e-01
2.9172320922e-01
2.9289849033e-01
2.9410815389e-01
2.9531781746e-01
2.9652748102e-01
2.9773714459e-01
2.9910745871e-01
3.0047777284e-01
3.0184808697e-01
3.0321840110e-01
3.0489332104e-01
3.0656824099e-01
3.0824316093e-01
3.0991808087e-01
3.1147646857e-01
3.1303485627e-01
3.1459324397e-01
3.1615163166e-01
3.1779221620e-01
3.1943280073e-01
3.2107338527e-01
3.2271396980e-01
3.2457636407e-01
3.2643875833e-01
3.2830115259e-01
3.3016354686e-01
3.3244763310e-01
3.3473171935e-01
3.3701580560e-01
3.3929989184e-01
3.4216805378e-01
3.4503621572e-01
3.4790437766e-01
3.5077253959e-01
3.5362933840e-01
3.5648613721e-01
3.5934293603e-01
3.6219973484e-01
3.6448991114e-01
3.6678008744e-01
3.6907026375e-01
3.7136044005e-01
3.7327159727e-01
3.7518275449e-01
3.7709391171e-01
3.7900506893e-01
3.8071408180e-01
3.8242309467e-01
3.8413210754e-01
3.8584112041e-01
3.8738726988e-01
3.8893341936e-01
3.9047956883e-01
3.9202571831e-01
3.9359462052e-01
3.9516352273e-01
3.9673242494e-01
3.9830132715e-01
3.9975137240e-01
4.0120141764e-01
4.0265146288e-01
4.0410150812e-01
4.0545656908e-01
4.0681163004e-01
4.0816669100e-01
4.0952175195e-01
4.1068429261e-01
4.1184683326e-01
4.1300937392e-01
4.1417191457e-01
4.1533552923e-01
4.1649914388e-01
4.1766275854e-01
4.1882637320e-01
4.2004091826e-01
4.2125546333e-01
4.2247000840e-01
4.2368455346e-01
4.2479891865e-01
4.2591328384e-01
4.2702764902e-01
4.2814201421e-01
4.2934876432e-01
4.3055551444e-01
4.3176226456e-01
4.3296901468e-01
4.3442480440e-01
4.3588059413e-01
4.3733638386e-01
4.3879217359e-01
4.4011013383e-01
4.4142809407e-01
4.4274605431e-01
4.4406401454e-01
4.4547018927e-01
4.4687636400e-01
4.4828253873e-01
4.4968871346e-01
4.5142794876e-01
4.5316718407e-01
4.5490641938e-01
4.5664565468e-01
4.5887829206e-01
4.6111092944e-01
4.6334356682e-01
4.6557620420e-01
4.6801685151e-01
4.7045749883e-01
4.7289814614e-01
4.7533879345e-01
4.7799621835e-01
4.8065364325e-01
4.8331106815e-01
4.8596849305e-01
4.8905159859e-01
4.9213470413e-01
4.9521780968e-01
4.9830091522e-01
5.0110881688e-01
5.0391671854e-01
5.0672462019e-01
5.0953252185e-01
5.1203870768e-01
5.1454489352e-01
5.1705107935e-01
5.1955726519e-01
5.2202406275e-01
5.2449086031e-01
5.2695765787e-01
5.2942445543e-01
5.3146903990e-01
5.3351362437e-01
5.3555820884e-01
5.3760279331e-01
5.3927921046e-01
5.4095562762e-01
5.4263204477e-01
5.4430846192e-01
5.4571254170e-01
5.4711662148e-01
5.4852070126e-01
5.4992478104e-01
5.5124101277e-01
5.5255724451e-01
5.5387347624e-01
5.5518970797e-01
5.5684969626e-01
5.5850968455e-01
5.6016967284e-01
5.6182966112e-01
5.6304016149e-01
5.6425066186e-01
5.6546116222e-01
5.6667166259e-01
5.6780268951e-01
5.6893371644e-01
5.7006474336e-01
5.7119577029e-01
5.7236426194e-01
5.7353275360e-01
5.7470124525e-01
5.7586973691e-01
5.7707395681e-01
5.7827817672e-01
5.7948239662e-01
5.8068661652e-01
5.8185455823e-01
5.8302249994e-01
5.8419044165e-01
5.8535838335e-01
5.8685352558e-01
5.8834866781e-01
5.8984381004e-01
5.9133895226e-01
5.9281281939e-01
5.9428668652e-01
5.9576055365e-01
5.9723442078e-01
5.9879513027e-01
6.0035583976e-01
6.0191654926e-01
6.0347725875e-01
6.0506425848e-01
6.0665125821e-01
6.0823825795e-01
6.0982525768e-01
6.1161255917e-01
6.1339986066e-01
6.1518716215e-01
6.1697446364e-01
6.1912311106e-01
6.2127175848e-01
6.2342040590e-01
6.2556905332e-01
6.2822701408e-01
6.3088497484e-01
6.3354293560e-01
6.3620089636e-01
6.3922483235e-01
6.4224876834e-01
6.4527270434e-01
6.4829664033e-01
6.5068787575e-01
6.5307911117e-01
6.5547034659e-01
6.5786158201e-01
6.5989278700e-01
6.6192399198e-01
6.6395519696e-01
6.6598640194e-01
6.6774648970e-01
6.6950657746e-01
6.7126666522e-01
6.7302675297e-01
6.7462757463e-01
6.7622839629e-01
6.7782921795e-01
6.7943003961e-01
6.8099891387e-01
6.8256778813e-01
6.8413666239e-01
6.8570553666e-01
6.8725402901e-01
6.8880252137e-01
6.9035101372e-01
6.9189950608e-01
6.9326432714e-01
6.9462914821e-01
6.9599396927e-01
6.9735879034e-01
6.9856637955e-01
6.9977396876e-01
7.0098155797e-01
7.0218914719e-01
7.0336578663e-01
7.0454242607e-01
7.0571906551e-01
7.0689570495e-01
7.0816948925e-01
7.0944327355e-01
7.1071705786e-01
7.1199084216e-01
7.1312943852e-01
7.1426803489e-01
7.1540663125e-01
7.1654522761e-01
7.1776080278e-01
7.1897637795e-01
7.2019195312e-01
7.2140752829e-01
7.2281114586e-01
7.2421476343e-01
7.2561838100e-01
7.2702199857e-01
7.2837320307e-01
7.2972440757e-01
7.3107561208e-01
7.3242681658e-01
7.3381248239e-01
7.3519814820e-01
7.3658381401e-01
7.3796947982e-01
7.3954153029e-01
7.4111358075e-01
7.4268563122e-01
7.4425768168e-01
7.4604242606e-01
7.4782717043e-01
7.4961191480e-01
7.5139665917e-01
7.5290909448e-01
7.5442152978e-01
7.5593396509e-01
7.5744640040e-01
7.5881283640e-01
7.6017927241e-01
7.6154570842e-01
7.6291214443e-01
7.6427867270e-01
7.6564520097e-01
7.6701172925e-01
7.6837825752e-01
7.6973630260e-01
7.7109434768e-01
7.7245239277e-01
7.7381043785e-01
7.7502449152e-01
7.7623854519e-01
7.7745259886e-01
7.7866665253e-01
7.7980533916e-01
7.8094402579e-01
7.8208271242e-01
7.8322139905e-01
7.8449138071e-01
7.8576136237e-01
7.8703134403e-01
7.8830132570e-01
7.8947979187e-01
7.9065825805e-01
7.9183672423e-01
7.9301519040e-01
7.9422583903e-01
7.9543648766e-01
7.9664713629e-01
7.9785778491e-01
7.9924289725e-01
8.0062800959e-01
8.0201312192e-01
8.0339823426e-01
8.0507794134e-01
8.0675764842e-01
8.0843735550e-01
8.1011706258e-01
8.1167677362e-01
8.1323648466e-01
8.1479619570e-01
8.1635590675e-01
8.1800270366e-01
8.1964950058e-01
8.2129629749e-01
8.2294309441e-01
8.2481458724e-01
8.2668608008e-01
8.2855757292e-01
8.3042906576e-01
8.3272579398e-01
8.3502252220e-01
8.3731925042e-01
8.3961597864e-01
8.4250143369e-01
8.4538688874e-01
8.4827234379e-01
8.5115779884e-01
8.5399574052e-01
8.5683368221e-01
8.5967162389e-01
8.6250956558e-01
8.6478524679e-01
8.6706092801e-01
8.6933660923e-01
8.7161229045e-01
8.7351548078e-01
8.7541867112e-01
8.7732186145e-01
8.7922505178e-01
8.8092702254e-01
8.8262899330e-01
8.8433096405e-01
8.8603293481e-01
8.8757881076e-01
8.8912468671e-01
8.9067056265e-01
8.9221643860e-01
8.9378723603e-01
8.9535803346e-01
8.9692883090e-01
8.9849962833e-01
8.9994231403e-01
9.0138499973e-01
9.0282768544e-01
9.0427037114e-01
9.0563736804e-01
9.0700436494e-01
9.0837136184e-01
9.0973835874e-01
9.1089725994e-01
9.1205616114e-01
9.1321506234e-01
9.1437396354e-01
9.1554121306e-01
9.1670846259e-01
9.1787571211e-01
9.1904296163e-01
9.2024958291e-01
9.2145620418e-01
9.2266282545e-01
9.2386944673e-01
9.2498749747e-01
9.2610554821e-01
9.2722359894e-01
9.2834164968e-01
9.2956650653e-01
9.3079136337e-01
9.3201622022e-01
9.3324107706e-01
9.3475672860e-01
9.3627238013e-01
9.3778803167e-01
9.3930368321e-01
9.4062246905e-01
9.4194125490e-01
9.4326004075e-01
9.4457882660e-01
9.4601650775e-01
9.4745418890e-01
9.4889187005e-01
9.5032955121e-01
9.5221378984e-01
9.5409802847e-01
9.5598226710e-01
9.5786650573e-01
9.6046265639e-01
9.6305880705e-01
9.6565495771e-01
9.6825110837e-01
9.7071016976e-01
9.7316923115e-01
9.7562829254e-01
9.7808735393e-01
9.8082643469e-01
9.8356551544e-01
9.8630459620e-01
9.8904367696e-01
9.9178275772e-01
9.9452183848e-01
9.9726091924e-01
1.0000000000e+00
