2.5207366737e-01
2.5225832821e-01
2.5281258120e-01
2.5373723841e-01
2.5503365469e-01
2.5587836906e-01
2.5682986584e-01
2.5788854210e-01
2.5905483967e-01
2.5985241755e-01
2.6069381587e-01
2.6157917652e-01
2.6250864879e-01
2.6319768074e-01
2.6390923083e-01
2.6464335992e-01
2.6540013084e-01
2.6599009682e-01
2.6659319127e-01
2.6720944395e-01
2.6783888528e-01
2.6834538919e-01
2.6886015586e-01
2.6938320116e-01
2.6991454116e-01
2.7036349017e-01
2.7081821567e-01
2.7127872737e-01
2.7174503507e-01
2.7215581455e-01
2.7257100302e-01
2.7299060716e-01
2.7341463367e-01
2.7382229985e-01
2.7423398358e-01
2.7464969065e-01
2.7506942683e-01
2.7544662915e-01
2.7582703541e-01
2.7621064929e-01
2.7659747428e-01
2.7692204480e-01
2.7724884570e-01
2.7757787820e-01
2.7790914311e-01
2.7817823007e-01
2.7844877225e-01
2.7872076908e-01
2.7899421951e-01
2.7924240630e-01
2.7949177556e-01
2.7974232511e-01
2.7999405209e-01
2.8026168155e-01
2.8053061984e-01
2.8080086030e-01
2.8107239466e-01
2.8132287089e-01
2.8157442045e-01
2.8182703230e-01
2.8208069353e-01
2.8232074961e-01
2.8256171023e-01
2.8280355881e-01
2.8304627654e-01
2.8327191306e-01
2.8349825872e-01
2.8372529276e-01
2.8395299235e-01
2.8423022360e-01
2.8450834957e-01
2.8478731658e-01
2.8506706619e-01
2.8530283421e-01
2.8553907093e-01
2.8577573420e-01
2.8601277984e-01
2.8626884168e-01
2.8652523472e-01
2.8678189687e-01
2.8703876429e-01
2.8731719603e-01
2.8759570745e-01
2.8787421294e-01
2.8815262627e-01
2.8850776390e-01
2.8886243140e-01
2.8921645184e-01
2.8956965157e-01
2.8988295710e-01
2.9019536380e-01
2.9050675982e-01
2.9081703745e-01
2.9114966066e-01
2.9148074547e-01
2.9181017542e-01
2.9213784066e-01
2.9250221291e-01
2.9286411243e-01
2.9322341470e-01
2.9358000523e-01
2.9404627388e-01
2.9450742264e-01
2.9496326271e-01
2.9541363057e-01
2.9591641670e-01
2.9641185004e-01
2.9689979348e-01
2.9738013905e-01
2.9791604009e-01
2.9844196508e-01
2.9895786430e-01
2.9946371746e-01
2.9995798664e-01
3.0044230512e-01
3.0091671813e-01
3.0138128669e-01
3.0187801532e-01
3.0236317929e-01
3.0283690444e-01
3.0329932753e-01
3.0381244302e-01
3.0431131153e-01
3.0479616789e-01
3.0526725349e-01
3.0580700986e-01
3.0632825760e-01
3.0683141134e-01
3.0731688597e-01
3.0789521730e-01
3.0844775631e-01
3.0897527353e-01
3.0947852604e-01
3.1010220005e-01
3.1068714266e-01
3.1123492502e-01
3.1174706446e-01
3.1232276135e-01
3.1285062673e-01
3.1333304202e-01
3.1377226640e-01
3.1417697848e-01
3.1454131787e-01
3.1486726401e-01
3.1515665603e-01
3.1544255868e-01
3.1568592094e-01
3.1588871542e-01
3.1605264297e-01
3.1616648914e-01
3.1625177180e-01
3.1630909348e-01
3.1633886461e-01
3.1634141879e-01
3.1631723789e-01
3.1626615084e-01
3.1618779898e-01
3.1607808441e-01
3.1593810503e-01
3.1576687076e-01
3.1556320145e-01
3.1530276632e-01
3.1500020433e-01
3.1465328012e-01
3.1425953203e-01
3.1389106054e-01
3.1348604012e-01
3.1304267050e-01
3.1255905033e-01
3.1215707507e-01
3.1172898104e-01
3.1127377303e-01
3.1079042096e-01
3.1037588734e-01
3.0994145080e-01
3.0948650767e-01
3.0901044022e-01
3.0859224290e-01
3.0815820029e-01
3.0770792160e-01
3.0724101099e-01
3.0682283663e-01
3.0639162234e-01
3.0594710545e-01
3.0548902326e-01
3.0507095281e-01
3.0464181255e-01
3.0420142349e-01
3.0374961002e-01
3.0332738043e-01
3.0289537767e-01
3.0245348165e-01
3.0200157886e-01
3.0155787163e-01
3.0110474421e-01
3.0064212131e-01
3.0016993939e-01
2.9966646703e-01
2.9915247285e-01
2.9862794165e-01
2.9809288469e-01
2.9765806817e-01
2.9721660226e-01
2.9676854050e-01
2.9631395446e-01
2.9592665363e-01
2.9553486873e-01
2.9513867821e-01
2.9473817344e-01
2.9439910065e-01
2.9405713832e-01
2.9371236423e-01
2.9336486430e-01
2.9304729172e-01
2.9272762946e-01
2.9240596038e-01
2.9208237362e-01
2.9177122593e-01
2.9145850084e-01
2.9114429275e-01
2.9082870134e-01
2.9047957089e-01
2.9012903650e-01
2.8977725251e-01
2.8942437968e-01
2.8914371315e-01
2.8886255141e-01
2.8858098161e-01
2.8829909222e-01
2.8802566213e-01
2.8775209771e-01
2.8747848088e-01
2.8720489319e-01
2.8696744007e-01
2.8673012205e-01
2.8649299042e-01
2.8625609534e-01
2.8600096789e-01
2.8574623160e-01
2.8549194344e-01
2.8523815787e-01
2.8500457746e-01
2.8477150697e-01
2.8453898258e-01
2.8430703819e-01
2.8407488691e-01
2.8384338120e-01
2.8361254836e-01
2.8338241338e-01
2.8312959368e-01
2.8287767693e-01
2.8262668763e-01
2.8237664749e-01
2.8208362638e-01
2.8179197299e-01
2.8150171004e-01
2.8121285658e-01
2.8095717832e-01
2.8070263649e-01
2.8044923879e-01
2.8019699160e-01
2.7991771954e-01
2.7963988363e-01
2.7936348836e-01
2.7908853716e-01
2.7870258531e-01
2.7831952500e-01
2.7793935879e-01
2.7756208759e-01
2.7695877185e-01
2.7636300291e-01
2.7577477090e-01
2.7519406355e-01
2.7474549420e-01
2.7430150490e-01
2.7386208870e-01
2.7342723859e-01
2.7291800138e-01
2.7241515037e-01
2.7191867395e-01
2.7142856056e-01
2.7080107526e-01
2.7018429368e-01
2.6957819148e-01
2.6898274472e-01
2.6811872615e-01
2.6727804474e-01
2.6646062734e-01
2.6566640278e-01
2.6425131653e-01
2.6291572137e-01
2.6165921555e-01
2.6048142107e-01
2.5816811329e-01
2.5622984335e-01
2.5466379536e-01
2.5346769425e-01
2.5241569310e-01
2.5207378010e-01
2.5244099307e-01
2.5351836537e-01
2.5429480407e-01
2.5523845414e-01
2.5634993610e-01
2.5762998083e-01
2.5847087460e-01
2.5937178936e-01
2.6033293432e-01
2.6135453267e-01
2.6208730187e-01
2.6284847314e-01
2.6363812896e-01
2.6445635490e-01
2.6507916808e-01
2.6571765601e-01
2.6637185646e-01
2.6704180809e-01
2.6757638627e-01
2.6812062860e-01
2.6867455471e-01
2.6923818463e-01
2.6970666387e-01
2.7018166663e-01
2.7066320438e-01
2.7115128875e-01
2.7157486415e-01
2.7200326543e-01
2.7243650016e-01
2.7287457597e-01
2.7329939015e-01
2.7372867353e-01
2.7416243294e-01
2.7460067522e-01
2.7504851466e-01
2.7550095428e-01
2.7595800076e-01
2.7641966038e-01
2.7674532926e-01
2.7707325980e-01
2.7740345344e-01
2.7773591123e-01
2.7801217978e-01
2.7828999297e-01
2.7856935042e-01
2.7885025130e-01
2.7910185535e-01
2.7935468237e-01
2.7960873038e-01
2.7986399679e-01
2.8012058101e-01
2.8037837704e-01
2.8063737959e-01
2.8089758219e-01
2.8116514401e-01
2.8143394456e-01
2.8170397156e-01
2.8197521034e-01
2.8220711944e-01
2.8243988234e-01
2.8267348495e-01
2.8290791130e-01
2.8313343733e-01
2.8335968641e-01
2.8358663889e-01
2.8381427311e-01
2.8405276466e-01
2.8429194461e-01
2.8453178078e-01
2.8477223832e-01
2.8501308334e-01
2.8525447135e-01
2.8549635990e-01
2.8573870413e-01
2.8598840025e-01
2.8623847501e-01
2.8648887266e-01
2.8673953559e-01
2.8703725458e-01
2.8733516205e-01
2.8763315445e-01
2.8793112683e-01
2.8823684037e-01
2.8854230697e-01
2.8884741280e-01
2.8915204521e-01
2.8947162716e-01
2.8979043746e-01
2.9010835351e-01
2.9042525658e-01
2.9074774205e-01
2.9106893466e-01
2.9138872285e-01
2.9170700057e-01
2.9206121667e-01
2.9241328398e-01
2.9276307937e-01
2.9311048861e-01
2.9353379624e-01
2.9395316735e-01
2.9436844268e-01
2.9477948076e-01
2.9529265119e-01
2.9579864162e-01
2.9629727290e-01
2.9678839935e-01
2.9735212015e-01
2.9790531933e-01
2.9844790364e-01
2.9897981833e-01
2.9948090936e-01
2.9997213339e-01
3.0045351731e-01
3.0092510607e-01
3.0142141856e-01
3.0190656397e-01
3.0238064859e-01
3.0284379083e-01
3.0335365929e-01
3.0384994247e-01
3.0433284714e-01
3.0480258783e-01
3.0533719006e-01
3.0585434031e-01
3.0635440544e-01
3.0683775443e-01
3.0740983992e-01
3.0795788197e-01
3.0848255686e-01
3.0898453150e-01
3.0960740057e-01
3.1019405069e-01
3.1074587139e-01
3.1126420943e-01
3.1186835806e-01
3.1242445172e-01
3.1293483949e-01
3.1340175731e-01
3.1386010760e-01
3.1427265636e-01
3.1464177455e-01
3.1496966993e-01
3.1526511756e-01
3.1552140488e-01
3.1574033861e-01
3.1592351644e-01
3.1605906975e-01
3.1616757791e-01
3.1624973635e-01
3.1630608077e-01
3.1633753571e-01
3.1634217466e-01
3.1632003049e-01
3.1627094630e-01
3.1618425939e-01
3.1606305356e-01
3.1590630545e-01
3.1571272317e-01
3.1550318607e-01
3.1526049887e-01
3.1498315084e-01
3.1466947480e-01
3.1433930838e-01
3.1397369235e-01
3.1357088055e-01
3.1312901797e-01
3.1273432645e-01
3.1231065768e-01
3.1185681257e-01
3.1137154377e-01
3.1095959419e-01
3.1052599517e-01
3.1007004107e-01
3.0959100739e-01
3.0917324381e-01
3.0873846523e-01
3.0828622314e-01
3.0781606168e-01
3.0739757412e-01
3.0696522938e-01
3.0651872898e-01
3.0605777304e-01
3.0563975591e-01
3.0521009769e-01
3.0476859536e-01
3.0431504830e-01
3.0389498867e-01
3.0346480536e-01
3.0302436099e-01
3.0257352369e-01
3.0213855841e-01
3.0169413349e-01
3.0124015889e-01
3.0077655425e-01
3.0028715786e-01
2.9978733802e-01
2.9927705236e-01
2.9875628012e-01
2.9831293648e-01
2.9786228641e-01
2.9740436422e-01
2.9693922247e-01
2.9652062149e-01
2.9609646226e-01
2.9566682626e-01
2.9523181202e-01
2.9488125624e-01
2.9452742499e-01
2.9417039529e-01
2.9381025329e-01
2.9348822234e-01
2.9316389050e-01
2.9283733773e-01
2.9250865061e-01
2.9220153032e-01
2.9189272952e-01
2.9158233373e-01
2.9127043368e-01
2.9096084490e-01
2.9064997857e-01
2.9033793702e-01
2.9002482715e-01
2.8972018544e-01
2.8941474828e-01
2.8910862395e-01
2.8880192351e-01
2.8853175045e-01
2.8826129764e-01
2.8799064410e-01
2.8771986921e-01
2.8747505973e-01
2.8723027444e-01
2.8698557123e-01
2.8674100727e-01
2.8649970165e-01
2.8625863953e-01
2.8601787240e-01
2.8577745015e-01
2.8551172529e-01
2.8524654449e-01
2.8498196691e-01
2.8471804820e-01
2.8448988127e-01
2.8426228006e-01
2.8403527402e-01
2.8380889050e-01
2.8356262629e-01
2.8331716305e-01
2.8307252783e-01
2.8282874495e-01
2.8256505248e-01
2.8230241482e-01
2.8204085337e-01
2.8178038667e-01
2.8151931231e-01
2.8125937725e-01
2.8100059324e-01
2.8074297014e-01
2.8048044693e-01
2.8021915621e-01
2.7995910390e-01
2.7970029478e-01
2.7939846510e-01
2.7909835391e-01
2.7879996460e-01
2.7850329952e-01
2.7812776193e-01
2.7775502810e-01
2.7738509827e-01
2.7701797166e-01
2.7657215617e-01
2.7613053920e-01
2.7569311603e-01
2.7525988137e-01
2.7481768004e-01
2.7437991677e-01
2.7394658495e-01
2.7351767789e-01
2.7301835103e-01
2.7252513769e-01
2.7203802695e-01
2.7155700802e-01
2.7095105516e-01
2.7035501436e-01
2.6976886384e-01
2.6919258219e-01
2.6837855895e-01
2.6758496923e-01
2.6681175264e-01
2.6605885031e-01
2.6480572095e-01
2.6361277737e-01
2.6247974842e-01
2.6140637659e-01
2.5922731684e-01
2.5734100542e-01
2.5574531200e-01
2.5443843447e-01
2.5340294084e-01
2.5266416743e-01
2.5222124912e-01
2.5207366727e-01
