2.5822240346e-01
2.5838311593e-01
2.5886545334e-01
2.5967001609e-01
2.6079780572e-01
2.6153790585e-01
2.6237202447e-01
2.6330046145e-01
2.6432355054e-01
2.6503935299e-01
2.6579539454e-01
2.6659178999e-01
2.6742866025e-01
2.6804280500e-01
2.6867716036e-01
2.6933177414e-01
2.7000669572e-01
2.7053182372e-01
2.7106867073e-01
2.7161725999e-01
2.7217761525e-01
2.7264185484e-01
2.7311390010e-01
2.7359376452e-01
2.7408146177e-01
2.7451747990e-01
2.7495959389e-01
2.7540781336e-01
2.7586214798e-01
2.7630123511e-01
2.7674590328e-01
2.7719616048e-01
2.7765201422e-01
2.7800529002e-01
2.7836186188e-01
2.7872173181e-01
2.7908490102e-01
2.7937186856e-01
2.7966086260e-01
2.7995188176e-01
2.8024492371e-01
2.8052114705e-01
2.8079913674e-01
2.8107888722e-01
2.8136039116e-01
2.8165539935e-01
2.8195228520e-01
2.8225103131e-01
2.8255161590e-01
2.8281573669e-01
2.8308121891e-01
2.8334803687e-01
2.8361616044e-01
2.8386981396e-01
2.8412456079e-01
2.8438036287e-01
2.8463717744e-01
2.8492287459e-01
2.8520968408e-01
2.8549752600e-01
2.8578631285e-01
2.8605746159e-01
2.8632927190e-01
2.8660165523e-01
2.8687451852e-01
2.8719866033e-01
2.8752317236e-01
2.8784788129e-01
2.8817261013e-01
2.8858925172e-01
2.8900525070e-01
2.8942023079e-01
2.8983382346e-01
2.9019713406e-01
2.9055885205e-01
2.9091875222e-01
2.9127662052e-01
2.9168751307e-01
2.9209512923e-01
2.9249920006e-01
2.9289947918e-01
2.9340950730e-01
2.9391243727e-01
2.9440789823e-01
2.9489557210e-01
2.9547766936e-01
2.9604746276e-01
2.9660464179e-01
2.9714897137e-01
2.9772223283e-01
2.9828016980e-01
2.9882270588e-01
2.9934981863e-01
2.9990178358e-01
3.0043586334e-01
3.0095217333e-01
3.0145086076e-01
3.0201145962e-01
3.0254854149e-01
3.0306243751e-01
3.0355349590e-01
3.0411867131e-01
3.0465146309e-01
3.0515252139e-01
3.0562249102e-01
3.0611473870e-01
3.0656933994e-01
3.0698715170e-01
3.0736900657e-01
3.0769310243e-01
3.0798733600e-01
3.0825233994e-01
3.0848874535e-01
3.0868710169e-01
3.0886086671e-01
3.0901062258e-01
3.0913698759e-01
3.0922269626e-01
3.0929386425e-01
3.0935091335e-01
3.0939430765e-01
3.0941952255e-01
3.0943662461e-01
3.0944592971e-01
3.0944778327e-01
3.0944326331e-01
3.0943312309e-01
3.0941770508e-01
3.0939737934e-01
3.0936659595e-01
3.0932991110e-01
3.0928816542e-01
3.0924225990e-01
3.0920923779e-01
3.0917505191e-01
3.0914002130e-01
3.0910447102e-01
3.0907105696e-01
3.0903774581e-01
3.0900480575e-01
3.0897250141e-01
3.0893996395e-01
3.0890866707e-01
3.0887887790e-01
3.0885084917e-01
3.0882586827e-01
3.0880291114e-01
3.0878215198e-01
3.0876374678e-01
3.0874626190e-01
3.0873199494e-01
3.0872107353e-01
3.0871359457e-01
3.0870963357e-01
3.0870918482e-01
3.0871225220e-01
3.0871880907e-01
3.0872768889e-01
3.0873930843e-01
3.0875358383e-01
3.0877041117e-01
3.0879114821e-01
3.0881449956e-01
3.0884026364e-01
3.0886821575e-01
3.0889624347e-01
3.0892576479e-01
3.0895654697e-01
3.0898834609e-01
3.0902452050e-01
3.0906127959e-01
3.0909826115e-01
3.0913510003e-01
3.0917960023e-01
3.0922266877e-01
3.0926365582e-01
3.0930193434e-01
3.0933512283e-01
3.0936486655e-01
3.0939071084e-01
3.0941222909e-01
3.0943161504e-01
3.0944372499e-01
3.0944799666e-01
3.0944391830e-01
3.0942460745e-01
3.0938853812e-01
3.0933483503e-01
3.0926272453e-01
3.0915431488e-01
3.0901889601e-01
3.0885558670e-01
3.0866357889e-01
3.0844149942e-01
3.0818908171e-01
3.0790561257e-01
3.0759038426e-01
3.0724528160e-01
3.0686746129e-01
3.0645619802e-01
3.0601074678e-01
3.0562155466e-01
3.0520868064e-01
3.0477169023e-01
3.0431014234e-01
3.0389402701e-01
3.0345920599e-01
3.0300539862e-01
3.0253232872e-01
3.0209362453e-01
3.0163917927e-01
3.0116882071e-01
3.0068239091e-01
3.0020168344e-01
2.9970602551e-01
2.9919533966e-01
2.9866957900e-01
2.9817745926e-01
2.9767284303e-01
2.9715579183e-01
2.9662641035e-01
2.9615832550e-01
2.9568125127e-01
2.9519535989e-01
2.9470086498e-01
2.9431907967e-01
2.9393259806e-01
2.9354157220e-01
2.9314617355e-01
2.9279113879e-01
2.9243294842e-01
2.9207176546e-01
2.9170776709e-01
2.9136399895e-01
2.9101809234e-01
2.9067022772e-01
2.9032059619e-01
2.8997568680e-01
2.8962946650e-01
2.8928214234e-01
2.8893392790e-01
2.8860382182e-01
2.8827330297e-01
2.8794256105e-01
2.8761178563e-01
2.8734591194e-01
2.8708023433e-01
2.8681484690e-01
2.8654984113e-01
2.8623404224e-01
2.8591905673e-01
2.8560501949e-01
2.8529205592e-01
2.8503440973e-01
2.8477763473e-01
2.8452178550e-01
2.8426691162e-01
2.8399036463e-01
2.8371507996e-01
2.8344110270e-01
2.8316847199e-01
2.8285262748e-01
2.8253870042e-01
2.8222672759e-01
2.8191673880e-01
2.8162566080e-01
2.8133639166e-01
2.8104894405e-01
2.8076332785e-01
2.8041826130e-01
2.8007592747e-01
2.7973633316e-01
2.7939948266e-01
2.7893628273e-01
2.7847838001e-01
2.7802577314e-01
2.7757845830e-01
2.7709599862e-01
2.7661983552e-01
2.7614995987e-01
2.7568636203e-01
2.7514109912e-01
2.7460475287e-01
2.7407730627e-01
2.7355874244e-01
2.7285217829e-01
2.7216272399e-01
2.7149033639e-01
2.7083497336e-01
2.6973552977e-01
2.6868725658e-01
2.6768995496e-01
2.6674343569e-01
2.6478192378e-01
2.6307939185e-01
2.6163417462e-01
2.6044485850e-01
2.5900051308e-01
2.5829750773e-01
2.5833382976e-01
2.5910958341e-01
2.5973240152e-01
2.6052045534e-01
2.6147424623e-01
2.6259438100e-01
2.6334032599e-01
2.6414561652e-01
2.6501043408e-01
2.6593497355e-01
2.6659733257e-01
2.6728742721e-01
2.6800532927e-01
2.6875111344e-01
2.6931760239e-01
2.6989925481e-01
2.7049610346e-01
2.7110818193e-01
2.7160045491e-01
2.7210219298e-01
2.7261341362e-01
2.7313413460e-01
2.7357923447e-01
2.7403107162e-01
2.7448965712e-01
2.7495500212e-01
2.7540633936e-01
2.7586387823e-01
2.7632762855e-01
2.7679759998e-01
2.7717930117e-01
2.7756502032e-01
2.7795476164e-01
2.7834852877e-01
2.7866106016e-01
2.7897608455e-01
2.7929360217e-01
2.7961361247e-01
2.7989139115e-01
2.8017101805e-01
2.8045249034e-01
2.8073580400e-01
2.8102504510e-01
2.8131616729e-01
2.8160916049e-01
2.8190401173e-01
2.8217767847e-01
2.8245289682e-01
2.8272964720e-01
2.8300790595e-01
2.8326254413e-01
2.8351838430e-01
2.8377539739e-01
2.8403355002e-01
2.8430094357e-01
2.8456946154e-01
2.8483905083e-01
2.8510965234e-01
2.8537600760e-01
2.8564320670e-01
2.8591117678e-01
2.8617983964e-01
2.8646759742e-01
2.8675594372e-01
2.8704476583e-01
2.8733394644e-01
2.8766043877e-01
2.8798705486e-01
2.8831361356e-01
2.8863993224e-01
2.8900717522e-01
2.8937362241e-01
2.8973901974e-01
2.9010311994e-01
2.9047234180e-01
2.9083972907e-01
2.9120505212e-01
2.9156809404e-01
2.9198857665e-01
2.9240537631e-01
2.9281821836e-01
2.9322685319e-01
2.9379341444e-01
2.9435068446e-01
2.9489820133e-01
2.9543558100e-01
2.9611047395e-01
2.9676761689e-01
2.9740664100e-01
2.9802730108e-01
2.9858524245e-01
2.9912728506e-01
2.9965343283e-01
3.0016373221e-01
3.0071757653e-01
3.0125172540e-01
3.0176636888e-01
3.0226172336e-01
3.0282806678e-01
3.0336769265e-01
3.0388104505e-01
3.0436857797e-01
3.0493090245e-01
3.0545605848e-01
3.0594486958e-01
3.0639814170e-01
3.0681532270e-01
3.0719873628e-01
3.0754911746e-01
3.0786718403e-01
3.0814620987e-01
3.0839597720e-01
3.0861713298e-01
3.0881033755e-01
3.0895437756e-01
3.0907879132e-01
3.0918406584e-01
3.0927072833e-01
3.0932864427e-01
3.0937462967e-01
3.0940907610e-01
3.0943241534e-01
3.0944350611e-01
3.0944789679e-01
3.0944589084e-01
3.0943781832e-01
3.0942511474e-01
3.0940774660e-01
3.0938605357e-01
3.0936039980e-01
3.0933083852e-01
3.0929805430e-01
3.0926249852e-01
3.0922464531e-01
3.0919046667e-01
3.0915527125e-01
3.0911939581e-01
3.0908318211e-01
3.0905046384e-01
3.0901800381e-01
3.0898605276e-01
3.0895485695e-01
3.0891944312e-01
3.0888578173e-01
3.0885422682e-01
3.0882510763e-01
3.0880171580e-01
3.0878063376e-01
3.0876202717e-01
3.0874604073e-01
3.0872981500e-01
3.0871813997e-01
3.0871115543e-01
3.0870894443e-01
3.0871060401e-01
3.0871527062e-01
3.0872290941e-01
3.0873346306e-01
3.0874717490e-01
3.0876373776e-01
3.0878301862e-01
3.0880486097e-01
3.0882743317e-01
3.0885192306e-01
3.0887815173e-01
3.0890592600e-01
3.0893729428e-01
3.0896994139e-01
3.0900358393e-01
3.0903792875e-01
3.0907595156e-01
3.0911405671e-01
3.0915184411e-01
3.0918891584e-01
3.0922776307e-01
3.0926482886e-01
3.0929964479e-01
3.0933176150e-01
3.0936236848e-01
3.0938898420e-01
3.0941115775e-01
3.0942846845e-01
3.0944288056e-01
3.0944799579e-01
3.0944314287e-01
3.0942771741e-01
3.0939256444e-01
3.0933894892e-01
3.0926602841e-01
3.0917305543e-01
3.0904709131e-01
3.0889534851e-01
3.0871709060e-01
3.0851162930e-01
3.0826023258e-01
3.0797599055e-01
3.0765812538e-01
3.0730585686e-01
3.0695576025e-01
3.0657607849e-01
3.0616619140e-01
3.0572546220e-01
3.0533077270e-01
3.0491344572e-01
3.0447307848e-01
3.0400926376e-01
3.0358957930e-01
3.0315184355e-01
3.0269579714e-01
3.0222118686e-01
3.0177871838e-01
3.0132089886e-01
3.0084757325e-01
3.0035860247e-01
2.9981892824e-01
2.9926115802e-01
2.9868522220e-01
2.9809110411e-01
2.9760475961e-01
2.9710696111e-01
2.9659780585e-01
2.9607743444e-01
2.9565125028e-01
2.9521806918e-01
2.9477804255e-01
2.9433135078e-01
2.9395777470e-01
2.9357993799e-01
2.9319799430e-01
2.9281211515e-01
2.9246523106e-01
2.9211552237e-01
2.9176314896e-01
2.9140828336e-01
2.9104796037e-01
2.9068549280e-01
2.9032109629e-01
2.8995499838e-01
2.8963099176e-01
2.8930601772e-01
2.8898025114e-01
2.8865387090e-01
2.8835592920e-01
2.8805776760e-01
2.8775952523e-01
2.8746134047e-01
2.8719294621e-01
2.8692480745e-01
2.8665701961e-01
2.8638967505e-01
2.8610270616e-01
2.8581645797e-01
2.8553102947e-01
2.8524651300e-01
2.8498716138e-01
2.8472870412e-01
2.8447119602e-01
2.8421468678e-01
2.8393364991e-01
2.8365392909e-01
2.8337557038e-01
2.8309861360e-01
2.8279260182e-01
2.8248840160e-01
2.8218604534e-01
2.8188555939e-01
2.8159299829e-01
2.8130226862e-01
2.8101338291e-01
2.8072635090e-01
2.8037258061e-01
2.8002168920e-01
2.7967368358e-01
2.7932856801e-01
2.7883408708e-01
2.7834566882e-01
2.7786331069e-01
2.7738700734e-01
2.7690228861e-01
2.7642398881e-01
2.7595209829e-01
2.7548660699e-01
2.7493270902e-01
2.7438811960e-01
2.7385282063e-01
2.7332679415e-01
2.7260303585e-01
2.7189751504e-01
2.7121018459e-01
2.7054099855e-01
2.6941971196e-01
2.6835299971e-01
2.6734064571e-01
2.6638244490e-01
2.6446475972e-01
2.6280617684e-01
2.6140507125e-01
2.6026007022e-01
2.5936793256e-01
2.5873131846e-01
2.5834960069e-01
2.5822240319e-01
