0.0000000000e+00
8.3474653397e-03
1.6694930679e-02
2.5042396019e-02
3.3389861359e-02
3.8197303832e-02
4.3004746305e-02
4.7812188779e-02
5.2619631252e-02
5.5840862103e-02
5.9062092953e-02
6.2283323803e-02
6.5504554654e-02
6.7841316392e-02
7.0178078131e-02
7.2514839870e-02
7.4851601609e-02
7.6665300619e-02
7.8478999630e-02
8.0292698640e-02
8.2106397650e-02
8.3602934499e-02
8.5099471347e-02
8.6596008195e-02
8.8092545044e-02
8.9442448734e-02
9.0792352425e-02
9.2142256115e-02
9.3492159806e-02
9.4711906242e-02
9.5931652679e-02
9.7151399116e-02
9.8371145553e-02
9.9331362956e-02
1.0029158036e-01
1.0125179776e-01
1.0221201517e-01
1.0298568199e-01
1.0375934882e-01
1.0453301565e-01
1.0530668248e-01
1.0603236967e-01
1.0675805687e-01
1.0748374406e-01
1.0820943126e-01
1.0895667135e-01
1.0970391143e-01
1.1045115151e-01
1.1119839160e-01
1.1186863950e-01
1.1253888739e-01
1.1320913529e-01
1.1387938319e-01
1.1449445897e-01
1.1510953475e-01
1.1572461053e-01
1.1633968632e-01
1.1703915521e-01
1.1773862410e-01
1.1843809299e-01
1.1913756188e-01
1.1976960737e-01
1.2040165287e-01
1.2103369837e-01
1.2166574387e-01
1.2241245007e-01
1.2315915626e-01
1.2390586246e-01
1.2465256866e-01
1.2571186459e-01
1.2677116052e-01
1.2783045646e-01
1.2888975239e-01
1.2974534606e-01
1.3060093973e-01
1.3145653340e-01
1.3231212707e-01
1.3327781722e-01
1.3424350738e-01
1.3520919753e-01
1.3617488769e-01
1.3737133470e-01
1.3856778171e-01
1.3976422872e-01
1.4096067573e-01
1.4245972875e-01
1.4395878176e-01
1.4545783477e-01
1.4695688778e-01
1.4867260562e-01
1.5038832345e-01
1.5210404129e-01
1.5381975912e-01
1.5558963062e-01
1.5735950211e-01
1.5912937361e-01
1.6089924510e-01
1.6292892570e-01
1.6495860629e-01
1.6698828688e-01
1.6901796747e-01
1.7143124046e-01
1.7384451346e-01
1.7625778645e-01
1.7867105945e-01
1.8102194611e-01
1.8337283277e-01
1.8572371942e-01
1.8807460608e-01
1.9084224199e-01
1.9360987789e-01
1.9637751380e-01
1.9914514970e-01
2.0098354293e-01
2.0282193616e-01
2.0466032938e-01
2.0649872261e-01
2.0792409138e-01
2.0934946014e-01
2.1077482890e-01
2.1220019767e-01
2.1344309766e-01
2.1468599765e-01
2.1592889764e-01
2.1717179763e-01
2.1836763534e-01
2.1956347305e-01
2.2075931076e-01
2.2195514847e-01
2.2312189179e-01
2.2428863511e-01
2.2545537844e-01
2.2662212176e-01
2.2763894419e-01
2.2865576662e-01
2.2967258905e-01
2.3068941148e-01
2.3170072065e-01
2.3271202981e-01
2.3372333897e-01
2.3473464814e-01
2.3586027266e-01
2.3698589718e-01
2.3811152170e-01
2.3923714622e-01
2.4041659781e-01
2.4159604941e-01
2.4277550100e-01
2.4395495259e-01
2.4546437282e-01
2.4697379304e-01
2.4848321326e-01
2.4999263348e-01
2.5120765202e-01
2.5242267055e-01
2.5363768908e-01
2.5485270762e-01
2.5582726588e-01
2.5680182414e-01
2.5777638240e-01
2.5875094066e-01
2.5972418810e-01
2.6069743554e-01
2.6167068297e-01
2.6264393041e-01
2.6361359580e-01
2.6458326118e-01
2.6555292657e-01
2.6652259195e-01
2.6761526451e-01
2.6870793707e-01
2.6980060963e-01
2.7089328219e-01
2.7205732633e-01
2.7322137048e-01
2.7438541462e-01
2.7554945877e-01
2.7675846700e-01
2.7796747524e-01
2.7917648347e-01
2.8038549171e-01
2.8174447517e-01
2.8310345864e-01
2.8446244211e-01
2.8582142558e-01
2.8751928901e-01
2.8921715244e-01
2.9091501588e-01
2.9261287931e-01
2.9468869616e-01
2.9676451300e-01
2.9884032985e-01
3.0091614669e-01
3.0319278176e-01
3.0546941683e-01
3.0774605190e-01
3.1002268697e-01
3.1234083678e-01
3.1465898659e-01
3.1697713640e-01
3.1929528621e-01
3.2143791250e-01
3.2358053880e-01
3.2572316509e-01
3.2786579139e-01
3.2973588929e-01
3.3160598720e-01
3.3347608511e-01
3.3534618302e-01
3.3706816490e-01
3.3879014677e-01
3.4051212864e-01
3.4223411051e-01
3.4390388745e-01
3.4557366439e-01
3.4724344132e-01
3.4891321826e-01
3.5035182197e-01
3.5179042568e-01
3.5322902939e-01
3.5466763310e-01
3.5587400147e-01
3.5708036984e-01
3.5828673821e-01
3.5949310658e-01
3.6046643206e-01
3.6143975755e-01
3.6241308304e-01
3.6338640853e-01
3.6426381158e-01
3.6514121462e-01
3.6601861767e-01
3.6689602071e-01
3.6773361489e-01
3.6857120906e-01
3.6940880323e-01
3.7024639740e-01
3.7106130197e-01
3.7187620654e-01
3.7269111112e-01
3.7350601569e-01
3.7424194845e-01
3.7497788121e-01
3.7571381397e-01
3.7644974674e-01
3.7709922972e-01
3.7774871271e-01
3.7839819570e-01
3.7904767869e-01
3.7974310975e-01
3.8043854082e-01
3.8113397189e-01
3.8182940296e-01
3.8245456576e-01
3.8307972856e-01
3.8370489137e-01
3.8433005417e-01
3.8503806911e-01
3.8574608405e-01
3.8645409899e-01
3.8716211392e-01
3.8795920636e-01
3.8875629881e-01
3.8955339125e-01
3.9035048369e-01
3.9110342806e-01
3.9185637244e-01
3.9260931681e-01
3.9336226119e-01
3.9426673854e-01
3.9517121589e-01
3.9607569325e-01
3.9698017060e-01
3.9815794703e-01
3.9933572345e-01
4.0051349988e-01
4.0169127631e-01
4.0309053271e-01
4.0448978912e-01
4.0588904552e-01
4.0728830193e-01
4.0890241552e-01
4.1051652912e-01
4.1213064272e-01
4.1374475632e-01
4.1595490929e-01
4.1816506227e-01
4.2037521525e-01
4.2258536822e-01
4.2628218460e-01
4.2997900098e-01
4.3367581736e-01
4.3737263373e-01
4.4604385484e-01
4.5471507595e-01
4.6338629705e-01
4.7205751816e-01
4.8439261950e-01
4.9672772084e-01
5.0906282218e-01
5.2139792352e-01
5.2746991517e-01
5.3354190683e-01
5.3961389849e-01
5.4568589015e-01
5.4947520684e-01
5.5326452353e-01
5.5705384022e-01
5.6084315691e-01
5.6349744842e-01
5.6615173993e-01
5.6880603143e-01
5.7146032294e-01
5.7346170215e-01
5.7546308136e-01
5.7746446057e-01
5.7946583978e-01
5.8107649075e-01
5.8268714171e-01
5.8429779267e-01
5.8590844363e-01
5.8731599005e-01
5.8872353647e-01
5.9013108288e-01
5.9153862930e-01
5.9281120467e-01
5.9408378005e-01
5.9535635542e-01
5.9662893080e-01
5.9767054480e-01
5.9871215880e-01
5.9975377280e-01
6.0079538680e-01
6.0163352420e-01
6.0247166161e-01
6.0330979902e-01
6.0414793643e-01
6.0489146898e-01
6.0563500154e-01
6.0637853409e-01
6.0712206664e-01
6.0784905164e-01
6.0857603664e-01
6.0930302164e-01
6.1003000664e-01
6.1071982796e-01
6.1140964927e-01
6.1209947059e-01
6.1278929190e-01
6.1343458082e-01
6.1407986975e-01
6.1472515868e-01
6.1537044760e-01
6.1601043477e-01
6.1665042195e-01
6.1729040912e-01
6.1793039629e-01
6.1858214873e-01
6.1923390117e-01
6.1988565361e-01
6.2053740605e-01
6.2121646657e-01
6.2189552709e-01
6.2257458762e-01
6.2325364814e-01
6.2411691751e-01
6.2498018688e-01
6.2584345624e-01
6.2670672561e-01
6.2763890521e-01
6.2857108481e-01
6.2950326440e-01
6.3043544400e-01
6.3133539940e-01
6.3223535480e-01
6.3313531020e-01
6.3403526561e-01
6.3511184211e-01
6.3618841861e-01
6.3726499512e-01
6.3834157162e-01
6.3968508586e-01
6.4102860010e-01
6.4237211434e-01
6.4371562858e-01
6.4531152610e-01
6.4690742362e-01
6.4850332114e-01
6.5009921867e-01
6.5182620487e-01
6.5355319107e-01
6.5528017728e-01
6.5700716348e-01
6.5888458370e-01
6.6076200392e-01
6.6263942414e-01
6.6451684436e-01
6.6675679436e-01
6.6899674435e-01
6.7123669435e-01
6.7347664434e-01
6.7583421984e-01
6.7819179533e-01
6.8054937082e-01
6.8290694632e-01
6.8526644765e-01
6.8762594898e-01
6.8998545031e-01
6.9234495164e-01
6.9453997586e-01
6.9673500008e-01
6.9893002430e-01
7.0112504852e-01
7.0283831826e-01
7.0455158801e-01
7.0626485775e-01
7.0797812750e-01
7.0934556672e-01
7.1071300594e-01
7.1208044516e-01
7.1344788439e-01
7.1467249204e-01
7.1589709969e-01
7.1712170735e-01
7.1834631500e-01
7.1951829379e-01
7.2069027257e-01
7.2186225136e-01
7.2303423015e-01
7.2417334157e-01
7.2531245298e-01
7.2645156440e-01
7.2759067582e-01
7.2863774146e-01
7.2968480709e-01
7.3073187273e-01
7.3177893837e-01
7.3274196990e-01
7.3370500144e-01
7.3466803297e-01
7.3563106450e-01
7.3664850780e-01
7.3766595110e-01
7.3868339440e-01
7.3970083770e-01
7.4080789958e-01
7.4191496146e-01
7.4302202334e-01
7.4412908522e-01
7.4552688412e-01
7.4692468301e-01
7.4832248191e-01
7.4972028081e-01
7.5093345672e-01
7.5214663262e-01
7.5335980853e-01
7.5457298443e-01
7.5553646446e-01
7.5649994448e-01
7.5746342450e-01
7.5842690452e-01
7.5944516690e-01
7.6046342927e-01
7.6148169165e-01
7.6249995403e-01
7.6345194908e-01
7.6440394413e-01
7.6535593918e-01
7.6630793423e-01
7.6740276690e-01
7.6849759957e-01
7.6959243224e-01
7.7068726491e-01
7.7193140842e-01
7.7317555194e-01
7.7441969545e-01
7.7566383897e-01
7.7686462817e-01
7.7806541738e-01
7.7926620658e-01
7.8046699579e-01
7.8181316119e-01
7.8315932659e-01
7.8450549198e-01
7.8585165738e-01
7.8760237738e-01
7.8935309738e-01
7.9110381737e-01
7.9285453737e-01
7.9500807633e-01
7.9716161529e-01
7.9931515425e-01
8.0146869321e-01
8.0372459449e-01
8.0598049576e-01
8.0823639704e-01
8.1049229831e-01
8.1300064853e-01
8.1550899874e-01
8.1801734896e-01
8.2052569917e-01
8.2261498200e-01
8.2470426483e-01
8.2679354766e-01
8.2888283049e-01
8.3071972763e-01
8.3255662478e-01
8.3439352192e-01
8.3623041907e-01
8.3791788966e-01
8.3960536025e-01
8.4129283083e-01
8.4298030142e-01
8.4476269358e-01
8.4654508573e-01
8.4832747788e-01
8.5010987004e-01
8.5159272004e-01
8.5307557004e-01
8.5455842005e-01
8.5604127005e-01
8.5715070618e-01
8.5826014231e-01
8.5936957844e-01
8.6047901457e-01
8.6142018953e-01
8.6236136449e-01
8.6330253945e-01
8.6424371441e-01
8.6509386003e-01
8.6594400565e-01
8.6679415127e-01
8.6764429688e-01
8.6860019251e-01
8.6955608814e-01
8.7051198377e-01
8.7146787940e-01
8.7221490091e-01
8.7296192241e-01
8.7370894391e-01
8.7445596541e-01
8.7512532586e-01
8.7579468630e-01
8.7646404674e-01
8.7713340719e-01
8.7776348716e-01
8.7839356713e-01
8.7902364710e-01
8.7965372707e-01
8.8032228763e-01
8.8099084818e-01
8.8165940873e-01
8.8232796929e-01
8.8294715273e-01
8.8356633617e-01
8.8418551961e-01
8.8480470305e-01
8.8550939685e-01
8.8621409065e-01
8.8691878445e-01
8.8762347824e-01
8.8838593223e-01
8.8914838623e-01
8.8991084022e-01
8.9067329421e-01
8.9142073127e-01
8.9216816833e-01
8.9291560538e-01
8.9366304244e-01
8.9459776532e-01
8.9553248820e-01
8.9646721108e-01
8.9740193396e-01
8.9870947858e-01
9.0001702319e-01
9.0132456780e-01
9.0263211242e-01
9.0400830828e-01
9.0538450414e-01
9.0676070001e-01
9.0813689587e-01
9.0978314640e-01
9.1142939692e-01
9.1307564745e-01
9.1472189797e-01
9.1699210429e-01
9.1926231062e-01
9.2153251694e-01
9.2380272326e-01
9.2763046738e-01
9.3145821150e-01
9.3528595562e-01
9.3911369974e-01
9.4669921919e-01
9.5428473864e-01
9.6187025809e-01
9.6945577754e-01
9.7709183315e-01
9.8472788877e-01
9.9236394438e-01
1.0000000000e+00
