3.9578404663e-09
6.8405701733e-09
2.3956279515e-08
8.4244333914e-08
3.5919254873e-07
8.1417972313e-07
1.8184430282e-06
4.0593664577e-06
9.1605115778e-06
1.5783034842e-05
2.7138262709e-05
4.6661564934e-05
8.0347077956e-05
1.1914663797e-04
1.7661000402e-04
2.6177816997e-04
3.8811503687e-04
5.2682314017e-04
7.1498658725e-04
9.7027680455e-04
1.3166851325e-03
1.6936748035e-03
2.1782376632e-03
2.8009662948e-03
3.6010583201e-03
4.5160346232e-03
5.6617894719e-03
7.0957368126e-03
8.8890717572e-03
1.0891164190e-02
1.3336734980e-02
1.6320478855e-02
1.9955458037e-02
2.3361806933e-02
2.7329748365e-02
3.1944572490e-02
3.7301779904e-02
4.2229973976e-02
4.7769016870e-02
5.3983279217e-02
6.0940710647e-02
6.8205194388e-02
7.6245891297e-02
8.5123112574e-02
9.4896199958e-02
1.0595573701e-01
1.1808266838e-01
1.3132642024e-01
1.4572601363e-01
1.5964690781e-01
1.7452638629e-01
1.9035981987e-01
2.0712915399e-01
2.2331413681e-01
2.4022393623e-01
2.5781179687e-01
2.7602083175e-01
2.9739850204e-01
3.1938293963e-01
3.4185288120e-01
3.6467936538e-01
3.8550113918e-01
4.0640613887e-01
4.2729718634e-01
4.4808056802e-01
4.7237470343e-01
4.9626039670e-01
5.1961769482e-01
5.4234240604e-01
5.7332656535e-01
6.0266909965e-01
6.3023663305e-01
6.5595066415e-01
6.7534444844e-01
6.9351070813e-01
7.1046541235e-01
7.2623562083e-01
7.4265746192e-01
7.5767787588e-01
7.7136569025e-01
7.8379453585e-01
7.9756146274e-01
8.0965923564e-01
8.2023170707e-01
8.2941789054e-01
8.3917257134e-01
8.4720014631e-01
8.5372110585e-01
8.5893413294e-01
8.6352254523e-01
8.6686237031e-01
8.6915533422e-01
8.7057461667e-01
8.7127937166e-01
8.7134885891e-01
8.7089898062e-01
8.7002683493e-01
8.6861053133e-01
8.6684439545e-01
8.6480823104e-01
8.6256473622e-01
8.5969303594e-01
8.5665356094e-01
8.5348299818e-01
8.5019877605e-01
8.4688991241e-01
8.4345708199e-01
8.3986881010e-01
8.3607717739e-01
8.3126251844e-01
8.2593208904e-01
8.1989963320e-01
8.1292824650e-01
8.0763666647e-01
8.0169996669e-01
7.9500208546e-01
7.8741256164e-01
7.8082259413e-01
7.7353599482e-01
7.6547428561e-01
7.5655479130e-01
7.4800987490e-01
7.3868907907e-01
7.2853410679e-01
7.1748787103e-01
7.0596785527e-01
6.9352796901e-01
6.8013000295e-01
6.6574414437e-01
6.5073791800e-01
6.3476826873e-01
6.1784606560e-01
6.0000068511e-01
5.8373438973e-01
5.6685349949e-01
5.4942177896e-01
5.3151903972e-01
5.1334153548e-01
4.9490451265e-01
4.7633449426e-01
4.5777205318e-01
4.3730700797e-01
4.1726499388e-01
3.9787812318e-01
3.7938043313e-01
3.6120245410e-01
3.4450357461e-01
3.2951328211e-01
3.1643499285e-01
3.0276053616e-01
2.9278653577e-01
2.8671490860e-01
2.8466477252e-01
2.8596516827e-01
2.8988214634e-01
2.9636638771e-01
3.0533438260e-01
3.1424365317e-01
3.2459694000e-01
3.3630114240e-01
3.4924881278e-01
3.6329948295e-01
3.7833769822e-01
3.9422231234e-01
4.1080568535e-01
4.2787264334e-01
4.4533325066e-01
4.6304098801e-01
4.8085528611e-01
5.0089244141e-01
5.2072477694e-01
5.4019977872e-01
5.5918637928e-01
5.7875378116e-01
5.9753917699e-01
6.1546463492e-01
6.3247653780e-01
6.4914456085e-01
6.6477880423e-01
6.7938307273e-01
6.9297602972e-01
7.0708622155e-01
7.2001392656e-01
7.3182507983e-01
7.4259184051e-01
7.5469099518e-01
7.6542663764e-01
7.7494423429e-01
7.8338290604e-01
7.9242379770e-01
8.0026404623e-01
8.0709757510e-01
8.1309480470e-01
8.1888548068e-01
8.2401373094e-01
8.2861869112e-01
8.3281519410e-01
8.3676470006e-01
8.4046531631e-01
8.4397701249e-01
8.4734316008e-01
8.5034946526e-01
8.5326646305e-01
8.5609450166e-01
8.5882293813e-01
8.6110582311e-01
8.6327336180e-01
8.6529446378e-01
8.6712858345e-01
8.6860814698e-01
8.6983647531e-01
8.7075366784e-01
8.7128771414e-01
8.7135859996e-01
8.7089573803e-01
8.6978962468e-01
8.6791177796e-01
8.6556104770e-01
8.6241633267e-01
8.5835244231e-01
8.5322807288e-01
8.4799834955e-01
8.4180838980e-01
8.3454562669e-01
8.2608837487e-01
8.1830550190e-01
8.0958790009e-01
7.9986036202e-01
7.8904552883e-01
7.7829948015e-01
7.6654831746e-01
7.5373547618e-01
7.3980664132e-01
7.2542191718e-01
7.0993433257e-01
6.9331062144e-01
6.7552560411e-01
6.5709332966e-01
6.3754479059e-01
6.1689093571e-01
5.9515838181e-01
5.7464142675e-01
5.5332729616e-01
5.3127707150e-01
5.0856691250e-01
4.8804906382e-01
4.6716132818e-01
4.4598551007e-01
4.2461148901e-01
4.0161572172e-01
3.7862989720e-01
3.5578427013e-01
3.3321049051e-01
3.1325696924e-01
2.9371898133e-01
2.7468160103e-01
2.5622257637e-01
2.3610213554e-01
2.1689594765e-01
1.9867019774e-01
1.8147253584e-01
1.6337723775e-01
1.4663693153e-01
1.3124228644e-01
1.1716271655e-01
1.0502754548e-01
9.3971507207e-02
8.3935773266e-02
7.4856505934e-02
6.5120426154e-02
5.6551476201e-02
4.9035053448e-02
4.2461102251e-02
3.5143251020e-02
2.9039085001e-02
2.3962734536e-02
1.9751601294e-02
1.5680709949e-02
1.2436041455e-02
9.8546303256e-03
7.8037930291e-03
5.9584030697e-03
4.5471608042e-03
3.4687687078e-03
2.6451716780e-03
1.8242119930e-03
1.2579300895e-03
8.6725393991e-04
5.9765428734e-04
3.2028591077e-04
1.7211246640e-04
9.2475754345e-05
4.9484051835e-05
1.0896458343e-05
3.0201655151e-06
7.7505530144e-07
2.5795127603e-07
2.4635626844e-08
1.1440489834e-08
5.6884732206e-09
5.1384124715e-08
1.3806486196e-07
3.7356590765e-07
1.0128935035e-06
2.8476979865e-06
5.4073243422e-06
1.0220465641e-05
1.9316281926e-05
3.6627395901e-05
5.7313553813e-05
8.9614447857e-05
1.4011573047e-04
2.1919291058e-04
3.0712260161e-04
4.3023224929e-04
6.0265402478e-04
8.4422238387e-04
1.1071894700e-03
1.4518437955e-03
1.9035383835e-03
2.4954516271e-03
3.1610302390e-03
4.0031679609e-03
5.0682888535e-03
6.4147347597e-03
7.9345582316e-03
9.8100552645e-03
1.2122325415e-02
1.4969759429e-02
1.7780774105e-02
2.1105823677e-02
2.5033331007e-02
2.9664588085e-02
3.3979708784e-02
3.8891426278e-02
4.4472533212e-02
5.0801660161e-02
5.7110117334e-02
6.4135068537e-02
7.1940251283e-02
8.0590442212e-02
8.9927166510e-02
1.0019225558e-01
1.1144080766e-01
1.2372230339e-01
1.3636910234e-01
1.5001059138e-01
1.6466315566e-01
1.8033079199e-01
1.9589722232e-01
2.1232267463e-01
2.2957392428e-01
2.4760492194e-01
2.6620010707e-01
2.8543547819e-01
3.0523168189e-01
3.2550055086e-01
3.4652930947e-01
3.6784381720e-01
3.8933600087e-01
4.1089766837e-01
4.3332226567e-01
4.5559226482e-01
4.7760023545e-01
4.9924769375e-01
5.2610904352e-01
5.5209011420e-01
5.7706440243e-01
6.0093392894e-01
6.2538710384e-01
6.4841266500e-01
6.6998220810e-01
6.9009204050e-01
7.0813761387e-01
7.2486806402e-01
7.4032390836e-01
7.5455402936e-01
7.7004399019e-01
7.8396011942e-01
7.9640768887e-01
8.0749318515e-01
8.1957659977e-01
8.2990059787e-01
8.3865224663e-01
8.4600593798e-01
8.5314532270e-01
8.5878108352e-01
8.6312879537e-01
8.6637805307e-01
8.6884764494e-01
8.7040520924e-01
8.7120545739e-01
8.7137982705e-01
8.7098847896e-01
8.7010762138e-01
8.6883592413e-01
8.6725425352e-01
8.6505207713e-01
8.6258908041e-01
8.5993129862e-01
8.5712603761e-01
8.5404800071e-01
8.5085981770e-01
8.4756429411e-01
8.4414851596e-01
8.4058090821e-01
8.3681927544e-01
8.3280084151e-01
8.2844318839e-01
8.2399368755e-01
8.1905746862e-01
8.1351018504e-01
8.0720402387e-01
8.0164381790e-01
7.9542172438e-01
7.8843242018e-01
7.8055953016e-01
7.7355692857e-01
7.6584115549e-01
7.5733925108e-01
7.4797548189e-01
7.3879476387e-01
7.2880481252e-01
7.1795095614e-01
7.0618113412e-01
6.9401519129e-01
6.8093017837e-01
6.6689755980e-01
6.5189884247e-01
6.3638910436e-01
6.1996948116e-01
6.0266525315e-01
5.8452087556e-01
5.6715777417e-01
5.4920929126e-01
5.3076257352e-01
5.1192332795e-01
4.9435597852e-01
4.7667156047e-01
4.5899160063e-01
4.4144752352e-01
4.2321417464e-01
4.0545886623e-01
3.8835465225e-01
3.7207316342e-01
3.5548661256e-01
3.4027278342e-01
3.2661542151e-01
3.1467707026e-01
3.0227233384e-01
2.9305050035e-01
2.8717157060e-01
2.8473456099e-01
2.8544199500e-01
2.8876458066e-01
2.9466077218e-01
3.0305529703e-01
3.1143019724e-01
3.2124083710e-01
3.3240160877e-01
3.4481298349e-01
3.5916433406e-01
3.7463916254e-01
3.9107837529e-01
4.0831427375e-01
4.2499614511e-01
4.4208137464e-01
4.5943057546e-01
4.7690940891e-01
4.9700663654e-01
5.1693042557e-01
5.3652332135e-01
5.5564925214e-01
5.7667318569e-01
5.9681557477e-01
6.1597890241e-01
6.3409748299e-01
6.5055883515e-01
6.6600006298e-01
6.8042625489e-01
6.9385669779e-01
7.0776746340e-01
7.2052100480e-01
7.3218176681e-01
7.4282005394e-01
7.5524687913e-01
7.6623165459e-01
7.7593346166e-01
7.8450397644e-01
7.9370310074e-01
8.0164361266e-01
8.0853745705e-01
8.1456953876e-01
8.2013717560e-01
8.2508861276e-01
8.2955354947e-01
8.3363887558e-01
8.3784041541e-01
8.4177227710e-01
8.4550345918e-01
8.4908086042e-01
8.5196272255e-01
8.5476115646e-01
8.5747109441e-01
8.6007723810e-01
8.6226227848e-01
8.6432135357e-01
8.6622053282e-01
8.6791645495e-01
8.6924912912e-01
8.7031355460e-01
8.7104808207e-01
8.7137908704e-01
8.7119365696e-01
8.7033823926e-01
8.6866732395e-01
8.6600878591e-01
8.6289999219e-01
8.5883383766e-01
8.5365777159e-01
8.4719987833e-01
8.4141553358e-01
8.3471817145e-01
8.2701298786e-01
8.1819892318e-01
8.0977287279e-01
8.0040393355e-01
7.9002219056e-01
7.7855663866e-01
7.6720917685e-01
7.5486775778e-01
7.4148275857e-01
7.2700771630e-01
7.0937833635e-01
6.9026803622e-01
6.6964094938e-01
6.4747923139e-01
6.2909369430e-01
6.0978664331e-01
5.8958350469e-01
5.6852284517e-01
5.4896629814e-01
5.2881221119e-01
5.0811970564e-01
4.8695848135e-01
4.6668250972e-01
4.4613723797e-01
4.2540482020e-01
4.0457356650e-01
3.8246616933e-01
3.6046810759e-01
3.3869639176e-01
3.1726696101e-01
2.9782327993e-01
2.7885358578e-01
2.6043508402e-01
2.4263674727e-01
2.2321033547e-01
2.0473534159e-01
1.8726486782e-01
1.7083390301e-01
1.5424682129e-01
1.3889769458e-01
1.2476832046e-01
1.1182432502e-01
1.0024006848e-01
8.9695510765e-02
8.0130771870e-02
7.1482062922e-02
6.1855045782e-02
5.3429280081e-02
4.6079963175e-02
3.9688405500e-02
3.2145548886e-02
2.5988226835e-02
2.0978931140e-02
1.6914595705e-02
1.3470080282e-02
1.0717857836e-02
8.5221028941e-03
6.7723474967e-03
5.1415704563e-03
3.9017943878e-03
2.9598947993e-03
2.2446249178e-03
1.5321684101e-03
1.0458236483e-03
7.1372358965e-04
4.8686100624e-04
2.5515394354e-04
1.3416397333e-04
7.0535489748e-05
3.6903258501e-05
9.9892778241e-06
3.0275914841e-06
8.9580251623e-07
2.6503880205e-07
7.1110936197e-08
2.1575473130e-08
6.7953987743e-09
3.7218688020e-09
