2.3324624479e-09
4.1901888498e-09
1.2442139750e-08
3.8949497829e-08
1.3374056375e-07
2.8143577750e-07
5.8665671959e-07
1.2226059080e-06
2.5653744842e-06
4.2895389571e-06
7.1616302884e-06
1.1956535938e-05
1.9984045865e-05
2.9337333384e-05
4.3053410369e-05
6.3181545377e-05
9.2743554703e-05
1.2536700860e-04
1.6944700469e-04
2.2902146890e-04
3.0955826469e-04
3.9580135339e-04
5.0603955393e-04
6.4695704492e-04
8.2710060869e-04
1.0186755366e-03
1.2545376782e-03
1.5449087168e-03
1.9023568355e-03
2.2838292556e-03
2.7415232837e-03
3.2905769588e-03
3.9490896942e-03
4.6745769361e-03
5.5324254747e-03
6.5464513879e-03
7.7446156533e-03
9.3502202419e-03
1.1284048405e-02
1.3611185520e-02
1.6408664146e-02
1.8707546371e-02
2.1319984512e-02
2.4286210641e-02
2.7650847957e-02
3.0789266274e-02
3.4268419995e-02
3.8121584062e-02
4.2384382645e-02
4.6446686848e-02
5.0872444999e-02
5.5688948769e-02
6.0924481421e-02
6.6251822471e-02
7.1999433464e-02
7.8192116283e-02
8.4854605929e-02
9.2532755669e-02
1.0080579277e-01
1.0970098696e-01
1.1924333271e-01
1.2855758088e-01
1.3844592869e-01
1.4891927466e-01
1.5998481256e-01
1.7084299295e-01
1.8221785215e-01
1.9410428635e-01
2.0649310433e-01
2.1834655154e-01
2.3060166155e-01
2.4324143804e-01
2.5624577990e-01
2.7059343288e-01
2.8530271533e-01
3.0033797274e-01
3.1566056128e-01
3.3134088008e-01
3.4722675845e-01
3.6327272117e-01
3.7943248314e-01
3.9485221967e-01
4.1029309997e-01
4.2571629865e-01
4.4108412763e-01
4.5833310113e-01
4.7541579210e-01
4.9228613621e-01
5.0890174582e-01
5.2616055656e-01
5.4305060572e-01
5.5953641092e-01
5.7558756074e-01
5.9566160549e-01
6.1492306458e-01
6.3334072347e-01
6.5089448479e-01
6.6572139379e-01
6.7986039546e-01
6.9331483839e-01
7.0609212471e-01
7.1848554182e-01
7.3019518397e-01
7.4123843421e-01
7.5163476488e-01
7.6222403149e-01
7.7210295432e-01
7.8130135240e-01
7.8984974218e-01
7.9902417088e-01
8.0740792192e-01
8.1504892111e-01
8.2199404825e-01
8.2984025531e-01
8.3673710482e-01
8.4276760970e-01
8.4800975044e-01
8.5322435659e-01
8.5757198952e-01
8.6114984274e-01
8.6404615202e-01
8.6639760704e-01
8.6819064102e-01
8.6949517832e-01
8.7037370410e-01
8.7088897038e-01
8.7107085454e-01
8.7096613833e-01
8.7061625841e-01
8.7000972672e-01
8.6920285525e-01
8.6823060857e-01
8.6712359284e-01
8.6576825494e-01
8.6431142256e-01
8.6278062649e-01
8.6119960324e-01
8.5935911463e-01
8.5750571982e-01
8.5566146078e-01
8.5384498364e-01
8.5176695814e-01
8.4977036731e-01
8.4787290186e-01
8.4608914542e-01
8.4409547355e-01
8.4230393567e-01
8.4072828484e-01
8.3937931094e-01
8.3803031274e-01
8.3705655331e-01
8.3646600773e-01
8.3626325599e-01
8.3639524460e-01
8.3680419451e-01
8.3748787145e-01
8.3844239567e-01
8.3944666698e-01
8.4063266359e-01
8.4199469091e-01
8.4352562654e-01
8.4497241200e-01
8.4653111756e-01
8.4819359696e-01
8.4995012492e-01
8.5156147136e-01
8.5322722642e-01
8.5493655706e-01
8.5667679011e-01
8.5824852607e-01
8.5982087251e-01
8.6137961039e-01
8.6290833978e-01
8.6426173277e-01
8.6555793557e-01
8.6677814682e-01
8.6790092742e-01
8.6884452401e-01
8.6965786200e-01
8.7031499686e-01
8.7078659929e-01
8.7104167376e-01
8.7103164712e-01
8.7071208273e-01
8.7003279696e-01
8.6905758544e-01
8.6769224334e-01
8.6588410456e-01
8.6357471629e-01
8.6074205811e-01
8.5728999829e-01
8.5314309977e-01
8.4821872061e-01
8.4398610589e-01
8.3923077724e-01
8.3391015484e-01
8.2797930871e-01
8.2235972230e-01
8.1622352950e-01
8.0953846014e-01
8.0227132793e-01
7.9503573490e-01
7.8725095481e-01
7.7888993628e-01
7.6992568931e-01
7.6107179529e-01
7.5165808760e-01
7.4166468924e-01
7.3107276544e-01
7.1969304582e-01
7.0766238549e-01
6.9496670272e-01
6.8159474579e-01
6.6802755213e-01
6.5381823475e-01
6.3896720370e-01
6.2347942315e-01
6.0915417694e-01
5.9434240074e-01
5.7905889624e-01
5.6332264072e-01
5.4847625839e-01
5.3328858185e-01
5.1778467519e-01
5.0199306594e-01
4.8725476901e-01
4.7232786439e-01
4.5724205631e-01
4.4202924490e-01
4.2533883073e-01
4.0858419331e-01
3.9181372935e-01
3.7507735817e-01
3.5919502563e-01
3.4343437039e-01
3.2783940792e-01
3.1245325601e-01
2.9813684083e-01
2.8407792264e-01
2.7030806386e-01
2.5685648964e-01
2.4288296750e-01
2.2933082877e-01
2.1622474263e-01
2.0358523586e-01
1.9000235530e-01
1.7704182469e-01
1.6471395492e-01
1.5302303072e-01
1.4186706767e-01
1.3135209033e-01
1.2146694318e-01
1.1219650826e-01
1.0363403547e-01
9.5631728748e-02
8.8167356852e-02
8.1217228564e-02
7.4170640177e-02
6.7677303596e-02
6.1703853997e-02
5.6217131321e-02
4.9261719767e-02
4.3117314217e-02
3.7701274336e-02
3.2936424520e-02
2.8105859685e-02
2.3962144302e-02
2.0413612527e-02
1.7379117833e-02
1.4732675019e-02
1.2483029518e-02
1.0572429726e-02
8.9510187688e-03
7.4813604500e-03
6.2511939262e-03
5.2220198980e-03
4.3613611716e-03
3.5406183668e-03
2.8738224728e-03
2.3322480265e-03
1.8924729535e-03
1.4639740995e-03
1.1324038160e-03
8.7585011713e-04
6.7734376148e-04
4.8126593580e-04
3.4197609682e-04
2.4298806505e-04
1.7261471340e-04
1.0378067832e-04
6.2460208999e-05
3.7590302543e-05
2.2590033442e-05
8.9233166193e-06
3.5990115355e-06
1.4494526153e-06
5.6875783785e-07
6.6100448808e-08
2.2006427126e-08
3.8232956557e-09
1.0018474562e-08
1.6060993386e-08
4.0631132248e-08
1.1159772322e-07
3.2319788023e-07
6.3142459162e-07
1.2267196993e-06
2.3830638975e-06
4.6484134660e-06
7.4783669937e-06
1.2018935834e-05
1.9316124627e-05
3.1067281136e-05
4.4477512444e-05
6.3660494690e-05
9.1115997104e-05
1.3043554012e-04
1.7337849014e-04
2.3043853938e-04
3.0627038364e-04
4.0706897117e-04
5.1474410960e-04
6.5086052630e-04
8.2293495143e-04
1.0404688632e-03
1.2717116118e-03
1.5542323360e-03
1.8993729708e-03
2.3209655568e-03
2.7728045056e-03
3.3122330303e-03
3.9561009720e-03
4.7244393179e-03
5.5849121944e-03
6.6008231593e-03
7.7997813741e-03
9.2141048771e-03
1.0852623410e-02
1.2777928670e-02
1.5038498617e-02
1.7690321565e-02
2.0151310897e-02
2.2944889494e-02
2.6113115590e-02
2.9702494555e-02
3.2959049741e-02
3.6556029095e-02
4.0525166042e-02
4.4900252968e-02
4.9114095661e-02
5.3695496568e-02
5.8671005158e-02
6.4067997802e-02
6.9616719478e-02
7.5596329230e-02
8.2031276514e-02
8.8945764748e-02
9.7887188292e-02
1.0758837969e-01
1.1808480205e-01
1.2940755520e-01
1.3926045709e-01
1.4968921182e-01
1.6070053740e-01
1.7229704474e-01
1.8393234255e-01
1.9609513357e-01
2.0877506997e-01
2.2195722997e-01
2.3431189220e-01
2.4704455033e-01
2.6013428182e-01
2.7355723453e-01
2.8950618132e-01
3.0582171395e-01
3.2245432011e-01
3.3935136350e-01
3.5471874287e-01
3.7021433518e-01
3.8579674637e-01
4.0142463193e-01
4.1708826096e-01
4.3271642174e-01
4.4827040858e-01
4.6371323807e-01
4.8249994095e-01
5.0100548719e-01
5.1917524247e-01
5.3696050130e-01
5.5433540585e-01
5.7124570530e-01
5.8766069307e-01
6.0355537152e-01
6.2110643842e-01
6.3792725386e-01
6.5400429898e-01
6.6933110895e-01
6.8301059319e-01
6.9603539637e-01
7.0841321872e-01
7.2015482008e-01
7.3210368427e-01
7.4334956945e-01
7.5391407615e-01
7.6382053673e-01
7.7389095199e-01
7.8324286282e-01
7.9190988883e-01
7.9992591019e-01
8.0869926047e-01
8.1664786724e-01
8.2382714006e-01
8.3029066359e-01
8.3728141637e-01
8.4337192422e-01
8.4864522436e-01
8.5317867161e-01
8.5781835086e-01
8.6157931593e-01
8.6456932401e-01
8.6688505269e-01
8.6855014295e-01
8.6974407744e-01
8.7052735042e-01
8.7095389538e-01
8.7107071006e-01
8.7090332270e-01
8.7049363866e-01
8.6987867291e-01
8.6901413955e-01
8.6798196745e-01
8.6681441832e-01
8.6553961878e-01
8.6401329583e-01
8.6241274695e-01
8.6076361913e-01
8.5908791141e-01
8.5714929368e-01
8.5522481227e-01
8.5333507833e-01
8.5149741062e-01
8.4940428495e-01
8.4742499722e-01
8.4557605445e-01
8.4387092135e-01
8.4200445673e-01
8.4038313604e-01
8.3901920545e-01
8.3792198273e-01
8.3700171138e-01
8.3644740583e-01
8.3626317232e-01
8.3645033320e-01
8.3687791765e-01
8.3755034719e-01
8.3846420912e-01
8.3961461202e-01
8.4077172965e-01
8.4208941557e-01
8.4356131799e-01
8.4517964133e-01
8.4669273084e-01
8.4830121241e-01
8.4999628678e-01
8.5176751965e-01
8.5338566404e-01
8.5504364821e-01
8.5672983157e-01
8.5843065412e-01
8.5996092103e-01
8.6147700505e-01
8.6296360908e-01
8.6440314826e-01
8.6566733475e-01
8.6685684314e-01
8.6795128353e-01
8.6892746559e-01
8.6972293030e-01
8.7036159619e-01
8.7081434519e-01
8.7104830072e-01
8.7102067750e-01
8.7067320640e-01
8.6995350879e-01
8.6880243470e-01
8.6740557963e-01
8.6558693550e-01
8.6329305959e-01
8.6046499944e-01
8.5732439876e-01
8.5361770374e-01
8.4928434518e-01
8.4425877777e-01
8.3973795137e-01
8.3470068133e-01
8.2910751235e-01
8.2291705413e-01
8.1696645570e-01
8.1049372871e-01
8.0346785590e-01
7.9585712059e-01
7.8822903427e-01
7.8004152516e-01
7.7126852764e-01
7.6188426065e-01
7.5254900610e-01
7.4263915339e-01
7.3213591574e-01
7.2102183657e-01
7.0893162053e-01
6.9616309353e-01
6.8270431933e-01
6.6854684039e-01
6.5486099618e-01
6.4057669199e-01
6.2569800439e-01
6.1023340917e-01
5.9561978854e-01
5.8054319529e-01
5.6502162291e-01
5.4907728404e-01
5.3430616040e-01
5.1923353065e-01
5.0388547899e-01
4.8829120314e-01
4.7329082347e-01
4.5812772926e-01
4.4283424232e-01
4.2744475248e-01
4.0978604216e-01
3.9210586248e-01
3.7446263284e-01
3.5691592350e-01
3.4169369435e-01
3.2663094726e-01
3.1176656900e-01
2.9713812943e-01
2.8295424718e-01
2.6906797164e-01
2.5550921925e-01
2.4230513266e-01
2.2853443803e-01
2.1522719650e-01
2.0240473726e-01
1.9008387655e-01
1.7592448421e-01
1.6252384721e-01
1.4988656152e-01
1.3800935893e-01
1.2790976781e-01
1.1841201158e-01
1.0950069905e-01
1.0115756097e-01
9.3218215398e-02
8.5823844542e-02
7.8949410102e-02
7.2568978088e-02
6.5922435481e-02
5.9834352257e-02
5.4266955786e-02
4.9183309978e-02
4.3379138811e-02
3.8225444130e-02
3.3657224626e-02
2.9614116264e-02
2.4431687094e-02
2.0133122435e-02
1.6575168781e-02
1.3635259209e-02
1.1513268876e-02
9.7175988889e-03
8.1991803184e-03
6.9159900448e-03
5.7285764674e-03
4.7438860414e-03
3.9276482669e-03
3.2512730786e-03
2.5999561688e-03
2.0788223146e-03
1.6619342144e-03
1.3284871292e-03
1.0019464670e-03
7.5563854590e-04
5.6983856134e-04
4.2967025702e-04
2.9172285959e-04
1.9810815304e-04
1.3452956376e-04
9.1320444735e-05
4.9932579322e-05
2.7369425319e-05
1.5001003152e-05
8.1936470993e-06
2.6500206491e-06
9.0540796661e-07
3.0711118942e-07
9.9829114363e-08
3.1845458519e-08
1.0869074651e-08
3.9692234769e-09
2.3129520584e-09
