1.9695663224e-02
1.9979629247e-02
2.0839079155e-02
2.2296827051e-02
2.4391220703e-02
2.6580141324e-02
2.9254193747e-02
3.2456724971e-02
3.6238336400e-02
3.9701460721e-02
4.3600757023e-02
4.7971618547e-02
5.2852154649e-02
5.7643594509e-02
6.2898420837e-02
6.8647651928e-02
7.4923142508e-02
8.1774492773e-02
8.9219788702e-02
9.7291076766e-02
1.0601921595e-01
1.1515234363e-01
1.2495652884e-01
1.3545261887e-01
1.4665742850e-01
1.5780485713e-01
1.6958985258e-01
1.8201274800e-01
1.9506841002e-01
2.0765108713e-01
2.2074858343e-01
2.3434297260e-01
2.4841169893e-01
2.6360722247e-01
2.7925591859e-01
2.9531676915e-01
3.1174441823e-01
3.2836908032e-01
3.4525586921e-01
3.6235166698e-01
3.7960200217e-01
3.9657112015e-01
4.1358406767e-01
4.3059044982e-01
4.4754134527e-01
4.6628148848e-01
4.8483379901e-01
5.0314164172e-01
5.2115319517e-01
5.4077331944e-01
5.5991309977e-01
5.7852408861e-01
5.9656571882e-01
6.1513619695e-01
6.3299109726e-01
6.5010775179e-01
6.6647111860e-01
6.8231824236e-01
6.9737681003e-01
7.1164984536e-01
7.2514495184e-01
7.3862353265e-01
7.5125692234e-01
7.6306540206e-01
7.7407144718e-01
7.8562145602e-01
7.9620513249e-01
8.0585932743e-01
8.1462058880e-01
8.2381706888e-01
8.3188603399e-01
8.3887832944e-01
8.4484013427e-01
8.5083493179e-01
8.5538845276e-01
8.5855136184e-01
8.6035968976e-01
8.6084490725e-01
8.6019452692e-01
8.5840242828e-01
8.5545138522e-01
8.5204805589e-01
8.4778077156e-01
8.4262155901e-01
8.3653743842e-01
8.3042386260e-01
8.2354491645e-01
8.1587031008e-01
8.0736781316e-01
7.9908367120e-01
7.9009356524e-01
7.8037270768e-01
7.6989639620e-01
7.5930881413e-01
7.4800920892e-01
7.3597953298e-01
7.2320358713e-01
7.0893656206e-01
6.9381528040e-01
6.7783213809e-01
6.6098528305e-01
6.4515566819e-01
6.2864498653e-01
6.1146804301e-01
5.9364612464e-01
5.7744583763e-01
5.6079186658e-01
5.4371337414e-01
5.2624457987e-01
5.0989105498e-01
4.9327587448e-01
4.7643703794e-01
4.5941601346e-01
4.4176706034e-01
4.2402460840e-01
4.0624327494e-01
3.8847983225e-01
3.7112008924e-01
3.5388946647e-01
3.3684349575e-01
3.2003673865e-01
3.0425772553e-01
2.8878891796e-01
2.7367134560e-01
2.5894276437e-01
2.4401234501e-01
2.2957732418e-01
2.1566648160e-01
2.0230323829e-01
1.8640801247e-01
1.7141820357e-01
1.5734498211e-01
1.4418825445e-01
1.3263834362e-01
1.2187509661e-01
1.1187743640e-01
1.0261973163e-01
9.4255516525e-02
8.6541160302e-02
7.9445599581e-02
7.2936961724e-02
6.5893969004e-02
5.9587112618e-02
5.3964297636e-02
4.8975873704e-02
4.1499282414e-02
3.5663259423e-02
3.1270693916e-02
2.8165942629e-02
2.6254085012e-02
2.5414902918e-02
2.5617457129e-02
2.6869248594e-02
2.8387138596e-02
3.0464255832e-02
3.3136718919e-02
3.6450037973e-02
3.9466841615e-02
4.2923346768e-02
4.6851480262e-02
5.1286252720e-02
5.5659632042e-02
6.0486648646e-02
6.5796660899e-02
7.1620176171e-02
7.7890179390e-02
8.4719442788e-02
9.2138279511e-02
1.0017639938e-01
1.0888001193e-01
1.1826077514e-01
1.2834269042e-01
1.3914617694e-01
1.4964304032e-01
1.6076186201e-01
1.7250657394e-01
1.8487628928e-01
1.9682662945e-01
2.0929373417e-01
2.2226419078e-01
2.3572018921e-01
2.5019778483e-01
2.6514596721e-01
2.8052994913e-01
2.9631046599e-01
3.1276950886e-01
3.2954633534e-01
3.4658835440e-01
3.6384079158e-01
3.8061810572e-01
3.9748795616e-01
4.1439985507e-01
4.3130419592e-01
4.5083739741e-01
4.7022396473e-01
4.8939670402e-01
5.0829358433e-01
5.2785174991e-01
5.4698203876e-01
5.6563320992e-01
5.8376151407e-01
6.0326825676e-01
6.2204310417e-01
6.4005586157e-01
6.5728534326e-01
6.7354748714e-01
6.8902440652e-01
7.0371614623e-01
7.1762777899e-01
7.3147383533e-01
7.4447652755e-01
7.5665422639e-01
7.6802784773e-01
7.7994844258e-01
7.9090480277e-01
8.0093245596e-01
8.1006701657e-01
8.1979144184e-01
8.2836483400e-01
8.3583970157e-01
8.4226419609e-01
8.4891991351e-01
8.5405477028e-01
8.5772703141e-01
8.5997926753e-01
8.6081545032e-01
8.6052147814e-01
8.5909419726e-01
8.5651943142e-01
8.5341388469e-01
8.4944160875e-01
8.4457571713e-01
8.3878409664e-01
8.3298266567e-01
8.2643000172e-01
8.1909673601e-01
8.1095143969e-01
8.0299393478e-01
7.9434301897e-01
7.8497402820e-01
7.7486219604e-01
7.6465019965e-01
7.5373947206e-01
7.4211137999e-01
7.2974885039e-01
7.1393011473e-01
6.9701252615e-01
6.7898287420e-01
6.5983718213e-01
6.4442507297e-01
6.2837082762e-01
6.1168811383e-01
5.9439636420e-01
5.7774097616e-01
5.6060421211e-01
5.4301774334e-01
5.2501890176e-01
5.0908349274e-01
4.9290122595e-01
4.7650716746e-01
4.5993948934e-01
4.4242966470e-01
4.2482467563e-01
4.0717763662e-01
3.8954378077e-01
3.7217487617e-01
3.5492991127e-01
3.3786429184e-01
3.2103251503e-01
3.0546373512e-01
2.9019043676e-01
2.7525196504e-01
2.6068464284e-01
2.4550792840e-01
2.3083180702e-01
2.1668656642e-01
2.0309690639e-01
1.8611060355e-01
1.7014503238e-01
1.5521302993e-01
1.4131304753e-01
1.3019607395e-01
1.1981331522e-01
1.1014446298e-01
1.0116525167e-01
9.2700444898e-02
8.4891339402e-02
7.7705139764e-02
7.1108201070e-02
6.3760044084e-02
5.7188111340e-02
5.1332288922e-02
4.6135236071e-02
3.9401605429e-02
3.3885673066e-02
2.9440277941e-02
2.5941283895e-02
2.3316096172e-02
2.1439108671e-02
2.0254992526e-02
1.9728412639e-02
1.9811552711e-02
2.0442113560e-02
2.1636177735e-02
2.3423992094e-02
2.5426515702e-02
2.7918251849e-02
3.0942043154e-02
3.4548658218e-02
3.7866857784e-02
4.1622665085e-02
4.5852324960e-02
5.0595124082e-02
5.5213094118e-02
6.0288797573e-02
6.5853680440e-02
7.1940219641e-02
7.8481076399e-02
8.5592808892e-02
9.3307142953e-02
1.0165495929e-01
1.1055093177e-01
1.2011984729e-01
1.3038491627e-01
1.4136556719e-01
1.5226871673e-01
1.6381543075e-01
1.7600857588e-01
1.8884565789e-01
2.0128489960e-01
2.1425660615e-01
2.2774467693e-01
2.4172819588e-01
2.5648832670e-01
2.7170561775e-01
2.8734293700e-01
3.0335881398e-01
3.1997115768e-01
3.3687652122e-01
3.5402141926e-01
3.7135055643e-01
3.8827018298e-01
4.0525855917e-01
4.2226486693e-01
4.3923947305e-01
4.5781922771e-01
4.7624207808e-01
4.9445139481e-01
5.1239495714e-01
5.3204686277e-01
5.5125021297e-01
5.6995420722e-01
5.8811576523e-01
6.0688329877e-01
6.2495647740e-01
6.4230938576e-01
6.5892392067e-01
6.7514384451e-01
6.9057449604e-01
7.0521652048e-01
7.1907554004e-01
7.3276325336e-01
7.4561794857e-01
7.5765800362e-01
7.6890421793e-01
7.8066706369e-01
7.9148232534e-01
8.0138480577e-01
8.1040935562e-01
8.1992132128e-01
8.2832573261e-01
8.3567233871e-01
8.4200686984e-01
8.4852241733e-01
8.5360965066e-01
8.5732306062e-01
8.5970346580e-01
8.6076244189e-01
8.6061337999e-01
8.5925501932e-01
8.5667351871e-01
8.5358493088e-01
8.4961506501e-01
8.4473682795e-01
8.3891768811e-01
8.3304323655e-01
8.2639601557e-01
8.1894549232e-01
8.1065894541e-01
8.0257501266e-01
7.9378007441e-01
7.8424861678e-01
7.7395504111e-01
7.6361197396e-01
7.5255968040e-01
7.4077934056e-01
7.2825379033e-01
7.1440009341e-01
6.9970819584e-01
6.8416878093e-01
6.6777773585e-01
6.5186204856e-01
6.3522672437e-01
6.1788506504e-01
5.9985723147e-01
5.8366021946e-01
5.6698935123e-01
5.4987286172e-01
5.3234420727e-01
5.1596390056e-01
4.9930428211e-01
4.8240295249e-01
4.6530116127e-01
4.4779719581e-01
4.3018298902e-01
4.1251134704e-01
3.9483739724e-01
3.7728453832e-01
3.5984297746e-01
3.4256994458e-01
3.2552195690e-01
3.0964216837e-01
2.9405798639e-01
2.7881148083e-01
2.6394161880e-01
2.4893477193e-01
2.3440743169e-01
2.2038966442e-01
2.0690633491e-01
1.8952551530e-01
1.7319416160e-01
1.5792874337e-01
1.4373029865e-01
1.3154472247e-01
1.2024092648e-01
1.0979306458e-01
1.0016975313e-01
9.1947190222e-02
8.4373188951e-02
7.7415822064e-02
7.1042528689e-02
6.4190807767e-02
5.8062445811e-02
5.2605819248e-02
4.7771929066e-02
3.9411840212e-02
3.3250019794e-02
2.8989491914e-02
2.6414692337e-02
2.5460956286e-02
2.5532196622e-02
2.6630984132e-02
2.8797022965e-02
3.0733340440e-02
3.3145839053e-02
3.6067097274e-02
3.9535631892e-02
4.2836641152e-02
4.6567222531e-02
5.0757774669e-02
5.5441123840e-02
6.0138666297e-02
6.5296885841e-02
7.0944314577e-02
7.7110267680e-02
8.3882322047e-02
9.1242301446e-02
9.9220167940e-02
1.0784472768e-01
1.1713049800e-01
1.2711253138e-01
1.3781161411e-01
1.4924419257e-01
1.6004472116e-01
1.7143907682e-01
1.8342679236e-01
1.9600267191e-01
2.0825094650e-01
2.2098929707e-01
2.3420105009e-01
2.4786536532e-01
2.6295177023e-01
2.7849167814e-01
2.9444476850e-01
3.1076641566e-01
3.2747610706e-01
3.4445652739e-01
3.6165343022e-01
3.7901112606e-01
3.9572490699e-01
4.1248511942e-01
4.2924334252e-01
4.4595250894e-01
4.6604855151e-01
4.8593088466e-01
5.0552967774e-01
5.2478148980e-01
5.4404546987e-01
5.6283468457e-01
5.8110381156e-01
5.9881495236e-01
6.1827729421e-01
6.3694044556e-01
6.5477962173e-01
6.7177922758e-01
6.8719446309e-01
7.0183959736e-01
7.1571898459e-01
7.2884112117e-01
7.4223328842e-01
7.5476732727e-01
7.6646488169e-01
7.7734966817e-01
7.8881917034e-01
7.9929982285e-01
8.0883034362e-01
8.1744887902e-01
8.2657619797e-01
8.3452058344e-01
8.4133605014e-01
8.4707103586e-01
8.5270627034e-01
8.5683431016e-01
8.5950368474e-01
8.6074621975e-01
8.6068895061e-01
8.5959981613e-01
8.5746888080e-01
8.5427709757e-01
8.5060375081e-01
8.4607743093e-01
8.4066914732e-01
8.3434523674e-01
8.2816395843e-01
8.2125502020e-01
8.1359018198e-01
8.0513960510e-01
7.9684854801e-01
7.8787453868e-01
7.7819425038e-01
7.6778453170e-01
7.5711374720e-01
7.4573473633e-01
7.3363002852e-01
7.2078406779e-01
7.0306546507e-01
6.8406717538e-01
6.6378046432e-01
6.4221086561e-01
6.2673120982e-01
6.1067427324e-01
5.9405765396e-01
5.7690432771e-01
5.6020924975e-01
5.4308890190e-01
5.2557775796e-01
5.0771548208e-01
4.9143688754e-01
4.7494784295e-01
4.5828735063e-01
4.4149734385e-01
4.2399086844e-01
4.0644538592e-01
3.8891526239e-01
3.7145625249e-01
3.5448478607e-01
3.3768853748e-01
3.2111947805e-01
3.0482795114e-01
2.8940016673e-01
2.7431671870e-01
2.5961494870e-01
2.4532856688e-01
2.2982935186e-01
2.1492602972e-01
2.0064714481e-01
1.8701417908e-01
1.7183403777e-01
1.5757797731e-01
1.4424622189e-01
1.3182860969e-01
1.2160320103e-01
1.1205829233e-01
1.0317211271e-01
9.4919979352e-02
8.6765958256e-02
7.9271570064e-02
7.2401025475e-02
6.6118146473e-02
5.9120601616e-02
5.2897505067e-02
4.7385799592e-02
4.2526065536e-02
3.6610381109e-02
3.1767359280e-02
2.7873092587e-02
2.4823957733e-02
2.2532767406e-02
2.0941591225e-02
2.0004912486e-02
1.9695670346e-02
