0.0000000000e+00
1.5591469569e-03
3.1182939139e-03
4.6774408708e-03
6.2365878277e-03
7.7445593897e-03
9.2525309517e-03
1.0760502514e-02
1.2268474076e-02
1.3750675310e-02
1.5232876543e-02
1.6715077777e-02
1.8197279011e-02
1.9665830530e-02
2.1134382049e-02
2.2602933567e-02
2.4071485086e-02
2.5534810143e-02
2.6998135199e-02
2.8461460256e-02
2.9924785312e-02
3.1389793922e-02
3.2854802532e-02
3.4319811142e-02
3.5784819751e-02
3.7258023302e-02
3.8731226854e-02
4.0204430405e-02
4.1677633956e-02
4.3166104935e-02
4.4654575915e-02
4.6143046894e-02
4.7631517874e-02
4.9143992405e-02
5.0656466936e-02
5.2168941467e-02
5.3681415998e-02
5.5230004256e-02
5.6778592514e-02
5.8327180771e-02
5.9875769029e-02
6.1476210917e-02
6.3076652805e-02
6.4677094694e-02
6.6277536582e-02
6.7968672024e-02
6.9659807466e-02
7.1350942908e-02
7.3042078349e-02
7.4878230794e-02
7.6714383238e-02
7.8550535682e-02
8.0386688126e-02
8.2173553162e-02
8.3960418198e-02
8.5747283233e-02
8.7534148269e-02
8.9216760337e-02
9.0899372405e-02
9.2581984473e-02
9.4264596541e-02
9.5909776038e-02
9.7554955535e-02
9.9200135032e-02
1.0084531453e-01
1.0248444578e-01
1.0412357703e-01
1.0576270828e-01
1.0740183953e-01
1.0906037709e-01
1.1071891466e-01
1.1237745223e-01
1.1403598980e-01
1.1565252333e-01
1.1726905685e-01
1.1888559038e-01
1.2050212391e-01
1.2208539864e-01
1.2366867336e-01
1.2525194809e-01
1.2683522282e-01
1.2840444966e-01
1.2997367650e-01
1.3154290335e-01
1.3311213019e-01
1.3467641593e-01
1.3624070167e-01
1.3780498741e-01
1.3936927314e-01
1.4093521266e-01
1.4250115217e-01
1.4406709168e-01
1.4563303119e-01
1.4720620715e-01
1.4877938312e-01
1.5035255908e-01
1.5192573504e-01
1.5351128518e-01
1.5509683532e-01
1.5668238546e-01
1.5826793559e-01
1.5987110457e-01
1.6147427355e-01
1.6307744253e-01
1.6468061151e-01
1.6630637731e-01
1.6793214312e-01
1.6955790892e-01
1.7118367473e-01
1.7283590793e-01
1.7448814114e-01
1.7614037434e-01
1.7779260755e-01
1.7947683998e-01
1.8116107242e-01
1.8284530485e-01
1.8452953728e-01
1.8625272345e-01
1.8797590962e-01
1.8969909578e-01
1.9142228195e-01
1.9319094175e-01
1.9495960155e-01
1.9672826135e-01
1.9849692115e-01
2.0031380770e-01
2.0213069424e-01
2.0394758078e-01
2.0576446733e-01
2.0765136628e-01
2.0953826524e-01
2.1142516420e-01
2.1331206315e-01
2.1526747274e-01
2.1722288233e-01
2.1917829191e-01
2.2113370150e-01
2.2317249295e-01
2.2521128439e-01
2.2725007583e-01
2.2928886728e-01
2.3143176343e-01
2.3357465958e-01
2.3571755572e-01
2.3786045187e-01
2.4017380935e-01
2.4248716682e-01
2.4480052429e-01
2.4711388177e-01
2.4936869379e-01
2.5162350582e-01
2.5387831784e-01
2.5613312987e-01
2.5824902972e-01
2.6036492957e-01
2.6248082942e-01
2.6459672927e-01
2.6661464472e-01
2.6863256016e-01
2.7065047560e-01
2.7266839104e-01
2.7460357887e-01
2.7653876669e-01
2.7847395451e-01
2.8040914233e-01
2.8227634413e-01
2.8414354592e-01
2.8601074772e-01
2.8787794951e-01
2.8967703872e-01
2.9147612793e-01
2.9327521714e-01
2.9507430634e-01
2.9683166451e-01
2.9858902267e-01
3.0034638084e-01
3.0210373901e-01
3.0381872207e-01
3.0553370513e-01
3.0724868819e-01
3.0896367125e-01
3.1064203165e-01
3.1232039205e-01
3.1399875244e-01
3.1567711284e-01
3.1732522193e-01
3.1897333103e-01
3.2062144012e-01
3.2226954922e-01
3.2389287292e-01
3.2551619663e-01
3.2713952033e-01
3.2876284403e-01
3.3036475289e-01
3.3196666174e-01
3.3356857060e-01
3.3517047945e-01
3.3675571886e-01
3.3834095827e-01
3.3992619768e-01
3.4151143709e-01
3.4308467023e-01
3.4465790337e-01
3.4623113652e-01
3.4780436966e-01
3.4937039849e-01
3.5093642732e-01
3.5250245616e-01
3.5406848499e-01
3.5563256812e-01
3.5719665126e-01
3.5876073439e-01
3.6032481752e-01
3.6189328527e-01
3.6346175302e-01
3.6503022077e-01
3.6659868851e-01
3.6818021898e-01
3.6976174945e-01
3.7134327993e-01
3.7292481040e-01
3.7453671179e-01
3.7614861317e-01
3.7776051456e-01
3.7937241595e-01
3.8102872683e-01
3.8268503770e-01
3.8434134857e-01
3.8599765944e-01
3.8763727944e-01
3.8927689943e-01
3.9091651943e-01
3.9255613942e-01
3.9419996935e-01
3.9584379928e-01
3.9748762921e-01
3.9913145914e-01
4.0081055935e-01
4.0248965955e-01
4.0416875976e-01
4.0584785997e-01
4.0762737535e-01
4.0940689073e-01
4.1118640611e-01
4.1296592148e-01
4.1479466830e-01
4.1662341512e-01
4.1845216194e-01
4.2028090875e-01
4.2197256389e-01
4.2366421903e-01
4.2535587417e-01
4.2704752931e-01
4.2864833416e-01
4.3024913902e-01
4.3184994388e-01
4.3345074873e-01
4.3500084869e-01
4.3655094864e-01
4.3810104860e-01
4.3965114855e-01
4.4116615032e-01
4.4268115209e-01
4.4419615386e-01
4.4571115563e-01
4.4720205783e-01
4.4869296004e-01
4.5018386225e-01
4.5167476445e-01
4.5314976615e-01
4.5462476786e-01
4.5609976956e-01
4.5757477126e-01
4.5904065337e-01
4.6050653548e-01
4.6197241759e-01
4.6343829970e-01
4.6490155095e-01
4.6636480219e-01
4.6782805344e-01
4.6929130468e-01
4.7075850648e-01
4.7222570829e-01
4.7369291009e-01
4.7516011189e-01
4.7663957626e-01
4.7811904063e-01
4.7959850499e-01
4.8107796936e-01
4.8258149803e-01
4.8408502670e-01
4.8558855537e-01
4.8709208404e-01
4.8864562778e-01
4.9019917152e-01
4.9175271526e-01
4.9330625900e-01
4.9508055753e-01
4.9685485606e-01
4.9862915459e-01
5.0040345312e-01
5.0195875342e-01
5.0351405372e-01
5.0506935401e-01
5.0662465431e-01
5.0813050640e-01
5.0963635849e-01
5.1114221058e-01
5.1264806267e-01
5.1412897869e-01
5.1560989472e-01
5.1709081075e-01
5.1857172678e-01
5.2003969440e-01
5.2150766201e-01
5.2297562962e-01
5.2444359724e-01
5.2590683921e-01
5.2737008119e-01
5.2883332316e-01
5.3029656513e-01
5.3176187742e-01
5.3322718970e-01
5.3469250199e-01
5.3615781427e-01
5.3763171284e-01
5.3910561140e-01
5.4057950997e-01
5.4205340853e-01
5.4354311391e-01
5.4503281929e-01
5.4652252467e-01
5.4801223005e-01
5.4952659897e-01
5.5104096789e-01
5.5255533681e-01
5.5406970573e-01
5.5562114475e-01
5.5717258376e-01
5.5872402278e-01
5.6027546179e-01
5.6187961404e-01
5.6348376628e-01
5.6508791853e-01
5.6669207077e-01
5.6839208315e-01
5.7009209552e-01
5.7179210790e-01
5.7349212027e-01
5.7534119649e-01
5.7719027271e-01
5.7903934893e-01
5.8088842515e-01
5.8266287789e-01
5.8443733063e-01
5.8621178337e-01
5.8798623611e-01
5.8966505151e-01
5.9134386691e-01
5.9302268231e-01
5.9470149771e-01
5.9634535308e-01
5.9798920846e-01
5.9963306384e-01
6.0127691922e-01
6.0291694701e-01
6.0455697480e-01
6.0619700259e-01
6.0783703037e-01
6.0948909857e-01
6.1114116676e-01
6.1279323496e-01
6.1444530315e-01
6.1605839511e-01
6.1767148706e-01
6.1928457901e-01
6.2089767096e-01
6.2247977695e-01
6.2406188294e-01
6.2564398893e-01
6.2722609492e-01
6.2879481907e-01
6.3036354322e-01
6.3193226737e-01
6.3350099152e-01
6.3506523869e-01
6.3662948585e-01
6.3819373302e-01
6.3975798018e-01
6.4132425925e-01
6.4289053833e-01
6.4445681740e-01
6.4602309647e-01
6.4759691922e-01
6.4917074197e-01
6.5074456471e-01
6.5231838746e-01
6.5390490154e-01
6.5549141563e-01
6.5707792971e-01
6.5866444379e-01
6.6026888257e-01
6.6187332135e-01
6.6347776012e-01
6.6508219890e-01
6.6670937633e-01
6.6833655376e-01
6.6996373120e-01
6.7159090863e-01
6.7324488874e-01
6.7489886885e-01
6.7655284896e-01
6.7820682907e-01
6.7989324141e-01
6.8157965375e-01
6.8326606609e-01
6.8495247844e-01
6.8667819230e-01
6.8840390617e-01
6.9012962003e-01
6.9185533390e-01
6.9362662304e-01
6.9539791218e-01
6.9716920132e-01
6.9894049046e-01
7.0076057093e-01
7.0258065141e-01
7.0440073188e-01
7.0622081236e-01
7.0811245215e-01
7.1000409194e-01
7.1189573173e-01
7.1378737151e-01
7.1574747212e-01
7.1770757273e-01
7.1966767334e-01
7.2162777394e-01
7.2367231752e-01
7.2571686109e-01
7.2776140467e-01
7.2980594824e-01
7.3195648592e-01
7.3410702360e-01
7.3625756128e-01
7.3840809895e-01
7.4074090910e-01
7.4307371925e-01
7.4540652940e-01
7.4773933956e-01
7.4998162431e-01
7.5222390906e-01
7.5446619381e-01
7.5670847857e-01
7.5881723219e-01
7.6092598582e-01
7.6303473944e-01
7.6514349307e-01
7.6715552865e-01
7.6916756423e-01
7.7117959981e-01
7.7319163539e-01
7.7512216578e-01
7.7705269617e-01
7.7898322656e-01
7.8091375695e-01
7.8277676543e-01
7.8463977390e-01
7.8650278238e-01
7.8836579086e-01
7.9016230046e-01
7.9195881007e-01
7.9375531968e-01
7.9555182928e-01
7.9730588628e-01
7.9905994328e-01
8.0081400028e-01
8.0256805728e-01
8.0428023258e-01
8.0599240788e-01
8.0770458318e-01
8.0941675848e-01
8.1109256667e-01
8.1276837486e-01
8.1444418305e-01
8.1611999124e-01
8.1776607368e-01
8.1941215612e-01
8.2105823856e-01
8.2270432100e-01
8.2432620507e-01
8.2594808914e-01
8.2756997320e-01
8.2919185727e-01
8.3079249988e-01
8.3239314248e-01
8.3399378509e-01
8.3559442769e-01
8.3717874281e-01
8.3876305794e-01
8.4034737306e-01
8.4193168818e-01
8.4350425954e-01
8.4507683090e-01
8.4664940226e-01
8.4822197362e-01
8.4978767707e-01
8.5135338052e-01
8.5291908396e-01
8.5448478741e-01
8.5604894506e-01
8.5761310272e-01
8.5917726037e-01
8.6074141802e-01
8.6231042203e-01
8.6387942603e-01
8.6544843004e-01
8.6701743405e-01
8.6860024194e-01
8.7018304983e-01
8.7176585773e-01
8.7334866562e-01
8.7496430877e-01
8.7657995192e-01
8.7819559508e-01
8.7981123823e-01
8.8147496253e-01
8.8313868683e-01
8.8480241113e-01
8.8646613543e-01
8.8810492968e-01
8.8974372394e-01
8.9138251819e-01
8.9302131244e-01
8.9466655608e-01
8.9631179971e-01
8.9795704335e-01
8.9960228699e-01
9.0128545544e-01
9.0296862389e-01
9.0465179235e-01
9.0633496080e-01
9.0812880600e-01
9.0992265121e-01
9.1171649642e-01
9.1351034162e-01
9.1533097531e-01
9.1715160901e-01
9.1897224270e-01
9.2079287639e-01
9.2247459956e-01
9.2415632274e-01
9.2583804591e-01
9.2751976908e-01
9.2911624674e-01
9.3071272441e-01
9.3230920207e-01
9.3390567973e-01
9.3545276074e-01
9.3699984175e-01
9.3854692277e-01
9.4009400378e-01
9.4160693866e-01
9.4311987354e-01
9.4463280842e-01
9.4614574330e-01
9.4763525249e-01
9.4912476169e-01
9.5061427088e-01
9.5210378008e-01
9.5357788874e-01
9.5505199741e-01
9.5652610608e-01
9.5800021474e-01
9.5946566797e-01
9.6093112119e-01
9.6239657442e-01
9.6386202764e-01
9.6532528752e-01
9.6678854741e-01
9.6825180729e-01
9.6971506717e-01
9.7118291456e-01
9.7265076194e-01
9.7411860932e-01
9.7558645670e-01
9.7706714660e-01
9.7854783650e-01
9.8002852641e-01
9.8150921631e-01
9.8301516049e-01
9.8452110467e-01
9.8602704885e-01
9.8753299303e-01
9.8908900121e-01
9.9064500939e-01
9.9220101757e-01
9.9375702575e-01
9.9531776931e-01
9.9687851288e-01
9.9843925644e-01
1.0000000000e+00
