8.2946736706e-10
3.2732584618e-10
1.8395815096e-09
5.6068414082e-09
4.7315267145e-08
1.3239901359e-07
3.5729709889e-07
9.6110638435e-07
2.6739138346e-06
5.1115393306e-06
9.7240222882e-06
1.8496984212e-05
3.5306928316e-05
5.5440620089e-05
8.6986620728e-05
1.3647869370e-04
2.1424836159e-04
3.0091188181e-04
4.2253643335e-04
5.9328403502e-04
8.3307977549e-04
1.0952391162e-03
1.4396676181e-03
1.8921613390e-03
2.4865606497e-03
3.1589898536e-03
4.0122608176e-03
5.0945768293e-03
6.4666815947e-03
8.2719604679e-03
1.0574415031e-02
1.3507131793e-02
1.7236186321e-02
2.0531434831e-02
2.4437369232e-02
2.9059198241e-02
3.4516857574e-02
3.9285721130e-02
4.4675321915e-02
5.0755203834e-02
5.7599368071e-02
6.5026948931e-02
7.3316899477e-02
8.2543238908e-02
9.2779266835e-02
1.0468306943e-01
1.1785152567e-01
1.3234894937e-01
1.4822474377e-01
1.6207966609e-01
1.7685923164e-01
1.9255635488e-01
2.0915115612e-01
2.2840549556e-01
2.4864125048e-01
2.6977389573e-01
2.9170008064e-01
3.1503115876e-01
3.3893203182e-01
3.6324510590e-01
3.8780695338e-01
4.1258091751e-01
4.3727678194e-01
4.6173997516e-01
4.8582757668e-01
5.1273238894e-01
5.3881272695e-01
5.6393113484e-01
5.8797874359e-01
6.1097859635e-01
6.3275897578e-01
6.5328611857e-01
6.7254633420e-01
6.9159203375e-01
7.0923846718e-01
7.2552102691e-01
7.4048606487e-01
7.5643476589e-01
7.7074360227e-01
7.8351606532e-01
7.9485839970e-01
8.0728380972e-01
8.1781291777e-01
8.2664343185e-01
8.3396065214e-01
8.4117840472e-01
8.4663165990e-01
8.5058017293e-01
8.5325144451e-01
8.5491176212e-01
8.5555451101e-01
8.5535381926e-01
8.5445728695e-01
8.5284114721e-01
8.5068487921e-01
8.4809919612e-01
8.4517565087e-01
8.4138188133e-01
8.3732155538e-01
8.3307578501e-01
8.2870894997e-01
8.2314816600e-01
8.1755355431e-01
8.1198248778e-01
8.0647691633e-01
8.0001454228e-01
7.9372260467e-01
7.8762050690e-01
7.8171510459e-01
7.7579354984e-01
7.7006247883e-01
7.6449275366e-01
7.5904140249e-01
7.5414307188e-01
7.4923765545e-01
7.4425393139e-01
7.3910411662e-01
7.3459381553e-01
7.2981961958e-01
7.2469646356e-01
7.1912727153e-01
7.1420114416e-01
7.0884427485e-01
7.0298715872e-01
6.9655613357e-01
6.9024873183e-01
6.8336373027e-01
6.7584583038e-01
6.6764233560e-01
6.5929324459e-01
6.5026725473e-01
6.4054010507e-01
6.3009928634e-01
6.1979163087e-01
6.0888925751e-01
5.9742461501e-01
5.8544881117e-01
5.7414542867e-01
5.6254738971e-01
5.5074173122e-01
5.3883171492e-01
5.2658904741e-01
5.1450779397e-01
5.0274707444e-01
4.9147594172e-01
4.8100138176e-01
4.7134332532e-01
4.6266557089e-01
4.5512182324e-01
4.4917424210e-01
4.4445742439e-01
4.4105189959e-01
4.3901668847e-01
4.3838879547e-01
4.3921852737e-01
4.4149087043e-01
4.4516504440e-01
4.5014945156e-01
4.5637117595e-01
4.6372447136e-01
4.7208776151e-01
4.8143645592e-01
4.9153441532e-01
5.0223132429e-01
5.1337727953e-01
5.2545114051e-01
5.3770100337e-01
5.4997939881e-01
5.6215472799e-01
5.7538165960e-01
5.8821427017e-01
6.0055146136e-01
6.1231808477e-01
6.2447888143e-01
6.3585762412e-01
6.4644117436e-01
6.5623707636e-01
6.6609109925e-01
6.7507706223e-01
6.8325416917e-01
6.9068893461e-01
6.9922488575e-01
7.0681024571e-01
7.1358783148e-01
7.1969173256e-01
7.2702908377e-01
7.3363528424e-01
7.3973004374e-01
7.4549528523e-01
7.5087879105e-01
7.5619946777e-01
7.6154159746e-01
7.6697057932e-01
7.7244057383e-01
7.7807558513e-01
7.8389757069e-01
7.8991748284e-01
7.9484568184e-01
7.9989416120e-01
8.0505252521e-01
8.1030422193e-01
8.1473257163e-01
8.1919072243e-01
8.2365463653e-01
8.2809357539e-01
8.3187332400e-01
8.3557473251e-01
8.3915983987e-01
8.4258230494e-01
8.4548316609e-01
8.4815628439e-01
8.5054214383e-01
8.5256977217e-01
8.5411895710e-01
8.5515687732e-01
8.5557444937e-01
8.5524306956e-01
8.5421947293e-01
8.5238852676e-01
8.4961555520e-01
8.4574707760e-01
8.4158298176e-01
8.3643505651e-01
8.3018171962e-01
8.2269043212e-01
8.1565127811e-01
8.0763424480e-01
7.9855551224e-01
7.8832814568e-01
7.7823930765e-01
7.6711697015e-01
7.5489912649e-01
7.4152550432e-01
7.2709766848e-01
7.1143148424e-01
6.9448346010e-01
6.7621950494e-01
6.5869993050e-01
6.4009799395e-01
6.2041998110e-01
5.9968603468e-01
5.7976710661e-01
5.5903045175e-01
5.3753080796e-01
5.1533751052e-01
4.9477244373e-01
4.7378341938e-01
4.5245311363e-01
4.3087329365e-01
4.0811697895e-01
3.8531911069e-01
3.6260736382e-01
3.4011191494e-01
3.1933881699e-01
2.9897337826e-01
2.7911344035e-01
2.5984899036e-01
2.4032181917e-01
2.2162127248e-01
2.0381145094e-01
1.8694048723e-01
1.6879167604e-01
1.5194232858e-01
1.3639183675e-01
1.2211854158e-01
1.0935060997e-01
9.7718112362e-02
8.7162206474e-02
7.7617635493e-02
6.7479496607e-02
5.8556880443e-02
5.0731934689e-02
4.3890794659e-02
3.5610915084e-02
2.8834056009e-02
2.3308197939e-02
1.8815926015e-02
1.4898519512e-02
1.1784849777e-02
9.3144112876e-03
7.3570020106e-03
5.5775128776e-03
4.2263974641e-03
3.2013035269e-03
2.4239632956e-03
1.6524022011e-03
1.1263788786e-03
7.6765337922e-04
5.2292764884e-04
2.7166491591e-04
1.4163064116e-04
7.3826603998e-05
3.8283048303e-05
8.0095751139e-06
2.1936253458e-06
5.4393194389e-07
1.9509205844e-07
-7.3587051629e-10
1.0075895334e-08
-1.1205665325e-09
7.8288122261e-09
3.9982797691e-09
1.1380712892e-08
4.0584021269e-08
2.0312601544e-07
4.9058251395e-07
1.1609216273e-06
2.7447500291e-06
6.5913928226e-06
1.1715618879e-05
2.0767751496e-05
3.6812464547e-05
6.5378584818e-05
9.8676854314e-05
1.4885904306e-04
2.2455379249e-04
3.3884972821e-04
4.6478722001e-04
6.3741524409e-04
8.7409090157e-04
1.1986355466e-03
1.5522837022e-03
2.0099305569e-03
2.6020737485e-03
3.3680666939e-03
4.2500041190e-03
5.3612459957e-03
6.7606461701e-03
8.5216581798e-03
1.0492252696e-02
1.2911176131e-02
1.5876851778e-02
1.9507379144e-02
2.2881673576e-02
2.6819942488e-02
3.1409118031e-02
3.6746738755e-02
4.1689032037e-02
4.7255166875e-02
5.3512157914e-02
6.0530844920e-02
6.7964574470e-02
7.6216110915e-02
8.5350710037e-02
9.5432473909e-02
1.0674997600e-01
1.1917510135e-01
1.3275857406e-01
1.4753956859e-01
1.6173457455e-01
1.7690503848e-01
1.9304341025e-01
2.1012790255e-01
2.2715726859e-01
2.4495870753e-01
2.6347533286e-01
2.8263850022e-01
3.0433160762e-01
3.2659055007e-01
3.4928762566e-01
3.7228854175e-01
3.9429735893e-01
4.1633907349e-01
4.3829985580e-01
4.6007139817e-01
4.8578220808e-01
5.1091957825e-01
5.3534754955e-01
5.5895187153e-01
5.8530836488e-01
6.1031072187e-01
6.3388443919e-01
6.5598681683e-01
6.7569060128e-01
6.9404752369e-01
7.1107936529e-01
7.2682031649e-01
7.4339154624e-01
7.5839044697e-01
7.7190306698e-01
7.8402027064e-01
7.9729574159e-01
8.0873138450e-01
8.1850060231e-01
8.2676882205e-01
8.3509725678e-01
8.4166004059e-01
8.4669515665e-01
8.5041456662e-01
8.5325004318e-01
8.5489590462e-01
8.5554881565e-01
8.5537655573e-01
8.5444928556e-01
8.5289575390e-01
8.5083621743e-01
8.4837096874e-01
8.4509730576e-01
8.4149364805e-01
8.3764740301e-01
8.3362885677e-01
8.2850726756e-01
8.2329114580e-01
8.1804413890e-01
8.1281423268e-01
8.0640776252e-01
8.0013019941e-01
7.9401318123e-01
7.8807476796e-01
7.8190456998e-01
7.7594403835e-01
7.7017670237e-01
7.6457316891e-01
7.5922554357e-01
7.5393786348e-01
7.4863849701e-01
7.4323617374e-01
7.3862776322e-01
7.3379562155e-01
7.2864915682e-01
7.2308312257e-01
7.1819637557e-01
7.1288567529e-01
7.0707308725e-01
7.0067473608e-01
6.9469238476e-01
6.8816312462e-01
6.8102974073e-01
6.7323629713e-01
6.6498803290e-01
6.5602489457e-01
6.4631244821e-01
6.3582796605e-01
6.2597519807e-01
6.1552808719e-01
6.0450840683e-01
5.9295449477e-01
5.8199944874e-01
5.7070551489e-01
5.5914628117e-01
5.4741097793e-01
5.3596513275e-01
5.2456125090e-01
5.1332000076e-01
5.0237186794e-01
4.9148780312e-01
4.8122443816e-01
4.7173999499e-01
4.6318844189e-01
4.5605526473e-01
4.5001023409e-01
4.4515173445e-01
4.4156050429e-01
4.3929555297e-01
4.3840020879e-01
4.3888980088e-01
4.4075595516e-01
4.4426328835e-01
4.4925728775e-01
4.5564147047e-01
4.6329514453e-01
4.7158182805e-01
4.8074740196e-01
4.9065183641e-01
5.0115114590e-01
5.1304153681e-01
5.2528345337e-01
5.3770884425e-01
5.5016360206e-01
5.6407462722e-01
5.7768061258e-01
5.9084483343e-01
6.0346142619e-01
6.1605471271e-01
6.2790061628e-01
6.3896929516e-01
6.4925425148e-01
6.5961495122e-01
6.6909063098e-01
6.7773172050e-01
6.8559858267e-01
6.9492928280e-01
7.0318061650e-01
7.1050963582e-01
7.1706587854e-01
7.2436237955e-01
7.3091018990e-01
7.3691339829e-01
7.4254383056e-01
7.4814191617e-01
7.5361980811e-01
7.5907988870e-01
7.6460197765e-01
7.6991208444e-01
7.7536804029e-01
7.8099570531e-01
7.8681044821e-01
7.9182957146e-01
7.9698146711e-01
8.0225812626e-01
8.0764511500e-01
8.1215827168e-01
8.1671470199e-01
8.2129194250e-01
8.2586093392e-01
8.2974783111e-01
8.3357220531e-01
8.3729797804e-01
8.4088089544e-01
8.4391522904e-01
8.4674634579e-01
8.4931857487e-01
8.5156537781e-01
8.5359534901e-01
8.5498453872e-01
8.5557013215e-01
8.5515490511e-01
8.5393485903e-01
8.5176857388e-01
8.4848770050e-01
8.4389898530e-01
8.3943412776e-01
8.3399262323e-01
8.2745891975e-01
8.1970775765e-01
8.1230183624e-01
8.0389574004e-01
7.9440590511e-01
7.8374611010e-01
7.7324212872e-01
7.6168722680e-01
7.4902098889e-01
7.3518533689e-01
7.1949816634e-01
7.0243325522e-01
6.8394614067e-01
6.6400533727e-01
6.4554130086e-01
6.2597695905e-01
6.0532882192e-01
5.8362933697e-01
5.6377971661e-01
5.4320688237e-01
5.2196990038e-01
5.0014086099e-01
4.7941076241e-01
4.5832183232e-01
4.3696152019e-01
4.1542537454e-01
3.9317563090e-01
3.7096561166e-01
3.4891585697e-01
3.2714736512e-01
3.0666331190e-01
2.8664623378e-01
2.6718869874e-01
2.4837424557e-01
2.2858425429e-01
2.0973254781e-01
1.9187960730e-01
1.7506720293e-01
1.5810250711e-01
1.4238615158e-01
1.2790499007e-01
1.1462846698e-01
1.0246498218e-01
9.1414333848e-02
8.1412708127e-02
7.2391358511e-02
6.2429134866e-02
5.3735689040e-02
4.6176899287e-02
3.9625153889e-02
3.0992106588e-02
2.4180997047e-02
1.8830905626e-02
1.4642493176e-02
1.1495131540e-02
9.0168844237e-03
7.0682785578e-03
5.5377707923e-03
4.1275614403e-03
3.0753069274e-03
2.2905600454e-03
1.7055061895e-03
1.1214598650e-03
7.3753235245e-04
4.8496336131e-04
3.1868481811e-04
1.5206291272e-04
7.3040519222e-05
3.5073929981e-05
1.6683997276e-05
2.7686754727e-06
7.6090271458e-07
1.6009755686e-07
9.6443508798e-08
1.5569857366e-08
4.3329882958e-09
9.7942628614e-10
1.1493552785e-09
