2.5189735492e-01
2.5208793023e-01
2.5265994441e-01
2.5361426302e-01
2.5495233015e-01
2.5581806410e-01
2.5679259044e-01
2.5787632362e-01
2.5906972454e-01
2.5988413757e-01
2.6074305558e-01
2.6164662563e-01
2.6259500248e-01
2.6329449004e-01
2.6401663352e-01
2.6476149505e-01
2.6552913872e-01
2.6612504846e-01
2.6673406381e-01
2.6735621477e-01
2.6799153197e-01
2.6850449701e-01
2.6902577003e-01
2.6955536715e-01
2.7009330474e-01
2.7054838509e-01
2.7100928931e-01
2.7147602732e-01
2.7194860913e-01
2.7236698372e-01
2.7278984842e-01
2.7321721012e-01
2.7364907577e-01
2.7408753962e-01
2.7453056443e-01
2.7497815718e-01
2.7543032473e-01
2.7579835564e-01
2.7616937020e-01
2.7654337153e-01
2.7692036245e-01
2.7722975197e-01
2.7754112897e-01
2.7785449412e-01
2.7816984764e-01
2.7843746451e-01
2.7870649604e-01
2.7897694124e-01
2.7924879854e-01
2.7950403787e-01
2.7976050521e-01
2.8001819742e-01
2.8027711049e-01
2.8057251478e-01
2.8086947693e-01
2.8116798543e-01
2.8146802608e-01
2.8171642367e-01
2.8196583841e-01
2.8221625677e-01
2.8246766309e-01
2.8269810912e-01
2.8292934863e-01
2.8316136414e-01
2.8339413615e-01
2.8363723057e-01
2.8388109427e-01
2.8412569745e-01
2.8437100751e-01
2.8461845187e-01
2.8486653659e-01
2.8511521969e-01
2.8536445634e-01
2.8560879057e-01
2.8585356213e-01
2.8609872181e-01
2.8634421833e-01
2.8662932835e-01
2.8691473432e-01
2.8720034814e-01
2.8748607979e-01
2.8780014132e-01
2.8811411205e-01
2.8842786898e-01
2.8874128945e-01
2.8906726023e-01
2.8939259861e-01
2.8971717208e-01
2.9004085155e-01
2.9036959654e-01
2.9069715609e-01
2.9102340799e-01
2.9134823557e-01
2.9170231451e-01
2.9205441359e-01
2.9240440393e-01
2.9275216533e-01
2.9316242016e-01
2.9356919773e-01
2.9397234266e-01
2.9437171532e-01
2.9487152902e-01
2.9536488300e-01
2.9585159093e-01
2.9633149750e-01
2.9700502327e-01
2.9766413428e-01
2.9830864089e-01
2.9893843213e-01
2.9945450819e-01
2.9996023647e-01
3.0045564487e-01
3.0094078144e-01
3.0145491485e-01
3.0195716818e-01
3.0244765982e-01
3.0292652184e-01
3.0345693470e-01
3.0397272903e-01
3.0447414043e-01
3.0496141323e-01
3.0552057768e-01
3.0606068579e-01
3.0658216645e-01
3.0708545058e-01
3.0768985192e-01
3.0826730980e-01
3.0881865198e-01
3.0934469408e-01
3.1001209784e-01
3.1063729426e-01
3.1122211890e-01
3.1176835121e-01
3.1238124155e-01
3.1294290525e-01
3.1345618165e-01
3.1392379383e-01
3.1434495488e-01
3.1472621775e-01
3.1506991103e-01
3.1537825525e-01
3.1562968424e-01
3.1585514578e-01
3.1605606178e-01
3.1623376743e-01
3.1641312764e-01
3.1656448014e-01
3.1668942070e-01
3.1678933152e-01
3.1685347392e-01
3.1690203913e-01
3.1693542654e-01
3.1695391559e-01
3.1695764700e-01
3.1694653872e-01
3.1692049555e-01
3.1687929630e-01
3.1681523211e-01
3.1673133196e-01
3.1662677022e-01
3.1650055432e-01
3.1635616595e-01
3.1618908578e-01
3.1599800794e-01
3.1578151390e-01
3.1551723294e-01
3.1521943945e-01
3.1488595541e-01
3.1451448152e-01
3.1412791714e-01
3.1370343771e-01
3.1323884219e-01
3.1273183727e-01
3.1230635706e-01
3.1185257706e-01
3.1136929558e-01
3.1085527442e-01
3.1042359978e-01
3.0997101069e-01
3.0949683425e-01
3.0900038342e-01
3.0856655544e-01
3.0811616396e-01
3.0764878386e-01
3.0716398524e-01
3.0673092256e-01
3.0628426216e-01
3.0582372259e-01
3.0534902300e-01
3.0491616757e-01
3.0447177384e-01
3.0401565266e-01
3.0354761924e-01
3.0310887612e-01
3.0265988249e-01
3.0220051337e-01
3.0173065194e-01
3.0126671725e-01
3.0079280631e-01
3.0030884571e-01
2.9981477679e-01
2.9931915692e-01
2.9881370664e-01
2.9829842785e-01
2.9777334812e-01
2.9732515119e-01
2.9687014219e-01
2.9640839175e-01
2.9593999137e-01
2.9555503708e-01
2.9516585109e-01
2.9477251880e-01
2.9437513841e-01
2.9403212074e-01
2.9368630144e-01
2.9333776702e-01
2.9298661249e-01
2.9266284921e-01
2.9233706224e-01
2.9200934448e-01
2.9167979547e-01
2.9134835244e-01
2.9101529560e-01
2.9068074452e-01
2.9034482517e-01
2.8998331960e-01
2.8962056347e-01
2.8925673382e-01
2.8889201377e-01
2.8861129680e-01
2.8833025220e-01
2.8804896787e-01
2.8776753226e-01
2.8750896021e-01
2.8725040373e-01
2.8699193067e-01
2.8673360801e-01
2.8646702934e-01
2.8620075209e-01
2.8593484492e-01
2.8566937407e-01
2.8539754000e-01
2.8512629723e-01
2.8485570734e-01
2.8458582809e-01
2.8433791071e-01
2.8409068085e-01
2.8384417445e-01
2.8359842451e-01
2.8333344344e-01
2.8306941727e-01
2.8280637666e-01
2.8254434879e-01
2.8227446738e-01
2.8200571753e-01
2.8173811909e-01
2.8147168906e-01
2.8120178364e-01
2.8093311585e-01
2.8066569639e-01
2.8039953409e-01
2.8011616788e-01
2.7983425609e-01
2.7955380434e-01
2.7927481698e-01
2.7893698721e-01
2.7860133899e-01
2.7826787506e-01
2.7793659694e-01
2.7752127422e-01
2.7710943936e-01
2.7670109065e-01
2.7629622538e-01
2.7583718764e-01
2.7538270141e-01
2.7493276042e-01
2.7448735808e-01
2.7400374866e-01
2.7352558864e-01
2.7305286882e-01
2.7258558000e-01
2.7201285582e-01
2.7144847477e-01
2.7089241965e-01
2.7034467343e-01
2.6959129273e-01
2.6885413958e-01
2.6813316961e-01
2.6742833945e-01
2.6624704553e-01
2.6511371108e-01
2.6402813196e-01
2.6299011262e-01
2.6057691502e-01
2.5846369608e-01
2.5664802293e-01
2.5512780530e-01
2.5332292218e-01
2.5224717539e-01
2.5189746804e-01
2.5227279372e-01
2.5285007373e-01
2.5369207368e-01
2.5479967514e-01
2.5617403774e-01
2.5705353966e-01
2.5801613134e-01
2.5906212394e-01
2.6019185556e-01
2.6097742148e-01
2.6179918128e-01
2.6265724895e-01
2.6355174348e-01
2.6421978879e-01
2.6490690787e-01
2.6561315033e-01
2.6633856715e-01
2.6690800927e-01
2.6748878724e-01
2.6808092576e-01
2.6868444995e-01
2.6917861945e-01
2.6968019864e-01
2.7018920132e-01
2.7070564149e-01
2.7114829681e-01
2.7159629242e-01
2.7204963710e-01
2.7250833972e-01
2.7293262037e-01
2.7336139840e-01
2.7379468076e-01
2.7423247438e-01
2.7467907107e-01
2.7513028051e-01
2.7558610960e-01
2.7604656498e-01
2.7639337778e-01
2.7674277543e-01
2.7709476003e-01
2.7744933327e-01
2.7773924672e-01
2.7803086922e-01
2.7832420072e-01
2.7861924067e-01
2.7887852567e-01
2.7913911390e-01
2.7940100363e-01
2.7966419251e-01
2.7992229335e-01
2.8018162489e-01
2.8044218250e-01
2.8070396039e-01
2.8097791948e-01
2.8125318507e-01
2.8152974530e-01
2.8180758592e-01
2.8204831730e-01
2.8228997646e-01
2.8253254876e-01
2.8277601748e-01
2.8300474241e-01
2.8323421891e-01
2.8346442749e-01
2.8369534661e-01
2.8395117133e-01
2.8420779856e-01
2.8446518973e-01
2.8472330278e-01
2.8496487016e-01
2.8520698729e-01
2.8544961194e-01
2.8569269944e-01
2.8594216658e-01
2.8619201738e-01
2.8644219690e-01
2.8669264829e-01
2.8697771393e-01
2.8726296717e-01
2.8754831801e-01
2.8783367515e-01
2.8821095284e-01
2.8858786693e-01
2.8896420523e-01
2.8933975853e-01
2.8966359413e-01
2.8998656145e-01
2.9030853575e-01
2.9062939665e-01
2.9097313132e-01
2.9131530689e-01
2.9165579311e-01
2.9199446701e-01
2.9237021514e-01
2.9274341167e-01
2.9311391821e-01
2.9348160760e-01
2.9395845928e-01
2.9443005245e-01
2.9489618291e-01
2.9535667392e-01
2.9588079254e-01
2.9639701014e-01
2.9690517119e-01
2.9740515426e-01
2.9795080697e-01
2.9848617332e-01
2.9901120322e-01
2.9952587776e-01
3.0003819539e-01
3.0053986478e-01
3.0103093944e-01
3.0151149062e-01
3.0202799374e-01
3.0253200300e-01
3.0302366536e-01
3.0350313991e-01
3.0403885145e-01
3.0455898637e-01
3.0506382212e-01
3.0555364317e-01
3.0612127109e-01
3.0666825420e-01
3.0719509731e-01
3.0770230452e-01
3.0832026042e-01
3.0890823987e-01
3.0946724804e-01
3.0999827090e-01
3.1067252827e-01
3.1129983821e-01
3.1188243376e-01
3.1242247111e-01
3.1299977531e-01
3.1352546839e-01
3.1400256187e-01
3.1443393674e-01
3.1480132001e-01
3.1513269996e-01
3.1543017887e-01
3.1569575433e-01
3.1591603940e-01
3.1611173424e-01
3.1628418354e-01
3.1643463419e-01
3.1656277606e-01
3.1667155944e-01
3.1676186311e-01
3.1683444393e-01
3.1689317582e-01
3.1693294133e-01
3.1695415301e-01
3.1695703394e-01
3.1694284379e-01
3.1691203597e-01
3.1686432064e-01
3.1679925646e-01
3.1671683643e-01
3.1661599001e-01
3.1649587299e-01
3.1635551892e-01
3.1616192715e-01
3.1593653392e-01
3.1567716774e-01
3.1538147905e-01
3.1506590698e-01
3.1471328686e-01
3.1432123614e-01
3.1388725376e-01
3.1348367308e-01
3.1304626871e-01
3.1257330530e-01
3.1206298358e-01
3.1163576046e-01
3.1118352663e-01
3.1070533094e-01
3.1020019678e-01
3.0976731531e-01
3.0931526999e-01
3.0884349323e-01
3.0835140738e-01
3.0791774845e-01
3.0746869904e-01
3.0700389296e-01
3.0652296139e-01
3.0609027312e-01
3.0564480381e-01
3.0518630890e-01
3.0471454577e-01
3.0428084067e-01
3.0383614571e-01
3.0338029683e-01
3.0291313558e-01
3.0246783473e-01
3.0201247888e-01
3.0154696098e-01
3.0107118398e-01
3.0058842420e-01
3.0009539143e-01
2.9959203257e-01
2.9907831388e-01
2.9861335971e-01
2.9814023365e-01
2.9765896392e-01
2.9716960006e-01
2.9673075737e-01
2.9628572693e-01
2.9583459522e-01
2.9537746888e-01
2.9501118114e-01
2.9464128645e-01
2.9426786955e-01
2.9389102589e-01
2.9355708793e-01
2.9322066554e-01
2.9288184623e-01
2.9254072512e-01
2.9222303155e-01
2.9190354201e-01
2.9158235027e-01
2.9125955604e-01
2.9094064592e-01
2.9062039414e-01
2.9029891201e-01
2.8997631592e-01
2.8966302815e-01
2.8934892366e-01
2.8903411982e-01
2.8871873695e-01
2.8843999624e-01
2.8816098566e-01
2.8788179145e-01
2.8760250014e-01
2.8735182178e-01
2.8710119689e-01
2.8685068688e-01
2.8660035221e-01
2.8635186150e-01
2.8610365904e-01
2.8585579978e-01
2.8560833674e-01
2.8534447575e-01
2.8508118401e-01
2.8481851731e-01
2.8455652796e-01
2.8432032983e-01
2.8408475850e-01
2.8384984496e-01
2.8361561775e-01
2.8335008438e-01
2.8308550739e-01
2.8282191785e-01
2.8255934330e-01
2.8224727498e-01
2.8193672267e-01
2.8162771625e-01
2.8132028068e-01
2.8105692464e-01
2.8079475860e-01
2.8053379161e-01
2.8027403117e-01
2.7998967698e-01
2.7970679680e-01
2.7942539572e-01
2.7914547767e-01
2.7876051562e-01
2.7837840500e-01
2.7799914878e-01
2.7762274817e-01
2.7708428507e-01
2.7655177183e-01
2.7602520219e-01
2.7550456812e-01
2.7505247245e-01
2.7460493607e-01
2.7416195219e-01
2.7372351388e-01
2.7321624620e-01
2.7271518153e-01
2.7222030866e-01
2.7173161647e-01
2.7111476643e-01
2.7050801264e-01
2.6991133254e-01
2.6932470395e-01
2.6849658155e-01
2.6768924320e-01
2.6690262642e-01
2.6613667032e-01
2.6484989139e-01
2.6362549121e-01
2.6246318139e-01
2.6136268819e-01
2.5913498317e-01
2.5720933745e-01
2.5558350630e-01
2.5425559451e-01
2.5322296105e-01
2.5248622645e-01
2.5204452977e-01
2.5189735485e-01
