2.8793703583e-01
2.8793881179e-01
2.8794413956e-01
2.8795301876e-01
2.8796544872e-01
2.8797805705e-01
2.8799297267e-01
2.8801019450e-01
2.8802972107e-01
2.8804691377e-01
2.8806556487e-01
2.8808567281e-01
2.8810723564e-01
2.8812759081e-01
2.8814908817e-01
2.8817172526e-01
2.8819549912e-01
2.8822046789e-01
2.8824657118e-01
2.8827380394e-01
2.8830216020e-01
2.8833076886e-01
2.8836042304e-01
2.8839111389e-01
2.8842283111e-01
2.8845345644e-01
2.8848496039e-01
2.8851733019e-01
2.8855055138e-01
2.8858190703e-01
2.8861395767e-01
2.8864668748e-01
2.8868007901e-01
2.8871569754e-01
2.8875199527e-01
2.8878894596e-01
2.8882652115e-01
2.8886441527e-01
2.8890286224e-01
2.8894182744e-01
2.8898127404e-01
2.8902028496e-01
2.8905968076e-01
2.8909942131e-01
2.8913946476e-01
2.8918432728e-01
2.8922944933e-01
2.8927476727e-01
2.8932021583e-01
2.8937081626e-01
2.8942140287e-01
2.8947188172e-01
2.8952215833e-01
2.8957543000e-01
2.8962825020e-01
2.8968050596e-01
2.8973208594e-01
2.8978369268e-01
2.8983437699e-01
2.8988403012e-01
2.8993254678e-01
2.8998265972e-01
2.9003126327e-01
2.9007824656e-01
2.9012350425e-01
2.9017265478e-01
2.9021931743e-01
2.9026336517e-01
2.9030468062e-01
2.9034956467e-01
2.9039037506e-01
2.9042697196e-01
2.9045923312e-01
2.9049290097e-01
2.9051965108e-01
2.9053935972e-01
2.9055194057e-01
2.9055718819e-01
2.9055628427e-01
2.9054924410e-01
2.9053610969e-01
2.9052037719e-01
2.9050042996e-01
2.9047633804e-01
2.9044818568e-01
2.9042029096e-01
2.9038943655e-01
2.9035570662e-01
2.9031919422e-01
2.9028446844e-01
2.9024770057e-01
2.9020897421e-01
2.9016837865e-01
2.9012849011e-01
2.9008710955e-01
2.9004432549e-01
2.9000023071e-01
2.8995251456e-01
2.8990357161e-01
2.8985352394e-01
2.8980249775e-01
2.8975603895e-01
2.8970899396e-01
2.8966146004e-01
2.8961353566e-01
2.8957110305e-01
2.8952851283e-01
2.8948583290e-01
2.8944313086e-01
2.8940395120e-01
2.8936486061e-01
2.8932590947e-01
2.8928714711e-01
2.8924752787e-01
2.8920821010e-01
2.8916924288e-01
2.8913067340e-01
2.8909325075e-01
2.8905629527e-01
2.8901984539e-01
2.8898393735e-01
2.8895018124e-01
2.8891697797e-01
2.8888435331e-01
2.8885233109e-01
2.8881955405e-01
2.8878748110e-01
2.8875613315e-01
2.8872552915e-01
2.8868837417e-01
2.8865243578e-01
2.8861773956e-01
2.8858430754e-01
2.8855402649e-01
2.8852489451e-01
2.8849692313e-01
2.8847012217e-01
2.8844505741e-01
2.8842112607e-01
2.8839833375e-01
2.8837668513e-01
2.8835235535e-01
2.8832966506e-01
2.8830861873e-01
2.8828921995e-01
2.8825867554e-01
2.8823340938e-01
2.8821342950e-01
2.8819874100e-01
2.8818943942e-01
2.8818529084e-01
2.8818629598e-01
2.8819245466e-01
2.8819980414e-01
2.8820966169e-01
2.8822202631e-01
2.8823689660e-01
2.8825002993e-01
2.8826464171e-01
2.8828073054e-01
2.8829829469e-01
2.8831505139e-01
2.8833295791e-01
2.8835201205e-01
2.8837221116e-01
2.8839322797e-01
2.8841534947e-01
2.8843857140e-01
2.8846288870e-01
2.8848834623e-01
2.8851489040e-01
2.8854251289e-01
2.8857120404e-01
2.8859829596e-01
2.8862625778e-01
2.8865507829e-01
2.8868474478e-01
2.8871282727e-01
2.8874160377e-01
2.8877106030e-01
2.8880118138e-01
2.8883317688e-01
2.8886585099e-01
2.8889918066e-01
2.8893314081e-01
2.8896840006e-01
2.8900425571e-01
2.8904067424e-01
2.8907761981e-01
2.8911369714e-01
2.8915019267e-01
2.8918706843e-01
2.8922428473e-01
2.8926782111e-01
2.8931169286e-01
2.8935583051e-01
2.8940016251e-01
2.8944702158e-01
2.8949392742e-01
2.8954079117e-01
2.8958752312e-01
2.8963924121e-01
2.8969056087e-01
2.8974135903e-01
2.8979151411e-01
2.8984038421e-01
2.8988839446e-01
2.8993543444e-01
2.8998139702e-01
2.9002862123e-01
2.9007441312e-01
2.9011866077e-01
2.9016125755e-01
2.9020730755e-01
2.9025098007e-01
2.9029214677e-01
2.9033068862e-01
2.9037284800e-01
2.9041099475e-01
2.9044498064e-01
2.9047467516e-01
2.9050576093e-01
2.9052969195e-01
2.9054632299e-01
2.9055554965e-01
2.9055746430e-01
2.9055325887e-01
2.9054294018e-01
2.9052654148e-01
2.9050788771e-01
2.9048494479e-01
2.9045777881e-01
2.9042647031e-01
2.9039603455e-01
2.9036262528e-01
2.9032632243e-01
2.9028721471e-01
2.9025013603e-01
2.9021098835e-01
2.9016985213e-01
2.9012681347e-01
2.9008467328e-01
2.9004101183e-01
2.8999591446e-01
2.8994947075e-01
2.8989211716e-01
2.8983313077e-01
2.8977268844e-01
2.8971097400e-01
2.8966297208e-01
2.8961442285e-01
2.8956541508e-01
2.8951603869e-01
2.8946973024e-01
2.8942325377e-01
2.8937668304e-01
2.8933009141e-01
2.8928966072e-01
2.8924931614e-01
2.8920910394e-01
2.8916906944e-01
2.8912733939e-01
2.8908590280e-01
2.8904480752e-01
2.8900409955e-01
2.8896426899e-01
2.8892490078e-01
2.8888603334e-01
2.8884770288e-01
2.8881217542e-01
2.8877717939e-01
2.8874273943e-01
2.8870887842e-01
2.8867322259e-01
2.8863828120e-01
2.8860407604e-01
2.8857062681e-01
2.8852783959e-01
2.8848642442e-01
2.8844641190e-01
2.8840782811e-01
2.8837587086e-01
2.8834499417e-01
2.8831520827e-01
2.8828652194e-01
2.8825844272e-01
2.8823151851e-01
2.8820575497e-01
2.8818115681e-01
2.8815253691e-01
2.8812568803e-01
2.8810061501e-01
2.8807732166e-01
2.8804544939e-01
2.8801767096e-01
2.8799399185e-01
2.8797441579e-01
2.8795911464e-01
2.8794781786e-01
2.8794052647e-01
2.8793724106e-01
2.8793776157e-01
2.8794168755e-01
2.8794901874e-01
2.8795975463e-01
2.8797145893e-01
2.8798558509e-01
2.8800213211e-01
2.8802109861e-01
2.8803788357e-01
2.8805619215e-01
2.8807602284e-01
2.8809737376e-01
2.8811736059e-01
2.8813851442e-01
2.8816083291e-01
2.8818431329e-01
2.8820858630e-01
2.8823398064e-01
2.8826049177e-01
2.8828811427e-01
2.8831648244e-01
2.8834592144e-01
2.8837642281e-01
2.8840797665e-01
2.8843835474e-01
2.8846962829e-01
2.8850178507e-01
2.8853481118e-01
2.8856611759e-01
2.8859814032e-01
2.8863086388e-01
2.8866427114e-01
2.8869906230e-01
2.8873452433e-01
2.8877063312e-01
2.8880736248e-01
2.8884528401e-01
2.8888378471e-01
2.8892283019e-01
2.8896238379e-01
2.8900117098e-01
2.8904036159e-01
2.8907991638e-01
2.8911979442e-01
2.8916398617e-01
2.8920845883e-01
2.8925315182e-01
2.8929800286e-01
2.8934816185e-01
2.8939834833e-01
2.8944847104e-01
2.8949843802e-01
2.8955155542e-01
2.8960427723e-01
2.8965649196e-01
2.8970808944e-01
2.8976011802e-01
2.8981127395e-01
2.8986144678e-01
2.8991052939e-01
2.8996065905e-01
2.9000936477e-01
2.9005653725e-01
2.9010207241e-01
2.9015135442e-01
2.9019829359e-01
2.9024276548e-01
2.9028465462e-01
2.9033035089e-01
2.9037219212e-01
2.9041003884e-01
2.9044376795e-01
2.9047974308e-01
2.9050904141e-01
2.9053152863e-01
2.9054710621e-01
2.9055553422e-01
2.9055742621e-01
2.9055278593e-01
2.9054164726e-01
2.9052751876e-01
2.9050901349e-01
2.9048619887e-01
2.9045915731e-01
2.9043218997e-01
2.9040215419e-01
2.9036913365e-01
2.9033322136e-01
2.9029900296e-01
2.9026266454e-01
2.9022429004e-01
2.9018396936e-01
2.9014456828e-01
2.9010363073e-01
2.9006124440e-01
2.9001750133e-01
2.8997060445e-01
2.8992245382e-01
2.8987316734e-01
2.8982286706e-01
2.8977555345e-01
2.8972758222e-01
2.8967905729e-01
2.8963008414e-01
2.8958725859e-01
2.8954424544e-01
2.8950111498e-01
2.8945793722e-01
2.8941841522e-01
2.8937896462e-01
2.8933963739e-01
2.8930048447e-01
2.8926100369e-01
2.8922180396e-01
2.8918293413e-01
2.8914444126e-01
2.8910651373e-01
2.8906904755e-01
2.8903208302e-01
2.8899565817e-01
2.8896170942e-01
2.8892830455e-01
2.8889546995e-01
2.8886323015e-01
2.8883040059e-01
2.8879826032e-01
2.8876683059e-01
2.8873613069e-01
2.8869573302e-01
2.8865674497e-01
2.8861919943e-01
2.8858312445e-01
2.8855110892e-01
2.8852038587e-01
2.8849096877e-01
2.8846286896e-01
2.8843798308e-01
2.8841424585e-01
2.8839166266e-01
2.8837023805e-01
2.8834631684e-01
2.8832403847e-01
2.8830340719e-01
2.8828442637e-01
2.8824979365e-01
2.8822254314e-01
2.8820268601e-01
2.8819022872e-01
2.8818551961e-01
2.8818587318e-01
2.8819128938e-01
2.8820176728e-01
2.8821092249e-01
2.8822206792e-01
2.8823520257e-01
2.8825032513e-01
2.8826428055e-01
2.8827958367e-01
2.8829623297e-01
2.8831422661e-01
2.8833168640e-01
2.8835024562e-01
2.8836990186e-01
2.8839065219e-01
2.8841267804e-01
2.8843580843e-01
2.8846003837e-01
2.8848536197e-01
2.8851173741e-01
2.8853918869e-01
2.8856770637e-01
2.8859727942e-01
2.8862447517e-01
2.8865248645e-01
2.8868130160e-01
2.8871090752e-01
2.8873921521e-01
2.8876818449e-01
2.8879780068e-01
2.8882804762e-01
2.8886107454e-01
2.8889477900e-01
2.8892913516e-01
2.8896411493e-01
2.8899983293e-01
2.8903611593e-01
2.8907292856e-01
2.8911023318e-01
2.8914636616e-01
2.8918287666e-01
2.8921972618e-01
2.8925687467e-01
2.8930218293e-01
2.8934779197e-01
2.8939362303e-01
2.8943959521e-01
2.8948665362e-01
2.8953368359e-01
2.8958059463e-01
2.8962729579e-01
2.8968013888e-01
2.8973245751e-01
2.8978411936e-01
2.8983499422e-01
2.8988263760e-01
2.8992934259e-01
2.8997500475e-01
2.9001952308e-01
2.9006640866e-01
2.9011171476e-01
2.9015532805e-01
2.9019714101e-01
2.9024256351e-01
2.9028536390e-01
2.9032541101e-01
2.9036258407e-01
2.9040296116e-01
2.9043893607e-01
2.9047036122e-01
2.9049710886e-01
2.9052344076e-01
2.9054236781e-01
2.9055377045e-01
2.9055757108e-01
2.9055476603e-01
2.9054638242e-01
2.9053244337e-01
2.9051299409e-01
2.9049157439e-01
2.9046606948e-01
2.9043655164e-01
2.9040310669e-01
2.9037137249e-01
2.9033689435e-01
2.9029975111e-01
2.9026002949e-01
2.9022220736e-01
2.9018245313e-01
2.9014084629e-01
2.9009747158e-01
2.9005437052e-01
2.9000981478e-01
2.8996389199e-01
2.8991669392e-01
2.8985397067e-01
2.8978949403e-01
2.8972348944e-01
2.8965619076e-01
2.8960954305e-01
2.8956248131e-01
2.8951508506e-01
2.8946743442e-01
2.8942219569e-01
2.8937686925e-01
2.8933152276e-01
2.8928622323e-01
2.8924569831e-01
2.8920531116e-01
2.8916510766e-01
2.8912513259e-01
2.8908395180e-01
2.8904311058e-01
2.8900265406e-01
2.8896262543e-01
2.8892388621e-01
2.8888563323e-01
2.8884790100e-01
2.8881072193e-01
2.8877536336e-01
2.8874057454e-01
2.8870637900e-01
2.8867279848e-01
2.8863587538e-01
2.8859977737e-01
2.8856452753e-01
2.8853014653e-01
2.8849086800e-01
2.8845284148e-01
2.8841608952e-01
2.8838063146e-01
2.8835039450e-01
2.8832119000e-01
2.8829302632e-01
2.8826591057e-01
2.8823807840e-01
2.8821145797e-01
2.8818605457e-01
2.8816187258e-01
2.8813371643e-01
2.8810743196e-01
2.8808302360e-01
2.8806049484e-01
2.8803159840e-01
2.8800654312e-01
2.8798533316e-01
2.8796797139e-01
2.8795443794e-01
2.8794477040e-01
2.8793896958e-01
2.8793703593e-01
