3.0989411947e-01
3.0989418903e-01
3.0989439769e-01
3.0989474537e-01
3.0989523191e-01
3.0989583177e-01
3.0989656009e-01
3.0989741660e-01
3.0989840097e-01
3.0989948492e-01
3.0990068998e-01
3.0990201571e-01
3.0990346164e-01
3.0990500107e-01
3.0990665580e-01
3.0990842527e-01
3.0991030884e-01
3.0991228735e-01
3.0991437660e-01
3.0991657585e-01
3.0991888437e-01
3.0992129901e-01
3.0992382108e-01
3.0992644970e-01
3.0992918398e-01
3.0993205072e-01
3.0993502318e-01
3.0993810032e-01
3.0994128107e-01
3.0994465116e-01
3.0994812789e-01
3.0995170999e-01
3.0995539612e-01
3.0995945181e-01
3.0996362320e-01
3.0996790853e-01
3.0997230599e-01
3.0997734818e-01
3.0998252527e-01
3.0998783454e-01
3.0999327317e-01
3.0999818937e-01
3.1000320251e-01
3.1000831052e-01
3.1001351128e-01
3.1001847720e-01
3.1002352119e-01
3.1002864143e-01
3.1003383605e-01
3.1003897144e-01
3.1004417399e-01
3.1004944190e-01
3.1005477335e-01
3.1006012286e-01
3.1006553126e-01
3.1007099674e-01
3.1007651744e-01
3.1008212557e-01
3.1008778578e-01
3.1009349616e-01
3.1009925474e-01
3.1010520820e-01
3.1011120817e-01
3.1011725250e-01
3.1012333903e-01
3.1012957496e-01
3.1013585005e-01
3.1014216202e-01
3.1014850853e-01
3.1015497167e-01
3.1016146547e-01
3.1016798748e-01
3.1017453527e-01
3.1018139886e-01
3.1018828511e-01
3.1019519123e-01
3.1020211443e-01
3.1020921380e-01
3.1021632515e-01
3.1022344548e-01
3.1023057181e-01
3.1023759512e-01
3.1024461851e-01
3.1025163917e-01
3.1025865426e-01
3.1026570858e-01
3.1027275154e-01
3.1027978032e-01
3.1028679206e-01
3.1029397046e-01
3.1030112492e-01
3.1030825243e-01
3.1031535000e-01
3.1032276351e-01
3.1033013739e-01
3.1033746826e-01
3.1034475281e-01
3.1035269715e-01
3.1036057727e-01
3.1036838890e-01
3.1037612782e-01
3.1038434825e-01
3.1039247506e-01
3.1040050324e-01
3.1040842790e-01
3.1041564749e-01
3.1042277101e-01
3.1042979480e-01
3.1043671525e-01
3.1044330325e-01
3.1044978826e-01
3.1045616723e-01
3.1046243714e-01
3.1046854462e-01
3.1047453913e-01
3.1048041793e-01
3.1048617833e-01
3.1049183969e-01
3.1049737649e-01
3.1050278621e-01
3.1050806639e-01
3.1051327676e-01
3.1051834956e-01
3.1052328245e-01
3.1052807317e-01
3.1053280531e-01
3.1053738538e-01
3.1054181122e-01
3.1054608075e-01
3.1055029078e-01
3.1055433257e-01
3.1055820413e-01
3.1056190358e-01
3.1056553271e-01
3.1056897540e-01
3.1057222989e-01
3.1057529450e-01
3.1057826897e-01
3.1058103612e-01
3.1058359444e-01
3.1058594254e-01
3.1058817296e-01
3.1059017049e-01
3.1059193395e-01
3.1059346228e-01
3.1059484691e-01
3.1059595565e-01
3.1059678772e-01
3.1059734254e-01
3.1059761569e-01
3.1059762660e-01
3.1059737524e-01
3.1059686179e-01
3.1059613520e-01
3.1059517482e-01
3.1059398121e-01
3.1059255508e-01
3.1059096945e-01
3.1058917151e-01
3.1058716222e-01
3.1058494268e-01
3.1058259822e-01
3.1058005957e-01
3.1057732801e-01
3.1057440493e-01
3.1057138157e-01
3.1056818013e-01
3.1056480215e-01
3.1056124927e-01
3.1055761132e-01
3.1055380979e-01
3.1054984645e-01
3.1054572316e-01
3.1054152018e-01
3.1053716670e-01
3.1053266469e-01
3.1052801619e-01
3.1052328154e-01
3.1051840808e-01
3.1051339798e-01
3.1050825350e-01
3.1050299910e-01
3.1049761608e-01
3.1049210687e-01
3.1048647396e-01
3.1048067446e-01
3.1047475459e-01
3.1046871709e-01
3.1046256477e-01
3.1045609360e-01
3.1044950628e-01
3.1044280611e-01
3.1043599648e-01
3.1042803393e-01
3.1041993650e-01
3.1041170967e-01
3.1040335902e-01
3.1039602233e-01
3.1038860060e-01
3.1038109768e-01
3.1037351745e-01
3.1036646609e-01
3.1035935556e-01
3.1035218903e-01
3.1034496972e-01
3.1033802447e-01
3.1033103685e-01
3.1032400974e-01
3.1031694605e-01
3.1031003560e-01
3.1030309600e-01
3.1029613002e-01
3.1028914042e-01
3.1028219563e-01
3.1027523315e-01
3.1026825574e-01
3.1026126617e-01
3.1025413465e-01
3.1024699634e-01
3.1023985421e-01
3.1023271122e-01
3.1022570776e-01
3.1021870917e-01
3.1021171828e-01
3.1020473794e-01
3.1019808911e-01
3.1019145493e-01
3.1018483787e-01
3.1017824039e-01
3.1017175575e-01
3.1016529492e-01
3.1015886024e-01
3.1015245408e-01
3.1014615617e-01
3.1013989063e-01
3.1013365971e-01
3.1012746564e-01
3.1012148896e-01
3.1011555116e-01
3.1010965426e-01
3.1010380029e-01
3.1009804238e-01
3.1009233053e-01
3.1008666667e-01
3.1008105269e-01
3.1007546162e-01
3.1006992478e-01
3.1006444407e-01
3.1005902134e-01
3.1005353829e-01
3.1004811978e-01
3.1004276775e-01
3.1003748413e-01
3.1003197012e-01
3.1002653703e-01
3.1002118705e-01
3.1001592233e-01
3.1000984144e-01
3.1000388484e-01
3.0999805585e-01
3.0999235773e-01
3.0998749243e-01
3.0998273138e-01
3.0997807659e-01
3.0997353003e-01
3.0996936412e-01
3.0996529677e-01
3.0996132950e-01
3.0995746380e-01
3.0995380447e-01
3.0995024379e-01
3.0994678302e-01
3.0994342339e-01
3.0994020310e-01
3.0993708389e-01
3.0993406684e-01
3.0993115299e-01
3.0992834512e-01
3.0992564229e-01
3.0992304543e-01
3.0992055543e-01
3.0991815460e-01
3.0991586406e-01
3.0991368459e-01
3.0991161696e-01
3.0990963223e-01
3.0990776433e-01
3.0990601392e-01
3.0990438163e-01
3.0990283319e-01
3.0990140981e-01
3.0990011204e-01
3.0989894035e-01
3.0989785689e-01
3.0989691050e-01
3.0989610155e-01
3.0989543038e-01
3.0989482929e-01
3.0989441102e-01
3.0989417579e-01
3.0989412373e-01
3.0989422726e-01
3.0989446907e-01
3.0989484906e-01
3.0989536709e-01
3.0989599728e-01
3.0989675544e-01
3.0989764127e-01
3.0989865444e-01
3.0989976663e-01
3.0990099954e-01
3.0990235273e-01
3.0990382571e-01
3.0990539204e-01
3.0990707338e-01
3.0990886912e-01
3.0991077866e-01
3.0991278350e-01
3.0991489885e-01
3.0991712396e-01
3.0991945809e-01
3.0992189942e-01
3.0992444803e-01
3.0992710305e-01
3.0992986354e-01
3.0993275886e-01
3.0993575987e-01
3.0993886552e-01
3.0994207473e-01
3.0994547873e-01
3.0994898959e-01
3.0995260600e-01
3.0995632663e-01
3.0996042124e-01
3.0996463182e-01
3.0996895658e-01
3.0997339366e-01
3.0997850204e-01
3.0998374664e-01
3.0998912464e-01
3.0999463317e-01
3.0999950590e-01
3.1000447231e-01
3.1000953042e-01
3.1001467817e-01
3.1001964610e-01
3.1002469117e-01
3.1002981156e-01
3.1003500541e-01
3.1004014831e-01
3.1004535775e-01
3.1005063195e-01
3.1005596909e-01
3.1006132869e-01
3.1006674670e-01
3.1007222131e-01
3.1007775066e-01
3.1008337098e-01
3.1008904297e-01
3.1009476470e-01
3.1010053421e-01
3.1010650116e-01
3.1011251421e-01
3.1011857119e-01
3.1012466996e-01
3.1013092752e-01
3.1013722392e-01
3.1014355683e-01
3.1014992392e-01
3.1015639360e-01
3.1016289340e-01
3.1016942088e-01
3.1017597359e-01
3.1018284984e-01
3.1018974822e-01
3.1019666592e-01
3.1020360015e-01
3.1021073951e-01
3.1021789032e-01
3.1022504954e-01
3.1023221414e-01
3.1023922256e-01
3.1024623042e-01
3.1025323489e-01
3.1026023319e-01
3.1026728719e-01
3.1027432918e-01
3.1028135634e-01
3.1028836583e-01
3.1029554871e-01
3.1030270693e-01
3.1030983746e-01
3.1031693731e-01
3.1032435980e-01
3.1033174175e-01
3.1033907976e-01
3.1034637048e-01
3.1035432308e-01
3.1036221024e-01
3.1037002766e-01
3.1037777109e-01
3.1038609714e-01
3.1039432559e-01
3.1040245124e-01
3.1041046896e-01
3.1041760940e-01
3.1042465419e-01
3.1043159974e-01
3.1043844257e-01
3.1044499381e-01
3.1045144160e-01
3.1045778289e-01
3.1046401471e-01
3.1047009273e-01
3.1047605710e-01
3.1048190509e-01
3.1048763403e-01
3.1049326729e-01
3.1049877517e-01
3.1050415518e-01
3.1050940488e-01
3.1051458606e-01
3.1051962876e-01
3.1052453065e-01
3.1052928948e-01
3.1053398996e-01
3.1053853737e-01
3.1054292954e-01
3.1054716441e-01
3.1055133926e-01
3.1055534474e-01
3.1055917889e-01
3.1056283983e-01
3.1056642923e-01
3.1056983094e-01
3.1057304323e-01
3.1057606443e-01
3.1057899381e-01
3.1058171444e-01
3.1058422482e-01
3.1058652357e-01
3.1058870398e-01
3.1059064931e-01
3.1059235839e-01
3.1059383019e-01
3.1059514391e-01
3.1059618283e-01
3.1059694624e-01
3.1059743360e-01
3.1059764256e-01
3.1059758951e-01
3.1059727450e-01
3.1059669772e-01
3.1059591413e-01
3.1059489844e-01
3.1059365124e-01
3.1059217326e-01
3.1059053789e-01
3.1058869147e-01
3.1058663496e-01
3.1058436949e-01
3.1058198097e-01
3.1057939937e-01
3.1057662597e-01
3.1057366218e-01
3.1057059947e-01
3.1056735967e-01
3.1056394436e-01
3.1056035516e-01
3.1055668172e-01
3.1055284563e-01
3.1054884865e-01
3.1054469265e-01
3.1054045711e-01
3.1053607189e-01
3.1053153899e-01
3.1052686045e-01
3.1052209495e-01
3.1051719137e-01
3.1051215190e-01
3.1050697882e-01
3.1050169332e-01
3.1049627983e-01
3.1049074078e-01
3.1048507867e-01
3.1047924281e-01
3.1047328696e-01
3.1046721389e-01
3.1046102644e-01
3.1045447288e-01
3.1044780206e-01
3.1044101740e-01
3.1043412237e-01
3.1042623895e-01
3.1041822554e-01
3.1041008741e-01
3.1040182994e-01
3.1039450136e-01
3.1038708913e-01
3.1037959706e-01
3.1037202900e-01
3.1036497941e-01
3.1035787154e-01
3.1035070857e-01
3.1034349369e-01
3.1033654765e-01
3.1032955994e-01
3.1032253345e-01
3.1031547109e-01
3.1030855649e-01
3.1030161334e-01
3.1029464442e-01
3.1028765250e-01
3.1028069350e-01
3.1027371735e-01
3.1026672683e-01
3.1025972472e-01
3.1025260826e-01
3.1024548567e-01
3.1023835989e-01
3.1023123389e-01
3.1022424395e-01
3.1021725945e-01
3.1021028322e-01
3.1020331807e-01
3.1019667505e-01
3.1019004718e-01
3.1018343694e-01
3.1017684680e-01
3.1017037196e-01
3.1016392140e-01
3.1015749747e-01
3.1015110250e-01
3.1014481810e-01
3.1013856648e-01
3.1013234988e-01
3.1012617054e-01
3.1012020420e-01
3.1011427715e-01
3.1010839142e-01
3.1010254901e-01
3.1009679890e-01
3.1009109531e-01
3.1008544014e-01
3.1007983532e-01
3.1007424896e-01
3.1006871739e-01
3.1006324248e-01
3.1005782613e-01
3.1005233853e-01
3.1004691635e-01
3.1004156153e-01
3.1003627601e-01
3.1003066202e-01
3.1002513303e-01
3.1001969135e-01
3.1001433926e-01
3.1000820733e-01
3.1000220409e-01
3.0999633297e-01
3.0999059736e-01
3.0998580526e-01
3.0998111655e-01
3.0997653317e-01
3.0997205706e-01
3.0996793837e-01
3.0996391814e-01
3.0995999789e-01
3.0995617906e-01
3.0995255897e-01
3.0994903770e-01
3.0994561648e-01
3.0994229652e-01
3.0993911223e-01
3.0993602932e-01
3.0993304887e-01
3.0993017189e-01
3.0992739896e-01
3.0992473149e-01
3.0992217040e-01
3.0991971657e-01
3.0991735102e-01
3.0991509628e-01
3.0991295314e-01
3.0991092235e-01
3.0990897425e-01
3.0990714364e-01
3.0990543118e-01
3.0990383748e-01
3.0990232797e-01
3.0990094437e-01
3.0989968722e-01
3.0989855699e-01
3.0989751868e-01
3.0989661795e-01
3.0989585517e-01
3.0989523066e-01
3.0989474466e-01
3.0989439738e-01
3.0989418895e-01
3.0989411947e-01
