2.5231823312e-01
2.5249914217e-01
2.5304212864e-01
2.5394797117e-01
2.5521796882e-01
2.5604826813e-01
2.5698382080e-01
2.5802501141e-01
2.5917226797e-01
2.5995956200e-01
2.6079032094e-01
2.6166468368e-01
2.6258279642e-01
2.6326364346e-01
2.6396683062e-01
2.6469241759e-01
2.6544046592e-01
2.6602618765e-01
2.6662504330e-01
2.6723706246e-01
2.6786227532e-01
2.6836335377e-01
2.6887262991e-01
2.6939011931e-01
2.6991583777e-01
2.7036002844e-01
2.7080994901e-01
2.7126560901e-01
2.7172701806e-01
2.7213310934e-01
2.7254356552e-01
2.7295839316e-01
2.7337759882e-01
2.7377656116e-01
2.7417942097e-01
2.7458618378e-01
2.7499685508e-01
2.7537631748e-01
2.7575906540e-01
2.7614510272e-01
2.7653443312e-01
2.7686339023e-01
2.7719466620e-01
2.7752826244e-01
2.7786417993e-01
2.7813097358e-01
2.7839921371e-01
2.7866889989e-01
2.7894003125e-01
2.7918497588e-01
2.7943108564e-01
2.7967835860e-01
2.7992679225e-01
2.8018225300e-01
2.8043892190e-01
2.8069679358e-01
2.8095586145e-01
2.8120406520e-01
2.8145334157e-01
2.8170368068e-01
2.8195507089e-01
2.8219198911e-01
2.8242980853e-01
2.8266851426e-01
2.8290808938e-01
2.8312771964e-01
2.8334804337e-01
2.8356904252e-01
2.8379069720e-01
2.8405393328e-01
2.8431801782e-01
2.8458290718e-01
2.8484855373e-01
2.8508074217e-01
2.8531343047e-01
2.8554657986e-01
2.8578014951e-01
2.8602111406e-01
2.8626243024e-01
2.8650404739e-01
2.8674591322e-01
2.8701588800e-01
2.8728602885e-01
2.8755625799e-01
2.8782649657e-01
2.8815321816e-01
2.8847969621e-01
2.8880579023e-01
2.8913136107e-01
2.8944106447e-01
2.8975005205e-01
2.9005821073e-01
2.9036543082e-01
2.9068346155e-01
2.9100025115e-01
2.9131569060e-01
2.9162967616e-01
2.9197368899e-01
2.9231569525e-01
2.9265557924e-01
2.9299323328e-01
2.9339494248e-01
2.9379314656e-01
2.9418770356e-01
2.9457848625e-01
2.9506471564e-01
2.9554459377e-01
2.9601795505e-01
2.9648466192e-01
2.9706386584e-01
2.9763212675e-01
2.9818932277e-01
2.9873537680e-01
2.9923795721e-01
2.9973067435e-01
3.0021354546e-01
3.0068660700e-01
3.0117543590e-01
3.0165347014e-01
3.0212080312e-01
3.0257754032e-01
3.0307766416e-01
3.0356476314e-01
3.0403902276e-01
3.0450063640e-01
3.0502253381e-01
3.0552787389e-01
3.0601698353e-01
3.0649019235e-01
3.0704371901e-01
3.0757489204e-01
3.0808429563e-01
3.0857250675e-01
3.0916796027e-01
3.0973072469e-01
3.1026193676e-01
3.1076269910e-01
3.1137018237e-01
3.1193021268e-01
3.1244493428e-01
3.1291638108e-01
3.1338510891e-01
3.1380664781e-01
3.1418319652e-01
3.1451678409e-01
3.1481618956e-01
3.1507417434e-01
3.1529233875e-01
3.1547207195e-01
3.1561612932e-01
3.1572295109e-01
3.1579327713e-01
3.1582760032e-01
3.1582521554e-01
3.1578360534e-01
3.1570244799e-01
3.1558112142e-01
3.1543055383e-01
3.1524309771e-01
3.1501755885e-01
3.1475253412e-01
3.1446709229e-01
3.1414413346e-01
3.1378203615e-01
3.1337903625e-01
3.1300976592e-01
3.1260946228e-01
3.1217687836e-01
3.1171070263e-01
3.1131042999e-01
3.1088679049e-01
3.1043901280e-01
3.0996629996e-01
3.0955579916e-01
3.0912719262e-01
3.0867999164e-01
3.0821369730e-01
3.0780058488e-01
3.0737289744e-01
3.0693031115e-01
3.0647249927e-01
3.0605944064e-01
3.0563426841e-01
3.0519676263e-01
3.0474670463e-01
3.0433277630e-01
3.0390845213e-01
3.0347358257e-01
3.0302802252e-01
3.0260667443e-01
3.0217597406e-01
3.0173582325e-01
3.0128613162e-01
3.0082363205e-01
3.0035130640e-01
2.9986909679e-01
2.9937696126e-01
2.9892786421e-01
2.9847078796e-01
2.9800574641e-01
2.9753277172e-01
2.9709820664e-01
2.9665725014e-01
2.9620997492e-01
2.9575647289e-01
2.9539099630e-01
2.9502171050e-01
2.9464869300e-01
2.9427203202e-01
2.9394458220e-01
2.9361457100e-01
2.9328207623e-01
2.9294718289e-01
2.9263977533e-01
2.9233052564e-01
2.9201951494e-01
2.9170682983e-01
2.9140463314e-01
2.9110105985e-01
2.9079620139e-01
2.9049015374e-01
2.9016688274e-01
2.8984252792e-01
2.8951721613e-01
2.8919107856e-01
2.8891509126e-01
2.8863869435e-01
2.8836197221e-01
2.8808501019e-01
2.8783335490e-01
2.8758163708e-01
2.8732992099e-01
2.8707827044e-01
2.8684622014e-01
2.8661432809e-01
2.8638264208e-01
2.8615120881e-01
2.8584932268e-01
2.8554804246e-01
2.8524746050e-01
2.8494766376e-01
2.8472464452e-01
2.8450213872e-01
2.8428017584e-01
2.8405878345e-01
2.8381061032e-01
2.8356322386e-01
2.8331665444e-01
2.8307092950e-01
2.8281624716e-01
2.8256252980e-01
2.8230979913e-01
2.8205807417e-01
2.8179521351e-01
2.8153349324e-01
2.8127292732e-01
2.8101352759e-01
2.8076031542e-01
2.8050824179e-01
2.8025731315e-01
2.8000753480e-01
2.7972449979e-01
2.7944296699e-01
2.7916294024e-01
2.7888442236e-01
2.7853006740e-01
2.7817819126e-01
2.7782879526e-01
2.7748187963e-01
2.7704299745e-01
2.7660814685e-01
2.7617732418e-01
2.7575052501e-01
2.7531580895e-01
2.7488533692e-01
2.7445910295e-01
2.7403710089e-01
2.7356188622e-01
2.7309213753e-01
2.7262784561e-01
2.7216900132e-01
2.7160267016e-01
2.7104483189e-01
2.7049546912e-01
2.6995456470e-01
2.6921563250e-01
2.6849301423e-01
2.6778666611e-01
2.6709654533e-01
2.6599234250e-01
2.6493209361e-01
2.6391562347e-01
2.6294276411e-01
2.6096338462e-01
2.5919092135e-01
2.5762396887e-01
2.5626128474e-01
2.5428640645e-01
2.5299237133e-01
2.5237571411e-01
2.5243478377e-01
2.5284978821e-01
2.5356587371e-01
2.5458389297e-01
2.5590505828e-01
2.5675348947e-01
2.5769276847e-01
2.5872322763e-01
2.5984523156e-01
2.6062186115e-01
2.6143726133e-01
2.6229155342e-01
2.6318486449e-01
2.6384747680e-01
2.6453014873e-01
2.6523293219e-01
2.6595588061e-01
2.6652103970e-01
2.6709799323e-01
2.6768676674e-01
2.6828738628e-01
2.6877797517e-01
2.6927622425e-01
2.6978214772e-01
2.7029575999e-01
2.7073253734e-01
2.7117474392e-01
2.7162238859e-01
2.7207548028e-01
2.7247907686e-01
2.7288691242e-01
2.7329899323e-01
2.7371532561e-01
2.7419179356e-01
2.7467372777e-01
2.7516113733e-01
2.7565403114e-01
2.7602638444e-01
2.7640181567e-01
2.7678032798e-01
2.7716192413e-01
2.7745352392e-01
2.7774690116e-01
2.7804205626e-01
2.7833898925e-01
2.7859496678e-01
2.7885225005e-01
2.7911083802e-01
2.7937072915e-01
2.7961662665e-01
2.7986367532e-01
2.8011187218e-01
2.8036121349e-01
2.8062433263e-01
2.8088870260e-01
2.8115431530e-01
2.8142116089e-01
2.8166480883e-01
2.8190945549e-01
2.8215508861e-01
2.8240169402e-01
2.8262440346e-01
2.8284787340e-01
2.8307208870e-01
2.8329703241e-01
2.8352625727e-01
2.8375619256e-01
2.8398681429e-01
2.8421809621e-01
2.8445522966e-01
2.8469299037e-01
2.8493134271e-01
2.8517024853e-01
2.8540457782e-01
2.8563935807e-01
2.8587454685e-01
2.8611009980e-01
2.8638287787e-01
2.8665600698e-01
2.8692941051e-01
2.8720300975e-01
2.8749631775e-01
2.8778965753e-01
2.8808292756e-01
2.8837602588e-01
2.8868896769e-01
2.8900147374e-01
2.8931342238e-01
2.8962469419e-01
2.8993803429e-01
2.9025044984e-01
2.9056182834e-01
2.9087206150e-01
2.9120000183e-01
2.9152641646e-01
2.9185119330e-01
2.9217422655e-01
2.9253983067e-01
2.9290290830e-01
2.9326333318e-01
2.9362098935e-01
2.9408090240e-01
2.9453576616e-01
2.9498539891e-01
2.9542964312e-01
2.9594318389e-01
2.9644896007e-01
2.9694682605e-01
2.9743666820e-01
2.9794945428e-01
2.9845297176e-01
2.9894717797e-01
2.9943205528e-01
2.9992295503e-01
3.0040393809e-01
3.0087504824e-01
3.0133634493e-01
3.0182764923e-01
3.0230750976e-01
3.0277604830e-01
3.0323339728e-01
3.0373994057e-01
3.0423242166e-01
3.0471106689e-01
3.0517610901e-01
3.0570764190e-01
3.0622096185e-01
3.0671646557e-01
3.0719454991e-01
3.0776135431e-01
3.0830294557e-01
3.0882004882e-01
3.0931337591e-01
3.0992533152e-01
3.1049913717e-01
3.1103626712e-01
3.1153814105e-01
3.1218892459e-01
3.1277586122e-01
3.1330235565e-01
3.1377157760e-01
3.1419254768e-01
3.1456026925e-01
3.1487728581e-01
3.1514586386e-01
3.1534307658e-01
3.1550572228e-01
3.1563476749e-01
3.1573099299e-01
3.1579508598e-01
3.1582722006e-01
3.1582759656e-01
3.1579621793e-01
3.1572127844e-01
3.1560404884e-01
3.1544358946e-01
3.1523863662e-01
3.1501072828e-01
3.1474279724e-01
3.1443320150e-01
3.1408009832e-01
3.1372657352e-01
3.1333519980e-01
3.1290428428e-01
3.1243201902e-01
3.1204072019e-01
3.1162307558e-01
3.1117813655e-01
3.1070491672e-01
3.1029800734e-01
3.0987109994e-01
3.0942360852e-01
3.0895493200e-01
3.0854287016e-01
3.0811493543e-01
3.0767074537e-01
3.0720991208e-01
3.0679734041e-01
3.0637175205e-01
3.0593288932e-01
3.0548049425e-01
3.0506805314e-01
3.0464460388e-01
3.0420997083e-01
3.0376398147e-01
3.0334804585e-01
3.0292244045e-01
3.0248704747e-01
3.0204175528e-01
3.0160844343e-01
3.0116597893e-01
3.0071428854e-01
3.0025330968e-01
2.9975098942e-01
2.9923798814e-01
2.9871428588e-01
2.9817988893e-01
2.9774543590e-01
2.9730421868e-01
2.9685628819e-01
2.9640171339e-01
2.9601325008e-01
2.9562018949e-01
2.9522260942e-01
2.9482060086e-01
2.9448277740e-01
2.9414202857e-01
2.9379843065e-01
2.9345206801e-01
2.9313632781e-01
2.9281847443e-01
2.9249858890e-01
2.9217675848e-01
2.9187570538e-01
2.9157313041e-01
2.9126911870e-01
2.9096376014e-01
2.9064652537e-01
2.9032806020e-01
2.9000847957e-01
2.8968790312e-01
2.8940057597e-01
2.8911264334e-01
2.8882419865e-01
2.8853533710e-01
2.8825130657e-01
2.8796705963e-01
2.8768268916e-01
2.8739828799e-01
2.8716277216e-01
2.8692735053e-01
2.8669207426e-01
2.8645699360e-01
2.8621919674e-01
2.8598170047e-01
2.8574455280e-01
2.8550779997e-01
2.8526484815e-01
2.8502240633e-01
2.8478051786e-01
2.8453922350e-01
2.8431544488e-01
2.8409224132e-01
2.8386963933e-01
2.8364766340e-01
2.8340661091e-01
2.8316635439e-01
2.8292691773e-01
2.8268832234e-01
2.8241601560e-01
2.8214486328e-01
2.8187488709e-01
2.8160610566e-01
2.8135215443e-01
2.8109930484e-01
2.8084756657e-01
2.8059694773e-01
2.8033575555e-01
2.8007580420e-01
2.7981709883e-01
2.7955964353e-01
2.7925456183e-01
2.7895126294e-01
2.7864974973e-01
2.7835002411e-01
2.7797269214e-01
2.7759823459e-01
2.7722665111e-01
2.7685794044e-01
2.7642527276e-01
2.7599662236e-01
2.7557198461e-01
2.7515135441e-01
2.7471320522e-01
2.7427947811e-01
2.7385016649e-01
2.7342526372e-01
2.7292887643e-01
2.7243862432e-01
2.7195449648e-01
2.7147648211e-01
2.7087262804e-01
2.7027878061e-01
2.6969491792e-01
2.6912101841e-01
2.6831630789e-01
2.6753193368e-01
2.6676783633e-01
2.6602395793e-01
2.6478602829e-01
2.6360802431e-01
2.6248967937e-01
2.6143074037e-01
2.5928522983e-01
2.5743063074e-01
2.5586486219e-01
2.5458616738e-01
2.5359311172e-01
2.5288458106e-01
2.5245978039e-01
2.5231823310e-01
