0.0000000000e+00
2.4628111879e-03
4.9256223758e-03
7.3884335637e-03
9.8512447517e-03
1.2161858589e-02
1.4472472426e-02
1.6783086263e-02
1.9093700100e-02
2.0933507574e-02
2.2773315048e-02
2.4613122521e-02
2.6452929995e-02
2.7968698995e-02
2.9484467995e-02
3.1000236995e-02
3.2516005995e-02
3.3898711906e-02
3.5281417818e-02
3.6664123729e-02
3.8046829641e-02
3.9502977082e-02
4.0959124523e-02
4.2415271964e-02
4.3871419405e-02
4.5215007463e-02
4.6558595522e-02
4.7902183580e-02
4.9245771639e-02
5.0538059185e-02
5.1830346732e-02
5.3122634279e-02
5.4414921825e-02
5.5575537906e-02
5.6736153988e-02
5.7896770069e-02
5.9057386151e-02
6.0477713028e-02
6.1898039906e-02
6.3318366784e-02
6.4738693662e-02
6.5931956042e-02
6.7125218422e-02
6.8318480801e-02
6.9511743181e-02
7.0766331849e-02
7.2020920516e-02
7.3275509183e-02
7.4530097851e-02
7.5949645681e-02
7.7369193511e-02
7.8788741341e-02
8.0208289172e-02
8.1878910860e-02
8.3549532548e-02
8.5220154236e-02
8.6890775924e-02
8.8497150508e-02
9.0103525092e-02
9.1709899676e-02
9.3316274260e-02
9.4989326216e-02
9.6662378173e-02
9.8335430130e-02
1.0000848209e-01
1.0190488380e-01
1.0380128551e-01
1.0569768723e-01
1.0759408894e-01
1.0989624202e-01
1.1219839511e-01
1.1450054820e-01
1.1680270128e-01
1.1946165533e-01
1.2212060937e-01
1.2477956341e-01
1.2743851746e-01
1.3016818880e-01
1.3289786013e-01
1.3562753147e-01
1.3835720281e-01
1.4066708981e-01
1.4297697682e-01
1.4528686382e-01
1.4759675083e-01
1.4956897558e-01
1.5154120033e-01
1.5351342509e-01
1.5548564984e-01
1.5724293188e-01
1.5900021392e-01
1.6075749597e-01
1.6251477801e-01
1.6414297141e-01
1.6577116481e-01
1.6739935822e-01
1.6902755162e-01
1.7067305279e-01
1.7231855397e-01
1.7396405514e-01
1.7560955631e-01
1.7713747513e-01
1.7866539394e-01
1.8019331275e-01
1.8172123156e-01
1.8313214973e-01
1.8454306790e-01
1.8595398607e-01
1.8736490424e-01
1.8859820438e-01
1.8983150452e-01
1.9106480466e-01
1.9229810479e-01
1.9352129318e-01
1.9474448156e-01
1.9596766994e-01
1.9719085832e-01
1.9851347742e-01
1.9983609652e-01
2.0115871562e-01
2.0248133471e-01
2.0365180500e-01
2.0482227528e-01
2.0599274556e-01
2.0716321584e-01
2.0843052839e-01
2.0969784094e-01
2.1096515350e-01
2.1223246605e-01
2.1363476022e-01
2.1503705440e-01
2.1643934857e-01
2.1784164275e-01
2.1925377980e-01
2.2066591685e-01
2.2207805390e-01
2.2349019095e-01
2.2491082627e-01
2.2633146159e-01
2.2775209690e-01
2.2917273222e-01
2.3080532983e-01
2.3243792744e-01
2.3407052504e-01
2.3570312265e-01
2.3782900849e-01
2.3995489433e-01
2.4208078017e-01
2.4420666601e-01
2.4661240918e-01
2.4901815235e-01
2.5142389552e-01
2.5382963869e-01
2.5562485146e-01
2.5742006423e-01
2.5921527700e-01
2.6101048976e-01
2.6252522137e-01
2.6403995297e-01
2.6555468457e-01
2.6706941617e-01
2.6846757990e-01
2.6986574363e-01
2.7126390737e-01
2.7266207110e-01
2.7410367158e-01
2.7554527206e-01
2.7698687255e-01
2.7842847303e-01
2.7978133864e-01
2.8113420426e-01
2.8248706987e-01
2.8383993548e-01
2.8509512355e-01
2.8635031161e-01
2.8760549967e-01
2.8886068773e-01
2.9004571204e-01
2.9123073636e-01
2.9241576067e-01
2.9360078498e-01
2.9492243594e-01
2.9624408689e-01
2.9756573784e-01
2.9888738879e-01
3.0010223688e-01
3.0131708497e-01
3.0253193306e-01
3.0374678116e-01
3.0500836992e-01
3.0626995869e-01
3.0753154746e-01
3.0879313623e-01
3.1023498049e-01
3.1167682476e-01
3.1311866902e-01
3.1456051328e-01
3.1618778265e-01
3.1781505201e-01
3.1944232138e-01
3.2106959074e-01
3.2269366706e-01
3.2431774337e-01
3.2594181969e-01
3.2756589600e-01
3.2924675635e-01
3.3092761671e-01
3.3260847706e-01
3.3428933741e-01
3.3619317211e-01
3.3809700680e-01
3.4000084150e-01
3.4190467620e-01
3.4419627335e-01
3.4648787050e-01
3.4877946765e-01
3.5107106480e-01
3.5372230417e-01
3.5637354354e-01
3.5902478291e-01
3.6167602228e-01
3.6442573804e-01
3.6717545380e-01
3.6992516956e-01
3.7267488531e-01
3.7498461331e-01
3.7729434130e-01
3.7960406929e-01
3.8191379728e-01
3.8388583275e-01
3.8585786821e-01
3.8782990368e-01
3.8980193915e-01
3.9155948697e-01
3.9331703479e-01
3.9507458260e-01
3.9683213042e-01
3.9845408207e-01
4.0007603372e-01
4.0169798537e-01
4.0331993701e-01
4.0494093881e-01
4.0656194060e-01
4.0818294240e-01
4.0980394420e-01
4.1134412549e-01
4.1288430678e-01
4.1442448808e-01
4.1596466937e-01
4.1734642486e-01
4.1872818034e-01
4.2010993583e-01
4.2149169132e-01
4.2272656006e-01
4.2396142880e-01
4.2519629754e-01
4.2643116628e-01
4.2764412534e-01
4.2885708441e-01
4.3007004347e-01
4.3128300254e-01
4.3261752012e-01
4.3395203770e-01
4.3528655528e-01
4.3662107286e-01
4.3777929898e-01
4.3893752510e-01
4.4009575123e-01
4.4125397735e-01
4.4250608514e-01
4.4375819293e-01
4.4501030072e-01
4.4626240852e-01
4.4767473988e-01
4.4908707125e-01
4.5049940261e-01
4.5191173398e-01
4.5330171828e-01
4.5469170259e-01
4.5608168690e-01
4.5747167121e-01
4.5888550519e-01
4.6029933917e-01
4.6171317315e-01
4.6312700714e-01
4.6476876881e-01
4.6641053049e-01
4.6805229216e-01
4.6969405384e-01
4.7181931542e-01
4.7394457700e-01
4.7606983858e-01
4.7819510016e-01
4.8061407128e-01
4.8303304240e-01
4.8545201352e-01
4.8787098464e-01
4.9059603338e-01
4.9332108212e-01
4.9604613086e-01
4.9877117959e-01
5.0128893067e-01
5.0380668175e-01
5.0632443282e-01
5.0884218390e-01
5.1112616973e-01
5.1341015556e-01
5.1569414139e-01
5.1797812722e-01
5.1986082735e-01
5.2174352749e-01
5.2362622763e-01
5.2550892777e-01
5.2707059257e-01
5.2863225738e-01
5.3019392218e-01
5.3175558699e-01
5.3315902547e-01
5.3456246395e-01
5.3596590243e-01
5.3736934091e-01
5.3883901840e-01
5.4030869590e-01
5.4177837339e-01
5.4324805089e-01
5.4461643573e-01
5.4598482056e-01
5.4735320540e-01
5.4872159024e-01
5.5002718376e-01
5.5133277727e-01
5.5263837079e-01
5.5394396430e-01
5.5513084772e-01
5.5631773113e-01
5.5750461455e-01
5.5869149797e-01
5.6015152200e-01
5.6161154604e-01
5.6307157008e-01
5.6453159412e-01
5.6573001625e-01
5.6692843838e-01
5.6812686051e-01
5.6932528264e-01
5.7058003234e-01
5.7183478203e-01
5.7308953172e-01
5.7434428141e-01
5.7574465943e-01
5.7714503745e-01
5.7854541547e-01
5.7994579349e-01
5.8165267578e-01
5.8335955807e-01
5.8506644036e-01
5.8677332265e-01
5.8837302895e-01
5.8997273526e-01
5.9157244156e-01
5.9317214786e-01
5.9483742682e-01
5.9650270579e-01
5.9816798475e-01
5.9983326372e-01
6.0170917242e-01
6.0358508112e-01
6.0546098982e-01
6.0733689852e-01
6.0971396617e-01
6.1209103382e-01
6.1446810148e-01
6.1684516913e-01
6.1952459419e-01
6.2220401924e-01
6.2488344430e-01
6.2756286935e-01
6.3028382023e-01
6.3300477112e-01
6.3572572200e-01
6.3844667288e-01
6.4075924214e-01
6.4307181141e-01
6.4538438067e-01
6.4769694993e-01
6.4966393590e-01
6.5163092187e-01
6.5359790783e-01
6.5556489380e-01
6.5731727767e-01
6.5906966154e-01
6.6082204542e-01
6.6257442929e-01
6.6419775632e-01
6.6582108335e-01
6.6744441039e-01
6.6906773742e-01
6.7073045793e-01
6.7239317844e-01
6.7405589896e-01
6.7571861947e-01
6.7723534160e-01
6.7875206374e-01
6.8026878588e-01
6.8178550801e-01
6.8321612444e-01
6.8464674086e-01
6.8607735728e-01
6.8750797371e-01
6.8873566764e-01
6.8996336157e-01
6.9119105550e-01
6.9241874943e-01
6.9364136233e-01
6.9486397523e-01
6.9608658813e-01
6.9730920103e-01
6.9862076489e-01
6.9993232876e-01
7.0124389263e-01
7.0255545650e-01
7.0372621641e-01
7.0489697632e-01
7.0606773622e-01
7.0723849613e-01
7.0850908968e-01
7.0977968323e-01
7.1105027678e-01
7.1232087033e-01
7.1372202541e-01
7.1512318050e-01
7.1652433558e-01
7.1792549066e-01
7.1933839601e-01
7.2075130135e-01
7.2216420670e-01
7.2357711204e-01
7.2500145384e-01
7.2642579563e-01
7.2785013743e-01
7.2927447923e-01
7.3091785269e-01
7.3256122615e-01
7.3420459961e-01
7.3584797308e-01
7.3797554656e-01
7.4010312005e-01
7.4223069354e-01
7.4435826702e-01
7.4675586050e-01
7.4915345399e-01
7.5155104747e-01
7.5394864095e-01
7.5574045621e-01
7.5753227147e-01
7.5932408674e-01
7.6111590200e-01
7.6262943768e-01
7.6414297337e-01
7.6565650905e-01
7.6717004474e-01
7.6857168475e-01
7.6997332477e-01
7.7137496479e-01
7.7277660480e-01
7.7421202596e-01
7.7564744712e-01
7.7708286827e-01
7.7851828943e-01
7.7986973540e-01
7.8122118138e-01
7.8257262735e-01
7.8392407333e-01
7.8517707448e-01
7.8643007563e-01
7.8768307679e-01
7.8893607794e-01
7.9013405502e-01
7.9133203210e-01
7.9253000918e-01
7.9372798626e-01
7.9510160849e-01
7.9647523073e-01
7.9784885297e-01
7.9922247520e-01
8.0042988154e-01
8.0163728788e-01
8.0284469422e-01
8.0405210056e-01
8.0531978380e-01
8.0658746703e-01
8.0785515026e-01
8.0912283349e-01
8.1057627268e-01
8.1202971188e-01
8.1348315107e-01
8.1493659027e-01
8.1672906525e-01
8.1852154023e-01
8.2031401522e-01
8.2210649020e-01
8.2371607071e-01
8.2532565122e-01
8.2693523173e-01
8.2854481224e-01
8.3024206125e-01
8.3193931025e-01
8.3363655925e-01
8.3533380826e-01
8.3725765195e-01
8.3918149564e-01
8.4110533933e-01
8.4302918302e-01
8.4536095058e-01
8.4769271814e-01
8.5002448570e-01
8.5235625325e-01
8.5512374524e-01
8.5789123722e-01
8.6065872921e-01
8.6342622119e-01
8.6608019971e-01
8.6873417822e-01
8.7138815674e-01
8.7404213525e-01
8.7634955943e-01
8.7865698360e-01
8.8096440778e-01
8.8327183195e-01
8.8519563413e-01
8.8711943630e-01
8.8904323847e-01
8.9096704064e-01
8.9268636361e-01
8.9440568657e-01
8.9612500953e-01
8.9784433250e-01
8.9945075303e-01
9.0105717356e-01
9.0266359410e-01
9.0427001463e-01
9.0599690915e-01
9.0772380367e-01
9.0945069819e-01
9.1117759271e-01
9.1264293945e-01
9.1410828620e-01
9.1557363295e-01
9.1703897969e-01
9.1848588174e-01
9.1993278379e-01
9.2137968583e-01
9.2282658788e-01
9.2402843860e-01
9.2523028931e-01
9.2643214002e-01
9.2763399074e-01
9.2886587410e-01
9.3009775747e-01
9.3132964084e-01
9.3256152420e-01
9.3381551685e-01
9.3506950950e-01
9.3632350215e-01
9.3757749480e-01
9.3874287775e-01
9.3990826071e-01
9.4107364367e-01
9.4223902662e-01
9.4350463693e-01
9.4477024723e-01
9.4603585754e-01
9.4730146784e-01
9.4879354573e-01
9.5028562361e-01
9.5177770149e-01
9.5326977938e-01
9.5464737198e-01
9.5602496458e-01
9.5740255718e-01
9.5878014978e-01
9.6021524228e-01
9.6165033478e-01
9.6308542728e-01
9.6452051978e-01
9.6622445768e-01
9.6792839558e-01
9.6963233348e-01
9.7133627138e-01
9.7357104420e-01
9.7580581702e-01
9.7804058984e-01
9.8027536267e-01
9.8274003650e-01
9.8520471032e-01
9.8766938415e-01
9.9013405798e-01
9.9260054349e-01
9.9506702899e-01
9.9753351450e-01
1.0000000000e+00
