3.9144414803e-10
1.2838929110e-10
7.7856492958e-10
2.2300186706e-09
2.0333788366e-08
5.8531716942e-08
1.6204516447e-07
4.4679123451e-07
1.2807239640e-06
2.4821249435e-06
4.7846675973e-06
9.2222135930e-06
1.7843816608e-05
2.8374472479e-05
4.5079118529e-05
7.1616756120e-05
1.1385141777e-04
1.6146038091e-04
2.2892432182e-04
3.2456559265e-04
4.6021811988e-04
6.0774952894e-04
8.0247661251e-04
1.0595144195e-03
1.3988149500e-03
1.7661956679e-03
2.2297443582e-03
2.8145354044e-03
3.5521048251e-03
4.3815342476e-03
5.4032845924e-03
6.6613589387e-03
8.2094930942e-03
9.9833637487e-03
1.2134705845e-02
1.4741210033e-02
1.7895243111e-02
2.0874997061e-02
2.4335740041e-02
2.8349698177e-02
3.2997961073e-02
3.7315849605e-02
4.2167933059e-02
4.7611711671e-02
5.3708469245e-02
5.9761367163e-02
6.6435252998e-02
7.3779267920e-02
8.1842985268e-02
9.1563140545e-02
1.0226893157e-01
1.1401836416e-01
1.2686261841e-01
1.3901203132e-01
1.5204933905e-01
1.6598597406e-01
1.8082322467e-01
1.9471017005e-01
2.0928084963e-01
2.2451200144e-01
2.4037214841e-01
2.5791296874e-01
2.7606455881e-01
2.9475991865e-01
3.1392394060e-01
3.3281473990e-01
3.5198844034e-01
3.7136394396e-01
3.9085894091e-01
4.1073796380e-01
4.3057119860e-01
4.5027755614e-01
4.6978050524e-01
4.9107198849e-01
5.1193892767e-01
5.3230403084e-01
5.5210060793e-01
5.7677556957e-01
6.0031096299e-01
6.2263831905e-01
6.4371374854e-01
6.6192551843e-01
6.7906209678e-01
6.9513136413e-01
7.1015050032e-01
7.2495801001e-01
7.3864947806e-01
7.5126734165e-01
7.6285814108e-01
7.7511995228e-01
7.8613782887e-01
7.9599283479e-01
8.0476544826e-01
8.1494409574e-01
8.2350737251e-01
8.3062488189e-01
8.3645401126e-01
8.4214972291e-01
8.4630968062e-01
8.4915774904e-01
8.5088953665e-01
8.5165643947e-01
8.5169194766e-01
8.5110617832e-01
8.4999426012e-01
8.4829261730e-01
8.4615919412e-01
8.4366937146e-01
8.4088694506e-01
8.3740158304e-01
8.3366928680e-01
8.2974610428e-01
8.2567804229e-01
8.2063252469e-01
8.1548372645e-01
8.1027340089e-01
8.0503411879e-01
7.9828717221e-01
7.9157366426e-01
7.8492211300e-01
7.7835202831e-01
7.6983131290e-01
7.6148983950e-01
7.5333278157e-01
7.4535711136e-01
7.3581099873e-01
7.2649703838e-01
7.1738063495e-01
7.0842077920e-01
7.0124091254e-01
6.9410827696e-01
6.8699727602e-01
6.7988366058e-01
6.7323450658e-01
6.6655110021e-01
6.5982581934e-01
6.5305867479e-01
6.4705229088e-01
6.4103488306e-01
6.3502921619e-01
6.2906729062e-01
6.2328961310e-01
6.1764387892e-01
6.1218833439e-01
6.0698920285e-01
6.0242056498e-01
5.9820321517e-01
5.9440110296e-01
5.9107681433e-01
5.8827963256e-01
5.8607594929e-01
5.8450903119e-01
5.8361068621e-01
5.8340266247e-01
5.8391567213e-01
5.8513853448e-01
5.8704509492e-01
5.8960080678e-01
5.9275102190e-01
5.9643544174e-01
6.0058794273e-01
6.0551955227e-01
6.1082982135e-01
6.1643601007e-01
6.2226211671e-01
6.2940355913e-01
6.3666839965e-01
6.4398421693e-01
6.5129972527e-01
6.5876123873e-01
6.6617322138e-01
6.7353430103e-01
6.8085452129e-01
6.8983326713e-01
6.9882316259e-01
7.0787449031e-01
7.1703875399e-01
7.2459460347e-01
7.3228140603e-01
7.4012023604e-01
7.4812857061e-01
7.5444376702e-01
7.6087206674e-01
7.6741488963e-01
7.7407061241e-01
7.7953942248e-01
7.8507361004e-01
7.9066525272e-01
7.9630302904e-01
8.0106484822e-01
8.0583626101e-01
8.1060178840e-01
8.1534184505e-01
8.1941302039e-01
8.2342695880e-01
8.2735968589e-01
8.3118216550e-01
8.3447913761e-01
8.3763010337e-01
8.4059964392e-01
8.4334591714e-01
8.4569115170e-01
8.4774444804e-01
8.4944887500e-01
8.5073809413e-01
8.5152738272e-01
8.5175318747e-01
8.5131654274e-01
8.5010334389e-01
8.4826324089e-01
8.4559842318e-01
8.4199069642e-01
8.3730790675e-01
8.3290411043e-01
8.2771201148e-01
8.2165425744e-01
8.1464830086e-01
8.0792692448e-01
8.0041130571e-01
7.9204423796e-01
7.8276702306e-01
7.7354232805e-01
7.6347997550e-01
7.5253623711e-01
7.4066863037e-01
7.2814343478e-01
7.1466297645e-01
7.0019642881e-01
6.8471816896e-01
6.6874629477e-01
6.5179748319e-01
6.3387034317e-01
6.1497365621e-01
5.9713131229e-01
5.7854224309e-01
5.5924036825e-01
5.3927005160e-01
5.2150587362e-01
5.0332593685e-01
4.8477947378e-01
4.6592207715e-01
4.4660944865e-01
4.2711184162e-01
4.0750393434e-01
3.8786456329e-01
3.6817945467e-01
3.4863014614e-01
3.2930145343e-01
3.1027664133e-01
2.9226667233e-01
2.7468286774e-01
2.5758761897e-01
2.4103681578e-01
2.2321620394e-01
2.0619453225e-01
1.9001484908e-01
1.7470711950e-01
1.5877106782e-01
1.4393462062e-01
1.3018818558e-01
1.1750835817e-01
1.0647882952e-01
9.6333071429e-02
8.7028999281e-02
7.8520762921e-02
6.9484193956e-02
6.1397761472e-02
5.4181990847e-02
4.7759233323e-02
4.0437913089e-02
3.4188169081e-02
2.8868011563e-02
2.4349775867e-02
1.9873841226e-02
1.6203890327e-02
1.3200440171e-02
1.0746152290e-02
8.5670914262e-03
6.8262659812e-03
5.4368108703e-03
4.3285842599e-03
3.2668024187e-03
2.4648120183e-03
1.8592609491e-03
1.4021323170e-03
9.4147613258e-04
6.3224327642e-04
4.2452670105e-04
2.8491318828e-04
1.4283565799e-04
7.1945336369e-05
3.6232025370e-05
1.8123866188e-05
3.2431012671e-06
8.8090978139e-07
1.9608693434e-07
9.7621694880e-08
2.4255100300e-09
4.3131546534e-09
-1.7317177472e-10
2.8361160335e-09
9.3862957192e-10
2.8397510018e-09
9.8250286677e-09
6.2217599721e-08
1.6144386177e-07
4.0739918442e-07
1.0263192415e-06
2.6454852984e-06
4.8652538400e-06
8.9156401301e-06
1.6337075707e-05
3.0013000945e-05
4.6350387048e-05
7.1534205883e-05
1.1039894399e-04
1.7045794707e-04
2.3698264536e-04
3.2940843818e-04
4.5786077449e-04
6.3644246145e-04
8.2953614690e-04
1.0810818400e-03
1.4087736801e-03
1.8356451539e-03
2.3011479713e-03
2.8842202615e-03
3.6143804161e-03
4.5284384561e-03
5.6575971754e-03
7.0657512419e-03
8.8206022078e-03
1.1005530918e-02
1.3201388670e-02
1.5826718837e-02
1.8961844791e-02
2.2700452434e-02
2.6104202837e-02
2.9998916382e-02
3.4449187708e-02
3.9526083930e-02
4.4362769941e-02
4.9752708983e-02
5.5749154663e-02
6.2407875558e-02
6.9411034244e-02
7.7116780849e-02
8.5575902032e-02
9.4838228917e-02
1.0468411124e-01
1.1537925291e-01
1.2695969836e-01
1.3945512401e-01
1.5247279553e-01
1.6638327224e-01
1.8118749643e-01
1.9687513557e-01
2.1201584567e-01
2.2785335756e-01
2.4435134274e-01
2.6146431765e-01
2.8030155145e-01
2.9969894007e-01
3.1957225513e-01
3.3983023349e-01
3.5947020632e-01
3.7928687127e-01
3.9919291307e-01
4.1910203983e-01
4.4051747379e-01
4.6173833853e-01
4.8267132699e-01
5.0323133612e-01
5.2538962723e-01
5.4691313640e-01
5.6772776631e-01
5.8777351626e-01
6.0838819299e-01
6.2802171781e-01
6.4664769558e-01
6.6425310290e-01
6.8131574196e-01
6.9730417565e-01
7.1223694048e-01
7.2614002326e-01
7.4017393096e-01
7.5306734494e-01
7.6487204556e-01
7.7564272239e-01
7.8745191004e-01
7.9791203695e-01
8.0712465368e-01
8.1518863032e-01
8.2370359189e-01
8.3078000804e-01
8.3657439919e-01
8.4123049415e-01
8.4542978160e-01
8.4842361016e-01
8.5038078379e-01
8.5144933237e-01
8.5175682840e-01
8.5137579812e-01
8.5041305302e-01
8.4896042578e-01
8.4692427630e-01
8.4449027537e-01
8.4173046817e-01
8.3870553921e-01
8.3494727434e-01
8.3096813612e-01
8.2682157898e-01
8.2255118582e-01
8.1724616642e-01
8.1186080744e-01
8.0643450778e-01
8.0099761810e-01
7.9381955517e-01
7.8670215190e-01
7.7967218689e-01
7.7274692482e-01
7.6362081030e-01
7.5471174780e-01
7.4601801039e-01
7.3752881212e-01
7.2922838557e-01
7.2109181139e-01
7.1309193477e-01
7.0519830276e-01
6.9787831872e-01
6.9059505912e-01
6.8332160353e-01
6.7603338399e-01
6.6949257189e-01
6.6291384325e-01
6.5629371324e-01
6.4963682594e-01
6.4374824170e-01
6.3785997218e-01
6.3199796602e-01
6.2619698716e-01
6.2054091568e-01
6.1504032297e-01
6.0975539522e-01
6.0475329298e-01
6.0038389300e-01
5.9638909156e-01
5.9283081269e-01
5.8976851932e-01
5.8724764954e-01
5.8532970976e-01
5.8405226979e-01
5.8344107655e-01
5.8352790806e-01
5.8435431954e-01
5.8590187629e-01
5.8813683356e-01
5.9096978259e-01
5.9436991587e-01
5.9827400524e-01
6.0261439129e-01
6.0786244968e-01
6.1347042364e-01
6.1935161402e-01
6.2542808740e-01
6.3328123656e-01
6.4123195550e-01
6.4920279118e-01
6.5714447042e-01
6.6487891803e-01
6.7255757435e-01
6.8018998081e-01
6.8779584453e-01
6.9667939289e-01
7.0561119176e-01
7.1464106855e-01
7.2381737317e-01
7.3105834224e-01
7.3843213320e-01
7.4595409343e-01
7.5363619871e-01
7.5975758938e-01
7.6598336909e-01
7.7231271476e-01
7.7874174950e-01
7.8405861006e-01
7.8943028339e-01
7.9484736422e-01
8.0029694437e-01
8.0492265687e-01
8.0954593058e-01
8.1414977051e-01
8.1871291678e-01
8.2264028633e-01
8.2649527681e-01
8.3025201328e-01
8.3387934292e-01
8.3700435894e-01
8.3996181542e-01
8.4271346087e-01
8.4521427681e-01
8.4733584657e-01
8.4912083657e-01
8.5050486337e-01
8.5141298671e-01
8.5175572807e-01
8.5150762654e-01
8.5057053755e-01
8.4883215602e-01
8.4646582265e-01
8.4323430614e-01
8.3901851232e-01
8.3368612047e-01
8.2887167751e-01
8.2328197103e-01
8.1684598764e-01
8.0948853023e-01
8.0232968993e-01
7.9437108548e-01
7.8555821553e-01
7.7583560360e-01
7.6609613497e-01
7.5550595835e-01
7.4402363304e-01
7.3160950920e-01
7.1827012104e-01
7.0393507419e-01
6.8857656371e-01
6.7217324668e-01
6.5597225823e-01
6.3885305569e-01
6.2082109097e-01
6.0189177645e-01
5.8270272543e-01
5.6273035272e-01
5.4202249204e-01
5.2063990868e-01
5.0249224226e-01
4.8398245567e-01
4.6516596845e-01
4.4610419777e-01
4.2591764422e-01
4.0561804043e-01
3.8529311149e-01
3.6503385899e-01
3.4605153772e-01
3.2728842011e-01
3.0882078866e-01
2.9072189545e-01
2.7201895745e-01
2.5388254685e-01
2.3637890694e-01
2.1956456161e-01
2.0234023003e-01
1.8600545751e-01
1.7058889380e-01
1.5610550368e-01
1.4217223397e-01
1.2921991557e-01
1.1722741116e-01
1.0616446722e-01
9.5776058785e-02
8.6273871853e-02
7.7607940252e-02
6.9725811584e-02
6.1073571356e-02
5.3415697840e-02
4.6657194820e-02
4.0707285424e-02
3.3912221615e-02
2.8209708235e-02
2.3437207405e-02
1.9452083045e-02
1.5826017553e-02
1.2865075749e-02
1.0450907669e-02
8.4849184930e-03
6.7031932534e-03
5.2932705214e-03
4.1783859510e-03
3.2972896497e-03
2.4427366124e-03
1.8092982655e-03
1.3398514350e-03
9.9196847809e-04
6.4355189656e-04
4.1764679810e-04
2.7101398910e-04
1.7574189583e-04
8.2087775240e-05
3.8639113093e-05
1.8181793383e-05
8.4634320761e-06
1.3215149887e-06
3.6937072360e-07
7.4021859750e-08
5.2398486119e-08
7.9564598053e-09
2.2598814159e-09
4.9038004337e-10
6.7120967871e-10
