0.0000000000e+00
2.5284306169e-03
5.0568612339e-03
7.5852918508e-03
1.0113722468e-02
1.2239714153e-02
1.4365705838e-02
1.6491697523e-02
1.8617689208e-02
2.0279719875e-02
2.1941750543e-02
2.3603781210e-02
2.5265811878e-02
2.6701553817e-02
2.8137295756e-02
2.9573037695e-02
3.1008779634e-02
3.2366579866e-02
3.3724380098e-02
3.5082180330e-02
3.6439980561e-02
3.8017499356e-02
3.9595018151e-02
4.1172536946e-02
4.2750055741e-02
4.4049299601e-02
4.5348543462e-02
4.6647787323e-02
4.7947031183e-02
4.9127910885e-02
5.0308790587e-02
5.1489670288e-02
5.2670549990e-02
5.3855500653e-02
5.5040451316e-02
5.6225401979e-02
5.7410352642e-02
5.8683310592e-02
5.9956268542e-02
6.1229226493e-02
6.2502184443e-02
6.3696745186e-02
6.4891305930e-02
6.6085866673e-02
6.7280427416e-02
6.8588958939e-02
6.9897490462e-02
7.1206021985e-02
7.2514553508e-02
7.3923494663e-02
7.5332435817e-02
7.6741376972e-02
7.8150318127e-02
7.9859109081e-02
8.1567900035e-02
8.3276690989e-02
8.4985481943e-02
8.6597868277e-02
8.8210254612e-02
8.9822640946e-02
9.1435027281e-02
9.3111020910e-02
9.4787014539e-02
9.6463008168e-02
9.8139001797e-02
1.0002506095e-01
1.0191112009e-01
1.0379717924e-01
1.0568323839e-01
1.0792909336e-01
1.1017494832e-01
1.1242080329e-01
1.1466665826e-01
1.1738010498e-01
1.2009355170e-01
1.2280699843e-01
1.2552044515e-01
1.2811037187e-01
1.3070029859e-01
1.3329022531e-01
1.3588015204e-01
1.3819970064e-01
1.4051924924e-01
1.4283879785e-01
1.4515834645e-01
1.4710161713e-01
1.4904488782e-01
1.5098815850e-01
1.5293142919e-01
1.5464987410e-01
1.5636831901e-01
1.5808676392e-01
1.5980520883e-01
1.6140858578e-01
1.6301196272e-01
1.6461533966e-01
1.6621871660e-01
1.6814750319e-01
1.7007628978e-01
1.7200507637e-01
1.7393386296e-01
1.7543269830e-01
1.7693153364e-01
1.7843036898e-01
1.7992920432e-01
1.8130177494e-01
1.8267434556e-01
1.8404691619e-01
1.8541948681e-01
1.8662915772e-01
1.8783882863e-01
1.8904849954e-01
1.9025817045e-01
1.9150759666e-01
1.9275702287e-01
1.9400644908e-01
1.9525587529e-01
1.9648477425e-01
1.9771367321e-01
1.9894257216e-01
2.0017147112e-01
2.0134378641e-01
2.0251610170e-01
2.0368841699e-01
2.0486073228e-01
2.0610183467e-01
2.0734293707e-01
2.0858403947e-01
2.0982514186e-01
2.1191390439e-01
2.1400266691e-01
2.1609142944e-01
2.1818019196e-01
2.1954226283e-01
2.2090433370e-01
2.2226640457e-01
2.2362847544e-01
2.2509296007e-01
2.2655744470e-01
2.2802192934e-01
2.2948641397e-01
2.3130683237e-01
2.3312725077e-01
2.3494766918e-01
2.3676808758e-01
2.3960664485e-01
2.4244520212e-01
2.4528375938e-01
2.4812231665e-01
2.5048245752e-01
2.5284259839e-01
2.5520273926e-01
2.5756288013e-01
2.5927895069e-01
2.6099502125e-01
2.6271109181e-01
2.6442716237e-01
2.6589531777e-01
2.6736347316e-01
2.6883162856e-01
2.7029978396e-01
2.7167791695e-01
2.7305604993e-01
2.7443418292e-01
2.7581231591e-01
2.7725613219e-01
2.7869994847e-01
2.8014376475e-01
2.8158758103e-01
2.8290802450e-01
2.8422846797e-01
2.8554891144e-01
2.8686935490e-01
2.8812030130e-01
2.8937124770e-01
2.9062219410e-01
2.9187314050e-01
2.9304965240e-01
2.9422616429e-01
2.9540267618e-01
2.9657918808e-01
2.9791184125e-01
2.9924449443e-01
3.0057714760e-01
3.0190980077e-01
3.0310325267e-01
3.0429670457e-01
3.0549015647e-01
3.0668360837e-01
3.0793035161e-01
3.0917709485e-01
3.1042383808e-01
3.1167058132e-01
3.1309426157e-01
3.1451794183e-01
3.1594162208e-01
3.1736530233e-01
3.1895942710e-01
3.2055355187e-01
3.2214767664e-01
3.2374180141e-01
3.2534427509e-01
3.2694674877e-01
3.2854922246e-01
3.3015169614e-01
3.3179971306e-01
3.3344772998e-01
3.3509574690e-01
3.3674376381e-01
3.3860643379e-01
3.4046910376e-01
3.4233177373e-01
3.4419444370e-01
3.4637469825e-01
3.4855495279e-01
3.5073520734e-01
3.5291546189e-01
3.5546655377e-01
3.5801764565e-01
3.6056873753e-01
3.6311982941e-01
3.6588193146e-01
3.6864403351e-01
3.7140613556e-01
3.7416823761e-01
3.7648372253e-01
3.7879920745e-01
3.8111469237e-01
3.8343017730e-01
3.8542001239e-01
3.8740984749e-01
3.8939968258e-01
3.9138951768e-01
3.9316322448e-01
3.9493693129e-01
3.9671063809e-01
3.9848434490e-01
4.0009694763e-01
4.0170955035e-01
4.0332215308e-01
4.0493475581e-01
4.0652870412e-01
4.0812265242e-01
4.0971660073e-01
4.1131054904e-01
4.1291240030e-01
4.1451425156e-01
4.1611610282e-01
4.1771795408e-01
4.1909168872e-01
4.2046542336e-01
4.2183915800e-01
4.2321289263e-01
4.2447155698e-01
4.2573022133e-01
4.2698888567e-01
4.2824755002e-01
4.2946580140e-01
4.3068405277e-01
4.3190230414e-01
4.3312055552e-01
4.3457723303e-01
4.3603391055e-01
4.3749058807e-01
4.3894726558e-01
4.4011665064e-01
4.4128603570e-01
4.4245542076e-01
4.4362480581e-01
4.4488673275e-01
4.4614865969e-01
4.4741058662e-01
4.4867251356e-01
4.5000171078e-01
4.5133090800e-01
4.5266010522e-01
4.5398930244e-01
4.5543739199e-01
4.5688548154e-01
4.5833357109e-01
4.5978166064e-01
4.6115608870e-01
4.6253051676e-01
4.6390494482e-01
4.6527937288e-01
4.6682625032e-01
4.6837312775e-01
4.6992000519e-01
4.7146688263e-01
4.7353315814e-01
4.7559943365e-01
4.7766570916e-01
4.7973198467e-01
4.8240113653e-01
4.8507028839e-01
4.8773944024e-01
4.9040859210e-01
4.9307406407e-01
4.9573953604e-01
4.9840500801e-01
5.0107047998e-01
5.0354458361e-01
5.0601868723e-01
5.0849279086e-01
5.1096689449e-01
5.1304447161e-01
5.1512204874e-01
5.1719962587e-01
5.1927720300e-01
5.2091962071e-01
5.2256203842e-01
5.2420445614e-01
5.2584687385e-01
5.2727427433e-01
5.2870167481e-01
5.3012907528e-01
5.3155647576e-01
5.3293379818e-01
5.3431112059e-01
5.3568844301e-01
5.3706576543e-01
5.3869140171e-01
5.4031703800e-01
5.4194267428e-01
5.4356831057e-01
5.4482457696e-01
5.4608084335e-01
5.4733710975e-01
5.4859337614e-01
5.4976728373e-01
5.5094119132e-01
5.5211509891e-01
5.5328900649e-01
5.5447097775e-01
5.5565294900e-01
5.5683492026e-01
5.5801689151e-01
5.5932587710e-01
5.6063486270e-01
5.6194384829e-01
5.6325283388e-01
5.6442516161e-01
5.6559748933e-01
5.6676981706e-01
5.6794214478e-01
5.6926768790e-01
5.7059323102e-01
5.7191877413e-01
5.7324431725e-01
5.7466215509e-01
5.7607999293e-01
5.7749783078e-01
5.7891566862e-01
5.8071026235e-01
5.8250485609e-01
5.8429944982e-01
5.8609404356e-01
5.8767502754e-01
5.8925601153e-01
5.9083699551e-01
5.9241797950e-01
5.9411070226e-01
5.9580342502e-01
5.9749614778e-01
5.9918887054e-01
6.0111169121e-01
6.0303451187e-01
6.0495733254e-01
6.0688015321e-01
6.0919511983e-01
6.1151008644e-01
6.1382505306e-01
6.1614001968e-01
6.1890604669e-01
6.2167207370e-01
6.2443810071e-01
6.2720412773e-01
6.2976276867e-01
6.3232140962e-01
6.3488005057e-01
6.3743869152e-01
6.3975150020e-01
6.4206430889e-01
6.4437711757e-01
6.4668992626e-01
6.4857204965e-01
6.5045417305e-01
6.5233629645e-01
6.5421841985e-01
6.5590548603e-01
6.5759255221e-01
6.5927961839e-01
6.6096668457e-01
6.6255575963e-01
6.6414483469e-01
6.6573390975e-01
6.6732298481e-01
6.6919841156e-01
6.7107383832e-01
6.7294926508e-01
6.7482469184e-01
6.7624924315e-01
6.7767379446e-01
6.7909834578e-01
6.8052289709e-01
6.8191043873e-01
6.8329798038e-01
6.8468552202e-01
6.8607306366e-01
6.8725849500e-01
6.8844392634e-01
6.8962935768e-01
6.9081478902e-01
6.9206353718e-01
6.9331228534e-01
6.9456103350e-01
6.9580978166e-01
6.9704275606e-01
6.9827573046e-01
6.9950870485e-01
7.0074167925e-01
7.0190099715e-01
7.0306031504e-01
7.0421963294e-01
7.0537895084e-01
7.0662874063e-01
7.0787853042e-01
7.0912832021e-01
7.1037811001e-01
7.1203740827e-01
7.1369670654e-01
7.1535600481e-01
7.1701530308e-01
7.1840137431e-01
7.1978744553e-01
7.2117351676e-01
7.2255958799e-01
7.2399722573e-01
7.2543486348e-01
7.2687250122e-01
7.2831013896e-01
7.3003315788e-01
7.3175617680e-01
7.3347919573e-01
7.3520221465e-01
7.3788711271e-01
7.4057201078e-01
7.4325690885e-01
7.4594180692e-01
7.4846276496e-01
7.5098372301e-01
7.5350468106e-01
7.5602563911e-01
7.5781752645e-01
7.5960941380e-01
7.6140130115e-01
7.6319318850e-01
7.6469265708e-01
7.6619212567e-01
7.6769159426e-01
7.6919106285e-01
7.7056277546e-01
7.7193448807e-01
7.7330620068e-01
7.7467791329e-01
7.7612402105e-01
7.7757012882e-01
7.7901623658e-01
7.8046234434e-01
7.8179924678e-01
7.8313614922e-01
7.8447305166e-01
7.8580995411e-01
7.8708014616e-01
7.8835033822e-01
7.8962053027e-01
7.9089072232e-01
7.9205081146e-01
7.9321090060e-01
7.9437098973e-01
7.9553107887e-01
7.9697317352e-01
7.9841526818e-01
7.9985736283e-01
8.0129945749e-01
8.0250619855e-01
8.0371293962e-01
8.0491968068e-01
8.0612642174e-01
8.0736419900e-01
8.0860197626e-01
8.0983975351e-01
8.1107753077e-01
8.1245654424e-01
8.1383555771e-01
8.1521457119e-01
8.1659358466e-01
8.1827481388e-01
8.1995604310e-01
8.2163727231e-01
8.2331850153e-01
8.2492197383e-01
8.2652544612e-01
8.2812891841e-01
8.2973239071e-01
8.3137279105e-01
8.3301319140e-01
8.3465359175e-01
8.3629399209e-01
8.3812242764e-01
8.3995086319e-01
8.4177929874e-01
8.4360773428e-01
8.4585492057e-01
8.4810210685e-01
8.5034929314e-01
8.5259647942e-01
8.5518336820e-01
8.5777025698e-01
8.6035714575e-01
8.6294403453e-01
8.6561987568e-01
8.6829571682e-01
8.7097155797e-01
8.7364739912e-01
8.7600034475e-01
8.7835329037e-01
8.8070623600e-01
8.8305918162e-01
8.8506054677e-01
8.8706191193e-01
8.8906327708e-01
8.9106464223e-01
8.9283431896e-01
8.9460399569e-01
8.9637367243e-01
8.9814334916e-01
8.9975986093e-01
9.0137637271e-01
9.0299288448e-01
9.0460939625e-01
9.0622350489e-01
9.0783761353e-01
9.0945172217e-01
9.1106583081e-01
9.1261365121e-01
9.1416147162e-01
9.1570929202e-01
9.1725711242e-01
9.1866773464e-01
9.2007835685e-01
9.2148897906e-01
9.2289960128e-01
9.2415346757e-01
9.2540733386e-01
9.2666120015e-01
9.2791506644e-01
9.2909847721e-01
9.3028188798e-01
9.3146529875e-01
9.3264870952e-01
9.3407914045e-01
9.3550957138e-01
9.3694000231e-01
9.3837043325e-01
9.3953962951e-01
9.4070882578e-01
9.4187802205e-01
9.4304721832e-01
9.4436834064e-01
9.4568946295e-01
9.4701058527e-01
9.4833170759e-01
9.4965554222e-01
9.5097937686e-01
9.5230321150e-01
9.5362704613e-01
9.5506419738e-01
9.5650134862e-01
9.5793849986e-01
9.5937565111e-01
9.6073991417e-01
9.6210417724e-01
9.6346844031e-01
9.6483270338e-01
9.6634813629e-01
9.6786356921e-01
9.6937900212e-01
9.7089443504e-01
9.7298041675e-01
9.7506639846e-01
9.7715238017e-01
9.7923836188e-01
9.8182341596e-01
9.8440847005e-01
9.8699352413e-01
9.8957857821e-01
9.9218393366e-01
9.9478928911e-01
9.9739464455e-01
1.0000000000e+00
