2.8478591689e-01
2.8479136457e-01
2.8480770782e-01
2.8483494726e-01
2.8487308394e-01
2.8491246270e-01
2.8495916195e-01
2.8501318288e-01
2.8507452685e-01
2.8513274819e-01
2.8519631870e-01
2.8526523951e-01
2.8533951185e-01
2.8541244716e-01
2.8548989935e-01
2.8557186944e-01
2.8565835844e-01
2.8574390547e-01
2.8583345846e-01
2.8592701792e-01
2.8602458408e-01
2.8610774954e-01
2.8619361956e-01
2.8628219334e-01
2.8637346957e-01
2.8644664258e-01
2.8652146178e-01
2.8659792540e-01
2.8667603110e-01
2.8674761729e-01
2.8682052439e-01
2.8689474905e-01
2.8697028711e-01
2.8705434813e-01
2.8713996414e-01
2.8722712520e-01
2.8731581913e-01
2.8739631074e-01
2.8747800064e-01
2.8756087412e-01
2.8764491393e-01
2.8772154376e-01
2.8779908577e-01
2.8787752099e-01
2.8795682808e-01
2.8803512947e-01
2.8811421543e-01
2.8819405850e-01
2.8827462854e-01
2.8836286275e-01
2.8845186864e-01
2.8854159633e-01
2.8863199205e-01
2.8871656108e-01
2.8880160835e-01
2.8888708210e-01
2.8897292817e-01
2.8908041986e-01
2.8918828874e-01
2.8929641682e-01
2.8940468273e-01
2.8951540961e-01
2.8962601646e-01
2.8973636782e-01
2.8984632808e-01
2.8996199667e-01
2.9007691954e-01
2.9019094164e-01
2.9030391133e-01
2.9041699591e-01
2.9052870404e-01
2.9063889323e-01
2.9074742680e-01
2.9086655631e-01
2.9098328405e-01
2.9109744735e-01
2.9120889368e-01
2.9134428578e-01
2.9147494598e-01
2.9160064142e-01
2.9172116246e-01
2.9188634112e-01
2.9203976047e-01
2.9218101645e-01
2.9230978705e-01
2.9244174312e-01
2.9255671495e-01
2.9265456507e-01
2.9273526835e-01
2.9278459729e-01
2.9282439977e-01
2.9285478756e-01
2.9287590896e-01
2.9288644635e-01
2.9289099489e-01
2.9288969596e-01
2.9288271055e-01
2.9287271785e-01
2.9285904382e-01
2.9284181403e-01
2.9282116488e-01
2.9279983532e-01
2.9277598318e-01
2.9274973053e-01
2.9272120693e-01
2.9269201623e-01
2.9266101024e-01
2.9262832025e-01
2.9259408342e-01
2.9255683298e-01
2.9251821992e-01
2.9247841845e-01
2.9243760769e-01
2.9240229090e-01
2.9236649220e-01
2.9233032669e-01
2.9229390999e-01
2.9226137539e-01
2.9222881457e-01
2.9219630787e-01
2.9216393451e-01
2.9213316709e-01
2.9210265918e-01
2.9207247531e-01
2.9204267789e-01
2.9201081229e-01
2.9197954716e-01
2.9194895203e-01
2.9191909232e-01
2.9189298719e-01
2.9186756386e-01
2.9184286044e-01
2.9181891217e-01
2.9179444922e-01
2.9177090144e-01
2.9174830036e-01
2.9172667431e-01
2.9170212832e-01
2.9167905067e-01
2.9165747415e-01
2.9163742677e-01
2.9162029379e-01
2.9160450083e-01
2.9159006140e-01
2.9157698691e-01
2.9156495294e-01
2.9155438692e-01
2.9154529595e-01
2.9153768577e-01
2.9153070470e-01
2.9152573717e-01
2.9152278683e-01
2.9152185580e-01
2.9152268991e-01
2.9152505434e-01
2.9152894782e-01
2.9153436821e-01
2.9154098884e-01
2.9154900389e-01
2.9155840874e-01
2.9156919769e-01
2.9158242060e-01
2.9159724456e-01
2.9161365641e-01
2.9163164035e-01
2.9164835427e-01
2.9166620349e-01
2.9168517170e-01
2.9170524019e-01
2.9172470219e-01
2.9174506271e-01
2.9176630058e-01
2.9178839221e-01
2.9181300096e-01
2.9183852580e-01
2.9186492745e-01
2.9189216285e-01
2.9191927889e-01
2.9194708638e-01
2.9197553600e-01
2.9200457514e-01
2.9203450177e-01
2.9206491399e-01
2.9209574797e-01
2.9212693721e-01
2.9216232055e-01
2.9219796437e-01
2.9223376496e-01
2.9226961643e-01
2.9231949821e-01
2.9236897498e-01
2.9241775158e-01
2.9246553483e-01
2.9250443008e-01
2.9254226877e-01
2.9257889092e-01
2.9261414124e-01
2.9265033935e-01
2.9268459914e-01
2.9271674959e-01
2.9274662804e-01
2.9277791944e-01
2.9280579706e-01
2.9283005732e-01
2.9285051161e-01
2.9287071751e-01
2.9288419336e-01
2.9289065257e-01
2.9288984270e-01
2.9287545143e-01
2.9284496470e-01
2.9279796029e-01
2.9273413363e-01
2.9266429926e-01
2.9258136542e-01
2.9248533609e-01
2.9237628030e-01
2.9228435285e-01
2.9218500118e-01
2.9207833793e-01
2.9196450188e-01
2.9186717866e-01
2.9176536271e-01
2.9165916929e-01
2.9154872736e-01
2.9144871910e-01
2.9134567266e-01
2.9123970213e-01
2.9113093072e-01
2.9103016777e-01
2.9092732335e-01
2.9082250882e-01
2.9071584187e-01
2.9060651806e-01
2.9049556978e-01
2.9038313657e-01
2.9026936375e-01
2.9016351959e-01
2.9005678816e-01
2.8994929380e-01
2.8984116339e-01
2.8973500572e-01
2.8962848518e-01
2.8952172376e-01
2.8941484331e-01
2.8932785262e-01
2.8924092783e-01
2.8915413248e-01
2.8906752884e-01
2.8897885766e-01
2.8889051661e-01
2.8880256727e-01
2.8871506873e-01
2.8862770430e-01
2.8854090549e-01
2.8845472326e-01
2.8836920529e-01
2.8828870001e-01
2.8820886808e-01
2.8812974189e-01
2.8805135113e-01
2.8796538597e-01
2.8788039008e-01
2.8779639309e-01
2.8771342124e-01
2.8761858138e-01
2.8752518017e-01
2.8743324405e-01
2.8734279528e-01
2.8726058348e-01
2.8717966901e-01
2.8710006216e-01
2.8702177156e-01
2.8693595745e-01
2.8685179976e-01
2.8676930498e-01
2.8668847828e-01
2.8658734189e-01
2.8648895811e-01
2.8639333165e-01
2.8630046582e-01
2.8618758597e-01
2.8607907963e-01
2.8597494831e-01
2.8587519255e-01
2.8577348107e-01
2.8567676023e-01
2.8558502915e-01
2.8549828677e-01
2.8540431559e-01
2.8531699469e-01
2.8523632225e-01
2.8516229653e-01
2.8507899079e-01
2.8500609649e-01
2.8494361104e-01
2.8489153218e-01
2.8484418618e-01
2.8481081726e-01
2.8479142379e-01
2.8478600481e-01
2.8479281169e-01
2.8481046901e-01
2.8483897745e-01
2.8487833809e-01
2.8491870209e-01
2.8496636159e-01
2.8502131780e-01
2.8508357211e-01
2.8514270860e-01
2.8520720325e-01
2.8527705722e-01
2.8535227175e-01
2.8542789521e-01
2.8550826150e-01
2.8559337173e-01
2.8568322697e-01
2.8576593446e-01
2.8585229263e-01
2.8594230190e-01
2.8603596238e-01
2.8611579286e-01
2.8619809645e-01
2.8628287242e-01
2.8637011961e-01
2.8644405817e-01
2.8651968068e-01
2.8659698533e-01
2.8667596970e-01
2.8674831331e-01
2.8682200569e-01
2.8689704336e-01
2.8697342201e-01
2.8705894845e-01
2.8714608132e-01
2.8723481004e-01
2.8732512163e-01
2.8740667293e-01
2.8748944802e-01
2.8757343133e-01
2.8765860466e-01
2.8773402392e-01
2.8781032037e-01
2.8788747569e-01
2.8796546933e-01
2.8804601961e-01
2.8812739422e-01
2.8820956295e-01
2.8829249257e-01
2.8837671866e-01
2.8846163883e-01
2.8854720947e-01
2.8863338373e-01
2.8871906807e-01
2.8880524168e-01
2.8889185065e-01
2.8897883854e-01
2.8907568828e-01
2.8917284840e-01
2.8927023284e-01
2.8936775326e-01
2.8948155651e-01
2.8959527655e-01
2.8970876662e-01
2.8982187946e-01
2.8993708773e-01
2.9005159149e-01
2.9016523741e-01
2.9027787540e-01
2.9039213845e-01
2.9050503609e-01
2.9061642122e-01
2.9072615264e-01
2.9084554997e-01
2.9096258105e-01
2.9107708198e-01
2.9118889897e-01
2.9132353762e-01
2.9145358166e-01
2.9157880189e-01
2.9169899146e-01
2.9185488707e-01
2.9200061809e-01
2.9213584024e-01
2.9226027264e-01
2.9240863958e-01
2.9253717711e-01
2.9264567839e-01
2.9273409190e-01
2.9278528595e-01
2.9282623380e-01
2.9285706154e-01
2.9287793760e-01
2.9288741467e-01
2.9289114245e-01
2.9288925683e-01
2.9288191197e-01
2.9287151196e-01
2.9285741398e-01
2.9283974619e-01
2.9281864779e-01
2.9279701506e-01
2.9277287833e-01
2.9274636030e-01
2.9271759118e-01
2.9268785042e-01
2.9265627504e-01
2.9262300128e-01
2.9258817147e-01
2.9255263092e-01
2.9251587999e-01
2.9247806801e-01
2.9243934824e-01
2.9240342554e-01
2.9236699984e-01
2.9233019247e-01
2.9229312533e-01
2.9226052259e-01
2.9222789563e-01
2.9219532528e-01
2.9216289121e-01
2.9213178909e-01
2.9210095533e-01
2.9207045653e-01
2.9204035707e-01
2.9200972582e-01
2.9197965276e-01
2.9195019979e-01
2.9192142525e-01
2.9189497389e-01
2.9186921648e-01
2.9184419266e-01
2.9181993902e-01
2.9179543694e-01
2.9177184882e-01
2.9174920635e-01
2.9172753798e-01
2.9169946287e-01
2.9167332265e-01
2.9164916535e-01
2.9162703105e-01
2.9161047838e-01
2.9159531216e-01
2.9158154508e-01
2.9156918778e-01
2.9155796244e-01
2.9154824443e-01
2.9154004016e-01
2.9153335473e-01
2.9152777730e-01
2.9152403233e-01
2.9152212229e-01
2.9152204840e-01
2.9152355281e-01
2.9152654502e-01
2.9153102345e-01
2.9153698566e-01
2.9154419696e-01
2.9155280193e-01
2.9156279552e-01
2.9157417147e-01
2.9158792947e-01
2.9160326383e-01
2.9162016071e-01
2.9163860347e-01
2.9165546461e-01
2.9167341224e-01
2.9169243011e-01
2.9171249962e-01
2.9173216982e-01
2.9175271917e-01
2.9177412606e-01
2.9179636649e-01
2.9182252188e-01
2.9184966930e-01
2.9187776167e-01
2.9190674732e-01
2.9193408579e-01
2.9196208219e-01
2.9199068630e-01
2.9201984477e-01
2.9205076633e-01
2.9208216175e-01
2.9211396082e-01
2.9214609056e-01
2.9218170959e-01
2.9221753385e-01
2.9225345763e-01
2.9228937335e-01
2.9233587063e-01
2.9238192942e-01
2.9242730925e-01
2.9247177173e-01
2.9251057783e-01
2.9254829756e-01
2.9258477081e-01
2.9261984231e-01
2.9265640688e-01
2.9269092863e-01
2.9272322834e-01
2.9275313587e-01
2.9278417629e-01
2.9281165853e-01
2.9283537364e-01
2.9285512843e-01
2.9287415500e-01
2.9288624871e-01
2.9289112192e-01
2.9288852216e-01
2.9287176251e-01
2.9283923404e-01
2.9279054752e-01
2.9272542478e-01
2.9265418572e-01
2.9256996804e-01
2.9247278380e-01
2.9236270911e-01
2.9227087392e-01
2.9217181650e-01
2.9206564852e-01
2.9195250666e-01
2.9185521770e-01
2.9175350310e-01
2.9164747759e-01
2.9153726932e-01
2.9143731406e-01
2.9133435735e-01
2.9122851289e-01
2.9111990337e-01
2.9101918432e-01
2.9091640681e-01
2.9081168194e-01
2.9070512710e-01
2.9059522083e-01
2.9048369195e-01
2.9037068222e-01
2.9025633919e-01
2.9015090556e-01
2.9004460786e-01
2.8993756894e-01
2.8982991402e-01
2.8972007211e-01
2.8960986038e-01
2.8949941379e-01
2.8938886702e-01
2.8930211807e-01
2.8921545349e-01
2.8912893598e-01
2.8904262691e-01
2.8895297313e-01
2.8886367622e-01
2.8877479927e-01
2.8868640267e-01
2.8860049262e-01
2.8851514753e-01
2.8843041520e-01
2.8834634033e-01
2.8826543887e-01
2.8818523044e-01
2.8810574734e-01
2.8802701910e-01
2.8794085088e-01
2.8785567170e-01
2.8777151066e-01
2.8768839345e-01
2.8759251827e-01
2.8749813334e-01
2.8740526502e-01
2.8731393543e-01
2.8723298292e-01
2.8715330566e-01
2.8707491309e-01
2.8699781307e-01
2.8691239241e-01
2.8682863267e-01
2.8674653998e-01
2.8666611919e-01
2.8656311469e-01
2.8646300303e-01
2.8636578886e-01
2.8627147540e-01
2.8615039816e-01
2.8603447071e-01
2.8592369447e-01
2.8581806974e-01
2.8571957453e-01
2.8562602370e-01
2.8553741629e-01
2.8545375117e-01
2.8536148091e-01
2.8527607338e-01
2.8519752670e-01
2.8512583909e-01
2.8504615777e-01
2.8497710656e-01
2.8491868294e-01
2.8487088475e-01
2.8483371022e-01
2.8480715797e-01
2.8479122701e-01
2.8478591676e-01
