2.8814922950e-01
2.8815105410e-01
2.8815652771e-01
2.8816564969e-01
2.8817841889e-01
2.8818965276e-01
2.8820270977e-01
2.8821758876e-01
2.8823428824e-01
2.8824979020e-01
2.8826658494e-01
2.8828467070e-01
2.8830404534e-01
2.8832301060e-01
2.8834306261e-01
2.8836419846e-01
2.8838641467e-01
2.8841125966e-01
2.8843731958e-01
2.8846458738e-01
2.8849305472e-01
2.8852008341e-01
2.8854809495e-01
2.8857707919e-01
2.8860702445e-01
2.8863657121e-01
2.8866697263e-01
2.8869821363e-01
2.8873027725e-01
2.8875995206e-01
2.8879026797e-01
2.8882120792e-01
2.8885275324e-01
2.8889070465e-01
2.8892943330e-01
2.8896889945e-01
2.8900905996e-01
2.8904474846e-01
2.8908090010e-01
2.8911747965e-01
2.8915445001e-01
2.8919280408e-01
2.8923148576e-01
2.8927044936e-01
2.8930964765e-01
2.8935495631e-01
2.8940043506e-01
2.8944600622e-01
2.8949159078e-01
2.8954251027e-01
2.8959323347e-01
2.8964364726e-01
2.8969363889e-01
2.8974421251e-01
2.8979410960e-01
2.8984321436e-01
2.8989141362e-01
2.8993904092e-01
2.8998552349e-01
2.9003075554e-01
2.9007463542e-01
2.9012210593e-01
2.9016762416e-01
2.9021106722e-01
2.9025231971e-01
2.9029713267e-01
2.9033872138e-01
2.9037694561e-01
2.9041167853e-01
2.9044809888e-01
2.9047931215e-01
2.9050517880e-01
2.9052558372e-01
2.9054208412e-01
2.9055125218e-01
2.9055302887e-01
2.9054739404e-01
2.9053709413e-01
2.9052172635e-01
2.9050134030e-01
2.9047600441e-01
2.9045028210e-01
2.9042102020e-01
2.9038829717e-01
2.9035220264e-01
2.9031727852e-01
2.9027983613e-01
2.9023996196e-01
2.9019774988e-01
2.9015792783e-01
2.9011638011e-01
2.9007319012e-01
2.9002844607e-01
2.8998311524e-01
2.8993646935e-01
2.8988860464e-01
2.8983962125e-01
2.8978791560e-01
2.8973524387e-01
2.8968172806e-01
2.8962749313e-01
2.8958135793e-01
2.8953488026e-01
2.8948813788e-01
2.8944120885e-01
2.8939793363e-01
2.8935462706e-01
2.8931134919e-01
2.8926815933e-01
2.8922770687e-01
2.8918743112e-01
2.8914737838e-01
2.8910759368e-01
2.8905532932e-01
2.8900370996e-01
2.8895282743e-01
2.8890276773e-01
2.8886713387e-01
2.8883200010e-01
2.8879739275e-01
2.8876333643e-01
2.8872239772e-01
2.8868235871e-01
2.8864325416e-01
2.8860511521e-01
2.8856971261e-01
2.8853523246e-01
2.8850169362e-01
2.8846911271e-01
2.8843532363e-01
2.8840266375e-01
2.8837114642e-01
2.8834078306e-01
2.8831262531e-01
2.8828555551e-01
2.8825957996e-01
2.8823470401e-01
2.8820784492e-01
2.8818240956e-01
2.8815840244e-01
2.8813582721e-01
2.8810824979e-01
2.8808317321e-01
2.8806060156e-01
2.8804053792e-01
2.8801851312e-01
2.8800060728e-01
2.8798682275e-01
2.8797716104e-01
2.8797181768e-01
2.8797016323e-01
2.8797219782e-01
2.8797792127e-01
2.8798608491e-01
2.8799715002e-01
2.8801111576e-01
2.8802798093e-01
2.8804273195e-01
2.8805915475e-01
2.8807724807e-01
2.8809701032e-01
2.8811533260e-01
2.8813488533e-01
2.8815566658e-01
2.8817767402e-01
2.8820031598e-01
2.8822411847e-01
2.8824907774e-01
2.8827518928e-01
2.8830782523e-01
2.8834208117e-01
2.8837794378e-01
2.8841539689e-01
2.8844486235e-01
2.8847522232e-01
2.8850646541e-01
2.8853857869e-01
2.8856942308e-01
2.8860100403e-01
2.8863330645e-01
2.8866631362e-01
2.8869975040e-01
2.8873384329e-01
2.8876857054e-01
2.8880390851e-01
2.8884488349e-01
2.8888657685e-01
2.8892894408e-01
2.8897193730e-01
2.8900994260e-01
2.8904834997e-01
2.8908712157e-01
2.8912621790e-01
2.8916989312e-01
2.8921385890e-01
2.8925805525e-01
2.8930242051e-01
2.8935107090e-01
2.8939976373e-01
2.8944841368e-01
2.8949693465e-01
2.8955625929e-01
2.8961509826e-01
2.8967329257e-01
2.8973068542e-01
2.8978201625e-01
2.8983244552e-01
2.8988186366e-01
2.8993016452e-01
2.8998018098e-01
2.9002870038e-01
2.9007560992e-01
2.9012080237e-01
2.9016994193e-01
2.9021659370e-01
2.9026062769e-01
2.9030192373e-01
2.9034726704e-01
2.9038842484e-01
2.9042524897e-01
2.9045760999e-01
2.9049063557e-01
2.9051680638e-01
2.9053599841e-01
2.9054812451e-01
2.9055297287e-01
2.9055192869e-01
2.9054500402e-01
2.9053223544e-01
2.9051625988e-01
2.9049588616e-01
2.9047118667e-01
2.9044224918e-01
2.9041432874e-01
2.9038347992e-01
2.9034978431e-01
2.9031333218e-01
2.9027858013e-01
2.9024179075e-01
2.9020304587e-01
2.9016243298e-01
2.9012252868e-01
2.9008113014e-01
2.9003832419e-01
2.8999420182e-01
2.8994190296e-01
2.8988813722e-01
2.8983306240e-01
2.8977684204e-01
2.8973223008e-01
2.8968710400e-01
2.8964154729e-01
2.8959564445e-01
2.8954994955e-01
2.8950408176e-01
2.8945812381e-01
2.8941215791e-01
2.8937375834e-01
2.8933545711e-01
2.8929730035e-01
2.8925933324e-01
2.8921993497e-01
2.8918084023e-01
2.8914209602e-01
2.8910374747e-01
2.8906581859e-01
2.8902837008e-01
2.8899144080e-01
2.8895506735e-01
2.8892166821e-01
2.8888880855e-01
2.8885651254e-01
2.8882480261e-01
2.8879135808e-01
2.8875863976e-01
2.8872666911e-01
2.8869546553e-01
2.8866026027e-01
2.8862613428e-01
2.8859310869e-01
2.8856120187e-01
2.8853183981e-01
2.8850352087e-01
2.8847625530e-01
2.8845005192e-01
2.8842434282e-01
2.8839976094e-01
2.8837631210e-01
2.8835400120e-01
2.8832928656e-01
2.8830614876e-01
2.8828459226e-01
2.8826462068e-01
2.8823787523e-01
2.8821464344e-01
2.8819493051e-01
2.8817874013e-01
2.8816477479e-01
2.8815524663e-01
2.8815015713e-01
2.8814950697e-01
2.8815264100e-01
2.8815926094e-01
2.8816936605e-01
2.8818295506e-01
2.8819473840e-01
2.8820828200e-01
2.8822358464e-01
2.8824064475e-01
2.8825651786e-01
2.8827365653e-01
2.8829205890e-01
2.8831172273e-01
2.8833112348e-01
2.8835160851e-01
2.8837317468e-01
2.8839581828e-01
2.8842239776e-01
2.8845031049e-01
2.8847954768e-01
2.8851009883e-01
2.8853750314e-01
2.8856586689e-01
2.8859517929e-01
2.8862542798e-01
2.8865536840e-01
2.8868614640e-01
2.8871774599e-01
2.8875014922e-01
2.8878033547e-01
2.8881115474e-01
2.8884258875e-01
2.8887461757e-01
2.8891641051e-01
2.8895909133e-01
2.8900260586e-01
2.8904689519e-01
2.8908307960e-01
2.8911968988e-01
2.8915668883e-01
2.8919403745e-01
2.8923404775e-01
2.8927435615e-01
2.8931491028e-01
2.8935565625e-01
2.8940178603e-01
2.8944800848e-01
2.8949424109e-01
2.8954040038e-01
2.8959318640e-01
2.8964563748e-01
2.8969762663e-01
2.8974902797e-01
2.8979862695e-01
2.8984743049e-01
2.8989532723e-01
2.8994220887e-01
2.8998980653e-01
2.9003607727e-01
2.9008091178e-01
2.9012420561e-01
2.9017127931e-01
2.9021611045e-01
2.9025857120e-01
2.9029854249e-01
2.9034229286e-01
2.9038227015e-01
2.9041832639e-01
2.9045033013e-01
2.9048218500e-01
2.9050829577e-01
2.9052853789e-01
2.9054281421e-01
2.9055128951e-01
2.9055310667e-01
2.9054824783e-01
2.9053672656e-01
2.9052183144e-01
2.9050225639e-01
2.9047806266e-01
2.9044932811e-01
2.9042102788e-01
2.9038950353e-01
2.9035483542e-01
2.9031711377e-01
2.9028096916e-01
2.9024255220e-01
2.9020194727e-01
2.9015924522e-01
2.9011810826e-01
2.9007535311e-01
2.9003106556e-01
2.8998533596e-01
2.8993852375e-01
2.8989047663e-01
2.8984129605e-01
2.8979108720e-01
2.8974140408e-01
2.8969095486e-01
2.8963984457e-01
2.8958818027e-01
2.8954219367e-01
2.8949593539e-01
2.8944948127e-01
2.8940290717e-01
2.8936081613e-01
2.8931874414e-01
2.8927674579e-01
2.8923487481e-01
2.8919433861e-01
2.8915401998e-01
2.8911396494e-01
2.8907421806e-01
2.8902730070e-01
2.8898095180e-01
2.8893523711e-01
2.8889021840e-01
2.8885442957e-01
2.8881916002e-01
2.8878443618e-01
2.8875028267e-01
2.8871188530e-01
2.8867429778e-01
2.8863754861e-01
2.8860166346e-01
2.8856628418e-01
2.8853183274e-01
2.8849832788e-01
2.8846578609e-01
2.8843222898e-01
2.8839979402e-01
2.8836849423e-01
2.8833834073e-01
2.8831024114e-01
2.8828323280e-01
2.8825732196e-01
2.8823251389e-01
2.8820564463e-01
2.8818021305e-01
2.8815622362e-01
2.8813368000e-01
2.8810604933e-01
2.8808096603e-01
2.8805843422e-01
2.8803845696e-01
2.8801693800e-01
2.8799947659e-01
2.8798607493e-01
2.8797673447e-01
2.8797160952e-01
2.8797018241e-01
2.8797245324e-01
2.8797842183e-01
2.8798677370e-01
2.8799801239e-01
2.8801213704e-01
2.8802914642e-01
2.8804396486e-01
2.8806043973e-01
2.8807856976e-01
2.8809835337e-01
2.8811672631e-01
2.8813632407e-01
2.8815714473e-01
2.8817918594e-01
2.8820164251e-01
2.8822523317e-01
2.8824995427e-01
2.8827580143e-01
2.8830706216e-01
2.8833980975e-01
2.8837403261e-01
2.8840971675e-01
2.8843939389e-01
2.8846999102e-01
2.8850149659e-01
2.8853389742e-01
2.8856486492e-01
2.8859658236e-01
2.8862903457e-01
2.8866220466e-01
2.8869561141e-01
2.8872967886e-01
2.8876438543e-01
2.8879970757e-01
2.8884121193e-01
2.8888345982e-01
2.8892640504e-01
2.8896999779e-01
2.8900798867e-01
2.8904638365e-01
2.8908514498e-01
2.8912423320e-01
2.8916772259e-01
2.8921150317e-01
2.8925551575e-01
2.8929969947e-01
2.8934828645e-01
2.8939692062e-01
2.8944551700e-01
2.8949398985e-01
2.8955454451e-01
2.8961459827e-01
2.8967398212e-01
2.8973252945e-01
2.8978351511e-01
2.8983360711e-01
2.8988269797e-01
2.8993068360e-01
2.8998059855e-01
2.9002902074e-01
2.9007583800e-01
2.9012094369e-01
2.9017001576e-01
2.9021660613e-01
2.9026058532e-01
2.9030183359e-01
2.9034728270e-01
2.9038852726e-01
2.9042541816e-01
2.9045782513e-01
2.9049072255e-01
2.9051680551e-01
2.9053595114e-01
2.9054807301e-01
2.9055296222e-01
2.9055194652e-01
2.9054503786e-01
2.9053227285e-01
2.9051617559e-01
2.9049561556e-01
2.9047066690e-01
2.9044141958e-01
2.9041349554e-01
2.9038266300e-01
2.9034900304e-01
2.9031260532e-01
2.9027785415e-01
2.9024107242e-01
2.9020234179e-01
2.9016174948e-01
2.9012189681e-01
2.9008055698e-01
2.9003781635e-01
2.8999376547e-01
2.8994071980e-01
2.8988616998e-01
2.8983028064e-01
2.8977322240e-01
2.8972863151e-01
2.8968353464e-01
2.8963801501e-01
2.8959215679e-01
2.8954668036e-01
2.8950103868e-01
2.8945531316e-01
2.8940958472e-01
2.8937118094e-01
2.8933287868e-01
2.8929472404e-01
2.8925676216e-01
2.8921735688e-01
2.8917825866e-01
2.8913951448e-01
2.8910116943e-01
2.8906330561e-01
2.8902592394e-01
2.8898906305e-01
2.8895275927e-01
2.8891939515e-01
2.8888657226e-01
2.8885431465e-01
2.8882264464e-01
2.8878920617e-01
2.8875649712e-01
2.8872453889e-01
2.8869335080e-01
2.8865785907e-01
2.8862347012e-01
2.8859020551e-01
2.8855808394e-01
2.8852886694e-01
2.8850069153e-01
2.8847356778e-01
2.8844750432e-01
2.8842190570e-01
2.8839743480e-01
2.8837409734e-01
2.8835189815e-01
2.8832736287e-01
2.8830439832e-01
2.8828300886e-01
2.8826319800e-01
2.8823657687e-01
2.8821348429e-01
2.8819392543e-01
2.8817790393e-01
2.8816535999e-01
2.8815639895e-01
2.8815102192e-01
2.8814922951e-01
