0.0000000000e+00
2.8827402586e-03
5.7654805173e-03
8.6482207759e-03
1.1530961035e-02
1.4147795288e-02
1.6764629542e-02
1.9381463796e-02
2.1998298049e-02
2.4402662504e-02
2.6807026959e-02
2.9211391414e-02
3.1615755869e-02
3.3864132744e-02
3.6112509618e-02
3.8360886493e-02
4.0609263367e-02
4.2784066570e-02
4.4958869772e-02
4.7133672974e-02
4.9308476176e-02
5.1905348430e-02
5.4502220685e-02
5.7099092940e-02
5.9695965194e-02
6.1561423572e-02
6.3426881951e-02
6.5292340329e-02
6.7157798707e-02
6.8898154221e-02
7.0638509734e-02
7.2378865247e-02
7.4119220761e-02
7.5550822457e-02
7.6982424154e-02
7.8414025851e-02
7.9845627548e-02
8.1133483714e-02
8.2421339881e-02
8.3709196048e-02
8.4997052214e-02
8.6204121312e-02
8.7411190410e-02
8.8618259508e-02
8.9825328606e-02
9.0995138029e-02
9.2164947451e-02
9.3334756874e-02
9.4504566297e-02
9.5709465053e-02
9.6914363810e-02
9.8119262566e-02
9.9324161322e-02
1.0063577334e-01
1.0194738536e-01
1.0325899738e-01
1.0457060940e-01
1.0571525027e-01
1.0685989113e-01
1.0800453199e-01
1.0914917286e-01
1.1022421096e-01
1.1129924906e-01
1.1237428717e-01
1.1344932527e-01
1.1447013468e-01
1.1549094410e-01
1.1651175351e-01
1.1753256293e-01
1.1852236732e-01
1.1951217171e-01
1.2050197610e-01
1.2149178050e-01
1.2254708501e-01
1.2360238953e-01
1.2465769405e-01
1.2571299856e-01
1.2691879563e-01
1.2812459271e-01
1.2933038978e-01
1.3053618685e-01
1.3157017975e-01
1.3260417265e-01
1.3363816555e-01
1.3467215845e-01
1.3568654824e-01
1.3670093803e-01
1.3771532782e-01
1.3872971762e-01
1.3979738853e-01
1.4086505943e-01
1.4193273034e-01
1.4300040125e-01
1.4430056870e-01
1.4560073615e-01
1.4690090359e-01
1.4820107104e-01
1.4942241887e-01
1.5064376669e-01
1.5186511452e-01
1.5308646235e-01
1.5446004986e-01
1.5583363738e-01
1.5720722489e-01
1.5858081240e-01
1.6002544735e-01
1.6147008230e-01
1.6291471725e-01
1.6435935220e-01
1.6572310307e-01
1.6708685395e-01
1.6845060482e-01
1.6981435569e-01
1.7120524234e-01
1.7259612898e-01
1.7398701563e-01
1.7537790228e-01
1.7684606724e-01
1.7831423220e-01
1.7978239717e-01
1.8125056213e-01
1.8281414031e-01
1.8437771849e-01
1.8594129668e-01
1.8750487486e-01
1.8921331511e-01
1.9092175537e-01
1.9263019562e-01
1.9433863587e-01
1.9629166999e-01
1.9824470411e-01
2.0019773823e-01
2.0215077235e-01
2.0442876191e-01
2.0670675148e-01
2.0898474104e-01
2.1126273060e-01
2.1386467360e-01
2.1646661659e-01
2.1906855959e-01
2.2167050259e-01
2.2453495773e-01
2.2739941287e-01
2.3026386801e-01
2.3312832315e-01
2.3586311428e-01
2.3859790542e-01
2.4133269655e-01
2.4406748769e-01
2.4685719470e-01
2.4964690171e-01
2.5243660872e-01
2.5522631573e-01
2.5798450441e-01
2.6074269310e-01
2.6350088178e-01
2.6625907047e-01
2.6900255652e-01
2.7174604258e-01
2.7448952863e-01
2.7723301468e-01
2.7975425022e-01
2.8227548577e-01
2.8479672131e-01
2.8731795686e-01
2.8938377341e-01
2.9144958997e-01
2.9351540653e-01
2.9558122309e-01
2.9736544921e-01
2.9914967532e-01
3.0093390143e-01
3.0271812754e-01
3.0434164372e-01
3.0596515990e-01
3.0758867607e-01
3.0921219225e-01
3.1073021991e-01
3.1224824758e-01
3.1376627524e-01
3.1528430290e-01
3.1671995413e-01
3.1815560536e-01
3.1959125660e-01
3.2102690783e-01
3.2240409085e-01
3.2378127388e-01
3.2515845690e-01
3.2653563993e-01
3.2792071160e-01
3.2930578328e-01
3.3069085495e-01
3.3207592663e-01
3.3351582020e-01
3.3495571376e-01
3.3639560733e-01
3.3783550090e-01
3.3916411609e-01
3.4049273128e-01
3.4182134646e-01
3.4314996165e-01
3.4437257807e-01
3.4559519450e-01
3.4681781092e-01
3.4804042734e-01
3.4923178505e-01
3.5042314276e-01
3.5161450048e-01
3.5280585819e-01
3.5387763464e-01
3.5494941109e-01
3.5602118754e-01
3.5709296399e-01
3.5811248498e-01
3.5913200597e-01
3.6015152696e-01
3.6117104796e-01
3.6222152500e-01
3.6327200205e-01
3.6432247910e-01
3.6537295614e-01
3.6648792049e-01
3.6760288483e-01
3.6871784917e-01
3.6983281352e-01
3.7089295580e-01
3.7195309807e-01
3.7301324035e-01
3.7407338263e-01
3.7506906547e-01
3.7606474831e-01
3.7706043115e-01
3.7805611399e-01
3.7908649087e-01
3.8011686776e-01
3.8114724464e-01
3.8217762152e-01
3.8328182851e-01
3.8438603550e-01
3.8549024249e-01
3.8659444948e-01
3.8776737250e-01
3.8894029553e-01
3.9011321855e-01
3.9128614157e-01
3.9253802476e-01
3.9378990794e-01
3.9504179113e-01
3.9629367432e-01
3.9750136974e-01
3.9870906516e-01
3.9991676057e-01
4.0112445599e-01
4.0230097138e-01
4.0347748677e-01
4.0465400216e-01
4.0583051755e-01
4.0705291247e-01
4.0827530739e-01
4.0949770231e-01
4.1072009723e-01
4.1204803785e-01
4.1337597846e-01
4.1470391907e-01
4.1603185969e-01
4.1754379457e-01
4.1905572945e-01
4.2056766434e-01
4.2207959922e-01
4.2387729629e-01
4.2567499336e-01
4.2747269043e-01
4.2927038750e-01
4.3133217433e-01
4.3339396116e-01
4.3545574799e-01
4.3751753482e-01
4.3972731507e-01
4.4193709533e-01
4.4414687558e-01
4.4635665584e-01
4.4855682308e-01
4.5075699032e-01
4.5295715756e-01
4.5515732479e-01
4.5749270386e-01
4.5982808293e-01
4.6216346200e-01
4.6449884106e-01
4.6704584089e-01
4.6959284071e-01
4.7213984053e-01
4.7468684036e-01
4.7752347166e-01
4.8036010295e-01
4.8319673425e-01
4.8603336555e-01
4.8948145382e-01
4.9292954209e-01
4.9637763036e-01
4.9982571863e-01
5.0271710436e-01
5.0560849010e-01
5.0849987584e-01
5.1139126158e-01
5.1401170949e-01
5.1663215740e-01
5.1925260531e-01
5.2187305322e-01
5.2428030980e-01
5.2668756638e-01
5.2909482295e-01
5.3150207953e-01
5.3375272474e-01
5.3600336996e-01
5.3825401517e-01
5.4050466039e-01
5.4268179976e-01
5.4485893912e-01
5.4703607849e-01
5.4921321786e-01
5.5209645332e-01
5.5497968879e-01
5.5786292425e-01
5.6074615971e-01
5.6259347190e-01
5.6444078409e-01
5.6628809628e-01
5.6813540846e-01
5.6987162870e-01
5.7160784894e-01
5.7334406918e-01
5.7508028942e-01
5.7648820345e-01
5.7789611748e-01
5.7930403151e-01
5.8071194554e-01
5.8198705656e-01
5.8326216758e-01
5.8453727860e-01
5.8581238962e-01
5.8701089869e-01
5.8820940776e-01
5.8940791683e-01
5.9060642590e-01
5.9177564067e-01
5.9294485544e-01
5.9411407022e-01
5.9528328499e-01
5.9650254416e-01
5.9772180334e-01
5.9894106251e-01
6.0016032169e-01
6.0145222943e-01
6.0274413718e-01
6.0403604493e-01
6.0532795268e-01
6.0645770544e-01
6.0758745821e-01
6.0871721097e-01
6.0984696373e-01
6.1091327212e-01
6.1197958050e-01
6.1304588889e-01
6.1411219727e-01
6.1512543692e-01
6.1613867656e-01
6.1715191621e-01
6.1816515586e-01
6.1915406140e-01
6.2014296695e-01
6.2113187249e-01
6.2212077804e-01
6.2319632347e-01
6.2427186890e-01
6.2534741434e-01
6.2642295977e-01
6.2762325413e-01
6.2882354849e-01
6.3002384285e-01
6.3122413721e-01
6.3224923847e-01
6.3327433972e-01
6.3429944097e-01
6.3532454223e-01
6.3634412318e-01
6.3736370413e-01
6.3838328508e-01
6.3940286603e-01
6.4050175130e-01
6.4160063657e-01
6.4269952184e-01
6.4379840711e-01
6.4507316760e-01
6.4634792810e-01
6.4762268859e-01
6.4889744908e-01
6.5014271817e-01
6.5138798726e-01
6.5263325635e-01
6.5387852544e-01
6.5526077157e-01
6.5664301769e-01
6.5802526382e-01
6.5940750995e-01
6.6084270152e-01
6.6227789308e-01
6.6371308465e-01
6.6514827622e-01
6.6651581840e-01
6.6788336058e-01
6.6925090276e-01
6.7061844495e-01
6.7202074246e-01
6.7342303997e-01
6.7482533748e-01
6.7622763499e-01
6.7770842730e-01
6.7918921961e-01
6.8067001192e-01
6.8215080423e-01
6.8373426447e-01
6.8531772471e-01
6.8690118495e-01
6.8848464519e-01
6.9022979172e-01
6.9197493824e-01
6.9372008477e-01
6.9546523130e-01
6.9747221080e-01
6.9947919030e-01
7.0148616980e-01
7.0349314930e-01
7.0582121021e-01
7.0814927111e-01
7.1047733201e-01
7.1280539292e-01
7.1544723907e-01
7.1808908522e-01
7.2073093137e-01
7.2337277752e-01
7.2620656316e-01
7.2904034879e-01
7.3187413443e-01
7.3470792007e-01
7.3745119872e-01
7.4019447737e-01
7.4293775603e-01
7.4568103468e-01
7.4846116563e-01
7.5124129658e-01
7.5402142753e-01
7.5680155848e-01
7.5956126516e-01
7.6232097184e-01
7.6508067851e-01
7.6784038519e-01
7.7054813165e-01
7.7325587811e-01
7.7596362458e-01
7.7867137104e-01
7.8111013501e-01
7.8354889898e-01
7.8598766294e-01
7.8842642691e-01
7.9045631058e-01
7.9248619426e-01
7.9451607793e-01
7.9654596160e-01
7.9830696488e-01
8.0006796817e-01
8.0182897145e-01
8.0358997473e-01
8.0519878223e-01
8.0680758972e-01
8.0841639722e-01
8.1002520471e-01
8.1153196356e-01
8.1303872241e-01
8.1454548126e-01
8.1605224011e-01
8.1747859450e-01
8.1890494888e-01
8.2033130327e-01
8.2175765765e-01
8.2313225287e-01
8.2450684808e-01
8.2588144329e-01
8.2725603850e-01
8.2865566638e-01
8.3005529426e-01
8.3145492213e-01
8.3285455001e-01
8.3428729124e-01
8.3572003246e-01
8.3715277369e-01
8.3858551492e-01
8.3989244824e-01
8.4119938156e-01
8.4250631489e-01
8.4381324821e-01
8.4503982942e-01
8.4626641064e-01
8.4749299186e-01
8.4871957307e-01
8.4990113950e-01
8.5108270593e-01
8.5226427235e-01
8.5344583878e-01
8.5450630717e-01
8.5556677556e-01
8.5662724395e-01
8.5768771234e-01
8.5870642075e-01
8.5972512916e-01
8.6074383757e-01
8.6176254598e-01
8.6283211389e-01
8.6390168181e-01
8.6497124973e-01
8.6604081765e-01
8.6715861133e-01
8.6827640501e-01
8.6939419869e-01
8.7051199237e-01
8.7155609816e-01
8.7260020395e-01
8.7364430974e-01
8.7468841553e-01
8.7568387627e-01
8.7667933702e-01
8.7767479776e-01
8.7867025850e-01
8.7970650564e-01
8.8074275277e-01
8.8177899991e-01
8.8281524704e-01
8.8393651572e-01
8.8505778440e-01
8.8617905308e-01
8.8730032175e-01
8.8852708789e-01
8.8975385403e-01
8.9098062017e-01
8.9220738630e-01
8.9347014229e-01
8.9473289828e-01
8.9599565427e-01
8.9725841026e-01
8.9845217136e-01
8.9964593246e-01
9.0083969356e-01
9.0203345465e-01
9.0321512344e-01
9.0439679222e-01
9.0557846100e-01
9.0676012978e-01
9.0799896437e-01
9.0923779895e-01
9.1047663354e-01
9.1171546813e-01
9.1307578804e-01
9.1443610795e-01
9.1579642785e-01
9.1715674776e-01
9.1871429708e-01
9.2027184639e-01
9.2182939570e-01
9.2338694501e-01
9.2524763897e-01
9.2710833293e-01
9.2896902689e-01
9.3082972085e-01
9.3298648463e-01
9.3514324842e-01
9.3730001220e-01
9.3945677599e-01
9.4164515390e-01
9.4383353182e-01
9.4602190973e-01
9.4821028764e-01
9.5043344185e-01
9.5265659606e-01
9.5487975026e-01
9.5710290447e-01
9.5947902674e-01
9.6185514902e-01
9.6423127129e-01
9.6660739357e-01
9.6920872170e-01
9.7181004983e-01
9.7441137797e-01
9.7701270610e-01
9.7988611784e-01
9.8275952957e-01
9.8563294131e-01
9.8850635305e-01
9.9137976479e-01
9.9425317652e-01
9.9712658826e-01
1.0000000000e+00
