0.0000000000e+00
1.5524135403e-03
3.1048270805e-03
4.6572406208e-03
6.2096541611e-03
7.7051602511e-03
9.2006663411e-03
1.0696172431e-02
1.2191678521e-02
1.3651617330e-02
1.5111556139e-02
1.6571494947e-02
1.8031433756e-02
1.9467845381e-02
2.0904257006e-02
2.2340668631e-02
2.3777080256e-02
2.5200536643e-02
2.6623993031e-02
2.8047449418e-02
2.9470905805e-02
3.0893014300e-02
3.2315122794e-02
3.3737231289e-02
3.5159339784e-02
3.6595088952e-02
3.8030838120e-02
3.9466587288e-02
4.0902336457e-02
4.2375472464e-02
4.3848608471e-02
4.5321744478e-02
4.6794880485e-02
4.8370313791e-02
4.9945747096e-02
5.1521180402e-02
5.3096613707e-02
5.4856352099e-02
5.6616090492e-02
5.8375828884e-02
6.0135567277e-02
6.1692126025e-02
6.3248684772e-02
6.4805243520e-02
6.6361802268e-02
6.7823376399e-02
6.9284950531e-02
7.0746524662e-02
7.2208098794e-02
7.3633362041e-02
7.5058625288e-02
7.6483888535e-02
7.7909151782e-02
7.9322941059e-02
8.0736730336e-02
8.2150519613e-02
8.3564308890e-02
8.4986700500e-02
8.6409092110e-02
8.7831483720e-02
8.9253875330e-02
9.0712544746e-02
9.2171214161e-02
9.3629883577e-02
9.5088552992e-02
9.6573175061e-02
9.8057797131e-02
9.9542419200e-02
1.0102704127e-01
1.0253126160e-01
1.0403548193e-01
1.0553970226e-01
1.0704392259e-01
1.0861497590e-01
1.1018602922e-01
1.1175708254e-01
1.1332813586e-01
1.1493581714e-01
1.1654349842e-01
1.1815117970e-01
1.1975886098e-01
1.2134263206e-01
1.2292640315e-01
1.2451017423e-01
1.2609394531e-01
1.2768848549e-01
1.2928302567e-01
1.3087756585e-01
1.3247210603e-01
1.3410924519e-01
1.3574638434e-01
1.3738352350e-01
1.3902066265e-01
1.4073884967e-01
1.4245703668e-01
1.4417522370e-01
1.4589341071e-01
1.4778074566e-01
1.4966808060e-01
1.5155541554e-01
1.5344275048e-01
1.5546840063e-01
1.5749405077e-01
1.5951970092e-01
1.6154535107e-01
1.6341533588e-01
1.6528532069e-01
1.6715530550e-01
1.6902529031e-01
1.7083288006e-01
1.7264046980e-01
1.7444805955e-01
1.7625564929e-01
1.7804830015e-01
1.7984095101e-01
1.8163360187e-01
1.8342625273e-01
1.8522596738e-01
1.8702568202e-01
1.8882539666e-01
1.9062511131e-01
1.9244683173e-01
1.9426855216e-01
1.9609027259e-01
1.9791199301e-01
1.9976789915e-01
2.0162380529e-01
2.0347971143e-01
2.0533561756e-01
2.0723704208e-01
2.0913846660e-01
2.1103989111e-01
2.1294131563e-01
2.1490007413e-01
2.1685883263e-01
2.1881759113e-01
2.2077634964e-01
2.2280664097e-01
2.2483693231e-01
2.2686722364e-01
2.2889751498e-01
2.3102185259e-01
2.3314619020e-01
2.3527052781e-01
2.3739486542e-01
2.3968763931e-01
2.4198041321e-01
2.4427318710e-01
2.4656596099e-01
2.4879358385e-01
2.5102120670e-01
2.5324882956e-01
2.5547645241e-01
2.5758358803e-01
2.5969072366e-01
2.6179785928e-01
2.6390499490e-01
2.6592610864e-01
2.6794722237e-01
2.6996833611e-01
2.7198944985e-01
2.7394332423e-01
2.7589719860e-01
2.7785107298e-01
2.7980494735e-01
2.8170410213e-01
2.8360325691e-01
2.8550241169e-01
2.8740156647e-01
2.8925679786e-01
2.9111202926e-01
2.9296726065e-01
2.9482249205e-01
2.9664436856e-01
2.9846624508e-01
3.0028812160e-01
3.0210999812e-01
3.0391006861e-01
3.0571013909e-01
3.0751020957e-01
3.0931028005e-01
3.1110289121e-01
3.1289550237e-01
3.1468811353e-01
3.1648072469e-01
3.1828734789e-01
3.2009397109e-01
3.2190059429e-01
3.2370721749e-01
3.2557297958e-01
3.2743874168e-01
3.2930450378e-01
3.3117026587e-01
3.3331605768e-01
3.3546184948e-01
3.3760764128e-01
3.3975343309e-01
3.4161405099e-01
3.4347466890e-01
3.4533528681e-01
3.4719590472e-01
3.4891074129e-01
3.5062557786e-01
3.5234041442e-01
3.5405525099e-01
3.5569397951e-01
3.5733270803e-01
3.5897143656e-01
3.6061016508e-01
3.6220584258e-01
3.6380152007e-01
3.6539719757e-01
3.6699287507e-01
3.6857363729e-01
3.7015439951e-01
3.7173516173e-01
3.7331592396e-01
3.7492660699e-01
3.7653729003e-01
3.7814797307e-01
3.7975865611e-01
3.8133834238e-01
3.8291802866e-01
3.8449771493e-01
3.8607740121e-01
3.8758487694e-01
3.8909235268e-01
3.9059982841e-01
3.9210730414e-01
3.9359392798e-01
3.9508055182e-01
3.9656717566e-01
3.9805379949e-01
3.9952233239e-01
4.0099086528e-01
4.0245939818e-01
4.0392793107e-01
4.0535378971e-01
4.0677964834e-01
4.0820550697e-01
4.0963136560e-01
4.1104461896e-01
4.1245787232e-01
4.1387112567e-01
4.1528437903e-01
4.1670500593e-01
4.1812563283e-01
4.1954625972e-01
4.2096688662e-01
4.2241953682e-01
4.2387218702e-01
4.2532483723e-01
4.2677748743e-01
4.2831453338e-01
4.2985157934e-01
4.3138862530e-01
4.3292567126e-01
4.3473369544e-01
4.3654171962e-01
4.3834974381e-01
4.4015776799e-01
4.4173627206e-01
4.4331477612e-01
4.4489328018e-01
4.4647178425e-01
4.4795290600e-01
4.4943402776e-01
4.5091514951e-01
4.5239627126e-01
4.5383615507e-01
4.5527603888e-01
4.5671592268e-01
4.5815580649e-01
4.5957906529e-01
4.6100232409e-01
4.6242558288e-01
4.6384884168e-01
4.6527118411e-01
4.6669352654e-01
4.6811586897e-01
4.6953821140e-01
4.7097188735e-01
4.7240556331e-01
4.7383923926e-01
4.7527291522e-01
4.7672900470e-01
4.7818509418e-01
4.7964118367e-01
4.8109727315e-01
4.8258831558e-01
4.8407935801e-01
4.8557040044e-01
4.8706144287e-01
4.8861078966e-01
4.9016013646e-01
4.9170948326e-01
4.9325883005e-01
4.9504025195e-01
4.9682167385e-01
4.9860309574e-01
5.0038451764e-01
5.0193247530e-01
5.0348043295e-01
5.0502839060e-01
5.0657634826e-01
5.0806929938e-01
5.0956225051e-01
5.1105520164e-01
5.1254815276e-01
5.1400638288e-01
5.1546461301e-01
5.1692284313e-01
5.1838107325e-01
5.1981641466e-01
5.2125175608e-01
5.2268709749e-01
5.2412243891e-01
5.2554548470e-01
5.2696853050e-01
5.2839157629e-01
5.2981462209e-01
5.3123710345e-01
5.3265958481e-01
5.3408206617e-01
5.3550454754e-01
5.3694179156e-01
5.3837903559e-01
5.3981627962e-01
5.4125352365e-01
5.4273023625e-01
5.4420694886e-01
5.4568366146e-01
5.4716037407e-01
5.4874034861e-01
5.5032032315e-01
5.5190029769e-01
5.5348027223e-01
5.5525252632e-01
5.5702478042e-01
5.5879703451e-01
5.6056928861e-01
5.6210380299e-01
5.6363831737e-01
5.6517283176e-01
5.6670734614e-01
5.6816408730e-01
5.6962082845e-01
5.7107756961e-01
5.7253431076e-01
5.7395736964e-01
5.7538042852e-01
5.7680348740e-01
5.7822654628e-01
5.7963947290e-01
5.8105239951e-01
5.8246532613e-01
5.8387825274e-01
5.8530077724e-01
5.8672330173e-01
5.8814582622e-01
5.8956835071e-01
5.9102781959e-01
5.9248728846e-01
5.9394675733e-01
5.9540622620e-01
5.9689394379e-01
5.9838166138e-01
5.9986937898e-01
6.0135709657e-01
6.0286122499e-01
6.0436535340e-01
6.0586948181e-01
6.0737361023e-01
6.0894641795e-01
6.1051922568e-01
6.1209203340e-01
6.1366484112e-01
6.1528094249e-01
6.1689704385e-01
6.1851314522e-01
6.2012924659e-01
6.2170959845e-01
6.2328995032e-01
6.2487030218e-01
6.2645065405e-01
6.2804563897e-01
6.2964062388e-01
6.3123560880e-01
6.3283059372e-01
6.3446989802e-01
6.3610920233e-01
6.3774850663e-01
6.3938781094e-01
6.4110999234e-01
6.4283217374e-01
6.4455435514e-01
6.4627653654e-01
6.4816887697e-01
6.5006121739e-01
6.5195355782e-01
6.5384589824e-01
6.5590231300e-01
6.5795872777e-01
6.6001514253e-01
6.6207155730e-01
6.6392780540e-01
6.6578405350e-01
6.6764030159e-01
6.6949654969e-01
6.7130130672e-01
6.7310606375e-01
6.7491082079e-01
6.7671557782e-01
6.7850800718e-01
6.8030043654e-01
6.8209286591e-01
6.8388529527e-01
6.8568611531e-01
6.8748693536e-01
6.8928775540e-01
6.9108857544e-01
6.9291228607e-01
6.9473599670e-01
6.9655970733e-01
6.9838341796e-01
7.0024203970e-01
7.0210066144e-01
7.0395928318e-01
7.0581790492e-01
7.0772272454e-01
7.0962754417e-01
7.1153236379e-01
7.1343718341e-01
7.1540003660e-01
7.1736288978e-01
7.1932574297e-01
7.2128859616e-01
7.2332398303e-01
7.2535936990e-01
7.2739475678e-01
7.2943014365e-01
7.3156302195e-01
7.3369590024e-01
7.3582877854e-01
7.3796165683e-01
7.4024899634e-01
7.4253633586e-01
7.4482367537e-01
7.4711101489e-01
7.4933751179e-01
7.5156400869e-01
7.5379050560e-01
7.5601700250e-01
7.5811708929e-01
7.6021717608e-01
7.6231726286e-01
7.6441734965e-01
7.6643363038e-01
7.6844991112e-01
7.7046619185e-01
7.7248247258e-01
7.7443237667e-01
7.7638228076e-01
7.7833218485e-01
7.8028208895e-01
7.8217791680e-01
7.8407374466e-01
7.8596957252e-01
7.8786540037e-01
7.8971788179e-01
7.9157036321e-01
7.9342284464e-01
7.9527532606e-01
7.9709508200e-01
7.9891483794e-01
8.0073459388e-01
8.0255434982e-01
8.0435307653e-01
8.0615180323e-01
8.0795052994e-01
8.0974925665e-01
8.1154165930e-01
8.1333406195e-01
8.1512646461e-01
8.1691886726e-01
8.1872761209e-01
8.2053635693e-01
8.2234510176e-01
8.2415384659e-01
8.2603505364e-01
8.2791626068e-01
8.2979746772e-01
8.3167867476e-01
8.3379476805e-01
8.3591086134e-01
8.3802695462e-01
8.4014304791e-01
8.4199706692e-01
8.4385108594e-01
8.4570510495e-01
8.4755912397e-01
8.4927044040e-01
8.5098175684e-01
8.5269307328e-01
8.5440438971e-01
8.5604112808e-01
8.5767786644e-01
8.5931460480e-01
8.6095134316e-01
8.6254648842e-01
8.6414163368e-01
8.6573677893e-01
8.6733192419e-01
8.6891500050e-01
8.7049807681e-01
8.7208115312e-01
8.7366422943e-01
8.7527112702e-01
8.7687802461e-01
8.7848492219e-01
8.8009181978e-01
8.8166863352e-01
8.8324544726e-01
8.8482226101e-01
8.8639907475e-01
8.8790589559e-01
8.8941271644e-01
8.9091953729e-01
8.9242635813e-01
8.9391185599e-01
8.9539735384e-01
8.9688285169e-01
8.9836834955e-01
8.9983529815e-01
9.0130224675e-01
9.0276919535e-01
9.0423614395e-01
9.0566149578e-01
9.0708684761e-01
9.0851219944e-01
9.0993755127e-01
9.1135130167e-01
9.1276505207e-01
9.1417880247e-01
9.1559255287e-01
9.1701494278e-01
9.1843733270e-01
9.1985972261e-01
9.2128211253e-01
9.2273967545e-01
9.2419723837e-01
9.2565480129e-01
9.2711236421e-01
9.2868249273e-01
9.3025262125e-01
9.3182274977e-01
9.3339287829e-01
9.3522592239e-01
9.3705896648e-01
9.3889201058e-01
9.4072505467e-01
9.4229167055e-01
9.4385828643e-01
9.4542490231e-01
9.4699151819e-01
9.4846799465e-01
9.4994447112e-01
9.5142094758e-01
9.5289742405e-01
9.5433527217e-01
9.5577312029e-01
9.5721096842e-01
9.5864881654e-01
9.6007157249e-01
9.6149432844e-01
9.6291708439e-01
9.6433984034e-01
9.6576281610e-01
9.6718579187e-01
9.6860876763e-01
9.7003174340e-01
9.7146702944e-01
9.7290231548e-01
9.7433760153e-01
9.7577288757e-01
9.7723159936e-01
9.7869031115e-01
9.8014902294e-01
9.8160773473e-01
9.8310272585e-01
9.8459771697e-01
9.8609270809e-01
9.8758769921e-01
9.8913923681e-01
9.9069077441e-01
9.9224231201e-01
9.9379384961e-01
9.9534538720e-01
9.9689692480e-01
9.9844846240e-01
1.0000000000e+00
