2.5194043140e-01
2.5212848108e-01
2.5269291074e-01
2.5363456299e-01
2.5495484364e-01
2.5581090779e-01
2.5677474029e-01
2.5784674720e-01
2.5902738014e-01
2.5983405958e-01
2.6068491517e-01
2.6158009155e-01
2.6251974093e-01
2.6321413324e-01
2.6393109429e-01
2.6467068556e-01
2.6543297046e-01
2.6602502916e-01
2.6663015357e-01
2.6724837341e-01
2.6787971905e-01
2.6838852652e-01
2.6890558463e-01
2.6943090927e-01
2.6996451659e-01
2.7041565567e-01
2.7087257085e-01
2.7133527187e-01
2.7180376859e-01
2.7221740513e-01
2.7263547074e-01
2.7305797215e-01
2.7348491615e-01
2.7390296162e-01
2.7432519293e-01
2.7475161623e-01
2.7518223764e-01
2.7555458162e-01
2.7593001618e-01
2.7630854479e-01
2.7669017062e-01
2.7700673237e-01
2.7732539731e-01
2.7764616646e-01
2.7796904040e-01
2.7823631320e-01
2.7850501109e-01
2.7877513340e-01
2.7904667896e-01
2.7929718079e-01
2.7954887850e-01
2.7980176966e-01
2.8005585116e-01
2.8036866313e-01
2.8068324555e-01
2.8099958653e-01
2.8131767102e-01
2.8156990888e-01
2.8182320984e-01
2.8207756084e-01
2.8233294668e-01
2.8256125031e-01
2.8279034666e-01
2.8302021978e-01
2.8325085181e-01
2.8348819015e-01
2.8372628225e-01
2.8396510184e-01
2.8420462010e-01
2.8445065081e-01
2.8469734493e-01
2.8494466290e-01
2.8519256230e-01
2.8543262217e-01
2.8567313958e-01
2.8591406913e-01
2.8615536337e-01
2.8645536683e-01
2.8675575814e-01
2.8705643590e-01
2.8735729591e-01
2.8766154257e-01
2.8796575562e-01
2.8826982312e-01
2.8857363312e-01
2.8889866190e-01
2.8922313214e-01
2.8954691100e-01
2.8986986876e-01
2.9019145201e-01
2.9051196918e-01
2.9083130350e-01
2.9114934312e-01
2.9149420082e-01
2.9183726485e-01
2.9217841219e-01
2.9251752755e-01
2.9291155814e-01
2.9330250147e-01
2.9369021256e-01
2.9407455998e-01
2.9457754274e-01
2.9507419472e-01
2.9556431027e-01
2.9604771632e-01
2.9663149177e-01
2.9720474300e-01
2.9776731495e-01
2.9831910025e-01
2.9883379013e-01
2.9933863860e-01
2.9983364467e-01
3.0031882939e-01
3.0082302197e-01
3.0131626680e-01
3.0179864855e-01
3.0227026638e-01
3.0278605406e-01
3.0328863904e-01
3.0377820468e-01
3.0425494414e-01
3.0479436007e-01
3.0531697270e-01
3.0582311576e-01
3.0631312746e-01
3.0688895625e-01
3.0744195170e-01
3.0797272784e-01
3.0848189335e-01
3.0911331211e-01
3.0971043158e-01
3.1027452434e-01
3.1080683055e-01
3.1147325290e-01
3.1208742590e-01
3.1265204927e-01
3.1316970819e-01
3.1366843411e-01
3.1412025255e-01
3.1452780127e-01
3.1489357570e-01
3.1519432679e-01
3.1546362305e-01
3.1570305880e-01
3.1591411431e-01
3.1610673089e-01
3.1627096333e-01
3.1640807611e-01
3.1651916241e-01
3.1660305040e-01
3.1666388971e-01
3.1670217394e-01
3.1671821804e-01
3.1671267587e-01
3.1668633528e-01
3.1663899185e-01
3.1657028204e-01
3.1647662204e-01
3.1635900574e-01
3.1621653397e-01
3.1604815108e-01
3.1581862961e-01
3.1555045303e-01
3.1524126049e-01
3.1488846428e-01
3.1453611208e-01
3.1414501385e-01
3.1371294133e-01
3.1323754346e-01
3.1282588041e-01
3.1238380677e-01
3.1190996507e-01
3.1140294821e-01
3.1097925034e-01
3.1053333024e-01
3.1006443493e-01
3.0957179267e-01
3.0914365759e-01
3.0869810653e-01
3.0823466872e-01
3.0775286627e-01
3.0732476749e-01
3.0688250346e-01
3.0642576404e-01
3.0595423807e-01
3.0552703491e-01
3.0508794101e-01
3.0463674741e-01
3.0417324809e-01
3.0374394174e-01
3.0330429065e-01
3.0285415519e-01
3.0239340206e-01
3.0194656917e-01
3.0148997683e-01
3.0102353533e-01
3.0054716613e-01
3.0001080977e-01
2.9946226077e-01
2.9890148171e-01
2.9832846796e-01
2.9787316147e-01
2.9741046938e-01
2.9694044538e-01
2.9646316437e-01
2.9606135788e-01
2.9565468395e-01
2.9524322635e-01
2.9482708361e-01
2.9447840878e-01
2.9412666267e-01
2.9377192808e-01
2.9341429678e-01
2.9308804359e-01
2.9275958014e-01
2.9242899525e-01
2.9209638470e-01
2.9178791325e-01
2.9147789215e-01
2.9116641262e-01
2.9085357095e-01
2.9051380400e-01
2.9017269692e-01
2.8983039058e-01
2.8948703170e-01
2.8919891279e-01
2.8891025450e-01
2.8862115039e-01
2.8833169556e-01
2.8805101129e-01
2.8777017621e-01
2.8748927846e-01
2.8720840588e-01
2.8696982315e-01
2.8673137416e-01
2.8649311066e-01
2.8625508332e-01
2.8600012265e-01
2.8574554929e-01
2.8549141989e-01
2.8523778859e-01
2.8499723454e-01
2.8475721869e-01
2.8451778034e-01
2.8427895626e-01
2.8404494412e-01
2.8381158797e-01
2.8357891546e-01
2.8334695189e-01
2.8309186122e-01
2.8283768946e-01
2.8258446138e-01
2.8233219889e-01
2.8204042476e-01
2.8175000517e-01
2.8146096212e-01
2.8117331405e-01
2.8091315314e-01
2.8065416626e-01
2.8039636134e-01
2.8013974491e-01
2.7985645306e-01
2.7957463623e-01
2.7929429890e-01
2.7901544447e-01
2.7865924812e-01
2.7830550859e-01
2.7795422787e-01
2.7760540672e-01
2.7711976677e-01
2.7663897295e-01
2.7616302079e-01
2.7569190460e-01
2.7525024941e-01
2.7481291858e-01
2.7437990593e-01
2.7395120512e-01
2.7346249040e-01
2.7297948393e-01
2.7250217583e-01
2.7203055625e-01
2.7144298981e-01
2.7086446327e-01
2.7029495744e-01
2.6973445336e-01
2.6895655153e-01
2.6819659032e-01
2.6745451905e-01
2.6673028821e-01
2.6551937524e-01
2.6436146956e-01
2.6325634000e-01
2.6220376594e-01
2.5985952728e-01
2.5782283294e-01
2.5609127235e-01
2.5466279614e-01
2.5313756984e-01
2.5223093717e-01
2.5194068224e-01
2.5226609585e-01
2.5281794742e-01
2.5363848844e-01
2.5472859099e-01
2.5608941366e-01
2.5696150090e-01
2.5791760907e-01
2.5895805079e-01
2.6008316627e-01
2.6087077455e-01
2.6169539796e-01
2.6255715351e-01
2.6345616347e-01
2.6412210871e-01
2.6480722645e-01
2.6551156641e-01
2.6623517973e-01
2.6679987502e-01
2.6737582861e-01
2.6796306478e-01
2.6856160832e-01
2.6905243439e-01
2.6955064054e-01
2.7005624044e-01
2.7056924795e-01
2.7100793046e-01
2.7145190654e-01
2.7190118485e-01
2.7235577411e-01
2.7276869763e-01
2.7318592097e-01
2.7360745060e-01
2.7403329303e-01
2.7443652583e-01
2.7484356175e-01
2.7525440601e-01
2.7566906375e-01
2.7604200470e-01
2.7641798459e-01
2.7679700644e-01
2.7717907287e-01
2.7748209253e-01
2.7778700229e-01
2.7809380248e-01
2.7840249292e-01
2.7866248591e-01
2.7892380350e-01
2.7918644438e-01
2.7945040669e-01
2.7970912946e-01
2.7996910385e-01
2.8023032595e-01
2.8049279083e-01
2.8075077066e-01
2.8100992723e-01
2.8127025206e-01
2.8153173500e-01
2.8178392477e-01
2.8203715888e-01
2.8229142263e-01
2.8254669902e-01
2.8278270573e-01
2.8301953765e-01
2.8325717526e-01
2.8349559678e-01
2.8375730683e-01
2.8401989102e-01
2.8428331048e-01
2.8454752252e-01
2.8479837430e-01
2.8504985225e-01
2.8530191068e-01
2.8555450098e-01
2.8580231695e-01
2.8605054292e-01
2.8629912597e-01
2.8654801118e-01
2.8682154379e-01
2.8709529506e-01
2.8736918609e-01
2.8764313659e-01
2.8799058589e-01
2.8833783334e-01
2.8868471230e-01
2.8903105737e-01
2.8935758684e-01
2.8968335992e-01
2.9000824556e-01
2.9033211676e-01
2.9066343040e-01
2.9099341853e-01
2.9132195978e-01
2.9164893881e-01
2.9200861681e-01
2.9236611202e-01
2.9272129527e-01
2.9307404680e-01
2.9350807304e-01
2.9393799637e-01
2.9436364546e-01
2.9478486847e-01
2.9528734799e-01
2.9578298067e-01
2.9627159850e-01
2.9675306416e-01
2.9730055922e-01
2.9783822457e-01
2.9836597146e-01
2.9888374556e-01
2.9939885961e-01
2.9990368482e-01
3.0039824647e-01
3.0088259004e-01
3.0139030725e-01
3.0188646051e-01
3.0237116125e-01
3.0284453414e-01
3.0336699746e-01
3.0387532328e-01
3.0436973259e-01
3.0485045489e-01
3.0539978553e-01
3.0593082484e-01
3.0644397120e-01
3.0693962531e-01
3.0752939193e-01
3.0809373937e-01
3.0863341567e-01
3.0914915851e-01
3.0980526545e-01
3.1042124679e-01
3.1099876885e-01
3.1153944664e-01
3.1214245114e-01
3.1269714402e-01
3.1320602310e-01
3.1367147694e-01
3.1409687062e-01
3.1448308625e-01
3.1483220186e-01
3.1514618305e-01
3.1543914221e-01
3.1569763275e-01
3.1592348535e-01
3.1611837288e-01
3.1627045192e-01
3.1639902665e-01
3.1650498451e-01
3.1658907813e-01
3.1665096534e-01
3.1669280883e-01
3.1671491211e-01
3.1671743699e-01
3.1669486165e-01
3.1664421590e-01
3.1656497748e-01
3.1645634381e-01
3.1633287338e-01
3.1618388323e-01
3.1600825646e-01
3.1580472341e-01
3.1556675348e-01
3.1529659023e-01
3.1499244201e-01
3.1465238263e-01
3.1428205871e-01
3.1387317092e-01
3.1342355083e-01
3.1293091774e-01
3.1251482903e-01
3.1206987477e-01
3.1159482653e-01
3.1108841376e-01
3.1066191194e-01
3.1021401450e-01
3.0974402309e-01
3.0925122307e-01
3.0882194144e-01
3.0837583120e-01
3.0791245323e-01
3.0743136260e-01
3.0700282790e-01
3.0656055352e-01
3.0610424936e-01
3.0563362509e-01
3.0520606199e-01
3.0476691736e-01
3.0431599605e-01
3.0385310646e-01
3.0342271883e-01
3.0298219510e-01
3.0253140606e-01
3.0207022947e-01
3.0162049735e-01
3.0116111825e-01
3.0069201241e-01
3.0021311228e-01
2.9971944423e-01
2.9921569383e-01
2.9870184440e-01
2.9817790325e-01
2.9772185603e-01
2.9725849348e-01
2.9678787525e-01
2.9631008270e-01
2.9591479284e-01
2.9551486197e-01
2.9511037353e-01
2.9470142488e-01
2.9435561235e-01
2.9400682509e-01
2.9365514606e-01
2.9330066694e-01
2.9297537817e-01
2.9264793202e-01
2.9231841824e-01
2.9198693339e-01
2.9167819271e-01
2.9136793698e-01
2.9105625896e-01
2.9074325647e-01
2.9034600288e-01
2.8994701711e-01
2.8954652862e-01
2.8914477700e-01
2.8886406441e-01
2.8858294473e-01
2.8830150554e-01
2.8801983530e-01
2.8775681268e-01
2.8749373878e-01
2.8723068576e-01
2.8696772514e-01
2.8672643341e-01
2.8648533274e-01
2.8624447556e-01
2.8600391297e-01
2.8572409429e-01
2.8544481765e-01
2.8516615449e-01
2.8488817223e-01
2.8465464381e-01
2.8442167847e-01
2.8418930920e-01
2.8395756670e-01
2.8370853452e-01
2.8346029582e-01
2.8321288015e-01
2.8296631412e-01
2.8270534310e-01
2.8244538312e-01
2.8218645643e-01
2.8192858243e-01
2.8165540831e-01
2.8138346189e-01
2.8111275776e-01
2.8084330816e-01
2.8058062950e-01
2.8031917186e-01
2.8005894167e-01
2.7979994415e-01
2.7950355921e-01
2.7920881560e-01
2.7891571700e-01
2.7862426600e-01
2.7825004816e-01
2.7787858714e-01
2.7750988362e-01
2.7714393721e-01
2.7667712714e-01
2.7621487561e-01
2.7575717750e-01
2.7530402695e-01
2.7485722481e-01
2.7441492062e-01
2.7397710764e-01
2.7354377904e-01
2.7304022022e-01
2.7254283495e-01
2.7205161215e-01
2.7156654080e-01
2.7095363493e-01
2.7035079932e-01
2.6975801161e-01
2.6917524979e-01
2.6835337529e-01
2.6755219596e-01
2.6677165004e-01
2.6601167732e-01
2.6474023234e-01
2.6353039866e-01
2.6238189472e-01
2.6129445323e-01
2.5909337504e-01
2.5719063766e-01
2.5558405004e-01
2.5427176215e-01
2.5325092196e-01
2.5252259146e-01
2.5208592938e-01
2.5194043136e-01
