0.0000000000e+00
9.1795428482e-03
1.8359085696e-02
2.7538628545e-02
3.6718171393e-02
4.1617476142e-02
4.6516780892e-02
5.1416085642e-02
5.6315390391e-02
5.9429836579e-02
6.2544282768e-02
6.5658728956e-02
6.8773175144e-02
7.0991537784e-02
7.3209900423e-02
7.5428263063e-02
7.7646625702e-02
7.9331557327e-02
8.1016488952e-02
8.2701420576e-02
8.4386352201e-02
8.5717187104e-02
8.7048022008e-02
8.8378856911e-02
8.9709691815e-02
9.0818273481e-02
9.1926855148e-02
9.3035436815e-02
9.4144018482e-02
9.5109347728e-02
9.6074676974e-02
9.7040006220e-02
9.8005335465e-02
9.8924054694e-02
9.9842773922e-02
1.0076149315e-01
1.0168021238e-01
1.0249839925e-01
1.0331658613e-01
1.0413477300e-01
1.0495295987e-01
1.0563428266e-01
1.0631560545e-01
1.0699692824e-01
1.0767825102e-01
1.0822834005e-01
1.0877842908e-01
1.0932851812e-01
1.0987860715e-01
1.1037536431e-01
1.1087212147e-01
1.1136887862e-01
1.1186563578e-01
1.1239125276e-01
1.1291686974e-01
1.1344248672e-01
1.1396810370e-01
1.1445076840e-01
1.1493343310e-01
1.1541609779e-01
1.1589876249e-01
1.1635373687e-01
1.1680871125e-01
1.1726368563e-01
1.1771866001e-01
1.1814019612e-01
1.1856173224e-01
1.1898326835e-01
1.1940480446e-01
1.1991644908e-01
1.2042809369e-01
1.2093973830e-01
1.2145138292e-01
1.2188156467e-01
1.2231174643e-01
1.2274192819e-01
1.2317210995e-01
1.2363611995e-01
1.2410012996e-01
1.2456413996e-01
1.2502814997e-01
1.2553083261e-01
1.2603351525e-01
1.2653619788e-01
1.2703888052e-01
1.2768058038e-01
1.2832228024e-01
1.2896398010e-01
1.2960567996e-01
1.3017640133e-01
1.3074712269e-01
1.3131784405e-01
1.3188856541e-01
1.3250290566e-01
1.3311724592e-01
1.3373158617e-01
1.3434592643e-01
1.3503324843e-01
1.3572057044e-01
1.3640789245e-01
1.3709521446e-01
1.3800227907e-01
1.3890934369e-01
1.3981640831e-01
1.4072347293e-01
1.4174975276e-01
1.4277603260e-01
1.4380231243e-01
1.4482859227e-01
1.4599345681e-01
1.4715832136e-01
1.4832318591e-01
1.4948805046e-01
1.5064925219e-01
1.5181045392e-01
1.5297165565e-01
1.5413285738e-01
1.5540237988e-01
1.5667190239e-01
1.5794142489e-01
1.5921094739e-01
1.6065692595e-01
1.6210290450e-01
1.6354888306e-01
1.6499486161e-01
1.6670515176e-01
1.6841544190e-01
1.7012573204e-01
1.7183602218e-01
1.7395781764e-01
1.7607961310e-01
1.7820140856e-01
1.8032320402e-01
1.8310225293e-01
1.8588130184e-01
1.8866035076e-01
1.9143939967e-01
1.9481169043e-01
1.9818398119e-01
2.0155627195e-01
2.0492856271e-01
2.0835922593e-01
2.1178988915e-01
2.1522055237e-01
2.1865121558e-01
2.2253902833e-01
2.2642684108e-01
2.3031465382e-01
2.3420246657e-01
2.3764476201e-01
2.4108705745e-01
2.4452935290e-01
2.4797164834e-01
2.5137710288e-01
2.5478255742e-01
2.5818801196e-01
2.6159346650e-01
2.6509918776e-01
2.6860490902e-01
2.7211063029e-01
2.7561635155e-01
2.7943604084e-01
2.8325573012e-01
2.8707541940e-01
2.9089510869e-01
2.9410019054e-01
2.9730527238e-01
3.0051035423e-01
3.0371543608e-01
3.0618873472e-01
3.0866203336e-01
3.1113533199e-01
3.1360863063e-01
3.1561985845e-01
3.1763108627e-01
3.1964231409e-01
3.2165354191e-01
3.2334900008e-01
3.2504445825e-01
3.2673991641e-01
3.2843537458e-01
3.2990392797e-01
3.3137248135e-01
3.3284103474e-01
3.3430958812e-01
3.3561277373e-01
3.3691595933e-01
3.3821914493e-01
3.3952233053e-01
3.4071103122e-01
3.4189973191e-01
3.4308843259e-01
3.4427713328e-01
3.4541922344e-01
3.4656131361e-01
3.4770340377e-01
3.4884549393e-01
3.5003844912e-01
3.5123140431e-01
3.5242435950e-01
3.5361731469e-01
3.5456998122e-01
3.5552264775e-01
3.5647531428e-01
3.5742798080e-01
3.5822919317e-01
3.5903040553e-01
3.5983161789e-01
3.6063283025e-01
3.6130464764e-01
3.6197646503e-01
3.6264828241e-01
3.6332009980e-01
3.6392965177e-01
3.6453920373e-01
3.6514875570e-01
3.6575830767e-01
3.6634121442e-01
3.6692412117e-01
3.6750702792e-01
3.6808993468e-01
3.6873206363e-01
3.6937419259e-01
3.7001632154e-01
3.7065845050e-01
3.7116797511e-01
3.7167749972e-01
3.7218702433e-01
3.7269654894e-01
3.7319038447e-01
3.7368421999e-01
3.7417805552e-01
3.7467189105e-01
3.7510065826e-01
3.7552942546e-01
3.7595819267e-01
3.7638695988e-01
3.7684930807e-01
3.7731165627e-01
3.7777400446e-01
3.7823635266e-01
3.7866278409e-01
3.7908921551e-01
3.7951564694e-01
3.7994207836e-01
3.8037002066e-01
3.8079796296e-01
3.8122590526e-01
3.8165384757e-01
3.8212552681e-01
3.8259720605e-01
3.8306888529e-01
3.8354056453e-01
3.8409566574e-01
3.8465076694e-01
3.8520586815e-01
3.8576096936e-01
3.8625461654e-01
3.8674826373e-01
3.8724191091e-01
3.8773555810e-01
3.8828475103e-01
3.8883394397e-01
3.8938313691e-01
3.8993232984e-01
3.9070816266e-01
3.9148399549e-01
3.9225982831e-01
3.9303566113e-01
3.9428891257e-01
3.9554216400e-01
3.9679541544e-01
3.9804866687e-01
3.9902802993e-01
4.0000739298e-01
4.0098675603e-01
4.0196611909e-01
4.0312630080e-01
4.0428648252e-01
4.0544666423e-01
4.0660684595e-01
4.0811467474e-01
4.0962250352e-01
4.1113033231e-01
4.1263816110e-01
4.1487568630e-01
4.1711321151e-01
4.1935073671e-01
4.2158826192e-01
4.2574788663e-01
4.2990751134e-01
4.3406713605e-01
4.3822676075e-01
4.4736723638e-01
4.5650771201e-01
4.6564818764e-01
4.7478866327e-01
4.8750775069e-01
5.0022683810e-01
5.1294592552e-01
5.2566501294e-01
5.3181481615e-01
5.3796461937e-01
5.4411442258e-01
5.5026422579e-01
5.5391891546e-01
5.5757360512e-01
5.6122829479e-01
5.6488298445e-01
5.6737964187e-01
5.6987629929e-01
5.7237295671e-01
5.7486961413e-01
5.7671386685e-01
5.7855811958e-01
5.8040237231e-01
5.8224662503e-01
5.8368796386e-01
5.8512930268e-01
5.8657064151e-01
5.8801198033e-01
5.8919149654e-01
5.9037101274e-01
5.9155052894e-01
5.9273004515e-01
5.9374105399e-01
5.9475206283e-01
5.9576307167e-01
5.9677408051e-01
5.9774396714e-01
5.9871385377e-01
5.9968374041e-01
6.0065362704e-01
6.0163464549e-01
6.0261566394e-01
6.0359668240e-01
6.0457770085e-01
6.0526390818e-01
6.0595011551e-01
6.0663632285e-01
6.0732253018e-01
6.0788923619e-01
6.0845594220e-01
6.0902264822e-01
6.0958935423e-01
6.1009433380e-01
6.1059931336e-01
6.1110429293e-01
6.1160927249e-01
6.1211445392e-01
6.1261963536e-01
6.1312481679e-01
6.1362999822e-01
6.1414707071e-01
6.1466414321e-01
6.1518121571e-01
6.1569828821e-01
6.1613858853e-01
6.1657888886e-01
6.1701918918e-01
6.1745948951e-01
6.1788165162e-01
6.1830381372e-01
6.1872597583e-01
6.1914813794e-01
6.1958913321e-01
6.2003012848e-01
6.2047112375e-01
6.2091211901e-01
6.2135275534e-01
6.2179339168e-01
6.2223402801e-01
6.2267466434e-01
6.2312789397e-01
6.2358112361e-01
6.2403435324e-01
6.2448758287e-01
6.2502542126e-01
6.2556325964e-01
6.2610109802e-01
6.2663893641e-01
6.2719098535e-01
6.2774303429e-01
6.2829508323e-01
6.2884713217e-01
6.2942741752e-01
6.3000770288e-01
6.3058798824e-01
6.3116827359e-01
6.3176091330e-01
6.3235355300e-01
6.3294619271e-01
6.3353883241e-01
6.3420195431e-01
6.3486507620e-01
6.3552819810e-01
6.3619132000e-01
6.3700584215e-01
6.3782036430e-01
6.3863488646e-01
6.3944940861e-01
6.4047870926e-01
6.4150800991e-01
6.4253731056e-01
6.4356661121e-01
6.4476827410e-01
6.4596993700e-01
6.4717159989e-01
6.4837326279e-01
6.4952804804e-01
6.5068283330e-01
6.5183761855e-01
6.5299240380e-01
6.5423432892e-01
6.5547625403e-01
6.5671817914e-01
6.5796010425e-01
6.5936215519e-01
6.6076420613e-01
6.6216625708e-01
6.6356830802e-01
6.6521315212e-01
6.6685799622e-01
6.6850284032e-01
6.7014768442e-01
6.7217064978e-01
6.7419361513e-01
6.7621658048e-01
6.7823954583e-01
6.8088322703e-01
6.8352690823e-01
6.8617058943e-01
6.8881427063e-01
6.9212647596e-01
6.9543868129e-01
6.9875088662e-01
7.0206309195e-01
7.0564406063e-01
7.0922502930e-01
7.1280599798e-01
7.1638696666e-01
7.2005749459e-01
7.2372802253e-01
7.2739855046e-01
7.3106907839e-01
7.3437578799e-01
7.3768249759e-01
7.4098920718e-01
7.4429591678e-01
7.4770476868e-01
7.5111362058e-01
7.5452247248e-01
7.5793132438e-01
7.6172353853e-01
7.6551575269e-01
7.6930796685e-01
7.7310018100e-01
7.7655206867e-01
7.8000395634e-01
7.8345584400e-01
7.8690773167e-01
7.9015778338e-01
7.9340783508e-01
7.9665788679e-01
7.9990793849e-01
8.0258510292e-01
8.0526226734e-01
8.0793943176e-01
8.1061659618e-01
8.1275954773e-01
8.1490249929e-01
8.1704545084e-01
8.1918840239e-01
8.2097588620e-01
8.2276337000e-01
8.2455085381e-01
8.2633833762e-01
8.2787364040e-01
8.2940894319e-01
8.3094424598e-01
8.3247954876e-01
8.3383118855e-01
8.3518282833e-01
8.3653446812e-01
8.3788610790e-01
8.3910662066e-01
8.4032713342e-01
8.4154764618e-01
8.4276815894e-01
8.4391960510e-01
8.4507105126e-01
8.4622249742e-01
8.4737394358e-01
8.4856412803e-01
8.4975431249e-01
8.5094449695e-01
8.5213468141e-01
8.5312952498e-01
8.5412436855e-01
8.5511921213e-01
8.5611405570e-01
8.5699655833e-01
8.5787906096e-01
8.5876156359e-01
8.5964406622e-01
8.6034757156e-01
8.6105107690e-01
8.6175458224e-01
8.6245808758e-01
8.6308220731e-01
8.6370632703e-01
8.6433044676e-01
8.6495456648e-01
8.6553425922e-01
8.6611395196e-01
8.6669364470e-01
8.6727333744e-01
8.6784616273e-01
8.6841898801e-01
8.6899181330e-01
8.6956463859e-01
8.7012029658e-01
8.7067595457e-01
8.7123161257e-01
8.7178727056e-01
8.7227605091e-01
8.7276483127e-01
8.7325361163e-01
8.7374239199e-01
8.7418423269e-01
8.7462607339e-01
8.7506791408e-01
8.7550975478e-01
8.7594605488e-01
8.7638235498e-01
8.7681865507e-01
8.7725495517e-01
8.7773800795e-01
8.7822106073e-01
8.7870411352e-01
8.7918716630e-01
8.7960583163e-01
8.8002449696e-01
8.8044316230e-01
8.8086182763e-01
8.8131862760e-01
8.8177542757e-01
8.8223222754e-01
8.8268902751e-01
8.8318498966e-01
8.8368095182e-01
8.8417691397e-01
8.8467287613e-01
8.8517213138e-01
8.8567138664e-01
8.8617064189e-01
8.8666989714e-01
8.8718099550e-01
8.8769209386e-01
8.8820319221e-01
8.8871429057e-01
8.8931348246e-01
8.8991267435e-01
8.9051186624e-01
8.9111105813e-01
8.9187460445e-01
8.9263815078e-01
8.9340169710e-01
8.9416524343e-01
8.9510038401e-01
8.9603552458e-01
8.9697066516e-01
8.9790580574e-01
8.9886975099e-01
8.9983369624e-01
9.0079764149e-01
9.0176158674e-01
9.0289652307e-01
9.0403145940e-01
9.0516639572e-01
9.0630133205e-01
9.0775192813e-01
9.0920252421e-01
9.1065312029e-01
9.1210371638e-01
9.1419640942e-01
9.1628910247e-01
9.1838179552e-01
9.2047448857e-01
9.2409015241e-01
9.2770581625e-01
9.3132148009e-01
9.3493714393e-01
9.4299640558e-01
9.5105566723e-01
9.5911492887e-01
9.6717419052e-01
9.7538064289e-01
9.8358709526e-01
9.9179354763e-01
1.0000000000e+00
