1.7333225889e-03
1.7796205585e-03
1.9209441382e-03
2.1647905181e-03
2.5241087877e-03
2.9485075338e-03
3.4930695429e-03
4.1797368392e-03
5.0360713002e-03
6.0358291415e-03
7.2543257190e-03
8.7346113081e-03
1.0528478226e-02
1.2448789403e-02
1.4721477762e-02
1.7407441198e-02
2.0577266995e-02
2.3616515628e-02
2.7092647379e-02
3.1063367382e-02
3.5592513965e-02
3.9736224637e-02
4.4336422573e-02
4.9436590918e-02
5.5082696796e-02
6.0695219533e-02
6.6829875979e-02
7.3524354850e-02
8.0816738494e-02
8.9407840057e-02
9.8787384061e-02
1.0899976271e-01
1.2008571675e-01
1.3080882252e-01
1.4228566495e-01
1.5453195273e-01
1.6755696942e-01
1.8024745019e-01
1.9359593129e-01
2.0759126345e-01
2.2221551735e-01
2.3677519216e-01
2.5186008403e-01
2.6743658840e-01
2.8346566699e-01
3.0178192818e-01
3.2053683495e-01
3.3965779848e-01
3.5906810067e-01
3.7710605649e-01
3.9525884476e-01
4.1346405331e-01
4.3166038511e-01
4.5226884469e-01
4.7270607167e-01
4.9289477717e-01
5.1276417251e-01
5.3339690035e-01
5.5353320052e-01
5.7311604604e-01
5.9209779328e-01
6.1272726313e-01
6.3250185644e-01
6.5139184368e-01
6.6937879866e-01
6.8620960429e-01
7.0215574440e-01
7.1722412672e-01
7.3142737734e-01
7.4591656371e-01
7.5942969682e-01
7.7199774591e-01
7.8365440447e-01
7.9601306421e-01
8.0726242514e-01
8.1745834870e-01
8.2665574333e-01
8.3675685391e-01
8.4549847910e-01
8.5296840961e-01
8.5924568103e-01
8.6584889666e-01
8.7061013696e-01
8.7363207619e-01
8.7498482612e-01
8.7485269038e-01
8.7355170025e-01
8.7106937830e-01
8.6737652129e-01
8.6332724956e-01
8.5836458984e-01
8.5244522926e-01
8.4551831485e-01
8.3888734662e-01
8.3146846883e-01
8.2322074004e-01
8.1410060390e-01
8.0529315961e-01
7.9573862150e-01
7.8540411796e-01
7.7425680026e-01
7.6299951664e-01
7.5096854092e-01
7.3813975604e-01
7.2449142470e-01
7.0953421796e-01
6.9366927233e-01
6.7688659315e-01
6.5918329088e-01
6.4242238606e-01
6.2492709939e-01
6.0671588600e-01
5.8781552429e-01
5.7078451547e-01
5.5328569327e-01
5.3535503790e-01
5.1703470978e-01
4.9968661780e-01
4.8208702977e-01
4.6428421233e-01
4.4633061212e-01
4.2707909033e-01
4.0779240262e-01
3.8854602920e-01
3.6941755409e-01
3.5125297174e-01
3.3333802504e-01
3.1573994056e-01
2.9852322298e-01
2.8225579744e-01
2.6645487305e-01
2.5116649125e-01
2.3643119698e-01
2.2084450997e-01
2.0601223115e-01
1.9196314791e-01
1.7871716649e-01
1.6574604704e-01
1.5366840286e-01
1.4248033699e-01
1.3217110384e-01
1.2270320661e-01
1.1408090826e-01
1.0628036079e-01
9.9275786939e-02
9.2617164747e-02
8.6810739502e-02
8.1825067154e-02
7.7630923317e-02
7.3884517860e-02
7.1043050929e-02
6.9082739306e-02
6.7986669002e-02
6.7738747041e-02
6.8279201267e-02
6.9612457046e-02
7.1749290617e-02
7.4358608983e-02
7.7641979235e-02
8.1618919300e-02
8.6311958793e-02
9.1773706443e-02
9.8011087382e-02
1.0505263246e-01
1.1292713657e-01
1.2141423988e-01
1.3074049699e-01
1.4092707476e-01
1.5199101808e-01
1.6317881507e-01
1.7515356457e-01
1.8791349569e-01
2.0144995149e-01
2.1479149525e-01
2.2877781407e-01
2.4338280128e-01
2.5857389053e-01
2.7583162585e-01
2.9368573642e-01
3.1206907503e-01
3.3090780122e-01
3.4934854020e-01
3.6806237453e-01
3.8697392950e-01
4.0600723902e-01
4.2531287077e-01
4.4459000295e-01
4.6376584756e-01
4.8277171417e-01
5.0322029684e-01
5.2331591689e-01
5.4299164269e-01
5.6218907109e-01
5.8310766007e-01
6.0330313767e-01
6.2273021411e-01
6.4135531373e-01
6.5970800492e-01
6.7716817612e-01
6.9373065099e-01
7.0939829839e-01
7.2488672091e-01
7.3941837322e-01
7.5301615883e-01
7.6570703765e-01
7.7912193869e-01
7.9144210631e-01
8.0271677876e-01
8.1299567518e-01
8.2408856554e-01
8.3389939145e-01
8.4250535598e-01
8.4997769702e-01
8.5801433879e-01
8.6440432047e-01
8.6924326097e-01
8.7260376323e-01
8.7451226867e-01
8.7506691278e-01
8.7426915644e-01
8.7209791090e-01
8.6930537979e-01
8.6555072355e-01
8.6079027316e-01
8.5497085006e-01
8.4928457454e-01
8.4278341593e-01
8.3542278224e-01
8.2715437405e-01
8.1922544399e-01
8.1054270683e-01
8.0106984020e-01
7.9076977998e-01
7.8052479057e-01
7.6951837595e-01
7.5772256042e-01
7.4511078786e-01
7.2938338334e-01
7.1248556372e-01
6.9439114922e-01
6.7508342125e-01
6.5813832781e-01
6.4035883098e-01
6.2175760314e-01
6.0235640931e-01
5.8504429426e-01
5.6719010952e-01
5.4882736019e-01
5.2999642003e-01
5.1279658585e-01
4.9529892153e-01
4.7754674643e-01
4.5958770962e-01
4.3973044304e-01
4.1976001960e-01
3.9975380488e-01
3.7979239358e-01
3.6171956926e-01
3.4381533522e-01
3.2614183087e-01
3.0875953795e-01
2.9156869964e-01
2.7478931380e-01
2.5847245384e-01
2.4266379206e-01
2.2635261035e-01
2.1070930742e-01
1.9576551174e-01
1.8154406755e-01
1.6693793949e-01
1.5320726123e-01
1.4034910329e-01
1.2835137394e-01
1.1737307694e-01
1.0718214668e-01
9.7748535368e-02
8.9038462961e-02
8.0317550204e-02
7.2364829445e-02
6.5129598041e-02
5.8561055804e-02
5.1215177989e-02
4.4737619802e-02
3.9039127569e-02
3.4036298877e-02
2.8299129057e-02
2.3503887505e-02
1.9505526133e-02
1.6178516834e-02
1.3321605229e-02
1.0969928742e-02
9.0378433226e-03
7.4538336965e-03
6.0389860803e-03
4.9107874901e-03
4.0165608325e-03
3.3142686488e-03
2.6700887751e-03
2.2170919996e-03
1.9230087745e-03
1.7668837989e-03
1.7348616439e-03
1.8020195607e-03
1.9721662663e-03
2.2549900834e-03
2.6034575538e-03
3.0632273300e-03
3.6537636043e-03
4.3999902559e-03
5.2661578922e-03
6.3272135539e-03
7.6215736799e-03
9.1957117427e-03
1.0915310833e-02
1.2961513870e-02
1.5392692773e-02
1.8277013772e-02
2.1118648113e-02
2.4392509467e-02
2.8159464990e-02
3.2487500928e-02
3.6432200605e-02
4.0832616885e-02
4.5734906903e-02
5.1188258661e-02
5.6515863691e-02
6.2353448429e-02
6.8739828604e-02
7.5714588597e-02
8.3787797928e-02
9.2612745007e-02
1.0223482660e-01
1.1269673382e-01
1.2324569287e-01
1.3458606185e-01
1.4673943044e-01
1.5972078980e-01
1.7214125070e-01
1.8524002391e-01
1.9900977382e-01
2.1343625346e-01
2.2771625778e-01
2.4254399806e-01
2.5788899578e-01
2.7371504320e-01
2.9147223096e-01
3.0969130064e-01
3.2830591422e-01
3.4724509553e-01
3.6541197985e-01
3.8373843944e-01
4.0215930216e-01
4.2060996029e-01
4.4054663549e-01
4.6036735395e-01
4.7999964249e-01
4.9937623310e-01
5.2000414191e-01
5.4019041322e-01
5.5987433995e-01
5.7900419689e-01
5.9983529944e-01
6.1986072842e-01
6.3904450328e-01
6.5736209702e-01
6.7486488088e-01
6.9147516942e-01
7.0719537586e-01
7.2203450355e-01
7.3706637508e-01
7.5111440689e-01
7.6420690725e-01
7.7637553635e-01
7.8912388397e-01
8.0077537687e-01
8.1138271888e-01
8.2099832651e-01
8.3146135388e-01
8.4061298938e-01
8.4853596195e-01
8.5530593633e-01
8.6266993664e-01
8.6823295064e-01
8.7210490100e-01
8.7436688419e-01
8.7506988039e-01
8.7452305884e-01
8.7272490701e-01
8.6965474205e-01
8.6601625899e-01
8.6139547633e-01
8.5574768431e-01
8.4901879334e-01
8.4267824594e-01
8.3553619111e-01
8.2755055727e-01
8.1867617349e-01
8.1014371481e-01
8.0086074476e-01
7.9079317739e-01
7.7990665723e-01
7.6902484098e-01
7.5737959332e-01
7.4494568465e-01
7.3169989744e-01
7.1212626651e-01
6.9093803015e-01
6.6811173188e-01
6.4364730189e-01
6.2726214704e-01
6.1024108278e-01
5.9260521725e-01
5.7438268740e-01
5.5692050242e-01
5.3901566661e-01
5.2070948593e-01
5.0204959629e-01
4.8475996954e-01
4.6726613362e-01
4.4961749423e-01
4.3186706568e-01
4.1075120657e-01
3.8966969541e-01
3.6872412148e-01
3.4801738908e-01
3.3109871430e-01
3.1447153458e-01
2.9819030904e-01
2.8230637933e-01
2.6524300460e-01
2.4878263731e-01
2.3297562208e-01
2.1786420154e-01
2.0305340048e-01
1.8904506755e-01
1.7585777325e-01
1.6350153817e-01
1.5123627321e-01
1.3991360338e-01
1.2952028210e-01
1.2003712657e-01
1.1164504676e-01
1.0407077048e-01
9.7287984799e-02
9.1269800577e-02
8.5410591107e-02
8.0439573581e-02
7.6324301771e-02
7.3036190990e-02
7.0261394138e-02
6.8507657652e-02
6.7757196870e-02
6.8002269703e-02
6.8983073563e-02
7.0679387813e-02
7.3103382087e-02
7.6272002395e-02
7.9913515166e-02
8.4240591089e-02
8.9276246823e-02
9.5045542319e-02
1.0188154949e-01
1.0957738067e-01
1.1816360096e-01
1.2766916940e-01
1.3709653973e-01
1.4731613838e-01
1.5834002780e-01
1.7017519030e-01
1.8221754480e-01
1.9499343845e-01
2.0849129050e-01
2.2269257432e-01
2.3650740818e-01
2.5088168691e-01
2.6578326776e-01
2.8117466006e-01
3.0018285608e-01
3.1975026962e-01
3.3978786749e-01
3.6020077587e-01
3.7759678801e-01
3.9512871866e-01
4.1273679983e-01
4.3036216689e-01
4.5064105471e-01
4.7078306846e-01
4.9070985979e-01
5.1034934945e-01
5.3077508736e-01
5.5073658097e-01
5.7017475075e-01
5.8903985710e-01
6.0990809900e-01
6.2992282679e-01
6.4905017003e-01
6.6726847556e-01
6.8403275242e-01
6.9993308695e-01
7.1497487094e-01
7.2916930377e-01
7.4389020917e-01
7.5762266057e-01
7.7039761239e-01
7.8224897628e-01
7.9487345226e-01
8.0636330238e-01
8.1677580143e-01
8.2616711872e-01
8.3639295736e-01
8.4525109800e-01
8.5282728007e-01
8.5919772137e-01
8.6577574894e-01
8.7054816468e-01
8.7359901402e-01
8.7497933882e-01
8.7487491918e-01
8.7364168988e-01
8.7125670929e-01
8.6768142989e-01
8.6376839946e-01
8.5895794278e-01
8.5320371175e-01
8.4645233952e-01
8.4001498576e-01
8.3280392328e-01
8.2477814865e-01
8.1589423867e-01
8.0724143277e-01
7.9784200477e-01
7.8766260945e-01
7.7666989007e-01
7.6559696009e-01
7.5375427359e-01
7.4111727264e-01
7.2766358597e-01
7.1048626155e-01
6.9208866221e-01
6.7245491900e-01
6.5158181662e-01
6.3534605818e-01
6.1844918295e-01
6.0090860573e-01
5.8274852650e-01
5.6535960267e-01
5.4749503501e-01
5.2919230585e-01
5.1049518761e-01
4.9340974373e-01
4.7608719231e-01
4.5857202227e-01
4.4091234028e-01
4.1791651644e-01
3.9488313377e-01
3.7193580717e-01
3.4920092375e-01
3.3211066484e-01
3.1527151174e-01
2.9873599474e-01
2.8255384916e-01
2.6447120234e-01
2.4697816164e-01
2.3012935434e-01
2.1397032618e-01
1.9835097559e-01
1.8350267440e-01
1.6944273205e-01
1.5617903368e-01
1.4321488112e-01
1.3110274385e-01
1.1982472951e-01
1.0935628135e-01
9.9697249914e-02
9.0778966456e-02
8.2564753610e-02
7.5015984086e-02
6.7052960121e-02
5.9867022009e-02
5.3396867013e-02
4.7582885880e-02
4.0988298201e-02
3.5267795020e-02
3.0316800537e-02
2.6040249415e-02
2.1489945216e-02
1.7722008891e-02
1.4608445265e-02
1.2040506135e-02
9.9024067427e-03
8.1503893706e-03
6.7181130061e-03
5.5507083573e-03
4.4809732578e-03
3.6454473394e-03
3.0009586032e-03
2.5140557205e-03
2.1594579986e-03
1.9186730085e-03
1.7790670555e-03
1.7333224948e-03
