0.0000000000e+00
9.4177625487e-03
1.8835525097e-02
2.8253287646e-02
3.7671050195e-02
4.2955885894e-02
4.8240721592e-02
5.3525557291e-02
5.8810392989e-02
6.2283140834e-02
6.5755888678e-02
6.9228636522e-02
7.2701384367e-02
7.5228013720e-02
7.7754643072e-02
8.0281272425e-02
8.2807901778e-02
8.4747400333e-02
8.6686898888e-02
8.8626397443e-02
9.0565895998e-02
9.2114187386e-02
9.3662478773e-02
9.5210770161e-02
9.6759061549e-02
9.8053135252e-02
9.9347208955e-02
1.0064128266e-01
1.0193535636e-01
1.0305864226e-01
1.0418192816e-01
1.0530521406e-01
1.0642849996e-01
1.0745319817e-01
1.0847789637e-01
1.0950259458e-01
1.1052729279e-01
1.1167433397e-01
1.1282137516e-01
1.1396841635e-01
1.1511545753e-01
1.1592769848e-01
1.1673993943e-01
1.1755218037e-01
1.1836442132e-01
1.1903163809e-01
1.1969885486e-01
1.2036607163e-01
1.2103328840e-01
1.2161349369e-01
1.2219369898e-01
1.2277390427e-01
1.2335410956e-01
1.2390186088e-01
1.2444961220e-01
1.2499736351e-01
1.2554511483e-01
1.2632552426e-01
1.2710593369e-01
1.2788634312e-01
1.2866675255e-01
1.2917883851e-01
1.2969092446e-01
1.3020301041e-01
1.3071509636e-01
1.3119612536e-01
1.3167715436e-01
1.3215818336e-01
1.3263921237e-01
1.3311836870e-01
1.3359752502e-01
1.3407668135e-01
1.3455583768e-01
1.3513685456e-01
1.3571787143e-01
1.3629888830e-01
1.3687990517e-01
1.3735601699e-01
1.3783212882e-01
1.3830824064e-01
1.3878435246e-01
1.3929513841e-01
1.3980592435e-01
1.4031671030e-01
1.4082749624e-01
1.4140378224e-01
1.4198006824e-01
1.4255635424e-01
1.4313264024e-01
1.4379617730e-01
1.4445971436e-01
1.4512325143e-01
1.4578678849e-01
1.4642401483e-01
1.4706124118e-01
1.4769846752e-01
1.4833569387e-01
1.4899600229e-01
1.4965631070e-01
1.5031661912e-01
1.5097692754e-01
1.5170302813e-01
1.5242912873e-01
1.5315522933e-01
1.5388132993e-01
1.5474187908e-01
1.5560242823e-01
1.5646297739e-01
1.5732352654e-01
1.5846713316e-01
1.5961073978e-01
1.6075434640e-01
1.6189795302e-01
1.6312438567e-01
1.6435081832e-01
1.6557725097e-01
1.6680368362e-01
1.6808512251e-01
1.6936656139e-01
1.7064800027e-01
1.7192943915e-01
1.7324885030e-01
1.7456826145e-01
1.7588767259e-01
1.7720708374e-01
1.7864938237e-01
1.8009168101e-01
1.8153397965e-01
1.8297627828e-01
1.8460587379e-01
1.8623546930e-01
1.8786506481e-01
1.8949466032e-01
1.9139387960e-01
1.9329309887e-01
1.9519231815e-01
1.9709153742e-01
1.9939238275e-01
2.0169322807e-01
2.0399407340e-01
2.0629491873e-01
2.0926769620e-01
2.1224047368e-01
2.1521325115e-01
2.1818602862e-01
2.2265893668e-01
2.2713184473e-01
2.3160475279e-01
2.3607766085e-01
2.4185020701e-01
2.4762275316e-01
2.5339529932e-01
2.5916784548e-01
2.6273849257e-01
2.6630913966e-01
2.6987978674e-01
2.7345043383e-01
2.7622909972e-01
2.7900776560e-01
2.8178643149e-01
2.8456509737e-01
2.8685783830e-01
2.8915057922e-01
2.9144332015e-01
2.9373606107e-01
2.9568753669e-01
2.9763901230e-01
2.9959048792e-01
3.0154196354e-01
3.0324222982e-01
3.0494249610e-01
3.0664276238e-01
3.0834302867e-01
3.0985552728e-01
3.1136802589e-01
3.1288052450e-01
3.1439302311e-01
3.1576826031e-01
3.1714349751e-01
3.1851873471e-01
3.1989397191e-01
3.2118763721e-01
3.2248130251e-01
3.2377496781e-01
3.2506863312e-01
3.2636363195e-01
3.2765863078e-01
3.2895362961e-01
3.3024862844e-01
3.3146499589e-01
3.3268136335e-01
3.3389773080e-01
3.3511409825e-01
3.3613540665e-01
3.3715671505e-01
3.3817802346e-01
3.3919933186e-01
3.4006357055e-01
3.4092780924e-01
3.4179204793e-01
3.4265628663e-01
3.4339704819e-01
3.4413780975e-01
3.4487857132e-01
3.4561933288e-01
3.4629371426e-01
3.4696809564e-01
3.4764247701e-01
3.4831685839e-01
3.4895960132e-01
3.4960234424e-01
3.5024508716e-01
3.5088783009e-01
3.5153749519e-01
3.5218716029e-01
3.5283682539e-01
3.5348649050e-01
3.5409485538e-01
3.5470322026e-01
3.5531158515e-01
3.5591995003e-01
3.5646096676e-01
3.5700198349e-01
3.5754300023e-01
3.5808401696e-01
3.5858026474e-01
3.5907651253e-01
3.5957276032e-01
3.6006900810e-01
3.6063576554e-01
3.6120252297e-01
3.6176928041e-01
3.6233603784e-01
3.6291145979e-01
3.6348688173e-01
3.6406230368e-01
3.6463772563e-01
3.6511466546e-01
3.6559160529e-01
3.6606854512e-01
3.6654548495e-01
3.6705744580e-01
3.6756940665e-01
3.6808136750e-01
3.6859332834e-01
3.6914741148e-01
3.6970149462e-01
3.7025557776e-01
3.7080966090e-01
3.7139114726e-01
3.7197263362e-01
3.7255411998e-01
3.7313560634e-01
3.7369774707e-01
3.7425988780e-01
3.7482202853e-01
3.7538416926e-01
3.7602536350e-01
3.7666655773e-01
3.7730775197e-01
3.7794894621e-01
3.7875605443e-01
3.7956316266e-01
3.8037027088e-01
3.8117737910e-01
3.8214162652e-01
3.8310587394e-01
3.8407012136e-01
3.8503436878e-01
3.8607063636e-01
3.8710690395e-01
3.8814317153e-01
3.8917943911e-01
3.9031898087e-01
3.9145852263e-01
3.9259806438e-01
3.9373760614e-01
3.9509622087e-01
3.9645483561e-01
3.9781345034e-01
3.9917206507e-01
4.0091745650e-01
4.0266284793e-01
4.0440823936e-01
4.0615363078e-01
4.0865425049e-01
4.1115487019e-01
4.1365548990e-01
4.1615610961e-01
4.2051002166e-01
4.2486393372e-01
4.2921784578e-01
4.3357175784e-01
4.4262157437e-01
4.5167139090e-01
4.6072120744e-01
4.6977102397e-01
4.8323541921e-01
4.9669981444e-01
5.1016420968e-01
5.2362860491e-01
5.3039069318e-01
5.3715278145e-01
5.4391486973e-01
5.5067695800e-01
5.5482286961e-01
5.5896878123e-01
5.6311469284e-01
5.6726060446e-01
5.7014880134e-01
5.7303699822e-01
5.7592519511e-01
5.7881339199e-01
5.8097346500e-01
5.8313353801e-01
5.8529361102e-01
5.8745368403e-01
5.8915516754e-01
5.9085665105e-01
5.9255813456e-01
5.9425961807e-01
5.9565436685e-01
5.9704911563e-01
5.9844386442e-01
5.9983861320e-01
6.0102933892e-01
6.0222006463e-01
6.0341079035e-01
6.0460151607e-01
6.0566361742e-01
6.0672571877e-01
6.0778782013e-01
6.0884992148e-01
6.0985652084e-01
6.1086312020e-01
6.1186971956e-01
6.1287631892e-01
6.1380003694e-01
6.1472375497e-01
6.1564747300e-01
6.1657119103e-01
6.1736678233e-01
6.1816237362e-01
6.1895796492e-01
6.1975355622e-01
6.2037064781e-01
6.2098773941e-01
6.2160483100e-01
6.2222192259e-01
6.2277898530e-01
6.2333604800e-01
6.2389311070e-01
6.2445017340e-01
6.2500325948e-01
6.2555634555e-01
6.2610943162e-01
6.2666251770e-01
6.2724250834e-01
6.2782249898e-01
6.2840248963e-01
6.2898248027e-01
6.2948212734e-01
6.2998177441e-01
6.3048142148e-01
6.3098106855e-01
6.3144863211e-01
6.3191619567e-01
6.3238375924e-01
6.3285132280e-01
6.3333120280e-01
6.3381108280e-01
6.3429096279e-01
6.3477084279e-01
6.3529033147e-01
6.3580982015e-01
6.3632930883e-01
6.3684879751e-01
6.3732253285e-01
6.3779626820e-01
6.3827000354e-01
6.3874373888e-01
6.3926489253e-01
6.3978604617e-01
6.4030719981e-01
6.4082835346e-01
6.4139132267e-01
6.4195429189e-01
6.4251726110e-01
6.4308023031e-01
6.4382222332e-01
6.4456421632e-01
6.4530620933e-01
6.4604820233e-01
6.4669562012e-01
6.4734303791e-01
6.4799045570e-01
6.4863787349e-01
6.4931056673e-01
6.4998325997e-01
6.5065595321e-01
6.5132864645e-01
6.5206430067e-01
6.5279995490e-01
6.5353560912e-01
6.5427126335e-01
6.5514679402e-01
6.5602232470e-01
6.5689785538e-01
6.5777338605e-01
6.5884368478e-01
6.5991398350e-01
6.6098428222e-01
6.6205458094e-01
6.6348968868e-01
6.6492479642e-01
6.6635990416e-01
6.6779501190e-01
6.6906581522e-01
6.7033661854e-01
6.7160742186e-01
6.7287822518e-01
6.7421239893e-01
6.7554657267e-01
6.7688074642e-01
6.7821492016e-01
6.7968305679e-01
6.8115119342e-01
6.8261933006e-01
6.8408746669e-01
6.8575394759e-01
6.8742042850e-01
6.8908690940e-01
6.9075339031e-01
6.9270395747e-01
6.9465452462e-01
6.9660509178e-01
6.9855565894e-01
7.0093180823e-01
7.0330795752e-01
7.0568410680e-01
7.0806025609e-01
7.1115180973e-01
7.1424336337e-01
7.1733491701e-01
7.2042647065e-01
7.2501718564e-01
7.2960790063e-01
7.3419861563e-01
7.3878933062e-01
7.4404179675e-01
7.4929426287e-01
7.5454672900e-01
7.5979919512e-01
7.6329648494e-01
7.6679377476e-01
7.7029106457e-01
7.7378835439e-01
7.7654095210e-01
7.7929354981e-01
7.8204614751e-01
7.8479874522e-01
7.8707690029e-01
7.8935505536e-01
7.9163321044e-01
7.9391136551e-01
7.9585329285e-01
7.9779522020e-01
7.9973714754e-01
8.0167907488e-01
8.0337257958e-01
8.0506608428e-01
8.0675958898e-01
8.0845309368e-01
8.0996044110e-01
8.1146778852e-01
8.1297513594e-01
8.1448248336e-01
8.1585332254e-01
8.1722416172e-01
8.1859500090e-01
8.1996584008e-01
8.2125343969e-01
8.2254103929e-01
8.2382863890e-01
8.2511623850e-01
8.2639747975e-01
8.2767872100e-01
8.2895996224e-01
8.3024120349e-01
8.3142690949e-01
8.3261261548e-01
8.3379832148e-01
8.3498402748e-01
8.3606472369e-01
8.3714541990e-01
8.3822611611e-01
8.3930681231e-01
8.4015680840e-01
8.4100680449e-01
8.4185680058e-01
8.4270679666e-01
8.4344431850e-01
8.4418184034e-01
8.4491936217e-01
8.4565688401e-01
8.4633852026e-01
8.4702015652e-01
8.4770179278e-01
8.4838342903e-01
8.4902350617e-01
8.4966358331e-01
8.5030366044e-01
8.5094373758e-01
8.5159969030e-01
8.5225564303e-01
8.5291159576e-01
8.5356754849e-01
8.5416109137e-01
8.5475463425e-01
8.5534817713e-01
8.5594172001e-01
8.5649180658e-01
8.5704189316e-01
8.5759197973e-01
8.5814206631e-01
8.5863073506e-01
8.5911940381e-01
8.5960807256e-01
8.6009674131e-01
8.6058221549e-01
8.6106768967e-01
8.6155316385e-01
8.6203863803e-01
8.6259330372e-01
8.6314796941e-01
8.6370263511e-01
8.6425730080e-01
8.6472624241e-01
8.6519518402e-01
8.6566412564e-01
8.6613306725e-01
8.6668067840e-01
8.6722828955e-01
8.6777590070e-01
8.6832351185e-01
8.6886290227e-01
8.6940229270e-01
8.6994168313e-01
8.7048107355e-01
8.7106129069e-01
8.7164150783e-01
8.7222172498e-01
8.7280194212e-01
8.7335514642e-01
8.7390835072e-01
8.7446155503e-01
8.7501475933e-01
8.7563225910e-01
8.7624975887e-01
8.7686725864e-01
8.7748475842e-01
8.7833761125e-01
8.7919046409e-01
8.8004331693e-01
8.8089616977e-01
8.8196298856e-01
8.8302980735e-01
8.8409662615e-01
8.8516344494e-01
8.8618905135e-01
8.8721465777e-01
8.8824026418e-01
8.8926587059e-01
8.9040155872e-01
8.9153724685e-01
8.9267293498e-01
8.9380862311e-01
8.9516097754e-01
8.9651333197e-01
8.9786568640e-01
8.9921804083e-01
9.0094813314e-01
9.0267822546e-01
9.0440831777e-01
9.0613841009e-01
9.0858166681e-01
9.1102492353e-01
9.1346818026e-01
9.1591143698e-01
9.1997380429e-01
9.2403617159e-01
9.2809853890e-01
9.3216090620e-01
9.4063306017e-01
9.4910521413e-01
9.5757736810e-01
9.6604952206e-01
9.7453714155e-01
9.8302476103e-01
9.9151238052e-01
1.0000000000e+00
