0.0000000000e+00
5.4694278822e-03
1.0938855764e-02
1.6408283647e-02
2.1877711529e-02
2.6056257348e-02
3.0234803168e-02
3.4413348987e-02
3.8591894806e-02
4.1888555553e-02
4.5185216299e-02
4.8481877045e-02
5.1778537792e-02
5.4477020079e-02
5.7175502366e-02
5.9873984653e-02
6.2572466940e-02
6.4855259911e-02
6.7138052883e-02
6.9420845854e-02
7.1703638825e-02
7.3689138298e-02
7.5674637771e-02
7.7660137245e-02
7.9645636718e-02
8.1419762069e-02
8.3193887420e-02
8.4968012772e-02
8.6742138123e-02
8.8385936420e-02
9.0029734716e-02
9.1673533013e-02
9.3317331309e-02
9.5103880346e-02
9.6890429382e-02
9.8676978419e-02
1.0046352746e-01
1.0189039664e-01
1.0331726582e-01
1.0474413501e-01
1.0617100419e-01
1.0738313547e-01
1.0859526676e-01
1.0980739804e-01
1.1101952932e-01
1.1204539357e-01
1.1307125782e-01
1.1409712206e-01
1.1512298631e-01
1.1604161658e-01
1.1696024684e-01
1.1787887711e-01
1.1879750737e-01
1.1967067793e-01
1.2054384849e-01
1.2141701904e-01
1.2229018960e-01
1.2322238129e-01
1.2415457298e-01
1.2508676467e-01
1.2601895636e-01
1.2689743739e-01
1.2777591842e-01
1.2865439945e-01
1.2953288048e-01
1.3033778649e-01
1.3114269250e-01
1.3194759850e-01
1.3275250451e-01
1.3350986315e-01
1.3426722179e-01
1.3502458043e-01
1.3578193907e-01
1.3652215703e-01
1.3726237498e-01
1.3800259293e-01
1.3874281088e-01
1.3960160654e-01
1.4046040220e-01
1.4131919785e-01
1.4217799351e-01
1.4296024314e-01
1.4374249277e-01
1.4452474240e-01
1.4530699203e-01
1.4606124712e-01
1.4681550220e-01
1.4756975729e-01
1.4832401237e-01
1.4914376842e-01
1.4996352447e-01
1.5078328052e-01
1.5160303657e-01
1.5248488822e-01
1.5336673987e-01
1.5424859151e-01
1.5513044316e-01
1.5610898476e-01
1.5708752636e-01
1.5806606796e-01
1.5904460956e-01
1.6010044548e-01
1.6115628139e-01
1.6221211731e-01
1.6326795323e-01
1.6427714991e-01
1.6528634659e-01
1.6629554327e-01
1.6730473995e-01
1.6836244150e-01
1.6942014304e-01
1.7047784459e-01
1.7153554614e-01
1.7267794486e-01
1.7382034358e-01
1.7496274230e-01
1.7610514103e-01
1.7738970196e-01
1.7867426289e-01
1.7995882382e-01
1.8124338475e-01
1.8282575905e-01
1.8440813334e-01
1.8599050764e-01
1.8757288193e-01
1.8934944753e-01
1.9112601313e-01
1.9290257874e-01
1.9467914434e-01
1.9695106632e-01
1.9922298829e-01
2.0149491027e-01
2.0376683225e-01
2.0579211460e-01
2.0781739696e-01
2.0984267931e-01
2.1186796166e-01
2.1394773308e-01
2.1602750450e-01
2.1810727591e-01
2.2018704733e-01
2.2240305012e-01
2.2461905290e-01
2.2683505569e-01
2.2905105847e-01
2.3146922261e-01
2.3388738675e-01
2.3630555089e-01
2.3872371502e-01
2.4140211676e-01
2.4408051849e-01
2.4675892022e-01
2.4943732195e-01
2.5189300429e-01
2.5434868663e-01
2.5680436897e-01
2.5926005130e-01
2.6152292273e-01
2.6378579417e-01
2.6604866560e-01
2.6831153703e-01
2.7043097483e-01
2.7255041263e-01
2.7466985043e-01
2.7678928823e-01
2.7882505599e-01
2.8086082376e-01
2.8289659152e-01
2.8493235928e-01
2.8697592775e-01
2.8901949621e-01
2.9106306468e-01
2.9310663314e-01
2.9506221906e-01
2.9701780499e-01
2.9897339091e-01
3.0092897683e-01
3.0264149464e-01
3.0435401245e-01
3.0606653025e-01
3.0777904806e-01
3.0928823565e-01
3.1079742324e-01
3.1230661083e-01
3.1381579842e-01
3.1508683354e-01
3.1635786866e-01
3.1762890378e-01
3.1889993890e-01
3.2004802094e-01
3.2119610297e-01
3.2234418501e-01
3.2349226704e-01
3.2456701370e-01
3.2564176035e-01
3.2671650700e-01
3.2779125365e-01
3.2880743292e-01
3.2982361220e-01
3.3083979147e-01
3.3185597074e-01
3.3288542279e-01
3.3391487485e-01
3.3494432691e-01
3.3597377896e-01
3.3702652669e-01
3.3807927441e-01
3.3913202213e-01
3.4018476986e-01
3.4108442210e-01
3.4198407434e-01
3.4288372658e-01
3.4378337881e-01
3.4467099542e-01
3.4555861203e-01
3.4644622864e-01
3.4733384525e-01
3.4810129085e-01
3.4886873646e-01
3.4963618207e-01
3.5040362767e-01
3.5117044252e-01
3.5193725736e-01
3.5270407221e-01
3.5347088706e-01
3.5430854508e-01
3.5514620310e-01
3.5598386112e-01
3.5682151913e-01
3.5759361025e-01
3.5836570137e-01
3.5913779249e-01
3.5990988361e-01
3.6066263197e-01
3.6141538034e-01
3.6216812870e-01
3.6292087706e-01
3.6374184070e-01
3.6456280434e-01
3.6538376798e-01
3.6620473161e-01
3.6709090047e-01
3.6797706933e-01
3.6886323818e-01
3.6974940704e-01
3.7074891453e-01
3.7174842202e-01
3.7274792950e-01
3.7374743699e-01
3.7462123109e-01
3.7549502519e-01
3.7636881929e-01
3.7724261338e-01
3.7816249910e-01
3.7908238481e-01
3.8000227052e-01
3.8092215623e-01
3.8200482461e-01
3.8308749300e-01
3.8417016138e-01
3.8525282976e-01
3.8665840173e-01
3.8806397370e-01
3.8946954566e-01
3.9087511763e-01
3.9240009788e-01
3.9392507813e-01
3.9545005838e-01
3.9697503863e-01
3.9861099943e-01
4.0024696022e-01
4.0188292101e-01
4.0351888181e-01
4.0523291314e-01
4.0694694448e-01
4.0866097581e-01
4.1037500715e-01
4.1229927408e-01
4.1422354101e-01
4.1614780795e-01
4.1807207488e-01
4.2032959548e-01
4.2258711607e-01
4.2484463667e-01
4.2710215727e-01
4.2988504188e-01
4.3266792649e-01
4.3545081110e-01
4.3823369571e-01
4.4190982020e-01
4.4558594468e-01
4.4926206917e-01
4.5293819365e-01
4.5810445370e-01
4.6327071374e-01
4.6843697379e-01
4.7360323384e-01
4.8121564558e-01
4.8882805732e-01
4.9644046906e-01
5.0405288080e-01
5.0927045489e-01
5.1448802899e-01
5.1970560308e-01
5.2492317717e-01
5.2892969692e-01
5.3293621667e-01
5.3694273641e-01
5.4094925616e-01
5.4413060664e-01
5.4731195712e-01
5.5049330760e-01
5.5367465808e-01
5.5629421563e-01
5.5891377318e-01
5.6153333073e-01
5.6415288828e-01
5.6637989780e-01
5.6860690731e-01
5.7083391683e-01
5.7306092635e-01
5.7500637438e-01
5.7695182241e-01
5.7889727045e-01
5.8084271848e-01
5.8258942226e-01
5.8433612604e-01
5.8608282982e-01
5.8782953360e-01
5.8946250873e-01
5.9109548385e-01
5.9272845898e-01
5.9436143411e-01
5.9612937319e-01
5.9789731228e-01
5.9966525137e-01
6.0143319046e-01
6.0284165752e-01
6.0425012459e-01
6.0565859166e-01
6.0706705872e-01
6.0823155980e-01
6.0939606087e-01
6.1056056195e-01
6.1172506302e-01
6.1272875079e-01
6.1373243856e-01
6.1473612633e-01
6.1573981411e-01
6.1664769997e-01
6.1755558583e-01
6.1846347169e-01
6.1937135755e-01
6.2024432314e-01
6.2111728873e-01
6.2199025432e-01
6.2286321991e-01
6.2388953480e-01
6.2491584970e-01
6.2594216459e-01
6.2696847948e-01
6.2784592313e-01
6.2872336678e-01
6.2960081043e-01
6.3047825409e-01
6.3127897402e-01
6.3207969395e-01
6.3288041388e-01
6.3368113381e-01
6.3442555149e-01
6.3516996917e-01
6.3591438686e-01
6.3665880454e-01
6.3741020531e-01
6.3816160607e-01
6.3891300684e-01
6.3966440761e-01
6.4059352178e-01
6.4152263594e-01
6.4245175011e-01
6.4338086428e-01
6.4414583599e-01
6.4491080771e-01
6.4567577943e-01
6.4644075114e-01
6.4720390076e-01
6.4796705037e-01
6.4873019998e-01
6.4949334959e-01
6.5038989587e-01
6.5128644214e-01
6.5218298841e-01
6.5307953469e-01
6.5398780687e-01
6.5489607906e-01
6.5580435124e-01
6.5671262343e-01
6.5778251393e-01
6.5885240443e-01
6.5992229494e-01
6.6099218544e-01
6.6201370059e-01
6.6303521575e-01
6.6405673090e-01
6.6507824605e-01
6.6610566433e-01
6.6713308260e-01
6.6816050087e-01
6.6918791914e-01
6.7028987355e-01
6.7139182797e-01
6.7249378238e-01
6.7359573680e-01
6.7479581085e-01
6.7599588491e-01
6.7719595897e-01
6.7839603302e-01
6.7979098743e-01
6.8118594183e-01
6.8258089624e-01
6.8397585065e-01
6.8569613486e-01
6.8741641907e-01
6.8913670328e-01
6.9085698750e-01
6.9274595729e-01
6.9463492709e-01
6.9652389688e-01
6.9841286668e-01
7.0056314024e-01
7.0271341379e-01
7.0486368735e-01
7.0701396090e-01
7.0905029242e-01
7.1108662394e-01
7.1312295546e-01
7.1515928697e-01
7.1728830157e-01
7.1941731617e-01
7.2154633076e-01
7.2367534536e-01
7.2596416655e-01
7.2825298774e-01
7.3054180893e-01
7.3283063012e-01
7.3534779696e-01
7.3786496381e-01
7.4038213065e-01
7.4289929750e-01
7.4559280960e-01
7.4828632170e-01
7.5097983380e-01
7.5367334590e-01
7.5604165455e-01
7.5840996321e-01
7.6077827186e-01
7.6314658051e-01
7.6534502556e-01
7.6754347060e-01
7.6974191565e-01
7.7194036069e-01
7.7401723633e-01
7.7609411197e-01
7.7817098761e-01
7.8024786325e-01
7.8229844997e-01
7.8434903669e-01
7.8639962341e-01
7.8845021013e-01
7.9050943217e-01
7.9256865421e-01
7.9462787624e-01
7.9668709828e-01
7.9852821927e-01
8.0036934026e-01
8.0221046125e-01
8.0405158224e-01
8.0571676843e-01
8.0738195461e-01
8.0904714079e-01
8.1071232697e-01
8.1209489681e-01
8.1347746666e-01
8.1486003650e-01
8.1624260634e-01
8.1745194928e-01
8.1866129222e-01
8.1987063516e-01
8.2107997809e-01
8.2218953607e-01
8.2329909404e-01
8.2440865201e-01
8.2551820998e-01
8.2656016781e-01
8.2760212564e-01
8.2864408348e-01
8.2968604131e-01
8.3070657708e-01
8.3172711285e-01
8.3274764862e-01
8.3376818439e-01
8.3480506764e-01
8.3584195089e-01
8.3687883414e-01
8.3791571739e-01
8.3887848390e-01
8.3984125042e-01
8.4080401694e-01
8.4176678346e-01
8.4264681352e-01
8.4352684359e-01
8.4440687365e-01
8.4528690372e-01
8.4611560931e-01
8.4694431489e-01
8.4777302048e-01
8.4860172606e-01
8.4936112084e-01
8.5012051561e-01
8.5087991038e-01
8.5163930516e-01
8.5245353166e-01
8.5326775817e-01
8.5408198467e-01
8.5489621118e-01
8.5576750607e-01
8.5663880095e-01
8.5751009584e-01
8.5838139073e-01
8.5912364368e-01
8.5986589662e-01
8.6060814957e-01
8.6135040252e-01
8.6210993597e-01
8.6286946942e-01
8.6362900287e-01
8.6438853632e-01
8.6520494845e-01
8.6602136059e-01
8.6683777273e-01
8.6765418486e-01
8.6854325296e-01
8.6943232105e-01
8.7032138915e-01
8.7121045724e-01
8.7212055518e-01
8.7303065312e-01
8.7394075106e-01
8.7485084899e-01
8.7573174023e-01
8.7661263147e-01
8.7749352271e-01
8.7837441395e-01
8.7932572522e-01
8.8027703649e-01
8.8122834776e-01
8.8217965903e-01
8.8328768308e-01
8.8439570713e-01
8.8550373118e-01
8.8661175523e-01
8.8798753234e-01
8.8936330944e-01
8.9073908655e-01
8.9211486366e-01
8.9376238277e-01
8.9540990188e-01
8.9705742100e-01
8.9870494011e-01
9.0034115531e-01
9.0197737051e-01
9.0361358571e-01
9.0524980091e-01
9.0700803181e-01
9.0876626271e-01
9.1052449361e-01
9.1228272451e-01
9.1428036807e-01
9.1627801163e-01
9.1827565519e-01
9.2027329875e-01
9.2264379129e-01
9.2501428383e-01
9.2738477637e-01
9.2975526891e-01
9.3271255148e-01
9.3566983404e-01
9.3862711661e-01
9.4158439918e-01
9.4550610875e-01
9.4942781833e-01
9.5334952790e-01
9.5727123748e-01
9.6261233207e-01
9.6795342667e-01
9.7329452126e-01
9.7863561585e-01
9.8397671189e-01
9.8931780793e-01
9.9465890396e-01
1.0000000000e+00
