0.0000000000e+00
9.3005608706e-03
1.8601121741e-02
2.7901682612e-02
3.7202243483e-02
4.2182066689e-02
4.7161889895e-02
5.2141713101e-02
5.7121536308e-02
6.0297516013e-02
6.3473495718e-02
6.6649475424e-02
6.9825455129e-02
7.2088067374e-02
7.4350679618e-02
7.6613291863e-02
7.8875904107e-02
8.0601736501e-02
8.2327568894e-02
8.4053401288e-02
8.5779233681e-02
8.7136760154e-02
8.8494286627e-02
8.9851813100e-02
9.1209339572e-02
9.2340091327e-02
9.3470843081e-02
9.4601594835e-02
9.5732346590e-02
9.6716055414e-02
9.7699764239e-02
9.8683473063e-02
9.9667181887e-02
1.0059397473e-01
1.0152076758e-01
1.0244756042e-01
1.0337435326e-01
1.0422296835e-01
1.0507158343e-01
1.0592019851e-01
1.0676881359e-01
1.0748029725e-01
1.0819178090e-01
1.0890326455e-01
1.0961474821e-01
1.1017635272e-01
1.1073795724e-01
1.1129956175e-01
1.1186116627e-01
1.1236597688e-01
1.1287078749e-01
1.1337559811e-01
1.1388040872e-01
1.1439706287e-01
1.1491371702e-01
1.1543037116e-01
1.1594702531e-01
1.1643980519e-01
1.1693258506e-01
1.1742536493e-01
1.1791814480e-01
1.1838070533e-01
1.1884326585e-01
1.1930582637e-01
1.1976838690e-01
1.2019100266e-01
1.2061361842e-01
1.2103623418e-01
1.2145884994e-01
1.2195918794e-01
1.2245952594e-01
1.2295986394e-01
1.2346020193e-01
1.2389643442e-01
1.2433266691e-01
1.2476889940e-01
1.2520513189e-01
1.2565443954e-01
1.2610374720e-01
1.2655305486e-01
1.2700236252e-01
1.2750346492e-01
1.2800456732e-01
1.2850566971e-01
1.2900677211e-01
1.2961279806e-01
1.3021882401e-01
1.3082484997e-01
1.3143087592e-01
1.3200850594e-01
1.3258613596e-01
1.3316376597e-01
1.3374139599e-01
1.3434143425e-01
1.3494147250e-01
1.3554151076e-01
1.3614154901e-01
1.3680241035e-01
1.3746327169e-01
1.3812413303e-01
1.3878499437e-01
1.3957725123e-01
1.4036950810e-01
1.4116176496e-01
1.4195402183e-01
1.4295100838e-01
1.4394799493e-01
1.4494498148e-01
1.4594196803e-01
1.4719992192e-01
1.4845787582e-01
1.4971582971e-01
1.5097378361e-01
1.5215503378e-01
1.5333628394e-01
1.5451753411e-01
1.5569878427e-01
1.5694583887e-01
1.5819289348e-01
1.5943994808e-01
1.6068700268e-01
1.6208658026e-01
1.6348615784e-01
1.6488573543e-01
1.6628531301e-01
1.6791518593e-01
1.6954505886e-01
1.7117493178e-01
1.7280480471e-01
1.7478326794e-01
1.7676173117e-01
1.7874019441e-01
1.8071865764e-01
1.8325355313e-01
1.8578844861e-01
1.8832334410e-01
1.9085823958e-01
1.9415510018e-01
1.9745196077e-01
2.0074882137e-01
2.0404568196e-01
2.0765460174e-01
2.1126352152e-01
2.1487244129e-01
2.1848136107e-01
2.2218214461e-01
2.2588292816e-01
2.2958371170e-01
2.3328449525e-01
2.3703256123e-01
2.4078062722e-01
2.4452869321e-01
2.4827675919e-01
2.5220116849e-01
2.5612557778e-01
2.6004998708e-01
2.6397439637e-01
2.6764330720e-01
2.7131221803e-01
2.7498112887e-01
2.7865003970e-01
2.8208618954e-01
2.8552233939e-01
2.8895848923e-01
2.9239463908e-01
2.9526423727e-01
2.9813383547e-01
3.0100343366e-01
3.0387303186e-01
3.0618117606e-01
3.0848932026e-01
3.1079746446e-01
3.1310560866e-01
3.1501510522e-01
3.1692460177e-01
3.1883409832e-01
3.2074359487e-01
3.2237197678e-01
3.2400035870e-01
3.2562874062e-01
3.2725712254e-01
3.2868102247e-01
3.3010492241e-01
3.3152882234e-01
3.3295272228e-01
3.3422804041e-01
3.3550335854e-01
3.3677867668e-01
3.3805399481e-01
3.3923246349e-01
3.4041093217e-01
3.4158940085e-01
3.4276786953e-01
3.4395442666e-01
3.4514098380e-01
3.4632754094e-01
3.4751409808e-01
3.4857653281e-01
3.4963896754e-01
3.5070140227e-01
3.5176383700e-01
3.5272474331e-01
3.5368564961e-01
3.5464655591e-01
3.5560746221e-01
3.5637257780e-01
3.5713769338e-01
3.5790280897e-01
3.5866792456e-01
3.5932729361e-01
3.5998666267e-01
3.6064603173e-01
3.6130540079e-01
3.6190669020e-01
3.6250797962e-01
3.6310926903e-01
3.6371055844e-01
3.6428880649e-01
3.6486705453e-01
3.6544530258e-01
3.6602355063e-01
3.6663212247e-01
3.6724069432e-01
3.6784926616e-01
3.6845783800e-01
3.6897181528e-01
3.6948579255e-01
3.6999976983e-01
3.7051374710e-01
3.7098050914e-01
3.7144727117e-01
3.7191403321e-01
3.7238079524e-01
3.7281141162e-01
3.7324202800e-01
3.7367264437e-01
3.7410326075e-01
3.7466581351e-01
3.7522836627e-01
3.7579091903e-01
3.7635347179e-01
3.7677300591e-01
3.7719254003e-01
3.7761207415e-01
3.7803160827e-01
3.7850324228e-01
3.7897487629e-01
3.7944651030e-01
3.7991814431e-01
3.8040874142e-01
3.8089933852e-01
3.8138993562e-01
3.8188053273e-01
3.8239497301e-01
3.8290941330e-01
3.8342385359e-01
3.8393829387e-01
3.8444272767e-01
3.8494716147e-01
3.8545159527e-01
3.8595602907e-01
3.8653046547e-01
3.8710490187e-01
3.8767933828e-01
3.8825377468e-01
3.8898917186e-01
3.8972456904e-01
3.9045996622e-01
3.9119536340e-01
3.9213334067e-01
3.9307131795e-01
3.9400929523e-01
3.9494727251e-01
3.9591185957e-01
3.9687644663e-01
3.9784103368e-01
3.9880562074e-01
3.9990359187e-01
4.0100156299e-01
4.0209953412e-01
4.0319750524e-01
4.0457100198e-01
4.0594449872e-01
4.0731799546e-01
4.0869149220e-01
4.1060351272e-01
4.1251553325e-01
4.1442755377e-01
4.1633957430e-01
4.1949694576e-01
4.2265431723e-01
4.2581168870e-01
4.2896906016e-01
4.3588509829e-01
4.4280113641e-01
4.4971717454e-01
4.5663321266e-01
4.6934122741e-01
4.8204924215e-01
4.9475725690e-01
5.0746527165e-01
5.1594053486e-01
5.2441579808e-01
5.3289106130e-01
5.4136632451e-01
5.4598648383e-01
5.5060664314e-01
5.5522680246e-01
5.5984696178e-01
5.6284272473e-01
5.6583848769e-01
5.6883425064e-01
5.7183001360e-01
5.7397166047e-01
5.7611330734e-01
5.7825495421e-01
5.8039660109e-01
5.8203054263e-01
5.8366448418e-01
5.8529842573e-01
5.8693236728e-01
5.8824362154e-01
5.8955487580e-01
5.9086613006e-01
5.9217738431e-01
5.9327731235e-01
5.9437724040e-01
5.9547716844e-01
5.9657709648e-01
5.9754589978e-01
5.9851470308e-01
5.9948350638e-01
6.0045230968e-01
6.0154908959e-01
6.0264586949e-01
6.0374264940e-01
6.0483942930e-01
6.0565999237e-01
6.0648055543e-01
6.0730111849e-01
6.0812168156e-01
6.0874429378e-01
6.0936690601e-01
6.0998951824e-01
6.1061213047e-01
6.1114589964e-01
6.1167966881e-01
6.1221343798e-01
6.1274720714e-01
6.1324979330e-01
6.1375237945e-01
6.1425496561e-01
6.1475755176e-01
6.1528543559e-01
6.1581331943e-01
6.1634120326e-01
6.1686908710e-01
6.1734898358e-01
6.1782888006e-01
6.1830877654e-01
6.1878867302e-01
6.1922047666e-01
6.1965228030e-01
6.2008408394e-01
6.2051588757e-01
6.2095451488e-01
6.2139314219e-01
6.2183176950e-01
6.2227039681e-01
6.2271888344e-01
6.2316737007e-01
6.2361585669e-01
6.2406434332e-01
6.2450330587e-01
6.2494226843e-01
6.2538123098e-01
6.2582019353e-01
6.2632779353e-01
6.2683539354e-01
6.2734299354e-01
6.2785059354e-01
6.2839452528e-01
6.2893845703e-01
6.2948238877e-01
6.3002632052e-01
6.3060764369e-01
6.3118896686e-01
6.3177029003e-01
6.3235161320e-01
6.3293830206e-01
6.3352499093e-01
6.3411167980e-01
6.3469836866e-01
6.3532113281e-01
6.3594389695e-01
6.3656666110e-01
6.3718942524e-01
6.3789859721e-01
6.3860776917e-01
6.3931694114e-01
6.4002611310e-01
6.4094657224e-01
6.4186703138e-01
6.4278749052e-01
6.4370794966e-01
6.4478656982e-01
6.4586518997e-01
6.4694381012e-01
6.4802243028e-01
6.4917121085e-01
6.5031999143e-01
6.5146877200e-01
6.5261755258e-01
6.5380378518e-01
6.5499001779e-01
6.5617625039e-01
6.5736248300e-01
6.5865436754e-01
6.5994625209e-01
6.6123813663e-01
6.6253002117e-01
6.6399875259e-01
6.6546748402e-01
6.6693621544e-01
6.6840494686e-01
6.7013790361e-01
6.7187086035e-01
6.7360381710e-01
6.7533677385e-01
6.7747629261e-01
6.7961581137e-01
6.8175533013e-01
6.8389484889e-01
6.8670003587e-01
6.8950522285e-01
6.9231040983e-01
6.9511559682e-01
6.9907360518e-01
7.0303161355e-01
7.0698962191e-01
7.1094763028e-01
7.1496772771e-01
7.1898782514e-01
7.2300792257e-01
7.2702802000e-01
7.3055300329e-01
7.3407798658e-01
7.3760296987e-01
7.4112795316e-01
7.4466000318e-01
7.4819205321e-01
7.5172410324e-01
7.5525615327e-01
7.5928996642e-01
7.6332377957e-01
7.6735759272e-01
7.7139140586e-01
7.7508318009e-01
7.7877495431e-01
7.8246672853e-01
7.8615850276e-01
7.8945324983e-01
7.9274799690e-01
7.9604274398e-01
7.9933749105e-01
8.0186365093e-01
8.0438981082e-01
8.0691597070e-01
8.0944213058e-01
8.1149902232e-01
8.1355591405e-01
8.1561280578e-01
8.1766969751e-01
8.1940389568e-01
8.2113809385e-01
8.2287229201e-01
8.2460649018e-01
8.2610737383e-01
8.2760825748e-01
8.2910914113e-01
8.3061002477e-01
8.3194014503e-01
8.3327026529e-01
8.3460038555e-01
8.3593050581e-01
8.3714112859e-01
8.3835175137e-01
8.3956237414e-01
8.4077299692e-01
8.4192577431e-01
8.4307855170e-01
8.4423132909e-01
8.4538410648e-01
8.4661449969e-01
8.4784489290e-01
8.4907528611e-01
8.5030567932e-01
8.5128833018e-01
8.5227098103e-01
8.5325363189e-01
8.5423628275e-01
8.5506499697e-01
8.5589371120e-01
8.5672242542e-01
8.5755113965e-01
8.5824073655e-01
8.5893033344e-01
8.5961993034e-01
8.6030952724e-01
8.6093356529e-01
8.6155760333e-01
8.6218164138e-01
8.6280567943e-01
8.6338620271e-01
8.6396672600e-01
8.6454724929e-01
8.6512777257e-01
8.6572837063e-01
8.6632896869e-01
8.6692956675e-01
8.6753016481e-01
8.6806708070e-01
8.6860399659e-01
8.6914091248e-01
8.6967782838e-01
8.7020518431e-01
8.7073254025e-01
8.7125989619e-01
8.7178725213e-01
8.7222404067e-01
8.7266082921e-01
8.7309761774e-01
8.7353440628e-01
8.7397670541e-01
8.7441900453e-01
8.7486130366e-01
8.7530360279e-01
8.7575833892e-01
8.7621307506e-01
8.7666781120e-01
8.7712254734e-01
8.7754534125e-01
8.7796813517e-01
8.7839092909e-01
8.7881372300e-01
8.7927425869e-01
8.7973479439e-01
8.8019533008e-01
8.8065586577e-01
8.8118351413e-01
8.8171116249e-01
8.8223881085e-01
8.8276645921e-01
8.8326719145e-01
8.8376792368e-01
8.8426865592e-01
8.8476938816e-01
8.8529365711e-01
8.8581792606e-01
8.8634219502e-01
8.8686646397e-01
8.8749104869e-01
8.8811563340e-01
8.8874021812e-01
8.8936480283e-01
8.9015646438e-01
8.9094812593e-01
8.9173978749e-01
8.9253144904e-01
8.9346839763e-01
8.9440534623e-01
8.9534229482e-01
8.9627924342e-01
8.9726483619e-01
8.9825042896e-01
8.9923602173e-01
9.0022161450e-01
9.0138618053e-01
9.0255074656e-01
9.0371531260e-01
9.0487987863e-01
9.0637276526e-01
9.0786565189e-01
9.0935853852e-01
9.1085142515e-01
9.1298975906e-01
9.1512809297e-01
9.1726642687e-01
9.1940476078e-01
9.2309979976e-01
9.2679483874e-01
9.3048987772e-01
9.3418491670e-01
9.4241180211e-01
9.5063868753e-01
9.5886557294e-01
9.6709245835e-01
9.7531934376e-01
9.8354622917e-01
9.9177311459e-01
1.0000000000e+00
