0.0000000000e+00
8.7895043093e-03
1.7579008619e-02
2.6368512928e-02
3.5158017237e-02
3.9804858463e-02
4.4451699689e-02
4.9098540915e-02
5.3745382141e-02
5.6695939891e-02
5.9646497642e-02
6.2597055392e-02
6.5547613143e-02
6.7637489598e-02
6.9727366053e-02
7.1817242508e-02
7.3907118963e-02
7.5487100368e-02
7.7067081773e-02
7.8647063178e-02
8.0227044582e-02
8.1481095361e-02
8.2735146140e-02
8.3989196919e-02
8.5243247698e-02
8.6290227905e-02
8.7337208112e-02
8.8384188319e-02
8.9431168526e-02
9.0348484450e-02
9.1265800374e-02
9.2183116299e-02
9.3100432223e-02
9.4288030918e-02
9.5475629614e-02
9.6663228309e-02
9.7850827005e-02
9.8549619873e-02
9.9248412741e-02
9.9947205608e-02
1.0064599848e-01
1.0120468646e-01
1.0176337445e-01
1.0232206243e-01
1.0288075042e-01
1.0337158532e-01
1.0386242021e-01
1.0435325511e-01
1.0484409000e-01
1.0533033783e-01
1.0581658566e-01
1.0630283349e-01
1.0678908132e-01
1.0727539359e-01
1.0776170586e-01
1.0824801813e-01
1.0873433040e-01
1.0917236316e-01
1.0961039592e-01
1.1004842869e-01
1.1048646145e-01
1.1089020498e-01
1.1129394852e-01
1.1169769205e-01
1.1210143558e-01
1.1258225209e-01
1.1306306860e-01
1.1354388511e-01
1.1402470162e-01
1.1443905022e-01
1.1485339882e-01
1.1526774742e-01
1.1568209602e-01
1.1612342952e-01
1.1656476302e-01
1.1700609653e-01
1.1744743003e-01
1.1794321926e-01
1.1843900849e-01
1.1893479772e-01
1.1943058695e-01
1.2011461983e-01
1.2079865271e-01
1.2148268559e-01
1.2216671847e-01
1.2272872764e-01
1.2329073682e-01
1.2385274600e-01
1.2441475518e-01
1.2502952259e-01
1.2564429001e-01
1.2625905742e-01
1.2687382483e-01
1.2759095041e-01
1.2830807598e-01
1.2902520156e-01
1.2974232714e-01
1.3066954430e-01
1.3159676147e-01
1.3252397864e-01
1.3345119580e-01
1.3451006581e-01
1.3556893581e-01
1.3662780582e-01
1.3768667582e-01
1.3880969294e-01
1.3993271005e-01
1.4105572717e-01
1.4217874428e-01
1.4335545955e-01
1.4453217483e-01
1.4570889010e-01
1.4688560537e-01
1.4820477092e-01
1.4952393647e-01
1.5084310202e-01
1.5216226757e-01
1.5370576953e-01
1.5524927150e-01
1.5679277347e-01
1.5833627543e-01
1.6023492338e-01
1.6213357132e-01
1.6403221926e-01
1.6593086721e-01
1.6843649053e-01
1.7094211386e-01
1.7344773718e-01
1.7595336050e-01
1.7926516025e-01
1.8257695999e-01
1.8588875974e-01
1.8920055948e-01
1.9269403632e-01
1.9618751316e-01
1.9968098999e-01
2.0317446683e-01
2.0624761232e-01
2.0932075781e-01
2.1239390330e-01
2.1546704880e-01
2.1829035832e-01
2.2111366784e-01
2.2393697736e-01
2.2676028688e-01
2.2971927022e-01
2.3267825357e-01
2.3563723692e-01
2.3859622026e-01
2.4130057349e-01
2.4400492672e-01
2.4670927995e-01
2.4941363318e-01
2.5214117751e-01
2.5486872184e-01
2.5759626617e-01
2.6032381050e-01
2.6338393836e-01
2.6644406622e-01
2.6950419408e-01
2.7256432194e-01
2.7555431561e-01
2.7854430928e-01
2.8153430295e-01
2.8452429662e-01
2.8789535874e-01
2.9126642086e-01
2.9463748298e-01
2.9800854509e-01
3.0136583708e-01
3.0472312906e-01
3.0808042104e-01
3.1143771302e-01
3.1406738375e-01
3.1669705448e-01
3.1932672521e-01
3.2195639594e-01
3.2405090671e-01
3.2614541749e-01
3.2823992826e-01
3.3033443904e-01
3.3206431698e-01
3.3379419493e-01
3.3552407288e-01
3.3725395082e-01
3.3873330676e-01
3.4021266270e-01
3.4169201864e-01
3.4317137457e-01
3.4447122024e-01
3.4577106590e-01
3.4707091156e-01
3.4837075722e-01
3.4954679782e-01
3.5072283842e-01
3.5189887902e-01
3.5307491961e-01
3.5421582550e-01
3.5535673138e-01
3.5649763727e-01
3.5763854315e-01
3.5885013871e-01
3.6006173427e-01
3.6127332982e-01
3.6248492538e-01
3.6340496588e-01
3.6432500638e-01
3.6524504688e-01
3.6616508738e-01
3.6693384579e-01
3.6770260421e-01
3.6847136262e-01
3.6924012104e-01
3.6988955753e-01
3.7053899402e-01
3.7118843052e-01
3.7183786701e-01
3.7243572458e-01
3.7303358215e-01
3.7363143972e-01
3.7422929730e-01
3.7481555793e-01
3.7540181857e-01
3.7598807921e-01
3.7657433984e-01
3.7721323144e-01
3.7785212305e-01
3.7849101465e-01
3.7912990625e-01
3.7961012499e-01
3.8009034373e-01
3.8057056247e-01
3.8105078121e-01
3.8149250500e-01
3.8193422880e-01
3.8237595259e-01
3.8281767638e-01
3.8329418490e-01
3.8377069342e-01
3.8424720193e-01
3.8472371045e-01
3.8522792695e-01
3.8573214346e-01
3.8623635996e-01
3.8674057646e-01
3.8716464414e-01
3.8758871181e-01
3.8801277949e-01
3.8843684717e-01
3.8890173678e-01
3.8936662639e-01
3.8983151600e-01
3.9029640561e-01
3.9078188587e-01
3.9126736614e-01
3.9175284640e-01
3.9223832666e-01
3.9272838843e-01
3.9321845021e-01
3.9370851198e-01
3.9419857375e-01
3.9474003421e-01
3.9528149466e-01
3.9582295512e-01
3.9636441557e-01
3.9703693093e-01
3.9770944630e-01
3.9838196166e-01
3.9905447703e-01
3.9987614905e-01
4.0069782106e-01
4.0151949308e-01
4.0234116510e-01
4.0326406071e-01
4.0418695631e-01
4.0510985192e-01
4.0603274752e-01
4.0708234885e-01
4.0813195017e-01
4.0918155149e-01
4.1023115281e-01
4.1156551761e-01
4.1289988241e-01
4.1423424720e-01
4.1556861200e-01
4.1749889619e-01
4.1942918038e-01
4.2135946458e-01
4.2328974877e-01
4.2678548786e-01
4.3028122696e-01
4.3377696606e-01
4.3727270515e-01
4.4584474616e-01
4.5441678717e-01
4.6298882818e-01
4.7156086918e-01
4.8439371458e-01
4.9722655997e-01
5.1005940536e-01
5.2289225076e-01
5.2896012198e-01
5.3502799320e-01
5.4109586443e-01
5.4716373565e-01
5.5070881703e-01
5.5425389840e-01
5.5779897978e-01
5.6134406115e-01
5.6374213212e-01
5.6614020308e-01
5.6853827405e-01
5.7093634501e-01
5.7269520436e-01
5.7445406371e-01
5.7621292306e-01
5.7797178242e-01
5.7934131034e-01
5.8071083826e-01
5.8208036619e-01
5.8344989411e-01
5.8457028367e-01
5.8569067323e-01
5.8681106278e-01
5.8793145234e-01
5.8889655503e-01
5.8986165773e-01
5.9082676043e-01
5.9179186312e-01
5.9268729799e-01
5.9358273286e-01
5.9447816774e-01
5.9537360261e-01
5.9622856525e-01
5.9708352790e-01
5.9793849055e-01
5.9879345319e-01
5.9947602209e-01
6.0015859099e-01
6.0084115989e-01
6.0152372879e-01
6.0205266255e-01
6.0258159630e-01
6.0311053006e-01
6.0363946381e-01
6.0412633186e-01
6.0461319990e-01
6.0510006795e-01
6.0558693599e-01
6.0608705586e-01
6.0658717574e-01
6.0708729561e-01
6.0758741548e-01
6.0805007510e-01
6.0851273471e-01
6.0897539433e-01
6.0943805395e-01
6.0987557229e-01
6.1031309063e-01
6.1075060898e-01
6.1118812732e-01
6.1160499447e-01
6.1202186163e-01
6.1243872878e-01
6.1285559593e-01
6.1332696036e-01
6.1379832479e-01
6.1426968922e-01
6.1474105365e-01
6.1516214979e-01
6.1558324594e-01
6.1600434209e-01
6.1642543824e-01
6.1691813554e-01
6.1741083284e-01
6.1790353014e-01
6.1839622744e-01
6.1891720415e-01
6.1943818086e-01
6.1995915757e-01
6.2048013428e-01
6.2105496326e-01
6.2162979224e-01
6.2220462122e-01
6.2277945020e-01
6.2334833572e-01
6.2391722124e-01
6.2448610675e-01
6.2505499227e-01
6.2568504979e-01
6.2631510731e-01
6.2694516483e-01
6.2757522235e-01
6.2833192565e-01
6.2908862894e-01
6.2984533224e-01
6.3060203554e-01
6.3159832575e-01
6.3259461596e-01
6.3359090618e-01
6.3458719639e-01
6.3589980667e-01
6.3721241695e-01
6.3852502724e-01
6.3983763752e-01
6.4097175807e-01
6.4210587862e-01
6.4323999917e-01
6.4437411973e-01
6.4561031435e-01
6.4684650898e-01
6.4808270360e-01
6.4931889823e-01
6.5073376452e-01
6.5214863082e-01
6.5356349712e-01
6.5497836342e-01
6.5667068763e-01
6.5836301184e-01
6.6005533605e-01
6.6174766027e-01
6.6389297016e-01
6.6603828006e-01
6.6818358995e-01
6.7032889985e-01
6.7318096625e-01
6.7603303266e-01
6.7888509907e-01
6.8173716548e-01
6.8519044475e-01
6.8864372402e-01
6.9209700329e-01
6.9555028257e-01
6.9874950387e-01
7.0194872516e-01
7.0514794646e-01
7.0834716776e-01
7.1126853711e-01
7.1418990645e-01
7.1711127580e-01
7.2003264514e-01
7.2295886363e-01
7.2588508211e-01
7.2881130059e-01
7.3173751908e-01
7.3443328746e-01
7.3712905584e-01
7.3982482422e-01
7.4252059260e-01
7.4530425492e-01
7.4808791725e-01
7.5087157957e-01
7.5365524190e-01
7.5661159462e-01
7.5956794735e-01
7.6252430008e-01
7.6548065281e-01
7.6830451186e-01
7.7112837092e-01
7.7395222997e-01
7.7677608902e-01
7.8000671568e-01
7.8323734234e-01
7.8646796899e-01
7.8969859565e-01
7.9326263737e-01
7.9682667910e-01
8.0039072082e-01
8.0395476254e-01
8.0705000373e-01
8.1014524493e-01
8.1324048612e-01
8.1633572731e-01
8.1874177685e-01
8.2114782638e-01
8.2355387591e-01
8.2595992545e-01
8.2787039174e-01
8.2978085803e-01
8.3169132433e-01
8.3360179062e-01
8.3520787697e-01
8.3681396333e-01
8.3842004968e-01
8.4002613603e-01
8.4141701722e-01
8.4280789841e-01
8.4419877960e-01
8.4558966078e-01
8.4682688556e-01
8.4806411033e-01
8.4930133510e-01
8.5053855988e-01
8.5167963331e-01
8.5282070674e-01
8.5396178018e-01
8.5510285361e-01
8.5621011128e-01
8.5731736895e-01
8.5842462662e-01
8.5953188429e-01
8.6057715422e-01
8.6162242415e-01
8.6266769409e-01
8.6371296402e-01
8.6464651903e-01
8.6558007403e-01
8.6651362904e-01
8.6744718404e-01
8.6815586938e-01
8.6886455471e-01
8.6957324004e-01
8.7028192538e-01
8.7089989601e-01
8.7151786663e-01
8.7213583726e-01
8.7275380789e-01
8.7332498399e-01
8.7389616009e-01
8.7446733618e-01
8.7503851228e-01
8.7559846660e-01
8.7615842091e-01
8.7671837522e-01
8.7727832954e-01
8.7782742246e-01
8.7837651539e-01
8.7892560831e-01
8.7947470124e-01
8.7994837321e-01
8.8042204517e-01
8.8089571714e-01
8.8136938911e-01
8.8179971360e-01
8.8223003809e-01
8.8266036258e-01
8.8309068707e-01
8.8351976457e-01
8.8394884207e-01
8.8437791957e-01
8.8480699707e-01
8.8526018337e-01
8.8571336966e-01
8.8616655596e-01
8.8661974225e-01
8.8703143491e-01
8.8744312757e-01
8.8785482023e-01
8.8826651289e-01
8.8872254923e-01
8.8917858557e-01
8.8963462192e-01
8.9009065826e-01
8.9060042345e-01
8.9111018865e-01
8.9161995385e-01
8.9212971904e-01
8.9261522697e-01
8.9310073490e-01
8.9358624284e-01
8.9407175077e-01
8.9461006441e-01
8.9514837805e-01
8.9568669170e-01
8.9622500534e-01
8.9693987236e-01
8.9765473938e-01
8.9836960640e-01
8.9908447342e-01
9.0006668235e-01
9.0104889129e-01
9.0203110022e-01
9.0301330915e-01
9.0393545684e-01
9.0485760453e-01
9.0577975221e-01
9.0670189990e-01
9.0777614199e-01
9.0885038408e-01
9.0992462617e-01
9.1099886827e-01
9.1237224370e-01
9.1374561913e-01
9.1511899456e-01
9.1649236999e-01
9.1847430145e-01
9.2045623291e-01
9.2243816438e-01
9.2442009584e-01
9.2789144913e-01
9.3136280242e-01
9.3483415571e-01
9.3830550899e-01
9.4601657856e-01
9.5372764812e-01
9.6143871768e-01
9.6914978725e-01
9.7686234043e-01
9.8457489362e-01
9.9228744681e-01
1.0000000000e+00
