2.6997570761e-03
2.7624223563e-03
2.9532709557e-03
3.2810678227e-03
3.7608691651e-03
4.3381835728e-03
5.0763053797e-03
6.0021251448e-03
7.1491832650e-03
8.7432577715e-03
1.0735711075e-02
1.3213886452e-02
1.6284600280e-02
1.8871075762e-02
2.1867613816e-02
2.5334027913e-02
2.9337686066e-02
3.3030502667e-02
3.7170261269e-02
4.1804841017e-02
4.6985707532e-02
5.1965380866e-02
5.7435278665e-02
6.3434683206e-02
7.0004050369e-02
7.6940747725e-02
8.4486998060e-02
9.2679831387e-02
1.0155512135e-01
1.1186798781e-01
1.2304258528e-01
1.3511165214e-01
1.4810104536e-01
1.5983108186e-01
1.7223849359e-01
1.8532237328e-01
1.9907539915e-01
2.1242204425e-01
2.2631570613e-01
2.4073404579e-01
2.5564932231e-01
2.7226896196e-01
2.8938108065e-01
3.0693166792e-01
3.2486150326e-01
3.4265232048e-01
3.6068162818e-01
3.7888590972e-01
3.9720091220e-01
4.1538896954e-01
4.3356181939e-01
4.5166053946e-01
4.6962894761e-01
4.9048134124e-01
5.1100285452e-01
5.3112280521e-01
5.5077887569e-01
5.7203285907e-01
5.9258485953e-01
6.1238556874e-01
6.3139733200e-01
6.4990158721e-01
6.6754351188e-01
6.8431413936e-01
7.0021242873e-01
7.1558126880e-01
7.3005534667e-01
7.4365186401e-01
7.5639199866e-01
7.6970519805e-01
7.8200715481e-01
7.9333756768e-01
8.0373729513e-01
8.1524074085e-01
8.2549004188e-01
8.3455620935e-01
8.4250628960e-01
8.5086824189e-01
8.5773049000e-01
8.6318328408e-01
8.6730162816e-01
8.7042953299e-01
8.7198067854e-01
8.7198934931e-01
8.7046299867e-01
8.6815319902e-01
8.6484766303e-01
8.6051465041e-01
8.5511227971e-01
8.4967024340e-01
8.4338968969e-01
8.3622936324e-01
8.2814373992e-01
8.2029322228e-01
8.1166562344e-01
8.0222457566e-01
7.9193268126e-01
7.8187910941e-01
7.7107343235e-01
7.5948858074e-01
7.4709873674e-01
7.3404840541e-01
7.2016897904e-01
7.0544341928e-01
6.8985903251e-01
6.7379131426e-01
6.5689524732e-01
6.3917692765e-01
6.2065052784e-01
6.0343830412e-01
5.8562332057e-01
5.6723622133e-01
5.4831524458e-01
5.3130622075e-01
5.1395792831e-01
4.9631175002e-01
4.7841389800e-01
4.6077782245e-01
4.4300209042e-01
4.2514122624e-01
4.0725269979e-01
3.8791996673e-01
3.6870296247e-01
3.4968041613e-01
3.3093050986e-01
3.1441831500e-01
2.9823921239e-01
2.8244285227e-01
2.6707521422e-01
2.5125614273e-01
2.3601276670e-01
2.2138264310e-01
2.0739651007e-01
1.9213805015e-01
1.7778786491e-01
1.6436001799e-01
1.5185839047e-01
1.4062282790e-01
1.3024049503e-01
1.2069433591e-01
1.1196298815e-01
1.0383794423e-01
9.6513546106e-02
8.9960186657e-02
8.4148146167e-02
7.8420036433e-02
7.3567345664e-02
6.9553959469e-02
6.6348271355e-02
6.3672637499e-02
6.1958889841e-02
6.1188072620e-02
6.1351525428e-02
6.2240876345e-02
6.3830280465e-02
6.6132736474e-02
6.9166647937e-02
7.2543078794e-02
7.6551814572e-02
8.1215998040e-02
8.6561068903e-02
9.2627208572e-02
9.9432964600e-02
1.0700729358e-01
1.1537866306e-01
1.2443041471e-01
1.3430522901e-01
1.4502285647e-01
1.5659826524e-01
1.6782102444e-01
1.7975547167e-01
1.9239769276e-01
2.0573766351e-01
2.1871229471e-01
2.3225370919e-01
2.4633806520e-01
2.6093628925e-01
2.7797655172e-01
2.9557057571e-01
3.1365501408e-01
3.3216057388e-01
3.4947211788e-01
3.6701661059e-01
3.8473262917e-01
4.0255826514e-01
4.2095498850e-01
4.3933707152e-01
4.5764137121e-01
4.7580789974e-01
4.9614987605e-01
5.1616806464e-01
5.3579523290e-01
5.5497218694e-01
5.7772671676e-01
5.9965606277e-01
6.2070043478e-01
6.4081590063e-01
6.5867161472e-01
6.7568382463e-01
6.9184704354e-01
7.0716298006e-01
7.2237997016e-01
7.3668183569e-01
7.5008855121e-01
7.6262390824e-01
7.7583189021e-01
7.8799333892e-01
7.9915193482e-01
8.0935203148e-01
8.2061772011e-01
8.3058682887e-01
8.3933387689e-01
8.4692786551e-01
8.5492610505e-01
8.6131164875e-01
8.6617235415e-01
8.6957565603e-01
8.7156281020e-01
8.7217482688e-01
8.7141509662e-01
8.6926561425e-01
8.6651296871e-01
8.6281202690e-01
8.5812383104e-01
8.5240084998e-01
8.4679275644e-01
8.4038851298e-01
8.3314774568e-01
8.2502675208e-01
8.1698114406e-01
8.0815933294e-01
7.9852513449e-01
7.8804167372e-01
7.7779461574e-01
7.6679504007e-01
7.5501677918e-01
7.4243512313e-01
7.2882385659e-01
7.1434142443e-01
6.9897123169e-01
6.8270170531e-01
6.6686011141e-01
6.5024671221e-01
6.3286903756e-01
6.1474177010e-01
5.9714427817e-01
5.7893741800e-01
5.6015411219e-01
5.4083510318e-01
5.2387079739e-01
5.0658386154e-01
4.8901463464e-01
4.7120787889e-01
4.5319589779e-01
4.3504810528e-01
4.1682096288e-01
3.9857376146e-01
3.7957303156e-01
3.6068882062e-01
3.4199281436e-01
3.2355584620e-01
3.0692642705e-01
2.9062373823e-01
2.7469527792e-01
2.5918472314e-01
2.4290502418e-01
2.2720477068e-01
2.1212009400e-01
1.9767966059e-01
1.8114604306e-01
1.6560316206e-01
1.5105923957e-01
1.3750920952e-01
1.2608535825e-01
1.1544287359e-01
1.0555682989e-01
9.6397937597e-02
8.7390935376e-02
7.9131919201e-02
7.1576578656e-02
6.4679763110e-02
5.6992991311e-02
5.0160784517e-02
4.4102614140e-02
3.8742146029e-02
3.2769603523e-02
2.7691309006e-02
2.3383791093e-02
1.9737951536e-02
1.6397281654e-02
1.3626173361e-02
1.1333205635e-02
9.4412279684e-03
7.7618883443e-03
6.4126908940e-03
5.3375163503e-03
4.4912617391e-03
3.7496795083e-03
3.2261843846e-03
2.8906125389e-03
2.7236057351e-03
2.7099106855e-03
2.8272885083e-03
3.0813558520e-03
3.4842922799e-03
3.9851396789e-03
4.6386971712e-03
5.4696185097e-03
6.5090964946e-03
7.7734375023e-03
9.3224214932e-03
1.1210909153e-02
1.3504938140e-02
1.5769552549e-02
1.8419122840e-02
2.1513947274e-02
2.5122845569e-02
2.8519847356e-02
3.2362674016e-02
3.6703912220e-02
4.1600835472e-02
4.6174792469e-02
5.1220723874e-02
5.6779430016e-02
6.2893446950e-02
6.9168269834e-02
7.6006623138e-02
8.3445614397e-02
9.1521989183e-02
1.0267169096e-01
1.1495935971e-01
1.2844464416e-01
1.4317631367e-01
1.5472538935e-01
1.6696358587e-01
1.7989259435e-01
1.9350767588e-01
2.0683865343e-01
2.2074307626e-01
2.3519977975e-01
2.5018179709e-01
2.6617704945e-01
2.8265594660e-01
2.9957072182e-01
3.1686862221e-01
3.3503603341e-01
3.5348379602e-01
3.7214349980e-01
3.9094544579e-01
4.0925075328e-01
4.2756131566e-01
4.4581619875e-01
4.6395705435e-01
4.8692611998e-01
5.0951186725e-01
5.3161936471e-01
5.5316579392e-01
5.7378784679e-01
5.9374051068e-01
6.1297911673e-01
6.3146941099e-01
6.5020623545e-01
6.6805786353e-01
6.8501517437e-01
7.0107735740e-01
7.1649879010e-01
7.3101409400e-01
7.4464111935e-01
7.5740173357e-01
7.7076682203e-01
7.8310364859e-01
7.9445325738e-01
8.0485780493e-01
8.1617473322e-01
8.2625934610e-01
8.3518104984e-01
8.4300529863e-01
8.5125573705e-01
8.5802206965e-01
8.6339285875e-01
8.6744160273e-01
8.7051315463e-01
8.7200819122e-01
8.7196006263e-01
8.7037523885e-01
8.6802148561e-01
8.6467276758e-01
8.6029697001e-01
8.5485188805e-01
8.4934814932e-01
8.4299819242e-01
8.3576009901e-01
8.2758764851e-01
8.1971178030e-01
8.1106214270e-01
8.0160268810e-01
7.9129638856e-01
7.8115573644e-01
7.7025550380e-01
7.5856838994e-01
7.4606841155e-01
7.3300603051e-01
7.1911979441e-01
7.0439315838e-01
6.8881392318e-01
6.7259424761e-01
6.5553670832e-01
6.3764809141e-01
6.1894353928e-01
6.0180038851e-01
5.8406593339e-01
5.6577078469e-01
5.4695296031e-01
5.2990370119e-01
5.1251792067e-01
4.9483748500e-01
4.7690909113e-01
4.5925062866e-01
4.4145695232e-01
4.2358294214e-01
4.0568637726e-01
3.8635644030e-01
3.6714865264e-01
3.4814179627e-01
3.2941399089e-01
3.1297222688e-01
2.9686633902e-01
2.8114530211e-01
2.6585440215e-01
2.5005067119e-01
2.3482780606e-01
2.2022302676e-01
2.0626667475e-01
1.9098827364e-01
1.7663010582e-01
1.6320560286e-01
1.5071787269e-01
1.3957579864e-01
1.2928406038e-01
1.1982517702e-01
1.1117749119e-01
1.0312581477e-01
9.5872457640e-02
8.9387741368e-02
8.3641961254e-02
7.7981517152e-02
7.3195313392e-02
6.9247461887e-02
6.6106670565e-02
6.3486451971e-02
6.1844178027e-02
6.1161311118e-02
6.1430027195e-02
6.2404591941e-02
6.4072531388e-02
6.6447299394e-02
6.9547600444e-02
7.2992087196e-02
7.7068712978e-02
8.1800764331e-02
8.7213748421e-02
9.3335349186e-02
1.0019356743e-01
1.0781699424e-01
1.1623364167e-01
1.2541011477e-01
1.3541962603e-01
1.4628174972e-01
1.5801105410e-01
1.6923788481e-01
1.8116554254e-01
1.9378952467e-01
2.0709934015e-01
2.2019122840e-01
2.3385222361e-01
2.4805757951e-01
2.6277724070e-01
2.7975749693e-01
2.9727756438e-01
3.1527480935e-01
3.3368092508e-01
3.5106283957e-01
3.6867337842e-01
3.8645053353e-01
4.0433189571e-01
4.2274501769e-01
4.4113720112e-01
4.5944542673e-01
4.7760990997e-01
4.9814400728e-01
5.1834014996e-01
5.3812976032e-01
5.5745267486e-01
5.8018560360e-01
6.0208118519e-01
6.2308096968e-01
6.4314238761e-01
6.6090568987e-01
6.7782291116e-01
6.9388954495e-01
7.0910815628e-01
7.2426570115e-01
7.3850351636e-01
7.5184236546e-01
7.6430674678e-01
7.7744495684e-01
7.8953195691e-01
8.0061221877e-01
8.1073075765e-01
8.2189957840e-01
8.3176686483e-01
8.4040774113e-01
8.4789154576e-01
8.5574929883e-01
8.6198620695e-01
8.6668928511e-01
8.6992453508e-01
8.7171789876e-01
8.7215584973e-01
8.7123909437e-01
8.6894749536e-01
8.6608970185e-01
8.6229110821e-01
8.5751242243e-01
8.5170601794e-01
8.4602063507e-01
8.3954081386e-01
8.3222625094e-01
8.2403341247e-01
8.1592502057e-01
8.0704239153e-01
7.9734967450e-01
7.8681040120e-01
7.7647334141e-01
7.6538072906e-01
7.5350655675e-01
7.4082635128e-01
7.2709312443e-01
7.1248434538e-01
6.9698392191e-01
6.8058094408e-01
6.6471649205e-01
6.4808864872e-01
6.3070568830e-01
6.1258300533e-01
5.9474961618e-01
5.7630011039e-01
5.5726937150e-01
5.3770044123e-01
5.2072698933e-01
5.0343993015e-01
4.8588003323e-01
4.6809240687e-01
4.4999635320e-01
4.3177345023e-01
4.1348124860e-01
3.9518004153e-01
3.7631834946e-01
3.5758382945e-01
3.3904672094e-01
3.2077623178e-01
3.0414328631e-01
2.8784757238e-01
2.7193644607e-01
2.5645328093e-01
2.4002812643e-01
2.2420719780e-01
2.0902681940e-01
1.9451536645e-01
1.7751451604e-01
1.6159081227e-01
1.4674966340e-01
1.3298136281e-01
1.2185670134e-01
1.1150525636e-01
1.0190022684e-01
9.3010856898e-02
8.4095755978e-02
7.5944682406e-02
6.8509814526e-02
6.1742814370e-02
5.3805082659e-02
4.6827129054e-02
4.0709105919e-02
3.5357489451e-02
2.9081228935e-02
2.3894211767e-02
1.9620246984e-02
1.6108192701e-02
1.3367991729e-02
1.1104519506e-02
9.2403053301e-03
7.7105379582e-03
6.3349532197e-03
5.2471831282e-03
4.3986765683e-03
3.7513161098e-03
3.2759621875e-03
2.9510843595e-03
2.7618876129e-03
2.6997568774e-03
