0.0000000000e+00
4.3719530698e-03
8.7439061396e-03
1.3115859209e-02
1.7487812279e-02
2.0802898774e-02
2.4117985269e-02
2.7433071765e-02
3.0748158260e-02
3.3413567016e-02
3.6078975772e-02
3.8744384529e-02
4.1409793285e-02
4.3663413597e-02
4.5917033910e-02
4.8170654222e-02
5.0424274535e-02
5.2480353314e-02
5.4536432093e-02
5.6592510872e-02
5.8648589651e-02
6.0577214926e-02
6.2505840200e-02
6.4434465475e-02
6.6363090750e-02
6.7913863111e-02
6.9464635472e-02
7.1015407833e-02
7.2566180194e-02
7.3788076250e-02
7.5009972307e-02
7.6231868364e-02
7.7453764420e-02
7.8564723816e-02
7.9675683213e-02
8.0786642609e-02
8.1897602005e-02
8.3125589243e-02
8.4353576481e-02
8.5581563719e-02
8.6809550957e-02
8.7881467423e-02
8.8953383889e-02
9.0025300355e-02
9.1097216821e-02
9.2050298759e-02
9.3003380697e-02
9.3956462636e-02
9.4909544574e-02
9.5947806830e-02
9.6986069086e-02
9.8024331342e-02
9.9062593598e-02
1.0004821052e-01
1.0103382745e-01
1.0201944438e-01
1.0300506130e-01
1.0401541694e-01
1.0502577257e-01
1.0603612820e-01
1.0704648383e-01
1.0817819709e-01
1.0930991035e-01
1.1044162360e-01
1.1157333686e-01
1.1287045143e-01
1.1416756600e-01
1.1546468057e-01
1.1676179514e-01
1.1809311923e-01
1.1942444333e-01
1.2075576742e-01
1.2208709152e-01
1.2348370126e-01
1.2488031101e-01
1.2627692076e-01
1.2767353051e-01
1.2933003794e-01
1.3098654537e-01
1.3264305280e-01
1.3429956023e-01
1.3641993654e-01
1.3854031284e-01
1.4066068914e-01
1.4278106545e-01
1.4528311781e-01
1.4778517016e-01
1.5028722252e-01
1.5278927488e-01
1.5558210482e-01
1.5837493477e-01
1.6116776471e-01
1.6396059466e-01
1.6662361545e-01
1.6928663624e-01
1.7194965703e-01
1.7461267783e-01
1.7668942108e-01
1.7876616434e-01
1.8084290760e-01
1.8291965086e-01
1.8462271565e-01
1.8632578044e-01
1.8802884523e-01
1.8973191002e-01
1.9122029332e-01
1.9270867661e-01
1.9419705990e-01
1.9568544319e-01
1.9709029439e-01
1.9849514559e-01
1.9989999679e-01
2.0130484799e-01
2.0267442383e-01
2.0404399968e-01
2.0541357553e-01
2.0678315137e-01
2.0804663452e-01
2.0931011766e-01
2.1057360080e-01
2.1183708394e-01
2.1299803252e-01
2.1415898109e-01
2.1531992967e-01
2.1648087825e-01
2.1755946599e-01
2.1863805373e-01
2.1971664148e-01
2.2079522922e-01
2.2189312781e-01
2.2299102639e-01
2.2408892498e-01
2.2518682356e-01
2.2625556094e-01
2.2732429831e-01
2.2839303569e-01
2.2946177307e-01
2.3061081644e-01
2.3175985981e-01
2.3290890319e-01
2.3405794656e-01
2.3523491105e-01
2.3641187553e-01
2.3758884002e-01
2.3876580450e-01
2.3994841861e-01
2.4113103272e-01
2.4231364683e-01
2.4349626094e-01
2.4469402236e-01
2.4589178379e-01
2.4708954522e-01
2.4828730664e-01
2.4949129132e-01
2.5069527600e-01
2.5189926068e-01
2.5310324536e-01
2.5435316731e-01
2.5560308926e-01
2.5685301121e-01
2.5810293316e-01
2.5934754900e-01
2.6059216484e-01
2.6183678069e-01
2.6308139653e-01
2.6414803884e-01
2.6521468116e-01
2.6628132347e-01
2.6734796578e-01
2.6839913121e-01
2.6945029664e-01
2.7050146207e-01
2.7155262749e-01
2.7262107471e-01
2.7368952192e-01
2.7475796913e-01
2.7582641634e-01
2.7689552698e-01
2.7796463762e-01
2.7903374827e-01
2.8010285891e-01
2.8124012663e-01
2.8237739434e-01
2.8351466205e-01
2.8465192976e-01
2.8597610548e-01
2.8730028120e-01
2.8862445692e-01
2.8994863264e-01
2.9145013360e-01
2.9295163456e-01
2.9445313552e-01
2.9595463648e-01
2.9739210832e-01
2.9882958015e-01
3.0026705199e-01
3.0170452382e-01
3.0335505561e-01
3.0500558740e-01
3.0665611919e-01
3.0830665098e-01
3.1045574734e-01
3.1260484371e-01
3.1475394007e-01
3.1690303644e-01
3.1957177816e-01
3.2224051989e-01
3.2490926161e-01
3.2757800334e-01
3.3039164140e-01
3.3320527946e-01
3.3601891752e-01
3.3883255558e-01
3.4150312855e-01
3.4417370152e-01
3.4684427449e-01
3.4951484746e-01
3.5169492424e-01
3.5387500103e-01
3.5605507781e-01
3.5823515460e-01
3.5990902067e-01
3.6158288674e-01
3.6325675281e-01
3.6493061888e-01
3.6636754361e-01
3.6780446833e-01
3.6924139306e-01
3.7067831779e-01
3.7199992988e-01
3.7332154196e-01
3.7464315405e-01
3.7596476614e-01
3.7727404263e-01
3.7858331912e-01
3.7989259561e-01
3.8120187210e-01
3.8244214965e-01
3.8368242719e-01
3.8492270474e-01
3.8616298229e-01
3.8723376910e-01
3.8830455591e-01
3.8937534273e-01
3.9044612954e-01
3.9142947278e-01
3.9241281601e-01
3.9339615925e-01
3.9437950249e-01
3.9537162858e-01
3.9636375467e-01
3.9735588076e-01
3.9834800685e-01
3.9933453097e-01
4.0032105509e-01
4.0130757921e-01
4.0229410333e-01
4.0326801557e-01
4.0424192782e-01
4.0521584006e-01
4.0618975231e-01
4.0737546621e-01
4.0856118011e-01
4.0974689401e-01
4.1093260791e-01
4.1217021800e-01
4.1340782809e-01
4.1464543818e-01
4.1588304827e-01
4.1706724290e-01
4.1825143752e-01
4.1943563214e-01
4.2061982677e-01
4.2208236907e-01
4.2354491136e-01
4.2500745366e-01
4.2646999596e-01
4.2845719664e-01
4.3044439733e-01
4.3243159801e-01
4.3441879869e-01
4.3659008374e-01
4.3876136878e-01
4.4093265383e-01
4.4310393888e-01
4.4552745005e-01
4.4795096122e-01
4.5037447239e-01
4.5279798356e-01
4.5590781171e-01
4.5901763986e-01
4.6212746800e-01
4.6523729615e-01
4.6960034356e-01
4.7396339098e-01
4.7832643839e-01
4.8268948580e-01
4.8768493384e-01
4.9268038188e-01
4.9767582992e-01
5.0267127796e-01
5.0689398227e-01
5.1111668658e-01
5.1533939089e-01
5.1956209520e-01
5.2278442885e-01
5.2600676250e-01
5.2922909615e-01
5.3245142979e-01
5.3505600143e-01
5.3766057307e-01
5.4026514471e-01
5.4286971634e-01
5.4509501974e-01
5.4732032313e-01
5.4954562653e-01
5.5177092992e-01
5.5396789764e-01
5.5616486535e-01
5.5836183307e-01
5.6055880078e-01
5.6239132463e-01
5.6422384848e-01
5.6605637232e-01
5.6788889617e-01
5.6931439926e-01
5.7073990236e-01
5.7216540545e-01
5.7359090854e-01
5.7479038593e-01
5.7598986332e-01
5.7718934071e-01
5.7838881810e-01
5.7952865882e-01
5.8066849954e-01
5.8180834026e-01
5.8294818098e-01
5.8405703657e-01
5.8516589215e-01
5.8627474774e-01
5.8738360332e-01
5.8843241329e-01
5.8948122326e-01
5.9053003323e-01
5.9157884320e-01
5.9255900286e-01
5.9353916252e-01
5.9451932218e-01
5.9549948184e-01
5.9650891089e-01
5.9751833993e-01
5.9852776897e-01
5.9953719802e-01
6.0055301107e-01
6.0156882412e-01
6.0258463717e-01
6.0360045022e-01
6.0466322423e-01
6.0572599824e-01
6.0678877225e-01
6.0785154625e-01
6.0905080650e-01
6.1025006675e-01
6.1144932700e-01
6.1264858725e-01
6.1391836457e-01
6.1518814189e-01
6.1645791921e-01
6.1772769653e-01
6.1904586469e-01
6.2036403285e-01
6.2168220100e-01
6.2300036916e-01
6.2442526856e-01
6.2585016795e-01
6.2727506735e-01
6.2869996675e-01
6.3043341478e-01
6.3216686281e-01
6.3390031084e-01
6.3563375887e-01
6.3786094155e-01
6.4008812423e-01
6.4231530691e-01
6.4454248959e-01
6.4708036032e-01
6.4961823105e-01
6.5215610178e-01
6.5469397251e-01
6.5753964709e-01
6.6038532167e-01
6.6323099626e-01
6.6607667084e-01
6.6861926381e-01
6.7116185677e-01
6.7370444974e-01
6.7624704270e-01
6.7824400842e-01
6.8024097414e-01
6.8223793986e-01
6.8423490557e-01
6.8589104782e-01
6.8754719006e-01
6.8920333230e-01
6.9085947454e-01
6.9232099316e-01
6.9378251177e-01
6.9524403039e-01
6.9670554900e-01
6.9810615684e-01
6.9950676468e-01
7.0090737252e-01
7.0230798037e-01
7.0364842000e-01
7.0498885962e-01
7.0632929925e-01
7.0766973888e-01
7.0895572281e-01
7.1024170674e-01
7.1152769067e-01
7.1281367460e-01
7.1392874090e-01
7.1504380720e-01
7.1615887350e-01
7.1727393980e-01
7.1836156864e-01
7.1944919749e-01
7.2053682633e-01
7.2162445517e-01
7.2268529871e-01
7.2374614225e-01
7.2480698579e-01
7.2586782932e-01
7.2692597010e-01
7.2798411088e-01
7.2904225166e-01
7.3010039244e-01
7.3122495193e-01
7.3234951142e-01
7.3347407091e-01
7.3459863040e-01
7.3580281626e-01
7.3700700212e-01
7.3821118798e-01
7.3941537383e-01
7.4059585842e-01
7.4177634301e-01
7.4295682760e-01
7.4413731218e-01
7.4539944557e-01
7.4666157897e-01
7.4792371236e-01
7.4918584575e-01
7.5037960099e-01
7.5157335622e-01
7.5276711146e-01
7.5396086670e-01
7.5522352599e-01
7.5648618529e-01
7.5774884458e-01
7.5901150387e-01
7.6019837040e-01
7.6138523694e-01
7.6257210347e-01
7.6375897000e-01
7.6482773782e-01
7.6589650564e-01
7.6696527346e-01
7.6803404129e-01
7.6908974521e-01
7.7014544914e-01
7.7120115306e-01
7.7225685699e-01
7.7333894414e-01
7.7442103130e-01
7.7550311846e-01
7.7658520562e-01
7.7764426531e-01
7.7870332500e-01
7.7976238469e-01
7.8082144439e-01
7.8200301482e-01
7.8318458526e-01
7.8436615569e-01
7.8554772613e-01
7.8697657607e-01
7.8840542601e-01
7.8983427594e-01
7.9126312588e-01
7.9265607553e-01
7.9404902517e-01
7.9544197482e-01
7.9683492447e-01
7.9830405500e-01
7.9977318554e-01
8.0124231607e-01
8.0271144660e-01
8.0438091073e-01
8.0605037486e-01
8.0771983899e-01
8.0938930312e-01
8.1151563448e-01
8.1364196583e-01
8.1576829718e-01
8.1789462854e-01
8.2073092723e-01
8.2356722593e-01
8.2640352462e-01
8.2923982332e-01
8.3189465285e-01
8.3454948238e-01
8.3720431191e-01
8.3985914144e-01
8.4236407642e-01
8.4486901139e-01
8.4737394637e-01
8.4987888135e-01
8.5196480081e-01
8.5405072027e-01
8.5613663973e-01
8.5822255920e-01
8.5988772071e-01
8.6155288223e-01
8.6321804375e-01
8.6488320527e-01
8.6632771736e-01
8.6777222945e-01
8.6921674154e-01
8.7066125363e-01
8.7196994798e-01
8.7327864233e-01
8.7458733668e-01
8.7589603102e-01
8.7726004015e-01
8.7862404929e-01
8.7998805842e-01
8.8135206755e-01
8.8253848161e-01
8.8372489568e-01
8.8491130974e-01
8.8609772380e-01
8.8723878495e-01
8.8837984609e-01
8.8952090724e-01
8.9066196838e-01
8.9162287528e-01
8.9258378217e-01
8.9354468907e-01
8.9450559596e-01
8.9572056714e-01
8.9693553833e-01
8.9815050951e-01
8.9936548069e-01
9.0030169283e-01
9.0123790497e-01
9.0217411710e-01
9.0311032924e-01
9.0413214341e-01
9.0515395757e-01
9.0617577174e-01
9.0719758590e-01
9.0833882618e-01
9.0948006645e-01
9.1062130673e-01
9.1176254700e-01
9.1287584109e-01
9.1398913518e-01
9.1510242927e-01
9.1621572336e-01
9.1739123514e-01
9.1856674691e-01
9.1974225869e-01
9.2091777046e-01
9.2242925798e-01
9.2394074550e-01
9.2545223302e-01
9.2696372055e-01
9.2907156072e-01
9.3117940090e-01
9.3328724108e-01
9.3539508125e-01
9.3748669179e-01
9.3957830233e-01
9.4166991287e-01
9.4376152341e-01
9.4618722626e-01
9.4861292910e-01
9.5103863195e-01
9.5346433479e-01
9.5656474873e-01
9.5966516267e-01
9.6276557660e-01
9.6586599054e-01
9.7013274172e-01
9.7439949291e-01
9.7866624409e-01
9.8293299527e-01
9.8719974645e-01
9.9146649764e-01
9.9573324882e-01
1.0000000000e+00
