5.0204350591e-05
5.5147555046e-05
7.0905990386e-05
1.0057409211e-04
1.5004293629e-04
2.0648893130e-04
2.8605418469e-04
3.9767006372e-04
5.5389700609e-04
7.2345663842e-04
9.4514899164e-04
1.2349330811e-03
1.6136627587e-03
2.0230721948e-03
2.5360714346e-03
3.1787322048e-03
3.9836045339e-03
4.8934851824e-03
6.0096659641e-03
7.3782396350e-03
9.0552247279e-03
1.0968657213e-02
1.3279912027e-02
1.6068793580e-02
1.9429700951e-02
2.2621569781e-02
2.6320870535e-02
3.0602292579e-02
3.5549357061e-02
3.9976466149e-02
4.4923496807e-02
5.0443171865e-02
5.6591338934e-02
6.2776078861e-02
6.9574380164e-02
7.7032693513e-02
8.5197666401e-02
9.5100395711e-02
1.0598256575e-01
1.1789930280e-01
1.3089886166e-01
1.4316224788e-01
1.5629914962e-01
1.7031956084e-01
1.8522376384e-01
1.9920967862e-01
2.1387089441e-01
2.2918443752e-01
2.4511950457e-01
2.6314067276e-01
2.8179354334e-01
3.0100865313e-01
3.2070824090e-01
3.3978026995e-01
3.5913603630e-01
3.7869651048e-01
3.9838164767e-01
4.1860688559e-01
4.3879564312e-01
4.5886769839e-01
4.7874742672e-01
5.0070024664e-01
5.2223482070e-01
5.4327267035e-01
5.6374624503e-01
5.8644556044e-01
6.0826166312e-01
6.2914372382e-01
6.4905669669e-01
6.6846537729e-01
6.8682245496e-01
7.0413063949e-01
7.2040249000e-01
7.3638120150e-01
7.5127375399e-01
7.6511738405e-01
7.7795366510e-01
7.9193420980e-01
8.0463786260e-01
8.1614320785e-01
8.2652839742e-01
8.3830871494e-01
8.4853165883e-01
8.5734005431e-01
8.6486515951e-01
8.7225540292e-01
8.7819553421e-01
8.8283248791e-01
8.8628864297e-01
8.8887182641e-01
8.9020903945e-01
8.9036912508e-01
8.8938759786e-01
8.8739146323e-01
8.8433561868e-01
8.8016883942e-01
8.7481311872e-01
8.6974476665e-01
8.6382860188e-01
8.5699305236e-01
8.4915645472e-01
8.4191893564e-01
8.3389153936e-01
8.2501506289e-01
8.1522678882e-01
8.0587427378e-01
7.9572998422e-01
7.8474805702e-01
7.7288264668e-01
7.6083206949e-01
7.4791782460e-01
7.3410598819e-01
7.1936614758e-01
7.0407844839e-01
6.8786598410e-01
6.7071756448e-01
6.5263051873e-01
6.3511834431e-01
6.1682815572e-01
5.9778447126e-01
5.7802265341e-01
5.5927168686e-01
5.4000012333e-01
5.2026345823e-01
5.0012676831e-01
4.8112529730e-01
4.6190981102e-01
4.4255351930e-01
4.2313516609e-01
4.0339158343e-01
3.8376167920e-01
3.6433895525e-01
3.4521725544e-01
3.2698069328e-01
3.0919944831e-01
2.9195135034e-01
2.7530844921e-01
2.5816448007e-01
2.4186615259e-01
2.2647307362e-01
2.1203341538e-01
1.9826979219e-01
1.8557304776e-01
1.7396058987e-01
1.6344061991e-01
1.5397096765e-01
1.4559919372e-01
1.3831553061e-01
1.3210752835e-01
1.2690238980e-01
1.2277257617e-01
1.1970555771e-01
1.1769114673e-01
1.1671988417e-01
1.1680141244e-01
1.1793604486e-01
1.2012792750e-01
1.2353030151e-01
1.2809272492e-01
1.3382990895e-01
1.4075785810e-01
1.4885534818e-01
1.5816293657e-01
1.6869005689e-01
1.8043987249e-01
1.9147883624e-01
2.0340273593e-01
2.1619535235e-01
2.2983299262e-01
2.4406859975e-01
2.5905560815e-01
2.7474751214e-01
2.9109000163e-01
3.0830430512e-01
3.2605526080e-01
3.4426535188e-01
3.6285256490e-01
3.8174355584e-01
4.0084016063e-01
4.2005591636e-01
4.3930601024e-01
4.5972931061e-01
4.8000567893e-01
5.0004874005e-01
5.1977982315e-01
5.4226760789e-01
5.6414158686e-01
5.8532207172e-01
6.0574514239e-01
6.2792559714e-01
6.4901997518e-01
6.6899859159e-01
6.8784938462e-01
7.0484230534e-01
7.2081749727e-01
7.3579644925e-01
7.4980727590e-01
7.6474397320e-01
7.7850434404e-01
7.9114835380e-01
8.0273810046e-01
8.1635201228e-01
8.2842100360e-01
8.3907552218e-01
8.4843810637e-01
8.5843521180e-01
8.6680657626e-01
8.7371814858e-01
8.7930828490e-01
8.8389252831e-01
8.8722738539e-01
8.8937620621e-01
8.9036918741e-01
8.9024021850e-01
8.8903720555e-01
8.8670192600e-01
8.8314747699e-01
8.7926189385e-01
8.7440816152e-01
8.6849354783e-01
8.6141095779e-01
8.5510468181e-01
8.4797770348e-01
8.3996445701e-01
8.3099488319e-01
8.2247586964e-01
8.1314857452e-01
8.0296267007e-01
7.9186698342e-01
7.8081436439e-01
7.6890915938e-01
7.5611315562e-01
7.4239021989e-01
7.2784878399e-01
7.1233691003e-01
6.9583182808e-01
6.7831752902e-01
6.6078820124e-01
6.4234776333e-01
6.2300739488e-01
6.0278913875e-01
5.8465357610e-01
5.6591904105e-01
5.4662374051e-01
5.2681435885e-01
5.0821717964e-01
4.8928261019e-01
4.7006629988e-01
4.5062973698e-01
4.3086436511e-01
4.1101645482e-01
3.9116338303e-01
3.7138524643e-01
3.5187384653e-01
3.3259739646e-01
3.1363437055e-01
2.9506013425e-01
2.7717397874e-01
2.5979833688e-01
2.4298892470e-01
2.2679391139e-01
2.0796354121e-01
1.9015782052e-01
1.7341320834e-01
1.5774825748e-01
1.4255107209e-01
1.2851690693e-01
1.1561605635e-01
1.0380680666e-01
9.3482079334e-02
8.4059573347e-02
7.5485372384e-02
6.7703557997e-02
5.9102069146e-02
5.1517710920e-02
4.4849026462e-02
3.8999836475e-02
3.2205557471e-02
2.6555162246e-02
2.1869080802e-02
1.7991514228e-02
1.4522343509e-02
1.1712706551e-02
9.4404834133e-03
7.6049597432e-03
5.9713811034e-03
4.6868718055e-03
3.6774979525e-03
2.8847121066e-03
2.1118715648e-03
1.5459321764e-03
1.1315726377e-03
8.2823663979e-04
5.3479793428e-04
3.4607918112e-04
2.2490291367e-04
1.4754664020e-04
9.3861943790e-05
6.4445791030e-05
5.1599107116e-05
5.2027417371e-05
6.2776611562e-05
8.4994398684e-05
1.2275203322e-04
1.8302673618e-04
2.5077077545e-04
3.4502812212e-04
4.7578620976e-04
6.5692886328e-04
8.5298516279e-04
1.1076942161e-03
1.4385402406e-03
1.8682173657e-03
2.3354417946e-03
2.9191234638e-03
3.6481087458e-03
4.5582793192e-03
5.6779420218e-03
7.0702404947e-03
8.8004059965e-03
1.0948589095e-02
1.3130215874e-02
1.5738273450e-02
1.8852590446e-02
2.2566343994e-02
2.5938288522e-02
2.9795562272e-02
3.4202084078e-02
3.9228259015e-02
4.3993828891e-02
4.9301856133e-02
5.5204651217e-02
6.1757123233e-02
6.8637799543e-02
7.6206774038e-02
8.4514454030e-02
9.3610623402e-02
1.0326192389e-01
1.1374648444e-01
1.2510155095e-01
1.3735869845e-01
1.4980442894e-01
1.6309247972e-01
1.7722778142e-01
1.9220582131e-01
2.0695230411e-01
2.2240103010e-01
2.3852233546e-01
2.5527782620e-01
2.7314695459e-01
2.9157878136e-01
3.1050527065e-01
3.2985165226e-01
3.4966316409e-01
3.6973325958e-01
3.8997464824e-01
4.1029980808e-01
4.3156061522e-01
4.5272362490e-01
4.7369894245e-01
4.9440312023e-01
5.1734570307e-01
5.3974970666e-01
5.6153217847e-01
5.8262395609e-01
6.0414149205e-01
6.2477206071e-01
6.4447992510e-01
6.6324266452e-01
6.8170941679e-01
6.9914611762e-01
7.1556237396e-01
7.3097602939e-01
7.4653856929e-01
7.6099612621e-01
7.7439154271e-01
7.8677129885e-01
8.0053306939e-01
8.1295392442e-01
8.2412370818e-01
8.3413054324e-01
8.4541682333e-01
8.5509324904e-01
8.6331596023e-01
8.7022617360e-01
8.7665998329e-01
8.8171296487e-01
8.8551978823e-01
8.8818967223e-01
8.8993496957e-01
8.9044031999e-01
8.8975343445e-01
8.8788671785e-01
8.8520329129e-01
8.8152130272e-01
8.7677925815e-01
8.7089323106e-01
8.6539964084e-01
8.5907352775e-01
8.5184468595e-01
8.4363440533e-01
8.3601894307e-01
8.2761517863e-01
8.1836624419e-01
8.0821250060e-01
7.9845111708e-01
7.8789359470e-01
7.7649643518e-01
7.6421670880e-01
7.5158212497e-01
7.3806437359e-01
7.2363221950e-01
7.0825876906e-01
6.9264448408e-01
6.7613590870e-01
6.5872797428e-01
6.4042445851e-01
6.2203567173e-01
6.0285810198e-01
5.8292583445e-01
5.6228539525e-01
5.4386094714e-01
5.2499651435e-01
5.0574792069e-01
4.8617911304e-01
4.6685194227e-01
4.4736196756e-01
4.2778859735e-01
4.0821621907e-01
3.8921113998e-01
3.7037511023e-01
3.5179288457e-01
3.3354844399e-01
3.1576839544e-01
2.9848317506e-01
2.8176496343e-01
2.6567968464e-01
2.4934415973e-01
2.3385054662e-01
2.1924909397e-01
2.0557959157e-01
1.9200890682e-01
1.7956504955e-01
1.6826159383e-01
1.5810288949e-01
1.4925227249e-01
1.4149064888e-01
1.3480665610e-01
1.2918710653e-01
1.2434082810e-01
1.2068009815e-01
1.1819186162e-01
1.1686655036e-01
1.1667825771e-01
1.1752479069e-01
1.1940922661e-01
1.2233817878e-01
1.2658375045e-01
1.3202341539e-01
1.3867344278e-01
1.4655032621e-01
1.5508647373e-01
1.6472949056e-01
1.7548421260e-01
1.8734911358e-01
1.9897571034e-01
2.1148124548e-01
2.2484467284e-01
2.3903700385e-01
2.5383310760e-01
2.6935719464e-01
2.8555688470e-01
3.0237216369e-01
3.2017635565e-01
3.3847810466e-01
3.5719355412e-01
3.7623518127e-01
3.9510122773e-01
4.1410947529e-01
4.3317684871e-01
4.5222279214e-01
4.7335255716e-01
4.9426032119e-01
5.1485511725e-01
5.3505553876e-01
5.5885557041e-01
5.8186936306e-01
6.0401262809e-01
6.2522152854e-01
6.4495521796e-01
6.6373226728e-01
6.8154000956e-01
6.9837736100e-01
7.1509393536e-01
7.3076088021e-01
7.4540587980e-01
7.5906269705e-01
7.7343104578e-01
7.8663376040e-01
7.9873446119e-01
8.0979791990e-01
8.2248896345e-01
8.3373152321e-01
8.4364843406e-01
8.5235408326e-01
8.6226058611e-01
8.7041570065e-01
8.7700321864e-01
8.8217165145e-01
8.8582460831e-01
8.8839930711e-01
8.8993486583e-01
8.9044415824e-01
8.8997193752e-01
8.8854121236e-01
8.8609713872e-01
8.8256247705e-01
8.7871529489e-01
8.7397207488e-01
8.6825031471e-01
8.6145545759e-01
8.5518995079e-01
8.4811305507e-01
8.4016029250e-01
8.3126277743e-01
8.2272264759e-01
8.1336706820e-01
8.0314494060e-01
7.9200428913e-01
7.8107440678e-01
7.6930939009e-01
7.5667209041e-01
7.4312732921e-01
7.2800939737e-01
7.1183852803e-01
6.9458906528e-01
6.7624337688e-01
6.5938848880e-01
6.4170031687e-01
6.2318912905e-01
6.0387432959e-01
5.8456719291e-01
5.6458016585e-01
5.4395987227e-01
5.2276389055e-01
5.0451814463e-01
4.8596020100e-01
4.6714302621e-01
4.4812484831e-01
4.2388916267e-01
3.9957022160e-01
3.7531257101e-01
3.5126514013e-01
3.3297295014e-01
3.1496173121e-01
2.9729605831e-01
2.8003687502e-01
2.6172965049e-01
2.4403917995e-01
2.2702185865e-01
2.1072426000e-01
1.9341690431e-01
1.7708760554e-01
1.6175607186e-01
1.4742749295e-01
1.3440858234e-01
1.2231854445e-01
1.1113089249e-01
1.0081214568e-01
9.0816682016e-02
8.1695991325e-02
7.3396660179e-02
6.5863714255e-02
5.7215049743e-02
4.9626603189e-02
4.2987750777e-02
3.7194280501e-02
3.0345362373e-02
2.4718330093e-02
2.0108682971e-02
1.6341323674e-02
1.3289682154e-02
1.0800559149e-02
8.7727394311e-03
7.1223338599e-03
5.5905150599e-03
4.3865534189e-03
3.4408470424e-03
2.6983326441e-03
1.9771940778e-03
1.4486761487e-03
1.0613869560e-03
7.7762789931e-04
5.0706703216e-04
3.3138996703e-04
2.1753304639e-04
1.4419281528e-04
9.7860634738e-05
6.9861832724e-05
5.4908114123e-05
5.0204536368e-05
