1.9927023504e-04
2.1109172683e-04
2.4792014984e-04
3.1411856091e-04
4.1757493326e-04
5.3556001980e-04
6.9417762320e-04
9.0546100770e-04
1.1854456726e-03
1.4883358592e-03
1.8702096716e-03
2.3512319689e-03
2.9567466434e-03
3.6211070038e-03
4.4344758656e-03
5.4298330765e-03
6.6472898975e-03
8.3219964292e-03
1.0413551723e-02
1.3022877456e-02
1.6273655584e-02
1.9011214377e-02
2.2196915864e-02
2.5899624260e-02
3.0197115979e-02
3.4061985530e-02
3.8397773666e-02
4.3255369330e-02
4.8689376171e-02
5.4001244662e-02
5.9847496319e-02
6.6271454361e-02
7.3317543900e-02
8.1114001940e-02
8.9637701031e-02
9.8933702515e-02
1.0904481515e-01
1.1945952574e-01
1.3067787779e-01
1.4272430600e-01
1.5561668478e-01
1.6863693851e-01
1.8242865144e-01
1.9698472365e-01
2.1228923095e-01
2.2719800782e-01
2.4270665435e-01
2.5878018194e-01
2.7537674771e-01
2.9423052419e-01
3.1358882564e-01
3.3337179082e-01
3.5349412854e-01
3.7235080350e-01
3.9134999180e-01
4.1041966338e-01
4.2948894702e-01
4.5117463349e-01
4.7267336018e-01
4.9389516777e-01
5.1475813900e-01
5.3669907891e-01
5.5806230623e-01
5.7878145642e-01
5.9880233468e-01
6.1953028617e-01
6.3936058729e-01
6.5826736627e-01
6.7623650391e-01
6.9349451408e-01
7.0979000318e-01
7.2513583909e-01
7.3955122520e-01
7.5431518084e-01
7.6802743715e-01
7.8072928393e-01
7.9246471995e-01
8.0543202913e-01
8.1713412915e-01
8.2765184225e-01
8.3706380276e-01
8.4843378480e-01
8.5800592263e-01
8.6594901710e-01
8.7241188816e-01
8.7812766662e-01
8.8224711485e-01
8.8489068544e-01
8.8614446875e-01
8.8606157140e-01
8.8466321771e-01
8.8193611591e-01
8.7783459901e-01
8.7370783284e-01
8.6867841578e-01
8.6268703033e-01
8.5566328737e-01
8.4917044383e-01
8.4190090438e-01
8.3380237383e-01
8.2481866807e-01
8.1606419233e-01
8.0652340240e-01
7.9615162583e-01
7.8490354283e-01
7.7391779243e-01
7.6214242208e-01
7.4954574222e-01
7.3609816905e-01
7.1912522679e-01
7.0089782816e-01
6.8139037528e-01
6.6059085577e-01
6.4369059259e-01
6.2603632043e-01
6.0764660610e-01
5.8854921470e-01
5.7078964335e-01
5.5252261334e-01
5.3379083293e-01
5.1464478853e-01
4.9688521697e-01
4.7887978379e-01
4.6068339246e-01
4.4235567606e-01
4.2027435898e-01
3.9821314247e-01
3.7629402953e-01
3.5464154408e-01
3.3729981348e-01
3.2028290489e-01
3.0365388639e-01
2.8747233970e-01
2.7096526638e-01
2.5507479426e-01
2.3985213767e-01
2.2534090386e-01
2.0976854726e-01
1.9519967713e-01
1.8166194988e-01
1.6917159330e-01
1.5802400586e-01
1.4787244058e-01
1.3870850135e-01
1.3051908908e-01
1.2321655577e-01
1.1687357713e-01
1.1147079304e-01
1.0698939241e-01
1.0283962258e-01
9.9941179085e-02
9.8275951821e-02
9.7833092940e-02
9.8405656243e-02
9.9845211451e-02
1.0215841233e-01
1.0535559834e-01
1.0938462461e-01
1.1430113598e-01
1.2012258734e-01
1.2686740240e-01
1.3498956120e-01
1.4417652154e-01
1.5444512831e-01
1.6580723093e-01
1.7651595911e-01
1.8804403780e-01
2.0038367124e-01
2.1352050457e-01
2.2651337444e-01
2.4016145456e-01
2.5443490475e-01
2.6929780765e-01
2.8824190691e-01
3.0791873973e-01
3.2822918196e-01
3.4906520044e-01
3.6705984822e-01
3.8527775241e-01
4.0364603543e-01
4.2209225868e-01
4.4246577695e-01
4.6275614198e-01
4.8287698856e-01
5.0274834827e-01
5.2376475838e-01
5.4432795697e-01
5.6436845010e-01
5.8382761815e-01
6.0531292951e-01
6.2591961106e-01
6.4560795876e-01
6.6435262671e-01
6.8190470253e-01
6.9852479205e-01
7.1421988116e-01
7.2900421866e-01
7.4408375112e-01
7.5814067883e-01
7.7121188411e-01
7.8333761445e-01
7.9669248233e-01
8.0882357172e-01
8.1980580162e-01
8.2971255823e-01
8.4109436598e-01
8.5092411729e-01
8.5933339210e-01
8.6643898330e-01
8.7336986492e-01
8.7871957470e-01
8.8259660323e-01
8.8507542578e-01
8.8617618522e-01
8.8603898337e-01
8.8464118718e-01
8.8193092872e-01
8.7880213885e-01
8.7474654907e-01
8.6969815731e-01
8.6357878022e-01
8.5782071714e-01
8.5125938225e-01
8.4383726494e-01
8.3549223982e-01
8.2748471561e-01
8.1869301251e-01
8.0907032440e-01
7.9856863872e-01
7.8829280079e-01
7.7722518655e-01
7.6533073474e-01
7.5257570872e-01
7.3896325617e-01
7.2443442430e-01
7.0896480474e-01
6.9253520415e-01
6.7639686382e-01
6.5941441032e-01
6.4159082374e-01
6.2293724330e-01
6.0272199642e-01
5.8166945069e-01
5.5982776904e-01
5.3725954063e-01
5.1944853755e-01
5.0129488596e-01
4.8284578643e-01
4.6415372025e-01
4.4474111402e-01
4.2519993693e-01
4.0560192448e-01
3.8602214577e-01
3.6702892957e-01
3.4819909878e-01
3.2960472535e-01
3.1131621487e-01
2.9385672567e-01
2.7681035289e-01
2.6023093171e-01
2.4416672361e-01
2.2703215924e-01
2.1062790674e-01
1.9499073619e-01
1.8014683448e-01
1.6411325334e-01
1.4915245532e-01
1.3525741954e-01
1.2240790610e-01
1.1153435620e-01
1.0148016882e-01
9.2209994155e-02
8.3684972615e-02
7.4920834113e-02
6.6989346574e-02
5.9829161389e-02
5.3379607111e-02
4.5976936798e-02
3.9548002975e-02
3.3978890518e-02
2.9165096872e-02
2.3827598293e-02
1.9443525514e-02
1.5850518451e-02
1.2911065014e-02
1.0500937947e-02
8.5363190284e-03
6.9363900714e-03
5.6344620812e-03
4.4051931547e-03
3.4435514516e-03
2.6917316284e-03
2.1042994129e-03
1.5341223111e-03
1.1203264141e-03
8.2074944502e-04
6.0486662924e-04
4.0390767645e-04
2.8354602173e-04
2.1957708122e-04
1.9927288597e-04
2.1080849821e-04
2.4736841838e-04
3.1329259972e-04
4.1645253932e-04
5.3416104119e-04
6.9246884179e-04
9.0340742863e-04
1.1830152190e-03
1.4854787296e-03
1.8668729115e-03
2.3473627901e-03
2.9522963939e-03
3.6177518652e-03
4.4329340443e-03
5.4310868281e-03
6.6526654563e-03
8.3149005452e-03
1.0387483763e-02
1.2968954329e-02
1.6179901243e-02
1.8902417849e-02
2.2070807240e-02
2.5753642476e-02
3.0028390541e-02
3.3875938276e-02
3.8192950345e-02
4.3030270003e-02
4.8442474278e-02
5.3736685359e-02
5.9564674866e-02
6.5969875204e-02
7.2996849783e-02
8.0780681857e-02
8.9293043684e-02
9.8579356759e-02
1.0868281684e-01
1.1909494997e-01
1.3031366612e-01
1.4236376934e-01
1.5526348051e-01
1.6899776915e-01
1.8359033616e-01
1.9903228582e-01
2.1530374661e-01
2.3011035430e-01
2.4549319321e-01
2.6141758306e-01
2.7784244963e-01
2.9812932707e-01
3.1897668013e-01
3.4028468123e-01
3.6194700056e-01
3.8037268716e-01
3.9890447593e-01
4.1747622330e-01
4.3602322849e-01
4.5840096061e-01
4.8054559573e-01
5.0236064242e-01
5.2375917224e-01
5.4528121280e-01
5.6620843484e-01
5.8648096763e-01
6.0605050251e-01
6.2697627842e-01
6.4694700385e-01
6.6593982427e-01
6.8394421225e-01
7.0072269891e-01
7.1654987954e-01
7.3144137933e-01
7.4541851029e-01
7.5995777767e-01
7.7343308574e-01
7.8588874026e-01
7.9737137836e-01
8.1007369148e-01
8.2149827003e-01
8.3172951699e-01
8.4084894922e-01
8.5185004784e-01
8.6103507396e-01
8.6857688738e-01
8.7462615883e-01
8.7980945451e-01
8.8340954580e-01
8.8553772189e-01
8.8626961250e-01
8.8563733880e-01
8.8363786085e-01
8.8024248661e-01
8.7538768163e-01
8.7091503391e-01
8.6558054113e-01
8.5932626617e-01
8.5208496007e-01
8.4532976624e-01
8.3780715572e-01
8.2946643183e-01
8.2025356778e-01
8.1126093790e-01
8.0148849366e-01
7.9089357403e-01
7.7943323661e-01
7.6813635699e-01
7.5604538152e-01
7.4313021339e-01
7.2936321817e-01
7.0946225812e-01
6.8793097910e-01
6.6474372579e-01
6.3990095581e-01
6.2299417684e-01
6.0542728426e-01
5.8722526620e-01
5.6842143234e-01
5.5064247577e-01
5.3243042416e-01
5.1383203028e-01
4.9490100626e-01
4.7678413339e-01
4.5848120252e-01
4.4005326230e-01
4.2156555905e-01
4.0057778289e-01
3.7970657262e-01
3.5905894567e-01
3.3874204640e-01
3.2183522621e-01
3.0530434428e-01
2.8920787408e-01
2.7360012882e-01
2.5732754882e-01
2.4173955695e-01
2.2688321125e-01
2.1279717480e-01
1.9768751049e-01
1.8365420753e-01
1.7071658525e-01
1.5888263008e-01
1.4869723814e-01
1.3949104813e-01
1.3125149461e-01
1.2396270840e-01
1.1741542771e-01
1.1184226951e-01
1.0722337930e-01
1.0354048434e-01
1.0053311291e-01
9.8639396997e-02
9.7848343802e-02
9.8155237823e-02
9.9340328236e-02
1.0138831828e-01
1.0430838586e-01
1.0811304935e-01
1.1280799626e-01
1.1841702195e-01
1.2495881547e-01
1.3245232346e-01
1.4101944384e-01
1.5059549553e-01
1.6119301228e-01
1.7281908334e-01
1.8398683070e-01
1.9595770035e-01
2.0871995270e-01
2.2225505329e-01
2.3626911183e-01
2.5097145296e-01
2.6632324072e-01
2.8227861978e-01
3.0387258357e-01
3.2626909676e-01
3.4932307201e-01
3.7287932724e-01
3.9102026865e-01
4.0928689050e-01
4.2760868794e-01
4.4591699031e-01
4.6770756629e-01
4.8927870955e-01
5.1053347279e-01
5.3138486431e-01
5.5270815470e-01
5.7343046119e-01
5.9348992561e-01
6.1283718158e-01
6.3290007906e-01
6.5205450112e-01
6.7028033305e-01
6.8756900663e-01
7.0400425686e-01
7.1950403229e-01
7.3408514677e-01
7.4777002057e-01
7.6209161449e-01
7.7536138769e-01
7.8762534476e-01
7.9893153239e-01
8.1244424116e-01
8.2449138170e-01
8.3518046333e-01
8.4461345007e-01
8.5522821771e-01
8.6404034351e-01
8.7121413029e-01
8.7688567233e-01
8.8127328006e-01
8.8426307630e-01
8.8590735287e-01
8.8622551980e-01
8.8537400523e-01
8.8341527998e-01
8.8029496574e-01
8.7593645276e-01
8.7158803901e-01
8.6635965452e-01
8.6018484780e-01
8.5298853850e-01
8.4632851912e-01
8.3888962231e-01
8.3061978289e-01
8.2146401893e-01
8.1244699644e-01
8.0262755012e-01
7.9196216007e-01
7.8040718066e-01
7.6898858324e-01
7.5675289368e-01
7.4366961564e-01
7.2971075742e-01
7.1405950411e-01
6.9738929734e-01
6.7968380185e-01
6.6093529372e-01
6.4411098105e-01
6.2653721000e-01
6.0823006900e-01
5.8921394013e-01
5.7042752416e-01
5.5106278087e-01
5.3116591987e-01
5.1079210844e-01
4.9272163742e-01
4.7438632145e-01
4.5583896372e-01
4.3713690763e-01
4.1620782709e-01
3.9525287128e-01
3.7436531539e-01
3.5364045106e-01
3.3549630286e-01
3.1762007131e-01
3.0007466984e-01
2.8291966598e-01
2.6464489537e-01
2.4696989061e-01
2.2995121482e-01
2.1363598054e-01
1.9735900509e-01
1.8192342212e-01
1.6734818804e-01
1.5364112423e-01
1.4033527655e-01
1.2794799128e-01
1.1645723344e-01
1.0583353767e-01
9.5923827883e-02
8.6825371381e-02
7.8493758028e-02
7.0882655810e-02
6.2711760615e-02
5.5412284648e-02
4.8907300344e-02
4.3122911820e-02
3.6625298807e-02
3.1067975230e-02
2.6326014048e-02
2.2287783881e-02
1.8291752186e-02
1.4999197378e-02
1.2290584424e-02
1.0065212919e-02
8.1124644788e-03
6.5358831070e-03
5.2640183437e-03
4.2386399922e-03
3.2602750490e-03
2.5078284690e-03
1.9295137362e-03
1.4853855119e-03
1.0650793186e-03
7.6685486567e-04
5.5648058811e-04
4.0984241661e-04
3.1027494690e-04
2.4636065128e-04
2.1072259110e-04
1.9927031134e-04
