0.0000000000e+00
8.7864714859e-03
1.7572942972e-02
2.6359414458e-02
3.5145885944e-02
4.0000661048e-02
4.4855436153e-02
4.9710211257e-02
5.4564986361e-02
5.7755845742e-02
6.0946705123e-02
6.4137564504e-02
6.7328423885e-02
6.9606159104e-02
7.1883894323e-02
7.4161629541e-02
7.6439364760e-02
7.8183915357e-02
7.9928465955e-02
8.1673016553e-02
8.3417567150e-02
8.4843580049e-02
8.6269592948e-02
8.7695605847e-02
8.9121618746e-02
9.0388711535e-02
9.1655804323e-02
9.2922897112e-02
9.4189989901e-02
9.5371584811e-02
9.6553179721e-02
9.7734774631e-02
9.8916369541e-02
9.9831121796e-02
1.0074587405e-01
1.0166062630e-01
1.0257537856e-01
1.0330034208e-01
1.0402530560e-01
1.0475026913e-01
1.0547523265e-01
1.0615503140e-01
1.0683483015e-01
1.0751462891e-01
1.0819442766e-01
1.0890047313e-01
1.0960651860e-01
1.1031256407e-01
1.1101860954e-01
1.1164303631e-01
1.1226746308e-01
1.1289188985e-01
1.1351631662e-01
1.1409678658e-01
1.1467725653e-01
1.1525772649e-01
1.1583819644e-01
1.1648681735e-01
1.1713543825e-01
1.1778405916e-01
1.1843268006e-01
1.1903327386e-01
1.1963386766e-01
1.2023446145e-01
1.2083505525e-01
1.2154918131e-01
1.2226330737e-01
1.2297743343e-01
1.2369155949e-01
1.2464943013e-01
1.2560730077e-01
1.2656517140e-01
1.2752304204e-01
1.2833614194e-01
1.2914924183e-01
1.2996234173e-01
1.3077544163e-01
1.3171048978e-01
1.3264553793e-01
1.3358058609e-01
1.3451563424e-01
1.3568862633e-01
1.3686161843e-01
1.3803461052e-01
1.3920760261e-01
1.4064781761e-01
1.4208803261e-01
1.4352824761e-01
1.4496846260e-01
1.4656682051e-01
1.4816517841e-01
1.4976353631e-01
1.5136189422e-01
1.5306128545e-01
1.5476067668e-01
1.5646006791e-01
1.5815945914e-01
1.6012783315e-01
1.6209620715e-01
1.6406458116e-01
1.6603295517e-01
1.6836027343e-01
1.7068759170e-01
1.7301490996e-01
1.7534222823e-01
1.7775430422e-01
1.8016638021e-01
1.8257845620e-01
1.8499053219e-01
1.8729614113e-01
1.8960175007e-01
1.9190735901e-01
1.9421296794e-01
1.9628641242e-01
1.9835985690e-01
2.0043330138e-01
2.0250674585e-01
2.0422023216e-01
2.0593371847e-01
2.0764720477e-01
2.0936069108e-01
2.1074114493e-01
2.1212159878e-01
2.1350205263e-01
2.1488250648e-01
2.1615645271e-01
2.1743039893e-01
2.1870434515e-01
2.1997829138e-01
2.2134657913e-01
2.2271486688e-01
2.2408315464e-01
2.2545144239e-01
2.2652793477e-01
2.2760442716e-01
2.2868091954e-01
2.2975741193e-01
2.3076308442e-01
2.3176875692e-01
2.3277442941e-01
2.3378010190e-01
2.3479635889e-01
2.3581261589e-01
2.3682887288e-01
2.3784512988e-01
2.3882654523e-01
2.3980796058e-01
2.4078937593e-01
2.4177079128e-01
2.4294443042e-01
2.4411806956e-01
2.4529170870e-01
2.4646534784e-01
2.4778795118e-01
2.4911055452e-01
2.5043315786e-01
2.5175576120e-01
2.5277419213e-01
2.5379262305e-01
2.5481105398e-01
2.5582948490e-01
2.5691546177e-01
2.5800143865e-01
2.5908741552e-01
2.6017339239e-01
2.6114282691e-01
2.6211226143e-01
2.6308169595e-01
2.6405113047e-01
2.6516754520e-01
2.6628395993e-01
2.6740037466e-01
2.6851678939e-01
2.6981242668e-01
2.7110806398e-01
2.7240370127e-01
2.7369933856e-01
2.7495031101e-01
2.7620128345e-01
2.7745225589e-01
2.7870322833e-01
2.8006749597e-01
2.8143176360e-01
2.8279603124e-01
2.8416029887e-01
2.8593624133e-01
2.8771218379e-01
2.8948812624e-01
2.9126406870e-01
2.9394393445e-01
2.9662380021e-01
2.9930366597e-01
3.0198353172e-01
3.0439232656e-01
3.0680112140e-01
3.0920991624e-01
3.1161871108e-01
3.1415289252e-01
3.1668707397e-01
3.1922125541e-01
3.2175543685e-01
3.2388278141e-01
3.2601012598e-01
3.2813747054e-01
3.3026481511e-01
3.3209172201e-01
3.3391862892e-01
3.3574553582e-01
3.3757244272e-01
3.3920819861e-01
3.4084395449e-01
3.4247971037e-01
3.4411546626e-01
3.4575319659e-01
3.4739092692e-01
3.4902865725e-01
3.5066638758e-01
3.5207287314e-01
3.5347935870e-01
3.5488584425e-01
3.5629232981e-01
3.5746319673e-01
3.5863406364e-01
3.5980493056e-01
3.6097579748e-01
3.6192507550e-01
3.6287435351e-01
3.6382363153e-01
3.6477290955e-01
3.6560650932e-01
3.6644010908e-01
3.6727370885e-01
3.6810730862e-01
3.6890699171e-01
3.6970667481e-01
3.7050635790e-01
3.7130604099e-01
3.7205628651e-01
3.7280653202e-01
3.7355677754e-01
3.7430702305e-01
3.7501059075e-01
3.7571415846e-01
3.7641772616e-01
3.7712129386e-01
3.7772498432e-01
3.7832867478e-01
3.7893236524e-01
3.7953605570e-01
3.8019650054e-01
3.8085694537e-01
3.8151739021e-01
3.8217783505e-01
3.8277750764e-01
3.8337718023e-01
3.8397685283e-01
3.8457652542e-01
3.8520323233e-01
3.8582993924e-01
3.8645664614e-01
3.8708335305e-01
3.8778733000e-01
3.8849130694e-01
3.8919528389e-01
3.8989926083e-01
3.9060580614e-01
3.9131235144e-01
3.9201889675e-01
3.9272544205e-01
3.9354610737e-01
3.9436677268e-01
3.9518743799e-01
3.9600810330e-01
3.9712511001e-01
3.9824211672e-01
3.9935912343e-01
4.0047613013e-01
4.0174662132e-01
4.0301711250e-01
4.0428760369e-01
4.0555809488e-01
4.0704045214e-01
4.0852280941e-01
4.1000516667e-01
4.1148752394e-01
4.1349532660e-01
4.1550312926e-01
4.1751093192e-01
4.1951873458e-01
4.2285349112e-01
4.2618824766e-01
4.2952300421e-01
4.3285776075e-01
4.4001038061e-01
4.4716300046e-01
4.5431562032e-01
4.6146824018e-01
4.7301669972e-01
4.8456515926e-01
4.9611361880e-01
5.0766207834e-01
5.1563834709e-01
5.2361461584e-01
5.3159088459e-01
5.3956715334e-01
5.4407549197e-01
5.4858383061e-01
5.5309216925e-01
5.5760050788e-01
5.6057458572e-01
5.6354866356e-01
5.6652274141e-01
5.6949681925e-01
5.7164772951e-01
5.7379863978e-01
5.7594955004e-01
5.7810046031e-01
5.7976989409e-01
5.8143932788e-01
5.8310876166e-01
5.8477819545e-01
5.8616399514e-01
5.8754979483e-01
5.8893559452e-01
5.9032139421e-01
5.9166906100e-01
5.9301672779e-01
5.9436439458e-01
5.9571206138e-01
5.9680840558e-01
5.9790474978e-01
5.9900109398e-01
6.0009743817e-01
6.0093289616e-01
6.0176835415e-01
6.0260381214e-01
6.0343927013e-01
6.0414731846e-01
6.0485536680e-01
6.0556341514e-01
6.0627146348e-01
6.0700543107e-01
6.0773939865e-01
6.0847336624e-01
6.0920733382e-01
6.0986590796e-01
6.1052448210e-01
6.1118305624e-01
6.1184163038e-01
6.1242999343e-01
6.1301835648e-01
6.1360671953e-01
6.1419508258e-01
6.1481881184e-01
6.1544254110e-01
6.1606627036e-01
6.1668999962e-01
6.1728476073e-01
6.1787952185e-01
6.1847428296e-01
6.1906904407e-01
6.1971261129e-01
6.2035617850e-01
6.2099974572e-01
6.2164331294e-01
6.2236189391e-01
6.2308047487e-01
6.2379905584e-01
6.2451763681e-01
6.2530534123e-01
6.2609304564e-01
6.2688075005e-01
6.2766845446e-01
6.2849440836e-01
6.2932036226e-01
6.3014631617e-01
6.3097227007e-01
6.3191575622e-01
6.3285924238e-01
6.3380272854e-01
6.3474621470e-01
6.3602944658e-01
6.3731267847e-01
6.3859591036e-01
6.3987914224e-01
6.4170954103e-01
6.4353993982e-01
6.4537033860e-01
6.4720073739e-01
6.4880066809e-01
6.5040059880e-01
6.5200052950e-01
6.5360046020e-01
6.5537356455e-01
6.5714666890e-01
6.5891977325e-01
6.6069287760e-01
6.6278364143e-01
6.6487440526e-01
6.6696516910e-01
6.6905593293e-01
6.7173146852e-01
6.7440700411e-01
6.7708253969e-01
6.7975807528e-01
6.8208606780e-01
6.8441406032e-01
6.8674205283e-01
6.8907004535e-01
6.9144321490e-01
6.9381638444e-01
6.9618955399e-01
6.9856272353e-01
7.0049054726e-01
7.0241837098e-01
7.0434619470e-01
7.0627401842e-01
7.0778259215e-01
7.0929116588e-01
7.1079973960e-01
7.1230831333e-01
7.1360747288e-01
7.1490663242e-01
7.1620579197e-01
7.1750495152e-01
7.1875232283e-01
7.1999969414e-01
7.2124706546e-01
7.2249443677e-01
7.2364490165e-01
7.2479536653e-01
7.2594583141e-01
7.2709629629e-01
7.2817047296e-01
7.2924464964e-01
7.3031882632e-01
7.3139300299e-01
7.3236842111e-01
7.3334383924e-01
7.3431925736e-01
7.3529467548e-01
7.3633241818e-01
7.3737016088e-01
7.3840790358e-01
7.3944564628e-01
7.4049599877e-01
7.4154635127e-01
7.4259670377e-01
7.4364705627e-01
7.4501656919e-01
7.4638608212e-01
7.4775559505e-01
7.4912510797e-01
7.5026967582e-01
7.5141424366e-01
7.5255881151e-01
7.5370337935e-01
7.5469572245e-01
7.5568806555e-01
7.5668040865e-01
7.5767275175e-01
7.5869116341e-01
7.5970957508e-01
7.6072798674e-01
7.6174639840e-01
7.6275213477e-01
7.6375787115e-01
7.6476360752e-01
7.6576934389e-01
7.6684479152e-01
7.6792023914e-01
7.6899568677e-01
7.7007113439e-01
7.7135093880e-01
7.7263074321e-01
7.7391054761e-01
7.7519035202e-01
7.7646855860e-01
7.7774676519e-01
7.7902497177e-01
7.8030317835e-01
7.8175149909e-01
7.8319981982e-01
7.8464814055e-01
7.8609646129e-01
7.8805544067e-01
7.9001442005e-01
7.9197339943e-01
7.9393237881e-01
7.9632756795e-01
7.9872275710e-01
8.0111794624e-01
8.0351313539e-01
8.0589948868e-01
8.0828584197e-01
8.1067219526e-01
8.1305854854e-01
8.1552162193e-01
8.1798469532e-01
8.2044776871e-01
8.2291084210e-01
8.2499307062e-01
8.2707529913e-01
8.2915752765e-01
8.3123975617e-01
8.3303756121e-01
8.3483536624e-01
8.3663317128e-01
8.3843097632e-01
8.4004927423e-01
8.4166757214e-01
8.4328587005e-01
8.4490416796e-01
8.4680359022e-01
8.4870301247e-01
8.5060243473e-01
8.5250185698e-01
8.5387680102e-01
8.5525174505e-01
8.5662668909e-01
8.5800163312e-01
8.5907801634e-01
8.6015439955e-01
8.6123078276e-01
8.6230716597e-01
8.6320609115e-01
8.6410501633e-01
8.6500394151e-01
8.6590286669e-01
8.6670898215e-01
8.6751509761e-01
8.6832121307e-01
8.6912732852e-01
8.6996432633e-01
8.7080132413e-01
8.7163832194e-01
8.7247531975e-01
8.7319003339e-01
8.7390474703e-01
8.7461946067e-01
8.7533417431e-01
8.7598168169e-01
8.7662918908e-01
8.7727669646e-01
8.7792420384e-01
8.7851605275e-01
8.7910790165e-01
8.7969975056e-01
8.8029159947e-01
8.8092759536e-01
8.8156359124e-01
8.8219958713e-01
8.8283558301e-01
8.8341767760e-01
8.8399977218e-01
8.8458186677e-01
8.8516396136e-01
8.8581180889e-01
8.8645965642e-01
8.8710750395e-01
8.8775535149e-01
8.8847239672e-01
8.8918944195e-01
8.8990648718e-01
8.9062353242e-01
8.9132195105e-01
8.9202036968e-01
8.9271878832e-01
8.9341720695e-01
8.9428766088e-01
8.9515811481e-01
8.9602856874e-01
8.9689902266e-01
8.9814504539e-01
8.9939106811e-01
9.0063709084e-01
9.0188311356e-01
9.0317557312e-01
9.0446803269e-01
9.0576049225e-01
9.0705295181e-01
9.0861171947e-01
9.1017048713e-01
9.1172925479e-01
9.1328802245e-01
9.1546120651e-01
9.1763439058e-01
9.1980757464e-01
9.2198075871e-01
9.2570738955e-01
9.2943402040e-01
9.3316065125e-01
9.3688728210e-01
9.4476417084e-01
9.5264105959e-01
9.6051794833e-01
9.6839483708e-01
9.7629612781e-01
9.8419741854e-01
9.9209870927e-01
1.0000000000e+00
