0.0000000000e+00
7.0880673521e-03
1.4176134704e-02
2.1264202056e-02
2.8352269408e-02
3.2867124798e-02
3.7381980188e-02
4.1896835578e-02
4.6411690968e-02
4.9598495290e-02
5.2785299611e-02
5.5972103932e-02
5.9158908253e-02
6.1545708395e-02
6.3932508536e-02
6.6319308677e-02
6.8706108818e-02
7.0625639377e-02
7.2545169936e-02
7.4464700495e-02
7.6384231053e-02
7.8017834161e-02
7.9651437268e-02
8.1285040375e-02
8.2918643482e-02
8.4644153050e-02
8.6369662618e-02
8.8095172186e-02
8.9820681754e-02
9.1083288725e-02
9.2345895695e-02
9.3608502666e-02
9.4871109637e-02
9.5857081391e-02
9.6843053144e-02
9.7829024898e-02
9.8814996651e-02
9.9672843756e-02
1.0053069086e-01
1.0138853796e-01
1.0224638507e-01
1.0316092562e-01
1.0407546617e-01
1.0499000673e-01
1.0590454728e-01
1.0671994532e-01
1.0753534337e-01
1.0835074142e-01
1.0916613946e-01
1.0989548094e-01
1.1062482241e-01
1.1135416388e-01
1.1208350535e-01
1.1284261193e-01
1.1360171851e-01
1.1436082508e-01
1.1511993166e-01
1.1586318272e-01
1.1660643379e-01
1.1734968485e-01
1.1809293592e-01
1.1885345573e-01
1.1961397554e-01
1.2037449535e-01
1.2113501515e-01
1.2199557005e-01
1.2285612495e-01
1.2371667984e-01
1.2457723474e-01
1.2566736800e-01
1.2675750126e-01
1.2784763452e-01
1.2893776779e-01
1.2992808061e-01
1.3091839344e-01
1.3190870626e-01
1.3289901909e-01
1.3400682689e-01
1.3511463468e-01
1.3622244248e-01
1.3733025028e-01
1.3869471258e-01
1.4005917488e-01
1.4142363718e-01
1.4278809947e-01
1.4451426861e-01
1.4624043774e-01
1.4796660688e-01
1.4969277601e-01
1.5169239723e-01
1.5369201844e-01
1.5569163966e-01
1.5769126087e-01
1.5970554389e-01
1.6171982691e-01
1.6373410992e-01
1.6574839294e-01
1.6800944878e-01
1.7027050463e-01
1.7253156047e-01
1.7479261632e-01
1.7706231527e-01
1.7933201423e-01
1.8160171318e-01
1.8387141214e-01
1.8623813974e-01
1.8860486735e-01
1.9097159495e-01
1.9333832255e-01
1.9521658000e-01
1.9709483745e-01
1.9897309490e-01
2.0085135235e-01
2.0231703342e-01
2.0378271449e-01
2.0524839555e-01
2.0671407662e-01
2.0799199707e-01
2.0926991752e-01
2.1054783798e-01
2.1182575843e-01
2.1302605130e-01
2.1422634418e-01
2.1542663705e-01
2.1662692993e-01
2.1789298500e-01
2.1915904007e-01
2.2042509514e-01
2.2169115021e-01
2.2273100690e-01
2.2377086359e-01
2.2481072028e-01
2.2585057697e-01
2.2679159048e-01
2.2773260400e-01
2.2867361751e-01
2.2961463102e-01
2.3060120197e-01
2.3158777292e-01
2.3257434387e-01
2.3356091482e-01
2.3449081225e-01
2.3542070968e-01
2.3635060711e-01
2.3728050454e-01
2.3831824747e-01
2.3935599041e-01
2.4039373334e-01
2.4143147627e-01
2.4264523284e-01
2.4385898941e-01
2.4507274598e-01
2.4628650256e-01
2.4740155705e-01
2.4851661155e-01
2.4963166604e-01
2.5074672054e-01
2.5193221918e-01
2.5311771782e-01
2.5430321646e-01
2.5548871510e-01
2.5645724949e-01
2.5742578389e-01
2.5839431828e-01
2.5936285268e-01
2.6030884440e-01
2.6125483611e-01
2.6220082783e-01
2.6314681955e-01
2.6408217561e-01
2.6501753167e-01
2.6595288772e-01
2.6688824378e-01
2.6786817038e-01
2.6884809697e-01
2.6982802356e-01
2.7080795016e-01
2.7187625494e-01
2.7294455973e-01
2.7401286452e-01
2.7508116930e-01
2.7625854874e-01
2.7743592818e-01
2.7861330761e-01
2.7979068705e-01
2.8103964073e-01
2.8228859441e-01
2.8353754810e-01
2.8478650178e-01
2.8616527333e-01
2.8754404488e-01
2.8892281642e-01
2.9030158797e-01
2.9207658192e-01
2.9385157587e-01
2.9562656982e-01
2.9740156377e-01
2.9971483938e-01
3.0202811498e-01
3.0434139059e-01
3.0665466619e-01
3.0902128669e-01
3.1138790720e-01
3.1375452770e-01
3.1612114821e-01
3.1833711459e-01
3.2055308097e-01
3.2276904735e-01
3.2498501374e-01
3.2702889148e-01
3.2907276923e-01
3.3111664697e-01
3.3316052472e-01
3.3516483802e-01
3.3716915133e-01
3.3917346463e-01
3.4117777794e-01
3.4298665298e-01
3.4479552803e-01
3.4660440307e-01
3.4841327811e-01
3.4994486969e-01
3.5147646128e-01
3.5300805286e-01
3.5453964444e-01
3.5578907886e-01
3.5703851329e-01
3.5828794771e-01
3.5953738213e-01
3.6060838143e-01
3.6167938074e-01
3.6275038004e-01
3.6382137934e-01
3.6482072374e-01
3.6582006813e-01
3.6681941252e-01
3.6781875691e-01
3.6877491033e-01
3.6973106375e-01
3.7068721717e-01
3.7164337059e-01
3.7256455570e-01
3.7348574080e-01
3.7440692591e-01
3.7532811102e-01
3.7613420420e-01
3.7694029739e-01
3.7774639057e-01
3.7855248375e-01
3.7933084045e-01
3.8010919715e-01
3.8088755385e-01
3.8166591055e-01
3.8242052382e-01
3.8317513709e-01
3.8392975035e-01
3.8468436362e-01
3.8544007105e-01
3.8619577848e-01
3.8695148591e-01
3.8770719333e-01
3.8854970679e-01
3.8939222025e-01
3.9023473371e-01
3.9107724717e-01
3.9193284825e-01
3.9278844934e-01
3.9364405043e-01
3.9449965151e-01
3.9539254974e-01
3.9628544797e-01
3.9717834619e-01
3.9807124442e-01
3.9917659961e-01
4.0028195480e-01
4.0138731000e-01
4.0249266519e-01
4.0392731268e-01
4.0536196017e-01
4.0679660767e-01
4.0823125516e-01
4.0988479649e-01
4.1153833781e-01
4.1319187914e-01
4.1484542046e-01
4.1675468746e-01
4.1866395446e-01
4.2057322146e-01
4.2248248846e-01
4.2509387927e-01
4.2770527008e-01
4.3031666089e-01
4.3292805170e-01
4.3711302197e-01
4.4129799224e-01
4.4548296250e-01
4.4966793277e-01
4.5743815754e-01
4.6520838232e-01
4.7297860709e-01
4.8074883186e-01
4.8977009004e-01
4.9879134822e-01
5.0781260640e-01
5.1683386458e-01
5.2239947797e-01
5.2796509135e-01
5.3353070473e-01
5.3909631811e-01
5.4282148983e-01
5.4654666154e-01
5.5027183325e-01
5.5399700497e-01
5.5670635980e-01
5.5941571464e-01
5.6212506947e-01
5.6483442431e-01
5.6694260537e-01
5.6905078644e-01
5.7115896751e-01
5.7326714858e-01
5.7501618892e-01
5.7676522926e-01
5.7851426960e-01
5.8026330994e-01
5.8198491703e-01
5.8370652412e-01
5.8542813122e-01
5.8714973831e-01
5.8865642801e-01
5.9016311771e-01
5.9166980741e-01
5.9317649710e-01
5.9426029855e-01
5.9534409999e-01
5.9642790143e-01
5.9751170287e-01
5.9841050388e-01
5.9930930489e-01
6.0020810590e-01
6.0110690691e-01
6.0207853428e-01
6.0305016166e-01
6.0402178903e-01
6.0499341640e-01
6.0589690371e-01
6.0680039101e-01
6.0770387832e-01
6.0860736562e-01
6.0934707118e-01
6.1008677673e-01
6.1082648229e-01
6.1156618784e-01
6.1247057747e-01
6.1337496710e-01
6.1427935672e-01
6.1518374635e-01
6.1603755202e-01
6.1689135768e-01
6.1774516335e-01
6.1859896901e-01
6.1943660125e-01
6.2027423349e-01
6.2111186573e-01
6.2194949796e-01
6.2290812982e-01
6.2386676167e-01
6.2482539353e-01
6.2578402539e-01
6.2676402582e-01
6.2774402625e-01
6.2872402668e-01
6.2970402711e-01
6.3073471498e-01
6.3176540284e-01
6.3279609071e-01
6.3382677858e-01
6.3499236391e-01
6.3615794924e-01
6.3732353457e-01
6.3848911990e-01
6.4004737607e-01
6.4160563223e-01
6.4316388840e-01
6.4472214456e-01
6.4705775413e-01
6.4939336370e-01
6.5172897326e-01
6.5406458283e-01
6.5607681946e-01
6.5808905608e-01
6.6010129271e-01
6.6211352933e-01
6.6424930247e-01
6.6638507560e-01
6.6852084873e-01
6.7065662186e-01
6.7293310692e-01
6.7520959198e-01
6.7748607704e-01
6.7976256209e-01
6.8248330128e-01
6.8520404047e-01
6.8792477966e-01
6.9064551885e-01
6.9277644320e-01
6.9490736754e-01
6.9703829189e-01
6.9916921624e-01
7.0070929557e-01
7.0224937489e-01
7.0378945421e-01
7.0532953354e-01
7.0663986138e-01
7.0795018923e-01
7.0926051708e-01
7.1057084493e-01
7.1177182188e-01
7.1297279883e-01
7.1417377578e-01
7.1537475274e-01
7.1668578042e-01
7.1799680810e-01
7.1930783579e-01
7.2061886347e-01
7.2170449535e-01
7.2279012723e-01
7.2387575911e-01
7.2496139098e-01
7.2591262690e-01
7.2686386281e-01
7.2781509872e-01
7.2876633463e-01
7.2973354073e-01
7.3070074682e-01
7.3166795291e-01
7.3263515901e-01
7.3356561915e-01
7.3449607928e-01
7.3542653942e-01
7.3635699956e-01
7.3740364682e-01
7.3845029409e-01
7.3949694135e-01
7.4054358862e-01
7.4180750812e-01
7.4307142761e-01
7.4433534711e-01
7.4559926661e-01
7.4666812325e-01
7.4773697989e-01
7.4880583653e-01
7.4987469317e-01
7.5095212876e-01
7.5202956435e-01
7.5310699994e-01
7.5418443553e-01
7.5518714238e-01
7.5618984923e-01
7.5719255608e-01
7.5819526293e-01
7.5910974638e-01
7.6002422984e-01
7.6093871329e-01
7.6185319675e-01
7.6292056989e-01
7.6398794303e-01
7.6505531617e-01
7.6612268931e-01
7.6706395269e-01
7.6800521607e-01
7.6894647944e-01
7.6988774282e-01
7.7093070242e-01
7.7197366202e-01
7.7301662162e-01
7.7405958122e-01
7.7550949057e-01
7.7695939991e-01
7.7840930926e-01
7.7985921860e-01
7.8107009834e-01
7.8228097808e-01
7.8349185782e-01
7.8470273755e-01
7.8604121832e-01
7.8737969908e-01
7.8871817985e-01
7.9005666062e-01
7.9181253291e-01
7.9356840520e-01
7.9532427749e-01
7.9708014978e-01
7.9924282407e-01
8.0140549837e-01
8.0356817266e-01
8.0573084695e-01
8.0798761547e-01
8.1024438399e-01
8.1250115251e-01
8.1475792103e-01
8.1718932675e-01
8.1962073248e-01
8.2205213821e-01
8.2448354394e-01
8.2652239876e-01
8.2856125358e-01
8.3060010840e-01
8.3263896322e-01
8.3458107977e-01
8.3652319632e-01
8.3846531287e-01
8.4040742942e-01
8.4228810838e-01
8.4416878734e-01
8.4604946630e-01
8.4793014527e-01
8.4954993693e-01
8.5116972860e-01
8.5278952027e-01
8.5440931194e-01
8.5564642048e-01
8.5688352902e-01
8.5812063756e-01
8.5935774610e-01
8.6043268045e-01
8.6150761479e-01
8.6258254914e-01
8.6365748348e-01
8.6463746518e-01
8.6561744687e-01
8.6659742856e-01
8.6757741026e-01
8.6877927493e-01
8.6998113961e-01
8.7118300429e-01
8.7238486897e-01
8.7323613451e-01
8.7408740005e-01
8.7493866560e-01
8.7578993114e-01
8.7655177561e-01
8.7731362009e-01
8.7807546456e-01
8.7883730903e-01
8.7957720952e-01
8.8031711000e-01
8.8105701049e-01
8.8179691098e-01
8.8256298722e-01
8.8332906346e-01
8.8409513970e-01
8.8486121594e-01
8.8559120464e-01
8.8632119335e-01
8.8705118205e-01
8.8778117075e-01
8.8860890191e-01
8.8943663306e-01
8.9026436422e-01
8.9109209538e-01
8.9198182751e-01
8.9287155965e-01
8.9376129179e-01
8.9465102393e-01
8.9552883113e-01
8.9640663832e-01
8.9728444552e-01
8.9816225272e-01
8.9924017335e-01
9.0031809398e-01
9.0139601461e-01
9.0247393524e-01
9.0391202106e-01
9.0535010688e-01
9.0678819270e-01
9.0822627851e-01
9.0981896926e-01
9.1141166001e-01
9.1300435076e-01
9.1459704151e-01
9.1645551827e-01
9.1831399503e-01
9.2017247179e-01
9.2203094856e-01
9.2449590946e-01
9.2696087037e-01
9.2942583128e-01
9.3189079219e-01
9.3570872035e-01
9.3952664851e-01
9.4334457667e-01
9.4716250483e-01
9.5376717982e-01
9.6037185480e-01
9.6697652979e-01
9.7358120477e-01
9.8018590358e-01
9.8679060239e-01
9.9339530119e-01
1.0000000000e+00
