2.5192887519e-01
2.5212112561e-01
2.5269817020e-01
2.5366088966e-01
2.5501075343e-01
2.5588152014e-01
2.5686143221e-01
2.5795090762e-01
2.5915041110e-01
2.5996939092e-01
2.6083307738e-01
2.6174161899e-01
2.6269517201e-01
2.6339789328e-01
2.6412333892e-01
2.6487157153e-01
2.6564265565e-01
2.6624081717e-01
2.6685210719e-01
2.6747655588e-01
2.6811419402e-01
2.6862970496e-01
2.6915356080e-01
2.6968577778e-01
2.7022637244e-01
2.7068413240e-01
2.7114775338e-01
2.7161724539e-01
2.7209261856e-01
2.7251396047e-01
2.7293983183e-01
2.7337023963e-01
2.7380519089e-01
2.7437505867e-01
2.7495256875e-01
2.7553773604e-01
2.7613057485e-01
2.7648299653e-01
2.7683808132e-01
2.7719583130e-01
2.7755624815e-01
2.7784632217e-01
2.7813810177e-01
2.7843158674e-01
2.7872677635e-01
2.7898752057e-01
2.7924957807e-01
2.7951294686e-01
2.7977762428e-01
2.8004111510e-01
2.8030588246e-01
2.8057192093e-01
2.8083922377e-01
2.8110781839e-01
2.8137765945e-01
2.8164873487e-01
2.8192103022e-01
2.8216732322e-01
2.8241457766e-01
2.8266277688e-01
2.8291190183e-01
2.8314232657e-01
2.8337350052e-01
2.8360540264e-01
2.8383800967e-01
2.8411590448e-01
2.8439471531e-01
2.8467438994e-01
2.8495487135e-01
2.8519717916e-01
2.8543999804e-01
2.8568328324e-01
2.8592698776e-01
2.8618696963e-01
2.8644730948e-01
2.8670794315e-01
2.8696880460e-01
2.8726204101e-01
2.8755538148e-01
2.8784872669e-01
2.8814197652e-01
2.8854622663e-01
2.8894984160e-01
2.8935256282e-01
2.8975413763e-01
2.9008304552e-01
2.9041088308e-01
2.9073752419e-01
2.9106284799e-01
2.9141706666e-01
2.9176942816e-01
2.9211979796e-01
2.9246805008e-01
2.9287145378e-01
2.9327164474e-01
2.9366846653e-01
2.9406177756e-01
2.9456490469e-01
2.9506170964e-01
2.9555198603e-01
2.9603556010e-01
2.9657941533e-01
2.9711417257e-01
2.9763970186e-01
2.9815590977e-01
2.9869313684e-01
2.9921977220e-01
2.9973580781e-01
3.0024126212e-01
3.0075957815e-01
3.0126639224e-01
3.0176179355e-01
3.0224588750e-01
3.0277528889e-01
3.0329081345e-01
3.0379265881e-01
3.0428103347e-01
3.0483565053e-01
3.0537248101e-01
3.0589189053e-01
3.0639424952e-01
3.0698936099e-01
3.0755993171e-01
3.0810665258e-01
3.0863020816e-01
3.0928682412e-01
3.0990579697e-01
3.1048861570e-01
3.1103673125e-01
3.1171034615e-01
3.1232894921e-01
3.1289557587e-01
3.1341314756e-01
3.1390904824e-01
3.1435666744e-01
3.1475905860e-01
3.1511915737e-01
3.1540320507e-01
3.1565855722e-01
3.1588699139e-01
3.1609021227e-01
3.1625608718e-01
3.1640325667e-01
3.1653285558e-01
3.1664594744e-01
3.1674783176e-01
3.1683369986e-01
3.1690447052e-01
3.1696093854e-01
3.1700060282e-01
3.1702927597e-01
3.1704725500e-01
3.1705472943e-01
3.1705170861e-01
3.1703805028e-01
3.1701360725e-01
3.1697811994e-01
3.1692469787e-01
3.1685622813e-01
3.1677187694e-01
3.1667066543e-01
3.1655442217e-01
3.1641987015e-01
3.1626575976e-01
3.1609075062e-01
3.1586659088e-01
3.1561190159e-01
3.1532441889e-01
3.1500177430e-01
3.1464305045e-01
3.1424446675e-01
3.1380338875e-01
3.1331708070e-01
3.1290274431e-01
3.1245750548e-01
3.1197990833e-01
3.1146845203e-01
3.1103582679e-01
3.1057993742e-01
3.1009996127e-01
3.0959505643e-01
3.0915864277e-01
3.0870414323e-01
3.0823105539e-01
3.0773886955e-01
3.0730242325e-01
3.0685130676e-01
3.0638519239e-01
3.0590375159e-01
3.0546782083e-01
3.0501958240e-01
3.0455881692e-01
3.0408530842e-01
3.0364574308e-01
3.0319542166e-01
3.0273419802e-01
3.0226193325e-01
3.0179310311e-01
3.0131365010e-01
3.0082347704e-01
3.0032250088e-01
2.9977858285e-01
2.9922235186e-01
2.9865378352e-01
2.9807288927e-01
2.9762357698e-01
2.9716722868e-01
2.9670390478e-01
2.9623368624e-01
2.9583557268e-01
2.9543279124e-01
2.9502542928e-01
2.9461358860e-01
2.9426226748e-01
2.9390791333e-01
2.9355061495e-01
2.9319047048e-01
2.9285650570e-01
2.9252031191e-01
2.9218198825e-01
2.9184164140e-01
2.9150604199e-01
2.9116872204e-01
2.9082980358e-01
2.9048941552e-01
2.9011695521e-01
2.8974309476e-01
2.8936802633e-01
2.8899194928e-01
2.8870873337e-01
2.8842515278e-01
2.8814129774e-01
2.8785725921e-01
2.8759590597e-01
2.8733454556e-01
2.8707324838e-01
2.8681208401e-01
2.8653058117e-01
2.8624939647e-01
2.8596861133e-01
2.8568830423e-01
2.8539230171e-01
2.8509700290e-01
2.8480248704e-01
2.8450882795e-01
2.8426256152e-01
2.8401698680e-01
2.8377213823e-01
2.8352804739e-01
2.8326136435e-01
2.8299566053e-01
2.8273096626e-01
2.8246730834e-01
2.8219310422e-01
2.8192007904e-01
2.8164825271e-01
2.8137764220e-01
2.8110572557e-01
2.8083507472e-01
2.8056569992e-01
2.8029760958e-01
2.8000290319e-01
2.7970978052e-01
2.7941824727e-01
2.7912830779e-01
2.7877041522e-01
2.7841499027e-01
2.7806203539e-01
2.7771155169e-01
2.7728668864e-01
2.7686551325e-01
2.7644802297e-01
2.7603421441e-01
2.7557381285e-01
2.7511804468e-01
2.7466690322e-01
2.7422038155e-01
2.7371816198e-01
2.7322189815e-01
2.7273157952e-01
2.7224719560e-01
2.7163994714e-01
2.7104225240e-01
2.7045409041e-01
2.6987544054e-01
2.6905516058e-01
2.6825468318e-01
2.6747394943e-01
2.6671290188e-01
2.6538457515e-01
2.6412031000e-01
2.6291980127e-01
2.6178275914e-01
2.5926151010e-01
2.5711661332e-01
2.5534495502e-01
2.5394396330e-01
2.5253513178e-01
2.5194801463e-01
2.5218070089e-01
2.5323394812e-01
2.5401857286e-01
2.5498795411e-01
2.5614279695e-01
2.5748394137e-01
2.5835408999e-01
2.5928837611e-01
2.6028703166e-01
2.6135030459e-01
2.6210632780e-01
2.6289212528e-01
2.6370778628e-01
2.6455340346e-01
2.6519271787e-01
2.6584823775e-01
2.6652000314e-01
2.6720805510e-01
2.6775510850e-01
2.6831208201e-01
2.6887899625e-01
2.6945587222e-01
2.6993522869e-01
2.7042127834e-01
2.7091403321e-01
2.7141350550e-01
2.7184914535e-01
2.7228978673e-01
2.7273543768e-01
2.7318610632e-01
2.7360873712e-01
2.7403570090e-01
2.7446700419e-01
2.7490265348e-01
2.7532267378e-01
2.7574666735e-01
2.7617463937e-01
2.7660659467e-01
2.7695431335e-01
2.7730457549e-01
2.7765738247e-01
2.7801273509e-01
2.7828985434e-01
2.7856850188e-01
2.7884867685e-01
2.7913037782e-01
2.7939102231e-01
2.7965295566e-01
2.7991617488e-01
2.8018067607e-01
2.8045370622e-01
2.8072807727e-01
2.8100378096e-01
2.8128080717e-01
2.8153825046e-01
2.8179680352e-01
2.8205645268e-01
2.8231718197e-01
2.8256472000e-01
2.8281318939e-01
2.8306256965e-01
2.8331283764e-01
2.8355209493e-01
2.8379210960e-01
2.8403285410e-01
2.8427429824e-01
2.8454810789e-01
2.8482271822e-01
2.8509807308e-01
2.8537411201e-01
2.8562123889e-01
2.8586881142e-01
2.8611677852e-01
2.8636508695e-01
2.8665597577e-01
2.8694716497e-01
2.8723856068e-01
2.8753006698e-01
2.8783831721e-01
2.8814646601e-01
2.8845439691e-01
2.8876199384e-01
2.8910086082e-01
2.8943902905e-01
2.8977634981e-01
2.9011267855e-01
2.9044441594e-01
2.9077491448e-01
2.9110404942e-01
2.9143170188e-01
2.9179272030e-01
2.9215163769e-01
2.9250831917e-01
2.9286263931e-01
2.9328489609e-01
2.9370339623e-01
2.9411797441e-01
2.9452848296e-01
2.9506254145e-01
2.9558906270e-01
2.9610783261e-01
2.9661867664e-01
2.9727938287e-01
2.9792586099e-01
2.9855795966e-01
2.9917559830e-01
2.9969758888e-01
3.0020878594e-01
3.0070923018e-01
3.0119898256e-01
3.0172072758e-01
3.0222998324e-01
3.0272688646e-01
3.0321158774e-01
3.0375157818e-01
3.0427605258e-01
3.0478527792e-01
3.0527952952e-01
3.0585143224e-01
3.0640280285e-01
3.0693413252e-01
3.0744591303e-01
3.0806735037e-01
3.0865914861e-01
3.0922228256e-01
3.0975771004e-01
3.1042823913e-01
3.1105360608e-01
3.1163589470e-01
3.1217712268e-01
3.1278027654e-01
3.1332943369e-01
3.1382780553e-01
3.1427847958e-01
3.1465602068e-01
3.1499744812e-01
3.1530495555e-01
3.1558065622e-01
3.1580635447e-01
3.1600871290e-01
3.1618915617e-01
3.1634904280e-01
3.1648987796e-01
3.1661259410e-01
3.1671831766e-01
3.1680807860e-01
3.1687744302e-01
3.1693468265e-01
3.1698034407e-01
3.1701487873e-01
3.1703923456e-01
3.1705237030e-01
3.1705443337e-01
3.1704544713e-01
3.1702368947e-01
3.1698907979e-01
3.1694119225e-01
3.1687945469e-01
3.1680689803e-01
3.1672032589e-01
3.1661890802e-01
3.1650172215e-01
3.1634701972e-01
3.1616872934e-01
3.1596510456e-01
3.1573429239e-01
3.1544577452e-01
3.1511904584e-01
3.1475123376e-01
3.1433934145e-01
3.1394344562e-01
3.1350982931e-01
3.1303629515e-01
3.1252056724e-01
3.1208902008e-01
3.1162941091e-01
3.1114056413e-01
3.1062127105e-01
3.1018643044e-01
3.0973097458e-01
3.0925425329e-01
3.0875560366e-01
3.0831893968e-01
3.0786589399e-01
3.0739605459e-01
3.0690900544e-01
3.0647298907e-01
3.0602347862e-01
3.0556020110e-01
3.0508288470e-01
3.0464628316e-01
3.0419817316e-01
3.0373837158e-01
3.0326670039e-01
3.0282101525e-01
3.0236495944e-01
3.0189841239e-01
3.0142126283e-01
3.0094802288e-01
3.0046462576e-01
2.9997100648e-01
2.9946711698e-01
2.9898198695e-01
2.9848767370e-01
2.9798419353e-01
2.9747158720e-01
2.9700610638e-01
2.9653347006e-01
2.9605377106e-01
2.9556712735e-01
2.9519315506e-01
2.9481533940e-01
2.9443376670e-01
2.9404853487e-01
2.9370971359e-01
2.9336827471e-01
2.9302430718e-01
2.9267790810e-01
2.9235566828e-01
2.9203153100e-01
2.9170559237e-01
2.9137795492e-01
2.9105521042e-01
2.9073104636e-01
2.9040557691e-01
2.9007892173e-01
2.8975757159e-01
2.8943532349e-01
2.8911230355e-01
2.8878864135e-01
2.8850902147e-01
2.8822910853e-01
2.8794898966e-01
2.8766875236e-01
2.8741413150e-01
2.8715955038e-01
2.8690507359e-01
2.8665076482e-01
2.8639742238e-01
2.8614436947e-01
2.8589166467e-01
2.8563936451e-01
2.8537338760e-01
2.8510798345e-01
2.8484320957e-01
2.8457911990e-01
2.8433984564e-01
2.8410121256e-01
2.8386325305e-01
2.8362599693e-01
2.8336403985e-01
2.8310301284e-01
2.8284294594e-01
2.8258386578e-01
2.8229545832e-01
2.8200834154e-01
2.8172253980e-01
2.8143807372e-01
2.8116840170e-01
2.8089996945e-01
2.8063278741e-01
2.8036686416e-01
2.8007349816e-01
2.7978169594e-01
2.7949146348e-01
2.7920280534e-01
2.7882191377e-01
2.7844380982e-01
2.7806849667e-01
2.7769597572e-01
2.7718869530e-01
2.7668668350e-01
2.7618993548e-01
2.7569844488e-01
2.7524178697e-01
2.7478975012e-01
2.7434232748e-01
2.7389951203e-01
2.7338946106e-01
2.7288564146e-01
2.7238804194e-01
2.7189665131e-01
2.7127745339e-01
2.7066836251e-01
2.7006935601e-01
2.6948041163e-01
2.6864819384e-01
2.6783682090e-01
2.6704622987e-01
2.6627635942e-01
2.6497768095e-01
2.6374207654e-01
2.6256925209e-01
2.6145892841e-01
2.5921482857e-01
2.5727521451e-01
2.5563780776e-01
2.5430068490e-01
2.5326210422e-01
2.5252113143e-01
2.5207689575e-01
2.5192887516e-01
