2.5028759217e-10
1.0135677019e-10
5.6400068650e-10
1.7328724087e-09
1.4467743856e-08
4.1014624309e-08
1.1198695696e-07
3.0467185882e-07
8.5926106041e-07
1.6539518863e-06
3.1673614341e-06
6.0650062143e-06
1.1656077108e-05
1.8528438009e-05
2.9426274389e-05
4.6733159227e-05
7.4267989546e-05
1.0544260280e-04
1.4966868566e-04
2.1243957502e-04
3.0157776148e-04
3.9788646532e-04
5.2489798525e-04
6.9241892917e-04
9.1339181811e-04
1.1505201095e-03
1.4490649912e-03
1.8249050710e-03
2.2979979085e-03
2.8097569837e-03
3.4349647846e-03
4.1985746675e-03
5.1309200136e-03
6.2302033742e-03
7.5627562263e-03
9.1771129491e-03
1.1131421873e-02
1.3128666749e-02
1.5477355514e-02
1.8236698839e-02
2.1474829087e-02
2.4555282731e-02
2.8061934552e-02
3.2048955533e-02
3.6575911747e-02
4.0751866779e-02
4.5376415145e-02
5.0490931743e-02
5.6138954302e-02
6.1831717331e-02
6.8048474057e-02
7.4826082074e-02
8.2201569137e-02
9.2103156586e-02
1.0302161157e-01
1.1501705466e-01
1.2814219950e-01
1.3932600082e-01
1.5125533884e-01
1.6393914623e-01
1.7737926177e-01
1.8998104393e-01
2.0316798111e-01
2.1692427606e-01
2.3122824227e-01
2.4644055751e-01
2.6216382648e-01
2.7835577084e-01
2.9496851778e-01
3.1236599005e-01
3.3008816120e-01
3.4807030104e-01
3.6624532100e-01
3.8392720963e-01
4.0166363313e-01
4.1939382182e-01
4.3705874244e-01
4.5881439842e-01
4.8028106069e-01
5.0136632047e-01
5.2198762730e-01
5.4229062340e-01
5.6198240405e-01
5.8101063715e-01
5.9933358517e-01
6.1814290215e-01
6.3607948498e-01
6.5312697354e-01
6.6927868502e-01
6.8451674816e-01
6.9887216255e-01
7.1235976989e-01
7.2499933884e-01
7.3783111081e-01
7.4971966171e-01
7.6070295154e-01
7.7082114717e-01
7.8161674845e-01
7.9135268488e-01
8.0009640818e-01
8.0791437640e-01
8.1694251431e-01
8.2460753024e-01
8.3104417716e-01
8.3637790591e-01
8.4158492424e-01
8.4549891196e-01
8.4829260929e-01
8.5011886327e-01
8.5108093754e-01
8.5139119408e-01
8.5113893539e-01
8.5040241271e-01
8.4916726821e-01
8.4753460060e-01
8.4556582977e-01
8.4331392928e-01
8.4051044911e-01
8.3746327136e-01
8.3421868680e-01
8.3081572715e-01
8.2669555268e-01
8.2244794975e-01
8.1810827703e-01
8.1370538862e-01
8.0828813024e-01
8.0284546371e-01
7.9740381528e-01
7.9198361221e-01
7.8498541106e-01
7.7807541494e-01
7.7127181933e-01
7.6458729732e-01
7.5581988543e-01
7.4729654090e-01
7.3902707494e-01
7.3101937043e-01
7.2285067246e-01
7.1499493070e-01
7.0746772039e-01
7.0028948876e-01
6.9403505118e-01
6.8812057478e-01
6.8257476011e-01
6.7743003209e-01
6.7249692629e-01
6.6808916391e-01
6.6425095039e-01
6.6102520695e-01
6.5851484409e-01
6.5665164673e-01
6.5545996827e-01
6.5495598920e-01
6.5513039401e-01
6.5595481002e-01
6.5741859057e-01
6.5950338183e-01
6.6227339003e-01
6.6564206420e-01
6.6957187869e-01
6.7402299231e-01
6.7978943444e-01
6.8614269277e-01
6.9302687423e-01
7.0039288193e-01
7.0730933336e-01
7.1455030792e-01
7.2209732159e-01
7.2993614544e-01
7.3638688897e-01
7.4301177006e-01
7.4980668490e-01
7.5676721922e-01
7.6236328585e-01
7.6805523450e-01
7.7383826814e-01
7.7970584307e-01
7.8464116445e-01
7.8962210656e-01
7.9463998947e-01
7.9968368623e-01
8.0401819456e-01
8.0835023325e-01
8.1266614067e-01
8.1694919550e-01
8.2067317673e-01
8.2433937991e-01
8.2792793273e-01
8.3141521301e-01
8.3445421960e-01
8.3736364962e-01
8.4011520637e-01
8.4267591251e-01
8.4489309306e-01
8.4686639045e-01
8.4855209706e-01
8.4989986018e-01
8.5092388318e-01
8.5137789369e-01
8.5115771378e-01
8.5014255560e-01
8.4871037386e-01
8.4663552662e-01
8.4383463094e-01
8.4021524740e-01
8.3651456683e-01
8.3211553107e-01
8.2694954166e-01
8.2094310291e-01
8.1526695176e-01
8.0891155787e-01
8.0182783599e-01
7.9396497384e-01
7.8612927427e-01
7.7757244859e-01
7.6825480779e-01
7.5813686737e-01
7.4806221824e-01
7.3724441806e-01
7.2565565761e-01
7.1327028945e-01
6.9895199506e-01
6.8365112253e-01
6.6734997704e-01
6.5003863502e-01
6.3477002360e-01
6.1879833211e-01
6.0213519115e-01
5.8479905655e-01
5.6738532186e-01
5.4939499255e-01
5.3086655173e-01
5.1184639749e-01
4.9533830486e-01
4.7855242637e-01
4.6153090616e-01
4.4431978202e-01
4.2570707609e-01
4.0699874377e-01
3.8826342800e-01
3.6957222212e-01
3.5191427942e-01
3.3442420926e-01
3.1716358258e-01
3.0019213081e-01
2.8385457218e-01
2.6790166439e-01
2.5237960330e-01
2.3732970411e-01
2.2131501959e-01
2.0595891346e-01
1.9129269531e-01
1.7733888883e-01
1.6204339416e-01
1.4773566205e-01
1.3441059613e-01
1.2205145357e-01
1.1163614800e-01
1.0197070253e-01
9.3025158902e-02
8.4766346416e-02
7.6364535481e-02
6.8713931139e-02
6.1763470669e-02
5.5462258292e-02
4.8237329515e-02
4.1900568939e-02
3.6356175532e-02
3.1515197759e-02
2.5750232805e-02
2.1011504621e-02
1.7125928198e-02
1.3946222337e-02
1.1473552215e-02
9.4342093241e-03
7.7538720967e-03
6.3704167891e-03
5.0774100977e-03
4.0456090607e-03
3.2226565033e-03
2.5665266030e-03
1.9247045738e-03
1.4431893037e-03
1.0819782691e-03
8.1102199786e-04
5.3921775592e-04
3.5859276511e-04
2.3845472371e-04
1.5848466359e-04
7.8050214519e-05
3.8645753582e-05
1.9131391013e-05
9.3988039919e-06
1.5083515150e-06
4.1806493473e-07
8.5673051652e-08
5.6370477483e-08
2.2475780975e-09
2.3382281164e-09
-3.1923327196e-12
1.4841588596e-09
8.0590651026e-10
2.7036590152e-09
9.7559415418e-09
5.4160869429e-08
1.3542421318e-07
3.3060054307e-07
8.0607215643e-07
2.0027554737e-06
3.6398694425e-06
6.5938052905e-06
1.1944413348e-05
2.1687318223e-05
3.3216102708e-05
5.0843499228e-05
7.7824340395e-05
1.1917394915e-04
1.6491058715e-04
2.2816219089e-04
3.1566439873e-04
4.3675705125e-04
5.6742459685e-04
7.3711449236e-04
9.5749086872e-04
1.2437014712e-03
1.5506954510e-03
1.9332507456e-03
2.4099035921e-03
3.0036929844e-03
3.6603535731e-03
4.4597421574e-03
5.4325490335e-03
6.6158882991e-03
7.9563787972e-03
9.5652242522e-03
1.1494788927e-02
1.3807022736e-02
1.6250350690e-02
1.9115730035e-02
2.2472160490e-02
2.6398387669e-02
2.9949273046e-02
3.3957091741e-02
3.8474710854e-02
4.3559397661e-02
4.8299043445e-02
5.3517926483e-02
5.9256114937e-02
6.5555096024e-02
7.2279567718e-02
7.9617873227e-02
8.7609679405e-02
9.6293709122e-02
1.0549520143e-01
1.1542675000e-01
1.2611676668e-01
1.3758898740e-01
1.4935921438e-01
1.6187736101e-01
1.7514639543e-01
1.8916159679e-01
2.0271962070e-01
2.1688270303e-01
2.3162722658e-01
2.4692290652e-01
2.6424451122e-01
2.8212479871e-01
3.0049900042e-01
3.1929542912e-01
3.3741155887e-01
3.5576779892e-01
3.7429316506e-01
3.9291592529e-01
4.1117805390e-01
4.2939970480e-01
4.4751790818e-01
4.6547290505e-01
4.8493143633e-01
5.0405805982e-01
5.2279186564e-01
5.4107916268e-01
5.6356130292e-01
5.8517329819e-01
6.0585528203e-01
6.2556408178e-01
6.4326240797e-01
6.6005497312e-01
6.7593869593e-01
6.9091860965e-01
7.0536989299e-01
7.1890041032e-01
7.3153436498e-01
7.4329999357e-01
7.5533906847e-01
7.6639994246e-01
7.7653017852e-01
7.8577850870e-01
7.9609881475e-01
8.0523059970e-01
8.1326448266e-01
8.2028783096e-01
8.2753939282e-01
8.3357700788e-01
8.3852825178e-01
8.4251030442e-01
8.4604525003e-01
8.4857613852e-01
8.5023502326e-01
8.5113864436e-01
8.5138898045e-01
8.5106154061e-01
8.5023853988e-01
8.4899161556e-01
8.4725555534e-01
8.4517026068e-01
8.4279261611e-01
8.4017137448e-01
8.3696176504e-01
8.3354439588e-01
8.2996228080e-01
8.2625137986e-01
8.2175283047e-01
8.1715719442e-01
8.1249717695e-01
8.0779911849e-01
8.0196366451e-01
7.9613343807e-01
7.9033241676e-01
7.8457869950e-01
7.7695089678e-01
7.6945587594e-01
7.6210960477e-01
7.5492276410e-01
7.4651001249e-01
7.3834670794e-01
7.3044048462e-01
7.2279928473e-01
7.1541337809e-01
7.0831638763e-01
7.0152489811e-01
6.9505981970e-01
6.8867167968e-01
6.8270369723e-01
6.7719554723e-01
6.7219088968e-01
6.6810317138e-01
6.6450897236e-01
6.6144303521e-01
6.5893762885e-01
6.5705053486e-01
6.5575286646e-01
6.5506006253e-01
6.5498058403e-01
6.5568877529e-01
6.5725821212e-01
6.5966238387e-01
6.6286263481e-01
6.6637488226e-01
6.7045076404e-01
6.7504909074e-01
6.8012853515e-01
6.8576729712e-01
6.9182646961e-01
6.9827115453e-01
7.0507130447e-01
7.1206075593e-01
7.1934926443e-01
7.2692217045e-01
7.3476822455e-01
7.4107863359e-01
7.4754660280e-01
7.5416840720e-01
7.6093961660e-01
7.6643381187e-01
7.7201506831e-01
7.7767796480e-01
7.8341516177e-01
7.8825329978e-01
7.9312892768e-01
7.9803249359e-01
8.0295186654e-01
8.0718641047e-01
8.1140934549e-01
8.1560594061e-01
8.1975827124e-01
8.2336962983e-01
8.2691176126e-01
8.3036343718e-01
8.3369952370e-01
8.3660088924e-01
8.3935686222e-01
8.4193723295e-01
8.4430689530e-01
8.4633381091e-01
8.4809116910e-01
8.4953193897e-01
8.5060205578e-01
8.5124347998e-01
8.5137037988e-01
8.5089881749e-01
8.4973289928e-01
8.4810303747e-01
8.4580904980e-01
8.4276561820e-01
8.3887831628e-01
8.3500723436e-01
8.3044310716e-01
8.2511987634e-01
8.1896699599e-01
8.1312175685e-01
8.0659599787e-01
7.9934167317e-01
7.9130918871e-01
7.8327118124e-01
7.7450620483e-01
7.6497521072e-01
7.5463952187e-01
7.4431413251e-01
7.3323693832e-01
7.2138089489e-01
7.0872134693e-01
6.9154199793e-01
6.7301103139e-01
6.5310725740e-01
6.3182584617e-01
6.1618053493e-01
5.9988398140e-01
5.8295411068e-01
5.6541562525e-01
5.4852532629e-01
5.3116473670e-01
5.1337208334e-01
4.9519181493e-01
4.7820184131e-01
4.6097152225e-01
4.4354867580e-01
4.2598485908e-01
4.0541835799e-01
3.8482651142e-01
3.6430404617e-01
3.4394736860e-01
3.2700340217e-01
3.1030167783e-01
2.9389641401e-01
2.7783894894e-01
2.6097675473e-01
2.4462796500e-01
2.2883987110e-01
2.1365250316e-01
1.9821302013e-01
1.8351710178e-01
1.6958419746e-01
1.5642445043e-01
1.4327425710e-01
1.3099264680e-01
1.1956297032e-01
1.0896123872e-01
9.9351353129e-02
9.0474402495e-02
8.2294876415e-02
7.4775169178e-02
6.6891049991e-02
5.9768790928e-02
5.3349252987e-02
4.7574760722e-02
4.0977618376e-02
3.5252629025e-02
3.0295856145e-02
2.6012630992e-02
2.1355862830e-02
1.7514294784e-02
1.4351306793e-02
1.1751079085e-02
9.6241526963e-03
7.8785020408e-03
6.4469658717e-03
5.2738014782e-03
4.1634800910e-03
3.2860476516e-03
2.5929426175e-03
2.0456086299e-03
1.5090824037e-03
1.1131753188e-03
8.2102991475e-04
6.0543766328e-04
3.9030204222e-04
2.5171749997e-04
1.6232980993e-04
1.0460989443e-04
4.8656413254e-05
2.2811841583e-05
1.0691505878e-05
4.9555698313e-06
8.1967752678e-07
2.2544087095e-07
4.7313933234e-08
2.8746183292e-08
4.7402870382e-09
1.3119335328e-09
3.0061881779e-10
3.3467817135e-10
