9.5737252735e-06
1.1243901093e-05
1.6788851253e-05
2.8123986263e-05
4.9257656815e-05
7.3478544878e-05
1.0988123872e-04
1.6453043119e-04
2.4658101757e-04
3.3680181249e-04
4.5999900855e-04
6.2825376475e-04
8.5808980048e-04
1.1068675677e-03
1.4275989224e-03
1.8410705303e-03
2.3740413872e-03
2.9551418361e-03
3.6777974816e-03
4.5762165970e-03
5.6927018626e-03
7.1175788988e-03
8.8951746703e-03
1.1110833618e-02
1.3869357225e-02
1.6424979410e-02
1.9440355220e-02
2.2993784176e-02
2.7175081498e-02
3.1017604794e-02
3.5379444954e-02
4.0323516827e-02
4.5918133450e-02
5.1299919750e-02
5.7265522860e-02
6.3866585314e-02
7.1156409951e-02
7.9059377075e-02
8.7734574747e-02
9.7232782993e-02
1.0760240946e-01
1.1857646380e-01
1.3045479247e-01
1.4326675700e-01
1.5703333370e-01
1.7158652154e-01
1.8708206239e-01
2.0350664293e-01
2.2083342214e-01
2.3670767413e-01
2.5320537280e-01
2.7028182658e-01
2.8788468069e-01
3.0820369436e-01
3.2901843939e-01
3.5022877979e-01
3.7172961342e-01
3.9137696681e-01
4.1109412059e-01
4.3080232027e-01
4.5042552320e-01
4.7373617696e-01
4.9670580442e-01
5.1923073795e-01
5.4121983223e-01
5.6495389353e-01
5.8784045991e-01
6.0981054002e-01
6.3081326966e-01
6.5078616654e-01
6.6974117131e-01
6.8767166779e-01
7.0458199740e-01
7.2135405737e-01
7.3702788675e-01
7.5163579840e-01
7.6521573216e-01
7.7950707298e-01
7.9258212169e-01
8.0451010934e-01
8.1536120145e-01
8.2820556547e-01
8.3943792288e-01
8.4920862181e-01
8.5765843657e-01
8.6714492737e-01
8.7476773087e-01
8.8077006681e-01
8.8535838012e-01
8.8849354641e-01
8.9067514476e-01
8.9199058282e-01
8.9250560475e-01
8.9221221623e-01
8.9106356360e-01
8.8906464297e-01
8.8619446758e-01
8.8264827609e-01
8.7822525652e-01
8.7284333903e-01
8.6639853702e-01
8.6046392006e-01
8.5371242329e-01
8.4606211661e-01
8.3742211616e-01
8.2962311499e-01
8.2105139330e-01
8.1164688575e-01
8.0134694365e-01
7.9136126494e-01
7.8056676948e-01
7.6891713920e-01
7.5636696806e-01
7.4354182838e-01
7.2982589978e-01
7.1518796067e-01
6.9960182167e-01
6.8320398801e-01
6.6584444320e-01
6.4752156262e-01
6.2824521620e-01
6.1007343961e-01
5.9117332101e-01
5.7158373474e-01
5.5135570726e-01
5.3337393372e-01
5.1501083097e-01
4.9632363202e-01
4.7737701436e-01
4.5773806165e-01
4.3798634608e-01
4.1821281154e-01
3.9851332064e-01
3.7972438940e-01
3.6118588966e-01
3.4298743392e-01
3.2521679137e-01
3.0749907549e-01
2.9040766369e-01
2.7402142391e-01
2.5841106388e-01
2.4267637718e-01
2.2795865158e-01
2.1430862617e-01
2.0176524066e-01
1.9011415743e-01
1.7966842280e-01
1.7043880177e-01
1.6242910765e-01
1.5574416975e-01
1.5023189918e-01
1.4588640829e-01
1.4270150826e-01
1.4067922553e-01
1.3979637288e-01
1.4005121618e-01
1.4144425352e-01
1.4407700852e-01
1.4792909034e-01
1.5300688040e-01
1.5931703750e-01
1.6665087823e-01
1.7516148167e-01
1.8484769399e-01
1.9570271329e-01
2.0703149161e-01
2.1937390946e-01
2.3270230365e-01
2.4697983167e-01
2.6142880360e-01
2.7664877330e-01
2.9258261950e-01
3.0916548253e-01
3.2731743373e-01
3.4602168248e-01
3.6518035110e-01
3.8469171794e-01
4.0358777655e-01
4.2262113165e-01
4.4170320580e-01
4.6074866340e-01
4.8222723386e-01
5.0344485137e-01
5.2430265194e-01
5.4471332707e-01
5.7486861994e-01
6.0359364646e-01
6.3073668492e-01
6.5620229984e-01
6.7424509677e-01
6.9130523875e-01
7.0738939095e-01
7.2251333560e-01
7.3810628386e-01
7.5259908935e-01
7.6603701510e-01
7.7846965832e-01
7.9235808693e-01
8.0492457255e-01
8.1626648201e-01
8.2647903838e-01
8.3873344544e-01
8.4927827374e-01
8.5830839868e-01
8.6599657762e-01
8.7285975735e-01
8.7852923098e-01
8.8312792810e-01
8.8675117874e-01
8.8928757956e-01
8.9108691015e-01
8.9216449675e-01
8.9251693555e-01
8.9207191279e-01
8.9073277412e-01
8.8842275416e-01
8.8503776322e-01
8.8139156537e-01
8.7685605867e-01
8.7132977432e-01
8.6469636590e-01
8.5869139002e-01
8.5186982399e-01
8.4415774832e-01
8.3547586979e-01
8.2724499653e-01
8.1819315738e-01
8.0826363269e-01
7.9739834556e-01
7.8674613331e-01
7.7524167928e-01
7.6284284853e-01
7.4950918431e-01
7.3503339400e-01
7.1952722397e-01
7.0296089018e-01
6.8531164257e-01
6.6853390350e-01
6.5086923361e-01
6.3232321844e-01
6.1291104013e-01
5.9348686774e-01
5.7332203771e-01
5.5246140641e-01
5.3096183039e-01
5.1238859241e-01
4.9345888080e-01
4.7422771122e-01
4.5475619212e-01
4.3244041101e-01
4.1000662819e-01
3.8756688533e-01
3.6523764108e-01
3.4634256616e-01
3.2768817675e-01
3.0934613529e-01
2.9138501107e-01
2.7208091415e-01
2.5339756107e-01
2.3540365888e-01
2.1815704430e-01
2.0036852534e-01
1.8355404844e-01
1.6774027971e-01
1.5293855788e-01
1.3926462327e-01
1.2656721544e-01
1.1482153237e-01
1.0399447953e-01
9.3550754492e-02
8.4028198831e-02
7.5371318075e-02
6.7522509731e-02
5.8427613408e-02
5.0474488631e-02
4.3541684178e-02
3.7514709592e-02
3.0378889372e-02
2.4558276806e-02
1.9825370074e-02
1.5986522152e-02
1.2916381328e-02
1.0428485541e-02
8.4149436065e-03
6.7869253958e-03
5.2676143045e-03
4.0868770332e-03
3.1698090916e-03
2.4578349212e-03
1.7601575481e-03
1.2603915974e-03
9.0238107580e-04
6.4588809159e-04
3.9022634662e-04
2.3601212901e-04
1.4279534030e-04
8.6381694514e-05
3.9355970904e-05
1.8927451617e-05
1.0883992791e-05
9.9846510143e-06
1.3189082388e-05
2.0494906494e-05
3.4185943045e-05
5.8620166967e-05
8.6718601843e-05
1.2849051603e-04
1.9055268325e-04
2.8278533242e-04
3.8389407193e-04
5.2110809832e-04
7.0734812968e-04
9.6017208435e-04
1.2333187674e-03
1.5839716003e-03
2.0340862226e-03
2.6117967264e-03
3.2434900617e-03
4.0271721071e-03
4.9990849222e-03
6.2039123446e-03
7.7626204409e-03
9.7082545313e-03
1.2134473485e-02
1.5156157974e-02
1.7873238126e-02
2.1064889718e-02
2.4809178750e-02
2.9195085851e-02
3.3218720526e-02
3.7770613895e-02
4.2912372322e-02
4.8710483215e-02
5.4325964376e-02
6.0537573555e-02
6.7396058121e-02
7.4953424498e-02
8.3256299885e-02
9.2361621728e-02
1.0231962914e-01
1.1317742063e-01
1.2451877782e-01
1.3676540008e-01
1.4994201188e-01
1.6406438421e-01
1.7853709082e-01
1.9388296569e-01
2.1008481303e-01
2.2711343757e-01
2.4329618447e-01
2.6008927201e-01
2.7744434707e-01
2.9530556963e-01
3.1554071732e-01
3.3622450912e-01
3.5725883562e-01
3.7854167794e-01
3.9826382857e-01
4.1802818434e-01
4.3775631573e-01
4.5737294570e-01
4.8025505007e-01
5.0277646302e-01
5.2484124046e-01
5.4636542468e-01
5.7044476554e-01
5.9361933194e-01
6.1582031078e-01
6.3699828386e-01
6.5663466486e-01
6.7525290059e-01
6.9284989126e-01
7.0943288581e-01
7.2604557905e-01
7.4154766479e-01
7.5597428916e-01
7.6936594283e-01
7.8351244795e-01
7.9642606106e-01
8.0817970097e-01
8.1884679619e-01
8.3154229937e-01
8.4259163329e-01
8.5215354834e-01
8.6037575625e-01
8.7006041444e-01
8.7763614875e-01
8.8339904578e-01
8.8759416085e-01
8.9009969086e-01
8.9168959797e-01
8.9243907770e-01
8.9240125819e-01
8.9153259063e-01
8.8982260786e-01
8.8725905394e-01
8.8380419935e-01
8.7978943331e-01
8.7490000334e-01
8.6904793488e-01
8.6212548243e-01
8.5582707538e-01
8.4871172346e-01
8.4069971533e-01
8.3170366685e-01
8.2356689414e-01
8.1465700997e-01
8.0491681350e-01
7.9428719685e-01
7.8387911395e-01
7.7265269720e-01
7.6056401534e-01
7.4757064263e-01
7.3417434221e-01
7.1987081035e-01
7.0463238393e-01
6.8843736218e-01
6.7164288604e-01
6.5391312104e-01
6.3525360013e-01
6.1568186291e-01
5.9724895460e-01
5.7813119754e-01
5.5837377565e-01
5.3803390507e-01
5.2001135890e-01
5.0165755620e-01
4.8303266193e-01
4.6420367390e-01
4.4433295313e-01
4.2440988795e-01
4.0453106014e-01
3.8479704798e-01
3.6629559046e-01
3.4810561347e-01
3.3031394160e-01
3.1300447286e-01
2.9532894629e-01
2.7836717657e-01
2.6219723230e-01
2.4688757342e-01
2.3170696536e-01
2.1760815615e-01
2.0463457412e-01
1.9281794730e-01
1.8213027336e-01
1.7264469562e-01
1.6436650157e-01
1.5729553403e-01
1.5148922292e-01
1.4685262209e-01
1.4337951385e-01
1.4106419796e-01
1.3990547832e-01
1.3988559005e-01
1.4100450515e-01
1.4326440912e-01
1.4686725282e-01
1.5173762237e-01
1.5788259384e-01
1.6530845176e-01
1.7353768484e-01
1.8292227741e-01
1.9345675486e-01
2.0512885795e-01
2.1685969797e-01
2.2951361465e-01
2.4305936450e-01
2.5745732931e-01
2.7277276365e-01
2.8884554962e-01
3.0560888404e-01
3.2298820083e-01
3.4124277377e-01
3.5996036563e-01
3.7904523558e-01
3.9839944356e-01
4.1754996575e-01
4.3677357527e-01
4.5598197725e-01
4.7509119727e-01
4.9684552651e-01
5.1825593871e-01
5.3922583457e-01
5.5967156215e-01
5.8781974446e-01
6.1459819281e-01
6.3989667301e-01
6.6364918172e-01
6.8147001946e-01
6.9828940395e-01
7.1411839316e-01
7.2897674543e-01
7.4443947197e-01
7.5877263641e-01
7.7202680218e-01
7.8425641899e-01
7.9801884039e-01
8.1041570432e-01
8.2155355169e-01
8.3153553336e-01
8.4318152419e-01
8.5317122508e-01
8.6169540404e-01
8.6892153927e-01
8.7524592609e-01
8.8044455460e-01
8.8462708144e-01
8.8787663413e-01
8.9012559559e-01
8.9163331711e-01
8.9240746043e-01
8.9243621004e-01
8.9160822375e-01
8.8983023507e-01
8.8700994077e-01
8.8302538832e-01
8.7899086451e-01
8.7405969840e-01
8.6813050592e-01
8.6108824332e-01
8.5480658816e-01
8.4771924573e-01
8.3975626399e-01
8.3084312900e-01
8.2232272712e-01
8.1298258012e-01
8.0276840030e-01
7.9162497712e-01
7.8059643547e-01
7.6870593245e-01
7.5591306203e-01
7.4217953488e-01
7.2737656444e-01
7.1155416951e-01
6.9468683292e-01
6.7675653916e-01
6.5961308417e-01
6.4159364743e-01
6.2270836916e-01
6.0297743563e-01
5.8350055312e-01
5.6332759675e-01
5.4250676533e-01
5.2109774902e-01
5.0227622563e-01
4.8312517665e-01
4.6370342505e-01
4.4407573066e-01
4.1932997018e-01
3.9451949239e-01
3.6979961299e-01
3.4532968536e-01
3.2664808693e-01
3.0828428059e-01
2.9030707890e-01
2.7278083249e-01
2.5418453093e-01
2.3626671914e-01
2.1908466576e-01
2.0268432857e-01
1.8454847348e-01
1.6756202948e-01
1.5173942466e-01
1.3707658865e-01
1.2454015545e-01
1.1295037136e-01
1.0227294415e-01
9.2467405626e-02
8.2534009164e-02
7.3556582189e-02
6.5466949938e-02
5.8196470147e-02
4.9553054369e-02
4.2121935801e-02
3.5753550861e-02
3.0310719452e-02
2.4330821405e-02
1.9502086154e-02
1.5613269490e-02
1.2487954817e-02
1.0000569448e-02
8.0039530099e-03
6.4029073704e-03
5.1200762302e-03
3.8989547533e-03
2.9681703772e-03
2.2589977042e-03
1.7188269261e-03
1.1873509561e-03
8.2023667940e-04
5.6656513124e-04
3.9121679085e-04
2.2557893943e-04
1.3034266181e-04
7.5444227181e-05
4.3809007709e-05
2.5862661703e-05
1.5990864217e-05
1.1069903388e-05
9.5738927577e-06
