2.7470137090e-01
2.7474179667e-01
2.7486308588e-01
2.7506527423e-01
2.7534842122e-01
2.7558193248e-01
2.7585141500e-01
2.7615690396e-01
2.7649843924e-01
2.7676496369e-01
2.7704998346e-01
2.7735351757e-01
2.7767558632e-01
2.7793604638e-01
2.7820750405e-01
2.7848997006e-01
2.7878345559e-01
2.7903144664e-01
2.7928680890e-01
2.7954954907e-01
2.7981967405e-01
2.8006094008e-01
2.8030781698e-01
2.8056030959e-01
2.8081842273e-01
2.8109658397e-01
2.8138100107e-01
2.8167167938e-01
2.8196862386e-01
2.8219602753e-01
2.8242697762e-01
2.8266147489e-01
2.8289951930e-01
2.8307716950e-01
2.8325674355e-01
2.8343823983e-01
2.8362165599e-01
2.8378903577e-01
2.8395797712e-01
2.8412847579e-01
2.8430052636e-01
2.8455736636e-01
2.8481754498e-01
2.8508102262e-01
2.8534774627e-01
2.8551014913e-01
2.8567368925e-01
2.8583834501e-01
2.8600409155e-01
2.8617156310e-01
2.8634007280e-01
2.8650958383e-01
2.8668005499e-01
2.8686465695e-01
2.8705025609e-01
2.8723678287e-01
2.8742416149e-01
2.8760118435e-01
2.8777881592e-01
2.8795697892e-01
2.8813559210e-01
2.8834309448e-01
2.8855095047e-01
2.8875901836e-01
2.8896715301e-01
2.8919028693e-01
2.8941314427e-01
2.8963554133e-01
2.8985729558e-01
2.9008744874e-01
2.9031650910e-01
2.9054428256e-01
2.9077058139e-01
2.9101109153e-01
2.9124949157e-01
2.9148558059e-01
2.9171916900e-01
2.9199681572e-01
2.9227029224e-01
2.9253933412e-01
2.9280370032e-01
2.9316180880e-01
2.9351001449e-01
2.9384787659e-01
2.9417502075e-01
2.9456650376e-01
2.9494043274e-01
2.9529642631e-01
2.9563419748e-01
2.9592433326e-01
2.9619923417e-01
2.9645883430e-01
2.9670310206e-01
2.9695227902e-01
2.9718321308e-01
2.9739597185e-01
2.9759065436e-01
2.9776619211e-01
2.9792419298e-01
2.9806484228e-01
2.9818835752e-01
2.9828978215e-01
2.9837630661e-01
2.9844821440e-01
2.9850583004e-01
2.9854253758e-01
2.9857018717e-01
2.9858903320e-01
2.9859935908e-01
2.9860169404e-01
2.9859888178e-01
2.9859111928e-01
2.9857862017e-01
2.9856350395e-01
2.9854491606e-01
2.9852305034e-01
2.9849811334e-01
2.9847186952e-01
2.9844326556e-01
2.9841250832e-01
2.9837981439e-01
2.9834587605e-01
2.9831049706e-01
2.9827390955e-01
2.9823635168e-01
2.9820266499e-01
2.9816858192e-01
2.9813427120e-01
2.9809990146e-01
2.9806901484e-01
2.9803833733e-01
2.9800798762e-01
2.9797808149e-01
2.9794687766e-01
2.9791643279e-01
2.9788687058e-01
2.9785830788e-01
2.9783297775e-01
2.9780866832e-01
2.9778545346e-01
2.9776340117e-01
2.9774049444e-01
2.9771915344e-01
2.9769944496e-01
2.9768142776e-01
2.9766280510e-01
2.9764656915e-01
2.9763277520e-01
2.9762146793e-01
2.9761367162e-01
2.9760780692e-01
2.9760388681e-01
2.9760191977e-01
2.9760190243e-01
2.9760381166e-01
2.9760764345e-01
2.9761338961e-01
2.9762128918e-01
2.9763118457e-01
2.9764305162e-01
2.9765686017e-01
2.9767101450e-01
2.9768669996e-01
2.9770387926e-01
2.9772250970e-01
2.9774231636e-01
2.9776344248e-01
2.9778582931e-01
2.9780941195e-01
2.9783448831e-01
2.9786064147e-01
2.9788778398e-01
2.9791582214e-01
2.9794514309e-01
2.9797517606e-01
2.9800580509e-01
2.9803690948e-01
2.9807227578e-01
2.9810790283e-01
2.9814360499e-01
2.9817919417e-01
2.9822192738e-01
2.9826387950e-01
2.9830471765e-01
2.9834411529e-01
2.9837939933e-01
2.9841289102e-01
2.9844434759e-01
2.9847353645e-01
2.9850365132e-01
2.9853024889e-01
2.9855304059e-01
2.9857175662e-01
2.9858979051e-01
2.9859976585e-01
2.9860120492e-01
2.9859367826e-01
2.9857076496e-01
2.9853225581e-01
2.9847755835e-01
2.9840616023e-01
2.9831996084e-01
2.9821708030e-01
2.9809721028e-01
2.9796008431e-01
2.9781017846e-01
2.9764360147e-01
2.9746020108e-01
2.9725985163e-01
2.9706077056e-01
2.9684724356e-01
2.9661923408e-01
2.9637672782e-01
2.9609330944e-01
2.9579242376e-01
2.9547417111e-01
2.9513870722e-01
2.9485994678e-01
2.9457059505e-01
2.9427083048e-01
2.9396087022e-01
2.9371997255e-01
2.9347352793e-01
2.9322168412e-01
2.9296460730e-01
2.9274116940e-01
2.9251418138e-01
2.9228378260e-01
2.9205012456e-01
2.9183488541e-01
2.9161721767e-01
2.9139726296e-01
2.9117517187e-01
2.9093725467e-01
2.9069731127e-01
2.9045555359e-01
2.9021220336e-01
2.9000710111e-01
2.8980118150e-01
2.8959458788e-01
2.8938746609e-01
2.8919763128e-01
2.8900759148e-01
2.8881746019e-01
2.8862735016e-01
2.8845615420e-01
2.8828514603e-01
2.8811440386e-01
2.8794400369e-01
2.8774708324e-01
2.8755082963e-01
2.8735534600e-01
2.8716072897e-01
2.8699833698e-01
2.8683666580e-01
2.8667576063e-01
2.8651566300e-01
2.8634228911e-01
2.8616996185e-01
2.8599872061e-01
2.8582860023e-01
2.8559627593e-01
2.8536620127e-01
2.8513843163e-01
2.8491301162e-01
2.8473142164e-01
2.8455142488e-01
2.8437303380e-01
2.8419625845e-01
2.8399092143e-01
2.8378782964e-01
2.8358699065e-01
2.8338840996e-01
2.8313300705e-01
2.8288145187e-01
2.8263374750e-01
2.8238989515e-01
2.8210071244e-01
2.8181713873e-01
2.8153917091e-01
2.8126680508e-01
2.8097135823e-01
2.8068278656e-01
2.8040108358e-01
2.8012624272e-01
2.7978263557e-01
2.7945036851e-01
2.7912942824e-01
2.7881980181e-01
2.7838302838e-01
2.7797088515e-01
2.7758333567e-01
2.7722034567e-01
2.7666766069e-01
2.7618355092e-01
2.7576789637e-01
2.7542059402e-01
2.7501372459e-01
2.7477415590e-01
2.7470174220e-01
2.7479643943e-01
2.7493477617e-01
2.7513425026e-01
2.7539490606e-01
2.7571680153e-01
2.7597101138e-01
2.7625366197e-01
2.7656478245e-01
2.7690440486e-01
2.7717160716e-01
2.7745417199e-01
2.7775211500e-01
2.7806545270e-01
2.7832216931e-01
2.7858838830e-01
2.7886411873e-01
2.7914937002e-01
2.7939387754e-01
2.7964498359e-01
2.7990269404e-01
2.8016701490e-01
2.8041040691e-01
2.8065915611e-01
2.8091326702e-01
2.8117274413e-01
2.8142258599e-01
2.8167721613e-01
2.8193663783e-01
2.8220085394e-01
2.8241197546e-01
2.8262606319e-01
2.8284311718e-01
2.8306313671e-01
2.8323776339e-01
2.8341421163e-01
2.8359247935e-01
2.8377256363e-01
2.8394125654e-01
2.8411150550e-01
2.8428330522e-01
2.8445664901e-01
2.8465482790e-01
2.8485496149e-01
2.8505703058e-01
2.8526101122e-01
2.8542469859e-01
2.8558956040e-01
2.8575557591e-01
2.8592272111e-01
2.8608399971e-01
2.8624626371e-01
2.8640948195e-01
2.8657361958e-01
2.8677356878e-01
2.8697473257e-01
2.8717702545e-01
2.8738035311e-01
2.8755311408e-01
2.8772647526e-01
2.8790036568e-01
2.8807471071e-01
2.8828165516e-01
2.8848899271e-01
2.8869658375e-01
2.8890428494e-01
2.8912694326e-01
2.8934937826e-01
2.8957140741e-01
2.8979284900e-01
2.9002241727e-01
2.9025095640e-01
2.9047827282e-01
2.9070417896e-01
2.9094284920e-01
2.9117950902e-01
2.9141396032e-01
2.9164601578e-01
2.9191828856e-01
2.9218665810e-01
2.9245087135e-01
2.9271069676e-01
2.9307038067e-01
2.9342033498e-01
2.9376010400e-01
2.9408929952e-01
2.9451995684e-01
2.9492974710e-01
2.9531816293e-01
2.9568483198e-01
2.9597350329e-01
2.9624680203e-01
2.9650466797e-01
2.9674707490e-01
2.9699689584e-01
2.9722789864e-01
2.9744016078e-01
2.9763379281e-01
2.9780485643e-01
2.9795849022e-01
2.9809488566e-01
2.9821426687e-01
2.9831078703e-01
2.9839288421e-01
2.9846083829e-01
2.9851496896e-01
2.9854938030e-01
2.9857491783e-01
2.9859183632e-01
2.9860041931e-01
2.9860148500e-01
2.9859752929e-01
2.9858874823e-01
2.9857535420e-01
2.9855938313e-01
2.9853998024e-01
2.9851734284e-01
2.9849168100e-01
2.9846488434e-01
2.9843578949e-01
2.9840460432e-01
2.9837154623e-01
2.9833777434e-01
2.9830265796e-01
2.9826641996e-01
2.9822928858e-01
2.9819516006e-01
2.9816066510e-01
2.9812597770e-01
2.9809127144e-01
2.9806010470e-01
2.9802918689e-01
2.9799863973e-01
2.9796858166e-01
2.9793566830e-01
2.9790366427e-01
2.9787271495e-01
2.9784295665e-01
2.9781839752e-01
2.9779488914e-01
2.9777250046e-01
2.9775129472e-01
2.9772929182e-01
2.9770887540e-01
2.9769010719e-01
2.9767304129e-01
2.9765602232e-01
2.9764124833e-01
2.9762876527e-01
2.9761861019e-01
2.9761145894e-01
2.9760624919e-01
2.9760299238e-01
2.9760169555e-01
2.9760235253e-01
2.9760494955e-01
2.9760948108e-01
2.9761593732e-01
2.9762444527e-01
2.9763490206e-01
2.9764728234e-01
2.9766155487e-01
2.9767620507e-01
2.9769236743e-01
2.9771000312e-01
2.9772906781e-01
2.9774935675e-01
2.9777094948e-01
2.9779378491e-01
2.9781779571e-01
2.9784324021e-01
2.9786973203e-01
2.9789718165e-01
2.9792549337e-01
2.9795537761e-01
2.9798594880e-01
2.9801708551e-01
2.9804866164e-01
2.9808454723e-01
2.9812063443e-01
2.9815673005e-01
2.9819263886e-01
2.9823486324e-01
2.9827621667e-01
2.9831637495e-01
2.9835502076e-01
2.9839011665e-01
2.9842330625e-01
2.9845434289e-01
2.9848299066e-01
2.9851279029e-01
2.9853878359e-01
2.9856066561e-01
2.9857815217e-01
2.9859425879e-01
2.9860138515e-01
2.9859900807e-01
2.9858666004e-01
2.9855518710e-01
2.9850551681e-01
2.9843697166e-01
2.9834897209e-01
2.9825039302e-01
2.9813459355e-01
2.9800128707e-01
2.9785022690e-01
2.9769197931e-01
2.9751773362e-01
2.9732736567e-01
2.9712077523e-01
2.9691259550e-01
2.9669008825e-01
2.9645323251e-01
2.9620203079e-01
2.9593224632e-01
2.9564775460e-01
2.9534865397e-01
2.9503508521e-01
2.9475858883e-01
2.9447201361e-01
2.9417553851e-01
2.9386937935e-01
2.9363039843e-01
2.9338610237e-01
2.9313663785e-01
2.9288216923e-01
2.9265921981e-01
2.9243282548e-01
2.9220312646e-01
2.9197027489e-01
2.9175644243e-01
2.9154028219e-01
2.9132193440e-01
2.9110154784e-01
2.9079784413e-01
2.9049106261e-01
2.9018165351e-01
2.8987009049e-01
2.8967241903e-01
2.8947421243e-01
2.8927559983e-01
2.8907671136e-01
2.8889731452e-01
2.8871789460e-01
2.8853854579e-01
2.8835936084e-01
2.8818640627e-01
2.8801376957e-01
2.8784152804e-01
2.8766975600e-01
2.8749068934e-01
2.8731229087e-01
2.8713463289e-01
2.8695778277e-01
2.8679243328e-01
2.8662789932e-01
2.8646422437e-01
2.8630144795e-01
2.8612084955e-01
2.8594145925e-01
2.8576331577e-01
2.8558645282e-01
2.8538997115e-01
2.8519516585e-01
2.8500206576e-01
2.8481069464e-01
2.8462831860e-01
2.8444757324e-01
2.8426846992e-01
2.8409101771e-01
2.8387941169e-01
2.8367022262e-01
2.8346345760e-01
2.8325912167e-01
2.8299414646e-01
2.8273338148e-01
2.8247682895e-01
2.8222448928e-01
2.8194074047e-01
2.8166251073e-01
2.8138979654e-01
2.8112259382e-01
2.8082410133e-01
2.8053278803e-01
2.8024864695e-01
2.7997167111e-01
2.7962244197e-01
2.7928528575e-01
2.7896018802e-01
2.7864713480e-01
2.7820217137e-01
2.7778397818e-01
2.7739251499e-01
2.7702774415e-01
2.7648191224e-01
2.7600914927e-01
2.7560933032e-01
2.7528234971e-01
2.7502812103e-01
2.7484657709e-01
2.7473766991e-01
2.7470137072e-01
