3.1297876714e-01
3.1297869701e-01
3.1297848665e-01
3.1297813618e-01
3.1297764579e-01
3.1297704031e-01
3.1297630514e-01
3.1297544066e-01
3.1297444729e-01
3.1297334914e-01
3.1297212820e-01
3.1297078507e-01
3.1296932040e-01
3.1296775406e-01
3.1296607044e-01
3.1296427032e-01
3.1296235457e-01
3.1296033398e-01
3.1295820071e-01
3.1295595576e-01
3.1295360020e-01
3.1295112726e-01
3.1294854532e-01
3.1294585560e-01
3.1294305941e-01
3.1294011090e-01
3.1293705533e-01
3.1293389422e-01
3.1293062914e-01
3.1292711621e-01
3.1292349397e-01
3.1291976439e-01
3.1291592951e-01
3.1291124829e-01
3.1290642556e-01
3.1290146507e-01
3.1289637066e-01
3.1289198770e-01
3.1288751535e-01
3.1288295609e-01
3.1287831245e-01
3.1287393264e-01
3.1286948459e-01
3.1286497043e-01
3.1286039235e-01
3.1285593990e-01
3.1285143259e-01
3.1284687245e-01
3.1284226152e-01
3.1283771638e-01
3.1283312684e-01
3.1282849489e-01
3.1282382253e-01
3.1281916226e-01
3.1281446641e-01
3.1280973698e-01
3.1280497599e-01
3.1280013652e-01
3.1279526905e-01
3.1279037574e-01
3.1278545875e-01
3.1278047805e-01
3.1277547772e-01
3.1277046002e-01
3.1276542724e-01
3.1276070546e-01
3.1275597436e-01
3.1275123583e-01
3.1274649178e-01
3.1274189259e-01
3.1273729176e-01
3.1273269103e-01
3.1272809214e-01
3.1272358213e-01
3.1271907724e-01
3.1271457915e-01
3.1271008950e-01
3.1270564899e-01
3.1270122003e-01
3.1269680425e-01
3.1269240327e-01
3.1268799614e-01
3.1268360723e-01
3.1267923817e-01
3.1267489059e-01
3.1267037517e-01
3.1266588678e-01
3.1266142727e-01
3.1265699847e-01
3.1265282797e-01
3.1264868828e-01
3.1264458093e-01
3.1264050743e-01
3.1263648748e-01
3.1263250408e-01
3.1262855869e-01
3.1262465277e-01
3.1262075159e-01
3.1261689359e-01
3.1261308022e-01
3.1260931294e-01
3.1260549313e-01
3.1260172498e-01
3.1259801001e-01
3.1259434969e-01
3.1259051356e-01
3.1258674286e-01
3.1258303930e-01
3.1257940460e-01
3.1257547050e-01
3.1257162471e-01
3.1256786939e-01
3.1256420666e-01
3.1256111102e-01
3.1255808769e-01
3.1255513794e-01
3.1255226302e-01
3.1254960700e-01
3.1254702040e-01
3.1254450418e-01
3.1254205932e-01
3.1253975636e-01
3.1253752229e-01
3.1253535790e-01
3.1253326398e-01
3.1253127672e-01
3.1252935887e-01
3.1252751108e-01
3.1252573401e-01
3.1252404361e-01
3.1252242382e-01
3.1252087520e-01
3.1251939827e-01
3.1251799566e-01
3.1251666552e-01
3.1251540828e-01
3.1251422439e-01
3.1251310707e-01
3.1251206488e-01
3.1251109818e-01
3.1251020731e-01
3.1250937828e-01
3.1250862851e-01
3.1250795828e-01
3.1250736784e-01
3.1250683735e-01
3.1250639404e-01
3.1250603810e-01
3.1250576965e-01
3.1250558526e-01
3.1250549319e-01
3.1250549347e-01
3.1250558610e-01
3.1250575787e-01
3.1250601155e-01
3.1250634705e-01
3.1250676424e-01
3.1250725098e-01
3.1250781549e-01
3.1250845758e-01
3.1250917702e-01
3.1250996560e-01
3.1251082955e-01
3.1251176856e-01
3.1251278232e-01
3.1251386939e-01
3.1251503033e-01
3.1251626476e-01
3.1251757224e-01
3.1251896198e-01
3.1252042484e-01
3.1252196031e-01
3.1252356786e-01
3.1252527328e-01
3.1252705182e-01
3.1252890285e-01
3.1253082571e-01
3.1253287462e-01
3.1253499780e-01
3.1253719445e-01
3.1253946376e-01
3.1254192165e-01
3.1254445755e-01
3.1254707041e-01
3.1254975916e-01
3.1255284927e-01
3.1255603099e-01
3.1255930270e-01
3.1256266272e-01
3.1256601003e-01
3.1256943745e-01
3.1257294333e-01
3.1257652599e-01
3.1257991440e-01
3.1258336591e-01
3.1258687910e-01
3.1259045252e-01
3.1259397376e-01
3.1259754889e-01
3.1260117653e-01
3.1260485529e-01
3.1260853509e-01
3.1261226193e-01
3.1261603441e-01
3.1261985112e-01
3.1262371193e-01
3.1262761414e-01
3.1263155629e-01
3.1263553693e-01
3.1263963770e-01
3.1264377542e-01
3.1264794852e-01
3.1265215538e-01
3.1265636621e-01
3.1266060717e-01
3.1266487666e-01
3.1266917307e-01
3.1267346584e-01
3.1267778198e-01
3.1268211991e-01
3.1268647802e-01
3.1269087796e-01
3.1269529503e-01
3.1269972760e-01
3.1270417403e-01
3.1270870274e-01
3.1271324233e-01
3.1271779107e-01
3.1272234726e-01
3.1272703671e-01
3.1273173033e-01
3.1273642625e-01
3.1274112262e-01
3.1274606950e-01
3.1275101263e-01
3.1275594987e-01
3.1276087907e-01
3.1276591663e-01
3.1277094121e-01
3.1277595053e-01
3.1278094231e-01
3.1278583068e-01
3.1279069781e-01
3.1279554157e-01
3.1280035987e-01
3.1280518470e-01
3.1280997948e-01
3.1281474214e-01
3.1281947060e-01
3.1282426644e-01
3.1282902225e-01
3.1283373588e-01
3.1283840522e-01
3.1284320733e-01
3.1284795705e-01
3.1285265211e-01
3.1285729025e-01
3.1286219088e-01
3.1286702104e-01
3.1287177809e-01
3.1287645944e-01
3.1288215661e-01
3.1288772870e-01
3.1289317111e-01
3.1289847933e-01
3.1290273847e-01
3.1290690166e-01
3.1291096661e-01
3.1291493107e-01
3.1291864061e-01
3.1292225365e-01
3.1292576837e-01
3.1292918299e-01
3.1293244411e-01
3.1293560505e-01
3.1293866426e-01
3.1294162028e-01
3.1294446026e-01
3.1294719511e-01
3.1294982353e-01
3.1295234427e-01
3.1295476537e-01
3.1295707557e-01
3.1295927378e-01
3.1296135894e-01
3.1296335112e-01
3.1296522578e-01
3.1296698200e-01
3.1296861893e-01
3.1297016436e-01
3.1297158417e-01
3.1297287765e-01
3.1297404415e-01
3.1297511956e-01
3.1297605708e-01
3.1297685620e-01
3.1297751650e-01
3.1297810415e-01
3.1297850702e-01
3.1297872483e-01
3.1297875740e-01
3.1297863581e-01
3.1297837518e-01
3.1297797564e-01
3.1297743742e-01
3.1297678559e-01
3.1297600477e-01
3.1297509535e-01
3.1297405778e-01
3.1297291597e-01
3.1297165191e-01
3.1297026619e-01
3.1296875950e-01
3.1296715113e-01
3.1296542590e-01
3.1296358464e-01
3.1296162822e-01
3.1295956621e-01
3.1295739187e-01
3.1295510623e-01
3.1295271036e-01
3.1295019543e-01
3.1294757176e-01
3.1294484061e-01
3.1294200331e-01
3.1293900952e-01
3.1293590879e-01
3.1293270265e-01
3.1292939272e-01
3.1292581644e-01
3.1292213010e-01
3.1291833572e-01
3.1291443541e-01
3.1290944721e-01
3.1290430326e-01
3.1289900800e-01
3.1289356601e-01
3.1288919891e-01
3.1288474682e-01
3.1288021214e-01
3.1287559730e-01
3.1287120608e-01
3.1286674886e-01
3.1286222777e-01
3.1285764495e-01
3.1285317787e-01
3.1284865762e-01
3.1284408624e-01
3.1283946576e-01
3.1283490308e-01
3.1283029742e-01
3.1282565075e-01
3.1282096507e-01
3.1281627953e-01
3.1281155960e-01
3.1280680728e-01
3.1280202463e-01
3.1279715360e-01
3.1279225573e-01
3.1278733321e-01
3.1278238822e-01
3.1277746223e-01
3.1277251847e-01
3.1276755912e-01
3.1276258637e-01
3.1275788427e-01
3.1275317407e-01
3.1274845763e-01
3.1274373684e-01
3.1273915123e-01
3.1273456501e-01
3.1272997992e-01
3.1272539769e-01
3.1272089819e-01
3.1271640478e-01
3.1271191913e-01
3.1270744288e-01
3.1270300947e-01
3.1269858858e-01
3.1269418183e-01
3.1268979084e-01
3.1268539018e-01
3.1268100874e-01
3.1267664816e-01
3.1267231007e-01
3.1266790953e-01
3.1266353580e-01
3.1265919060e-01
3.1265487563e-01
3.1265072556e-01
3.1264660700e-01
3.1264252146e-01
3.1263847047e-01
3.1263446617e-01
3.1263049922e-01
3.1262657107e-01
3.1262268318e-01
3.1261879330e-01
3.1261494757e-01
3.1261114745e-01
3.1260739440e-01
3.1260357573e-01
3.1259981017e-01
3.1259609926e-01
3.1259244450e-01
3.1258860304e-01
3.1258482920e-01
3.1258112475e-01
3.1257749142e-01
3.1257369993e-01
3.1256999317e-01
3.1256637310e-01
3.1256284166e-01
3.1255979929e-01
3.1255682874e-01
3.1255393124e-01
3.1255110800e-01
3.1254849183e-01
3.1254594495e-01
3.1254346833e-01
3.1254106291e-01
3.1253879459e-01
3.1253659517e-01
3.1253446545e-01
3.1253240620e-01
3.1253045103e-01
3.1252856536e-01
3.1252674986e-01
3.1252500515e-01
3.1252334552e-01
3.1252175667e-01
3.1252023915e-01
3.1251879348e-01
3.1251742112e-01
3.1251612148e-01
3.1251489498e-01
3.1251374206e-01
3.1251265503e-01
3.1251164350e-01
3.1251070782e-01
3.1250984832e-01
3.1250905011e-01
3.1250833182e-01
3.1250769371e-01
3.1250713602e-01
3.1250663894e-01
3.1250623027e-01
3.1250591015e-01
3.1250567873e-01
3.1250553518e-01
3.1250548212e-01
3.1250551956e-01
3.1250564750e-01
3.1250585254e-01
3.1250613896e-01
3.1250650664e-01
3.1250695546e-01
3.1250747351e-01
3.1250806905e-01
3.1250874186e-01
3.1250949171e-01
3.1251031093e-01
3.1251120532e-01
3.1251217460e-01
3.1251321842e-01
3.1251433623e-01
3.1251552783e-01
3.1251679279e-01
3.1251813068e-01
3.1251955202e-01
3.1252104644e-01
3.1252261343e-01
3.1252425243e-01
3.1252599150e-01
3.1252780376e-01
3.1252968856e-01
3.1253164521e-01
3.1253373245e-01
3.1253589420e-01
3.1253812967e-01
3.1254043799e-01
3.1254294844e-01
3.1254553778e-01
3.1254820493e-01
3.1255094876e-01
3.1255412993e-01
3.1255740526e-01
3.1256077301e-01
3.1256423139e-01
3.1256757816e-01
3.1257100251e-01
3.1257450282e-01
3.1257807746e-01
3.1258147874e-01
3.1258494189e-01
3.1258846549e-01
3.1259204810e-01
3.1259558513e-01
3.1259917517e-01
3.1260281684e-01
3.1260650873e-01
3.1261020692e-01
3.1261395145e-01
3.1261774093e-01
3.1262157393e-01
3.1262545636e-01
3.1262937960e-01
3.1263334220e-01
3.1263734267e-01
3.1264148123e-01
3.1264565642e-01
3.1264986661e-01
3.1265411017e-01
3.1265832964e-01
3.1266257843e-01
3.1266685493e-01
3.1267115754e-01
3.1267546062e-01
3.1267978634e-01
3.1268413309e-01
3.1268849928e-01
3.1269291240e-01
3.1269734193e-01
3.1270178625e-01
3.1270624369e-01
3.1271078820e-01
3.1271534284e-01
3.1271990588e-01
3.1272447560e-01
3.1272918594e-01
3.1273389962e-01
3.1273861477e-01
3.1274332949e-01
3.1274832002e-01
3.1275330574e-01
3.1275828444e-01
3.1276325391e-01
3.1276827087e-01
3.1277327387e-01
3.1277826064e-01
3.1278322894e-01
3.1278810485e-01
3.1279295856e-01
3.1279778795e-01
3.1280259094e-01
3.1280740989e-01
3.1281219774e-01
3.1281695239e-01
3.1282167176e-01
3.1282646521e-01
3.1283121736e-01
3.1283592607e-01
3.1284058920e-01
3.1284539417e-01
3.1285014511e-01
3.1285483972e-01
3.1285947571e-01
3.1286441522e-01
3.1286928094e-01
3.1287407017e-01
3.1287878021e-01
3.1288413428e-01
3.1288937457e-01
3.1289449720e-01
3.1289949837e-01
3.1290371835e-01
3.1290784261e-01
3.1291186888e-01
3.1291579497e-01
3.1291947714e-01
3.1292306266e-01
3.1292654974e-01
3.1292993662e-01
3.1293317312e-01
3.1293630919e-01
3.1293934333e-01
3.1294227405e-01
3.1294509051e-01
3.1294780152e-01
3.1295040579e-01
3.1295290209e-01
3.1295529926e-01
3.1295758519e-01
3.1295975877e-01
3.1296181897e-01
3.1296378641e-01
3.1296563590e-01
3.1296736654e-01
3.1296897749e-01
3.1297049691e-01
3.1297189017e-01
3.1297315657e-01
3.1297429546e-01
3.1297534089e-01
3.1297624812e-01
3.1297701666e-01
3.1297764609e-01
3.1297813635e-01
3.1297848673e-01
3.1297869702e-01
3.1297876714e-01
