0.0000000000e+00
9.0081851863e-03
1.8016370373e-02
2.7024555559e-02
3.6032740745e-02
4.0740090310e-02
4.5447439875e-02
5.0154789440e-02
5.4862139005e-02
5.7859751611e-02
6.0857364216e-02
6.3854976821e-02
6.6852589426e-02
6.8947103371e-02
7.1041617316e-02
7.3136131260e-02
7.5230645205e-02
7.6808841579e-02
7.8387037953e-02
7.9965234328e-02
8.1543430702e-02
8.2815924740e-02
8.4088418778e-02
8.5360912816e-02
8.6633406854e-02
8.7749208216e-02
8.8865009578e-02
8.9980810939e-02
9.1096612301e-02
9.2250764909e-02
9.3404917518e-02
9.4559070126e-02
9.5713222734e-02
9.6545133537e-02
9.7377044340e-02
9.8208955142e-02
9.9040865945e-02
9.9670553766e-02
1.0030024159e-01
1.0092992941e-01
1.0155961723e-01
1.0216924333e-01
1.0277886943e-01
1.0338849553e-01
1.0399812163e-01
1.0463782586e-01
1.0527753010e-01
1.0591723434e-01
1.0655693857e-01
1.0707378259e-01
1.0759062660e-01
1.0810747061e-01
1.0862431463e-01
1.0919294662e-01
1.0976157861e-01
1.1033021060e-01
1.1089884259e-01
1.1148563790e-01
1.1207243322e-01
1.1265922853e-01
1.1324602385e-01
1.1383586792e-01
1.1442571199e-01
1.1501555607e-01
1.1560540014e-01
1.1627951995e-01
1.1695363977e-01
1.1762775958e-01
1.1830187940e-01
1.1897915399e-01
1.1965642858e-01
1.2033370317e-01
1.2101097776e-01
1.2172923699e-01
1.2244749622e-01
1.2316575545e-01
1.2388401468e-01
1.2472652854e-01
1.2556904240e-01
1.2641155627e-01
1.2725407013e-01
1.2831619009e-01
1.2937831005e-01
1.3044043001e-01
1.3150254998e-01
1.3281757770e-01
1.3413260543e-01
1.3544763316e-01
1.3676266089e-01
1.3816131767e-01
1.3955997444e-01
1.4095863122e-01
1.4235728800e-01
1.4387533763e-01
1.4539338727e-01
1.4691143691e-01
1.4842948655e-01
1.5022601462e-01
1.5202254268e-01
1.5381907074e-01
1.5561559881e-01
1.5786467019e-01
1.6011374156e-01
1.6236281294e-01
1.6461188432e-01
1.6730384748e-01
1.6999581065e-01
1.7268777381e-01
1.7537973698e-01
1.7817167634e-01
1.8096361570e-01
1.8375555506e-01
1.8654749441e-01
1.8908375881e-01
1.9162002320e-01
1.9415628760e-01
1.9669255199e-01
1.9881330271e-01
2.0093405342e-01
2.0305480414e-01
2.0517555485e-01
2.0689785351e-01
2.0862015216e-01
2.1034245082e-01
2.1206474948e-01
2.1360671441e-01
2.1514867935e-01
2.1669064428e-01
2.1823260922e-01
2.1967702772e-01
2.2112144622e-01
2.2256586472e-01
2.2401028322e-01
2.2534841274e-01
2.2668654226e-01
2.2802467179e-01
2.2936280131e-01
2.3058276193e-01
2.3180272255e-01
2.3302268318e-01
2.3424264380e-01
2.3549838028e-01
2.3675411677e-01
2.3800985326e-01
2.3926558975e-01
2.4050511364e-01
2.4174463754e-01
2.4298416144e-01
2.4422368533e-01
2.4539205091e-01
2.4656041648e-01
2.4772878206e-01
2.4889714764e-01
2.5008216125e-01
2.5126717487e-01
2.5245218848e-01
2.5363720210e-01
2.5481672417e-01
2.5599624624e-01
2.5717576832e-01
2.5835529039e-01
2.5954819682e-01
2.6074110326e-01
2.6193400969e-01
2.6312691612e-01
2.6438428876e-01
2.6564166140e-01
2.6689903404e-01
2.6815640667e-01
2.6954898266e-01
2.7094155865e-01
2.7233413464e-01
2.7372671062e-01
2.7525038178e-01
2.7677405294e-01
2.7829772409e-01
2.7982139525e-01
2.8149020793e-01
2.8315902062e-01
2.8482783331e-01
2.8649664599e-01
2.8863018616e-01
2.9076372633e-01
2.9289726650e-01
2.9503080667e-01
2.9789047753e-01
3.0075014839e-01
3.0360981924e-01
3.0646949010e-01
3.0922594386e-01
3.1198239763e-01
3.1473885139e-01
3.1749530516e-01
3.2020540462e-01
3.2291550408e-01
3.2562560354e-01
3.2833570300e-01
3.3049054006e-01
3.3264537711e-01
3.3480021417e-01
3.3695505122e-01
3.3874977600e-01
3.4054450078e-01
3.4233922556e-01
3.4413395034e-01
3.4568221299e-01
3.4723047563e-01
3.4877873828e-01
3.5032700093e-01
3.5172343818e-01
3.5311987544e-01
3.5451631270e-01
3.5591274995e-01
3.5727177673e-01
3.5863080350e-01
3.5998983027e-01
3.6134885704e-01
3.6253907420e-01
3.6372929136e-01
3.6491950852e-01
3.6610972568e-01
3.6709704921e-01
3.6808437274e-01
3.6907169626e-01
3.7005901979e-01
3.7085511239e-01
3.7165120499e-01
3.7244729759e-01
3.7324339019e-01
3.7394846648e-01
3.7465354276e-01
3.7535861905e-01
3.7606369534e-01
3.7676141101e-01
3.7745912668e-01
3.7815684236e-01
3.7885455803e-01
3.7948036318e-01
3.8010616834e-01
3.8073197349e-01
3.8135777864e-01
3.8193187182e-01
3.8250596501e-01
3.8308005819e-01
3.8365415137e-01
3.8417251843e-01
3.8469088549e-01
3.8520925256e-01
3.8572761962e-01
3.8627043722e-01
3.8681325483e-01
3.8735607244e-01
3.8789889004e-01
3.8840767004e-01
3.8891645003e-01
3.8942523003e-01
3.8993401002e-01
3.9046901405e-01
3.9100401807e-01
3.9153902210e-01
3.9207402612e-01
3.9268748532e-01
3.9330094452e-01
3.9391440371e-01
3.9452786291e-01
3.9512813170e-01
3.9572840049e-01
3.9632866928e-01
3.9692893807e-01
3.9764340435e-01
3.9835787063e-01
3.9907233690e-01
3.9978680318e-01
4.0080765331e-01
4.0182850343e-01
4.0284935356e-01
4.0387020369e-01
4.0497740538e-01
4.0608460707e-01
4.0719180876e-01
4.0829901045e-01
4.0959560954e-01
4.1089220863e-01
4.1218880771e-01
4.1348540680e-01
4.1526953776e-01
4.1705366871e-01
4.1883779966e-01
4.2062193062e-01
4.2365960479e-01
4.2669727896e-01
4.2973495314e-01
4.3277262731e-01
4.3976551022e-01
4.4675839312e-01
4.5375127602e-01
4.6074415893e-01
4.7409434395e-01
4.8744452898e-01
5.0079471400e-01
5.1414489903e-01
5.2132560189e-01
5.2850630475e-01
5.3568700761e-01
5.4286771047e-01
5.4691444369e-01
5.5096117690e-01
5.5500791011e-01
5.5905464332e-01
5.6171979578e-01
5.6438494824e-01
5.6705010071e-01
5.6971525317e-01
5.7162673561e-01
5.7353821805e-01
5.7544970049e-01
5.7736118294e-01
5.7882983281e-01
5.8029848268e-01
5.8176713255e-01
5.8323578242e-01
5.8443889048e-01
5.8564199853e-01
5.8684510659e-01
5.8804821465e-01
5.8913376671e-01
5.9021931878e-01
5.9130487085e-01
5.9239042291e-01
5.9336818659e-01
5.9434595027e-01
5.9532371394e-01
5.9630147762e-01
5.9706235332e-01
5.9782322903e-01
5.9858410473e-01
5.9934498044e-01
5.9996083027e-01
6.0057668010e-01
6.0119252993e-01
6.0180837976e-01
6.0239292283e-01
6.0297746589e-01
6.0356200895e-01
6.0414655202e-01
6.0474252665e-01
6.0533850127e-01
6.0593447590e-01
6.0653045053e-01
6.0706131488e-01
6.0759217924e-01
6.0812304359e-01
6.0865390794e-01
6.0915696492e-01
6.0966002190e-01
6.1016307888e-01
6.1066613585e-01
6.1121854211e-01
6.1177094837e-01
6.1232335463e-01
6.1287576089e-01
6.1340058826e-01
6.1392541563e-01
6.1445024301e-01
6.1497507038e-01
6.1560427737e-01
6.1623348437e-01
6.1686269136e-01
6.1749189836e-01
6.1822543548e-01
6.1895897260e-01
6.1969250972e-01
6.2042604684e-01
6.2112596813e-01
6.2182588942e-01
6.2252581071e-01
6.2322573200e-01
6.2403103172e-01
6.2483633145e-01
6.2564163117e-01
6.2644693090e-01
6.2744945168e-01
6.2845197245e-01
6.2945449323e-01
6.3045701401e-01
6.3168819917e-01
6.3291938432e-01
6.3415056948e-01
6.3538175464e-01
6.3676174166e-01
6.3814172869e-01
6.3952171572e-01
6.4090170275e-01
6.4236666124e-01
6.4383161972e-01
6.4529657821e-01
6.4676153670e-01
6.4846826511e-01
6.5017499353e-01
6.5188172195e-01
6.5358845037e-01
6.5569776945e-01
6.5780708853e-01
6.5991640761e-01
6.6202572669e-01
6.6464038599e-01
6.6725504528e-01
6.6986970457e-01
6.7248436386e-01
6.7529195792e-01
6.7809955199e-01
6.8090714605e-01
6.8371474012e-01
6.8645245938e-01
6.8919017864e-01
6.9192789790e-01
6.9466561715e-01
6.9692140285e-01
6.9917718855e-01
7.0143297425e-01
7.0368875995e-01
7.0551175860e-01
7.0733475725e-01
7.0915775590e-01
7.1098075455e-01
7.1253451743e-01
7.1408828031e-01
7.1564204319e-01
7.1719580607e-01
7.1870436955e-01
7.2021293303e-01
7.2172149651e-01
7.2323005999e-01
7.2455516574e-01
7.2588027149e-01
7.2720537724e-01
7.2853048298e-01
7.2973897184e-01
7.3094746070e-01
7.3215594956e-01
7.3336443842e-01
7.3453600004e-01
7.3570756166e-01
7.3687912328e-01
7.3805068489e-01
7.3926422214e-01
7.4047775940e-01
7.4169129665e-01
7.4290483390e-01
7.4405870037e-01
7.4521256683e-01
7.4636643330e-01
7.4752029976e-01
7.4867543284e-01
7.4983056591e-01
7.5098569899e-01
7.5214083206e-01
7.5338344026e-01
7.5462604846e-01
7.5586865666e-01
7.5711126486e-01
7.5828745942e-01
7.5946365397e-01
7.6063984853e-01
7.6181604309e-01
7.6309151805e-01
7.6436699302e-01
7.6564246798e-01
7.6691794295e-01
7.6835647019e-01
7.6979499743e-01
7.7123352467e-01
7.7267205191e-01
7.7418480851e-01
7.7569756512e-01
7.7721032173e-01
7.7872307833e-01
7.8037659046e-01
7.8203010259e-01
7.8368361472e-01
7.8533712684e-01
7.8752454130e-01
7.8971195575e-01
7.9189937020e-01
7.9408678465e-01
7.9681258137e-01
7.9953837808e-01
8.0226417480e-01
8.0498997151e-01
8.0781744655e-01
8.1064492158e-01
8.1347239661e-01
8.1629987164e-01
8.1896195401e-01
8.2162403638e-01
8.2428611875e-01
8.2694820113e-01
8.2917821290e-01
8.3140822467e-01
8.3363823644e-01
8.3586824821e-01
8.3770846498e-01
8.3954868174e-01
8.4138889851e-01
8.4322911527e-01
8.4480850045e-01
8.4638788563e-01
8.4796727081e-01
8.4954665599e-01
8.5095671806e-01
8.5236678013e-01
8.5377684220e-01
8.5518690428e-01
8.5676466703e-01
8.5834242978e-01
8.5992019253e-01
8.6149795528e-01
8.6276728020e-01
8.6403660512e-01
8.6530593003e-01
8.6657525495e-01
8.6753378625e-01
8.6849231755e-01
8.6945084884e-01
8.7040938014e-01
8.7120011592e-01
8.7199085171e-01
8.7278158749e-01
8.7357232328e-01
8.7427363227e-01
8.7497494126e-01
8.7567625025e-01
8.7637755924e-01
8.7710688978e-01
8.7783622033e-01
8.7856555087e-01
8.7929488142e-01
8.7992676519e-01
8.8055864897e-01
8.8119053274e-01
8.8182241652e-01
8.8237638876e-01
8.8293036101e-01
8.8348433326e-01
8.8403830551e-01
8.8455281893e-01
8.8506733235e-01
8.8558184577e-01
8.8609635919e-01
8.8662611522e-01
8.8715587125e-01
8.8768562728e-01
8.8821538331e-01
8.8872297683e-01
8.8923057035e-01
8.8973816387e-01
8.9024575739e-01
8.9080190854e-01
8.9135805969e-01
8.9191421084e-01
8.9247036199e-01
8.9307110419e-01
8.9367184638e-01
8.9427258858e-01
8.9487333078e-01
8.9547650168e-01
8.9607967258e-01
8.9668284349e-01
8.9728601439e-01
8.9803637211e-01
8.9878672984e-01
8.9953708756e-01
9.0028744529e-01
9.0148044562e-01
9.0267344595e-01
9.0386644628e-01
9.0505944662e-01
9.0620187394e-01
9.0734430126e-01
9.0848672858e-01
9.0962915590e-01
9.1100256100e-01
9.1237596610e-01
9.1374937120e-01
9.1512277631e-01
9.1707308237e-01
9.1902338844e-01
9.2097369451e-01
9.2292400058e-01
9.2635155697e-01
9.2977911336e-01
9.3320666975e-01
9.3663422615e-01
9.4450477247e-01
9.5237531879e-01
9.6024586511e-01
9.6811641143e-01
9.7608730857e-01
9.8405820572e-01
9.9202910286e-01
1.0000000000e+00
