2.1887720698e-10
1.3128032214e-10
6.3993451303e-10
2.1747867485e-09
1.5487711291e-08
4.2226980200e-08
1.1133967524e-07
2.9280580680e-07
7.9312362331e-07
1.5006368587e-06
2.8265823085e-06
5.3237042861e-06
1.0059134430e-05
1.5877969384e-05
2.5041988958e-05
3.9494532614e-05
6.2326361057e-05
8.8159364962e-05
1.2467278401e-04
1.7630570641e-04
2.4935580340e-04
3.2826068964e-04
4.3209406958e-04
5.6874832739e-04
7.4861896007e-04
9.4100244276e-04
1.1827259078e-03
1.4864298646e-03
1.8679781499e-03
2.2770982875e-03
2.7754885058e-03
3.3825105742e-03
4.1216609311e-03
4.9449393692e-03
5.9314307428e-03
7.1130080811e-03
8.5275439274e-03
1.0200031868e-02
1.2195557231e-02
1.4574461907e-02
1.7407445052e-02
2.0100036236e-02
2.3197001949e-02
2.6755071414e-02
3.0837580428e-02
3.4466822368e-02
3.8502029991e-02
4.2983337821e-02
4.7953523781e-02
5.2765344609e-02
5.8022670816e-02
6.3758857527e-02
7.0008087754e-02
7.6604269776e-02
8.3749387598e-02
9.1474808216e-02
9.9810878582e-02
1.0927817736e-01
1.1948477065e-01
1.3045729427e-01
1.4221730883e-01
1.5319092260e-01
1.6478791537e-01
1.7700909197e-01
1.8984982555e-01
2.0223468068e-01
2.1512493835e-01
2.2850307122e-01
2.4234690976e-01
2.5715815680e-01
2.7240609583e-01
2.8805122387e-01
3.0404979599e-01
3.2090351352e-01
3.3802826730e-01
3.5536590710e-01
3.7285671438e-01
3.8955798086e-01
4.0629141016e-01
4.2300644035e-01
4.3965403861e-01
4.5853281014e-01
4.7719630658e-01
4.9558362403e-01
5.1363938503e-01
5.3226109618e-01
5.5040860526e-01
5.6803864264e-01
5.8511522460e-01
6.0427135479e-01
6.2260293799e-01
6.4008649556e-01
6.5670853138e-01
6.7180705237e-01
6.8611458938e-01
6.9963913762e-01
7.1239335882e-01
7.2511852437e-01
7.3701667399e-01
7.4811463230e-01
7.5844160067e-01
7.6906691892e-01
7.7881970882e-01
7.8774503575e-01
7.9588818163e-01
8.0516276164e-01
8.1334083843e-01
8.2050903236e-01
8.2675010256e-01
8.3291217601e-01
8.3805306122e-01
8.4227741753e-01
8.4568136149e-01
8.4876768666e-01
8.5095983007e-01
8.5237416245e-01
8.5311371924e-01
8.5327172058e-01
8.5294726971e-01
8.5220607364e-01
8.5110587296e-01
8.4958855645e-01
8.4777225812e-01
8.4570395176e-01
8.4342433810e-01
8.4066585169e-01
8.3772904311e-01
8.3465000938e-01
8.3145943338e-01
8.2766272086e-01
8.2378530876e-01
8.1985539269e-01
8.1589636611e-01
8.1113375073e-01
8.0638443222e-01
8.0167060244e-01
7.9701019253e-01
7.9121997437e-01
7.8556160635e-01
7.8005381935e-01
7.7471173431e-01
7.6756538204e-01
7.6079342322e-01
7.5442038122e-01
7.4846844354e-01
7.4091119687e-01
7.3426886497e-01
7.2859517621e-01
7.2394109275e-01
7.2047098350e-01
7.1802095781e-01
7.1661686946e-01
7.1627417744e-01
7.1701765373e-01
7.1885321394e-01
7.2176025497e-01
7.2570775702e-01
7.2987016369e-01
7.3473375093e-01
7.4026855794e-01
7.4644339240e-01
7.5099104485e-01
7.5580959713e-01
7.6088851821e-01
7.6621674775e-01
7.7071862343e-01
7.7537004926e-01
7.8016312596e-01
7.8508873858e-01
7.8931964087e-01
7.9362895184e-01
7.9800771642e-01
8.0244518882e-01
8.0630623117e-01
8.1019135247e-01
8.1408870178e-01
8.1798412986e-01
8.2140304598e-01
8.2479370150e-01
8.2813998387e-01
8.3142295140e-01
8.3431196296e-01
8.3711236957e-01
8.3980209991e-01
8.4235559160e-01
8.4458954751e-01
8.4665153416e-01
8.4850983820e-01
8.5012813805e-01
8.5144172910e-01
8.5244008050e-01
8.5307225819e-01
8.5328030940e-01
8.5302317323e-01
8.5225560282e-01
8.5090491089e-01
8.4888953315e-01
8.4659846326e-01
8.4370563301e-01
8.4014430497e-01
8.3584179780e-01
8.3164478410e-01
8.2683271025e-01
8.2135403489e-01
8.1515432345e-01
8.0919749047e-01
8.0262625134e-01
7.9540144515e-01
7.8748294324e-01
7.7960413949e-01
7.7108033256e-01
7.6188022311e-01
7.5197296925e-01
7.4164605563e-01
7.3059764725e-01
7.1880328127e-01
7.0624082614e-01
6.9272710153e-01
6.7839119459e-01
6.6322193034e-01
6.4721386756e-01
6.3234974143e-01
6.1683556902e-01
6.0068268254e-01
5.8390837335e-01
5.6730088553e-01
5.5017319245e-01
5.3255838414e-01
5.1449602362e-01
4.9863036347e-01
4.8250077546e-01
4.6614418146e-01
4.4960090161e-01
4.3259242394e-01
4.1548433510e-01
3.9832831604e-01
3.8117807696e-01
3.6389202065e-01
3.4672606902e-01
3.2973776685e-01
3.1298362923e-01
2.9736786898e-01
2.8205594402e-01
2.6708925178e-01
2.5250581205e-01
2.3678077501e-01
2.2161268649e-01
2.0703551911e-01
1.9307617998e-01
1.7808451125e-01
1.6392307619e-01
1.5059915769e-01
1.3811033496e-01
1.2724128031e-01
1.1706941329e-01
1.0757537248e-01
9.8735969467e-02
9.0155773576e-02
8.2231421714e-02
7.4928468302e-02
6.8211412618e-02
6.0977966632e-02
5.4454021690e-02
4.8582019665e-02
4.3306474652e-02
3.7393304854e-02
3.2253398657e-02
2.7794568827e-02
2.3933213116e-02
1.9994766774e-02
1.6690815836e-02
1.3923291721e-02
1.1607967750e-02
9.6086446665e-03
7.9503403885e-03
6.5759163504e-03
5.4374680708e-03
4.3577492059e-03
3.4915655708e-03
2.7969627183e-03
2.2401207100e-03
1.6955210332e-03
1.2831786660e-03
9.7099684374e-04
7.3464928300e-04
4.9919022087e-04
3.3925782213e-04
2.3055039611e-04
1.5661414507e-04
8.3283677614e-05
4.4423427985e-05
2.3693254999e-05
1.2582222461e-05
3.1446600091e-06
9.1412068103e-07
2.5560871784e-07
7.6304975645e-08
-2.9941070427e-10
3.9422274862e-09
-4.4002514509e-10
3.0191101814e-09
1.6402162945e-09
4.3202618802e-09
1.5089886113e-08
6.9066676899e-08
1.6247149087e-07
3.7542370215e-07
8.6688587184e-07
2.0288368095e-06
3.5788609972e-06
6.2973083049e-06
1.1080262100e-05
1.9531378497e-05
2.9542814012e-05
4.4663311511e-05
6.7521862679e-05
1.0211721305e-04
1.4061795663e-04
1.9360510344e-04
2.6655198371e-04
3.6701106155e-04
4.7498424883e-04
6.1467163501e-04
7.9539927925e-04
1.0292354727e-03
1.2789794999e-03
1.5891773955e-03
1.9744274364e-03
2.4528265349e-03
2.9671799787e-03
3.5888877669e-03
4.3401694809e-03
5.2477484560e-03
6.2998708492e-03
7.5609319399e-03
9.0716139778e-03
1.0880145205e-02
1.2784668542e-02
1.5016343389e-02
1.7629057087e-02
2.0684672732e-02
2.3662822379e-02
2.7055129443e-02
3.0914696786e-02
3.5300033925e-02
3.9218631402e-02
4.3547633941e-02
4.8324250123e-02
5.3587700452e-02
5.8798246447e-02
6.4471403958e-02
7.0639239445e-02
7.7334201333e-02
8.4717263975e-02
9.2712723938e-02
1.0135293588e-01
1.1066830903e-01
1.2036412906e-01
1.3074172144e-01
1.4181888217e-01
1.5360848201e-01
1.6513458284e-01
1.7727504474e-01
1.9002520331e-01
2.0337470710e-01
2.1620806635e-01
2.2952018998e-01
2.4328905338e-01
2.5748820876e-01
2.7356406510e-01
2.9007671558e-01
3.0697463209e-01
3.2420190146e-01
3.4083240327e-01
3.5765363262e-01
3.7461115360e-01
3.9165008984e-01
4.0858346376e-01
4.2549099023e-01
4.4232214570e-01
4.5902865370e-01
4.7763355183e-01
4.9596243511e-01
5.1396053257e-01
5.3157887162e-01
5.5064598010e-01
5.6914170212e-01
5.8702466663e-01
6.0426197924e-01
6.2176381154e-01
6.3849507228e-01
6.5444349752e-01
6.6960420601e-01
6.8408625452e-01
6.9777750129e-01
7.1069013124e-01
7.2284037823e-01
7.3503518477e-01
7.4640465182e-01
7.5697873077e-01
7.6678927111e-01
7.7709296937e-01
7.8649611892e-01
7.9504935782e-01
8.0280301781e-01
8.1180634195e-01
8.1963717932e-01
8.2639730414e-01
8.3218287453e-01
8.3776783762e-01
8.4230186282e-01
8.4590204463e-01
8.4867469711e-01
8.5082391040e-01
8.5224820088e-01
8.5303988973e-01
8.5328086543e-01
8.5303029626e-01
8.5234293250e-01
8.5127976864e-01
8.4989425321e-01
8.4808644464e-01
8.4600745935e-01
8.4370180809e-01
8.4120790759e-01
8.3821191245e-01
8.3505914904e-01
8.3178399125e-01
8.2841551226e-01
8.2440246901e-01
8.2032832030e-01
8.1621996034e-01
8.1209956678e-01
8.0711312133e-01
8.0216222201e-01
7.9726817779e-01
7.9244812072e-01
7.8638755693e-01
7.8049525390e-01
7.7479003403e-01
7.6928726860e-01
7.6145772572e-01
7.5414788165e-01
7.4739128391e-01
7.4121938024e-01
7.3525652783e-01
7.3004587647e-01
7.2562335489e-01
7.2202232328e-01
7.1931532376e-01
7.1745092287e-01
7.1644549109e-01
7.1630814800e-01
7.1722102984e-01
7.1926673621e-01
7.2242155836e-01
7.2665088894e-01
7.3069884079e-01
7.3535968151e-01
7.4060844701e-01
7.4641928737e-01
7.5096335949e-01
7.5577815308e-01
7.6085315346e-01
7.6617731942e-01
7.7067753313e-01
7.7532734408e-01
7.8011886370e-01
7.8504299160e-01
7.8927316255e-01
7.9358183736e-01
7.9796007705e-01
8.0239715617e-01
8.0625815072e-01
8.1014336248e-01
8.1404096323e-01
8.1793683113e-01
8.2135626873e-01
8.2474764535e-01
8.2809488062e-01
8.3137907068e-01
8.3426909984e-01
8.3707084168e-01
8.3976227733e-01
8.4231790528e-01
8.4455336674e-01
8.4661752405e-01
8.4847878382e-01
8.5010096395e-01
8.5141515047e-01
8.5241777616e-01
8.5305869860e-01
8.5328089400e-01
8.5304388366e-01
8.5230479119e-01
8.5099247403e-01
8.4902714034e-01
8.4673411476e-01
8.4382314764e-01
8.4022447908e-01
8.3586202088e-01
8.3168108965e-01
8.2688906356e-01
8.2143487612e-01
8.1526459974e-01
8.0931927211e-01
8.0276027220e-01
7.9554845884e-01
7.8764371798e-01
7.7973502576e-01
7.7117500006e-01
7.6193183961e-01
7.5197420628e-01
7.4149291864e-01
7.3026876102e-01
7.1827624292e-01
7.0549236253e-01
6.9069010538e-01
6.7491113996e-01
6.5814239033e-01
6.4037916638e-01
6.2565335534e-01
6.1031804918e-01
5.9438587753e-01
5.7787498406e-01
5.6148063452e-01
5.4460075037e-01
5.2726807967e-01
5.0952130059e-01
4.9367365376e-01
4.7757640171e-01
4.6126678836e-01
4.4478530687e-01
4.2750756736e-01
4.1014301874e-01
3.9274622137e-01
3.7537367336e-01
3.5840950930e-01
3.4157924121e-01
3.2493735989e-01
3.0853714573e-01
2.9303883209e-01
2.7785481768e-01
2.6302532338e-01
2.4858708778e-01
2.3270746289e-01
2.1741597298e-01
2.0274650316e-01
1.8872530077e-01
1.7097143432e-01
1.5444017102e-01
1.3913399862e-01
1.2503622522e-01
1.1497850850e-01
1.0559818281e-01
9.6871120588e-02
8.8770324394e-02
8.0611084429e-02
7.3123058321e-02
6.6265501788e-02
5.9997376328e-02
5.2961879944e-02
4.6699164584e-02
4.1136313735e-02
3.6204465128e-02
3.0808817054e-02
2.6190090120e-02
2.2244094706e-02
1.8878378400e-02
1.5775756025e-02
1.3174681341e-02
1.0996602361e-02
9.1744729591e-03
7.5327446244e-03
6.1826058279e-03
5.0729530149e-03
4.1614027245e-03
3.2876799623e-03
2.5968753678e-03
2.0508580049e-03
1.6193749990e-03
1.1953311992e-03
8.8227741408e-04
6.5114613818e-04
4.8048035714e-04
3.1092755615e-04
2.0129087508e-04
1.3030672067e-04
8.4297614281e-05
4.0007919540e-05
1.9120750516e-05
9.1358438866e-06
4.3226187806e-06
7.9186080022e-07
2.1476294903e-07
4.8616010006e-08
2.2879130414e-08
4.1878661429e-09
1.1415165076e-09
2.7901889108e-10
2.4236509509e-10
