0.0000000000e+00
9.3621447942e-03
1.8724289588e-02
2.8086434383e-02
3.7448579177e-02
4.2491517874e-02
4.7534456571e-02
5.2577395268e-02
5.7620333965e-02
6.0846979134e-02
6.4073624304e-02
6.7300269473e-02
7.0526914642e-02
7.2836307479e-02
7.5145700316e-02
7.7455093153e-02
7.9764485989e-02
8.1519588001e-02
8.3274690013e-02
8.5029792024e-02
8.6784894036e-02
8.8174428373e-02
8.9563962711e-02
9.0953497048e-02
9.2343031386e-02
9.3499625894e-02
9.4656220402e-02
9.5812814910e-02
9.6969409418e-02
9.7973278475e-02
9.8977147532e-02
9.9981016589e-02
1.0098488565e-01
1.0191760821e-01
1.0285033078e-01
1.0378305335e-01
1.0471577591e-01
1.0560508848e-01
1.0649440105e-01
1.0738371361e-01
1.0827302618e-01
1.0907950889e-01
1.0988599161e-01
1.1069247432e-01
1.1149895703e-01
1.1206842768e-01
1.1263789832e-01
1.1320736897e-01
1.1377683961e-01
1.1428712732e-01
1.1479741503e-01
1.1530770274e-01
1.1581799044e-01
1.1632860621e-01
1.1683922198e-01
1.1734983775e-01
1.1786045352e-01
1.1836946766e-01
1.1887848180e-01
1.1938749594e-01
1.1989651008e-01
1.2035536920e-01
1.2081422831e-01
1.2127308743e-01
1.2173194654e-01
1.2215638600e-01
1.2258082547e-01
1.2300526493e-01
1.2342970440e-01
1.2388534154e-01
1.2434097869e-01
1.2479661583e-01
1.2525225298e-01
1.2569872793e-01
1.2614520287e-01
1.2659167782e-01
1.2703815277e-01
1.2747731736e-01
1.2791648195e-01
1.2835564655e-01
1.2879481114e-01
1.2931613715e-01
1.2983746316e-01
1.3035878917e-01
1.3088011519e-01
1.3142976336e-01
1.3197941153e-01
1.3252905971e-01
1.3307870788e-01
1.3367157691e-01
1.3426444594e-01
1.3485731497e-01
1.3545018399e-01
1.3603799079e-01
1.3662579759e-01
1.3721360438e-01
1.3780141118e-01
1.3843743052e-01
1.3907344985e-01
1.3970946919e-01
1.4034548852e-01
1.4107323604e-01
1.4180098355e-01
1.4252873107e-01
1.4325647858e-01
1.4420949196e-01
1.4516250534e-01
1.4611551872e-01
1.4706853210e-01
1.4815740333e-01
1.4924627456e-01
1.5033514579e-01
1.5142401702e-01
1.5259259134e-01
1.5376116566e-01
1.5492973998e-01
1.5609831430e-01
1.5729000951e-01
1.5848170472e-01
1.5967339993e-01
1.6086509514e-01
1.6216777665e-01
1.6347045816e-01
1.6477313966e-01
1.6607582117e-01
1.6755442149e-01
1.6903302180e-01
1.7051162212e-01
1.7199022243e-01
1.7372841051e-01
1.7546659859e-01
1.7720478667e-01
1.7894297475e-01
1.8107801131e-01
1.8321304787e-01
1.8534808443e-01
1.8748312099e-01
1.9027514771e-01
1.9306717444e-01
1.9585920116e-01
1.9865122789e-01
2.0273761273e-01
2.0682399757e-01
2.1091038241e-01
2.1499676726e-01
2.1966449277e-01
2.2433221829e-01
2.2899994380e-01
2.3366766932e-01
2.3767381991e-01
2.4167997051e-01
2.4568612111e-01
2.4969227170e-01
2.5367042708e-01
2.5764858246e-01
2.6162673784e-01
2.6560489321e-01
2.6939238670e-01
2.7317988019e-01
2.7696737368e-01
2.8075486716e-01
2.8413502840e-01
2.8751518963e-01
2.9089535086e-01
2.9427551209e-01
2.9684903733e-01
2.9942256257e-01
3.0199608781e-01
3.0456961305e-01
3.0667546087e-01
3.0878130869e-01
3.1088715651e-01
3.1299300433e-01
3.1477061696e-01
3.1654822959e-01
3.1832584222e-01
3.2010345484e-01
3.2164259754e-01
3.2318174024e-01
3.2472088294e-01
3.2626002564e-01
3.2762346189e-01
3.2898689814e-01
3.3035033439e-01
3.3171377063e-01
3.3295137911e-01
3.3418898758e-01
3.3542659606e-01
3.3666420453e-01
3.3784350991e-01
3.3902281529e-01
3.4020212067e-01
3.4138142606e-01
3.4272517453e-01
3.4406892301e-01
3.4541267148e-01
3.4675641996e-01
3.4775549976e-01
3.4875457956e-01
3.4975365936e-01
3.5075273917e-01
3.5163716125e-01
3.5252158333e-01
3.5340600541e-01
3.5429042750e-01
3.5500077590e-01
3.5571112430e-01
3.5642147270e-01
3.5713182110e-01
3.5776672880e-01
3.5840163650e-01
3.5903654420e-01
3.5967145191e-01
3.6026205532e-01
3.6085265873e-01
3.6144326214e-01
3.6203386555e-01
3.6261951444e-01
3.6320516333e-01
3.6379081222e-01
3.6437646111e-01
3.6494691579e-01
3.6551737046e-01
3.6608782514e-01
3.6665827982e-01
3.6715896569e-01
3.6765965156e-01
3.6816033743e-01
3.6866102330e-01
3.6911627127e-01
3.6957151923e-01
3.7002676720e-01
3.7048201516e-01
3.7093875263e-01
3.7139549010e-01
3.7185222756e-01
3.7230896503e-01
3.7285056962e-01
3.7339217421e-01
3.7393377880e-01
3.7447538339e-01
3.7491520546e-01
3.7535502753e-01
3.7579484961e-01
3.7623467168e-01
3.7671945667e-01
3.7720424165e-01
3.7768902664e-01
3.7817381163e-01
3.7867425024e-01
3.7917468886e-01
3.7967512747e-01
3.8017556608e-01
3.8069545255e-01
3.8121533902e-01
3.8173522549e-01
3.8225511196e-01
3.8277682134e-01
3.8329853071e-01
3.8382024009e-01
3.8434194947e-01
3.8495488469e-01
3.8556781991e-01
3.8618075512e-01
3.8679369034e-01
3.8762972932e-01
3.8846576829e-01
3.8930180727e-01
3.9013784624e-01
3.9118525050e-01
3.9223265477e-01
3.9328005903e-01
3.9432746330e-01
3.9532394689e-01
3.9632043047e-01
3.9731691406e-01
3.9831339765e-01
3.9948445183e-01
4.0065550600e-01
4.0182656018e-01
4.0299761435e-01
4.0449732323e-01
4.0599703210e-01
4.0749674097e-01
4.0899644984e-01
4.1115987635e-01
4.1332330285e-01
4.1548672936e-01
4.1765015586e-01
4.2147277767e-01
4.2529539948e-01
4.2911802128e-01
4.3294064309e-01
4.4182288009e-01
4.5070511709e-01
4.5958735410e-01
4.6846959110e-01
4.8223047766e-01
4.9599136421e-01
5.0975225077e-01
5.2351313733e-01
5.3011519931e-01
5.3671726129e-01
5.4331932328e-01
5.4992138526e-01
5.5382603362e-01
5.5773068198e-01
5.6163533033e-01
5.6553997869e-01
5.6819696109e-01
5.7085394349e-01
5.7351092588e-01
5.7616790828e-01
5.7812986474e-01
5.8009182119e-01
5.8205377765e-01
5.8401573411e-01
5.8554689095e-01
5.8707804779e-01
5.8860920464e-01
5.9014036148e-01
5.9138816477e-01
5.9263596805e-01
5.9388377133e-01
5.9513157461e-01
5.9619505921e-01
5.9725854381e-01
5.9832202840e-01
5.9938551300e-01
6.0034568735e-01
6.0130586170e-01
6.0226603605e-01
6.0322621040e-01
6.0414163398e-01
6.0505705756e-01
6.0597248114e-01
6.0688790472e-01
6.0766211952e-01
6.0843633433e-01
6.0921054913e-01
6.0998476394e-01
6.1062866753e-01
6.1127257113e-01
6.1191647473e-01
6.1256037832e-01
6.1309969053e-01
6.1363900273e-01
6.1417831494e-01
6.1471762714e-01
6.1522334281e-01
6.1572905848e-01
6.1623477415e-01
6.1674048982e-01
6.1727197118e-01
6.1780345254e-01
6.1833493391e-01
6.1886641527e-01
6.1935053948e-01
6.1983466369e-01
6.2031878790e-01
6.2080291211e-01
6.2126963750e-01
6.2173636289e-01
6.2220308828e-01
6.2266981367e-01
6.2310338193e-01
6.2353695019e-01
6.2397051844e-01
6.2440408670e-01
6.2494057102e-01
6.2547705533e-01
6.2601353965e-01
6.2655002397e-01
6.2698318391e-01
6.2741634386e-01
6.2784950381e-01
6.2828266376e-01
6.2875693563e-01
6.2923120749e-01
6.2970547935e-01
6.3017975122e-01
6.3071232831e-01
6.3124490541e-01
6.3177748250e-01
6.3231005960e-01
6.3299327444e-01
6.3367648927e-01
6.3435970411e-01
6.3504291895e-01
6.3562605146e-01
6.3620918396e-01
6.3679231646e-01
6.3737544896e-01
6.3801190223e-01
6.3864835551e-01
6.3928480878e-01
6.3992126205e-01
6.4063298877e-01
6.4134471549e-01
6.4205644220e-01
6.4276816892e-01
6.4366001503e-01
6.4455186114e-01
6.4544370725e-01
6.4633555336e-01
6.4738331418e-01
6.4843107501e-01
6.4947883583e-01
6.5052659665e-01
6.5174368743e-01
6.5296077820e-01
6.5417786898e-01
6.5539495975e-01
6.5657774842e-01
6.5776053710e-01
6.5894332577e-01
6.6012611444e-01
6.6141025628e-01
6.6269439811e-01
6.6397853994e-01
6.6526268178e-01
6.6671414827e-01
6.6816561476e-01
6.6961708125e-01
6.7106854774e-01
6.7276757478e-01
6.7446660181e-01
6.7616562885e-01
6.7786465589e-01
6.7993899859e-01
6.8201334129e-01
6.8408768399e-01
6.8616202669e-01
6.8885088862e-01
6.9153975055e-01
6.9422861248e-01
6.9691747442e-01
7.0054372944e-01
7.0416998446e-01
7.0779623948e-01
7.1142249450e-01
7.1548313293e-01
7.1954377135e-01
7.2360440978e-01
7.2766504821e-01
7.3139016272e-01
7.3511527723e-01
7.3884039174e-01
7.4256550625e-01
7.4632383576e-01
7.5008216526e-01
7.5384049477e-01
7.5759882427e-01
7.6170166551e-01
7.6580450674e-01
7.6990734798e-01
7.7401018922e-01
7.7772566402e-01
7.8144113881e-01
7.8515661361e-01
7.8887208841e-01
7.9172438643e-01
7.9457668445e-01
7.9742898247e-01
8.0028128049e-01
8.0257433486e-01
8.0486738923e-01
8.0716044360e-01
8.0945349797e-01
8.1136272960e-01
8.1327196123e-01
8.1518119286e-01
8.1709042449e-01
8.1872532855e-01
8.2036023262e-01
8.2199513668e-01
8.2363004074e-01
8.2506394114e-01
8.2649784153e-01
8.2793174193e-01
8.2936564232e-01
8.3065217336e-01
8.3193870439e-01
8.3322523542e-01
8.3451176646e-01
8.3569963883e-01
8.3688751121e-01
8.3807538359e-01
8.3926325597e-01
8.4043193151e-01
8.4160060705e-01
8.4276928260e-01
8.4393795814e-01
8.4504861903e-01
8.4615927992e-01
8.4726994081e-01
8.4838060170e-01
8.4937293757e-01
8.5036527345e-01
8.5135760933e-01
8.5234994521e-01
8.5313482673e-01
8.5391970826e-01
8.5470458978e-01
8.5548947131e-01
8.5616302274e-01
8.5683657416e-01
8.5751012559e-01
8.5818367702e-01
8.5880230792e-01
8.5942093882e-01
8.6003956973e-01
8.6065820063e-01
8.6124176712e-01
8.6182533361e-01
8.6240890010e-01
8.6299246658e-01
8.6365034785e-01
8.6430822911e-01
8.6496611037e-01
8.6562399163e-01
8.6614500989e-01
8.6666602815e-01
8.6718704642e-01
8.6770806468e-01
8.6820812718e-01
8.6870818969e-01
8.6920825220e-01
8.6970831470e-01
8.7014482804e-01
8.7058134138e-01
8.7101785472e-01
8.7145436806e-01
8.7190874834e-01
8.7236312862e-01
8.7281750890e-01
8.7327188917e-01
8.7371807916e-01
8.7416426914e-01
8.7461045912e-01
8.7505664910e-01
8.7548536969e-01
8.7591409029e-01
8.7634281088e-01
8.7677153147e-01
8.7724165023e-01
8.7771176900e-01
8.7818188777e-01
8.7865200653e-01
8.7923659879e-01
8.7982119105e-01
8.8040578331e-01
8.8099037557e-01
8.8149281523e-01
8.8199525490e-01
8.8249769456e-01
8.8300013422e-01
8.8353936490e-01
8.8407859558e-01
8.8461782626e-01
8.8515705694e-01
8.8581461756e-01
8.8647217817e-01
8.8712973878e-01
8.8778729939e-01
8.8861577788e-01
8.8944425637e-01
8.9027273486e-01
8.9110121335e-01
8.9203680859e-01
8.9297240383e-01
8.9390799907e-01
8.9484359431e-01
8.9584732473e-01
8.9685105514e-01
8.9785478556e-01
8.9885851597e-01
9.0004781676e-01
9.0123711754e-01
9.0242641832e-01
9.0361571911e-01
9.0513975213e-01
9.0666378514e-01
9.0818781816e-01
9.0971185118e-01
9.1189672644e-01
9.1408160169e-01
9.1626647695e-01
9.1845135221e-01
9.2220334975e-01
9.2595534728e-01
9.2970734482e-01
9.3345934236e-01
9.4173601248e-01
9.5001268260e-01
9.5828935272e-01
9.6656602284e-01
9.7492451713e-01
9.8328301142e-01
9.9164150571e-01
1.0000000000e+00
