0.0000000000e+00
1.4921501297e-03
2.9843002594e-03
4.4764503891e-03
5.9686005188e-03
7.4319930985e-03
8.8953856781e-03
1.0358778258e-02
1.1822170837e-02
1.3297876237e-02
1.4773581636e-02
1.6249287036e-02
1.7724992435e-02
1.9278532092e-02
2.0832071749e-02
2.2385611406e-02
2.3939151063e-02
2.5821472550e-02
2.7703794037e-02
2.9586115524e-02
3.1468437011e-02
3.3043190759e-02
3.4617944507e-02
3.6192698256e-02
3.7767452004e-02
3.9285516741e-02
4.0803581477e-02
4.2321646214e-02
4.3839710950e-02
4.5263357390e-02
4.6687003829e-02
4.8110650269e-02
4.9534296708e-02
5.0968171203e-02
5.2402045699e-02
5.3835920194e-02
5.5269794689e-02
5.6627871491e-02
5.7985948293e-02
5.9344025096e-02
6.0702101898e-02
6.2020764485e-02
6.3339427073e-02
6.4658089660e-02
6.5976752247e-02
6.7302416994e-02
6.8628081740e-02
6.9953746486e-02
7.1279411233e-02
7.2652803713e-02
7.4026196194e-02
7.5399588675e-02
7.6772981156e-02
7.8257610309e-02
7.9742239461e-02
8.1226868614e-02
8.2711497767e-02
8.4305583854e-02
8.5899669941e-02
8.7493756027e-02
8.9087842114e-02
9.0482647025e-02
9.1877451937e-02
9.3272256848e-02
9.4667061759e-02
9.6013668535e-02
9.7360275310e-02
9.8706882086e-02
1.0005348886e-01
1.0139438846e-01
1.0273528807e-01
1.0407618767e-01
1.0541708727e-01
1.0678363894e-01
1.0815019060e-01
1.0951674227e-01
1.1088329393e-01
1.1231627289e-01
1.1374925185e-01
1.1518223081e-01
1.1661520977e-01
1.1820103061e-01
1.1978685145e-01
1.2137267229e-01
1.2295849313e-01
1.2452128691e-01
1.2608408070e-01
1.2764687448e-01
1.2920966826e-01
1.3077432533e-01
1.3233898239e-01
1.3390363946e-01
1.3546829653e-01
1.3709926418e-01
1.3873023183e-01
1.4036119948e-01
1.4199216713e-01
1.4378677799e-01
1.4558138885e-01
1.4737599971e-01
1.4917061057e-01
1.5121210655e-01
1.5325360253e-01
1.5529509850e-01
1.5733659448e-01
1.5915593498e-01
1.6097527547e-01
1.6279461597e-01
1.6461395647e-01
1.6637928350e-01
1.6814461052e-01
1.6990993755e-01
1.7167526458e-01
1.7344076222e-01
1.7520625987e-01
1.7697175751e-01
1.7873725515e-01
1.8052917229e-01
1.8232108942e-01
1.8411300655e-01
1.8590492368e-01
1.8774278664e-01
1.8958064960e-01
1.9141851256e-01
1.9325637552e-01
1.9515810540e-01
1.9705983528e-01
1.9896156515e-01
2.0086329503e-01
2.0284796611e-01
2.0483263718e-01
2.0681730825e-01
2.0880197933e-01
2.1089275425e-01
2.1298352918e-01
2.1507430410e-01
2.1716507903e-01
2.1939600555e-01
2.2162693207e-01
2.2385785858e-01
2.2608878510e-01
2.2852279850e-01
2.3095681190e-01
2.3339082531e-01
2.3582483871e-01
2.3847622193e-01
2.4112760516e-01
2.4377898839e-01
2.4643037161e-01
2.4902728981e-01
2.5162420800e-01
2.5422112619e-01
2.5681804439e-01
2.5920053322e-01
2.6158302205e-01
2.6396551088e-01
2.6634799972e-01
2.6855578028e-01
2.7076356085e-01
2.7297134142e-01
2.7517912199e-01
2.7725969989e-01
2.7934027778e-01
2.8142085568e-01
2.8350143358e-01
2.8548296351e-01
2.8746449343e-01
2.8944602336e-01
2.9142755328e-01
2.9332997873e-01
2.9523240418e-01
2.9713482962e-01
2.9903725507e-01
3.0087760134e-01
3.0271794760e-01
3.0455829387e-01
3.0639864014e-01
3.0819327992e-01
3.0998791970e-01
3.1178255949e-01
3.1357719927e-01
3.1534425638e-01
3.1711131348e-01
3.1887837059e-01
3.2064542770e-01
3.2240972038e-01
3.2417401307e-01
3.2593830576e-01
3.2770259845e-01
3.2952200604e-01
3.3134141364e-01
3.3316082123e-01
3.3498022883e-01
3.3718453135e-01
3.3938883387e-01
3.4159313640e-01
3.4379743892e-01
3.4564335621e-01
3.4748927350e-01
3.4933519080e-01
3.5118110809e-01
3.5282069971e-01
3.5446029133e-01
3.5609988296e-01
3.5773947458e-01
3.5931098186e-01
3.6088248914e-01
3.6245399642e-01
3.6402550370e-01
3.6559388713e-01
3.6716227056e-01
3.6873065399e-01
3.7029903742e-01
3.7188251768e-01
3.7346599794e-01
3.7504947820e-01
3.7663295845e-01
3.7809324358e-01
3.7955352871e-01
3.8101381384e-01
3.8247409897e-01
3.8385279301e-01
3.8523148705e-01
3.8661018108e-01
3.8798887512e-01
3.8933447843e-01
3.9068008175e-01
3.9202568506e-01
3.9337128837e-01
3.9471606041e-01
3.9606083244e-01
3.9740560447e-01
3.9875037651e-01
4.0014108503e-01
4.0153179355e-01
4.0292250208e-01
4.0431321060e-01
4.0591201743e-01
4.0751082425e-01
4.0910963108e-01
4.1070843790e-01
4.1221479291e-01
4.1372114792e-01
4.1522750293e-01
4.1673385794e-01
4.1811859830e-01
4.1950333866e-01
4.2088807902e-01
4.2227281938e-01
4.2360525322e-01
4.2493768706e-01
4.2627012090e-01
4.2760255474e-01
4.2892046651e-01
4.3023837828e-01
4.3155629005e-01
4.3287420182e-01
4.3422219950e-01
4.3557019719e-01
4.3691819487e-01
4.3826619255e-01
4.3970419951e-01
4.4114220647e-01
4.4258021342e-01
4.4401822038e-01
4.4544471902e-01
4.4687121766e-01
4.4829771630e-01
4.4972421494e-01
4.5123229151e-01
4.5274036808e-01
4.5424844465e-01
4.5575652122e-01
4.5733797030e-01
4.5891941939e-01
4.6050086848e-01
4.6208231756e-01
4.6386766085e-01
4.6565300413e-01
4.6743834742e-01
4.6922369070e-01
4.7080369231e-01
4.7238369392e-01
4.7396369553e-01
4.7554369714e-01
4.7702749498e-01
4.7851129281e-01
4.7999509064e-01
4.8147888848e-01
4.8294356580e-01
4.8440824313e-01
4.8587292046e-01
4.8733759778e-01
4.8882829632e-01
4.9031899486e-01
4.9180969340e-01
4.9330039194e-01
4.9491669766e-01
4.9653300338e-01
4.9814930910e-01
4.9976561482e-01
5.0127382728e-01
5.0278203975e-01
5.0429025221e-01
5.0579846467e-01
5.0726479141e-01
5.0873111816e-01
5.1019744490e-01
5.1166377164e-01
5.1314156971e-01
5.1461936778e-01
5.1609716585e-01
5.1757496393e-01
5.1912598583e-01
5.2067700773e-01
5.2222802963e-01
5.2377905153e-01
5.2590395180e-01
5.2802885207e-01
5.3015375234e-01
5.3227865261e-01
5.3383311676e-01
5.3538758091e-01
5.3694204505e-01
5.3849650920e-01
5.3998876146e-01
5.4148101372e-01
5.4297326598e-01
5.4446551825e-01
5.4588773343e-01
5.4730994861e-01
5.4873216379e-01
5.5015437898e-01
5.5161040333e-01
5.5306642768e-01
5.5452245203e-01
5.5597847638e-01
5.5732792148e-01
5.5867736657e-01
5.6002681166e-01
5.6137625675e-01
5.6269349864e-01
5.6401074052e-01
5.6532798241e-01
5.6664522429e-01
5.6797474777e-01
5.6930427124e-01
5.7063379472e-01
5.7196331819e-01
5.7334446086e-01
5.7472560352e-01
5.7610674619e-01
5.7748788885e-01
5.7898735035e-01
5.8048681185e-01
5.8198627335e-01
5.8348573484e-01
5.8503810015e-01
5.8659046545e-01
5.8814283076e-01
5.8969519606e-01
5.9108106151e-01
5.9246692696e-01
5.9385279242e-01
5.9523865787e-01
5.9658250588e-01
5.9792635389e-01
5.9927020191e-01
6.0061404992e-01
6.0195581565e-01
6.0329758138e-01
6.0463934712e-01
6.0598111285e-01
6.0735218329e-01
6.0872325374e-01
6.1009432418e-01
6.1146539463e-01
6.1291057547e-01
6.1435575630e-01
6.1580093714e-01
6.1724611798e-01
6.1884402125e-01
6.2044192452e-01
6.2203982779e-01
6.2363773107e-01
6.2519678841e-01
6.2675584575e-01
6.2831490309e-01
6.2987396043e-01
6.3144324837e-01
6.3301253631e-01
6.3458182425e-01
6.3615111219e-01
6.3779384185e-01
6.3943657151e-01
6.4107930117e-01
6.4272203083e-01
6.4454103052e-01
6.4636003020e-01
6.4817902989e-01
6.4999802957e-01
6.5200452230e-01
6.5401101503e-01
6.5601750776e-01
6.5802400049e-01
6.5982920178e-01
6.6163440306e-01
6.6343960434e-01
6.6524480562e-01
6.6700774722e-01
6.6877068882e-01
6.7053363041e-01
6.7229657201e-01
6.7406299095e-01
6.7582940989e-01
6.7759582883e-01
6.7936224778e-01
6.8115710671e-01
6.8295196565e-01
6.8474682458e-01
6.8654168352e-01
6.8838412458e-01
6.9022656564e-01
6.9206900670e-01
6.9391144776e-01
6.9581934420e-01
6.9772724063e-01
6.9963513707e-01
7.0154303351e-01
7.0353562678e-01
7.0552822005e-01
7.0752081332e-01
7.0951340659e-01
7.1161435573e-01
7.1371530488e-01
7.1581625402e-01
7.1791720317e-01
7.2016197205e-01
7.2240674092e-01
7.2465150980e-01
7.2689627868e-01
7.2934957930e-01
7.3180287992e-01
7.3425618054e-01
7.3670948116e-01
7.3939324198e-01
7.4207700281e-01
7.4476076364e-01
7.4744452447e-01
7.5004620699e-01
7.5264788951e-01
7.5524957203e-01
7.5785125454e-01
7.6021243112e-01
7.6257360769e-01
7.6493478426e-01
7.6729596084e-01
7.6948751233e-01
7.7167906383e-01
7.7387061532e-01
7.7606216682e-01
7.7813090514e-01
7.8019964347e-01
7.8226838180e-01
7.8433712013e-01
7.8630926395e-01
7.8828140776e-01
7.9025355158e-01
7.9222569539e-01
7.9412064341e-01
7.9601559143e-01
7.9791053945e-01
7.9980548747e-01
8.0164005228e-01
8.0347461709e-01
8.0530918190e-01
8.0714374671e-01
8.0893430039e-01
8.1072485407e-01
8.1251540775e-01
8.1430596143e-01
8.1607092110e-01
8.1783588078e-01
8.1960084046e-01
8.2136580014e-01
8.2313098349e-01
8.2489616685e-01
8.2666135021e-01
8.2842653356e-01
8.3025086000e-01
8.3207518644e-01
8.3389951287e-01
8.3572383931e-01
8.3806110844e-01
8.4039837758e-01
8.4273564671e-01
8.4507291585e-01
8.4683057005e-01
8.4858822426e-01
8.5034587847e-01
8.5210353268e-01
8.5372540582e-01
8.5534727897e-01
8.5696915212e-01
8.5859102527e-01
8.6015383826e-01
8.6171665124e-01
8.6327946423e-01
8.6484227721e-01
8.6640877963e-01
8.6797528204e-01
8.6954178446e-01
8.7110828687e-01
8.7269334465e-01
8.7427840243e-01
8.7586346022e-01
8.7744851800e-01
8.7888611518e-01
8.8032371237e-01
8.8176130956e-01
8.8319890674e-01
8.8456897730e-01
8.8593904786e-01
8.8730911841e-01
8.8867918897e-01
8.9002087793e-01
8.9136256689e-01
8.9270425585e-01
8.9404594480e-01
8.9539040796e-01
8.9673487111e-01
8.9807933427e-01
8.9942379742e-01
9.0082123867e-01
9.0221867992e-01
9.0361612117e-01
9.0501356242e-01
9.0665834349e-01
9.0830312455e-01
9.0994790562e-01
9.1159268669e-01
9.1307377999e-01
9.1455487328e-01
9.1603596658e-01
9.1751705987e-01
9.1888930841e-01
9.2026155694e-01
9.2163380548e-01
9.2300605401e-01
9.2433326116e-01
9.2566046831e-01
9.2698767546e-01
9.2831488261e-01
9.2963200926e-01
9.3094913592e-01
9.3226626257e-01
9.3358338923e-01
9.3493716891e-01
9.3629094859e-01
9.3764472827e-01
9.3899850795e-01
9.4044560605e-01
9.4189270416e-01
9.4333980227e-01
9.4478690038e-01
9.4620888241e-01
9.4763086445e-01
9.4905284649e-01
9.5047482853e-01
9.5199235799e-01
9.5350988746e-01
9.5502741693e-01
9.5654494639e-01
9.5813644541e-01
9.5972794443e-01
9.6131944344e-01
9.6291094246e-01
9.6471527635e-01
9.6651961024e-01
9.6832394413e-01
9.7012827802e-01
9.7167319772e-01
9.7321811742e-01
9.7476303712e-01
9.7630795682e-01
9.7778389741e-01
9.7925983801e-01
9.8073577860e-01
9.8221171919e-01
9.8367514554e-01
9.8513857188e-01
9.8660199823e-01
9.8806542457e-01
9.8955724650e-01
9.9104906843e-01
9.9254089036e-01
9.9403271229e-01
9.9552453421e-01
9.9701635614e-01
9.9850817807e-01
1.0000000000e+00
