2.8806011358e-01
2.8806203838e-01
2.8806781260e-01
2.8807743566e-01
2.8809090646e-01
2.8810277280e-01
2.8811656724e-01
2.8813228865e-01
2.8814993558e-01
2.8816604579e-01
2.8818348022e-01
2.8820223721e-01
2.8822231473e-01
2.8824172619e-01
2.8826222639e-01
2.8828381264e-01
2.8830648173e-01
2.8833082324e-01
2.8835629231e-01
2.8838288317e-01
2.8841058904e-01
2.8843838160e-01
2.8846719714e-01
2.8849702590e-01
2.8852785659e-01
2.8855695537e-01
2.8858687196e-01
2.8861759348e-01
2.8864910547e-01
2.8867894620e-01
2.8870943529e-01
2.8874055706e-01
2.8877229429e-01
2.8880742516e-01
2.8884323307e-01
2.8887968943e-01
2.8891676328e-01
2.8895339192e-01
2.8899054048e-01
2.8902817391e-01
2.8906625508e-01
2.8910406515e-01
2.8914223068e-01
2.8918071107e-01
2.8921946419e-01
2.8926638800e-01
2.8931356514e-01
2.8936091505e-01
2.8940835534e-01
2.8945789366e-01
2.8950734245e-01
2.8955660443e-01
2.8960558220e-01
2.8965800059e-01
2.8970985396e-01
2.8976102303e-01
2.8981139070e-01
2.8986031419e-01
2.8990823381e-01
2.8995504523e-01
2.9000064775e-01
2.9004864672e-01
2.9009499049e-01
2.9013956681e-01
2.9018226949e-01
2.9022864624e-01
2.9027230654e-01
2.9031312179e-01
2.9035097403e-01
2.9039202556e-01
2.9042856387e-01
2.9046044748e-01
2.9048755506e-01
2.9051471889e-01
2.9053400585e-01
2.9054530441e-01
2.9054854969e-01
2.9054513302e-01
2.9053620472e-01
2.9052179958e-01
2.9050197411e-01
2.9048076278e-01
2.9045570134e-01
2.9042686432e-01
2.9039433867e-01
2.9036273931e-01
2.9032843588e-01
2.9029151247e-01
2.9025206109e-01
2.9021470982e-01
2.9017549273e-01
2.9013449210e-01
2.9009179540e-01
2.9004930222e-01
2.9000541780e-01
2.8996023249e-01
2.8991384066e-01
2.8986357987e-01
2.8981220032e-01
2.8975982662e-01
2.8970658707e-01
2.8966019486e-01
2.8961334440e-01
2.8956612200e-01
2.8951861474e-01
2.8947555399e-01
2.8943239669e-01
2.8938920688e-01
2.8934604809e-01
2.8930664309e-01
2.8926736386e-01
2.8922825676e-01
2.8918936705e-01
2.8914716944e-01
2.8910533960e-01
2.8906393090e-01
2.8902299434e-01
2.8898562108e-01
2.8894872874e-01
2.8891235150e-01
2.8887652147e-01
2.8884214117e-01
2.8880833553e-01
2.8877512856e-01
2.8874254242e-01
2.8870837015e-01
2.8867495538e-01
2.8864231869e-01
2.8861047859e-01
2.8857072226e-01
2.8853234198e-01
2.8849536424e-01
2.8845981156e-01
2.8843020293e-01
2.8840168675e-01
2.8837427198e-01
2.8834796626e-01
2.8832205077e-01
2.8829732348e-01
2.8827378941e-01
2.8825145276e-01
2.8822596086e-01
2.8820224240e-01
2.8818030145e-01
2.8816014124e-01
2.8813132195e-01
2.8810717112e-01
2.8808769414e-01
2.8807289454e-01
2.8806285790e-01
2.8805740274e-01
2.8805652970e-01
2.8806023889e-01
2.8806650752e-01
2.8807570980e-01
2.8808784494e-01
2.8810291176e-01
2.8811635194e-01
2.8813149058e-01
2.8814832644e-01
2.8816685790e-01
2.8818396265e-01
2.8820229245e-01
2.8822184541e-01
2.8824261925e-01
2.8826338478e-01
2.8828523687e-01
2.8830817220e-01
2.8833218683e-01
2.8835898766e-01
2.8838700456e-01
2.8841622957e-01
2.8844665322e-01
2.8847503995e-01
2.8850437849e-01
2.8853465798e-01
2.8856586597e-01
2.8859487586e-01
2.8862462166e-01
2.8865509011e-01
2.8868626646e-01
2.8871782516e-01
2.8875004469e-01
2.8878290582e-01
2.8881638754e-01
2.8885327728e-01
2.8889083496e-01
2.8892902653e-01
2.8896781530e-01
2.8900496760e-01
2.8904258242e-01
2.8908062250e-01
2.8911904868e-01
2.8916075126e-01
2.8920279968e-01
2.8924513873e-01
2.8928771135e-01
2.8933377836e-01
2.8937997312e-01
2.8942621891e-01
2.8947243790e-01
2.8952750049e-01
2.8958227805e-01
2.8963663613e-01
2.8969044111e-01
2.8974253056e-01
2.8979383913e-01
2.8984424726e-01
2.8989363854e-01
2.8994256192e-01
2.8999021048e-01
2.9003647518e-01
2.9008125166e-01
2.9012937421e-01
2.9017538583e-01
2.9021916345e-01
2.9026059211e-01
2.9030633357e-01
2.9034849126e-01
2.9038691959e-01
2.9042148836e-01
2.9045772078e-01
2.9048805835e-01
2.9051236076e-01
2.9053051727e-01
2.9054238838e-01
2.9054806103e-01
2.9054751047e-01
2.9054073929e-01
2.9052934161e-01
2.9051296349e-01
2.9049166421e-01
2.9046552165e-01
2.9043962316e-01
2.9041037945e-01
2.9037787056e-01
2.9034218685e-01
2.9030846721e-01
2.9027247185e-01
2.9023428110e-01
2.9019398165e-01
2.9015491628e-01
2.9011420530e-01
2.9007193174e-01
2.9002818315e-01
2.8997543669e-01
2.8992096363e-01
2.8986492477e-01
2.8980748796e-01
2.8975756144e-01
2.8970685719e-01
2.8965548897e-01
2.8960357264e-01
2.8955852305e-01
2.8951322979e-01
2.8946776866e-01
2.8942221541e-01
2.8938139121e-01
2.8934060723e-01
2.8929991645e-01
2.8925937094e-01
2.8921939847e-01
2.8917966700e-01
2.8914022346e-01
2.8910111322e-01
2.8906206915e-01
2.8902345092e-01
2.8898529926e-01
2.8894765276e-01
2.8891227211e-01
2.8887741309e-01
2.8884310338e-01
2.8880936877e-01
2.8877521377e-01
2.8874171972e-01
2.8870890874e-01
2.8867680099e-01
2.8864071392e-01
2.8860560907e-01
2.8857150860e-01
2.8853843199e-01
2.8850630744e-01
2.8847524456e-01
2.8844525626e-01
2.8841635367e-01
2.8838872269e-01
2.8836218081e-01
2.8833673485e-01
2.8831239058e-01
2.8828632107e-01
2.8826165843e-01
2.8823840743e-01
2.8821657201e-01
2.8818935253e-01
2.8816472340e-01
2.8814268934e-01
2.8812325384e-01
2.8810290993e-01
2.8808650725e-01
2.8807404819e-01
2.8806553428e-01
2.8806089167e-01
2.8806043180e-01
2.8806415473e-01
2.8807206005e-01
2.8808122170e-01
2.8809297241e-01
2.8810731116e-01
2.8812423651e-01
2.8813907185e-01
2.8815544664e-01
2.8817335944e-01
2.8819280840e-01
2.8821108506e-01
2.8823053431e-01
2.8825115388e-01
2.8827294106e-01
2.8829534078e-01
2.8831884726e-01
2.8834345618e-01
2.8836916244e-01
2.8839575545e-01
2.8842341660e-01
2.8845213781e-01
2.8848190960e-01
2.8851060570e-01
2.8854019538e-01
2.8857066691e-01
2.8860200698e-01
2.8863157711e-01
2.8866185570e-01
2.8869282814e-01
2.8872447829e-01
2.8875744962e-01
2.8879108708e-01
2.8882536795e-01
2.8886026749e-01
2.8889646813e-01
2.8893325365e-01
2.8897059109e-01
2.8900844526e-01
2.8904583457e-01
2.8908364327e-01
2.8912183279e-01
2.8916036276e-01
2.8920488185e-01
2.8924972709e-01
2.8929483046e-01
2.8934012188e-01
2.8938938351e-01
2.8943868849e-01
2.8948794203e-01
2.8953704847e-01
2.8958906308e-01
2.8964068637e-01
2.8969180343e-01
2.8974230073e-01
2.8979279856e-01
2.8984242884e-01
2.8989108033e-01
2.8993864507e-01
2.8998702222e-01
2.9003398765e-01
2.9007943228e-01
2.9012325217e-01
2.9017047880e-01
2.9021539285e-01
2.9025787094e-01
2.9029779852e-01
2.9034148330e-01
2.9038131301e-01
2.9041714646e-01
2.9044885897e-01
2.9048472050e-01
2.9051276600e-01
2.9053282872e-01
2.9054479086e-01
2.9054857083e-01
2.9054575372e-01
2.9053635246e-01
2.9052041075e-01
2.9050268633e-01
2.9048074558e-01
2.9045465790e-01
2.9042450684e-01
2.9039491585e-01
2.9036237251e-01
2.9032696012e-01
2.9028877082e-01
2.9025250188e-01
2.9021418776e-01
2.9017391169e-01
2.9013176263e-01
2.9009045656e-01
2.9004765798e-01
2.9000345482e-01
2.8995793922e-01
2.8990773927e-01
2.8985626258e-01
2.8980363801e-01
2.8974999883e-01
2.8970231780e-01
2.8965405851e-01
2.8960531671e-01
2.8955618937e-01
2.8951212483e-01
2.8946790099e-01
2.8942358739e-01
2.8937925324e-01
2.8933912684e-01
2.8929909019e-01
2.8925919277e-01
2.8921948305e-01
2.8917825541e-01
2.8913733650e-01
2.8909677683e-01
2.8905662489e-01
2.8901821873e-01
2.8898027733e-01
2.8894283847e-01
2.8890593778e-01
2.8887106969e-01
2.8883675531e-01
2.8880302031e-01
2.8876988843e-01
2.8873576683e-01
2.8870235780e-01
2.8866968249e-01
2.8863776003e-01
2.8859823165e-01
2.8855998290e-01
2.8852304094e-01
2.8848742908e-01
2.8845529147e-01
2.8842435254e-01
2.8839462416e-01
2.8836611638e-01
2.8833977593e-01
2.8831458609e-01
2.8829055229e-01
2.8826767910e-01
2.8824204716e-01
2.8821806017e-01
2.8819572237e-01
2.8817503715e-01
2.8813843305e-01
2.8810854642e-01
2.8808538729e-01
2.8806896172e-01
2.8806086836e-01
2.8805681863e-01
2.8805681295e-01
2.8806085133e-01
2.8806781670e-01
2.8807796234e-01
2.8809128726e-01
2.8810779004e-01
2.8812134852e-01
2.8813648785e-01
2.8815320681e-01
2.8817150386e-01
2.8818867983e-01
2.8820704396e-01
2.8822659434e-01
2.8824732871e-01
2.8826806151e-01
2.8828985172e-01
2.8831269603e-01
2.8833659052e-01
2.8836930031e-01
2.8840377366e-01
2.8843999538e-01
2.8847794691e-01
2.8850646269e-01
2.8853586176e-01
2.8856613270e-01
2.8859726255e-01
2.8862719802e-01
2.8865786120e-01
2.8868923701e-01
2.8872130874e-01
2.8875485025e-01
2.8878908029e-01
2.8882397498e-01
2.8885950830e-01
2.8890047302e-01
2.8894217567e-01
2.8898456813e-01
2.8902759865e-01
2.8906533964e-01
2.8910347980e-01
2.8914197927e-01
2.8918079650e-01
2.8922317723e-01
2.8926582360e-01
2.8930867697e-01
2.8935167713e-01
2.8940228343e-01
2.8945290598e-01
2.8950344210e-01
2.8955378832e-01
2.8961205106e-01
2.8966975232e-01
2.8972673067e-01
2.8978282730e-01
2.8983245549e-01
2.8988113240e-01
2.8992875085e-01
2.8997520718e-01
2.9002379929e-01
2.9007081008e-01
2.9011612601e-01
2.9015963939e-01
2.9020754956e-01
2.9025276975e-01
2.9029516412e-01
2.9033460771e-01
2.9037787517e-01
2.9041655541e-01
2.9045049372e-01
2.9047955684e-01
2.9050586294e-01
2.9052595985e-01
2.9053975543e-01
2.9054718707e-01
2.9054832172e-01
2.9054367784e-01
2.9053327455e-01
2.9051715462e-01
2.9049866393e-01
2.9047600855e-01
2.9044925987e-01
2.9041850325e-01
2.9038903224e-01
2.9035676197e-01
2.9032177160e-01
2.9028414830e-01
2.9024806264e-01
2.9020999122e-01
2.9017001507e-01
2.9012822068e-01
2.9008428887e-01
2.9003869868e-01
2.8999155564e-01
2.8994297059e-01
2.8988615201e-01
2.8982779866e-01
2.8976809565e-01
2.8970723458e-01
2.8966225086e-01
2.8961683440e-01
2.8957106410e-01
2.8952501951e-01
2.8948105733e-01
2.8943698819e-01
2.8939288051e-01
2.8934880220e-01
2.8930983163e-01
2.8927098261e-01
2.8923230014e-01
2.8919382817e-01
2.8915337039e-01
2.8911324576e-01
2.8907350158e-01
2.8903418319e-01
2.8899619948e-01
2.8895870227e-01
2.8892172770e-01
2.8888530974e-01
2.8885130277e-01
2.8881785064e-01
2.8878497680e-01
2.8875270295e-01
2.8871829972e-01
2.8868465356e-01
2.8865178570e-01
2.8861971529e-01
2.8858186486e-01
2.8854524269e-01
2.8850987216e-01
2.8847577336e-01
2.8844659932e-01
2.8841845005e-01
2.8839133440e-01
2.8836525994e-01
2.8833901807e-01
2.8831393683e-01
2.8829002157e-01
2.8826727681e-01
2.8824166709e-01
2.8821773541e-01
2.8819548600e-01
2.8817492224e-01
2.8814802929e-01
2.8812471351e-01
2.8810497937e-01
2.8808883000e-01
2.8807626754e-01
2.8806729344e-01
2.8806190865e-01
2.8806011366e-01
