0.0000000000e+00
1.5247639621e-03
3.0495279243e-03
4.5742918864e-03
6.0990558485e-03
7.5818216054e-03
9.0645873623e-03
1.0547353119e-02
1.2030118876e-02
1.3500561036e-02
1.4971003195e-02
1.6441445354e-02
1.7911887514e-02
1.9398762365e-02
2.0885637217e-02
2.2372512069e-02
2.3859386921e-02
2.5421837691e-02
2.6984288460e-02
2.8546739230e-02
3.0109190000e-02
3.2136515316e-02
3.4163840632e-02
3.6191165948e-02
3.8218491264e-02
3.9754218829e-02
4.1289946394e-02
4.2825673960e-02
4.4361401525e-02
4.5848616527e-02
4.7335831529e-02
4.8823046531e-02
5.0310261533e-02
5.1706273520e-02
5.3102285506e-02
5.4498297492e-02
5.5894309478e-02
5.7305082738e-02
5.8715855998e-02
6.0126629258e-02
6.1537402517e-02
6.2874479361e-02
6.4211556205e-02
6.5548633049e-02
6.6885709892e-02
6.8186211187e-02
6.9486712481e-02
7.0787213776e-02
7.2087715070e-02
7.3400267705e-02
7.4712820340e-02
7.6025372974e-02
7.7337925609e-02
7.8712959005e-02
8.0087992401e-02
8.1463025797e-02
8.2838059193e-02
8.4343762834e-02
8.5849466475e-02
8.7355170115e-02
8.8860873756e-02
9.0356475515e-02
9.1852077274e-02
9.3347679033e-02
9.4843280792e-02
9.6206055988e-02
9.7568831185e-02
9.8931606381e-02
1.0029438158e-01
1.0162321015e-01
1.0295203873e-01
1.0428086731e-01
1.0560969588e-01
1.0694499673e-01
1.0828029758e-01
1.0961559843e-01
1.1095089928e-01
1.1232851293e-01
1.1370612659e-01
1.1508374024e-01
1.1646135390e-01
1.1794117644e-01
1.1942099898e-01
1.2090082151e-01
1.2238064405e-01
1.2402685898e-01
1.2567307390e-01
1.2731928883e-01
1.2896550376e-01
1.3052023694e-01
1.3207497012e-01
1.3362970330e-01
1.3518443648e-01
1.3678826724e-01
1.3839209799e-01
1.3999592875e-01
1.4159975951e-01
1.4338963677e-01
1.4517951403e-01
1.4696939129e-01
1.4875926855e-01
1.5114590549e-01
1.5353254243e-01
1.5591917936e-01
1.5830581630e-01
1.6011431132e-01
1.6192280635e-01
1.6373130138e-01
1.6553979640e-01
1.6730214320e-01
1.6906448999e-01
1.7082683678e-01
1.7258918357e-01
1.7435634857e-01
1.7612351357e-01
1.7789067857e-01
1.7965784356e-01
1.8145706371e-01
1.8325628386e-01
1.8505550401e-01
1.8685472416e-01
1.8870695289e-01
1.9055918161e-01
1.9241141034e-01
1.9426363907e-01
1.9618892248e-01
1.9811420589e-01
2.0003948930e-01
2.0196477270e-01
2.0398571600e-01
2.0600665930e-01
2.0802760260e-01
2.1004854590e-01
2.1219621410e-01
2.1434388231e-01
2.1649155051e-01
2.1863921872e-01
2.2097275334e-01
2.2330628796e-01
2.2563982258e-01
2.2797335720e-01
2.3057792654e-01
2.3318249587e-01
2.3578706520e-01
2.3839163454e-01
2.4108939133e-01
2.4378714812e-01
2.4648490491e-01
2.4918266170e-01
2.5172362291e-01
2.5426458412e-01
2.5680554532e-01
2.5934650653e-01
2.6172560425e-01
2.6410470197e-01
2.6648379968e-01
2.6886289740e-01
2.7107125498e-01
2.7327961255e-01
2.7548797013e-01
2.7769632770e-01
2.7976999397e-01
2.8184366023e-01
2.8391732650e-01
2.8599099276e-01
2.8796174197e-01
2.8993249118e-01
2.9190324039e-01
2.9387398960e-01
2.9576379822e-01
2.9765360684e-01
2.9954341546e-01
3.0143322408e-01
3.0326072494e-01
3.0508822580e-01
3.0691572666e-01
3.0874322752e-01
3.1052657895e-01
3.1230993038e-01
3.1409328181e-01
3.1587663324e-01
3.1763681406e-01
3.1939699487e-01
3.2115717569e-01
3.2291735651e-01
3.2468600174e-01
3.2645464696e-01
3.2822329219e-01
3.2999193742e-01
3.3184554625e-01
3.3369915508e-01
3.3555276390e-01
3.3740637273e-01
3.3944837812e-01
3.4149038351e-01
3.4353238889e-01
3.4557439428e-01
3.4727907745e-01
3.4898376062e-01
3.5068844379e-01
3.5239312696e-01
3.5398826971e-01
3.5558341246e-01
3.5717855521e-01
3.5877369796e-01
3.6032723720e-01
3.6188077644e-01
3.6343431568e-01
3.6498785492e-01
3.6661279062e-01
3.6823772632e-01
3.6986266202e-01
3.7148759772e-01
3.7297005213e-01
3.7445250654e-01
3.7593496095e-01
3.7741741536e-01
3.7879943653e-01
3.8018145770e-01
3.8156347886e-01
3.8294550003e-01
3.8428342166e-01
3.8562134329e-01
3.8695926491e-01
3.8829718654e-01
3.8962430355e-01
3.9095142055e-01
3.9227853756e-01
3.9360565456e-01
3.9496113696e-01
3.9631661936e-01
3.9767210176e-01
3.9902758416e-01
4.0050743879e-01
4.0198729343e-01
4.0346714807e-01
4.0494700270e-01
4.0649190777e-01
4.0803681284e-01
4.0958171791e-01
4.1112662298e-01
4.1250173765e-01
4.1387685231e-01
4.1525196697e-01
4.1662708164e-01
4.1794402346e-01
4.1926096528e-01
4.2057790709e-01
4.2189484891e-01
4.2319293896e-01
4.2449102900e-01
4.2578911904e-01
4.2708720908e-01
4.2841409434e-01
4.2974097959e-01
4.3106786485e-01
4.3239475010e-01
4.3385857909e-01
4.3532240808e-01
4.3678623707e-01
4.3825006606e-01
4.3964088217e-01
4.4103169828e-01
4.4242251439e-01
4.4381333050e-01
4.4528120944e-01
4.4674908839e-01
4.4821696734e-01
4.4968484629e-01
4.5122161805e-01
4.5275838981e-01
4.5429516157e-01
4.5583193333e-01
4.5786686342e-01
4.5990179351e-01
4.6193672360e-01
4.6397165369e-01
4.6553089694e-01
4.6709014018e-01
4.6864938342e-01
4.7020862667e-01
4.7169660823e-01
4.7318458979e-01
4.7467257135e-01
4.7616055290e-01
4.7763219422e-01
4.7910383553e-01
4.8057547684e-01
4.8204711815e-01
4.8353251181e-01
4.8501790547e-01
4.8650329913e-01
4.8798869279e-01
4.8953411457e-01
4.9107953634e-01
4.9262495812e-01
4.9417037989e-01
4.9588801065e-01
4.9760564141e-01
4.9932327216e-01
5.0104090292e-01
5.0255842336e-01
5.0407594379e-01
5.0559346423e-01
5.0711098467e-01
5.0859067423e-01
5.1007036379e-01
5.1155005335e-01
5.1302974291e-01
5.1450094552e-01
5.1597214812e-01
5.1744335072e-01
5.1891455333e-01
5.2040945572e-01
5.2190435811e-01
5.2339926050e-01
5.2489416289e-01
5.2649766919e-01
5.2810117549e-01
5.2970468179e-01
5.3130818809e-01
5.3317145483e-01
5.3503472157e-01
5.3689798831e-01
5.3876125505e-01
5.4028317718e-01
5.4180509930e-01
5.4332702142e-01
5.4484894355e-01
5.4631187265e-01
5.4777480176e-01
5.4923773086e-01
5.5070065997e-01
5.5209495587e-01
5.5348925178e-01
5.5488354769e-01
5.5627784359e-01
5.5770517138e-01
5.5913249917e-01
5.6055982695e-01
5.6198715474e-01
5.6331839087e-01
5.6464962700e-01
5.6598086313e-01
5.6731209927e-01
5.6861169122e-01
5.6991128317e-01
5.7121087512e-01
5.7251046707e-01
5.7382586418e-01
5.7514126130e-01
5.7645665841e-01
5.7777205552e-01
5.7915310261e-01
5.8053414970e-01
5.8191519680e-01
5.8329624389e-01
5.8482526354e-01
5.8635428320e-01
5.8788330286e-01
5.8941232252e-01
5.9088685105e-01
5.9236137958e-01
5.9383590812e-01
5.9531043665e-01
5.9666813344e-01
5.9802583023e-01
5.9938352703e-01
6.0074122382e-01
6.0206928056e-01
6.0339733730e-01
6.0472539404e-01
6.0605345078e-01
6.0739082775e-01
6.0872820473e-01
6.1006558171e-01
6.1140295868e-01
6.1278625524e-01
6.1416955180e-01
6.1555284837e-01
6.1693614493e-01
6.1842530363e-01
6.1991446232e-01
6.2140362102e-01
6.2289277972e-01
6.2450858074e-01
6.2612438176e-01
6.2774018277e-01
6.2935598379e-01
6.3091126550e-01
6.3246654722e-01
6.3402182894e-01
6.3557711065e-01
6.3718567125e-01
6.3879423185e-01
6.4040279245e-01
6.4201135304e-01
6.4378593249e-01
6.4556051194e-01
6.4733509138e-01
6.4910967083e-01
6.5134217301e-01
6.5357467518e-01
6.5580717736e-01
6.5803967953e-01
6.5984865955e-01
6.6165763957e-01
6.6346661958e-01
6.6527559960e-01
6.6703732490e-01
6.6879905020e-01
6.7056077550e-01
6.7232250080e-01
6.7408818517e-01
6.7585386954e-01
6.7761955391e-01
6.7938523828e-01
6.8118222509e-01
6.8297921190e-01
6.8477619872e-01
6.8657318553e-01
6.8842240863e-01
6.9027163173e-01
6.9212085483e-01
6.9397007793e-01
6.9589144367e-01
6.9781280940e-01
6.9973417514e-01
7.0165554088e-01
7.0367127703e-01
7.0568701318e-01
7.0770274932e-01
7.0971848547e-01
7.1185792126e-01
7.1399735705e-01
7.1613679284e-01
7.1827622862e-01
7.2059866884e-01
7.2292110905e-01
7.2524354926e-01
7.2756598948e-01
7.3015944913e-01
7.3275290877e-01
7.3534636842e-01
7.3793982807e-01
7.4067125784e-01
7.4340268762e-01
7.4613411739e-01
7.4886554716e-01
7.5141460076e-01
7.5396365436e-01
7.5651270796e-01
7.5906176155e-01
7.6144643119e-01
7.6383110082e-01
7.6621577045e-01
7.6860044008e-01
7.7081098416e-01
7.7302152825e-01
7.7523207234e-01
7.7744261642e-01
7.7951814234e-01
7.8159366825e-01
7.8366919417e-01
7.8574472008e-01
7.8771733227e-01
7.8968994445e-01
7.9166255663e-01
7.9363516882e-01
7.9552667193e-01
7.9741817504e-01
7.9930967815e-01
8.0120118126e-01
8.0303011641e-01
8.0485905156e-01
8.0668798671e-01
8.0851692186e-01
8.1030136307e-01
8.1208580427e-01
8.1387024547e-01
8.1565468667e-01
8.1741549079e-01
8.1917629491e-01
8.2093709903e-01
8.2269790315e-01
8.2446652220e-01
8.2623514125e-01
8.2800376030e-01
8.2977237935e-01
8.3162735255e-01
8.3348232576e-01
8.3533729896e-01
8.3719227217e-01
8.3920180394e-01
8.4121133570e-01
8.4322086747e-01
8.4523039924e-01
8.4694933929e-01
8.4866827934e-01
8.5038721939e-01
8.5210615944e-01
8.5370539274e-01
8.5530462603e-01
8.5690385932e-01
8.5850309262e-01
8.6005672564e-01
8.6161035867e-01
8.6316399170e-01
8.6471762472e-01
8.6635511532e-01
8.6799260591e-01
8.6963009651e-01
8.7126758710e-01
8.7275681430e-01
8.7424604149e-01
8.7573526869e-01
8.7722449589e-01
8.7861078365e-01
8.7999707142e-01
8.8138335918e-01
8.8276964695e-01
8.8410913780e-01
8.8544862866e-01
8.8678811951e-01
8.8812761037e-01
8.8945521784e-01
8.9078282530e-01
8.9211043277e-01
8.9343804024e-01
8.9479464298e-01
8.9615124572e-01
8.9750784845e-01
8.9886445119e-01
9.0034645565e-01
9.0182846011e-01
9.0331046456e-01
9.0479246902e-01
9.0631606041e-01
9.0783965180e-01
9.0936324319e-01
9.1088683458e-01
9.1227244458e-01
9.1365805458e-01
9.1504366459e-01
9.1642927459e-01
9.1774871659e-01
9.1906815858e-01
9.2038760057e-01
9.2170704256e-01
9.2300655819e-01
9.2430607382e-01
9.2560558944e-01
9.2690510507e-01
9.2823277619e-01
9.2956044731e-01
9.3088811843e-01
9.3221578955e-01
9.3364781731e-01
9.3507984506e-01
9.3651187282e-01
9.3794390058e-01
9.3933930087e-01
9.4073470117e-01
9.4213010146e-01
9.4352550176e-01
9.4499981877e-01
9.4647413577e-01
9.4794845278e-01
9.4942276979e-01
9.5096163842e-01
9.5250050704e-01
9.5403937567e-01
9.5557824429e-01
9.5763453388e-01
9.5969082348e-01
9.6174711307e-01
9.6380340266e-01
9.6536251511e-01
9.6692162756e-01
9.6848074001e-01
9.7003985246e-01
9.7152760434e-01
9.7301535623e-01
9.7450310811e-01
9.7599086000e-01
9.7746163202e-01
9.7893240404e-01
9.8040317606e-01
9.8187394808e-01
9.8335706850e-01
9.8484018893e-01
9.8632330935e-01
9.8780642977e-01
9.8933062605e-01
9.9085482233e-01
9.9237901861e-01
9.9390321489e-01
9.9542741116e-01
9.9695160744e-01
9.9847580372e-01
1.0000000000e+00
