0.0000000000e+00
8.6960370747e-03
1.7392074149e-02
2.6088111224e-02
3.4784148299e-02
3.9360069164e-02
4.3935990030e-02
4.8511910895e-02
5.3087831761e-02
5.5982960973e-02
5.8878090185e-02
6.1773219398e-02
6.4668348610e-02
6.6712475668e-02
6.8756602726e-02
7.0800729784e-02
7.2844856842e-02
7.4387705236e-02
7.5930553630e-02
7.7473402025e-02
7.9016250419e-02
8.0241640670e-02
8.1467030921e-02
8.2692421173e-02
8.3917811424e-02
8.4943018355e-02
8.5968225286e-02
8.6993432216e-02
8.8018639147e-02
8.8927552888e-02
8.9836466629e-02
9.0745380369e-02
9.1654294110e-02
9.2653971078e-02
9.3653648046e-02
9.4653325014e-02
9.5653001982e-02
9.6359840743e-02
9.7066679504e-02
9.7773518265e-02
9.8480357026e-02
9.9032960043e-02
9.9585563059e-02
1.0013816608e-01
1.0069076909e-01
1.0117915909e-01
1.0166754909e-01
1.0215593908e-01
1.0264432908e-01
1.0314132084e-01
1.0363831260e-01
1.0413530436e-01
1.0463229611e-01
1.0510554816e-01
1.0557880020e-01
1.0605205225e-01
1.0652530429e-01
1.0699339460e-01
1.0746148492e-01
1.0792957523e-01
1.0839766554e-01
1.0880685337e-01
1.0921604120e-01
1.0962522903e-01
1.1003441686e-01
1.1051865665e-01
1.1100289643e-01
1.1148713622e-01
1.1197137600e-01
1.1238660008e-01
1.1280182416e-01
1.1321704824e-01
1.1363227232e-01
1.1412524953e-01
1.1461822675e-01
1.1511120397e-01
1.1560418118e-01
1.1612427585e-01
1.1664437052e-01
1.1716446519e-01
1.1768455986e-01
1.1826043138e-01
1.1883630289e-01
1.1941217441e-01
1.1998804593e-01
1.2055881397e-01
1.2112958202e-01
1.2170035006e-01
1.2227111810e-01
1.2290534773e-01
1.2353957737e-01
1.2417380701e-01
1.2480803664e-01
1.2557338294e-01
1.2633872925e-01
1.2710407555e-01
1.2786942185e-01
1.2886494825e-01
1.2986047465e-01
1.3085600105e-01
1.3185152745e-01
1.3308218370e-01
1.3431283994e-01
1.3554349618e-01
1.3677415242e-01
1.3790877076e-01
1.3904338910e-01
1.4017800744e-01
1.4131262578e-01
1.4255803625e-01
1.4380344671e-01
1.4504885718e-01
1.4629426765e-01
1.4772896224e-01
1.4916365682e-01
1.5059835141e-01
1.5203304600e-01
1.5376335343e-01
1.5549366087e-01
1.5722396831e-01
1.5895427575e-01
1.6117303066e-01
1.6339178556e-01
1.6561054047e-01
1.6782929538e-01
1.7077698699e-01
1.7372467859e-01
1.7667237020e-01
1.7962006181e-01
1.8307813924e-01
1.8653621667e-01
1.8999429411e-01
1.9345237154e-01
1.9671742903e-01
1.9998248652e-01
2.0324754402e-01
2.0651260151e-01
2.0932255258e-01
2.1213250365e-01
2.1494245472e-01
2.1775240579e-01
2.2029274262e-01
2.2283307946e-01
2.2537341630e-01
2.2791375313e-01
2.3045216401e-01
2.3299057489e-01
2.3552898577e-01
2.3806739665e-01
2.4060400995e-01
2.4314062325e-01
2.4567723656e-01
2.4821384986e-01
2.5065448213e-01
2.5309511441e-01
2.5553574668e-01
2.5797637896e-01
2.6061664724e-01
2.6325691553e-01
2.6589718382e-01
2.6853745211e-01
2.7121706377e-01
2.7389667542e-01
2.7657628708e-01
2.7925589874e-01
2.8243022010e-01
2.8560454145e-01
2.8877886281e-01
2.9195318416e-01
2.9535746220e-01
2.9876174025e-01
3.0216601829e-01
3.0557029633e-01
3.0871075789e-01
3.1185121945e-01
3.1499168102e-01
3.1813214258e-01
3.2068234012e-01
3.2323253766e-01
3.2578273521e-01
3.2833293275e-01
3.3031423824e-01
3.3229554373e-01
3.3427684922e-01
3.3625815471e-01
3.3790380838e-01
3.3954946206e-01
3.4119511573e-01
3.4284076940e-01
3.4425567694e-01
3.4567058448e-01
3.4708549202e-01
3.4850039956e-01
3.4975107457e-01
3.5100174958e-01
3.5225242459e-01
3.5350309960e-01
3.5464289821e-01
3.5578269683e-01
3.5692249544e-01
3.5806229406e-01
3.5921978496e-01
3.6037727587e-01
3.6153476678e-01
3.6269225768e-01
3.6370519516e-01
3.6471813263e-01
3.6573107011e-01
3.6674400759e-01
3.6764923410e-01
3.6855446061e-01
3.6945968712e-01
3.7036491364e-01
3.7107560640e-01
3.7178629917e-01
3.7249699194e-01
3.7320768470e-01
3.7382652124e-01
3.7444535778e-01
3.7506419432e-01
3.7568303086e-01
3.7624763000e-01
3.7681222913e-01
3.7737682827e-01
3.7794142741e-01
3.7855736095e-01
3.7917329448e-01
3.7978922802e-01
3.8040516156e-01
3.8092817957e-01
3.8145119757e-01
3.8197421558e-01
3.8249723359e-01
3.8298216534e-01
3.8346709710e-01
3.8395202886e-01
3.8443696061e-01
3.8485946702e-01
3.8528197343e-01
3.8570447984e-01
3.8612698625e-01
3.8664971496e-01
3.8717244366e-01
3.8769517237e-01
3.8821790107e-01
3.8863416048e-01
3.8905041988e-01
3.8946667929e-01
3.8988293869e-01
3.9032458054e-01
3.9076622240e-01
3.9120786425e-01
3.9164950610e-01
3.9213414331e-01
3.9261878051e-01
3.9310341772e-01
3.9358805492e-01
3.9407433583e-01
3.9456061673e-01
3.9504689764e-01
3.9553317854e-01
3.9603213841e-01
3.9653109828e-01
3.9703005814e-01
3.9752901801e-01
3.9812986266e-01
3.9873070731e-01
3.9933155196e-01
3.9993239662e-01
4.0071498151e-01
4.0149756639e-01
4.0228015128e-01
4.0306273617e-01
4.0394422488e-01
4.0482571360e-01
4.0570720232e-01
4.0658869103e-01
4.0756925889e-01
4.0854982675e-01
4.0953039460e-01
4.1051096246e-01
4.1170848354e-01
4.1290600461e-01
4.1410352568e-01
4.1530104675e-01
4.1694766897e-01
4.1859429118e-01
4.2024091340e-01
4.2188753561e-01
4.2457399049e-01
4.2726044536e-01
4.2994690024e-01
4.3263335512e-01
4.3852022637e-01
4.4440709763e-01
4.5029396888e-01
4.5618084014e-01
4.6932221997e-01
4.8246359979e-01
4.9560497962e-01
5.0874635945e-01
5.1647395165e-01
5.2420154384e-01
5.3192913604e-01
5.3965672823e-01
5.4378692084e-01
5.4791711344e-01
5.5204730605e-01
5.5617749865e-01
5.5884996921e-01
5.6152243977e-01
5.6419491032e-01
5.6686738088e-01
5.6877141617e-01
5.7067545147e-01
5.7257948676e-01
5.7448352205e-01
5.7593625544e-01
5.7738898882e-01
5.7884172221e-01
5.8029445559e-01
5.8146425487e-01
5.8263405416e-01
5.8380385344e-01
5.8497365272e-01
5.8596363593e-01
5.8695361914e-01
5.8794360235e-01
5.8893358556e-01
5.8983469640e-01
5.9073580724e-01
5.9163691808e-01
5.9253802891e-01
5.9339159817e-01
5.9424516742e-01
5.9509873667e-01
5.9595230593e-01
5.9665825084e-01
5.9736419575e-01
5.9807014065e-01
5.9877608556e-01
5.9932016231e-01
5.9986423905e-01
6.0040831580e-01
6.0095239254e-01
6.0143884023e-01
6.0192528792e-01
6.0241173561e-01
6.0289818330e-01
6.0349627388e-01
6.0409436447e-01
6.0469245506e-01
6.0529054564e-01
6.0575201846e-01
6.0621349128e-01
6.0667496410e-01
6.0713643692e-01
6.0755248777e-01
6.0796853863e-01
6.0838458948e-01
6.0880064034e-01
6.0922906896e-01
6.0965749759e-01
6.1008592621e-01
6.1051435483e-01
6.1094788707e-01
6.1138141931e-01
6.1181495155e-01
6.1224848379e-01
6.1267148021e-01
6.1309447662e-01
6.1351747304e-01
6.1394046946e-01
6.1443015888e-01
6.1491984830e-01
6.1540953772e-01
6.1589922714e-01
6.1644952941e-01
6.1699983169e-01
6.1755013396e-01
6.1810043624e-01
6.1866020717e-01
6.1921997810e-01
6.1977974904e-01
6.2033951997e-01
6.2091852943e-01
6.2149753890e-01
6.2207654836e-01
6.2265555783e-01
6.2329933425e-01
6.2394311067e-01
6.2458688710e-01
6.2523066352e-01
6.2602894720e-01
6.2682723089e-01
6.2762551457e-01
6.2842379825e-01
6.2940335375e-01
6.3038290925e-01
6.3136246475e-01
6.3234202025e-01
6.3352135022e-01
6.3470068020e-01
6.3588001018e-01
6.3705934016e-01
6.3820028802e-01
6.3934123589e-01
6.4048218375e-01
6.4162313162e-01
6.4287962678e-01
6.4413612194e-01
6.4539261709e-01
6.4664911225e-01
6.4810085342e-01
6.4955259459e-01
6.5100433576e-01
6.5245607693e-01
6.5421470063e-01
6.5597332433e-01
6.5773194803e-01
6.5949057174e-01
6.6175262334e-01
6.6401467495e-01
6.6627672656e-01
6.6853877817e-01
6.7151356278e-01
6.7448834740e-01
6.7746313201e-01
6.8043791663e-01
6.8395895072e-01
6.8747998481e-01
6.9100101891e-01
6.9452205300e-01
6.9791628180e-01
7.0131051060e-01
7.0470473940e-01
7.0809896820e-01
7.1090289007e-01
7.1370681193e-01
7.1651073380e-01
7.1931465566e-01
7.2188472520e-01
7.2445479473e-01
7.2702486427e-01
7.2959493381e-01
7.3226276030e-01
7.3493058680e-01
7.3759841330e-01
7.4026623980e-01
7.4266571323e-01
7.4506518666e-01
7.4746466010e-01
7.4986413353e-01
7.5230517273e-01
7.5474621193e-01
7.5718725113e-01
7.5962829033e-01
7.6226202818e-01
7.6489576602e-01
7.6752950386e-01
7.7016324171e-01
7.7287086488e-01
7.7557848805e-01
7.7828611123e-01
7.8099373440e-01
7.8416606071e-01
7.8733838701e-01
7.9051071332e-01
7.9368303962e-01
7.9712872982e-01
8.0057442002e-01
8.0402011021e-01
8.0746580041e-01
8.1051444856e-01
8.1356309672e-01
8.1661174488e-01
8.1966039303e-01
8.2210064018e-01
8.2454088733e-01
8.2698113448e-01
8.2942138163e-01
8.3134832779e-01
8.3327527394e-01
8.3520222010e-01
8.3712916626e-01
8.3874096197e-01
8.4035275768e-01
8.4196455338e-01
8.4357634909e-01
8.4496522829e-01
8.4635410748e-01
8.4774298667e-01
8.4913186587e-01
8.5036486558e-01
8.5159786530e-01
8.5283086501e-01
8.5406386473e-01
8.5519761485e-01
8.5633136496e-01
8.5746511508e-01
8.5859886520e-01
8.5979111538e-01
8.6098336557e-01
8.6217561575e-01
8.6336786594e-01
8.6436169106e-01
8.6535551618e-01
8.6634934130e-01
8.6734316643e-01
8.6822202549e-01
8.6910088455e-01
8.6997974361e-01
8.7085860268e-01
8.7154803512e-01
8.7223746756e-01
8.7292690000e-01
8.7361633244e-01
8.7422605509e-01
8.7483577775e-01
8.7544550040e-01
8.7605522306e-01
8.7661564487e-01
8.7717606668e-01
8.7773648849e-01
8.7829691031e-01
8.7902506731e-01
8.7975322432e-01
8.8048138133e-01
8.8120953833e-01
8.8170182278e-01
8.8219410724e-01
8.8268639169e-01
8.8317867614e-01
8.8363151379e-01
8.8408435144e-01
8.8453718909e-01
8.8499002673e-01
8.8540575575e-01
8.8582148478e-01
8.8623721380e-01
8.8665294282e-01
8.8713036979e-01
8.8760779675e-01
8.8808522372e-01
8.8856265069e-01
8.8897501581e-01
8.8938738094e-01
8.8979974607e-01
8.9021211120e-01
8.9064661795e-01
8.9108112471e-01
8.9151563147e-01
8.9195013822e-01
8.9246980303e-01
8.9298946784e-01
8.9350913264e-01
8.9402879745e-01
8.9451418436e-01
8.9499957126e-01
8.9548495816e-01
8.9597034507e-01
8.9648402376e-01
8.9699770246e-01
8.9751138116e-01
8.9802505985e-01
8.9869595486e-01
8.9936684987e-01
9.0003774488e-01
9.0070863989e-01
9.0164715272e-01
9.0258566555e-01
9.0352417838e-01
9.0446269121e-01
9.0537598771e-01
9.0628928421e-01
9.0720258071e-01
9.0811587721e-01
9.0916153024e-01
9.1020718328e-01
9.1125283631e-01
9.1229848935e-01
9.1362747488e-01
9.1495646042e-01
9.1628544595e-01
9.1761443149e-01
9.1952603478e-01
9.2143763807e-01
9.2334924136e-01
9.2526084465e-01
9.2858531049e-01
9.3190977633e-01
9.3523424217e-01
9.3855870801e-01
9.4603725577e-01
9.5351580353e-01
9.6099435129e-01
9.6847289905e-01
9.7635467429e-01
9.8423644952e-01
9.9211822476e-01
1.0000000000e+00
