8.7418586164e-08
1.3698578873e-07
3.2991534556e-07
8.6620903431e-07
2.3800313779e-06
4.5205167264e-06
8.5478763809e-06
1.6162670292e-05
3.0662646745e-05
4.8162965720e-05
7.5591503156e-05
1.1863758558e-04
1.8630104736e-04
2.6119034800e-04
3.6610608409e-04
5.1313858908e-04
7.1927082678e-04
9.4362601455e-04
1.2377888031e-03
1.6234749661e-03
2.1291291716e-03
2.6813389706e-03
3.3761124221e-03
4.2499958631e-03
5.3487252346e-03
6.8166358153e-03
8.6829740397e-03
1.1053500075e-02
1.4060423211e-02
1.6756871998e-02
1.9957734173e-02
2.3752135595e-02
2.8242695675e-02
3.2308425559e-02
3.6932158317e-02
4.2182062922e-02
4.8132017891e-02
5.3939891738e-02
6.0392874264e-02
6.7548343824e-02
7.5465132470e-02
8.4810429891e-02
9.5159613081e-02
1.0658053843e-01
1.1913540649e-01
1.3132950729e-01
1.4449841077e-01
1.5866299230e-01
1.7383284559e-01
1.8825098640e-01
2.0345859331e-01
2.1943328714e-01
2.3614230909e-01
2.5426648352e-01
2.7307868260e-01
2.9250731269e-01
3.1247096627e-01
3.3244972050e-01
3.5276535703e-01
3.7332427285e-01
3.9403117195e-01
4.1527313558e-01
4.3647096987e-01
4.5752959183e-01
4.7835972402e-01
5.0155094669e-01
5.2423774699e-01
5.4632744645e-01
5.6774172876e-01
5.9380048322e-01
6.1857514408e-01
6.4199919225e-01
6.6403477953e-01
6.8283788045e-01
7.0048957571e-01
7.1700663845e-01
7.3241532228e-01
7.4838061814e-01
7.6305702302e-01
7.7650618152e-01
7.8879375713e-01
8.0243226962e-01
8.1453960305e-01
8.2524180064e-01
8.3466097981e-01
8.4491995417e-01
8.5353200562e-01
8.6069868628e-01
8.6660224228e-01
8.7207558247e-01
8.7629481266e-01
8.7945236307e-01
8.8171284207e-01
8.8322414942e-01
8.8408619636e-01
8.8439835251e-01
8.8424182926e-01
8.8358776517e-01
8.8249487356e-01
8.8101297152e-01
8.7917298531e-01
8.7697915658e-01
8.7443427580e-01
8.7151787630e-01
8.6819234441e-01
8.6422892740e-01
8.5967589468e-01
8.5442462551e-01
8.4834033842e-01
8.4281189505e-01
8.3656140523e-01
8.2948060964e-01
8.2144784454e-01
8.1443165844e-01
8.0668364894e-01
7.9812909302e-01
7.8868902249e-01
7.7967120707e-01
7.6986112802e-01
7.5920177526e-01
7.4763640800e-01
7.3589899995e-01
7.2326983358e-01
7.0970905674e-01
6.9518205864e-01
6.7878165792e-01
6.6125408117e-01
6.4259249365e-01
6.2280779684e-01
6.0573948388e-01
5.8796455586e-01
5.6952557107e-01
5.5047862332e-01
5.3277663797e-01
5.1469705017e-01
4.9631268692e-01
4.7770616213e-01
4.5806066523e-01
4.3838785722e-01
4.1881175732e-01
3.9946260833e-01
3.8155323633e-01
3.6407796976e-01
3.4714853684e-01
3.3087319237e-01
3.1360857015e-01
2.9741891561e-01
2.8242307295e-01
2.6872514805e-01
2.5446873031e-01
2.4222380061e-01
2.3207933886e-01
2.2410100385e-01
2.1871995205e-01
2.1522921566e-01
2.1364295342e-01
2.1396724447e-01
2.1640585279e-01
2.2099186658e-01
2.2770363201e-01
2.3650625302e-01
2.4521495429e-01
2.5524841951e-01
2.6655945034e-01
2.7909003541e-01
2.9243979902e-01
3.0681111192e-01
3.2211790025e-01
3.3826441005e-01
3.5495278710e-01
3.7225251004e-01
3.9005148979e-01
4.0823508669e-01
4.2757223869e-01
4.4707500024e-01
4.6661818567e-01
4.8608362592e-01
5.0708794615e-01
5.2774248653e-01
5.4793569813e-01
5.6757259065e-01
5.8847666204e-01
6.0852811098e-01
6.2766689693e-01
6.4585313237e-01
6.6407964794e-01
6.8120266704e-01
6.9723102063e-01
7.1218676063e-01
7.2749082263e-01
7.4158243563e-01
7.5452432537e-01
7.6638446962e-01
7.8017468617e-01
7.9244239783e-01
8.0333732916e-01
8.1300308385e-01
8.2397732068e-01
8.3336548184e-01
8.4140966103e-01
8.4832092561e-01
8.5440765202e-01
8.5966098937e-01
8.6421578347e-01
8.6818071727e-01
8.7143382126e-01
8.7429580649e-01
8.7680229954e-01
8.7897333134e-01
8.8068267212e-01
8.8210283620e-01
8.8321422058e-01
8.8398490698e-01
8.8436635503e-01
8.8432081158e-01
8.8377722773e-01
8.8264786234e-01
8.8103785779e-01
8.7877162989e-01
8.7574072796e-01
8.7181948786e-01
8.6769668578e-01
8.6273320108e-01
8.5681859334e-01
8.4983071272e-01
8.4324240792e-01
8.3577202306e-01
8.2733566889e-01
8.1784471810e-01
8.0879948306e-01
7.9885078929e-01
7.8793712151e-01
7.7599663124e-01
7.6387489201e-01
7.5075742250e-01
7.3659851210e-01
7.2135633273e-01
7.0572507370e-01
6.8904275139e-01
6.7129123770e-01
6.5246188508e-01
6.3330406751e-01
6.1316234575e-01
5.9206440359e-01
5.7005299392e-01
5.5008841552e-01
5.2952045618e-01
5.0841105185e-01
4.8683321855e-01
4.6563201116e-01
4.4415718970e-01
4.2250174221e-01
4.0076555755e-01
3.7971485239e-01
3.5878627412e-01
3.3807966511e-01
3.1769369955e-01
2.9769525183e-01
2.7820445498e-01
2.5930393997e-01
2.4106709862e-01
2.2159437819e-01
2.0309435898e-01
1.8561840833e-01
1.6919947548e-01
1.5362286583e-01
1.3915081355e-01
1.2576716016e-01
1.1344297956e-01
1.0166856863e-01
9.0951077316e-02
8.1230160134e-02
7.2441293826e-02
6.2752565292e-02
5.4263310170e-02
4.6850255374e-02
4.0395946090e-02
3.3269554984e-02
2.7356227438e-02
2.2464091316e-02
1.8426597314e-02
1.4648437861e-02
1.1634003052e-02
9.2329168715e-03
7.3228410478e-03
5.6000815673e-03
4.2806863025e-03
3.2709259885e-03
2.4985172786e-03
1.7278224305e-03
1.1947655504e-03
8.2600280183e-04
5.7082539520e-04
3.1548125110e-04
1.7472780102e-04
9.6761477077e-05
5.3414972923e-05
1.7526509068e-05
6.0545545272e-06
2.0788285255e-06
6.8673449744e-07
1.9661759047e-07
9.4565117652e-08
1.4312312113e-07
4.7148217506e-07
1.0354484147e-06
2.2596579779e-06
4.9358826526e-06
1.0886675135e-05
1.8464397891e-05
3.1262259845e-05
5.2929062974e-05
8.9725473717e-05
1.3168758952e-04
1.9320433541e-04
2.8344794850e-04
4.1593200035e-04
5.6050329731e-04
7.5521024356e-04
1.0174719022e-03
1.3707615729e-03
1.7550880620e-03
2.2468038038e-03
2.8758078774e-03
3.6802293859e-03
4.6902528820e-03
5.9753210665e-03
7.6092679221e-03
9.6850020008e-03
1.1954626516e-02
1.4746461582e-02
1.8175854843e-02
2.2381000546e-02
2.5976346858e-02
3.0127550089e-02
3.4913049912e-02
4.0419719955e-02
4.5601396203e-02
5.1403129344e-02
5.7887034894e-02
6.5118147199e-02
7.3853319121e-02
8.3626586788e-02
9.4523295705e-02
1.0662516000e-01
1.1902557026e-01
1.3258500704e-01
1.4734402289e-01
1.6332875025e-01
1.7733516746e-01
1.9216409324e-01
2.0780001829e-01
2.2421672359e-01
2.4529396309e-01
2.6739132283e-01
2.9039503826e-01
3.1417082103e-01
3.3718906063e-01
3.6062303201e-01
3.8432988442e-01
4.0816515539e-01
4.3153613043e-01
4.5476460733e-01
4.7772985030e-01
5.0032124126e-01
5.2559048617e-01
5.5011273628e-01
5.7378211963e-01
5.9651453115e-01
6.1871938093e-01
6.3983218438e-01
6.5982467765e-01
6.7868498496e-01
6.9730194462e-01
7.1468581092e-01
7.3086452963e-01
7.4587514605e-01
7.6149854049e-01
7.7575568191e-01
7.8872267322e-01
8.0047841411e-01
8.1444105543e-01
8.2656968662e-01
8.3704552844e-01
8.4604013723e-01
8.5709393086e-01
8.6566146029e-01
8.7216325899e-01
8.7695831320e-01
8.7995299921e-01
8.8206812579e-01
8.8344128379e-01
8.8418767014e-01
8.8440013805e-01
8.8410569053e-01
8.8337682942e-01
8.8226828153e-01
8.8071177925e-01
8.7879587401e-01
8.7653105581e-01
8.7391051525e-01
8.7027735135e-01
8.6602770558e-01
8.6105055641e-01
8.5519423496e-01
8.4986834915e-01
8.4376898899e-01
8.3676113836e-01
8.2868857807e-01
8.2209161349e-01
8.1477108675e-01
8.0664620205e-01
7.9763041271e-01
7.8918959884e-01
7.7997843845e-01
7.6993629753e-01
7.5900175447e-01
7.4814361549e-01
7.3643830928e-01
7.2384214147e-01
7.1031502093e-01
6.9444448914e-01
6.7738686941e-01
6.5911954324e-01
6.3963677974e-01
6.2259338403e-01
6.0474747986e-01
5.8613379096e-01
5.6680191987e-01
5.4932428640e-01
5.3140059543e-01
5.1309642850e-01
4.9448783077e-01
4.7534367479e-01
4.5607494398e-01
4.3679157990e-01
4.1761104701e-01
3.9937105895e-01
3.8145295849e-01
3.6397005083e-01
3.4703425992e-01
3.2877248969e-01
3.1148625335e-01
2.9530959030e-01
2.8036256882e-01
2.6409976351e-01
2.4993480140e-01
2.3798787483e-01
2.2834931712e-01
2.2204785863e-01
2.1747026960e-01
2.1463445770e-01
2.1355075338e-01
2.1423537368e-01
2.1670175619e-01
2.2094087760e-01
2.2693615780e-01
2.3407116556e-01
2.4267647022e-01
2.5271360157e-01
2.6413313823e-01
2.7570140290e-01
2.8831224350e-01
3.0190008517e-01
3.1639014816e-01
3.3433182828e-01
3.5324196656e-01
3.7296253960e-01
3.9332732869e-01
4.1168447728e-01
4.3029268816e-01
4.4903727001e-01
4.6780787828e-01
4.8851097091e-01
5.0898748950e-01
5.2912027388e-01
5.4880668311e-01
5.7527123626e-01
6.0051960411e-01
6.2441824509e-01
6.4688182395e-01
6.6451035061e-01
6.8110158481e-01
6.9666372462e-01
7.1121666106e-01
7.2616436628e-01
7.3996440447e-01
7.5267354287e-01
7.6435349311e-01
7.7822333543e-01
7.9058115626e-01
8.0157256000e-01
8.1133774583e-01
8.2187531969e-01
8.3098035609e-01
8.3885673662e-01
8.4568453136e-01
8.5186058707e-01
8.5721751874e-01
8.6188332449e-01
8.6596345316e-01
8.6980055387e-01
8.7313665793e-01
8.7602875762e-01
8.7851091172e-01
8.8028552942e-01
8.8177541757e-01
8.8296404091e-01
8.8382286385e-01
8.8429657000e-01
8.8438615434e-01
8.8403131004e-01
8.8315755035e-01
8.8173195874e-01
8.7963756501e-01
8.7675907445e-01
8.7296175746e-01
8.6883604765e-01
8.6379970669e-01
8.5772518173e-01
8.5047038644e-01
8.4403773221e-01
8.3674940036e-01
8.2852453782e-01
8.1927767979e-01
8.1034371168e-01
8.0050971092e-01
7.8971362089e-01
7.7789290436e-01
7.6617091912e-01
7.5349977829e-01
7.3983581611e-01
7.2513869155e-01
7.0565140311e-01
6.8450376130e-01
6.6166237848e-01
6.3711884000e-01
6.1871586890e-01
5.9948852620e-01
5.7946671678e-01
5.5869209088e-01
5.3950550464e-01
5.1980729105e-01
4.9965433352e-01
4.7911233826e-01
4.5886004447e-01
4.3838629634e-01
4.1777284829e-01
3.9710677324e-01
3.7575136595e-01
3.5454125877e-01
3.3358084233e-01
3.1297279407e-01
2.9375392773e-01
2.7502483452e-01
2.5685858846e-01
2.3931999395e-01
2.2026209470e-01
2.0214718908e-01
1.8502290073e-01
1.6891971186e-01
1.5276470324e-01
1.3780342539e-01
1.2401653735e-01
1.1137004521e-01
9.9965869661e-02
8.9574644830e-02
8.0138315171e-02
7.1595213907e-02
6.2232998381e-02
5.4004587716e-02
4.6795838032e-02
4.0497945826e-02
3.3338754658e-02
2.7400654846e-02
2.2490144729e-02
1.8439296747e-02
1.4783164300e-02
1.1841527016e-02
9.4784689669e-03
7.5825196230e-03
5.8406623590e-03
4.4969220196e-03
3.4610480895e-03
2.6629123563e-03
1.8801474431e-03
1.3273177539e-03
9.3685848642e-04
6.6103734514e-04
3.8494862283e-04
2.2445998146e-04
1.3086797701e-04
7.6147570408e-05
2.9689613983e-05
1.1836864070e-05
4.7117157703e-06
1.8253903302e-06
7.1395966789e-07
2.9035591266e-07
1.2990294337e-07
8.7406884530e-08
