2.5220684528e-01
2.5240657861e-01
2.5300609486e-01
2.5400634359e-01
2.5540890922e-01
2.5630440442e-01
2.5731116525e-01
2.5842962878e-01
2.5966028056e-01
2.6049647344e-01
2.6137786854e-01
2.6230461881e-01
2.6327688506e-01
2.6398822534e-01
2.6472223561e-01
2.6547897892e-01
2.6625852026e-01
2.6686132272e-01
2.6747714992e-01
2.6810603191e-01
2.6874799940e-01
2.6926868233e-01
2.6979770198e-01
2.7033507471e-01
2.7088081713e-01
2.7134561310e-01
2.7181633402e-01
2.7229299012e-01
2.7277559176e-01
2.7321627657e-01
2.7366182079e-01
2.7411223217e-01
2.7456751844e-01
2.7499905582e-01
2.7543489618e-01
2.7587504557e-01
2.7631950976e-01
2.7667703855e-01
2.7703731696e-01
2.7740034702e-01
2.7776613021e-01
2.7806615107e-01
2.7836799957e-01
2.7867167514e-01
2.7897717654e-01
2.7925170064e-01
2.7952767871e-01
2.7980510776e-01
2.8008398379e-01
2.8039120978e-01
2.8070015807e-01
2.8101081740e-01
2.8132317359e-01
2.8159741297e-01
2.8187291955e-01
2.8214967629e-01
2.8242766306e-01
2.8267490680e-01
2.8292307837e-01
2.8317215637e-01
2.8342211667e-01
2.8368930623e-01
2.8395742969e-01
2.8422644648e-01
2.8449631185e-01
2.8475790152e-01
2.8502019009e-01
2.8528312584e-01
2.8554665355e-01
2.8581540691e-01
2.8608464747e-01
2.8635430693e-01
2.8662431421e-01
2.8692387769e-01
2.8722367498e-01
2.8752360066e-01
2.8782354764e-01
2.8821140687e-01
2.8859888576e-01
2.8898575088e-01
2.8937177214e-01
2.8972492113e-01
2.9007700219e-01
2.9042785251e-01
2.9077731574e-01
2.9114622084e-01
2.9151322916e-01
2.9187818147e-01
2.9224092857e-01
2.9266013385e-01
2.9307596207e-01
2.9348822913e-01
2.9389676852e-01
2.9443714625e-01
2.9497027589e-01
2.9549589221e-01
2.9601377409e-01
2.9665025517e-01
2.9727408636e-01
2.9788507002e-01
2.9848307567e-01
2.9904041397e-01
2.9958589625e-01
3.0011953535e-01
3.0064137337e-01
3.0119289257e-01
3.0173078128e-01
3.0225517425e-01
3.0276622525e-01
3.0333662060e-01
3.0388993507e-01
3.0442645963e-01
3.0494649710e-01
3.0555213976e-01
3.0613481491e-01
3.0669508429e-01
3.0723351139e-01
3.0789535763e-01
3.0852312829e-01
3.0911799192e-01
3.0968109465e-01
3.1037715273e-01
3.1102239964e-01
3.1161925059e-01
3.1217003746e-01
3.1278583755e-01
3.1333975049e-01
3.1383561414e-01
3.1427712730e-01
3.1459761962e-01
3.1488660471e-01
3.1514590484e-01
3.1537731349e-01
3.1556938017e-01
3.1574019012e-01
3.1589115242e-01
3.1602366753e-01
3.1612651215e-01
3.1621699678e-01
3.1629606610e-01
3.1636465266e-01
3.1642274631e-01
3.1647244450e-01
3.1651456808e-01
3.1654990235e-01
3.1657747692e-01
3.1660032217e-01
3.1661895607e-01
3.1663384220e-01
3.1664542191e-01
3.1665397135e-01
3.1665975678e-01
3.1666296698e-01
3.1666369962e-01
3.1666188569e-01
3.1665746092e-01
3.1665027203e-01
3.1664005710e-01
3.1662650251e-01
3.1660920696e-01
3.1658769823e-01
3.1655911110e-01
3.1652423160e-01
3.1648224612e-01
3.1643228720e-01
3.1636102745e-01
3.1627552795e-01
3.1617413446e-01
3.1605515850e-01
3.1591324019e-01
3.1574921293e-01
3.1556120709e-01
3.1534734024e-01
3.1504589639e-01
3.1469885000e-01
3.1430256067e-01
3.1385330324e-01
3.1344705649e-01
3.1300127823e-01
3.1251379229e-01
3.1198235074e-01
3.1153994812e-01
3.1106878311e-01
3.1056771566e-01
3.1003557363e-01
3.0958106246e-01
3.0910473010e-01
3.0860590796e-01
3.0808391473e-01
3.0762686679e-01
3.0715255222e-01
3.0666055037e-01
3.0615043788e-01
3.0569307045e-01
3.0522148706e-01
3.0473541324e-01
3.0423457799e-01
3.0377390683e-01
3.0330102949e-01
3.0281576764e-01
3.0231795154e-01
3.0183593571e-01
3.0134244791e-01
3.0083737823e-01
3.0032063279e-01
2.9979992117e-01
2.9926774856e-01
2.9872409079e-01
2.9816895388e-01
2.9766490856e-01
2.9715184617e-01
2.9662985272e-01
2.9609904771e-01
2.9568670944e-01
2.9526938228e-01
2.9484716926e-01
2.9442019050e-01
2.9405590156e-01
2.9368840479e-01
2.9331780508e-01
2.9294421837e-01
2.9260384962e-01
2.9226124387e-01
2.9191651183e-01
2.9156977238e-01
2.9122920337e-01
2.9088696583e-01
2.9054319318e-01
2.9019802596e-01
2.8986256834e-01
2.8952608034e-01
2.8918870629e-01
2.8885059488e-01
2.8854540518e-01
2.8823985376e-01
2.8793405519e-01
2.8762812457e-01
2.8736357888e-01
2.8709909436e-01
2.8683474401e-01
2.8657059964e-01
2.8630390348e-01
2.8603755997e-01
2.8577163721e-01
2.8550620056e-01
2.8524000944e-01
2.8497443218e-01
2.8470952517e-01
2.8444534108e-01
2.8419093061e-01
2.8393728055e-01
2.8368442809e-01
2.8343240709e-01
2.8315133325e-01
2.8287137780e-01
2.8259257448e-01
2.8231495272e-01
2.8200848375e-01
2.8170352874e-01
2.8140011246e-01
2.8109825539e-01
2.8081455920e-01
2.8053228085e-01
2.8025142973e-01
2.7997201336e-01
2.7964588328e-01
2.7932174540e-01
2.7899960509e-01
2.7867946609e-01
2.7826413213e-01
2.7785222276e-01
2.7744373876e-01
2.7703867925e-01
2.7656250991e-01
2.7609115392e-01
2.7562460543e-01
2.7516285785e-01
2.7466114357e-01
2.7416520468e-01
2.7367503131e-01
2.7319061352e-01
2.7260128292e-01
2.7202066731e-01
2.7144874830e-01
2.7088550767e-01
2.7010583397e-01
2.6934333820e-01
2.6859797190e-01
2.6786968768e-01
2.6665148858e-01
2.6548391461e-01
2.6436674408e-01
2.6329976489e-01
2.6096823635e-01
2.5891554905e-01
2.5713950965e-01
2.5563822039e-01
2.5381285499e-01
2.5267337224e-01
2.5221669240e-01
2.5244158146e-01
2.5297089720e-01
2.5380446099e-01
2.5494327537e-01
2.5638871008e-01
2.5730083162e-01
2.5830384688e-01
2.5939811021e-01
2.6058400815e-01
2.6139923399e-01
2.6225301531e-01
2.6314547805e-01
2.6407675384e-01
2.6476662682e-01
2.6547647199e-01
2.6620634291e-01
2.6695629463e-01
2.6753875661e-01
2.6813283708e-01
2.6873856185e-01
2.6935595722e-01
2.6986134360e-01
2.7037432099e-01
2.7089490381e-01
2.7142310668e-01
2.7188045364e-01
2.7234338346e-01
2.7281190559e-01
2.7328602954e-01
2.7376029190e-01
2.7424004839e-01
2.7472530826e-01
2.7521608068e-01
2.7562477166e-01
2.7603721913e-01
2.7645342767e-01
2.7687340144e-01
2.7720355311e-01
2.7753599850e-01
2.7787073853e-01
2.7820777357e-01
2.7849441873e-01
2.7878270235e-01
2.7907262314e-01
2.7936417903e-01
2.7964310119e-01
2.7992349748e-01
2.8020536333e-01
2.8048869284e-01
2.8076623749e-01
2.8104515681e-01
2.8132544018e-01
2.8160707469e-01
2.8188158222e-01
2.8215732992e-01
2.8243429780e-01
2.8271246245e-01
2.8296853047e-01
2.8322555786e-01
2.8348351754e-01
2.8374237912e-01
2.8401897353e-01
2.8429650672e-01
2.8457492853e-01
2.8485418396e-01
2.8512191091e-01
2.8539028904e-01
2.8565925833e-01
2.8592875518e-01
2.8622041843e-01
2.8651253089e-01
2.8680500065e-01
2.8709773280e-01
2.8742086490e-01
2.8774406442e-01
2.8806719638e-01
2.8839012509e-01
2.8873647710e-01
2.8908227222e-01
2.8942734683e-01
2.8977154091e-01
2.9012491860e-01
2.9047703346e-01
2.9082772814e-01
2.9117685245e-01
2.9155585807e-01
2.9193264963e-01
2.9230706402e-01
2.9267894961e-01
2.9312851115e-01
2.9357387873e-01
2.9401484514e-01
2.9445122612e-01
2.9498360146e-01
2.9550847342e-01
2.9602562264e-01
2.9653486965e-01
2.9712403935e-01
2.9770188460e-01
2.9826828264e-01
2.9882315787e-01
2.9938475004e-01
2.9993398641e-01
3.0047090108e-01
3.0099555661e-01
3.0155034915e-01
3.0209098472e-01
3.0261762141e-01
3.0313043524e-01
3.0370590045e-01
3.0426348431e-01
3.0480351294e-01
3.0532632297e-01
3.0593890706e-01
3.0652720138e-01
3.0709183359e-01
3.0763343054e-01
3.0831631408e-01
3.0896131348e-01
3.0956982814e-01
3.1014322562e-01
3.1086092645e-01
3.1152072492e-01
3.1212563803e-01
3.1267856956e-01
3.1318220397e-01
3.1363937084e-01
3.1405267667e-01
3.1442464921e-01
3.1473749710e-01
3.1501826983e-01
3.1526890298e-01
3.1549130412e-01
3.1566766608e-01
3.1582433159e-01
3.1596262652e-01
3.1608386891e-01
3.1617766691e-01
3.1626011688e-01
3.1633209966e-01
3.1639448281e-01
3.1644776441e-01
3.1649322902e-01
3.1653165488e-01
3.1656378249e-01
3.1658880758e-01
3.1660943512e-01
3.1662614518e-01
3.1663936252e-01
3.1664948682e-01
3.1665675643e-01
3.1666139867e-01
3.1666356463e-01
3.1666325915e-01
3.1666031507e-01
3.1665462573e-01
3.1664599119e-01
3.1663430124e-01
3.1661910138e-01
3.1659995778e-01
3.1657636908e-01
3.1654427377e-01
3.1650515447e-01
3.1645809980e-01
3.1640214392e-01
3.1631714638e-01
3.1621421848e-01
3.1609119730e-01
3.1594588201e-01
3.1577961766e-01
3.1558767045e-01
3.1536791265e-01
3.1511819912e-01
3.1478579397e-01
3.1440608259e-01
3.1397548400e-01
3.1349031989e-01
3.1307436529e-01
3.1262153409e-01
3.1212994543e-01
3.1159765717e-01
3.1115196924e-01
3.1067920244e-01
3.1017834195e-01
3.0964834606e-01
3.0919335721e-01
3.0871764721e-01
3.0822061073e-01
3.0770163225e-01
3.0724471943e-01
3.0677125438e-01
3.0628085159e-01
3.0577312423e-01
3.0531570739e-01
3.0484455425e-01
3.0435941245e-01
3.0386003411e-01
3.0339794724e-01
3.0292394882e-01
3.0243787612e-01
3.0193957600e-01
3.0144812551e-01
3.0094509578e-01
3.0043038899e-01
2.9990392589e-01
2.9939408135e-01
2.9887359862e-01
2.9834247573e-01
2.9780073981e-01
2.9730210567e-01
2.9679492529e-01
2.9627930012e-01
2.9575536475e-01
2.9535744425e-01
2.9495504072e-01
2.9454825540e-01
2.9413720462e-01
2.9377875793e-01
2.9341732176e-01
2.9305300164e-01
2.9268591349e-01
2.9234775450e-01
2.9200748948e-01
2.9166523124e-01
2.9132110048e-01
2.9097631346e-01
2.9062992838e-01
2.9028208766e-01
2.8993294076e-01
2.8960727059e-01
2.8928073631e-01
2.8895347204e-01
2.8862561525e-01
2.8830723649e-01
2.8798856177e-01
2.8766972135e-01
2.8735084546e-01
2.8708710050e-01
2.8682349226e-01
2.8656009185e-01
2.8629696885e-01
2.8602131957e-01
2.8574612538e-01
2.8547145847e-01
2.8519738760e-01
2.8493925110e-01
2.8468175511e-01
2.8442494761e-01
2.8416887318e-01
2.8389831904e-01
2.8362867915e-01
2.8335999392e-01
2.8309229958e-01
2.8280617823e-01
2.8252127004e-01
2.8223760546e-01
2.8195521070e-01
2.8166584214e-01
2.8137786361e-01
2.8109129231e-01
2.8080614249e-01
2.8051610255e-01
2.8022757055e-01
2.7994055455e-01
2.7965506086e-01
2.7930799683e-01
2.7896322332e-01
2.7862074480e-01
2.7828056410e-01
2.7783250710e-01
2.7738850325e-01
2.7694855130e-01
2.7651264848e-01
2.7603712520e-01
2.7556650507e-01
2.7510078126e-01
2.7463994652e-01
2.7412579817e-01
2.7361785448e-01
2.7311610436e-01
2.7262053668e-01
2.7200235610e-01
2.7139403300e-01
2.7079554543e-01
2.7020687176e-01
2.6937736500e-01
2.6856805335e-01
2.6777887615e-01
2.6700977423e-01
2.6571025667e-01
2.6447191156e-01
2.6329445378e-01
2.6217761228e-01
2.5984237830e-01
2.5782222450e-01
2.5611470115e-01
2.5471773768e-01
2.5361819925e-01
2.5283378911e-01
2.5236353254e-01
2.5220684522e-01
