2.8773284247e-01
2.8773473010e-01
2.8774039291e-01
2.8774983068e-01
2.8776304297e-01
2.8777707301e-01
2.8779377058e-01
2.8781313482e-01
2.8783516457e-01
2.8785424211e-01
2.8787494672e-01
2.8789727710e-01
2.8792123162e-01
2.8794323062e-01
2.8796643845e-01
2.8799085312e-01
2.8801647222e-01
2.8804180604e-01
2.8806821154e-01
2.8809568520e-01
2.8812422286e-01
2.8815870812e-01
2.8819461375e-01
2.8823192865e-01
2.8827063953e-01
2.8830355901e-01
2.8833740439e-01
2.8837216385e-01
2.8840782385e-01
2.8844100352e-01
2.8847490155e-01
2.8850950350e-01
2.8854479340e-01
2.8858087871e-01
2.8861761933e-01
2.8865499381e-01
2.8869297877e-01
2.8873443613e-01
2.8877653478e-01
2.8881923806e-01
2.8886250667e-01
2.8890358736e-01
2.8894509227e-01
2.8898698283e-01
2.8902921864e-01
2.8907583046e-01
2.8912274860e-01
2.8916991362e-01
2.8921726434e-01
2.8926838421e-01
2.8931956683e-01
2.8937073115e-01
2.8942179529e-01
2.8948347409e-01
2.8954473743e-01
2.8960543922e-01
2.8966543505e-01
2.8972127099e-01
2.8977623528e-01
2.8983021427e-01
2.8988309771e-01
2.8993679175e-01
2.8998907200e-01
2.9003982841e-01
2.9008895615e-01
2.9014217000e-01
2.9019306190e-01
2.9024150720e-01
2.9028739012e-01
2.9033853607e-01
2.9038573362e-01
2.9042883617e-01
2.9046771439e-01
2.9050889278e-01
2.9054357531e-01
2.9057163016e-01
2.9059295918e-01
2.9060698360e-01
2.9061479215e-01
2.9061638276e-01
2.9061178019e-01
2.9060244280e-01
2.9058823461e-01
2.9056922907e-01
2.9054551771e-01
2.9052210962e-01
2.9049555020e-01
2.9046592365e-01
2.9043332375e-01
2.9040210088e-01
2.9036871161e-01
2.9033323998e-01
2.9029577609e-01
2.9025910892e-01
2.9022087393e-01
2.9018115854e-01
2.9014005456e-01
2.9008890476e-01
2.9003606008e-01
2.8998170375e-01
2.8992602634e-01
2.8988197374e-01
2.8983733707e-01
2.8979221272e-01
2.8974669829e-01
2.8970475983e-01
2.8966265265e-01
2.8962045253e-01
2.8957823483e-01
2.8954107251e-01
2.8950400492e-01
2.8946708162e-01
2.8943035112e-01
2.8939266610e-01
2.8935528783e-01
2.8931826514e-01
2.8928164493e-01
2.8924606250e-01
2.8921095340e-01
2.8917635605e-01
2.8914230664e-01
2.8911036683e-01
2.8907898403e-01
2.8904818381e-01
2.8901798987e-01
2.8898670921e-01
2.8895615626e-01
2.8892635260e-01
2.8889731773e-01
2.8885023583e-01
2.8880545250e-01
2.8876302704e-01
2.8872300759e-01
2.8869822581e-01
2.8867449249e-01
2.8865181520e-01
2.8863020043e-01
2.8860815206e-01
2.8858734412e-01
2.8856778142e-01
2.8854946801e-01
2.8852845024e-01
2.8850937311e-01
2.8849224074e-01
2.8847705632e-01
2.8845727200e-01
2.8844223664e-01
2.8843195473e-01
2.8842642894e-01
2.8842545672e-01
2.8842777361e-01
2.8843337923e-01
2.8844227263e-01
2.8845080256e-01
2.8846106897e-01
2.8847307069e-01
2.8848680620e-01
2.8849993213e-01
2.8851432418e-01
2.8852998052e-01
2.8854689891e-01
2.8856392587e-01
2.8858205978e-01
2.8860129743e-01
2.8862163502e-01
2.8864411678e-01
2.8866779470e-01
2.8869266143e-01
2.8871870831e-01
2.8874355406e-01
2.8876936931e-01
2.8879614356e-01
2.8882386479e-01
2.8885098809e-01
2.8887893572e-01
2.8890769274e-01
2.8893724239e-01
2.8896574039e-01
2.8899490581e-01
2.8902471975e-01
2.8905516155e-01
2.8909037335e-01
2.8912632615e-01
2.8916298116e-01
2.8920029641e-01
2.8923423740e-01
2.8926863720e-01
2.8930345932e-01
2.8933866540e-01
2.8937581010e-01
2.8941328232e-01
2.8945103257e-01
2.8948900971e-01
2.8953258661e-01
2.8957631047e-01
2.8962009936e-01
2.8966387003e-01
2.8971275552e-01
2.8976139391e-01
2.8980966649e-01
2.8985745513e-01
2.8990488829e-01
2.8995159740e-01
2.8999746795e-01
2.9004238823e-01
2.9008747977e-01
2.9013133737e-01
2.9017385123e-01
2.9021491611e-01
2.9025945924e-01
2.9030188557e-01
2.9034206583e-01
2.9037987904e-01
2.9042098197e-01
2.9045852215e-01
2.9049234934e-01
2.9052232870e-01
2.9055236243e-01
2.9057679926e-01
2.9059550082e-01
2.9060835545e-01
2.9061558269e-01
2.9061578177e-01
2.9060891329e-01
2.9059497262e-01
2.9057785763e-01
2.9055582977e-01
2.9052894309e-01
2.9049726937e-01
2.9046629359e-01
2.9043191635e-01
2.9039421565e-01
2.9035327988e-01
2.9031414348e-01
2.9027259237e-01
2.9022871070e-01
2.9018258957e-01
2.9013879636e-01
2.9009331169e-01
2.9004621897e-01
2.8999760631e-01
2.8994815308e-01
2.8989739928e-01
2.8984544284e-01
2.8979238559e-01
2.8973806276e-01
2.8968284525e-01
2.8962684657e-01
2.8957018287e-01
2.8952114851e-01
2.8947178758e-01
2.8942217615e-01
2.8937239060e-01
2.8932668762e-01
2.8928096099e-01
2.8923526864e-01
2.8918966778e-01
2.8914567121e-01
2.8910186303e-01
2.8905829195e-01
2.8901500531e-01
2.8896368421e-01
2.8891291006e-01
2.8886275393e-01
2.8881328275e-01
2.8877410660e-01
2.8873544256e-01
2.8869731901e-01
2.8865976243e-01
2.8861989802e-01
2.8858075092e-01
2.8854234709e-01
2.8850471015e-01
2.8846591961e-01
2.8842802589e-01
2.8839104884e-01
2.8835500605e-01
2.8831682077e-01
2.8827978007e-01
2.8824389894e-01
2.8820919023e-01
2.8817734152e-01
2.8814656680e-01
2.8811687286e-01
2.8808826548e-01
2.8805737438e-01
2.8802787156e-01
2.8799976180e-01
2.8797304902e-01
2.8793955163e-01
2.8790855850e-01
2.8788007419e-01
2.8785410212e-01
2.8782427492e-01
2.8779864793e-01
2.8777722382e-01
2.8776000436e-01
2.8774700574e-01
2.8773820203e-01
2.8773359367e-01
2.8773318087e-01
2.8773655225e-01
2.8774353826e-01
2.8775413862e-01
2.8776835284e-01
2.8778307989e-01
2.8780035409e-01
2.8782017454e-01
2.8784254001e-01
2.8786202109e-01
2.8788309061e-01
2.8790574721e-01
2.8792998917e-01
2.8795234347e-01
2.8797589185e-01
2.8800063221e-01
2.8802656199e-01
2.8805270676e-01
2.8807995280e-01
2.8810829618e-01
2.8813773222e-01
2.8817387353e-01
2.8821151839e-01
2.8825065365e-01
2.8829126348e-01
2.8832364436e-01
2.8835688448e-01
2.8839097229e-01
2.8842589469e-01
2.8845926890e-01
2.8849334549e-01
2.8852810947e-01
2.8856354426e-01
2.8859988173e-01
2.8863686038e-01
2.8867445793e-01
2.8871265017e-01
2.8875560886e-01
2.8879922643e-01
2.8884346151e-01
2.8888826981e-01
2.8892884807e-01
2.8896981248e-01
2.8901112552e-01
2.8905274807e-01
2.8910013214e-01
2.8914779914e-01
2.8919568631e-01
2.8924372917e-01
2.8929521481e-01
2.8934672109e-01
2.8939816492e-01
2.8944946256e-01
2.8951405059e-01
2.8957809995e-01
2.8964144233e-01
2.8970391203e-01
2.8975809374e-01
2.8981136407e-01
2.8986361793e-01
2.8991475363e-01
2.8996815267e-01
2.9002004198e-01
2.9007031139e-01
2.9011885622e-01
2.9017178243e-01
2.9022221955e-01
2.9027004100e-01
2.9031512984e-01
2.9036563741e-01
2.9041185986e-01
2.9045364763e-01
2.9049087038e-01
2.9052920546e-01
2.9056070926e-01
2.9058526261e-01
2.9060278229e-01
2.9061268395e-01
2.9061651464e-01
2.9061428870e-01
2.9060604612e-01
2.9059347243e-01
2.9057610308e-01
2.9055402280e-01
2.9052733439e-01
2.9050229829e-01
2.9047436496e-01
2.9044361732e-01
2.9041014683e-01
2.9037791284e-01
2.9034364942e-01
2.9030744025e-01
2.9026937464e-01
2.9023190727e-01
2.9019296091e-01
2.9015262371e-01
2.9011098800e-01
2.9006031062e-01
2.9000812430e-01
2.8995460116e-01
2.8989991950e-01
2.8985772250e-01
2.8981504516e-01
2.8977197083e-01
2.8972858368e-01
2.8968610370e-01
2.8964348568e-01
2.8960080775e-01
2.8955814746e-01
2.8952177285e-01
2.8948551408e-01
2.8944941733e-01
2.8941352770e-01
2.8937599348e-01
2.8933878761e-01
2.8930195801e-01
2.8926555060e-01
2.8923006010e-01
2.8919506392e-01
2.8916059983e-01
2.8912670333e-01
2.8909537920e-01
2.8906461192e-01
2.8903442537e-01
2.8900484164e-01
2.8897364780e-01
2.8894320145e-01
2.8891352369e-01
2.8888463356e-01
2.8884752325e-01
2.8881186617e-01
2.8877769226e-01
2.8874502693e-01
2.8871891237e-01
2.8869387599e-01
2.8866992685e-01
2.8864707270e-01
2.8862453219e-01
2.8860318296e-01
2.8858303027e-01
2.8856407849e-01
2.8854295192e-01
2.8852356074e-01
2.8850590911e-01
2.8849000032e-01
2.8846869021e-01
2.8845162545e-01
2.8843881103e-01
2.8843025018e-01
2.8842608572e-01
2.8842567374e-01
2.8842901432e-01
2.8843610684e-01
2.8844342867e-01
2.8845264464e-01
2.8846375370e-01
2.8847675442e-01
2.8848908605e-01
2.8850273969e-01
2.8851771368e-01
2.8853400599e-01
2.8855006267e-01
2.8856721822e-01
2.8858546988e-01
2.8860481438e-01
2.8862638711e-01
2.8864916473e-01
2.8867314079e-01
2.8869830765e-01
2.8872262552e-01
2.8874794510e-01
2.8877425674e-01
2.8880154927e-01
2.8882837699e-01
2.8885606607e-01
2.8888460233e-01
2.8891396977e-01
2.8894150265e-01
2.8896969875e-01
2.8899854135e-01
2.8902801211e-01
2.8906549237e-01
2.8910387005e-01
2.8914309866e-01
2.8918312735e-01
2.8921719815e-01
2.8925175595e-01
2.8928676401e-01
2.8932218361e-01
2.8935889914e-01
2.8939595907e-01
2.8943331576e-01
2.8947091990e-01
2.8951304409e-01
2.8955534014e-01
2.8959773423e-01
2.8964015125e-01
2.8969178463e-01
2.8974319994e-01
2.8979425782e-01
2.8984481941e-01
2.8989245386e-01
2.8993939399e-01
2.8998552440e-01
2.9003073241e-01
2.9007591276e-01
2.9011989945e-01
2.9016258304e-01
2.9020385854e-01
2.9024808319e-01
2.9029030180e-01
2.9033038996e-01
2.9036823100e-01
2.9041150054e-01
2.9045102582e-01
2.9048663851e-01
2.9051818775e-01
2.9054930199e-01
2.9057467874e-01
2.9059417078e-01
2.9060765921e-01
2.9061519795e-01
2.9061614570e-01
2.9061046313e-01
2.9059814156e-01
2.9058183782e-01
2.9056045163e-01
2.9053403602e-01
2.9050266287e-01
2.9047214328e-01
2.9043816956e-01
2.9040081922e-01
2.9036018035e-01
2.9032158549e-01
2.9028057209e-01
2.9023722246e-01
2.9019162577e-01
2.9014809310e-01
2.9010284384e-01
2.9005596101e-01
2.9000753241e-01
2.8995772568e-01
2.8990656653e-01
2.8985415588e-01
2.8980059879e-01
2.8974826531e-01
2.8969507701e-01
2.8964113578e-01
2.8958654586e-01
2.8953631956e-01
2.8948572425e-01
2.8943484215e-01
2.8938375593e-01
2.8933824217e-01
2.8929269033e-01
2.8924715782e-01
2.8920170141e-01
2.8915891934e-01
2.8911630094e-01
2.8907389125e-01
2.8903173410e-01
2.8898117494e-01
2.8893111890e-01
2.8888163460e-01
2.8883278689e-01
2.8879337548e-01
2.8875446132e-01
2.8871607371e-01
2.8867824005e-01
2.8863618881e-01
2.8859491124e-01
2.8855443824e-01
2.8851479781e-01
2.8847593647e-01
2.8843795918e-01
2.8840088621e-01
2.8836473551e-01
2.8832655285e-01
2.8828949336e-01
2.8825357230e-01
2.8821880276e-01
2.8818687221e-01
2.8815599758e-01
2.8812618585e-01
2.8809744296e-01
2.8806677430e-01
2.8803743645e-01
2.8800943419e-01
2.8798277146e-01
2.8794826724e-01
2.8791631380e-01
2.8788691617e-01
2.8786007817e-01
2.8783037476e-01
2.8780461039e-01
2.8778278770e-01
2.8776490848e-01
2.8775088010e-01
2.8774085936e-01
2.8773484675e-01
2.8773284251e-01
