1.8547678863e-03
1.8743124577e-03
1.9333535349e-03
2.0331269376e-03
2.1757218026e-03
2.3447244328e-03
2.5543602353e-03
2.8082310508e-03
3.1106925998e-03
3.4358505487e-03
3.8110692276e-03
4.2417441779e-03
4.7340512670e-03
5.2563925621e-03
5.8452639684e-03
6.5079664279e-03
7.2526794930e-03
8.0596436858e-03
8.9610937403e-03
9.9672607310e-03
1.1089483880e-02
1.2599104651e-02
1.4315958845e-02
1.6266819787e-02
1.8481680599e-02
2.0254231185e-02
2.2193814245e-02
2.4315100512e-02
2.6633870209e-02
2.8990105258e-02
3.1547631928e-02
3.4322055009e-02
3.7329910186e-02
3.9991424131e-02
4.2832887077e-02
4.5864902396e-02
4.9098469697e-02
5.2188957603e-02
5.5460280507e-02
5.8921166428e-02
6.2580522576e-02
6.6198563433e-02
7.0006460721e-02
7.4011816517e-02
7.8222252879e-02
8.2505587671e-02
8.6995549094e-02
9.1698903883e-02
9.6622274830e-02
1.0193013115e-01
1.0748497977e-01
1.1329322674e-01
1.1936086259e-01
1.2626718117e-01
1.3349372156e-01
1.4104589604e-01
1.4892807842e-01
1.5607906046e-01
1.6348519862e-01
1.7114703683e-01
1.7906426478e-01
1.8673156562e-01
1.9462131563e-01
2.0273098266e-01
2.1105724863e-01
2.1916025502e-01
2.2745064741e-01
2.3592356183e-01
2.4457347935e-01
2.5312387095e-01
2.6182869747e-01
2.7068123745e-01
2.7967425654e-01
2.8940841721e-01
2.9928355698e-01
3.0928922154e-01
3.1941447893e-01
3.3111547292e-01
3.4294026801e-01
3.5487090232e-01
3.6688907356e-01
3.7725054431e-01
3.8765104413e-01
3.9807887410e-01
4.0852241427e-01
4.1877213059e-01
4.2901523676e-01
4.3924128156e-01
4.4944007224e-01
4.6013424283e-01
4.7077611046e-01
4.8135497131e-01
4.9186059383e-01
5.0454097070e-01
5.1708180319e-01
5.2946774543e-01
5.4168465928e-01
5.5299543646e-01
5.6413592084e-01
5.7509732329e-01
5.8587177663e-01
5.9775726390e-01
6.0938891442e-01
6.2075947011e-01
6.3186294586e-01
6.4324735339e-01
6.5432685998e-01
6.6509854142e-01
6.7556066566e-01
6.8515239912e-01
6.9446798950e-01
7.0350844667e-01
7.1227543828e-01
7.2093754409e-01
7.2932052172e-01
7.3742784694e-01
7.4526344438e-01
7.5324437648e-01
7.6093284998e-01
7.6833469998e-01
7.7545605532e-01
7.8273894372e-01
7.8971884843e-01
7.9640386827e-01
8.0280222321e-01
8.0947541241e-01
8.1582710592e-01
8.2186811685e-01
8.2760917448e-01
8.3381832107e-01
8.3966487664e-01
8.4516402225e-01
8.5033051691e-01
8.5595539070e-01
8.6116892967e-01
8.6599192506e-01
8.7044411836e-01
8.7509966935e-01
8.7932179628e-01
8.8313462614e-01
8.8656037326e-01
8.8990832773e-01
8.9283615492e-01
8.9536554063e-01
8.9751545839e-01
8.9922897281e-01
9.0062341765e-01
9.0170858666e-01
9.0249214457e-01
9.0298643251e-01
9.0317630839e-01
9.0306318039e-01
9.0264620924e-01
9.0193221719e-01
9.0091303935e-01
8.9958134479e-01
8.9792760564e-01
8.9595157617e-01
8.9363153062e-01
8.9095145396e-01
8.8789305901e-01
8.8473121328e-01
8.8121478144e-01
8.7732436682e-01
8.7303888716e-01
8.6921714455e-01
8.6510155122e-01
8.6067799878e-01
8.5593164935e-01
8.5156055003e-01
8.4692664187e-01
8.4201913936e-01
8.3682692029e-01
8.3184534251e-01
8.2660975032e-01
8.2111116597e-01
8.1534047567e-01
8.0969041885e-01
8.0378681722e-01
7.9762206301e-01
7.9118856377e-01
7.8485010126e-01
7.7825822199e-01
7.7140674095e-01
7.6428962693e-01
7.5720732438e-01
7.4987026889e-01
7.4227377035e-01
7.3441343382e-01
7.2623786636e-01
7.1778760745e-01
7.0905940315e-01
7.0005052404e-01
6.9038521293e-01
6.8041259845e-01
6.7013188405e-01
6.5954321709e-01
6.4950069205e-01
6.3919873962e-01
6.2864002365e-01
6.1782815485e-01
6.0765916000e-01
5.9728408847e-01
5.8670814519e-01
5.7593737608e-01
5.6526115798e-01
5.5441373784e-01
5.4340317483e-01
5.3223837625e-01
5.2207048858e-01
5.1179337207e-01
5.0141529404e-01
4.9094507601e-01
4.8090837676e-01
4.7080527864e-01
4.6064469912e-01
4.5043594850e-01
4.3987706965e-01
4.2928829470e-01
4.1868092914e-01
4.0806657686e-01
3.9680622187e-01
3.8556577726e-01
3.7435983116e-01
3.6320306287e-01
3.5265387895e-01
3.4217499967e-01
3.3177884317e-01
3.2147761898e-01
3.1189983979e-01
3.0242594172e-01
2.9306521361e-01
2.8382658035e-01
2.7440365369e-01
2.6512953873e-01
2.5601261628e-01
2.4706067681e-01
2.3765857527e-01
2.2846217098e-01
2.1947858135e-01
2.1071402885e-01
2.0164988777e-01
1.9284414447e-01
1.8430092620e-01
1.7602325302e-01
1.6748346962e-01
1.5924946149e-01
1.5132104586e-01
1.4369686134e-01
1.3662780642e-01
1.2983651297e-01
1.2331911452e-01
1.1707104219e-01
1.1123831662e-01
1.0565096144e-01
1.0030326125e-01
9.5189144194e-02
9.0116181981e-02
8.5281082640e-02
8.0676226097e-02
7.6293841652e-02
7.1776006451e-02
6.7501286362e-02
6.3459544776e-02
5.9640708224e-02
5.5551440249e-02
5.1723774316e-02
4.8143610105e-02
4.4797242901e-02
4.1104334287e-02
3.7701808236e-02
3.4569264473e-02
3.1687345683e-02
2.8667036887e-02
2.5926484956e-02
2.3441613938e-02
2.1190106962e-02
1.9012676604e-02
1.7056339578e-02
1.5299789176e-02
1.3723611878e-02
1.2315989219e-02
1.1053891315e-02
9.9230023831e-03
8.9103787355e-03
7.9518984731e-03
7.1009798606e-03
6.3464024870e-03
5.6781581108e-03
5.0373542106e-03
4.4784642268e-03
3.9925403445e-03
3.5717745673e-03
3.1716095927e-03
2.8358628635e-03
2.5577788414e-03
2.3317514506e-03
2.1205952965e-03
1.9733693600e-03
1.8856600614e-03
1.8548391979e-03
1.8721276799e-03
1.9291043599e-03
2.0269690231e-03
2.1677832762e-03
2.3349619802e-03
2.5427180757e-03
2.7946312603e-03
3.0950360319e-03
3.4181375177e-03
3.7911648076e-03
4.2194955889e-03
4.7092878610e-03
5.2290003499e-03
5.8150364537e-03
6.4746781739e-03
7.2160856397e-03
8.0196561518e-03
8.9174595407e-03
9.9197105893e-03
1.1037732555e-02
1.2718079519e-02
1.4656250500e-02
1.6889448267e-02
1.9459848044e-02
2.1305732794e-02
2.3323241112e-02
2.5527205117e-02
2.7933547385e-02
3.0394882521e-02
3.3065126475e-02
3.5960288756e-02
3.9097302581e-02
4.1830960092e-02
4.4745330851e-02
4.7850746659e-02
5.1157897847e-02
5.4336398893e-02
5.7697823467e-02
6.1250760949e-02
6.5003953919e-02
6.8722166015e-02
7.2632557278e-02
7.6742586624e-02
8.1059707456e-02
8.5477951752e-02
9.0107137529e-02
9.4953930905e-02
1.0002482166e-01
1.0555821067e-01
1.1134887727e-01
1.1740318164e-01
1.2372699663e-01
1.3072758711e-01
1.3804223573e-01
1.4567551858e-01
1.5363096442e-01
1.6085381959e-01
1.6832567543e-01
1.7604653317e-01
1.8401555287e-01
1.9176316108e-01
1.9972811323e-01
2.0790745165e-01
2.1629744786e-01
2.2446097708e-01
2.3280612256e-01
2.4132771774e-01
2.5001996608e-01
2.5866188246e-01
2.6745373162e-01
2.7638848091e-01
2.8545860409e-01
2.9546771367e-01
3.0561664050e-01
3.1589399407e-01
3.2628790925e-01
3.3800993836e-01
3.4984428915e-01
3.6177303285e-01
3.7377798276e-01
3.8407724102e-01
3.9440730115e-01
4.0475680734e-01
4.1511451528e-01
4.2541360518e-01
4.3569914405e-01
4.4596068601e-01
4.5618807413e-01
4.6716143032e-01
4.7807184700e-01
4.8890799825e-01
4.9965910899e-01
5.1201094731e-01
5.2421973227e-01
5.3627166396e-01
5.4815406613e-01
5.5958680798e-01
5.7083701894e-01
5.8189597184e-01
5.9275592173e-01
6.0456919135e-01
6.1612097154e-01
6.2740463472e-01
6.3841481753e-01
6.4955288512e-01
6.6038824262e-01
6.7091869209e-01
6.8114314425e-01
6.9060088217e-01
6.9978144722e-01
7.0868625208e-01
7.1731733603e-01
7.2588626274e-01
7.3417347729e-01
7.4218282027e-01
7.4991856037e-01
7.5779544973e-01
7.6537827700e-01
7.7267321419e-01
7.7968670254e-01
7.8688260264e-01
7.9377263613e-01
8.0036529580e-01
8.0666916878e-01
8.1329254391e-01
8.1958718172e-01
8.2556455904e-01
8.3123602834e-01
8.3739472472e-01
8.4318026316e-01
8.4860884009e-01
8.5369614702e-01
8.5918974940e-01
8.6426713456e-01
8.6894980180e-01
8.7325808057e-01
8.7771772660e-01
8.8174591101e-01
8.8536665435e-01
8.8860194625e-01
8.9166651132e-01
8.9433261191e-01
8.9661972129e-01
8.9854473713e-01
9.0007689052e-01
9.0129397381e-01
9.0220461831e-01
9.0281531331e-01
9.0313265819e-01
9.0314875529e-01
9.0286372346e-01
9.0227546418e-01
9.0138737309e-01
9.0018983278e-01
8.9867424484e-01
8.9682979434e-01
8.9468783698e-01
8.9220225518e-01
8.8935643921e-01
8.8613160630e-01
8.8288539262e-01
8.7929785547e-01
8.7535064473e-01
8.7102393380e-01
8.6711794961e-01
8.6292126693e-01
8.5842014504e-01
8.5360017241e-01
8.4914871656e-01
8.4443574717e-01
8.3945072235e-01
8.3418279366e-01
8.2911342047e-01
8.2378997859e-01
8.1820365875e-01
8.1234553650e-01
8.0660451769e-01
8.0060974555e-01
7.9435378360e-01
7.8782922931e-01
7.8139872892e-01
7.7471483988e-01
7.6777157043e-01
7.6056310035e-01
7.5336002494e-01
7.4590064793e-01
7.3818045447e-01
7.3019524783e-01
7.2178836728e-01
7.1309916507e-01
7.0412456558e-01
6.9486207625e-01
6.8508034030e-01
6.7499381066e-01
6.6460218709e-01
6.5390614241e-01
6.4388525427e-01
6.3361463663e-01
6.2309730400e-01
6.1233718883e-01
6.0202212395e-01
5.9150239959e-01
5.8078373227e-01
5.6987270880e-01
5.5918720091e-01
5.4833764390e-01
5.3733236008e-01
5.2618049816e-01
5.1605496114e-01
5.0582716840e-01
4.9550544178e-01
4.8509862840e-01
4.7503019057e-01
4.6490059772e-01
4.5471897716e-01
4.4449483372e-01
4.3372527320e-01
4.2293149397e-01
4.1212562101e-01
4.0132006920e-01
3.9004137604e-01
3.7879150042e-01
3.6758520743e-01
3.5643730234e-01
3.4609008230e-01
3.3581861254e-01
3.2563464119e-01
3.1554967986e-01
3.0603706216e-01
2.9663405393e-01
2.8734971832e-01
2.7819272809e-01
2.6880470506e-01
2.5957236481e-01
2.5050387288e-01
2.4160677098e-01
2.3218070238e-01
2.2297119695e-01
2.1398514524e-01
2.0522848028e-01
1.9591654638e-01
1.8689033229e-01
1.7815370648e-01
1.6970924109e-01
1.6132356849e-01
1.5324898069e-01
1.4548437579e-01
1.3802750020e-01
1.3125804134e-01
1.2475705651e-01
1.1852027444e-01
1.1254281324e-01
1.0687597386e-01
1.0145221051e-01
9.6265445795e-02
9.1309288763e-02
8.6353722409e-02
8.1636416148e-02
7.7149311433e-02
7.2884237024e-02
6.8446875894e-02
6.4256392347e-02
6.0301939483e-02
5.6572785918e-02
5.2566024137e-02
4.8825267951e-02
4.5335440128e-02
4.2081951077e-02
3.8485460740e-02
3.5183306771e-02
3.2153769397e-02
2.9376342024e-02
2.6447097902e-02
2.3802702291e-02
2.1417263354e-02
1.9266931095e-02
1.7302901043e-02
1.5537458526e-02
1.3951504579e-02
1.2527655996e-02
1.1230932702e-02
1.0070239495e-02
9.0320282664e-03
8.1040805689e-03
7.2217773621e-03
6.4408675350e-03
5.7506361078e-03
5.1415619524e-03
4.5578711954e-03
4.0516297242e-03
3.6143546670e-03
3.2386949821e-03
2.8877818989e-03
2.5971163740e-03
2.3606855702e-03
2.1735909088e-03
2.0319565948e-03
1.9328422416e-03
1.8741859459e-03
1.8547678868e-03
