3.6451878510e-06
4.4404517525e-06
7.1371571965e-06
1.2893153684e-05
2.4259543417e-05
3.8114076744e-05
5.9953117339e-05
9.4380843377e-05
1.4871534527e-04
2.0914173651e-04
2.9406866023e-04
4.1347274266e-04
5.8141741204e-04
7.6395326925e-04
1.0036713524e-03
1.3184936920e-03
1.7319473599e-03
2.1808436547e-03
2.7456447330e-03
3.4561208159e-03
4.3495762765e-03
5.3856201666e-03
6.6663898055e-03
8.2487478333e-03
1.0202223602e-02
1.2290900746e-02
1.4799480113e-02
1.7809024180e-02
2.1414676084e-02
2.4808545510e-02
2.8721181785e-02
3.3225374537e-02
3.8401869736e-02
4.3198565152e-02
4.8557130666e-02
5.4533461057e-02
6.1186365348e-02
6.8052753079e-02
7.5611376140e-02
8.3913445324e-02
9.3009583342e-02
1.0375625415e-01
1.1553893033e-01
1.2840801456e-01
1.4240470548e-01
1.5520998261e-01
1.6886114679e-01
1.8335900063e-01
1.9869441870e-01
2.1357866751e-01
2.2913570632e-01
2.4533287545e-01
2.6212924124e-01
2.8506337616e-01
3.0881922621e-01
3.3324829109e-01
3.5818850678e-01
3.7802712573e-01
3.9799152691e-01
4.1799809524e-01
4.3796523146e-01
4.6182921687e-01
4.8539534838e-01
5.0854778066e-01
5.3118371744e-01
5.5462872636e-01
5.7729740226e-01
5.9911805647e-01
6.2003601537e-01
6.4080756618e-01
6.6053195443e-01
6.7919638359e-01
6.9680071830e-01
7.1399046469e-01
7.3006799050e-01
7.4506332088e-01
7.5901282435e-01
7.7374779630e-01
7.8723370291e-01
7.9954057773e-01
8.1073998224e-01
8.2408227746e-01
8.3574687207e-01
8.4589290622e-01
8.5467011432e-01
8.6371866484e-01
8.7116676327e-01
8.7721602143e-01
8.8204234090e-01
8.8585225890e-01
8.8868776450e-01
8.9066002448e-01
8.9185855684e-01
8.9236943754e-01
8.9201935455e-01
8.9085194862e-01
8.8888072516e-01
8.8604521191e-01
8.8231991240e-01
8.7762617855e-01
8.7185288546e-01
8.6662048914e-01
8.6059406466e-01
8.5368245403e-01
8.4578179488e-01
8.3873670428e-01
8.3093272740e-01
8.2230131099e-01
8.1276954462e-01
8.0366682359e-01
7.9376902642e-01
7.8302233586e-01
7.7137257278e-01
7.5984941688e-01
7.4748145840e-01
7.3423077745e-01
7.2006275998e-01
7.0299623998e-01
6.8469802376e-01
6.6514756786e-01
6.4434059074e-01
6.2682990942e-01
6.0854570067e-01
5.8951760269e-01
5.6978737240e-01
5.5182781008e-01
5.3341034121e-01
5.1459058666e-01
4.9543299213e-01
4.7656455776e-01
4.5752078726e-01
4.3838290033e-01
4.1923785251e-01
3.9984933687e-01
3.8064806749e-01
3.6173533732e-01
3.4321212671e-01
3.2579963991e-01
3.0892707859e-01
2.9267437794e-01
2.7711513374e-01
2.6080981673e-01
2.4550968190e-01
2.3128005343e-01
2.1817382594e-01
2.0574912075e-01
1.9462388121e-01
1.8482095647e-01
1.7635409461e-01
1.6947958710e-01
1.6384773666e-01
1.5945750143e-01
1.5630651743e-01
1.5440984705e-01
1.5371468158e-01
1.5422030063e-01
1.5592722808e-01
1.5935543280e-01
1.6436179494e-01
1.7094960871e-01
1.7911978554e-01
1.8748535697e-01
1.9703161917e-01
2.0774536271e-01
2.1960587232e-01
2.3139281493e-01
2.4407857615e-01
2.5762570090e-01
2.7198877676e-01
2.8834935286e-01
3.0552089631e-01
3.2341605988e-01
3.4193899551e-01
3.5992882928e-01
3.7829669939e-01
3.9694967415e-01
4.1579432672e-01
4.3626527514e-01
4.5673943328e-01
4.7710994043e-01
4.9727737349e-01
5.1880538658e-01
5.3988565221e-01
5.6042961831e-01
5.8036292678e-01
6.0227886565e-01
6.2325362655e-01
6.4323929344e-01
6.6220647656e-01
6.8012799595e-01
6.9702049380e-01
7.1289609278e-01
7.2777627946e-01
7.4309250451e-01
7.5727644083e-01
7.7038084886e-01
7.8246238008e-01
7.9669578205e-01
8.0943929979e-01
8.2082029287e-01
8.3096144686e-01
8.4293902722e-01
8.5311402952e-01
8.6172107119e-01
8.6896345610e-01
8.7512498257e-01
8.8019470147e-01
8.8429120875e-01
8.8750282560e-01
8.8966749569e-01
8.9119977250e-01
8.9210466555e-01
8.9236921526e-01
8.9194465000e-01
8.9076326890e-01
8.8874873147e-01
8.8580106725e-01
8.8243496602e-01
8.7819570622e-01
8.7297252801e-01
8.6663805890e-01
8.6081224181e-01
8.5414045225e-01
8.4653897566e-01
8.3791754645e-01
8.2986730213e-01
8.2097944373e-01
8.1119243845e-01
8.0044299162e-01
7.8993859062e-01
7.7856295226e-01
7.6627027948e-01
7.5301627494e-01
7.3874201319e-01
7.2342392626e-01
7.0702899618e-01
6.8953106023e-01
6.7266811223e-01
6.5487510637e-01
6.3615530539e-01
6.1652214738e-01
5.9703397888e-01
5.7677529643e-01
5.5579030014e-01
5.3413573977e-01
5.1510770863e-01
4.9569132436e-01
4.7594560031e-01
4.5593646290e-01
4.2771371451e-01
3.9933481115e-01
3.7103000785e-01
3.4303791774e-01
3.2424436372e-01
3.0578154511e-01
2.8771960573e-01
2.7012391879e-01
2.5157110022e-01
2.3370829597e-01
2.1659183700e-01
2.0026653818e-01
1.8035323283e-01
1.6186365452e-01
1.4481015820e-01
1.2917810582e-01
1.1706953087e-01
1.0591291020e-01
9.5668220455e-02
8.6290062412e-02
7.6650935644e-02
6.7986022700e-02
6.0219622584e-02
5.3276657772e-02
4.5223603023e-02
3.8326696594e-02
3.2437694350e-02
2.7422036806e-02
2.2101251671e-02
1.7790159261e-02
1.4305232554e-02
1.1493289649e-02
9.1501933964e-03
7.2806943356e-03
5.7905094934e-03
4.6035596529e-03
3.4680754423e-03
2.6119320477e-03
1.9666483221e-03
1.4804029288e-03
9.9876224450e-04
6.7389473333e-04
4.5464237795e-04
3.0658403716e-04
1.6387776485e-04
8.7869576159e-05
4.7145954820e-05
2.5258642665e-05
1.0771016893e-05
5.1755300486e-06
3.6637824787e-06
5.0991476019e-06
8.2103301951e-06
1.4186153560e-05
2.5129781443e-05
4.4969178091e-05
6.7885921550e-05
1.0248283653e-04
1.5474315909e-04
2.3375793488e-04
3.2082798278e-04
4.4026340676e-04
6.0413374276e-04
8.2902547798e-04
1.0729283361e-03
1.3884116517e-03
1.7964632076e-03
2.3241926058e-03
2.9003210854e-03
3.6185815200e-03
4.5137656380e-03
5.6290068361e-03
7.0561187911e-03
8.8410696674e-03
1.1071573280e-02
1.3855604759e-02
1.6423299595e-02
1.9455532478e-02
2.3031852450e-02
2.7243565470e-02
3.1107354420e-02
3.5494781185e-02
4.0469419204e-02
4.6100292537e-02
5.1532404793e-02
5.7556618040e-02
6.4225461319e-02
7.1593120983e-02
7.9655708971e-02
8.8515896646e-02
9.8226410547e-02
1.0883732434e-01
1.1999977265e-01
1.3208359944e-01
1.4511770643e-01
1.5912210947e-01
1.7347097937e-01
1.8871849318e-01
2.0485067201e-01
2.2184110159e-01
2.3789976723e-01
2.5458897608e-01
2.7186204295e-01
2.8966440039e-01
3.1014740277e-01
3.3112071619e-01
3.5248163533e-01
3.7412265197e-01
3.9395634621e-01
4.1384825780e-01
4.3371765141e-01
4.5348681045e-01
4.7724647367e-01
5.0062883958e-01
5.2352547199e-01
5.4584178735e-01
5.6981623718e-01
5.9288976321e-01
6.1499416786e-01
6.3608046093e-01
6.5599354543e-01
6.7485458578e-01
6.9266065877e-01
7.0941985056e-01
7.2620858824e-01
7.4184975705e-01
7.5638117126e-01
7.6984624871e-01
7.8424414319e-01
7.9733981721e-01
8.0921439055e-01
8.1994933156e-01
8.3304326833e-01
8.4432206605e-01
8.5397672938e-01
8.6218379577e-01
8.7110033728e-01
8.7808612866e-01
8.8342247816e-01
8.8734438459e-01
8.8977986169e-01
8.9137292767e-01
8.9220655594e-01
8.9234289805e-01
8.9176702830e-01
8.9047376651e-01
8.8846806552e-01
8.8573188224e-01
8.8233324757e-01
8.7814700083e-01
8.7309284471e-01
8.6706816904e-01
8.6134579421e-01
8.5481358125e-01
8.4738038712e-01
8.3894409826e-01
8.3148587413e-01
8.2326890778e-01
8.1422891550e-01
8.0429833824e-01
7.9458469462e-01
7.8404762176e-01
7.7263494406e-01
7.6029495767e-01
7.4799668342e-01
7.3482227285e-01
7.2073723725e-01
7.0571158027e-01
6.8937018172e-01
6.7200492776e-01
6.5360869713e-01
6.3418690987e-01
6.1630592880e-01
5.9767421716e-01
5.7832778443e-01
5.5831514185e-01
5.4037941840e-01
5.2203418078e-01
5.0333734791e-01
4.8435499451e-01
4.6496116090e-01
4.4543531061e-01
4.2586799332e-01
4.0635522142e-01
3.8737698290e-01
3.6864383100e-01
3.5025245091e-01
3.3229807336e-01
3.1477148959e-01
2.9786895743e-01
2.8167244069e-01
2.6625609494e-01
2.5052340967e-01
2.3585214694e-01
2.2230019914e-01
2.0991310177e-01
1.9858452417e-01
1.8851145512e-01
1.7970971291e-01
1.7218796827e-01
1.6597826678e-01
1.6103841435e-01
1.5736637845e-01
1.5495948311e-01
1.5382937239e-01
1.5389500496e-01
1.5515646338e-01
1.5761501846e-01
1.6264013563e-01
1.6972177380e-01
1.7886233245e-01
1.9005657779e-01
1.9953718144e-01
2.1009443990e-01
2.2170822626e-01
2.3435052375e-01
2.4707222271e-01
2.6062362491e-01
2.7495934460e-01
2.9002639444e-01
3.1076006727e-01
3.3249046432e-01
3.5504831537e-01
3.7825237262e-01
3.9676021740e-01
4.1545760777e-01
4.3425439751e-01
4.5306307164e-01
4.7519688969e-01
4.9710208865e-01
5.1866217550e-01
5.3977398179e-01
5.6291028977e-01
5.8525956543e-01
6.0673873935e-01
6.2728587829e-01
6.4660564799e-01
6.6495245424e-01
6.8231628559e-01
6.9869935675e-01
7.1532369381e-01
7.3084305559e-01
7.4529277517e-01
7.5871481955e-01
7.7296692542e-01
7.8599319257e-01
7.9787244706e-01
8.0868407396e-01
8.2173816677e-01
8.3317062896e-01
8.4315501535e-01
8.5185064303e-01
8.6070176642e-01
8.6814770353e-01
8.7436739803e-01
8.7950861838e-01
8.8353955553e-01
8.8676417644e-01
8.8923822429e-01
8.9099446732e-01
8.9198588778e-01
8.9236837303e-01
8.9211601180e-01
8.9118552621e-01
8.8958320254e-01
8.8721674404e-01
8.8399530404e-01
8.7980868331e-01
8.7540477550e-01
8.7012068542e-01
8.6385224415e-01
8.5648297186e-01
8.4988461453e-01
8.4247093540e-01
8.3417094573e-01
8.2490955979e-01
8.1596919273e-01
8.0618047349e-01
7.9548787784e-01
7.8383538303e-01
7.7233926867e-01
7.5995930195e-01
7.4665610192e-01
7.3239301954e-01
7.1497011692e-01
6.9622404553e-01
6.7612630413e-01
6.5466310383e-01
6.3705414830e-01
6.1863465210e-01
5.9942474670e-01
5.7945472225e-01
5.6052873967e-01
5.4104011791e-01
5.2103840557e-01
5.0058222867e-01
4.8136676981e-01
4.6188200797e-01
4.4219382267e-01
4.2237348727e-01
3.9971885932e-01
3.7710929362e-01
3.5466610898e-01
3.3251134385e-01
3.1390335860e-01
2.9566536949e-01
2.7786489982e-01
2.6056404033e-01
2.4213215300e-01
2.2443935271e-01
2.0753782143e-01
1.9146744024e-01
1.7204869744e-01
1.5408099117e-01
1.3756422598e-01
1.2247246879e-01
1.1082760996e-01
1.0012330297e-01
9.0315660792e-02
8.1356293155e-02
7.1994204546e-02
6.3614404554e-02
5.6135490942e-02
4.9477679337e-02
4.1856374859e-02
3.5355072551e-02
2.9825073502e-02
2.5132581831e-02
2.0339439301e-02
1.6441923836e-02
1.3279133693e-02
1.0716709202e-02
8.5074106926e-03
6.7499803976e-03
5.3532699728e-03
4.2440112643e-03
3.1791384840e-03
2.3808406278e-03
1.7825773426e-03
1.3343084884e-03
8.9144763887e-04
5.9566943084e-04
3.9798539177e-04
2.6577420180e-04
1.4244505866e-04
7.6583989139e-05
4.1211475444e-05
2.2163407810e-05
1.2076880792e-05
6.8632664394e-06
4.3826343161e-06
3.6455390370e-06
