3.2759398548e-01
3.2770579343e-01
3.2804104920e-01
3.2859924854e-01
3.2937955125e-01
3.3017019876e-01
3.3110388581e-01
3.3217969394e-01
3.3339656314e-01
3.3462267753e-01
3.3596310543e-01
3.3741675198e-01
3.3898242759e-01
3.4051181400e-01
3.4213283742e-01
3.4384438140e-01
3.4564526515e-01
3.4743147728e-01
3.4929554636e-01
3.5123631435e-01
3.5325257396e-01
3.5526876616e-01
3.5735292527e-01
3.5950384030e-01
3.6172026067e-01
3.6394392712e-01
3.6622745261e-01
3.6856957323e-01
3.7096899296e-01
3.7340680694e-01
3.7589847470e-01
3.7844263991e-01
3.8103791944e-01
3.8371939642e-01
3.8645045425e-01
3.8922957607e-01
3.9205522232e-01
3.9506744228e-01
3.9812730977e-01
4.0123297879e-01
4.0438258378e-01
4.0843657559e-01
4.1255430808e-01
4.1673187578e-01
4.2096534851e-01
4.2439674201e-01
4.2785948535e-01
4.3135153847e-01
4.3487086212e-01
4.3820559249e-01
4.4156097494e-01
4.4493532381e-01
4.4832696133e-01
4.5164961815e-01
4.5498559375e-01
4.5833336275e-01
4.6169141278e-01
4.6503909048e-01
4.6839399397e-01
4.7175468230e-01
4.7511973210e-01
4.7852298910e-01
4.8192783642e-01
4.8533286710e-01
4.8873669689e-01
4.9224142000e-01
4.9574196190e-01
4.9923688978e-01
5.0272480028e-01
5.0642575791e-01
5.1011560768e-01
5.1379277602e-01
5.1745573077e-01
5.2120986326e-01
5.2494577792e-01
5.2866194505e-01
5.3235688375e-01
5.3603616705e-01
5.3969131313e-01
5.4332098158e-01
5.4692388181e-01
5.5045190319e-01
5.5395150273e-01
5.5742158193e-01
5.6086108861e-01
5.6432508271e-01
5.6775543664e-01
5.7115118937e-01
5.7451142703e-01
5.7796530153e-01
5.8137895316e-01
5.8475151247e-01
5.8808216108e-01
5.9167094844e-01
5.9520789478e-01
5.9869213270e-01
6.0212286013e-01
6.0665180557e-01
6.1108098355e-01
6.1540896000e-01
6.1963448184e-01
6.2279078313e-01
6.2588631852e-01
6.2892072280e-01
6.3189368058e-01
6.3470228688e-01
6.3745329604e-01
6.4014654388e-01
6.4278190093e-01
6.4533651387e-01
6.4783410607e-01
6.5027464106e-01
6.5265810844e-01
6.5499515491e-01
6.5727465572e-01
6.5949666921e-01
6.6166127339e-01
6.6379731098e-01
6.6587455631e-01
6.6789314234e-01
6.6985321623e-01
6.7179456970e-01
6.7367525613e-01
6.7549546805e-01
6.7725540698e-01
6.7900157603e-01
6.8068453683e-01
6.8230452816e-01
6.8386179261e-01
6.8540665684e-01
6.8688495893e-01
6.8829697044e-01
6.8964296110e-01
6.9097497181e-01
6.9223594656e-01
6.9342617437e-01
6.9454593605e-01
6.9564779968e-01
6.9667233444e-01
6.9761982823e-01
6.9849055298e-01
6.9933919122e-01
7.0010014891e-01
7.0077369068e-01
7.0136005414e-01
7.0190842400e-01
7.0235016601e-01
7.0268547796e-01
7.0291451114e-01
7.0303806354e-01
7.0305335980e-01
7.0296040701e-01
7.0275916201e-01
7.0249060061e-01
7.0213702094e-01
7.0169829596e-01
7.0117426928e-01
7.0060401994e-01
6.9995812785e-01
6.9923639604e-01
6.9843860739e-01
6.9760680869e-01
6.9670541765e-01
6.9573419972e-01
6.9469290717e-01
6.9362548791e-01
6.9249281745e-01
6.9129464687e-01
6.9003071992e-01
6.8874505774e-01
6.8739735791e-01
6.8598737511e-01
6.8451486194e-01
6.8302173607e-01
6.8146893841e-01
6.7985624212e-01
6.7818342314e-01
6.7648755867e-01
6.7473367651e-01
6.7292158159e-01
6.7105108637e-01
6.6915057717e-01
6.6719302448e-01
6.6517827831e-01
6.6310620119e-01
6.6098992304e-01
6.5881678771e-01
6.5658670576e-01
6.5429960599e-01
6.5193822542e-01
6.4951891396e-01
6.4704166485e-01
6.4450649701e-01
6.4180184998e-01
6.3903438771e-01
6.3620423370e-01
6.3331155091e-01
6.3007290892e-01
6.2675988398e-01
6.2337287370e-01
6.1991234738e-01
6.1670903669e-01
6.1344610365e-01
6.1012406877e-01
6.0674351166e-01
6.0359953765e-01
6.0040764019e-01
5.9716840383e-01
5.9388246115e-01
5.9070473153e-01
5.8748574867e-01
5.8422619150e-01
5.8092678342e-01
5.7767313421e-01
5.7438310786e-01
5.7105750206e-01
5.6769715825e-01
5.6431140151e-01
5.6089288414e-01
5.5744257579e-01
5.5396149208e-01
5.5030169058e-01
5.4661086856e-01
5.4289033870e-01
5.3914146980e-01
5.3558695662e-01
5.3200981712e-01
5.2841133126e-01
5.2479282333e-01
5.2126605978e-01
5.1772304220e-01
5.1416509622e-01
5.1059358552e-01
5.0717861589e-01
5.0375384324e-01
5.0032054159e-01
4.9688001431e-01
4.9350285973e-01
4.9012132554e-01
4.8673671637e-01
4.8335036119e-01
4.7997675369e-01
4.7660411488e-01
4.7323382515e-01
4.6986728522e-01
4.6645908943e-01
4.6305770815e-01
4.5966465871e-01
4.5628147515e-01
4.5275436290e-01
4.4924153491e-01
4.4574479655e-01
4.4226596631e-01
4.3844169357e-01
4.3464405035e-01
4.3087553527e-01
4.2713865424e-01
4.2350864147e-01
4.1991380321e-01
4.1635650129e-01
4.1283909163e-01
4.0965773138e-01
4.0651352145e-01
4.0340824015e-01
4.0034365329e-01
3.9741591443e-01
3.9452956983e-01
3.9168617996e-01
3.8888728765e-01
3.8615388766e-01
3.8346732589e-01
3.8082905181e-01
3.7824049197e-01
3.7567181045e-01
3.7315695386e-01
3.7069732262e-01
3.6829428778e-01
3.6584103867e-01
3.6345276775e-01
3.6113093557e-01
3.5887696195e-01
3.5663581877e-01
3.5446903702e-01
3.5237801008e-01
3.5036408133e-01
3.4827004117e-01
3.4626964739e-01
3.4436440360e-01
3.4255573960e-01
3.4063760752e-01
3.3884530694e-01
3.3718053146e-01
3.3564485094e-01
3.3397095337e-01
3.3248813944e-01
3.3119841835e-01
3.3010353396e-01
3.2882908636e-01
3.2800065311e-01
3.2762074281e-01
3.2769050467e-01
3.2799193661e-01
3.2849795739e-01
3.2920786836e-01
3.3012068836e-01
3.3103155779e-01
3.3208048341e-01
3.3326646192e-01
3.3458835692e-01
3.3590192328e-01
3.3732491937e-01
3.3885622025e-01
3.4049461310e-01
3.4208430274e-01
3.4376127592e-01
3.4552441753e-01
3.4737255327e-01
3.4921416891e-01
3.5113093009e-01
3.5312166945e-01
3.5518517321e-01
3.5725130175e-01
3.5938328318e-01
3.6157989581e-01
3.6383988036e-01
3.6611026754e-01
3.6843878770e-01
3.7082416389e-01
3.7326508857e-01
3.7575477208e-01
3.7829707624e-01
3.8089061761e-01
3.8353398714e-01
3.8628132763e-01
3.8907751537e-01
3.9192097894e-01
3.9481012504e-01
3.9800311335e-01
4.0124615219e-01
4.0453711609e-01
4.0787385886e-01
4.1201942156e-01
4.1622639000e-01
4.2049073223e-01
4.2480839751e-01
4.2821609051e-01
4.3165191165e-01
4.3511392325e-01
4.3860019086e-01
4.4193345716e-01
4.4528523210e-01
4.4865387511e-01
4.5203775509e-01
4.5536905751e-01
4.5871193658e-01
4.6206488975e-01
4.6542642882e-01
4.6879124255e-01
4.7216170248e-01
4.7553637577e-01
4.7891384865e-01
4.8234626122e-01
4.8577868599e-01
4.8920970798e-01
4.9263793669e-01
4.9619573255e-01
4.9974753739e-01
5.0329188147e-01
5.0682732745e-01
5.1054196768e-01
5.1424356410e-01
5.1793055682e-01
5.2160142928e-01
5.2534327570e-01
5.2906512940e-01
5.3276550534e-01
5.3644296810e-01
5.4007949174e-01
5.4369062053e-01
5.4727508582e-01
5.5083166780e-01
5.5434276081e-01
5.5782396336e-01
5.6127421531e-01
5.6469250313e-01
5.6815429082e-01
5.7158065019e-01
5.7497064479e-01
5.7832338643e-01
5.8180164574e-01
5.8523701691e-01
5.8862863786e-01
5.9197570047e-01
5.9577801385e-01
5.9951903322e-01
6.0319777263e-01
6.0681333054e-01
6.1080615911e-01
6.1471686070e-01
6.1854450385e-01
6.2228827108e-01
6.2537089945e-01
6.2839335229e-01
6.3135531297e-01
6.3425651118e-01
6.3701127715e-01
6.3970853733e-01
6.4234815753e-01
6.4493003635e-01
6.4743886744e-01
6.4989054973e-01
6.5228506874e-01
6.5462243464e-01
6.5691747131e-01
6.5915469084e-01
6.6133416889e-01
6.6345599954e-01
6.6555160420e-01
6.6758802096e-01
6.6956539674e-01
6.7148389151e-01
6.7338496199e-01
6.7522483834e-01
6.7700372423e-01
6.7872183121e-01
6.8042672107e-01
6.8206771639e-01
6.8364506438e-01
6.8515901487e-01
6.8666053742e-01
6.8809459507e-01
6.8946146484e-01
6.9076142064e-01
6.9204695163e-01
6.9326020423e-01
6.9440146946e-01
6.9547102861e-01
6.9652227809e-01
6.9749427374e-01
6.9838730150e-01
6.9920162929e-01
6.9999544174e-01
7.0069743561e-01
7.0130787042e-01
7.0182697474e-01
7.0228666840e-01
7.0263952397e-01
7.0288570102e-01
7.0302531151e-01
7.0305888441e-01
7.0299116965e-01
7.0282213776e-01
7.0255171545e-01
7.0221995680e-01
7.0180515416e-01
7.0130716296e-01
7.0072581118e-01
7.0010153594e-01
6.9940287761e-01
6.9862962928e-01
6.9778156532e-01
6.9690151491e-01
6.9595276980e-01
6.9493509068e-01
6.9384822623e-01
6.9273642937e-01
6.9156004174e-01
6.9031881353e-01
6.8901248870e-01
6.8768492736e-01
6.8629581224e-01
6.8484490033e-01
6.8333194746e-01
6.8179817127e-01
6.8020506077e-01
6.7855239410e-01
6.7683995315e-01
6.7510342519e-01
6.7330908153e-01
6.7145673467e-01
6.6954620567e-01
6.6760336587e-01
6.6560353423e-01
6.6354657117e-01
6.6143235076e-01
6.5926927394e-01
6.5704917848e-01
6.5477198911e-01
6.5243765008e-01
6.5001736742e-01
6.4753852135e-01
6.4500112569e-01
6.4240522191e-01
6.3959215930e-01
6.3671367032e-01
6.3376992045e-01
6.3076112024e-01
6.2756966743e-01
6.2430876051e-01
6.2097880825e-01
6.1758028500e-01
6.1437961105e-01
6.1112134071e-01
6.0780601265e-01
6.0443422303e-01
6.0128097152e-01
5.9808098676e-01
5.9483487294e-01
5.9154328175e-01
5.8834978310e-01
5.8511589504e-01
5.8184231921e-01
5.7852980173e-01
5.7525178674e-01
5.7193803358e-01
5.6858937017e-01
5.6520666863e-01
5.6176494748e-01
5.5829058813e-01
5.5478462284e-01
5.5124813201e-01
5.4764179108e-01
5.4400660426e-01
5.4034384182e-01
5.3665482579e-01
5.3309430115e-01
5.2951215903e-01
5.2590969935e-01
5.2228826573e-01
5.1877511685e-01
5.1524686040e-01
5.1170481997e-01
5.0815035578e-01
5.0474055202e-01
5.0132191333e-01
4.9789572074e-01
4.9446328379e-01
4.9108570506e-01
4.8770468272e-01
4.8432153555e-01
4.8093760597e-01
4.7755738740e-01
4.7417913391e-01
4.7080424952e-01
4.6743415799e-01
4.6400473595e-01
4.6058334237e-01
4.5717154210e-01
4.5377091621e-01
4.5016051861e-01
4.4656657732e-01
4.4299105634e-01
4.3943593265e-01
4.3565316746e-01
4.3189853365e-01
4.2817449203e-01
4.2448350812e-01
4.2093513911e-01
4.1742248776e-01
4.1394780298e-01
4.1051332612e-01
4.0737773760e-01
4.0428012772e-01
4.0122223427e-01
3.9820578148e-01
3.9531232503e-01
3.9246127350e-01
3.8965416780e-01
3.8689253021e-01
3.8418753393e-01
3.8153063555e-01
3.7892327685e-01
3.7636687551e-01
3.7381366071e-01
3.7131634259e-01
3.6887633918e-01
3.6649503704e-01
3.6406638626e-01
3.6170507149e-01
3.5941256459e-01
3.5719029418e-01
3.5496930084e-01
3.5282625175e-01
3.5076256990e-01
3.4877962409e-01
3.4672104777e-01
3.4476065773e-01
3.4289997807e-01
3.4114045290e-01
3.3929262815e-01
3.3757503495e-01
3.3598933371e-01
3.3453705411e-01
3.3292186203e-01
3.3151683107e-01
3.3032403646e-01
3.2934523631e-01
3.2857991273e-01
3.2803244482e-01
3.2770364074e-01
3.2759398548e-01
