0.0000000000e+00
6.9592788026e-03
1.3918557605e-02
2.0877836408e-02
2.7837115210e-02
3.2601510135e-02
3.7365905060e-02
4.2130299985e-02
4.6894694910e-02
5.0468553813e-02
5.4042412716e-02
5.7616271618e-02
6.1190130521e-02
6.3980600960e-02
6.6771071398e-02
6.9561541836e-02
7.2352012275e-02
7.4601083367e-02
7.6850154460e-02
7.9099225552e-02
8.1348296645e-02
8.3242834816e-02
8.5137372988e-02
8.7031911159e-02
8.8926449331e-02
9.0572921858e-02
9.2219394385e-02
9.3865866912e-02
9.5512339439e-02
9.6992149868e-02
9.8471960297e-02
9.9951770727e-02
1.0143158116e-01
1.0284255974e-01
1.0425353832e-01
1.0566451690e-01
1.0707549548e-01
1.0852106174e-01
1.0996662800e-01
1.1141219427e-01
1.1285776053e-01
1.1396367173e-01
1.1506958294e-01
1.1617549414e-01
1.1728140535e-01
1.1821492182e-01
1.1914843830e-01
1.2008195477e-01
1.2101547125e-01
1.2182941837e-01
1.2264336549e-01
1.2345731261e-01
1.2427125973e-01
1.2503388995e-01
1.2579652017e-01
1.2655915040e-01
1.2732178062e-01
1.2809593536e-01
1.2887009010e-01
1.2964424484e-01
1.3041839958e-01
1.3121400952e-01
1.3200961946e-01
1.3280522940e-01
1.3360083935e-01
1.3429665874e-01
1.3499247813e-01
1.3568829753e-01
1.3638411692e-01
1.3704751755e-01
1.3771091818e-01
1.3837431880e-01
1.3903771943e-01
1.3969281019e-01
1.4034790094e-01
1.4100299169e-01
1.4165808245e-01
1.4244466295e-01
1.4323124345e-01
1.4401782396e-01
1.4480440446e-01
1.4546459249e-01
1.4612478052e-01
1.4678496856e-01
1.4744515659e-01
1.4812034294e-01
1.4879552929e-01
1.4947071564e-01
1.5014590199e-01
1.5094549735e-01
1.5174509271e-01
1.5254468807e-01
1.5334428344e-01
1.5415833734e-01
1.5497239124e-01
1.5578644515e-01
1.5660049905e-01
1.5759320247e-01
1.5858590588e-01
1.5957860930e-01
1.6057131272e-01
1.6144959826e-01
1.6232788381e-01
1.6320616936e-01
1.6408445490e-01
1.6500394418e-01
1.6592343345e-01
1.6684292273e-01
1.6776241201e-01
1.6876024637e-01
1.6975808074e-01
1.7075591511e-01
1.7175374948e-01
1.7289252562e-01
1.7403130176e-01
1.7517007791e-01
1.7630885405e-01
1.7774895254e-01
1.7918905102e-01
1.8062914950e-01
1.8206924799e-01
1.8365872606e-01
1.8524820413e-01
1.8683768221e-01
1.8842716028e-01
1.9030969680e-01
1.9219223332e-01
1.9407476984e-01
1.9595730636e-01
1.9772598204e-01
1.9949465772e-01
2.0126333340e-01
2.0303200908e-01
2.0489391249e-01
2.0675581589e-01
2.0861771929e-01
2.1047962269e-01
2.1250638318e-01
2.1453314366e-01
2.1655990414e-01
2.1858666463e-01
2.2084251191e-01
2.2309835919e-01
2.2535420647e-01
2.2761005375e-01
2.3017236136e-01
2.3273466897e-01
2.3529697658e-01
2.3785928419e-01
2.4084725897e-01
2.4383523376e-01
2.4682320854e-01
2.4981118333e-01
2.5242625504e-01
2.5504132675e-01
2.5765639846e-01
2.6027147018e-01
2.6260448874e-01
2.6493750731e-01
2.6727052588e-01
2.6960354445e-01
2.7171075918e-01
2.7381797390e-01
2.7592518863e-01
2.7803240336e-01
2.7996419274e-01
2.8189598212e-01
2.8382777151e-01
2.8575956089e-01
2.8756813252e-01
2.8937670415e-01
2.9118527577e-01
2.9299384740e-01
2.9476598014e-01
2.9653811288e-01
2.9831024562e-01
3.0008237836e-01
3.0203488888e-01
3.0398739939e-01
3.0593990991e-01
3.0789242042e-01
3.0941343754e-01
3.1093445465e-01
3.1245547177e-01
3.1397648888e-01
3.1534848097e-01
3.1672047306e-01
3.1809246514e-01
3.1946445723e-01
3.2058958515e-01
3.2171471306e-01
3.2283984098e-01
3.2396496889e-01
3.2497076469e-01
3.2597656049e-01
3.2698235630e-01
3.2798815210e-01
3.2892648223e-01
3.2986481236e-01
3.3080314249e-01
3.3174147262e-01
3.3262779094e-01
3.3351410926e-01
3.3440042758e-01
3.3528674591e-01
3.3618382508e-01
3.3708090425e-01
3.3797798342e-01
3.3887506258e-01
3.3973906410e-01
3.4060306562e-01
3.4146706713e-01
3.4233106865e-01
3.4309896187e-01
3.4386685510e-01
3.4463474832e-01
3.4540264155e-01
3.4612659586e-01
3.4685055018e-01
3.4757450449e-01
3.4829845880e-01
3.4895638818e-01
3.4961431756e-01
3.5027224694e-01
3.5093017632e-01
3.5160829233e-01
3.5228640833e-01
3.5296452434e-01
3.5364264035e-01
3.5435610410e-01
3.5506956784e-01
3.5578303159e-01
3.5649649534e-01
3.5713797527e-01
3.5777945519e-01
3.5842093511e-01
3.5906241504e-01
3.5975229196e-01
3.6044216889e-01
3.6113204581e-01
3.6182192274e-01
3.6257711957e-01
3.6333231639e-01
3.6408751322e-01
3.6484271005e-01
3.6581626961e-01
3.6678982918e-01
3.6776338875e-01
3.6873694832e-01
3.6949840970e-01
3.7025987108e-01
3.7102133247e-01
3.7178279385e-01
3.7258490454e-01
3.7338701523e-01
3.7418912592e-01
3.7499123661e-01
3.7592599541e-01
3.7686075421e-01
3.7779551301e-01
3.7873027181e-01
3.7996496647e-01
3.8119966113e-01
3.8243435579e-01
3.8366905045e-01
3.8515102412e-01
3.8663299780e-01
3.8811497148e-01
3.8959694516e-01
3.9102161255e-01
3.9244627995e-01
3.9387094735e-01
3.9529561474e-01
3.9685444189e-01
3.9841326903e-01
3.9997209617e-01
4.0153092332e-01
4.0333708899e-01
4.0514325466e-01
4.0694942034e-01
4.0875558601e-01
4.1096252595e-01
4.1316946588e-01
4.1537640582e-01
4.1758334575e-01
4.2049247138e-01
4.2340159701e-01
4.2631072264e-01
4.2921984827e-01
4.3348864005e-01
4.3775743182e-01
4.4202622360e-01
4.4629501538e-01
4.5340675811e-01
4.6051850084e-01
4.6763024357e-01
4.7474198630e-01
4.8435925445e-01
4.9397652261e-01
5.0359379076e-01
5.1321105891e-01
5.1911685091e-01
5.2502264290e-01
5.3092843489e-01
5.3683422689e-01
5.4102515089e-01
5.4521607490e-01
5.4940699891e-01
5.5359792292e-01
5.5679045767e-01
5.5998299241e-01
5.6317552716e-01
5.6636806191e-01
5.6889940263e-01
5.7143074334e-01
5.7396208405e-01
5.7649342477e-01
5.7857688803e-01
5.8066035128e-01
5.8274381454e-01
5.8482727780e-01
5.8660558026e-01
5.8838388272e-01
5.9016218517e-01
5.9194048763e-01
5.9350700488e-01
5.9507352212e-01
5.9664003937e-01
5.9820655661e-01
5.9964922941e-01
6.0109190221e-01
6.0253457500e-01
6.0397724780e-01
6.0537550441e-01
6.0677376102e-01
6.0817201763e-01
6.0957027425e-01
6.1084819039e-01
6.1212610654e-01
6.1340402269e-01
6.1468193884e-01
6.1572105697e-01
6.1676017511e-01
6.1779929324e-01
6.1883841137e-01
6.1971810155e-01
6.2059779173e-01
6.2147748190e-01
6.2235717208e-01
6.2314637149e-01
6.2393557091e-01
6.2472477033e-01
6.2551396974e-01
6.2628108741e-01
6.2704820508e-01
6.2781532275e-01
6.2858244042e-01
6.2936340728e-01
6.3014437415e-01
6.3092534102e-01
6.3170630789e-01
6.3245313288e-01
6.3319995787e-01
6.3394678286e-01
6.3469360785e-01
6.3537283562e-01
6.3605206339e-01
6.3673129117e-01
6.3741051894e-01
6.3806401645e-01
6.3871751397e-01
6.3937101148e-01
6.4002450899e-01
6.4073552772e-01
6.4144654645e-01
6.4215756518e-01
6.4286858391e-01
6.4364087859e-01
6.4441317326e-01
6.4518546793e-01
6.4595776260e-01
6.4661734650e-01
6.4727693041e-01
6.4793651431e-01
6.4859609821e-01
6.4930061538e-01
6.5000513255e-01
6.5070964972e-01
6.5141416689e-01
6.5220396821e-01
6.5299376953e-01
6.5378357084e-01
6.5457337216e-01
6.5542390724e-01
6.5627444231e-01
6.5712497739e-01
6.5797551246e-01
6.5889422559e-01
6.5981293871e-01
6.6073165184e-01
6.6165036496e-01
6.6253758386e-01
6.6342480275e-01
6.6431202165e-01
6.6519924054e-01
6.6614490346e-01
6.6709056637e-01
6.6803622929e-01
6.6898189220e-01
6.7001754872e-01
6.7105320524e-01
6.7208886175e-01
6.7312451827e-01
6.7435476370e-01
6.7558500913e-01
6.7681525456e-01
6.7804549999e-01
6.7963505425e-01
6.8122460851e-01
6.8281416277e-01
6.8440371703e-01
6.8607882291e-01
6.8775392878e-01
6.8942903465e-01
6.9110414053e-01
6.9290466732e-01
6.9470519412e-01
6.9650572091e-01
6.9830624771e-01
7.0010006254e-01
7.0189387737e-01
7.0368769220e-01
7.0548150702e-01
7.0739426435e-01
7.0930702168e-01
7.1121977901e-01
7.1313253634e-01
7.1523122332e-01
7.1732991031e-01
7.1942859730e-01
7.2152728428e-01
7.2387695110e-01
7.2622661792e-01
7.2857628474e-01
7.3092595157e-01
7.3361719634e-01
7.3630844111e-01
7.3899968589e-01
7.4169093066e-01
7.4466412497e-01
7.4763731927e-01
7.5061051357e-01
7.5358370787e-01
7.5609512878e-01
7.5860654969e-01
7.6111797060e-01
7.6362939151e-01
7.6587983978e-01
7.6813028805e-01
7.7038073632e-01
7.7263118460e-01
7.7467364707e-01
7.7671610955e-01
7.7875857203e-01
7.8080103451e-01
7.8268599072e-01
7.8457094693e-01
7.8645590315e-01
7.8834085936e-01
7.9012959154e-01
7.9191832373e-01
7.9370705592e-01
7.9549578810e-01
7.9727664229e-01
7.9905749647e-01
8.0083835066e-01
8.0261920485e-01
8.0436107134e-01
8.0610293784e-01
8.0784480434e-01
8.0958667083e-01
8.1106968761e-01
8.1255270438e-01
8.1403572116e-01
8.1551873793e-01
8.1682557516e-01
8.1813241239e-01
8.1943924962e-01
8.2074608685e-01
8.2183282878e-01
8.2291957072e-01
8.2400631266e-01
8.2509305459e-01
8.2607495193e-01
8.2705684926e-01
8.2803874660e-01
8.2902064393e-01
8.2993706151e-01
8.3085347909e-01
8.3176989667e-01
8.3268631425e-01
8.3358474291e-01
8.3448317157e-01
8.3538160023e-01
8.3628002889e-01
8.3721028104e-01
8.3814053319e-01
8.3907078534e-01
8.4000103749e-01
8.4081662121e-01
8.4163220493e-01
8.4244778866e-01
8.4326337238e-01
8.4404291939e-01
8.4482246639e-01
8.4560201340e-01
8.4638156041e-01
8.4706603669e-01
8.4775051297e-01
8.4843498925e-01
8.4911946552e-01
8.4977285638e-01
8.5042624724e-01
8.5107963810e-01
8.5173302895e-01
8.5260410743e-01
8.5347518591e-01
8.5434626439e-01
8.5521734286e-01
8.5587687814e-01
8.5653641342e-01
8.5719594870e-01
8.5785548398e-01
8.5850587077e-01
8.5915625756e-01
8.5980664435e-01
8.6045703115e-01
8.6114619949e-01
8.6183536783e-01
8.6252453617e-01
8.6321370452e-01
8.6399756973e-01
8.6478143494e-01
8.6556530015e-01
8.6634916536e-01
8.6712387475e-01
8.6789858414e-01
8.6867329352e-01
8.6944800291e-01
8.7021010093e-01
8.7097219895e-01
8.7173429698e-01
8.7249639500e-01
8.7331478169e-01
8.7413316838e-01
8.7495155508e-01
8.7576994177e-01
8.7674371306e-01
8.7771748435e-01
8.7869125563e-01
8.7966502692e-01
8.8084085267e-01
8.8201667841e-01
8.8319250415e-01
8.8436832989e-01
8.8579284670e-01
8.8721736350e-01
8.8864188031e-01
8.9006639711e-01
8.9150400001e-01
8.9294160290e-01
8.9437920580e-01
8.9581680869e-01
8.9739222763e-01
8.9896764656e-01
9.0054306550e-01
9.0211848443e-01
9.0394796473e-01
9.0577744502e-01
9.0760692531e-01
9.0943640561e-01
9.1167337932e-01
9.1391035303e-01
9.1614732674e-01
9.1838430045e-01
9.2131610565e-01
9.2424791084e-01
9.2717971604e-01
9.3011152124e-01
9.3429724842e-01
9.3848297560e-01
9.4266870278e-01
9.4685442996e-01
9.5343441585e-01
9.6001440174e-01
9.6659438763e-01
9.7317437352e-01
9.7988078014e-01
9.8658718676e-01
9.9329359338e-01
1.0000000000e+00
