5.2538690323e-01
5.2539356247e-01
5.2541353684e-01
5.2544681626e-01
5.2549338397e-01
5.2555117211e-01
5.2562139174e-01
5.2570400967e-01
5.2579898685e-01
5.2590463363e-01
5.2602219163e-01
5.2615160705e-01
5.2629282073e-01
5.2644489331e-01
5.2660850212e-01
5.2678357347e-01
5.2697002865e-01
5.2716810139e-01
5.2737742047e-01
5.2759789195e-01
5.2782941706e-01
5.2807394579e-01
5.2832949585e-01
5.2859595162e-01
5.2887319280e-01
5.2916574252e-01
5.2946915777e-01
5.2978329828e-01
5.3010801924e-01
5.3045211165e-01
5.3080702421e-01
5.3117258617e-01
5.3154862229e-01
5.3195304352e-01
5.3236852143e-01
5.3279484037e-01
5.3323177993e-01
5.3372676640e-01
5.3423414059e-01
5.3475358636e-01
5.3528478163e-01
5.3583121678e-01
5.3638889334e-01
5.3695746619e-01
5.3753658542e-01
5.3808416322e-01
5.3864026307e-01
5.3920459411e-01
5.3977686287e-01
5.4033476365e-01
5.4089947505e-01
5.4147072984e-01
5.4204825929e-01
5.4262234630e-01
5.4320198774e-01
5.4378692446e-01
5.4437689655e-01
5.4497015957e-01
5.4556791486e-01
5.4616990324e-01
5.4677586544e-01
5.4739477665e-01
5.4801724453e-01
5.4864299848e-01
5.4927176843e-01
5.4990151259e-01
5.5053372163e-01
5.5116813013e-01
5.5180447376e-01
5.5243288307e-01
5.5306266428e-01
5.5369356861e-01
5.5432534875e-01
5.5495687104e-01
5.5558877865e-01
5.5622083035e-01
5.5685278683e-01
5.5748844753e-01
5.5812353156e-01
5.5875780133e-01
5.5939102153e-01
5.6003152706e-01
5.6067047503e-01
5.6130762813e-01
5.6194275177e-01
5.6258961177e-01
5.6323386479e-01
5.6387526962e-01
5.6451358831e-01
5.6516967314e-01
5.6582195733e-01
5.6647018977e-01
5.6711412331e-01
5.6778777751e-01
5.6845610830e-01
5.6911884113e-01
5.6977570659e-01
5.7044478136e-01
5.7110709058e-01
5.7176235845e-01
5.7241031503e-01
5.7304411624e-01
5.7367024761e-01
5.7428846452e-01
5.7489852798e-01
5.7550698533e-01
5.7610662897e-01
5.7669722930e-01
5.7727856260e-01
5.7786989812e-01
5.7845085082e-01
5.7902119272e-01
5.7958070241e-01
5.8016668378e-01
5.8073978280e-01
5.8129975342e-01
5.8184635791e-01
5.8245492048e-01
5.8304536367e-01
5.8361737072e-01
5.8417063843e-01
5.8466480020e-01
5.8514250677e-01
5.8560354915e-01
5.8604772772e-01
5.8644558202e-01
5.8682853455e-01
5.8719644579e-01
5.8754918286e-01
5.8787944627e-01
5.8819495485e-01
5.8849560208e-01
5.8878128717e-01
5.8905047962e-01
5.8930469057e-01
5.8954383738e-01
5.8976784274e-01
5.8997806957e-01
5.9017279693e-01
5.9035196195e-01
5.9051550708e-01
5.9066663770e-01
5.9080130701e-01
5.9091947022e-01
5.9102108817e-01
5.9111134122e-01
5.9118263420e-01
5.9123494031e-01
5.9126823995e-01
5.9128235304e-01
5.9127867582e-01
5.9125720957e-01
5.9121796181e-01
5.9116360705e-01
5.9109291558e-01
5.9100591025e-01
5.9090261928e-01
5.9078528608e-01
5.9065229612e-01
5.9050369136e-01
5.9033951886e-01
5.9016058758e-01
5.8996632247e-01
5.8975678536e-01
5.8953204323e-01
5.8928998667e-01
5.8903260898e-01
5.8875999533e-01
5.8847223650e-01
5.8816048224e-01
5.8783291102e-01
5.8748964074e-01
5.8713079595e-01
5.8673017049e-01
5.8631207068e-01
5.8587667436e-01
5.8542416851e-01
5.8494408985e-01
5.8444655493e-01
5.8393179395e-01
5.8340004769e-01
5.8290886938e-01
5.8240441793e-01
5.8188688929e-01
5.8135648665e-01
5.8083995140e-01
5.8031213439e-01
5.7977322927e-01
5.7922343579e-01
5.7867775114e-01
5.7812213138e-01
5.7755677807e-01
5.7698189848e-01
5.7640254164e-01
5.7581423721e-01
5.7521720413e-01
5.7461166698e-01
5.7398799921e-01
5.7335603887e-01
5.7271603930e-01
5.7206825992e-01
5.7143983262e-01
5.7080473069e-01
5.7016319863e-01
5.6951548602e-01
5.6889256823e-01
5.6826449092e-01
5.6763148291e-01
5.6699377714e-01
5.6637133348e-01
5.6574491737e-01
5.6511475174e-01
5.6448106296e-01
5.6385668429e-01
5.6322936054e-01
5.6259931434e-01
5.6196677128e-01
5.6134009542e-01
5.6071143154e-01
5.6008100494e-01
5.5944904351e-01
5.5881983542e-01
5.5818956801e-01
5.5755847204e-01
5.5692678053e-01
5.5629399161e-01
5.5566107955e-01
5.5502828444e-01
5.5439584825e-01
5.5375449096e-01
5.5311401151e-01
5.5247466839e-01
5.5183672168e-01
5.5119887858e-01
5.5056296638e-01
5.4992925113e-01
5.4929799995e-01
5.4867817590e-01
5.4806126664e-01
5.4744753068e-01
5.4683722699e-01
5.4622963889e-01
5.4562601518e-01
5.4502661674e-01
5.4443170436e-01
5.4383231647e-01
5.4323809795e-01
5.4264932081e-01
5.4206625628e-01
5.4146598169e-01
5.4087248652e-01
5.4028607236e-01
5.3970703903e-01
5.3908346916e-01
5.3846944219e-01
5.3786533955e-01
5.3727153887e-01
5.3671300694e-01
5.3616458502e-01
5.3562659286e-01
5.3509934581e-01
5.3462337925e-01
5.3415703572e-01
5.3370055064e-01
5.3325415552e-01
5.3283524121e-01
5.3242603651e-01
5.3202673514e-01
5.3163752681e-01
5.3126804215e-01
5.3090849143e-01
5.3055903873e-01
5.3021984401e-01
5.2989623553e-01
5.2958285493e-01
5.2927984242e-01
5.2898733392e-01
5.2870790311e-01
5.2843904471e-01
5.2818087814e-01
5.2793351836e-01
5.2769760036e-01
5.2747265502e-01
5.2725878266e-01
5.2705607889e-01
5.2686376590e-01
5.2668290488e-01
5.2651357785e-01
5.2635586172e-01
5.2620787778e-01
5.2607197336e-01
5.2594821216e-01
5.2583665228e-01
5.2573432541e-01
5.2564511282e-01
5.2556905928e-01
5.2550620299e-01
5.2545154257e-01
5.2541348767e-01
5.2539206225e-01
5.2538727982e-01
5.2539711130e-01
5.2542026474e-01
5.2545672844e-01
5.2550648402e-01
5.2556728115e-01
5.2564047966e-01
5.2572604503e-01
5.2582393690e-01
5.2593246351e-01
5.2605287553e-01
5.2618511791e-01
5.2632913031e-01
5.2648402189e-01
5.2665042873e-01
5.2682827591e-01
5.2701748352e-01
5.2721836175e-01
5.2743046847e-01
5.2765370847e-01
5.2788798177e-01
5.2813535472e-01
5.2839373410e-01
5.2866300291e-01
5.2894303953e-01
5.2923853877e-01
5.2954489188e-01
5.2986195702e-01
5.3018958786e-01
5.3053694045e-01
5.3089511206e-01
5.3126392991e-01
5.3164321667e-01
5.3205237400e-01
5.3247264884e-01
5.3290382103e-01
5.3334566561e-01
5.3385194792e-01
5.3437095286e-01
5.3490234659e-01
5.3544578904e-01
5.3599045982e-01
5.3654606810e-01
5.3711227690e-01
5.3768874471e-01
5.3823703836e-01
5.3879372239e-01
5.3935850786e-01
5.3993110330e-01
5.4049020240e-01
5.4105602120e-01
5.4162829306e-01
5.4220674991e-01
5.4278221911e-01
5.4336316764e-01
5.4394933636e-01
5.4454046547e-01
5.4513538462e-01
5.4573472998e-01
5.4633824182e-01
5.4694566036e-01
5.4756776483e-01
5.4819337512e-01
5.4882221790e-01
5.4945402044e-01
5.5008290125e-01
5.5071415845e-01
5.5134752896e-01
5.5198275078e-01
5.5261149232e-01
5.5324153467e-01
5.5387262954e-01
5.5450453017e-01
5.5513638195e-01
5.5576855051e-01
5.5640079495e-01
5.5703287627e-01
5.5766897374e-01
5.5830442563e-01
5.5893899434e-01
5.5957244460e-01
5.6021351383e-01
5.6085295271e-01
5.6149052361e-01
5.6212599166e-01
5.6277342934e-01
5.6341818027e-01
5.6406000271e-01
5.6469865827e-01
5.6535546129e-01
5.6600837097e-01
5.6665713530e-01
5.6730150629e-01
5.6797854342e-01
5.6865010023e-01
5.6931589771e-01
5.6997566211e-01
5.7064096758e-01
5.7129946226e-01
5.7195087425e-01
5.7259493748e-01
5.7322680447e-01
5.7385092343e-01
5.7446705107e-01
5.7507494978e-01
5.7568203228e-01
5.7628020000e-01
5.7686922373e-01
5.7744888020e-01
5.7803888216e-01
5.7861837679e-01
5.7918713613e-01
5.7974493886e-01
5.8032917650e-01
5.8090038005e-01
5.8145830353e-01
5.8200270930e-01
5.8259912018e-01
5.8317779444e-01
5.8373843037e-01
5.8428073910e-01
5.8476706539e-01
5.8523717992e-01
5.8569088107e-01
5.8612797619e-01
5.8652224168e-01
5.8690162655e-01
5.8726599329e-01
5.8761521090e-01
5.8794239475e-01
5.8825482003e-01
5.8855238150e-01
5.8883497967e-01
5.8910127099e-01
5.8935256251e-01
5.8958877262e-01
5.8980982505e-01
5.9001718769e-01
5.9020901692e-01
5.9038525079e-01
5.9054583266e-01
5.9069405370e-01
5.9082574511e-01
5.9094086298e-01
5.9103936903e-01
5.9112669640e-01
5.9119475671e-01
5.9124352401e-01
5.9127297972e-01
5.9128307365e-01
5.9127549284e-01
5.9125023991e-01
5.9120732366e-01
5.9114943979e-01
5.9107527008e-01
5.9098483848e-01
5.9087817422e-01
5.9075746687e-01
5.9062112867e-01
5.9046920264e-01
5.9030173687e-01
5.9011942486e-01
5.8992178799e-01
5.8970888923e-01
5.8948079674e-01
5.8923516998e-01
5.8897421151e-01
5.8869800797e-01
5.8840665164e-01
5.8809065633e-01
5.8775878728e-01
5.8741116477e-01
5.8704791580e-01
5.8664225371e-01
5.8621904093e-01
5.8577845900e-01
5.8532069877e-01
5.8484145796e-01
5.8434513697e-01
5.8383196161e-01
5.8330216785e-01
5.8280991722e-01
5.8230451711e-01
5.8178616299e-01
5.8125505745e-01
5.8073712121e-01
5.8020797716e-01
5.7966781919e-01
5.7911684729e-01
5.7856961208e-01
5.7801249588e-01
5.7744570088e-01
5.7686943499e-01
5.7628802686e-01
5.7569770488e-01
5.7509868939e-01
5.7449120641e-01
5.7386527221e-01
5.7323107773e-01
5.7258887830e-01
5.7193893529e-01
5.7131192084e-01
5.7067833952e-01
5.7003843358e-01
5.6939245028e-01
5.6877011229e-01
5.6814268564e-01
5.6751039818e-01
5.6687348179e-01
5.6625094638e-01
5.6562448992e-01
5.6499433528e-01
5.6436070872e-01
5.6373609691e-01
5.6310858594e-01
5.6247839861e-01
5.6184576073e-01
5.6121888066e-01
5.6059005708e-01
5.5995951559e-01
5.5932748435e-01
5.5869804119e-01
5.5806758312e-01
5.5743634136e-01
5.5680454933e-01
5.5617138726e-01
5.5553814833e-01
5.5490507338e-01
5.5427240512e-01
5.5362968057e-01
5.5298788848e-01
5.5234728949e-01
5.5170814584e-01
5.5107228892e-01
5.5043840564e-01
5.4980676022e-01
5.4917761795e-01
5.4855821725e-01
5.4794178263e-01
5.4732857285e-01
5.4671884713e-01
5.4611157997e-01
5.4550833379e-01
5.4490937001e-01
5.4431494994e-01
5.4371592079e-01
5.4312212510e-01
5.4253383558e-01
5.4195132415e-01
5.4135295334e-01
5.4076140467e-01
5.4017697846e-01
5.3959997322e-01
5.3896591084e-01
5.3834184475e-01
5.3772817848e-01
5.3712531134e-01
5.3657406669e-01
5.3603284018e-01
5.3550194243e-01
5.3498167974e-01
5.3450952242e-01
5.3404698489e-01
5.3359429947e-01
5.3315169453e-01
5.3273589415e-01
5.3232981354e-01
5.3193364436e-01
5.3154757432e-01
5.3118091001e-01
5.3082419507e-01
5.3047759200e-01
5.3014125919e-01
5.2982033276e-01
5.2950965252e-01
5.2920935734e-01
5.2891958183e-01
5.2864275232e-01
5.2837651750e-01
5.2812099562e-01
5.2787630042e-01
5.2764297521e-01
5.2742064825e-01
5.2720941878e-01
5.2700938126e-01
5.2681968733e-01
5.2664147689e-01
5.2647483089e-01
5.2631982511e-01
5.2617453787e-01
5.2604137189e-01
5.2592038978e-01
5.2581164843e-01
5.2571232928e-01
5.2562614751e-01
5.2555314644e-01
5.2549336274e-01
5.2544680431e-01
5.2541353153e-01
5.2539356114e-01
5.2538690323e-01
