2.4543878003e-02
2.4900905857e-02
2.5981371347e-02
2.7813544690e-02
3.0444783498e-02
3.2824095923e-02
3.5665712288e-02
3.9004088376e-02
4.2878576256e-02
4.6596417314e-02
5.0756240107e-02
5.5389341572e-02
6.0529033743e-02
6.5736372254e-02
7.1430817558e-02
7.7641502093e-02
8.4397921569e-02
9.2227144102e-02
1.0074373902e-01
1.0998100483e-01
1.1996977376e-01
1.2976870393e-01
1.4023450439e-01
1.5138078061e-01
1.6321648033e-01
1.7519286490e-01
1.8780204499e-01
2.0103640506e-01
2.1488240746e-01
2.2790801077e-01
2.4139831663e-01
2.5533012417e-01
2.6967616797e-01
2.8708407742e-01
3.0496719170e-01
3.2326220875e-01
3.4190097653e-01
3.5844234869e-01
3.7514237961e-01
3.9195075962e-01
4.0881720289e-01
4.2615612609e-01
4.4345148680e-01
4.6065290933e-01
4.7771255762e-01
4.9709934349e-01
5.1617650727e-01
5.3488745645e-01
5.5318204815e-01
5.7310390383e-01
5.9239865733e-01
6.1102450876e-01
6.2894879510e-01
6.4652932028e-01
6.6333327857e-01
6.7935052600e-01
6.9457745935e-01
7.0914976508e-01
7.2292584471e-01
7.3591678952e-01
7.4813700561e-01
7.6094310069e-01
7.7282867886e-01
7.8382266558e-01
7.9395523649e-01
8.0463430664e-01
8.1425065123e-01
8.2285006696e-01
8.3047622160e-01
8.3829580218e-01
8.4487223972e-01
8.5025935081e-01
8.5450271056e-01
8.5799516102e-01
8.6008532218e-01
8.6079748939e-01
8.6013983561e-01
8.5854736412e-01
8.5599192473e-01
8.5245283545e-01
8.4790196752e-01
8.4314456047e-01
8.3758374085e-01
8.3118918352e-01
8.2392723982e-01
8.1669531685e-01
8.0871784550e-01
7.9996588714e-01
7.9040959595e-01
7.8111607387e-01
7.7112730224e-01
7.6042179107e-01
7.4897892299e-01
7.3701392033e-01
7.2430378433e-01
7.1083450001e-01
6.9659508553e-01
6.8105674512e-01
6.6468455731e-01
6.4748176583e-01
6.2945879892e-01
6.1365897573e-01
5.9730674859e-01
5.8042342885e-01
5.6303581406e-01
5.4662066605e-01
5.2983610636e-01
5.1271655183e-01
4.9530090044e-01
4.7870449406e-01
4.6192425334e-01
4.4500266554e-01
4.2798502307e-01
4.0535447198e-01
3.8275569210e-01
3.6030869628e-01
3.3813452509e-01
3.2234084708e-01
3.0679594175e-01
2.9154151599e-01
2.7661682534e-01
2.5883467917e-01
2.4166155300e-01
2.2514863057e-01
2.0933795638e-01
1.9496178988e-01
1.8127241786e-01
1.6828240326e-01
1.5599716199e-01
1.4362920199e-01
1.3205785450e-01
1.2126743730e-01
1.1123661645e-01
1.0226515171e-01
9.3948564161e-02
8.6258331478e-02
7.9164423841e-02
7.1806149966e-02
6.5128776730e-02
5.9087383830e-02
5.3638168339e-02
4.7286297532e-02
4.1800451393e-02
3.7097468440e-02
3.3102459278e-02
2.8916010045e-02
2.5664511242e-02
2.3253309033e-02
2.1610495446e-02
2.0718564607e-02
2.0444791542e-02
2.0781627519e-02
2.1738355649e-02
2.3126476422e-02
2.5052281672e-02
2.7556298944e-02
3.0690249544e-02
3.3530876312e-02
3.6803569111e-02
4.0544434199e-02
4.4793430372e-02
4.8885716232e-02
5.3415699985e-02
5.8415045071e-02
6.3916981071e-02
6.9800037832e-02
7.6226907083e-02
8.3230891082e-02
9.0845214041e-02
1.0076814330e-01
1.1165796307e-01
1.2356256940e-01
1.3652301990e-01
1.4708080627e-01
1.5827472735e-01
1.7010993319e-01
1.8258654963e-01
1.9484550800e-01
2.0765294660e-01
2.2099484076e-01
2.3485221123e-01
2.4909108819e-01
2.6378585165e-01
2.7890373082e-01
2.9440773003e-01
3.1249108234e-01
3.3095700626e-01
3.4973566952e-01
3.6875417238e-01
3.8549509376e-01
4.0231185748e-01
4.1915494174e-01
4.3597586368e-01
4.5454226654e-01
4.7296288505e-01
4.9118064882e-01
5.0914278780e-01
5.2844225963e-01
5.4732215902e-01
5.6573344497e-01
5.8363418561e-01
6.0488262604e-01
6.2525628332e-01
6.4471762716e-01
6.6324162935e-01
6.7925039598e-01
6.9446999197e-01
7.0890243199e-01
7.2255448198e-01
7.3622633641e-01
7.4904498687e-01
7.6103038494e-01
7.7220483612e-01
7.8394856570e-01
7.9471286402e-01
8.0453496614e-01
8.1345190989e-01
8.2291741878e-01
8.3121449186e-01
8.3839672786e-01
8.4451282376e-01
8.5054799234e-01
8.5515021657e-01
8.5837012141e-01
8.6024394974e-01
8.6079771920e-01
8.6026272703e-01
8.5863411900e-01
8.5589683326e-01
8.5256090631e-01
8.4832825266e-01
8.4316985439e-01
8.3705122700e-01
8.3105113578e-01
8.2429806521e-01
8.1676251897e-01
8.0841307187e-01
8.0025386556e-01
7.9139699736e-01
7.8181797087e-01
7.7149231449e-01
7.6105526994e-01
7.4991426902e-01
7.3805121565e-01
7.2544974539e-01
7.1001067409e-01
6.9355776934e-01
6.7608103291e-01
6.5757860926e-01
6.4241408592e-01
6.2663661818e-01
6.1025965052e-01
5.9330196957e-01
5.7596836078e-01
5.5811973316e-01
5.3979238445e-01
5.2102922147e-01
5.0503404671e-01
4.8880121678e-01
4.7236664465e-01
4.5576930479e-01
4.3830858759e-01
4.2076661916e-01
4.0319650066e-01
3.8565327185e-01
3.6818445754e-01
3.5085595457e-01
3.3372437642e-01
3.1684519025e-01
3.0137444310e-01
2.8621119135e-01
2.7139398413e-01
2.5695822728e-01
2.4188651811e-01
2.2732804478e-01
2.1331194380e-01
1.9986167819e-01
1.8499430064e-01
1.7092990482e-01
1.5767718640e-01
1.4523601609e-01
1.3412352000e-01
1.2372841956e-01
1.1403310205e-01
1.0501601260e-01
9.6464294159e-02
8.8568059393e-02
8.1296670756e-02
7.4618483729e-02
6.7497859957e-02
6.1097987560e-02
5.5368886569e-02
5.0262629357e-02
4.3728473490e-02
3.8334745489e-02
3.3962814475e-02
3.0511979030e-02
2.7636099785e-02
2.5727222212e-02
2.4725197848e-02
2.4598070151e-02
2.5212694502e-02
2.6526206181e-02
2.8571320581e-02
3.1398254998e-02
3.3921135856e-02
3.6903414377e-02
4.0379647437e-02
4.4388933128e-02
4.8246282852e-02
5.2548844182e-02
5.7327774037e-02
6.2616071253e-02
6.8017000783e-02
7.3916334595e-02
8.0343349952e-02
8.7327519575e-02
9.5829392457e-02
1.0510352254e-01
1.1518715137e-01
1.2611395226e-01
1.3624087234e-01
1.4703177897e-01
1.5849718526e-01
1.7064267602e-01
1.8295636019e-01
1.9589290872e-01
2.0944122788e-01
2.2358424143e-01
2.3695964201e-01
2.5078687364e-01
2.6503976185e-01
2.7968816038e-01
2.9894365062e-01
3.1871162072e-01
3.3890616772e-01
3.5943590284e-01
3.7614670094e-01
3.9296283834e-01
4.0983402987e-01
4.2671069994e-01
4.4458959449e-01
4.6236459393e-01
4.7998309300e-01
4.9739591377e-01
5.1673712737e-01
5.3569999308e-01
5.5423245928e-01
5.7228937305e-01
5.9238099490e-01
6.1174847509e-01
6.3035520393e-01
6.4817443274e-01
6.6482820125e-01
6.8070192000e-01
6.9579256390e-01
7.1010256252e-01
7.2417333580e-01
7.3741874004e-01
7.4985466119e-01
7.6149978304e-01
7.7376668045e-01
7.8507725823e-01
7.9546524810e-01
8.0496488260e-01
8.1506363827e-01
8.2403045824e-01
8.3191654143e-01
8.3876945885e-01
8.4547273419e-01
8.5090662545e-01
8.5512054813e-01
8.5815380552e-01
8.6009486672e-01
8.6079495703e-01
8.6026131209e-01
8.5848801890e-01
8.5600980720e-01
8.5261452102e-01
8.4827697594e-01
8.4296569607e-01
8.3758522901e-01
8.3142815025e-01
8.2446424935e-01
8.1666072235e-01
8.0896266799e-01
8.0054250981e-01
7.9137335273e-01
7.8142788143e-01
7.7154880627e-01
7.6096583718e-01
7.4965881820e-01
7.3760889473e-01
7.2487218250e-01
7.1136952016e-01
6.9708962186e-01
6.8202499373e-01
6.6662792437e-01
6.5048885701e-01
6.3361564207e-01
6.1602254915e-01
5.9990871185e-01
5.8327024320e-01
5.6613229698e-01
5.4852557792e-01
5.3225635404e-01
5.1566574124e-01
4.9878881691e-01
4.8166461539e-01
4.6481950929e-01
4.4782388006e-01
4.3072333519e-01
4.1356603019e-01
3.9310978021e-01
3.7273234171e-01
3.5252309200e-01
3.3257125456e-01
3.1671507294e-01
3.0112785939e-01
2.8585163495e-01
2.7092568013e-01
2.5430272320e-01
2.3823497876e-01
2.2276373631e-01
2.0792295477e-01
1.9358630112e-01
1.7994056039e-01
1.6699763085e-01
1.5476226069e-01
1.4251627832e-01
1.3105981386e-01
1.2037680230e-01
1.1044570651e-01
1.0152043013e-01
9.3249265753e-02
8.5603425327e-02
7.8552666411e-02
7.1217314400e-02
6.4565474955e-02
5.8551660359e-02
5.3131578740e-02
4.6793879978e-02
4.1330778125e-02
3.6657532702e-02
3.2698031587e-02
2.8624540802e-02
2.5463729289e-02
2.3124768938e-02
2.1538856759e-02
2.0684055778e-02
2.0447957460e-02
2.0824034022e-02
2.1822672171e-02
2.3244863493e-02
2.5204524370e-02
2.7742640810e-02
3.0911299214e-02
3.3772529128e-02
3.7064554872e-02
4.0823282618e-02
4.5088395629e-02
4.9203038041e-02
5.3755681825e-02
5.8777899749e-02
6.4302799245e-02
7.0151689665e-02
7.6533944715e-02
8.3481754094e-02
9.1027209729e-02
1.0053105534e-01
1.1092113767e-01
1.2223980322e-01
1.3452376670e-01
1.4509811201e-01
1.5632382362e-01
1.6820711685e-01
1.8074901493e-01
1.9301778247e-01
2.0584510553e-01
2.1921734953e-01
2.3311578556e-01
2.4731858471e-01
2.6198242882e-01
2.7707493537e-01
2.9255942560e-01
3.1086735595e-01
3.2957536124e-01
3.4861081492e-01
3.6789773581e-01
3.8463658193e-01
4.0145385113e-01
4.1829995621e-01
4.3512631991e-01
4.5362563263e-01
4.7198320409e-01
4.9014242252e-01
5.0805088663e-01
5.2734926743e-01
5.4623209725e-01
5.6465009875e-01
5.8256107659e-01
6.0427837589e-01
6.2508611176e-01
6.4494412870e-01
6.6382584059e-01
6.7970998702e-01
6.9481468293e-01
7.0914204097e-01
7.2269878935e-01
7.3633851506e-01
7.4912819473e-01
7.6108769584e-01
7.7223921809e-01
7.8396590002e-01
7.9471568730e-01
8.0452567424e-01
8.1343275854e-01
8.2292063160e-01
8.3123479113e-01
8.3842919321e-01
8.4455284596e-01
8.5056358487e-01
8.5515006966e-01
8.5836245501e-01
8.6023668357e-01
8.6079764988e-01
8.6026756426e-01
8.5864160868e-01
8.5590471432e-01
8.5254339117e-01
8.4827197335e-01
8.4306075091e-01
8.3687438854e-01
8.3087049752e-01
8.2411738165e-01
8.1658575580e-01
8.0824443782e-01
8.0008129733e-01
7.9122177670e-01
7.8164146934e-01
7.7131600106e-01
7.6088764477e-01
7.4975775279e-01
7.3790835445e-01
7.2532320462e-01
7.0965500441e-01
6.9294445215e-01
6.7518136008e-01
6.5636420584e-01
6.4117212533e-01
6.2536979079e-01
6.0897099129e-01
5.9199486581e-01
5.7471104972e-01
5.5691982306e-01
5.3865737010e-01
5.1996636240e-01
5.0395028983e-01
4.8769876161e-01
4.7124792915e-01
4.5463699553e-01
4.3715813136e-01
4.1960133368e-01
4.0201995412e-01
3.8446924571e-01
3.6702375586e-01
3.4972211481e-01
3.3262073421e-01
3.1577482786e-01
3.0032333475e-01
2.8518209787e-01
2.7038946879e-01
2.5598062498e-01
2.4092297717e-01
2.2638186931e-01
2.1238617166e-01
1.9895904771e-01
1.8399308883e-01
1.6984733203e-01
1.5653003488e-01
1.4404033933e-01
1.3301710810e-01
1.2270784011e-01
1.1309454713e-01
1.0415540556e-01
9.5669088669e-02
8.7835276548e-02
8.0623208872e-02
7.4001183864e-02
6.6955921211e-02
6.0624359067e-02
5.4956964051e-02
4.9906290778e-02
4.3420121794e-02
3.8072476285e-02
3.3744927008e-02
3.0337160660e-02
2.7754747228e-02
2.5955789629e-02
2.4894593415e-02
2.4543879253e-02
