2.9876997900e-01
2.9877006504e-01
2.9877032313e-01
2.9877075320e-01
2.9877135514e-01
2.9877213278e-01
2.9877308353e-01
2.9877420715e-01
2.9877550333e-01
2.9877710103e-01
2.9877890017e-01
2.9878090019e-01
2.9878310048e-01
2.9878566511e-01
2.9878845551e-01
2.9879147069e-01
2.9879470955e-01
2.9879780906e-01
2.9880108724e-01
2.9880454311e-01
2.9880817562e-01
2.9881177437e-01
2.9881552930e-01
2.9881943938e-01
2.9882350350e-01
2.9882769729e-01
2.9883204116e-01
2.9883653389e-01
2.9884117419e-01
2.9884556512e-01
2.9885007835e-01
2.9885471275e-01
2.9885946718e-01
2.9886419304e-01
2.9886902960e-01
2.9887397569e-01
2.9887903013e-01
2.9888420600e-01
2.9888948828e-01
2.9889487565e-01
2.9890036676e-01
2.9890599821e-01
2.9891173193e-01
2.9891756641e-01
2.9892350012e-01
2.9892980866e-01
2.9893622211e-01
2.9894273857e-01
2.9894935613e-01
2.9895736534e-01
2.9896551166e-01
2.9897379157e-01
2.9898220147e-01
2.9898961371e-01
2.9899711889e-01
2.9900471451e-01
2.9901239800e-01
2.9901967331e-01
2.9902702126e-01
2.9903443965e-01
2.9904192623e-01
2.9904931731e-01
2.9905676937e-01
2.9906428021e-01
2.9907184763e-01
2.9907948198e-01
2.9908716857e-01
2.9909490509e-01
2.9910268924e-01
2.9911069346e-01
2.9911874246e-01
2.9912683372e-01
2.9913496466e-01
2.9914355850e-01
2.9915219038e-01
2.9916085725e-01
2.9916955605e-01
2.9917895725e-01
2.9918838804e-01
2.9919784455e-01
2.9920732289e-01
2.9921675990e-01
2.9922621076e-01
2.9923567161e-01
2.9924513861e-01
2.9925454886e-01
2.9926395757e-01
2.9927336099e-01
2.9928275532e-01
2.9929240655e-01
2.9930204008e-01
2.9931165185e-01
2.9932123778e-01
2.9933140544e-01
2.9934153441e-01
2.9935161988e-01
2.9936165704e-01
2.9937317525e-01
2.9938461553e-01
2.9939597072e-01
2.9940723371e-01
2.9941798656e-01
2.9942864121e-01
2.9943919155e-01
2.9944963153e-01
2.9945935274e-01
2.9946896602e-01
2.9947846655e-01
2.9948784961e-01
2.9949697796e-01
2.9950598327e-01
2.9951486124e-01
2.9952360763e-01
2.9953225121e-01
2.9954075388e-01
2.9954911161e-01
2.9955732045e-01
2.9956549890e-01
2.9957351591e-01
2.9958136763e-01
2.9958905028e-01
2.9959673950e-01
2.9960424369e-01
2.9961155914e-01
2.9961868222e-01
2.9962582847e-01
2.9963276233e-01
2.9963948018e-01
2.9964597852e-01
2.9965249799e-01
2.9965877295e-01
2.9966479993e-01
2.9967057558e-01
2.9967635539e-01
2.9968185218e-01
2.9968706264e-01
2.9969198366e-01
2.9969687794e-01
2.9970144081e-01
2.9970566921e-01
2.9970956035e-01
2.9971339220e-01
2.9971682222e-01
2.9971984775e-01
2.9972246645e-01
2.9972488400e-01
2.9972680031e-01
2.9972821360e-01
2.9972912254e-01
2.9972952337e-01
2.9972943725e-01
2.9972886425e-01
2.9972780488e-01
2.9972643403e-01
2.9972466980e-01
2.9972251351e-01
2.9971996672e-01
2.9971723612e-01
2.9971416805e-01
2.9971076452e-01
2.9970702771e-01
2.9970317675e-01
2.9969903027e-01
2.9969459070e-01
2.9968986064e-01
2.9968506450e-01
2.9968000747e-01
2.9967469230e-01
2.9966912187e-01
2.9966351486e-01
2.9965767647e-01
2.9965160967e-01
2.9964531759e-01
2.9963900132e-01
2.9963247915e-01
2.9962575424e-01
2.9961882991e-01
2.9961187630e-01
2.9960473890e-01
2.9959742107e-01
2.9958992628e-01
2.9958237522e-01
2.9957465948e-01
2.9956678265e-01
2.9955874841e-01
2.9955059506e-01
2.9954229315e-01
2.9953384660e-01
2.9952525938e-01
2.9951640279e-01
2.9950740977e-01
2.9949828473e-01
2.9948903219e-01
2.9947899607e-01
2.9946882493e-01
2.9945852458e-01
2.9944810095e-01
2.9943745604e-01
2.9942669783e-01
2.9941583269e-01
2.9940486707e-01
2.9939501036e-01
2.9938508367e-01
2.9937509175e-01
2.9936503939e-01
2.9935555910e-01
2.9934603390e-01
2.9933646783e-01
2.9932686495e-01
2.9931753112e-01
2.9930817035e-01
2.9929878639e-01
2.9928938303e-01
2.9927996847e-01
2.9927054212e-01
2.9926110776e-01
2.9925166923e-01
2.9924205623e-01
2.9923244688e-01
2.9922284521e-01
2.9921325527e-01
2.9920428726e-01
2.9919533637e-01
2.9918640588e-01
2.9917749909e-01
2.9916911279e-01
2.9916075328e-01
2.9915242329e-01
2.9914412555e-01
2.9913609193e-01
2.9912809382e-01
2.9912013366e-01
2.9911221391e-01
2.9910439592e-01
2.9909662245e-01
2.9908889584e-01
2.9908121839e-01
2.9907347783e-01
2.9906579264e-01
2.9905816517e-01
2.9905059773e-01
2.9904266743e-01
2.9903480940e-01
2.9902702628e-01
2.9901932065e-01
2.9900965387e-01
2.9900012123e-01
2.9899072773e-01
2.9898147830e-01
2.9897433094e-01
2.9896727733e-01
2.9896031969e-01
2.9895346019e-01
2.9894703606e-01
2.9894070421e-01
2.9893446641e-01
2.9892832435e-01
2.9892232110e-01
2.9891641553e-01
2.9891060920e-01
2.9890490362e-01
2.9889935437e-01
2.9889390678e-01
2.9888856222e-01
2.9888332203e-01
2.9887805398e-01
2.9887289858e-01
2.9886785716e-01
2.9886293098e-01
2.9885777604e-01
2.9885275663e-01
2.9884787419e-01
2.9884313010e-01
2.9883841035e-01
2.9883383884e-01
2.9882941690e-01
2.9882514578e-01
2.9882077717e-01
2.9881658136e-01
2.9881255966e-01
2.9880871332e-01
2.9880453524e-01
2.9880058926e-01
2.9879687693e-01
2.9879339970e-01
2.9879045240e-01
2.9878770026e-01
2.9878514416e-01
2.9878278489e-01
2.9878076897e-01
2.9877892429e-01
2.9877725136e-01
2.9877575062e-01
2.9877442950e-01
2.9877327935e-01
2.9877230046e-01
2.9877149310e-01
2.9877080243e-01
2.9877032041e-01
2.9877004719e-01
2.9876998286e-01
2.9877010588e-01
2.9877040191e-01
2.9877087087e-01
2.9877151262e-01
2.9877232970e-01
2.9877332024e-01
2.9877448397e-01
2.9877582061e-01
2.9877747751e-01
2.9877933971e-01
2.9878140661e-01
2.9878367756e-01
2.9878624252e-01
2.9878902447e-01
2.9879202245e-01
2.9879523542e-01
2.9879836983e-01
2.9880168315e-01
2.9880517439e-01
2.9880884250e-01
2.9881246982e-01
2.9881625305e-01
2.9882019114e-01
2.9882428299e-01
2.9882845773e-01
2.9883277904e-01
2.9883724574e-01
2.9884185657e-01
2.9884626289e-01
2.9885079112e-01
2.9885544014e-01
2.9886020878e-01
2.9886495153e-01
2.9886980476e-01
2.9887476731e-01
2.9887983797e-01
2.9888504388e-01
2.9889035654e-01
2.9889577459e-01
2.9890129667e-01
2.9890695415e-01
2.9891271397e-01
2.9891857461e-01
2.9892453451e-01
2.9893088775e-01
2.9893734648e-01
2.9894390877e-01
2.9895057266e-01
2.9895892955e-01
2.9896743410e-01
2.9897608231e-01
2.9898487012e-01
2.9899225325e-01
2.9899972690e-01
2.9900728861e-01
2.9901493586e-01
2.9902221599e-01
2.9902956760e-01
2.9903698848e-01
2.9904447639e-01
2.9905188480e-01
2.9905935338e-01
2.9906687992e-01
2.9907446221e-01
2.9908212396e-01
2.9908983729e-01
2.9909759989e-01
2.9910540940e-01
2.9911345513e-01
2.9912154506e-01
2.9912967662e-01
2.9913784722e-01
2.9914651183e-01
2.9915521393e-01
2.9916395042e-01
2.9917271814e-01
2.9918218489e-01
2.9919168025e-01
2.9920120025e-01
2.9921074093e-01
2.9922016055e-01
2.9922959257e-01
2.9923903318e-01
2.9924847853e-01
2.9925790404e-01
2.9926732667e-01
2.9927674262e-01
2.9928614810e-01
2.9929583545e-01
2.9930550349e-01
2.9931514809e-01
2.9932476515e-01
2.9933501604e-01
2.9934522575e-01
2.9935538934e-01
2.9936550189e-01
2.9937722934e-01
2.9938887299e-01
2.9940042526e-01
2.9941187863e-01
2.9942248709e-01
2.9943299669e-01
2.9944340153e-01
2.9945369579e-01
2.9946334942e-01
2.9947289364e-01
2.9948232371e-01
2.9949163496e-01
2.9950071228e-01
2.9950966479e-01
2.9951848822e-01
2.9952717837e-01
2.9953577512e-01
2.9954422894e-01
2.9955253581e-01
2.9956069179e-01
2.9956882228e-01
2.9957678900e-01
2.9958458812e-01
2.9959221589e-01
2.9959985265e-01
2.9960730172e-01
2.9961455938e-01
2.9962162200e-01
2.9962870720e-01
2.9963557695e-01
2.9964222764e-01
2.9964865581e-01
2.9965510350e-01
2.9966130312e-01
2.9966725120e-01
2.9967294443e-01
2.9967863861e-01
2.9968404548e-01
2.9968916175e-01
2.9969398434e-01
2.9969877543e-01
2.9970322959e-01
2.9970734382e-01
2.9971111535e-01
2.9971482532e-01
2.9971812398e-01
2.9972100873e-01
2.9972347729e-01
2.9972572467e-01
2.9972745625e-01
2.9972867038e-01
2.9972936588e-01
2.9972954542e-01
2.9972925296e-01
2.9972848874e-01
2.9972725345e-01
2.9972572603e-01
2.9972381284e-01
2.9972151526e-01
2.9971883495e-01
2.9971597802e-01
2.9971278862e-01
2.9970926877e-01
2.9970542074e-01
2.9970146421e-01
2.9969721612e-01
2.9969267895e-01
2.9968785533e-01
2.9968296945e-01
2.9967782601e-01
2.9967242779e-01
2.9966677771e-01
2.9966109306e-01
2.9965517990e-01
2.9964904122e-01
2.9964268015e-01
2.9963629527e-01
2.9962970696e-01
2.9962291842e-01
2.9961593297e-01
2.9960891666e-01
2.9960171870e-01
2.9959434249e-01
2.9958679152e-01
2.9957918004e-01
2.9957140574e-01
2.9956347223e-01
2.9955538322e-01
2.9954716587e-01
2.9953880150e-01
2.9953029407e-01
2.9952164758e-01
2.9951270729e-01
2.9950363156e-01
2.9949442489e-01
2.9948509185e-01
2.9947485969e-01
2.9946449114e-01
2.9945399230e-01
2.9944336938e-01
2.9943282914e-01
2.9942218152e-01
2.9941143265e-01
2.9940058875e-01
2.9939079648e-01
2.9938093755e-01
2.9937101658e-01
2.9936103823e-01
2.9935158399e-01
2.9934208693e-01
2.9933255105e-01
2.9932298037e-01
2.9931365363e-01
2.9930430160e-01
2.9929492802e-01
2.9928553667e-01
2.9927609395e-01
2.9926664094e-01
2.9925718148e-01
2.9924771941e-01
2.9923817230e-01
2.9922863040e-01
2.9921909766e-01
2.9920957803e-01
2.9920068746e-01
2.9919181504e-01
2.9918296398e-01
2.9917413749e-01
2.9916579545e-01
2.9915748106e-01
2.9914919702e-01
2.9914094601e-01
2.9913293990e-01
2.9912497015e-01
2.9911703917e-01
2.9910914940e-01
2.9910134688e-01
2.9909358983e-01
2.9908588055e-01
2.9907822136e-01
2.9907047935e-01
2.9906279396e-01
2.9905516754e-01
2.9904760241e-01
2.9903962737e-01
2.9903172696e-01
2.9902390388e-01
2.9901616076e-01
2.9900710629e-01
2.9899817164e-01
2.9898936098e-01
2.9898067836e-01
2.9897356785e-01
2.9896655063e-01
2.9895962889e-01
2.9895280477e-01
2.9894640106e-01
2.9894008950e-01
2.9893387182e-01
2.9892774971e-01
2.9892172295e-01
2.9891579510e-01
2.9890996775e-01
2.9890424244e-01
2.9889870759e-01
2.9889327448e-01
2.9888794447e-01
2.9888271888e-01
2.9887746693e-01
2.9887232763e-01
2.9886730230e-01
2.9886239221e-01
2.9885720000e-01
2.9885214625e-01
2.9884723241e-01
2.9884245991e-01
2.9883776438e-01
2.9883321705e-01
2.9882881923e-01
2.9882457219e-01
2.9882024612e-01
2.9881609137e-01
2.9881210923e-01
2.9880830092e-01
2.9880405272e-01
2.9880004756e-01
2.9879628710e-01
2.9879277286e-01
2.9878988028e-01
2.9878718106e-01
2.9878467604e-01
2.9878236599e-01
2.9878038715e-01
2.9877857917e-01
2.9877694254e-01
2.9877547769e-01
2.9877419026e-01
2.9877307382e-01
2.9877212867e-01
2.9877135503e-01
2.9877075313e-01
2.9877032310e-01
2.9877006503e-01
2.9876997900e-01
