0.0000000000e+00
7.7195484190e-03
1.5439096838e-02
2.3158645257e-02
3.0878193676e-02
3.5567662083e-02
4.0257130490e-02
4.4946598897e-02
4.9636067304e-02
5.2857288966e-02
5.6078510627e-02
5.9299732289e-02
6.2520953950e-02
6.4903660639e-02
6.7286367328e-02
6.9669074017e-02
7.2051780706e-02
7.3935751564e-02
7.5819722423e-02
7.7703693281e-02
7.9587664140e-02
8.1168115651e-02
8.2748567162e-02
8.4329018673e-02
8.5909470185e-02
8.7411633153e-02
8.8913796122e-02
9.0415959091e-02
9.1918122059e-02
9.3160445893e-02
9.4402769726e-02
9.5645093560e-02
9.6887417393e-02
9.7869303851e-02
9.8851190308e-02
9.9833076766e-02
1.0081496322e-01
1.0164121440e-01
1.0246746558e-01
1.0329371676e-01
1.0411996793e-01
1.0493255974e-01
1.0574515154e-01
1.0655774335e-01
1.0737033515e-01
1.0814918192e-01
1.0892802869e-01
1.0970687547e-01
1.1048572224e-01
1.1120503730e-01
1.1192435236e-01
1.1264366741e-01
1.1336298247e-01
1.1405407875e-01
1.1474517502e-01
1.1543627129e-01
1.1612736756e-01
1.1684874332e-01
1.1757011907e-01
1.1829149482e-01
1.1901287057e-01
1.1971559149e-01
1.2041831241e-01
1.2112103333e-01
1.2182375425e-01
1.2263141308e-01
1.2343907190e-01
1.2424673072e-01
1.2505438955e-01
1.2613603974e-01
1.2721768992e-01
1.2829934011e-01
1.2938099030e-01
1.3031432444e-01
1.3124765859e-01
1.3218099274e-01
1.3311432688e-01
1.3416132905e-01
1.3520833121e-01
1.3625533338e-01
1.3730233555e-01
1.3860441628e-01
1.3990649702e-01
1.4120857775e-01
1.4251065849e-01
1.4414744607e-01
1.4578423366e-01
1.4742102124e-01
1.4905780883e-01
1.5093070189e-01
1.5280359495e-01
1.5467648801e-01
1.5654938107e-01
1.5846777369e-01
1.6038616630e-01
1.6230455892e-01
1.6422295154e-01
1.6638001000e-01
1.6853706846e-01
1.7069412692e-01
1.7285118538e-01
1.7517742898e-01
1.7750367257e-01
1.7982991617e-01
1.8215615977e-01
1.8443003626e-01
1.8670391275e-01
1.8897778924e-01
1.9125166573e-01
1.9327568579e-01
1.9529970584e-01
1.9732372589e-01
1.9934774595e-01
2.0105391820e-01
2.0276009046e-01
2.0446626271e-01
2.0617243497e-01
2.0751747288e-01
2.0886251079e-01
2.1020754871e-01
2.1155258662e-01
2.1277150428e-01
2.1399042193e-01
2.1520933958e-01
2.1642825724e-01
2.1767039061e-01
2.1891252399e-01
2.2015465737e-01
2.2139679074e-01
2.2246868505e-01
2.2354057937e-01
2.2461247368e-01
2.2568436799e-01
2.2671168700e-01
2.2773900602e-01
2.2876632503e-01
2.2979364405e-01
2.3071867427e-01
2.3164370449e-01
2.3256873472e-01
2.3349376494e-01
2.3446076462e-01
2.3542776430e-01
2.3639476399e-01
2.3736176367e-01
2.3833384426e-01
2.3930592485e-01
2.4027800544e-01
2.4125008604e-01
2.4254080456e-01
2.4383152309e-01
2.4512224162e-01
2.4641296015e-01
2.4749772230e-01
2.4858248445e-01
2.4966724660e-01
2.5075200876e-01
2.5185398685e-01
2.5295596493e-01
2.5405794302e-01
2.5515992111e-01
2.5609912895e-01
2.5703833679e-01
2.5797754463e-01
2.5891675247e-01
2.5993037283e-01
2.6094399319e-01
2.6195761355e-01
2.6297123391e-01
2.6390189962e-01
2.6483256532e-01
2.6576323102e-01
2.6669389673e-01
2.6781841586e-01
2.6894293500e-01
2.7006745413e-01
2.7119197327e-01
2.7238164114e-01
2.7357130902e-01
2.7476097689e-01
2.7595064476e-01
2.7713847843e-01
2.7832631211e-01
2.7951414578e-01
2.8070197945e-01
2.8197730470e-01
2.8325262994e-01
2.8452795518e-01
2.8580328042e-01
2.8736281046e-01
2.8892234050e-01
2.9048187054e-01
2.9204140057e-01
2.9401663929e-01
2.9599187800e-01
2.9796711671e-01
2.9994235543e-01
3.0217523562e-01
3.0440811582e-01
3.0664099602e-01
3.0887387621e-01
3.1123654587e-01
3.1359921553e-01
3.1596188519e-01
3.1832455484e-01
3.2049087073e-01
3.2265718662e-01
3.2482350251e-01
3.2698981840e-01
3.2893140180e-01
3.3087298519e-01
3.3281456858e-01
3.3475615197e-01
3.3661708980e-01
3.3847802763e-01
3.4033896547e-01
3.4219990330e-01
3.4391731269e-01
3.4563472207e-01
3.4735213146e-01
3.4906954085e-01
3.5058311670e-01
3.5209669255e-01
3.5361026840e-01
3.5512384425e-01
3.5629924222e-01
3.5747464018e-01
3.5865003815e-01
3.5982543612e-01
3.6085046154e-01
3.6187548697e-01
3.6290051239e-01
3.6392553782e-01
3.6485683086e-01
3.6578812390e-01
3.6671941695e-01
3.6765070999e-01
3.6862631607e-01
3.6960192215e-01
3.7057752823e-01
3.7155313431e-01
3.7237666639e-01
3.7320019848e-01
3.7402373056e-01
3.7484726264e-01
3.7555942824e-01
3.7627159383e-01
3.7698375942e-01
3.7769592502e-01
3.7841090104e-01
3.7912587707e-01
3.7984085309e-01
3.8055582912e-01
3.8125225103e-01
3.8194867293e-01
3.8264509484e-01
3.8334151675e-01
3.8406372747e-01
3.8478593818e-01
3.8550814889e-01
3.8623035961e-01
3.8701792327e-01
3.8780548692e-01
3.8859305058e-01
3.8938061424e-01
3.9017835401e-01
3.9097609379e-01
3.9177383356e-01
3.9257157334e-01
3.9341342082e-01
3.9425526830e-01
3.9509711578e-01
3.9593896326e-01
3.9714494116e-01
3.9835091906e-01
3.9955689696e-01
4.0076287486e-01
4.0240189148e-01
4.0404090810e-01
4.0567992472e-01
4.0731894135e-01
4.0890054608e-01
4.1048215081e-01
4.1206375554e-01
4.1364536027e-01
4.1562619097e-01
4.1760702167e-01
4.1958785237e-01
4.2156868307e-01
4.2442960143e-01
4.2729051978e-01
4.3015143813e-01
4.3301235649e-01
4.3817469032e-01
4.4333702415e-01
4.4849935798e-01
4.5366169181e-01
4.6584723144e-01
4.7803277107e-01
4.9021831069e-01
5.0240385032e-01
5.0982033015e-01
5.1723680999e-01
5.2465328982e-01
5.3206976966e-01
5.3664656986e-01
5.4122337005e-01
5.4580017025e-01
5.5037697045e-01
5.5354426830e-01
5.5671156614e-01
5.5987886399e-01
5.6304616183e-01
5.6539873990e-01
5.6775131797e-01
5.7010389604e-01
5.7245647411e-01
5.7432257206e-01
5.7618867001e-01
5.7805476796e-01
5.7992086591e-01
5.8148851380e-01
5.8305616169e-01
5.8462380958e-01
5.8619145747e-01
5.8776817012e-01
5.8934488277e-01
5.9092159543e-01
5.9249830808e-01
5.9372644527e-01
5.9495458246e-01
5.9618271965e-01
5.9741085684e-01
5.9836879578e-01
5.9932673472e-01
6.0028467366e-01
6.0124261260e-01
6.0206246470e-01
6.0288231680e-01
6.0370216890e-01
6.0452202100e-01
6.0539069779e-01
6.0625937458e-01
6.0712805137e-01
6.0799672816e-01
6.0876627544e-01
6.0953582272e-01
6.1030536999e-01
6.1107491727e-01
6.1176325838e-01
6.1245159949e-01
6.1313994061e-01
6.1382828172e-01
6.1455183521e-01
6.1527538871e-01
6.1599894221e-01
6.1672249570e-01
6.1741921242e-01
6.1811592914e-01
6.1881264586e-01
6.1950936258e-01
6.2024169208e-01
6.2097402159e-01
6.2170635110e-01
6.2243868060e-01
6.2325481324e-01
6.2407094588e-01
6.2488707852e-01
6.2570321115e-01
6.2665391001e-01
6.2760460887e-01
6.2855530773e-01
6.2950600659e-01
6.3045013921e-01
6.3139427184e-01
6.3233840446e-01
6.3328253709e-01
6.3433762807e-01
6.3539271905e-01
6.3644781003e-01
6.3750290101e-01
6.3889022882e-01
6.4027755663e-01
6.4166488444e-01
6.4305221225e-01
6.4474770767e-01
6.4644320309e-01
6.4813869852e-01
6.4983419394e-01
6.5166025940e-01
6.5348632485e-01
6.5531239031e-01
6.5713845577e-01
6.5907705385e-01
6.6101565193e-01
6.6295425000e-01
6.6489284808e-01
6.6710463430e-01
6.6931642052e-01
6.7152820674e-01
6.7373999296e-01
6.7600626500e-01
6.7827253704e-01
6.8053880907e-01
6.8280508111e-01
6.8561280562e-01
6.8842053013e-01
6.9122825465e-01
6.9403597916e-01
6.9612118206e-01
6.9820638495e-01
7.0029158784e-01
7.0237679074e-01
7.0387720771e-01
7.0537762467e-01
7.0687804164e-01
7.0837845861e-01
7.0965985613e-01
7.1094125365e-01
7.1222265117e-01
7.1350404869e-01
7.1469399060e-01
7.1588393251e-01
7.1707387442e-01
7.1826381633e-01
7.1953716523e-01
7.2081051413e-01
7.2208386302e-01
7.2335721192e-01
7.2440173704e-01
7.2544626216e-01
7.2649078728e-01
7.2753531240e-01
7.2846780558e-01
7.2940029875e-01
7.3033279193e-01
7.3126528510e-01
7.3230476989e-01
7.3334425469e-01
7.3438373949e-01
7.3542322428e-01
7.3634336735e-01
7.3726351041e-01
7.3818365348e-01
7.3910379654e-01
7.4016768872e-01
7.4123158090e-01
7.4229547308e-01
7.4335936526e-01
7.4444060489e-01
7.4552184452e-01
7.4660308415e-01
7.4768432378e-01
7.4877665151e-01
7.4986897924e-01
7.5096130698e-01
7.5205363471e-01
7.5311506227e-01
7.5417648984e-01
7.5523791740e-01
7.5629934496e-01
7.5723763325e-01
7.5817592153e-01
7.5911420982e-01
7.6005249811e-01
7.6109369157e-01
7.6213488504e-01
7.6317607850e-01
7.6421727196e-01
7.6515769114e-01
7.6609811031e-01
7.6703852949e-01
7.6797894866e-01
7.6901466057e-01
7.7005037249e-01
7.7108608440e-01
7.7212179631e-01
7.7369911264e-01
7.7527642897e-01
7.7685374529e-01
7.7843106162e-01
7.7964764391e-01
7.8086422621e-01
7.8208080850e-01
7.8329739080e-01
7.8468382306e-01
7.8607025533e-01
7.8745668759e-01
7.8884311986e-01
7.9070951026e-01
7.9257590066e-01
7.9444229106e-01
7.9630868146e-01
7.9892426477e-01
8.0153984808e-01
8.0415543139e-01
8.0677101469e-01
8.0904006415e-01
8.1130911361e-01
8.1357816306e-01
8.1584721252e-01
8.1812594213e-01
8.2040467175e-01
8.2268340136e-01
8.2496213097e-01
8.2694539983e-01
8.2892866869e-01
8.3091193755e-01
8.3289520641e-01
8.3473600853e-01
8.3657681064e-01
8.3841761275e-01
8.4025841486e-01
8.4218120984e-01
8.4410400482e-01
8.4602679981e-01
8.4794959479e-01
8.4956638679e-01
8.5118317880e-01
8.5279997081e-01
8.5441676282e-01
8.5561036281e-01
8.5680396280e-01
8.5799756278e-01
8.5919116277e-01
8.6021251532e-01
8.6123386786e-01
8.6225522041e-01
8.6327657296e-01
8.6420857967e-01
8.6514058637e-01
8.6607259308e-01
8.6700459979e-01
8.6800173199e-01
8.6899886420e-01
8.6999599640e-01
8.7099312860e-01
8.7180901561e-01
8.7262490262e-01
8.7344078962e-01
8.7425667663e-01
8.7499948375e-01
8.7574229086e-01
8.7648509798e-01
8.7722790509e-01
8.7792050130e-01
8.7861309751e-01
8.7930569372e-01
8.7999828993e-01
8.8074440099e-01
8.8149051205e-01
8.8223662311e-01
8.8298273417e-01
8.8366314113e-01
8.8434354808e-01
8.8502395503e-01
8.8570436198e-01
8.8646367526e-01
8.8722298854e-01
8.8798230182e-01
8.8874161510e-01
8.8959536901e-01
8.9044912293e-01
8.9130287684e-01
8.9215663075e-01
8.9298221544e-01
8.9380780013e-01
8.9463338482e-01
8.9545896951e-01
8.9647512898e-01
8.9749128845e-01
8.9850744792e-01
8.9952360739e-01
9.0088630961e-01
9.0224901182e-01
9.0361171404e-01
9.0497441625e-01
9.0648186702e-01
9.0798931778e-01
9.0949676854e-01
9.1100421930e-01
9.1278531264e-01
9.1456640597e-01
9.1634749930e-01
9.1812859264e-01
9.2054453407e-01
9.2296047550e-01
9.2537641693e-01
9.2779235837e-01
9.3167947045e-01
9.3556658254e-01
9.3945369462e-01
9.4334080671e-01
9.5042192394e-01
9.5750304117e-01
9.6458415840e-01
9.7166527563e-01
9.7874895672e-01
9.8583263781e-01
9.9291631891e-01
1.0000000000e+00
