1.5268519660e-02
1.5506437169e-02
1.6227150013e-02
1.7451747496e-02
1.9215813511e-02
2.1153221522e-02
2.3546218839e-02
2.6441789221e-02
2.9895543161e-02
3.3025684834e-02
3.6570980872e-02
4.0569639705e-02
4.5063285678e-02
4.9378057233e-02
5.4126558331e-02
5.9341210681e-02
6.5055782305e-02
7.0951550444e-02
7.7355658703e-02
8.4298331650e-02
9.1809549175e-02
1.0128888608e-01
1.1161873395e-01
1.2283876083e-01
1.3498321238e-01
1.4569913310e-01
1.5707154336e-01
1.6910642874e-01
1.8180440214e-01
1.9391645870e-01
2.0656340805e-01
2.1973204884e-01
2.3340445189e-01
2.4760751404e-01
2.6226724975e-01
2.7735140424e-01
2.9282347780e-01
3.0983072119e-01
3.2718468902e-01
3.4482756592e-01
3.6269891952e-01
3.7962209320e-01
3.9663988828e-01
4.1370071322e-01
4.3075386410e-01
4.4936696121e-01
4.6784993251e-01
4.8614459294e-01
5.0419693912e-01
5.2330703872e-01
5.4202363667e-01
5.6029811095e-01
5.7808855070e-01
5.9896534955e-01
6.1902802441e-01
6.3823862696e-01
6.5657074759e-01
6.7304856583e-01
6.8872381533e-01
7.0359653026e-01
7.1767201064e-01
7.3146823879e-01
7.4442868646e-01
7.5657162583e-01
7.6791784137e-01
7.7976163275e-01
7.9065911671e-01
8.0064512256e-01
8.0975460928e-01
8.1950629323e-01
8.2811987270e-01
8.3564790088e-01
8.4213877011e-01
8.4865931155e-01
8.5379563809e-01
8.5760190052e-01
8.6011942514e-01
8.6134623023e-01
8.6143760866e-01
8.6039524296e-01
8.5820954595e-01
8.5526470713e-01
8.5136380214e-01
8.4647745153e-01
8.4056959162e-01
8.3480298487e-01
8.2826153035e-01
8.2091440013e-01
8.1272842561e-01
8.0476251634e-01
7.9608787189e-01
7.8667864839e-01
7.7650881713e-01
7.6631128708e-01
7.5540877146e-01
7.4378197929e-01
7.3141315836e-01
7.1552884668e-01
6.9852616234e-01
6.8039072127e-01
6.6111763162e-01
6.4535894361e-01
6.2892574156e-01
6.1183258303e-01
5.9410040271e-01
5.7732511468e-01
5.6006422166e-01
5.4235034932e-01
5.2422196216e-01
5.0793668479e-01
4.9139814910e-01
4.7464415756e-01
4.5771588158e-01
4.4009536448e-01
4.2238822805e-01
4.0464912828e-01
3.8693479763e-01
3.6959209042e-01
3.5238553084e-01
3.3537073959e-01
3.1860228277e-01
3.0288393676e-01
2.8748131747e-01
2.7243511645e-01
2.5778271058e-01
2.4273700110e-01
2.2820517438e-01
2.1421658528e-01
2.0079494364e-01
1.7953386998e-01
1.5997786047e-01
1.4213703442e-01
1.2598640945e-01
1.1634027677e-01
1.0737018649e-01
9.9053004531e-02
9.1363305940e-02
8.3764497120e-02
7.6825017745e-02
7.0509696888e-02
6.4783596100e-02
5.8435878455e-02
5.2883204475e-02
4.8067072257e-02
4.3933886196e-02
3.8739742232e-02
3.4937025512e-02
3.2408404527e-02
3.1073529859e-02
3.0840409795e-02
3.1396819061e-02
3.2755258331e-02
3.4945990686e-02
3.7088200878e-02
3.9719817002e-02
4.2870112119e-02
4.6573185962e-02
5.0209237621e-02
5.4305114734e-02
5.8889934551e-02
6.3994820509e-02
6.9289183279e-02
7.5099048294e-02
8.1453418690e-02
8.8381610251e-02
9.6287297966e-02
1.0488755510e-01
1.1421333849e-01
1.2429297887e-01
1.3419246818e-01
1.4475879950e-01
1.5600344046e-01
1.6793312892e-01
1.7986816481e-01
1.9241545587e-01
2.0556583651e-01
2.1930454836e-01
2.3274433104e-01
2.4666451983e-01
2.6103871854e-01
2.7583616524e-01
2.9306454058e-01
3.1073462333e-01
3.2878478439e-01
3.4714921573e-01
3.6380571931e-01
3.8060823764e-01
3.9750559593e-01
4.1444685504e-01
4.3213720007e-01
4.4976544668e-01
4.6727869965e-01
4.8462700905e-01
5.0417615812e-01
5.2338620017e-01
5.4220047024e-01
5.6056918933e-01
5.8055562366e-01
5.9987978538e-01
6.1850166372e-01
6.3639069001e-01
6.5361273836e-01
6.7005791397e-01
6.8571893051e-01
7.0059462451e-01
7.1507836059e-01
7.2874521341e-01
7.4160845850e-01
7.5368457797e-01
7.6640994623e-01
7.7818422425e-01
7.8903934565e-01
7.9900823279e-01
8.0959555255e-01
8.1906642445e-01
8.2747110496e-01
8.3485695018e-01
8.4226398796e-01
8.4839850194e-01
8.5331426274e-01
8.5705556299e-01
8.5982168013e-01
8.6128107390e-01
8.6144927345e-01
8.6032724990e-01
8.5838299222e-01
8.5550680580e-01
8.5167573690e-01
8.4685992365e-01
8.4190699050e-01
8.3617293053e-01
8.2962749923e-01
8.2223745401e-01
8.1490895504e-01
8.0685385901e-01
7.9804410273e-01
7.8845088277e-01
7.7902451928e-01
7.6890467714e-01
7.5807013024e-01
7.4650062213e-01
7.3432425629e-01
7.2139519628e-01
7.0769980024e-01
6.9322765979e-01
6.7789468658e-01
6.6176894464e-01
6.4485449814e-01
6.2716207591e-01
6.1138313924e-01
5.9506180146e-01
5.7821959251e-01
5.6088342745e-01
5.4459350383e-01
5.2794567227e-01
5.1097367885e-01
4.9371555644e-01
4.7677884538e-01
4.5965561602e-01
4.4239112426e-01
4.2503359979e-01
4.0422805888e-01
3.8345285526e-01
3.6280104531e-01
3.4236650112e-01
3.2618230701e-01
3.1024483809e-01
2.9459888908e-01
2.7928673457e-01
2.6318236565e-01
2.4755690496e-01
2.3244944443e-01
2.1789322324e-01
2.0318691014e-01
1.8914640022e-01
1.7578835124e-01
1.6312217348e-01
1.5011336276e-01
1.3792358271e-01
1.2654012356e-01
1.1594368901e-01
1.0659174657e-01
9.7901652643e-02
8.9845974682e-02
8.2395360522e-02
7.4695430441e-02
6.7678557440e-02
6.1300151034e-02
5.5516262271e-02
4.8643907432e-02
4.2659466954e-02
3.7473010892e-02
3.3002247318e-02
2.8166898326e-02
2.4263288662e-02
2.1174424374e-02
1.8804948226e-02
1.7082106934e-02
1.5947066225e-02
1.5363065775e-02
1.5311082816e-02
1.5737198339e-02
1.6632011235e-02
1.8020530508e-02
1.9941232986e-02
2.2003110300e-02
2.4516065348e-02
2.7526861139e-02
3.1090238947e-02
3.4339504525e-02
3.8008143730e-02
4.2134288108e-02
4.6759296872e-02
5.1218466642e-02
5.6118949317e-02
6.1493161319e-02
6.7374730566e-02
7.3563293465e-02
8.0287917719e-02
8.7580101980e-02
9.5470863874e-02
1.0559522462e-01
1.1664136596e-01
1.2865028062e-01
1.4165598427e-01
1.5240572486e-01
1.6377319089e-01
1.7576104458e-01
1.8836696318e-01
2.0069832945e-01
2.1355181057e-01
2.2691194234e-01
2.4075861364e-01
2.5516689578e-01
2.7001343540e-01
2.8526398730e-01
3.0088030454e-01
3.1855092595e-01
3.3655768968e-01
3.5483613052e-01
3.7331944303e-01
3.8999122443e-01
4.0672375541e-01
4.2346870252e-01
4.4017889721e-01
4.5897401158e-01
4.7760411535e-01
4.9601095433e-01
5.1414092432e-01
5.3317183723e-01
5.5177760297e-01
5.6991229550e-01
5.8753681029e-01
6.0906302938e-01
6.2966893515e-01
6.4931771979e-01
6.6798578994e-01
6.8360955956e-01
6.9846113830e-01
7.1254392342e-01
7.2586565266e-01
7.3929824127e-01
7.5188907119e-01
7.6365860921e-01
7.7462947961e-01
7.8615340329e-01
7.9671458785e-01
8.0635010310e-01
8.1509670548e-01
8.2449840266e-01
8.3272284717e-01
8.3982503587e-01
8.4585481012e-01
8.5171435955e-01
8.5616875527e-01
8.5926763723e-01
8.6104652034e-01
8.6153529450e-01
8.6091825071e-01
8.5919013498e-01
8.5633499726e-01
8.5276248626e-01
8.4822066461e-01
8.4267594709e-01
8.3608835105e-01
8.2992614786e-01
8.2301543151e-01
8.1532657864e-01
8.0682814996e-01
7.9849542504e-01
7.8946143888e-01
7.7970156481e-01
7.6919129747e-01
7.5858372044e-01
7.4726997713e-01
7.3523229455e-01
7.2245476088e-01
7.0640463370e-01
6.8928868707e-01
6.7109807197e-01
6.5183339679e-01
6.3648919082e-01
6.2054210482e-01
6.0400740862e-01
5.8690583152e-01
5.6972890100e-01
5.5206978088e-01
5.3396486601e-01
5.1545672053e-01
4.9936169747e-01
4.8304192586e-01
4.6653462619e-01
4.4988002625e-01
4.3222392571e-01
4.1450530333e-01
3.9677973276e-01
3.7910455794e-01
3.6175918519e-01
3.4457637903e-01
3.2761193199e-01
3.1092018708e-01
2.9552098456e-01
2.8044984984e-01
2.6574468713e-01
2.5144002364e-01
2.3650293467e-01
2.2210027555e-01
2.0825956140e-01
1.9500247376e-01
1.7832976585e-01
1.6273496567e-01
1.4822383112e-01
1.3478773280e-01
1.2437314516e-01
1.1467631132e-01
1.0567546775e-01
9.7345720009e-02
8.9385928838e-02
8.2086658768e-02
7.5414887348e-02
6.9337328733e-02
6.2789928768e-02
5.6993695574e-02
5.1896384253e-02
4.7449231846e-02
4.1711065601e-02
3.7296968356e-02
3.4088082207e-02
3.1994836943e-02
3.0991166280e-02
3.0892395729e-02
3.1695987690e-02
3.3422511066e-02
3.5233956860e-02
3.7556091628e-02
4.0417603122e-02
4.3853002163e-02
4.7197899277e-02
5.0999293771e-02
5.5286300564e-02
6.0090410133e-02
6.4966689581e-02
7.0330927820e-02
7.6211172480e-02
8.2636107701e-02
9.0031211311e-02
9.8097483561e-02
1.0686743754e-01
1.1637167722e-01
1.2583558591e-01
1.3596995440e-01
1.4679020753e-01
1.5830742067e-01
1.6990114853e-01
1.8212978063e-01
1.9498830683e-01
2.0846603862e-01
2.2130247875e-01
2.3462434591e-01
2.4841005374e-01
2.6263374708e-01
2.8088017627e-01
2.9969097708e-01
3.1899234820e-01
3.3870385618e-01
3.5545148855e-01
3.7237446299e-01
3.8942001845e-01
4.0653529148e-01
4.2410838710e-01
4.4164477894e-01
4.5909155087e-01
4.7639841852e-01
4.9545773320e-01
5.1422473295e-01
5.3264505875e-01
5.5067035523e-01
5.7205072497e-01
5.9271710424e-01
6.1261785628e-01
6.3171335120e-01
6.4914916360e-01
6.6581018421e-01
6.8168734733e-01
6.9677796425e-01
7.1140519403e-01
7.2522026970e-01
7.3823533005e-01
7.5046586585e-01
7.6319605334e-01
7.7500203633e-01
7.8591363535e-01
7.9596180963e-01
8.0717481029e-01
8.1718866565e-01
8.2605897415e-01
8.3383826410e-01
8.4150563182e-01
8.4785777791e-01
8.5295175791e-01
8.5683466696e-01
8.5961571641e-01
8.6116836567e-01
8.6150819314e-01
8.6063796271e-01
8.5886520494e-01
8.5613413232e-01
8.5242213711e-01
8.4769920884e-01
8.4285871745e-01
8.3723319967e-01
8.3079245633e-01
8.2350316747e-01
8.1632195373e-01
8.0842251196e-01
7.9977715009e-01
7.9035736916e-01
7.8105153536e-01
7.7105339843e-01
7.6034143364e-01
7.4889499851e-01
7.3671349215e-01
7.2376313699e-01
7.1002922801e-01
6.9550032885e-01
6.8081446190e-01
6.6538829575e-01
6.4922436787e-01
6.3233084737e-01
6.1631145192e-01
5.9971424425e-01
5.8256089121e-01
5.6487893570e-01
5.4874529541e-01
5.3224867991e-01
5.1542136901e-01
4.9829986851e-01
4.8190715802e-01
4.6532615264e-01
4.4859740632e-01
4.3176423052e-01
4.1134343650e-01
3.9092167271e-01
3.7058638823e-01
3.5042639505e-01
3.3414023672e-01
3.1807787337e-01
3.0228509896e-01
2.8680548719e-01
2.6974237618e-01
2.5318474397e-01
2.3717992202e-01
2.2176838040e-01
2.0695364217e-01
1.9279382687e-01
1.7930732880e-01
1.6650531825e-01
1.5338722858e-01
1.4107790179e-01
1.2956677870e-01
1.1883661694e-01
1.0935242948e-01
1.0052805079e-01
9.2337369285e-02
8.4752189555e-02
7.7000323514e-02
6.9917284710e-02
6.3461087799e-02
5.7590126779e-02
5.0391415898e-02
4.4123400810e-02
3.8691610382e-02
3.4009319222e-02
2.9130021227e-02
2.5151069449e-02
2.1961497604e-02
1.9469595302e-02
1.7589735749e-02
1.6286985742e-02
1.5521178235e-02
1.5268524585e-02
