0.0000000000e+00
9.3217183173e-03
1.8643436635e-02
2.7965154952e-02
3.7286873269e-02
4.2607282063e-02
4.7927690857e-02
5.3248099651e-02
5.8568508445e-02
6.2105538255e-02
6.5642568065e-02
6.9179597875e-02
7.2716627685e-02
7.5302930722e-02
7.7889233759e-02
8.0475536796e-02
8.3061839832e-02
8.5066049826e-02
8.7070259820e-02
8.9074469814e-02
9.1078679808e-02
9.2676298689e-02
9.4273917571e-02
9.5871536452e-02
9.7469155333e-02
9.8808330472e-02
1.0014750561e-01
1.0148668075e-01
1.0282585589e-01
1.0399154356e-01
1.0515723123e-01
1.0632291890e-01
1.0748860657e-01
1.0855540762e-01
1.0962220866e-01
1.1068900970e-01
1.1175581075e-01
1.1286144841e-01
1.1396708608e-01
1.1507272374e-01
1.1617836140e-01
1.1706093118e-01
1.1794350096e-01
1.1882607074e-01
1.1970864051e-01
1.2041283990e-01
1.2111703929e-01
1.2182123868e-01
1.2252543807e-01
1.2313607868e-01
1.2374671930e-01
1.2435735992e-01
1.2496800054e-01
1.2554352452e-01
1.2611904851e-01
1.2669457250e-01
1.2727009648e-01
1.2794488711e-01
1.2861967774e-01
1.2929446837e-01
1.2996925900e-01
1.3053090225e-01
1.3109254550e-01
1.3165418875e-01
1.3221583200e-01
1.3272301094e-01
1.3323018987e-01
1.3373736881e-01
1.3424454774e-01
1.3473547017e-01
1.3522639260e-01
1.3571731503e-01
1.3620823747e-01
1.3680785102e-01
1.3740746458e-01
1.3800707814e-01
1.3860669170e-01
1.3911009602e-01
1.3961350034e-01
1.4011690466e-01
1.4062030899e-01
1.4114024246e-01
1.4166017592e-01
1.4218010939e-01
1.4270004286e-01
1.4327471804e-01
1.4384939321e-01
1.4442406838e-01
1.4499874355e-01
1.4569889190e-01
1.4639904025e-01
1.4709918859e-01
1.4779933694e-01
1.4847394305e-01
1.4914854916e-01
1.4982315526e-01
1.5049776137e-01
1.5117941761e-01
1.5186107385e-01
1.5254273009e-01
1.5322438632e-01
1.5395914999e-01
1.5469391366e-01
1.5542867733e-01
1.5616344100e-01
1.5700560305e-01
1.5784776510e-01
1.5868992714e-01
1.5953208919e-01
1.6062046041e-01
1.6170883162e-01
1.6279720284e-01
1.6388557406e-01
1.6515058841e-01
1.6641560277e-01
1.6768061713e-01
1.6894563149e-01
1.7027010680e-01
1.7159458210e-01
1.7291905741e-01
1.7424353272e-01
1.7560028776e-01
1.7695704280e-01
1.7831379784e-01
1.7967055288e-01
1.8112628099e-01
1.8258200910e-01
1.8403773721e-01
1.8549346532e-01
1.8711745888e-01
1.8874145244e-01
1.9036544600e-01
1.9198943956e-01
1.9385668082e-01
1.9572392207e-01
1.9759116333e-01
1.9945840458e-01
2.0167836684e-01
2.0389832910e-01
2.0611829136e-01
2.0833825361e-01
2.1110428558e-01
2.1387031755e-01
2.1663634952e-01
2.1940238149e-01
2.2307946555e-01
2.2675654960e-01
2.3043363366e-01
2.3411071772e-01
2.3870286491e-01
2.4329501210e-01
2.4788715929e-01
2.5247930648e-01
2.5612030504e-01
2.5976130359e-01
2.6340230215e-01
2.6704330070e-01
2.6992117930e-01
2.7279905790e-01
2.7567693650e-01
2.7855481509e-01
2.8093597130e-01
2.8331712751e-01
2.8569828371e-01
2.8807943992e-01
2.9010959659e-01
2.9213975326e-01
2.9416990993e-01
2.9620006660e-01
2.9797116144e-01
2.9974225629e-01
3.0151335113e-01
3.0328444598e-01
3.0486127119e-01
3.0643809641e-01
3.0801492163e-01
3.0959174684e-01
3.1102547403e-01
3.1245920121e-01
3.1389292840e-01
3.1532665558e-01
3.1666818059e-01
3.1800970560e-01
3.1935123060e-01
3.2069275561e-01
3.2207526701e-01
3.2345777840e-01
3.2484028980e-01
3.2622280120e-01
3.2744548533e-01
3.2866816946e-01
3.2989085360e-01
3.3111353773e-01
3.3224688014e-01
3.3338022255e-01
3.3451356496e-01
3.3564690737e-01
3.3653879241e-01
3.3743067746e-01
3.3832256250e-01
3.3921444754e-01
3.3998588191e-01
3.4075731628e-01
3.4152875064e-01
3.4230018501e-01
3.4301190593e-01
3.4372362686e-01
3.4443534778e-01
3.4514706870e-01
3.4581047553e-01
3.4647388236e-01
3.4713728919e-01
3.4780069602e-01
3.4856470122e-01
3.4932870643e-01
3.5009271164e-01
3.5085671685e-01
3.5147060205e-01
3.5208448725e-01
3.5269837246e-01
3.5331225766e-01
3.5390733073e-01
3.5450240381e-01
3.5509747688e-01
3.5569254995e-01
3.5619849006e-01
3.5670443016e-01
3.5721037027e-01
3.5771631038e-01
3.5822026605e-01
3.5872422172e-01
3.5922817740e-01
3.5973213307e-01
3.6027413850e-01
3.6081614393e-01
3.6135814936e-01
3.6190015479e-01
3.6238385121e-01
3.6286754763e-01
3.6335124405e-01
3.6383494047e-01
3.6436703915e-01
3.6489913783e-01
3.6543123651e-01
3.6596333519e-01
3.6652275008e-01
3.6708216496e-01
3.6764157985e-01
3.6820099474e-01
3.6880588750e-01
3.6941078026e-01
3.7001567302e-01
3.7062056579e-01
3.7119418926e-01
3.7176781273e-01
3.7234143621e-01
3.7291505968e-01
3.7354055313e-01
3.7416604658e-01
3.7479154003e-01
3.7541703348e-01
3.7622767003e-01
3.7703830657e-01
3.7784894312e-01
3.7865957966e-01
3.7969426118e-01
3.8072894270e-01
3.8176362421e-01
3.8279830573e-01
3.8386022149e-01
3.8492213725e-01
3.8598405301e-01
3.8704596877e-01
3.8819627239e-01
3.8934657600e-01
3.9049687961e-01
3.9164718323e-01
3.9299112165e-01
3.9433506007e-01
3.9567899849e-01
3.9702293690e-01
3.9870690808e-01
4.0039087926e-01
4.0207485043e-01
4.0375882161e-01
4.0607056393e-01
4.0838230624e-01
4.1069404855e-01
4.1300579087e-01
4.1668224410e-01
4.2035869733e-01
4.2403515055e-01
4.2771160378e-01
4.3519970486e-01
4.4268780594e-01
4.5017590702e-01
4.5766400810e-01
4.7136707272e-01
4.8507013734e-01
4.9877320196e-01
5.1247626658e-01
5.2037684781e-01
5.2827742903e-01
5.3617801026e-01
5.4407859148e-01
5.4879549218e-01
5.5351239289e-01
5.5822929359e-01
5.6294619429e-01
5.6617988860e-01
5.6941358292e-01
5.7264727723e-01
5.7588097155e-01
5.7827370463e-01
5.8066643770e-01
5.8305917078e-01
5.8545190386e-01
5.8732021357e-01
5.8918852328e-01
5.9105683298e-01
5.9292514269e-01
5.9444487115e-01
5.9596459961e-01
5.9748432806e-01
5.9900405652e-01
6.0029100136e-01
6.0157794619e-01
6.0286489103e-01
6.0415183586e-01
6.0528432833e-01
6.0641682080e-01
6.0754931327e-01
6.0868180573e-01
6.0975092922e-01
6.1082005272e-01
6.1188917621e-01
6.1295829970e-01
6.1396345492e-01
6.1496861015e-01
6.1597376538e-01
6.1697892060e-01
6.1785241898e-01
6.1872591736e-01
6.1959941574e-01
6.2047291411e-01
6.2114889382e-01
6.2182487354e-01
6.2250085325e-01
6.2317683296e-01
6.2377199320e-01
6.2436715343e-01
6.2496231367e-01
6.2555747391e-01
6.2613244050e-01
6.2670740709e-01
6.2728237368e-01
6.2785734028e-01
6.2849359436e-01
6.2912984845e-01
6.2976610253e-01
6.3040235662e-01
6.3094046307e-01
6.3147856951e-01
6.3201667596e-01
6.3255478241e-01
6.3305451514e-01
6.3355424786e-01
6.3405398058e-01
6.3455371330e-01
6.3504527399e-01
6.3553683468e-01
6.3602839537e-01
6.3651995606e-01
6.3710387640e-01
6.3768779674e-01
6.3827171708e-01
6.3885563742e-01
6.3934996053e-01
6.3984428364e-01
6.4033860675e-01
6.4083292986e-01
6.4135923929e-01
6.4188554872e-01
6.4241185815e-01
6.4293816759e-01
6.4351692833e-01
6.4409568907e-01
6.4467444982e-01
6.4525321056e-01
6.4595611630e-01
6.4665902204e-01
6.4736192778e-01
6.4806483352e-01
6.4873270298e-01
6.4940057244e-01
6.5006844191e-01
6.5073631137e-01
6.5141952810e-01
6.5210274484e-01
6.5278596157e-01
6.5346917830e-01
6.5420931176e-01
6.5494944521e-01
6.5568957866e-01
6.5642971212e-01
6.5728089283e-01
6.5813207354e-01
6.5898325425e-01
6.5983443495e-01
6.6099192742e-01
6.6214941988e-01
6.6330691235e-01
6.6446440481e-01
6.6573335774e-01
6.6700231066e-01
6.6827126358e-01
6.6954021650e-01
6.7087416332e-01
6.7220811014e-01
6.7354205696e-01
6.7487600378e-01
6.7623409955e-01
6.7759219531e-01
6.7895029108e-01
6.8030838684e-01
6.8177699386e-01
6.8324560087e-01
6.8471420789e-01
6.8618281490e-01
6.8782705487e-01
6.8947129484e-01
6.9111553481e-01
6.9275977478e-01
6.9465590182e-01
6.9655202885e-01
6.9844815588e-01
7.0034428292e-01
7.0260568058e-01
7.0486707824e-01
7.0712847590e-01
7.0938987356e-01
7.1221696195e-01
7.1504405034e-01
7.1787113873e-01
7.2069822712e-01
7.2447432779e-01
7.2825042846e-01
7.3202652913e-01
7.3580262980e-01
7.4051966001e-01
7.4523669022e-01
7.4995372043e-01
7.5467075064e-01
7.5817994697e-01
7.6168914330e-01
7.6519833963e-01
7.6870753596e-01
7.7150459729e-01
7.7430165862e-01
7.7709871995e-01
7.7989578128e-01
7.8222255696e-01
7.8454933264e-01
7.8687610832e-01
7.8920288399e-01
7.9119412310e-01
7.9318536220e-01
7.9517660130e-01
7.9716784041e-01
7.9891039044e-01
8.0065294048e-01
8.0239549052e-01
8.0413804056e-01
8.0569418804e-01
8.0725033552e-01
8.0880648300e-01
8.1036263049e-01
8.1178305948e-01
8.1320348847e-01
8.1462391746e-01
8.1604434645e-01
8.1738978108e-01
8.1873521571e-01
8.2008065034e-01
8.2142608497e-01
8.2278102794e-01
8.2413597091e-01
8.2549091389e-01
8.2684585686e-01
8.2806008499e-01
8.2927431311e-01
8.3048854123e-01
8.3170276936e-01
8.3282156905e-01
8.3394036873e-01
8.3505916842e-01
8.3617796811e-01
8.3704935745e-01
8.3792074679e-01
8.3879213613e-01
8.3966352548e-01
8.4042681271e-01
8.4119009995e-01
8.4195338719e-01
8.4271667442e-01
8.4342374783e-01
8.4413082123e-01
8.4483789464e-01
8.4554496804e-01
8.4623117374e-01
8.4691737944e-01
8.4760358514e-01
8.4828979084e-01
8.4905374003e-01
8.4981768921e-01
8.5058163839e-01
8.5134558758e-01
8.5194240078e-01
8.5253921398e-01
8.5313602718e-01
8.5373284039e-01
8.5431559524e-01
8.5489835009e-01
8.5548110495e-01
8.5606385980e-01
8.5656326595e-01
8.5706267210e-01
8.5756207825e-01
8.5806148440e-01
8.5856971976e-01
8.5907795512e-01
8.5958619048e-01
8.6009442585e-01
8.6062833572e-01
8.6116224559e-01
8.6169615546e-01
8.6223006534e-01
8.6271368293e-01
8.6319730052e-01
8.6368091811e-01
8.6416453570e-01
8.6469565585e-01
8.6522677600e-01
8.6575789614e-01
8.6628901629e-01
8.6685451061e-01
8.6742000494e-01
8.6798549927e-01
8.6855099359e-01
8.6915069706e-01
8.6975040053e-01
8.7035010399e-01
8.7094980746e-01
8.7152644922e-01
8.7210309097e-01
8.7267973273e-01
8.7325637449e-01
8.7389769411e-01
8.7453901373e-01
8.7518033335e-01
8.7582165297e-01
8.7672988141e-01
8.7763810984e-01
8.7854633828e-01
8.7945456671e-01
8.8058586411e-01
8.8171716150e-01
8.8284845890e-01
8.8397975630e-01
8.8505036529e-01
8.8612097428e-01
8.8719158327e-01
8.8826219226e-01
8.8944782015e-01
8.9063344803e-01
8.9181907592e-01
8.9300470380e-01
8.9441408628e-01
8.9582346875e-01
8.9723285123e-01
8.9864223370e-01
9.0044201461e-01
9.0224179552e-01
9.0404157643e-01
9.0584135734e-01
9.0836974798e-01
9.1089813863e-01
9.1342652928e-01
9.1595491993e-01
9.2009636830e-01
9.2423781666e-01
9.2837926503e-01
9.3252071340e-01
9.4094193715e-01
9.4936316089e-01
9.5778438464e-01
9.6620560839e-01
9.7465420629e-01
9.8310280419e-01
9.9155140210e-01
1.0000000000e+00
