2.7898507762e-10
3.1275680775e-10
1.2886786039e-09
4.7243707941e-09
2.6114323744e-08
6.5860729065e-08
1.6201318459e-07
3.9800741757e-07
9.9723380561e-07
1.8195716326e-06
3.3089233440e-06
6.0170301381e-06
1.0967927931e-05
1.6970659646e-05
2.6241317934e-05
4.0575862819e-05
6.2771631750e-05
8.7738743257e-05
1.2261417985e-04
1.7134927590e-04
2.3948170852e-04
3.1283711034e-04
4.0862898929e-04
5.3373344023e-04
6.9713736493e-04
8.7145400445e-04
1.0892770985e-03
1.3614552815e-03
1.7015312262e-03
2.0647109337e-03
2.5051474829e-03
3.0391881445e-03
3.6865921179e-03
4.3961054104e-03
5.2412675556e-03
6.2476749901e-03
7.4456031889e-03
9.0579863253e-03
1.1014737732e-02
1.3387244857e-02
1.6260608801e-02
1.8652482433e-02
2.1386797553e-02
2.4509642131e-02
2.8072365412e-02
3.1367901167e-02
3.5033013564e-02
3.9104846294e-02
4.3623197802e-02
4.7948175799e-02
5.2672185989e-02
5.7825826258e-02
6.3440739247e-02
6.9194096321e-02
7.5415206423e-02
8.2131830320e-02
8.9371427824e-02
1.0064189059e-01
1.1310091024e-01
1.2681266389e-01
1.4182910757e-01
1.5240963517e-01
1.6357337365e-01
1.7532155941e-01
1.8765072965e-01
1.9975383320e-01
2.1235072618e-01
2.2542568870e-01
2.3895863520e-01
2.5286996542e-01
2.6718319207e-01
2.8186614827e-01
2.9688311429e-01
3.1548442924e-01
3.3444500292e-01
3.5368615961e-01
3.7312651035e-01
3.8914741078e-01
4.0520128486e-01
4.2124362502e-01
4.3723116552e-01
4.5427476945e-01
4.7115875546e-01
4.8783764681e-01
5.0426948134e-01
5.2246413909e-01
5.4024690676e-01
5.5757532382e-01
5.7441328095e-01
5.9315445053e-01
6.1116999386e-01
6.2843352784e-01
6.4492747790e-01
6.6003402159e-01
6.7441951856e-01
6.8808673317e-01
7.0104293866e-01
7.1373028490e-01
7.2568219630e-01
7.3691766324e-01
7.4745808464e-01
7.5827418378e-01
7.6831086694e-01
7.7760227631e-01
7.8618333612e-01
7.9548194076e-01
8.0389071506e-01
8.1146711588e-01
8.1826711933e-01
8.2619491202e-01
8.3296752211e-01
8.3869791660e-01
8.4349099706e-01
8.4769952407e-01
8.5105013195e-01
8.5364159881e-01
8.5556304086e-01
8.5694157401e-01
8.5775755131e-01
8.5808358374e-01
8.5798407801e-01
8.5749704323e-01
8.5667411084e-01
8.5556359955e-01
8.5420795883e-01
8.5248939796e-01
8.5056473198e-01
8.4847076442e-01
8.4623936374e-01
8.4358727338e-01
8.4082894641e-01
8.3799346970e-01
8.3510558781e-01
8.3170160302e-01
8.2828295356e-01
8.2487305997e-01
8.2149145271e-01
8.1745581397e-01
8.1350943484e-01
8.0967190256e-01
8.0595927281e-01
8.0136861988e-01
7.9703172529e-01
7.9296748294e-01
7.8919135368e-01
7.8408030833e-01
7.7968587588e-01
7.7603647761e-01
7.7315455182e-01
7.7059708146e-01
7.6937161795e-01
7.6949029029e-01
7.7095192966e-01
7.7252252855e-01
7.7459572569e-01
7.7716362108e-01
7.8021630557e-01
7.8291968479e-01
7.8590273763e-01
7.8915776522e-01
7.9267583597e-01
7.9576940918e-01
7.9902819959e-01
8.0244428589e-01
8.0600837157e-01
8.0915038587e-01
8.1238371760e-01
8.1569898458e-01
8.1908510658e-01
8.2208292688e-01
8.2511439752e-01
8.2816754455e-01
8.3122831651e-01
8.3394419839e-01
8.3663956613e-01
8.3929870560e-01
8.4190338348e-01
8.4420668477e-01
8.4642920766e-01
8.4854991651e-01
8.5054468095e-01
8.5228148693e-01
8.5385615017e-01
8.5523875445e-01
8.5639528081e-01
8.5728787940e-01
8.5787125543e-01
8.5809545233e-01
8.5790385259e-01
8.5728819342e-01
8.5618962520e-01
8.5454131750e-01
8.5226866485e-01
8.4981785955e-01
8.4681447344e-01
8.4319965804e-01
8.3890959261e-01
8.3470090115e-01
8.2991470555e-01
8.2450364364e-01
8.1841775621e-01
8.1262460048e-01
8.0626280720e-01
7.9929692689e-01
7.9169061303e-01
7.8417775737e-01
7.7607520835e-01
7.6735476212e-01
7.5798849452e-01
7.4843550288e-01
7.3824819331e-01
7.2740495524e-01
7.1588579212e-01
7.0353738591e-01
6.9046423722e-01
6.7665388794e-01
6.6209790082e-01
6.4778781674e-01
6.3282184861e-01
6.1720617061e-01
6.0095238373e-01
5.8597595991e-01
5.7052541271e-01
5.5462187713e-01
5.3829112669e-01
5.2296216198e-01
5.0732673522e-01
4.9141566717e-01
4.7526326732e-01
4.5656908962e-01
4.3767069678e-01
4.1863422539e-01
3.9952996345e-01
3.8013998088e-01
3.6083533487e-01
3.4169619683e-01
3.2280221802e-01
3.0738337759e-01
2.9222889357e-01
2.7737895449e-01
2.6287099500e-01
2.4771727528e-01
2.3303471511e-01
2.1885579769e-01
2.0520754979e-01
1.9105901395e-01
1.7757684046e-01
1.6477337842e-01
1.5265394543e-01
1.4066931025e-01
1.2942826366e-01
1.1891631942e-01
1.0911374798e-01
1.0028904271e-01
9.2080032262e-02
8.4459777033e-02
7.7399766034e-02
6.9993116483e-02
6.3232443572e-02
5.7073351446e-02
5.1472144113e-02
4.5149234759e-02
3.9562174590e-02
3.4635062286e-02
3.0297439772e-02
2.5798086759e-02
2.1948234762e-02
1.8659351593e-02
1.5853464470e-02
1.3298771164e-02
1.1150089702e-02
9.3445624831e-03
7.8285470571e-03
6.4415522753e-03
5.2987366471e-03
4.3575907854e-03
3.5828421986e-03
2.8364046404e-03
2.2450982504e-03
1.7767946471e-03
1.4059702991e-03
1.0406558573e-03
7.7023201086e-04
5.7003130845e-04
4.2179965874e-04
2.7392577307e-04
1.7796599938e-04
1.1561702811e-04
7.5062925294e-05
3.5311532311e-05
1.6734780769e-05
7.9286284832e-06
3.7177822497e-06
7.2665902029e-07
1.9725534031e-07
4.6720501901e-08
1.9078871266e-08
1.1236913360e-09
8.3606343073e-10
1.7365317620e-10
2.7986216400e-09
8.0429963015e-09
2.4548664312e-08
7.4850968148e-08
2.4506751119e-07
5.0360036003e-07
1.0264857064e-06
2.0918820031e-06
4.2879403096e-06
7.0646578763e-06
1.1624263659e-05
1.9126376811e-05
3.1500593012e-05
4.5742406981e-05
6.6403081607e-05
9.6394396606e-05
1.3996145674e-04
1.8774163196e-04
2.5180628832e-04
3.3772311450e-04
4.5297060944e-04
5.7619989787e-04
7.3290063439e-04
9.3216836282e-04
1.1855668890e-03
1.4556320869e-03
1.7870584288e-03
2.1937437720e-03
2.6927056563e-03
3.2324123262e-03
3.8797549405e-03
4.6560021919e-03
5.5865311156e-03
6.6381232670e-03
7.8857190542e-03
9.3651048365e-03
1.1118280441e-02
1.3009857830e-02
1.5217177580e-02
1.7790753305e-02
2.0788352863e-02
2.3760041448e-02
2.7142019041e-02
3.0986509304e-02
3.5351012825e-02
3.9134264919e-02
4.3299686966e-02
4.7880749441e-02
5.2912688195e-02
5.7872939891e-02
6.3258672882e-02
6.9098598479e-02
7.5421831144e-02
8.2206907530e-02
8.9525525344e-02
9.7405196871e-02
1.0587215007e-01
1.1540840910e-01
1.2564246538e-01
1.3659549938e-01
1.4828383449e-01
1.5895088678e-01
1.7017440205e-01
1.8195304274e-01
1.9428101035e-01
2.0630565033e-01
2.1878955989e-01
2.3171625151e-01
2.4506534702e-01
2.5917990480e-01
2.7368370108e-01
2.8854278578e-01
3.0371981091e-01
3.2046114387e-01
3.3747339665e-01
3.5469979426e-01
3.7208198739e-01
3.8801908627e-01
4.0399196435e-01
4.1995670554e-01
4.3587057610e-01
4.5326952679e-01
4.7050523675e-01
4.8752923092e-01
5.0429682946e-01
5.2207495550e-01
5.3946092768e-01
5.5641496322e-01
5.7290306980e-01
5.9387549445e-01
6.1393930524e-01
6.3305882969e-01
6.5121194789e-01
6.6625367458e-01
6.8055173368e-01
6.9411116159e-01
7.0694147708e-01
7.1951467610e-01
7.3133365481e-01
7.4241979933e-01
7.5279679009e-01
7.6336326696e-01
7.7314700068e-01
7.8218397043e-01
7.9051071144e-01
7.9954583037e-01
8.0768801836e-01
8.1499709442e-01
8.2153105140e-01
8.2854677868e-01
8.3458409986e-01
8.3973367740e-01
8.4407993870e-01
8.4878259612e-01
8.5235181953e-01
8.5493988141e-01
8.5668150299e-01
8.5761260006e-01
8.5804583535e-01
8.5804586286e-01
8.5767000329e-01
8.5692629985e-01
8.5587580893e-01
8.5456395942e-01
8.5303057840e-01
8.5112871555e-01
8.4904113936e-01
8.4680282691e-01
8.4444398449e-01
8.4165324949e-01
8.3877330918e-01
8.3583188161e-01
8.3285247555e-01
8.2934350909e-01
8.2583654603e-01
8.2235392558e-01
8.1891422486e-01
8.1480425477e-01
8.1080386875e-01
8.0693189847e-01
8.0320377093e-01
7.9858923042e-01
7.9426250467e-01
7.9024223015e-01
7.8654371304e-01
7.8167217987e-01
7.7757207535e-01
7.7427052484e-01
7.7178858572e-01
7.6997402080e-01
7.6926752507e-01
7.6967488754e-01
7.7119277195e-01
7.7281355510e-01
7.7491544279e-01
7.7749074269e-01
7.8052990134e-01
7.8324067564e-01
7.8622510769e-01
7.8947559652e-01
7.9298332991e-01
7.9607375033e-01
7.9932659748e-01
8.0273398901e-01
8.0628667513e-01
8.0942159430e-01
8.1264620922e-01
8.1595115003e-01
8.1932535495e-01
8.2231428207e-01
8.2533574841e-01
8.2837778196e-01
8.3142633988e-01
8.3413199147e-01
8.3681626052e-01
8.3946343684e-01
8.4205529973e-01
8.4434669937e-01
8.4655662709e-01
8.4866407617e-01
8.5064495979e-01
8.5236573363e-01
8.5392446784e-01
8.5529148112e-01
8.5643304273e-01
8.5730726746e-01
8.5787761359e-01
8.5809557536e-01
8.5790625368e-01
8.5731446692e-01
8.5626571167e-01
8.5469839200e-01
8.5254392606e-01
8.5000462600e-01
8.4685092051e-01
8.4301331314e-01
8.3841607874e-01
8.3421315600e-01
8.2944679461e-01
8.2407168512e-01
8.1804009562e-01
8.1223599061e-01
8.0586599969e-01
7.9889507556e-01
7.9128730186e-01
7.8365802314e-01
7.7542437719e-01
7.6655725104e-01
7.5702784917e-01
7.4745139162e-01
7.3724367472e-01
7.2638349100e-01
7.1485126198e-01
7.0231743564e-01
6.8904339942e-01
6.7501671537e-01
6.6022920228e-01
6.4619014053e-01
6.3152715197e-01
6.1624642941e-01
6.0035912804e-01
5.8510779048e-01
5.6936743195e-01
5.5316058166e-01
5.3651474286e-01
5.2138549024e-01
5.0596193954e-01
4.9027383734e-01
4.7435420511e-01
4.5834514713e-01
4.4218175398e-01
4.2590512654e-01
4.0955871144e-01
3.9085544088e-01
3.7219052729e-01
3.5363546285e-01
3.3526204089e-01
3.1992251708e-01
3.0480528006e-01
2.8995032262e-01
2.7539546324e-01
2.5882559743e-01
2.4276354627e-01
2.2725355277e-01
2.1233294313e-01
1.9824180338e-01
1.8477346005e-01
1.7194288238e-01
1.5975851388e-01
1.4737582059e-01
1.3573899519e-01
1.2483702774e-01
1.1465317316e-01
1.0559241546e-01
9.7142843252e-02
8.9280008615e-02
8.1977611318e-02
7.4454540302e-02
6.7555914179e-02
6.1241970973e-02
5.5473190586e-02
4.8330479624e-02
4.2055621211e-02
3.6556116675e-02
3.1745992919e-02
2.6579799366e-02
2.2230468065e-02
1.8576111213e-02
1.5510733609e-02
1.3033962606e-02
1.0947347655e-02
9.1909883288e-03
7.7137026323e-03
6.3510876239e-03
5.2276728615e-03
4.3019282236e-03
3.5393769959e-03
2.8049836133e-03
2.2226033039e-03
1.7608791333e-03
1.3948751826e-03
1.0351681767e-03
7.6819174176e-04
5.7002226197e-04
4.2290877482e-04
2.7738397481e-04
1.8200036503e-04
1.1941102835e-04
7.8300760188e-05
3.8763133329e-05
1.9290421263e-05
9.5981985134e-06
4.7406588769e-06
1.0425599548e-06
2.8888300767e-07
7.4063602721e-08
2.4643098537e-08
5.4045002308e-09
1.5034919741e-09
4.1070919835e-10
2.5571054214e-10
