2.5650615167e-01
2.5664174860e-01
2.5704868271e-01
2.5772738426e-01
2.5867857083e-01
2.5933205485e-01
2.6007187240e-01
2.6089826977e-01
2.6181152209e-01
2.6245906872e-01
2.6314434315e-01
2.6386744390e-01
2.6462847491e-01
2.6520606955e-01
2.6580384402e-01
2.6642184381e-01
2.6706011595e-01
2.6756385205e-01
2.6807958469e-01
2.6860733700e-01
2.6914713265e-01
2.6958670935e-01
2.7003398892e-01
2.7048898416e-01
2.7095170804e-01
2.7134439511e-01
2.7174249828e-01
2.7214602549e-01
2.7255498478e-01
2.7291438123e-01
2.7327788207e-01
2.7364549274e-01
2.7401721873e-01
2.7435991341e-01
2.7470604154e-01
2.7505560735e-01
2.7540861506e-01
2.7580785787e-01
2.7621142466e-01
2.7661932112e-01
2.7703155273e-01
2.7732608611e-01
2.7762279751e-01
2.7792168839e-01
2.7822275996e-01
2.7847170780e-01
2.7872212801e-01
2.7897402064e-01
2.7922738541e-01
2.7944890518e-01
2.7967153697e-01
2.7989527978e-01
2.8012013220e-01
2.8033342403e-01
2.8054770121e-01
2.8076296129e-01
2.8097920124e-01
2.8128897455e-01
2.8160071599e-01
2.8191440843e-01
2.8223003013e-01
2.8243816909e-01
2.8264711814e-01
2.8285686687e-01
2.8306740350e-01
2.8326587731e-01
2.8346502220e-01
2.8366482439e-01
2.8386526864e-01
2.8406555420e-01
2.8426644200e-01
2.8446791222e-01
2.8466994333e-01
2.8491564178e-01
2.8516208585e-01
2.8540922695e-01
2.8565701282e-01
2.8586050154e-01
2.8606435333e-01
2.8626853431e-01
2.8647300920e-01
2.8669266073e-01
2.8691256194e-01
2.8713266494e-01
2.8735292070e-01
2.8760154149e-01
2.8785022011e-01
2.8809888280e-01
2.8834745527e-01
2.8863345360e-01
2.8891912034e-01
2.8920434319e-01
2.8948901141e-01
2.8976176883e-01
2.9003382039e-01
2.9030507453e-01
2.9057544247e-01
2.9085457735e-01
2.9113257674e-01
2.9140935270e-01
2.9168482126e-01
2.9198613269e-01
2.9228566627e-01
2.9258332759e-01
2.9287902825e-01
2.9322683052e-01
2.9357163649e-01
2.9391333044e-01
2.9425180730e-01
2.9469647824e-01
2.9513510482e-01
2.9556751846e-01
2.9599357630e-01
2.9644329340e-01
2.9688544432e-01
2.9731993462e-01
2.9774669258e-01
2.9818427516e-01
2.9861332259e-01
2.9903381559e-01
2.9944575119e-01
2.9986096402e-01
3.0026714271e-01
3.0066432473e-01
3.0105255761e-01
3.0146677792e-01
3.0187045450e-01
3.0226367845e-01
3.0264654755e-01
3.0306680660e-01
3.0347413376e-01
3.0386868878e-01
3.0425063469e-01
3.0468008388e-01
3.0509289272e-01
3.0548932271e-01
3.0586963312e-01
3.0630914046e-01
3.0672580968e-01
3.0712007296e-01
3.0749234807e-01
3.0794143453e-01
3.0835530856e-01
3.0873474365e-01
3.0908046026e-01
3.0953854868e-01
3.0992382216e-01
3.1023801055e-01
3.1048254224e-01
3.1069695267e-01
3.1079884162e-01
3.1078899857e-01
3.1066734726e-01
3.1053575383e-01
3.1036064925e-01
3.1014151958e-01
3.0987772613e-01
3.0964105614e-01
3.0937646824e-01
3.0908350746e-01
3.0876167512e-01
3.0847400151e-01
3.0816597740e-01
3.0783725792e-01
3.0748747980e-01
3.0717288976e-01
3.0684252311e-01
3.0649612695e-01
3.0613344064e-01
3.0580395386e-01
3.0546171702e-01
3.0510654633e-01
3.0473825572e-01
3.0439945855e-01
3.0404999822e-01
3.0368974251e-01
3.0331856018e-01
3.0297146995e-01
3.0261514392e-01
3.0224948943e-01
3.0187441734e-01
3.0151292037e-01
3.0114294861e-01
3.0076444121e-01
3.0037734364e-01
2.9998119636e-01
2.9957635553e-01
2.9916279325e-01
2.9874049380e-01
2.9833587678e-01
2.9792356129e-01
2.9750357346e-01
2.9707595590e-01
2.9671106332e-01
2.9634088184e-01
2.9596547034e-01
2.9558490024e-01
2.9525889204e-01
2.9492931042e-01
2.9459622344e-01
2.9425970788e-01
2.9396860778e-01
2.9367511178e-01
2.9337928537e-01
2.9308119977e-01
2.9280792628e-01
2.9253290697e-01
2.9225620891e-01
2.9197790355e-01
2.9171122839e-01
2.9144323170e-01
2.9117398674e-01
2.9090357043e-01
2.9062913360e-01
2.9035366911e-01
2.9007726725e-01
2.8980002157e-01
2.8953972147e-01
2.8927884766e-01
2.8901748350e-01
2.8875571391e-01
2.8852265225e-01
2.8828939928e-01
2.8805601651e-01
2.8782256551e-01
2.8760842505e-01
2.8739432600e-01
2.8718031499e-01
2.8696643803e-01
2.8672239405e-01
2.8647864958e-01
2.8623526834e-01
2.8599231177e-01
2.8574613595e-01
2.8550051728e-01
2.8525551122e-01
2.8501116986e-01
2.8480918558e-01
2.8460771718e-01
2.8440678875e-01
2.8420642269e-01
2.8399199343e-01
2.8377825949e-01
2.8356524228e-01
2.8335296116e-01
2.8312406386e-01
2.8289606881e-01
2.8266899340e-01
2.8244285286e-01
2.8220654794e-01
2.8197130045e-01
2.8173712171e-01
2.8150402132e-01
2.8127970874e-01
2.8105641764e-01
2.8083415313e-01
2.8061291945e-01
2.8036183670e-01
2.8011210374e-01
2.7986372377e-01
2.7961669922e-01
2.7930768472e-01
2.7900082297e-01
2.7869611530e-01
2.7839356219e-01
2.7803492816e-01
2.7767936791e-01
2.7732687958e-01
2.7697746075e-01
2.7660536240e-01
2.7623680217e-01
2.7587177601e-01
2.7551027975e-01
2.7511682684e-01
2.7472763148e-01
2.7434268786e-01
2.7396199016e-01
2.7351364538e-01
2.7307131797e-01
2.7263499829e-01
2.7220467677e-01
2.7166063678e-01
2.7112646095e-01
2.7060212991e-01
2.7008762463e-01
2.6936757947e-01
2.6866761098e-01
2.6798766698e-01
2.6732769680e-01
2.6622611953e-01
2.6518469653e-01
2.6420319249e-01
2.6328138563e-01
2.6155547380e-01
2.6008490682e-01
2.5886824896e-01
2.5790431243e-01
2.5693590840e-01
2.5652280106e-01
2.5666409740e-01
2.5736010292e-01
2.5791932581e-01
2.5861912547e-01
2.5945988333e-01
2.6044205764e-01
2.6111439860e-01
2.6184023622e-01
2.6261971919e-01
2.6345300723e-01
2.6406539425e-01
2.6470403656e-01
2.6536899768e-01
2.6606034371e-01
2.6659468599e-01
2.6714385477e-01
2.6770788059e-01
2.6828679482e-01
2.6875330766e-01
2.6922909431e-01
2.6971417120e-01
2.7020855507e-01
2.7062076739e-01
2.7103925453e-01
2.7146402620e-01
2.7189509223e-01
2.7226809028e-01
2.7264568948e-01
2.7302789617e-01
2.7341471681e-01
2.7376365090e-01
2.7411626578e-01
2.7447256611e-01
2.7483255660e-01
2.7517714536e-01
2.7552505692e-01
2.7587629526e-01
2.7623086431e-01
2.7655917280e-01
2.7689029220e-01
2.7722422525e-01
2.7756097447e-01
2.7785327304e-01
2.7814766359e-01
2.7844414703e-01
2.7874272389e-01
2.7897575338e-01
2.7921004213e-01
2.7944558964e-01
2.7968239508e-01
2.7989724408e-01
2.8011311593e-01
2.8033000902e-01
2.8054792128e-01
2.8076528369e-01
2.8098364512e-01
2.8120300177e-01
2.8142334905e-01
2.8165547310e-01
2.8188867293e-01
2.8212293957e-01
2.8235826241e-01
2.8256182443e-01
2.8276615196e-01
2.8297123460e-01
2.8317706062e-01
2.8337033170e-01
2.8356423016e-01
2.8375874266e-01
2.8395385454e-01
2.8415471239e-01
2.8435616567e-01
2.8455819372e-01
2.8476077416e-01
2.8498067001e-01
2.8520115201e-01
2.8542218487e-01
2.8564373094e-01
2.8584617828e-01
2.8604898739e-01
2.8625212498e-01
2.8645555642e-01
2.8667964680e-01
2.8690400001e-01
2.8712856524e-01
2.8735329046e-01
2.8759616533e-01
2.8783909693e-01
2.8808201647e-01
2.8832485473e-01
2.8864467398e-01
2.8896407306e-01
2.8928289517e-01
2.8960098604e-01
2.8987781722e-01
2.9015387916e-01
2.9042907709e-01
2.9070331926e-01
2.9098716066e-01
2.9126977959e-01
2.9155108511e-01
2.9183099061e-01
2.9213539439e-01
2.9243792425e-01
2.9273848517e-01
2.9303698841e-01
2.9338945295e-01
2.9373875823e-01
2.9408478781e-01
2.9442743643e-01
2.9484157965e-01
2.9525037713e-01
2.9565369715e-01
2.9605142732e-01
2.9657578756e-01
2.9708974700e-01
2.9759316851e-01
2.9808595535e-01
2.9851339548e-01
2.9893242557e-01
2.9934303910e-01
2.9974524376e-01
3.0015847876e-01
3.0056250329e-01
3.0095736391e-01
3.0134311641e-01
3.0175715233e-01
3.0216033030e-01
3.0255275166e-01
3.0293452387e-01
3.0335511118e-01
3.0376229190e-01
3.0415623951e-01
3.0453712995e-01
3.0496660316e-01
3.0537871458e-01
3.0577374590e-01
3.0615197522e-01
3.0659042258e-01
3.0700482242e-01
3.0739564003e-01
3.0776332309e-01
3.0820777970e-01
3.0861469028e-01
3.0898488600e-01
3.0931913452e-01
3.0975063431e-01
3.1010643178e-01
3.1038822149e-01
3.1059736081e-01
3.1074882423e-01
3.1080747094e-01
3.1077367761e-01
3.1064722713e-01
3.1051126997e-01
3.1033350242e-01
3.1011342439e-01
3.0985042108e-01
3.0961276001e-01
3.0934765451e-01
3.0905465770e-01
3.0873328066e-01
3.0844545569e-01
3.0813750661e-01
3.0780909342e-01
3.0745985818e-01
3.0714544541e-01
3.0681538909e-01
3.0646943935e-01
3.0610733880e-01
3.0577817010e-01
3.0543633867e-01
3.0508166271e-01
3.0471395823e-01
3.0437556409e-01
3.0402657017e-01
3.0366684565e-01
3.0329626070e-01
3.0294969914e-01
3.0259395497e-01
3.0222893662e-01
3.0185455600e-01
3.0149430682e-01
3.0112565893e-01
3.0074855262e-01
3.0036293440e-01
2.9997072571e-01
2.9957000632e-01
2.9916074946e-01
2.9874294001e-01
2.9834866284e-01
2.9794706983e-01
2.9753818455e-01
2.9712204533e-01
2.9673648788e-01
2.9634500460e-01
2.9594766471e-01
2.9554455314e-01
2.9522350617e-01
2.9489900928e-01
2.9457112800e-01
2.9423993613e-01
2.9394994980e-01
2.9365759246e-01
2.9336292907e-01
2.9306603027e-01
2.9278970739e-01
2.9251160536e-01
2.9223179374e-01
2.9195034670e-01
2.9168464076e-01
2.9141763129e-01
2.9114939099e-01
2.9087999616e-01
2.9060280534e-01
2.9032457555e-01
2.9004540005e-01
2.8976537551e-01
2.8951134509e-01
2.8925677712e-01
2.8900174918e-01
2.8874634022e-01
2.8850936060e-01
2.8827218682e-01
2.8803488354e-01
2.8779751550e-01
2.8758664768e-01
2.8737582465e-01
2.8716509088e-01
2.8695449023e-01
2.8674544075e-01
2.8653660656e-01
2.8632802794e-01
2.8611974397e-01
2.8588218365e-01
2.8564511124e-01
2.8540857808e-01
2.8517263267e-01
2.8497364514e-01
2.8477513615e-01
2.8457712995e-01
2.8437964916e-01
2.8414973211e-01
2.8392059102e-01
2.8369225387e-01
2.8346474592e-01
2.8324148596e-01
2.8301907176e-01
2.8279752045e-01
2.8257684716e-01
2.8234046636e-01
2.8210513115e-01
2.8187085385e-01
2.8163764493e-01
2.8141629645e-01
2.8119593373e-01
2.8097656223e-01
2.8075818652e-01
2.8051561108e-01
2.8027428527e-01
2.8003421246e-01
2.7979539529e-01
2.7946762390e-01
2.7914225498e-01
2.7881929067e-01
2.7849873195e-01
2.7810113724e-01
2.7770730537e-01
2.7731723391e-01
2.7693091963e-01
2.7656306781e-01
2.7619868123e-01
2.7583775598e-01
2.7548028796e-01
2.7508848046e-01
2.7470090135e-01
2.7431754487e-01
2.7393840527e-01
2.7349242591e-01
2.7305240815e-01
2.7261834247e-01
2.7219021943e-01
2.7165116312e-01
2.7112179845e-01
2.7060210658e-01
2.7009206896e-01
2.6938819653e-01
2.6870349169e-01
2.6803790573e-01
2.6739139128e-01
2.6635853423e-01
2.6537807103e-01
2.6444980884e-01
2.6357356505e-01
2.6191276393e-01
2.6047605343e-01
2.5926220427e-01
2.5827017787e-01
2.5749791960e-01
2.5694677975e-01
2.5661628504e-01
2.5650615166e-01
