2.7281853655e-01
2.7285111108e-01
2.7294884245e-01
2.7311175399e-01
2.7333988462e-01
2.7353370134e-01
2.7375813260e-01
2.7401320350e-01
2.7429894260e-01
2.7453343032e-01
2.7478520702e-01
2.7505428856e-01
2.7534069188e-01
2.7557636983e-01
2.7582262802e-01
2.7607947589e-01
2.7634692332e-01
2.7657020262e-01
2.7680037971e-01
2.7703746032e-01
2.7728145037e-01
2.7749234498e-01
2.7770815041e-01
2.7792887049e-01
2.7815450911e-01
2.7835460100e-01
2.7855841339e-01
2.7876594899e-01
2.7897721056e-01
2.7917026907e-01
2.7936634172e-01
2.7956543060e-01
2.7976753780e-01
2.7996305712e-01
2.8016132424e-01
2.8036234100e-01
2.8056610919e-01
2.8077772769e-01
2.8099223789e-01
2.8120964153e-01
2.8142994023e-01
2.8160043234e-01
2.8177262024e-01
2.8194650433e-01
2.8212208486e-01
2.8227161548e-01
2.8242235479e-01
2.8257430252e-01
2.8272745821e-01
2.8286198223e-01
2.8299742342e-01
2.8313378098e-01
2.8327105386e-01
2.8340050152e-01
2.8353075027e-01
2.8366179852e-01
2.8379364440e-01
2.8392829615e-01
2.8406376472e-01
2.8420004685e-01
2.8433713872e-01
2.8447886904e-01
2.8462144430e-01
2.8476485801e-01
2.8490910266e-01
2.8503592963e-01
2.8516337911e-01
2.8529144378e-01
2.8542011551e-01
2.8554334931e-01
2.8566711801e-01
2.8579141210e-01
2.8591622113e-01
2.8603996098e-01
2.8616417996e-01
2.8628886519e-01
2.8641400279e-01
2.8656483459e-01
2.8671626920e-01
2.8686827662e-01
2.8702082463e-01
2.8714925252e-01
2.8727801553e-01
2.8740709113e-01
2.8753645579e-01
2.8766903285e-01
2.8780185948e-01
2.8793490758e-01
2.8806814824e-01
2.8822614785e-01
2.8838432520e-01
2.8854262855e-01
2.8870100518e-01
2.8886226563e-01
2.8902348959e-01
2.8918461970e-01
2.8934559843e-01
2.8954161672e-01
2.8973722079e-01
2.8993230808e-01
2.9012677753e-01
2.9029823796e-01
2.9046906991e-01
2.9063920775e-01
2.9080858755e-01
2.9098503383e-01
2.9116051224e-01
2.9133495621e-01
2.9150830166e-01
2.9169510256e-01
2.9188046213e-01
2.9206430877e-01
2.9224657445e-01
2.9245257071e-01
2.9265633376e-01
2.9285777916e-01
2.9305682812e-01
2.9330500064e-01
2.9354908765e-01
2.9378896557e-01
2.9402452282e-01
2.9427937779e-01
2.9452872718e-01
2.9477246512e-01
2.9501049882e-01
2.9528493086e-01
2.9555113406e-01
2.9580901275e-01
2.9605848805e-01
2.9628516081e-01
2.9650431684e-01
2.9671592231e-01
2.9691995118e-01
2.9712652726e-01
2.9732467015e-01
2.9751437035e-01
2.9769562353e-01
2.9788332340e-01
2.9806101908e-01
2.9822871927e-01
2.9838643579e-01
2.9855025641e-01
2.9870174841e-01
2.9884093515e-01
2.9896784067e-01
2.9909711971e-01
2.9921061895e-01
2.9930837016e-01
2.9939040216e-01
2.9946624201e-01
2.9952077288e-01
2.9955401885e-01
2.9956599489e-01
2.9955902703e-01
2.9953576885e-01
2.9949621233e-01
2.9944034393e-01
2.9937671843e-01
2.9930007851e-01
2.9921040477e-01
2.9910767534e-01
2.9900364738e-01
2.9888893037e-01
2.9876350492e-01
2.9862735140e-01
2.9849309045e-01
2.9834978257e-01
2.9819741439e-01
2.9803597406e-01
2.9787659965e-01
2.9770925879e-01
2.9753394805e-01
2.9735066712e-01
2.9716335124e-01
2.9696839372e-01
2.9676580683e-01
2.9655560851e-01
2.9631523154e-01
2.9606568796e-01
2.9580703418e-01
2.9553934155e-01
2.9532460016e-01
2.9510447662e-01
2.9487902881e-01
2.9464832338e-01
2.9443577469e-01
2.9421907327e-01
2.9399828993e-01
2.9377350358e-01
2.9358623703e-01
2.9339639004e-01
2.9320401999e-01
2.9300918891e-01
2.9283299292e-01
2.9265493480e-01
2.9247506906e-01
2.9229345369e-01
2.9212249713e-01
2.9195012402e-01
2.9177638991e-01
2.9160135312e-01
2.9143487736e-01
2.9126734769e-01
2.9109882015e-01
2.9092935297e-01
2.9075693317e-01
2.9058367735e-01
2.9040965230e-01
2.9023492677e-01
2.9006604748e-01
2.8989664833e-01
2.8972679503e-01
2.8955655435e-01
2.8940498012e-01
2.8925320123e-01
2.8910126585e-01
2.8894922225e-01
2.8880582284e-01
2.8866241041e-01
2.8851902494e-01
2.8837570604e-01
2.8824554848e-01
2.8811550702e-01
2.8798561000e-01
2.8785588515e-01
2.8772238887e-01
2.8758913304e-01
2.8745614557e-01
2.8732345338e-01
2.8718419161e-01
2.8704531418e-01
2.8690684854e-01
2.8676882069e-01
2.8664511298e-01
2.8652179584e-01
2.8639888508e-01
2.8627639557e-01
2.8614515073e-01
2.8601442522e-01
2.8588423388e-01
2.8575459035e-01
2.8561331454e-01
2.8547272503e-01
2.8533283524e-01
2.8519365719e-01
2.8501530369e-01
2.8483817084e-01
2.8466227581e-01
2.8448763313e-01
2.8435191862e-01
2.8421698271e-01
2.8408282970e-01
2.8394946332e-01
2.8380983161e-01
2.8367107942e-01
2.8353320941e-01
2.8339622379e-01
2.8323770263e-01
2.8308038739e-01
2.8292427992e-01
2.8276938163e-01
2.8256663634e-01
2.8236600422e-01
2.8216748623e-01
2.8197108280e-01
2.8173813679e-01
2.8150823653e-01
2.8128138095e-01
2.8105756861e-01
2.8084527828e-01
2.8063579719e-01
2.8042912359e-01
2.8022525567e-01
2.8000540193e-01
2.7978890250e-01
2.7957575491e-01
2.7936595671e-01
2.7912705538e-01
2.7889264359e-01
2.7866271761e-01
2.7843727378e-01
2.7816788475e-01
2.7790517583e-01
2.7764914072e-01
2.7739977329e-01
2.7708124150e-01
2.7677427164e-01
2.7647885090e-01
2.7619496697e-01
2.7579926177e-01
2.7542833669e-01
2.7508215841e-01
2.7476069582e-01
2.7427995387e-01
2.7386761133e-01
2.7352356536e-01
2.7324773017e-01
2.7298308719e-01
2.7284293948e-01
2.7282722313e-01
2.7293593096e-01
2.7306436885e-01
2.7323976638e-01
2.7346215371e-01
2.7373156907e-01
2.7395130651e-01
2.7419476824e-01
2.7446197535e-01
2.7475295096e-01
2.7499057350e-01
2.7524201539e-01
2.7550728929e-01
2.7578640852e-01
2.7601757073e-01
2.7625745335e-01
2.7650606394e-01
2.7676341035e-01
2.7698178354e-01
2.7720608489e-01
2.7743631921e-01
2.7767249142e-01
2.7787877276e-01
2.7808938685e-01
2.7830433695e-01
2.7852362642e-01
2.7872039747e-01
2.7892054085e-01
2.7912405896e-01
2.7933095422e-01
2.7952448228e-01
2.7972087866e-01
2.7992014530e-01
2.8012228416e-01
2.8032094247e-01
2.8052230247e-01
2.8072636588e-01
2.8093313440e-01
2.8112447473e-01
2.8131807708e-01
2.8151394249e-01
2.8171207187e-01
2.8187484717e-01
2.8203912013e-01
2.8220489084e-01
2.8237215924e-01
2.8251493474e-01
2.8265878309e-01
2.8280370381e-01
2.8294969620e-01
2.8308158206e-01
2.8321432882e-01
2.8334793541e-01
2.8348240047e-01
2.8361392445e-01
2.8374625620e-01
2.8387939357e-01
2.8401333402e-01
2.8415051443e-01
2.8428852037e-01
2.8442734753e-01
2.8456699086e-01
2.8470128742e-01
2.8483631920e-01
2.8497207954e-01
2.8510856084e-01
2.8523330769e-01
2.8535863661e-01
2.8548453959e-01
2.8561100773e-01
2.8573320940e-01
2.8585591561e-01
2.8597911591e-01
2.8610279895e-01
2.8623790258e-01
2.8637354593e-01
2.8650971040e-01
2.8664637597e-01
2.8679536209e-01
2.8694488449e-01
2.8709491162e-01
2.8724540993e-01
2.8737429045e-01
2.8750346556e-01
2.8763291107e-01
2.8776260190e-01
2.8790136937e-01
2.8804035449e-01
2.8817952371e-01
2.8831884262e-01
2.8847516103e-01
2.8863157294e-01
2.8878802713e-01
2.8894447174e-01
2.8911287588e-01
2.8928114274e-01
2.8944920672e-01
2.8961700244e-01
2.8979787225e-01
2.8997827237e-01
2.9015812308e-01
2.9033734613e-01
2.9050975765e-01
2.9068144512e-01
2.9085234311e-01
2.9102238809e-01
2.9120262620e-01
2.9138175359e-01
2.9155970124e-01
2.9173640300e-01
2.9192841635e-01
2.9211878049e-01
2.9230742048e-01
2.9249426550e-01
2.9271379220e-01
2.9293058731e-01
2.9314455373e-01
2.9335560173e-01
2.9362383397e-01
2.9388689483e-01
2.9414463979e-01
2.9439694055e-01
2.9465680425e-01
2.9491038023e-01
2.9515756775e-01
2.9539828004e-01
2.9564971024e-01
2.9589349639e-01
2.9612957431e-01
2.9635789168e-01
2.9657759921e-01
2.9678953008e-01
2.9699365966e-01
2.9718997012e-01
2.9739066998e-01
2.9758245759e-01
2.9776533003e-01
2.9793928882e-01
2.9811990818e-01
2.9828981412e-01
2.9844902077e-01
2.9859754463e-01
2.9875117725e-01
2.9889146880e-01
2.9901844646e-01
2.9913213707e-01
2.9924606347e-01
2.9934262843e-01
2.9942186383e-01
2.9948379684e-01
2.9953212811e-01
2.9955938960e-01
2.9956559349e-01
2.9955074257e-01
2.9952178988e-01
2.9947780083e-01
2.9941876164e-01
2.9934465417e-01
2.9926542853e-01
2.9917406735e-01
2.9907055026e-01
2.9895485522e-01
2.9883929151e-01
2.9871365984e-01
2.9857794238e-01
2.9843212166e-01
2.9828856705e-01
2.9813638128e-01
2.9797555400e-01
2.9780607691e-01
2.9763724739e-01
2.9746062131e-01
2.9727619980e-01
2.9708398784e-01
2.9688489279e-01
2.9667809987e-01
2.9646362993e-01
2.9624151096e-01
2.9601688971e-01
2.9578502755e-01
2.9554597666e-01
2.9529980018e-01
2.9508464690e-01
2.9486443729e-01
2.9463923377e-01
2.9440910751e-01
2.9420230349e-01
2.9399180119e-01
2.9377766917e-01
2.9355998316e-01
2.9337631257e-01
2.9319029398e-01
2.9300198365e-01
2.9281144207e-01
2.9263741839e-01
2.9246167722e-01
2.9228427277e-01
2.9210526248e-01
2.9193679456e-01
2.9176703262e-01
2.9159603119e-01
2.9142384733e-01
2.9125395301e-01
2.9108303806e-01
2.9091116332e-01
2.9073839188e-01
2.9055862532e-01
2.9037804215e-01
2.9019671936e-01
2.9001473600e-01
2.8985470531e-01
2.8969428458e-01
2.8953353013e-01
2.8937249894e-01
2.8921837722e-01
2.8906410563e-01
2.8890973469e-01
2.8875531482e-01
2.8861972681e-01
2.8848417349e-01
2.8834868822e-01
2.8821330389e-01
2.8808419195e-01
2.8795522911e-01
2.8782644239e-01
2.8769785813e-01
2.8752679299e-01
2.8735619161e-01
2.8718610969e-01
2.8701660002e-01
2.8688866729e-01
2.8676111151e-01
2.8663395196e-01
2.8650720682e-01
2.8638264226e-01
2.8625851267e-01
2.8613483240e-01
2.8601161479e-01
2.8588156854e-01
2.8575206924e-01
2.8562312932e-01
2.8549476015e-01
2.8534945892e-01
2.8520492302e-01
2.8506116459e-01
2.8491819439e-01
2.8477767786e-01
2.8463794852e-01
2.8449901338e-01
2.8436087856e-01
2.8422577843e-01
2.8409146226e-01
2.8395793380e-01
2.8382519627e-01
2.8368353855e-01
2.8354279895e-01
2.8340297984e-01
2.8326408321e-01
2.8310001873e-01
2.8293726470e-01
2.8277582278e-01
2.8261569420e-01
2.8242409104e-01
2.8223440502e-01
2.8204663665e-01
2.8186078606e-01
2.8163819628e-01
2.8141842027e-01
2.8120145695e-01
2.8098730493e-01
2.8077403423e-01
2.8056362342e-01
2.8035607068e-01
2.8015137414e-01
2.7993033210e-01
2.7971271528e-01
2.7949852114e-01
2.7928774715e-01
2.7904727111e-01
2.7881139995e-01
2.7858012984e-01
2.7835345697e-01
2.7808253744e-01
2.7781847897e-01
2.7756127507e-01
2.7731091938e-01
2.7699315915e-01
2.7668713810e-01
2.7639284327e-01
2.7611026217e-01
2.7572709859e-01
2.7536775390e-01
2.7503219706e-01
2.7472039909e-01
2.7427821784e-01
2.7389458919e-01
2.7356943124e-01
2.7330267457e-01
2.7309082896e-01
2.7293954421e-01
2.7284878678e-01
2.7281853654e-01
