0.0000000000e+00
4.7228289832e-03
9.4456579664e-03
1.4168486950e-02
1.8891315933e-02
2.2358645690e-02
2.5825975447e-02
2.9293305204e-02
3.2760634961e-02
3.5496585901e-02
3.8232536842e-02
4.0968487783e-02
4.3704438723e-02
4.5979256744e-02
4.8254074765e-02
5.0528892787e-02
5.2803710808e-02
5.4809097638e-02
5.6814484468e-02
5.8819871298e-02
6.0825258128e-02
6.2954312651e-02
6.5083367174e-02
6.7212421697e-02
6.9341476220e-02
7.0923002370e-02
7.2504528519e-02
7.4086054669e-02
7.5667580818e-02
7.6876274207e-02
7.8084967597e-02
7.9293660986e-02
8.0502354376e-02
8.1578009261e-02
8.2653664146e-02
8.3729319031e-02
8.4804973916e-02
8.5963186963e-02
8.7121400009e-02
8.8279613056e-02
8.9437826103e-02
9.0477445677e-02
9.1517065250e-02
9.2556684824e-02
9.3596304397e-02
9.4531997209e-02
9.5467690020e-02
9.6403382832e-02
9.7339075643e-02
9.8268847372e-02
9.9198619101e-02
1.0012839083e-01
1.0105816256e-01
1.0203914305e-01
1.0302012353e-01
1.0400110402e-01
1.0498208451e-01
1.0591339465e-01
1.0684470480e-01
1.0777601494e-01
1.0870732508e-01
1.0981503035e-01
1.1092273561e-01
1.1203044087e-01
1.1313814614e-01
1.1439179304e-01
1.1564543995e-01
1.1689908686e-01
1.1815273376e-01
1.1939335974e-01
1.2063398572e-01
1.2187461170e-01
1.2311523768e-01
1.2442787589e-01
1.2574051409e-01
1.2705315229e-01
1.2836579050e-01
1.2987653952e-01
1.3138728854e-01
1.3289803757e-01
1.3440878659e-01
1.3639795715e-01
1.3838712771e-01
1.4037629827e-01
1.4236546883e-01
1.4491741972e-01
1.4746937062e-01
1.5002132152e-01
1.5257327242e-01
1.5508515406e-01
1.5759703571e-01
1.6010891736e-01
1.6262079901e-01
1.6544870374e-01
1.6827660847e-01
1.7110451320e-01
1.7393241794e-01
1.7617599216e-01
1.7841956638e-01
1.8066314060e-01
1.8290671483e-01
1.8467823129e-01
1.8644974775e-01
1.8822126421e-01
1.8999278068e-01
1.9149956986e-01
1.9300635904e-01
1.9451314822e-01
1.9601993740e-01
1.9738647935e-01
1.9875302130e-01
2.0011956326e-01
2.0148610521e-01
2.0284775242e-01
2.0420939962e-01
2.0557104683e-01
2.0693269404e-01
2.0819661142e-01
2.0946052880e-01
2.1072444617e-01
2.1198836355e-01
2.1324336625e-01
2.1449836895e-01
2.1575337165e-01
2.1700837435e-01
2.1803617165e-01
2.1906396895e-01
2.2009176625e-01
2.2111956355e-01
2.2237442605e-01
2.2362928855e-01
2.2488415106e-01
2.2613901356e-01
2.2712249758e-01
2.2810598160e-01
2.2908946563e-01
2.3007294965e-01
2.3113033902e-01
2.3218772838e-01
2.3324511775e-01
2.3430250712e-01
2.3553473969e-01
2.3676697225e-01
2.3799920481e-01
2.3923143738e-01
2.4035449355e-01
2.4147754971e-01
2.4260060588e-01
2.4372366205e-01
2.4488556777e-01
2.4604747349e-01
2.4720937921e-01
2.4837128493e-01
2.4950399215e-01
2.5063669938e-01
2.5176940660e-01
2.5290211383e-01
2.5405368403e-01
2.5520525424e-01
2.5635682445e-01
2.5750839465e-01
2.5865189780e-01
2.5979540095e-01
2.6093890409e-01
2.6208240724e-01
2.6315842312e-01
2.6423443900e-01
2.6531045488e-01
2.6638647076e-01
2.6737760196e-01
2.6836873315e-01
2.6935986435e-01
2.7035099554e-01
2.7151695393e-01
2.7268291233e-01
2.7384887072e-01
2.7501482911e-01
2.7604071989e-01
2.7706661066e-01
2.7809250144e-01
2.7911839221e-01
2.8037217017e-01
2.8162594813e-01
2.8287972608e-01
2.8413350404e-01
2.8548292953e-01
2.8683235501e-01
2.8818178049e-01
2.8953120598e-01
2.9086671317e-01
2.9220222037e-01
2.9353772757e-01
2.9487323477e-01
2.9630574973e-01
2.9773826469e-01
2.9917077965e-01
3.0060329461e-01
3.0224899801e-01
3.0389470142e-01
3.0554040483e-01
3.0718610823e-01
3.0932485698e-01
3.1146360573e-01
3.1360235448e-01
3.1574110324e-01
3.1851539550e-01
3.2128968777e-01
3.2406398004e-01
3.2683827231e-01
3.2935017334e-01
3.3186207437e-01
3.3437397540e-01
3.3688587643e-01
3.3992700912e-01
3.4296814181e-01
3.4600927450e-01
3.4905040719e-01
3.5111775351e-01
3.5318509983e-01
3.5525244615e-01
3.5731979247e-01
3.5891424450e-01
3.6050869654e-01
3.6210314858e-01
3.6369760062e-01
3.6507266651e-01
3.6644773240e-01
3.6782279829e-01
3.6919786418e-01
3.7046597867e-01
3.7173409316e-01
3.7300220765e-01
3.7427032213e-01
3.7550868686e-01
3.7674705159e-01
3.7798541631e-01
3.7922378104e-01
3.8040378495e-01
3.8158378887e-01
3.8276379278e-01
3.8394379670e-01
3.8498789057e-01
3.8603198444e-01
3.8707607830e-01
3.8812017217e-01
3.8906581595e-01
3.9001145973e-01
3.9095710351e-01
3.9190274729e-01
3.9285942949e-01
3.9381611168e-01
3.9477279387e-01
3.9572947606e-01
3.9666966274e-01
3.9760984942e-01
3.9855003610e-01
3.9949022278e-01
4.0044262498e-01
4.0139502719e-01
4.0234742939e-01
4.0329983160e-01
4.0434870779e-01
4.0539758399e-01
4.0644646019e-01
4.0749533639e-01
4.0861107494e-01
4.0972681349e-01
4.1084255204e-01
4.1195829059e-01
4.1308837594e-01
4.1421846129e-01
4.1534854664e-01
4.1647863198e-01
4.1784978727e-01
4.1922094256e-01
4.2059209785e-01
4.2196325314e-01
4.2371999078e-01
4.2547672842e-01
4.2723346606e-01
4.2899020370e-01
4.3097363720e-01
4.3295707070e-01
4.3494050420e-01
4.3692393771e-01
4.3915822911e-01
4.4139252052e-01
4.4362681193e-01
4.4586110334e-01
4.4867975142e-01
4.5149839949e-01
4.5431704756e-01
4.5713569564e-01
4.6108099923e-01
4.6502630283e-01
4.6897160642e-01
4.7291691002e-01
4.7878019131e-01
4.8464347260e-01
4.9050675388e-01
4.9637003517e-01
5.0133416568e-01
5.0629829618e-01
5.1126242669e-01
5.1622655719e-01
5.1984630777e-01
5.2346605835e-01
5.2708580893e-01
5.3070555951e-01
5.3353900146e-01
5.3637244341e-01
5.3920588536e-01
5.4203932731e-01
5.4437605124e-01
5.4671277518e-01
5.4904949911e-01
5.5138622304e-01
5.5342390514e-01
5.5546158724e-01
5.5749926933e-01
5.5953695143e-01
5.6177480914e-01
5.6401266684e-01
5.6625052455e-01
5.6848838225e-01
5.7006375947e-01
5.7163913668e-01
5.7321451390e-01
5.7478989111e-01
5.7602867247e-01
5.7726745383e-01
5.7850623520e-01
5.7974501656e-01
5.8083204283e-01
5.8191906909e-01
5.8300609536e-01
5.8409312163e-01
5.8520872792e-01
5.8632433422e-01
5.8743994051e-01
5.8855554680e-01
5.8959608398e-01
5.9063662115e-01
5.9167715833e-01
5.9271769551e-01
5.9368639656e-01
5.9465509761e-01
5.9562379867e-01
5.9659249972e-01
5.9751200086e-01
5.9843150200e-01
5.9935100315e-01
6.0027050429e-01
6.0127579320e-01
6.0228108212e-01
6.0328637103e-01
6.0429165995e-01
6.0522090083e-01
6.0615014171e-01
6.0707938259e-01
6.0800862348e-01
6.0919284447e-01
6.1037706547e-01
6.1156128646e-01
6.1274550746e-01
6.1395365473e-01
6.1516180199e-01
6.1636994926e-01
6.1757809653e-01
6.1882125155e-01
6.2006440658e-01
6.2130756160e-01
6.2255071663e-01
6.2384504327e-01
6.2513936992e-01
6.2643369657e-01
6.2772802322e-01
6.2919503260e-01
6.3066204199e-01
6.3212905137e-01
6.3359606075e-01
6.3555261023e-01
6.3750915971e-01
6.3946570918e-01
6.4142225866e-01
6.4400718298e-01
6.4659210731e-01
6.4917703163e-01
6.5176195595e-01
6.5428629005e-01
6.5681062415e-01
6.5933495824e-01
6.6185929234e-01
6.6486070806e-01
6.6786212378e-01
6.7086353950e-01
6.7386495522e-01
6.7611158711e-01
6.7835821900e-01
6.8060485089e-01
6.8285148278e-01
6.8462408367e-01
6.8639668456e-01
6.8816928544e-01
6.8994188633e-01
6.9145508449e-01
6.9296828264e-01
6.9448148079e-01
6.9599467895e-01
6.9736233852e-01
6.9872999809e-01
7.0009765766e-01
7.0146531723e-01
7.0285267322e-01
7.0424002922e-01
7.0562738521e-01
7.0701474120e-01
7.0826256821e-01
7.0951039521e-01
7.1075822222e-01
7.1200604923e-01
7.1320167142e-01
7.1439729361e-01
7.1559291580e-01
7.1678853798e-01
7.1781036885e-01
7.1883219971e-01
7.1985403057e-01
7.2087586144e-01
7.2210998572e-01
7.2334411001e-01
7.2457823429e-01
7.2581235858e-01
7.2683790268e-01
7.2786344678e-01
7.2888899088e-01
7.2991453498e-01
7.3095731132e-01
7.3200008765e-01
7.3304286398e-01
7.3408564032e-01
7.3544567138e-01
7.3680570243e-01
7.3816573349e-01
7.3952576455e-01
7.4067356069e-01
7.4182135684e-01
7.4296915298e-01
7.4411694913e-01
7.4531762657e-01
7.4651830402e-01
7.4771898147e-01
7.4891965891e-01
7.5004897293e-01
7.5117828695e-01
7.5230760096e-01
7.5343691498e-01
7.5467692830e-01
7.5591694161e-01
7.5715695493e-01
7.5839696824e-01
7.5953208343e-01
7.6066719862e-01
7.6180231381e-01
7.6293742900e-01
7.6396526303e-01
7.6499309705e-01
7.6602093108e-01
7.6704876510e-01
7.6808240883e-01
7.6911605255e-01
7.7014969627e-01
7.7118334000e-01
7.7223468755e-01
7.7328603510e-01
7.7433738265e-01
7.7538873020e-01
7.7641965487e-01
7.7745057955e-01
7.7848150422e-01
7.7951242890e-01
7.8067519437e-01
7.8183795984e-01
7.8300072532e-01
7.8416349079e-01
7.8587188239e-01
7.8758027398e-01
7.8928866557e-01
7.9099705717e-01
7.9235192355e-01
7.9370678993e-01
7.9506165631e-01
7.9641652269e-01
7.9788518870e-01
7.9935385471e-01
8.0082252073e-01
8.0229118674e-01
8.0404518064e-01
8.0579917454e-01
8.0755316844e-01
8.0930716234e-01
8.1174482254e-01
8.1418248274e-01
8.1662014293e-01
8.1905780313e-01
8.2174931934e-01
8.2444083556e-01
8.2713235177e-01
8.2982386798e-01
8.3228588255e-01
8.3474789711e-01
8.3720991168e-01
8.3967192624e-01
8.4210921735e-01
8.4454650847e-01
8.4698379958e-01
8.4942109069e-01
8.5141691216e-01
8.5341273362e-01
8.5540855509e-01
8.5740437655e-01
8.5898283756e-01
8.6056129856e-01
8.6213975956e-01
8.6371822056e-01
8.6509260417e-01
8.6646698778e-01
8.6784137139e-01
8.6921575501e-01
8.7046772089e-01
8.7171968678e-01
8.7297165267e-01
8.7422361856e-01
8.7550940471e-01
8.7679519086e-01
8.7808097701e-01
8.7936676315e-01
8.8050639584e-01
8.8164602853e-01
8.8278566122e-01
8.8392529391e-01
8.8501586554e-01
8.8610643718e-01
8.8719700881e-01
8.8828758044e-01
8.8921603056e-01
8.9014448067e-01
8.9107293079e-01
8.9200138090e-01
8.9305765844e-01
8.9411393598e-01
8.9517021352e-01
8.9622649106e-01
8.9713861081e-01
8.9805073055e-01
8.9896285030e-01
8.9987497005e-01
9.0088748005e-01
9.0189999005e-01
9.0291250006e-01
9.0392501006e-01
9.0499938020e-01
9.0607375034e-01
9.0714812049e-01
9.0822249063e-01
9.0930062391e-01
9.1037875719e-01
9.1145689047e-01
9.1253502375e-01
9.1367441390e-01
9.1481380404e-01
9.1595319418e-01
9.1709258433e-01
9.1859236746e-01
9.2009215060e-01
9.2159193373e-01
9.2309171686e-01
9.2545920835e-01
9.2782669983e-01
9.3019419132e-01
9.3256168281e-01
9.3461821383e-01
9.3667474486e-01
9.3873127589e-01
9.4078780692e-01
9.4323216841e-01
9.4567652991e-01
9.4812089141e-01
9.5056525291e-01
9.5376914225e-01
9.5697303158e-01
9.6017692092e-01
9.6338081025e-01
9.6795820897e-01
9.7253560769e-01
9.7711300641e-01
9.8169040513e-01
9.8626780384e-01
9.9084520256e-01
9.9542260128e-01
1.0000000000e+00
