2.8655955574e-01
2.8656223102e-01
2.8657025690e-01
2.8658363350e-01
2.8660236105e-01
2.8662370417e-01
2.8664935014e-01
2.8667929923e-01
2.8671355173e-01
2.8675690905e-01
2.8680563844e-01
2.8685974008e-01
2.8691921383e-01
2.8696431279e-01
2.8701207442e-01
2.8706249801e-01
2.8711558248e-01
2.8716058391e-01
2.8720733309e-01
2.8725582851e-01
2.8730606823e-01
2.8735106509e-01
2.8739737086e-01
2.8744498298e-01
2.8749389833e-01
2.8754245762e-01
2.8759222891e-01
2.8764320713e-01
2.8769538625e-01
2.8775265886e-01
2.8781129313e-01
2.8787127632e-01
2.8793259326e-01
2.8798553609e-01
2.8803940954e-01
2.8809419916e-01
2.8814988853e-01
2.8820234728e-01
2.8825554803e-01
2.8830947232e-01
2.8836409974e-01
2.8842382968e-01
2.8848432171e-01
2.8854554184e-01
2.8860745306e-01
2.8866845979e-01
2.8873004576e-01
2.8879216827e-01
2.8885478200e-01
2.8891724095e-01
2.8898008605e-01
2.8904326631e-01
2.8910672877e-01
2.8918150154e-01
2.8925649641e-01
2.8933161978e-01
2.8940677616e-01
2.8949029624e-01
2.8957360275e-01
2.8965656081e-01
2.8973903596e-01
2.8982230853e-01
2.8990480498e-01
2.8998638976e-01
2.9006693061e-01
2.9014811783e-01
2.9022794505e-01
2.9030628453e-01
2.9038301393e-01
2.9046709573e-01
2.9054884481e-01
2.9062811431e-01
2.9070476691e-01
2.9079468638e-01
2.9088029514e-01
2.9096140014e-01
2.9103782862e-01
2.9112544837e-01
2.9120547185e-01
2.9127769442e-01
2.9134195240e-01
2.9140498395e-01
2.9145750995e-01
2.9149947051e-01
2.9153086623e-01
2.9154827147e-01
2.9155914468e-01
2.9156356707e-01
2.9156164448e-01
2.9155516196e-01
2.9154432762e-01
2.9152924894e-01
2.9151004745e-01
2.9149002860e-01
2.9146707298e-01
2.9144128888e-01
2.9141279347e-01
2.9138484439e-01
2.9135488743e-01
2.9132302772e-01
2.9128937635e-01
2.9125449641e-01
2.9121810101e-01
2.9118031349e-01
2.9114126210e-01
2.9110200305e-01
2.9106179164e-01
2.9102075907e-01
2.9097903933e-01
2.9094130537e-01
2.9090322994e-01
2.9086491166e-01
2.9082644919e-01
2.9079265257e-01
2.9075888647e-01
2.9072521589e-01
2.9069170474e-01
2.9065925940e-01
2.9062708132e-01
2.9059522520e-01
2.9056374384e-01
2.9053013503e-01
2.9049708647e-01
2.9046465618e-01
2.9043289873e-01
2.9040504644e-01
2.9037780989e-01
2.9035122088e-01
2.9032530882e-01
2.9029853684e-01
2.9027259006e-01
2.9024749539e-01
2.9022327707e-01
2.9019653541e-01
2.9017101073e-01
2.9014672846e-01
2.9012371060e-01
2.9010262999e-01
2.9008276918e-01
2.9006414080e-01
2.9004675560e-01
2.9003024511e-01
2.9001505694e-01
2.9000119798e-01
2.8998867397e-01
2.8997609822e-01
2.8996524928e-01
2.8995613161e-01
2.8994874865e-01
2.8994251487e-01
2.8993848656e-01
2.8993666538e-01
2.8993705205e-01
2.8993915135e-01
2.8994288403e-01
2.8994824894e-01
2.8995524441e-01
2.8996293519e-01
2.8997194351e-01
2.8998226664e-01
2.8999390120e-01
2.9000687046e-01
2.9002114733e-01
2.9003672577e-01
2.9005359857e-01
2.9007147615e-01
2.9009059161e-01
2.9011093351e-01
2.9013248840e-01
2.9015302797e-01
2.9017453482e-01
2.9019699369e-01
2.9022038727e-01
2.9024289034e-01
2.9026616242e-01
2.9029018419e-01
2.9031493433e-01
2.9034369675e-01
2.9037331908e-01
2.9040376068e-01
2.9043497720e-01
2.9046430240e-01
2.9049420114e-01
2.9052463069e-01
2.9055554577e-01
2.9058782197e-01
2.9062050737e-01
2.9065354502e-01
2.9068687578e-01
2.9072491001e-01
2.9076315051e-01
2.9080150361e-01
2.9083987389e-01
2.9088665563e-01
2.9093314045e-01
2.9097915009e-01
2.9102450722e-01
2.9106596880e-01
2.9110657495e-01
2.9114618993e-01
2.9118468158e-01
2.9122384884e-01
2.9126148495e-01
2.9129745161e-01
2.9133161670e-01
2.9136805863e-01
2.9140184350e-01
2.9143280886e-01
2.9146080337e-01
2.9149087556e-01
2.9151603304e-01
2.9153606416e-01
2.9155078103e-01
2.9156148390e-01
2.9156327295e-01
2.9155592553e-01
2.9153927087e-01
2.9151331076e-01
2.9147792741e-01
2.9143309857e-01
2.9137885012e-01
2.9132860744e-01
2.9127241920e-01
2.9121036759e-01
2.9114255631e-01
2.9108164925e-01
2.9101690378e-01
2.9094841675e-01
2.9087629680e-01
2.9080882655e-01
2.9073864235e-01
2.9066584706e-01
2.9059055171e-01
2.9052037711e-01
2.9044834805e-01
2.9037456434e-01
2.9029913124e-01
2.9022101585e-01
2.9014143730e-01
2.9006052205e-01
2.8997840148e-01
2.8990154823e-01
2.8982389202e-01
2.8974554594e-01
2.8966662521e-01
2.8959245805e-01
2.8951798741e-01
2.8944330993e-01
2.8936852214e-01
2.8930434485e-01
2.8924021706e-01
2.8917619795e-01
2.8911234561e-01
2.8904865817e-01
2.8898525013e-01
2.8892217509e-01
2.8885948471e-01
2.8879451424e-01
2.8873007031e-01
2.8866620356e-01
2.8860296157e-01
2.8854552364e-01
2.8848868106e-01
2.8843246348e-01
2.8837689835e-01
2.8831749165e-01
2.8825890874e-01
2.8820117595e-01
2.8814431692e-01
2.8807691638e-01
2.8801085040e-01
2.8794614686e-01
2.8788282958e-01
2.8782671944e-01
2.8777177472e-01
2.8771800621e-01
2.8766542309e-01
2.8761063615e-01
2.8755721516e-01
2.8750516661e-01
2.8745449581e-01
2.8739373564e-01
2.8733509632e-01
2.8727858291e-01
2.8722419928e-01
2.8715751398e-01
2.8709434746e-01
2.8703470277e-01
2.8697858192e-01
2.8692126547e-01
2.8686816248e-01
2.8681927343e-01
2.8677459845e-01
2.8673074748e-01
2.8669189207e-01
2.8665803188e-01
2.8662916653e-01
2.8660193599e-01
2.8658142770e-01
2.8656764125e-01
2.8656057639e-01
2.8655999041e-01
2.8656497947e-01
2.8657554365e-01
2.8659168314e-01
2.8661079748e-01
2.8663435377e-01
2.8666235231e-01
2.8669479338e-01
2.8673106324e-01
2.8677163767e-01
2.8681651687e-01
2.8686570092e-01
2.8690972932e-01
2.8695671475e-01
2.8700665675e-01
2.8705955455e-01
2.8710513159e-01
2.8715269402e-01
2.8720224054e-01
2.8725376940e-01
2.8729845108e-01
2.8734451999e-01
2.8739197397e-01
2.8744081030e-01
2.8748784350e-01
2.8753608523e-01
2.8758553144e-01
2.8763617724e-01
2.8770175135e-01
2.8776920980e-01
2.8783853479e-01
2.8790970438e-01
2.8796275070e-01
2.8801675155e-01
2.8807169285e-01
2.8812755857e-01
2.8818057586e-01
2.8823436762e-01
2.8828891525e-01
2.8834419810e-01
2.8840206011e-01
2.8846065488e-01
2.8851995213e-01
2.8857991888e-01
2.8864238194e-01
2.8870547594e-01
2.8876915567e-01
2.8883337293e-01
2.8889612075e-01
2.8895927705e-01
2.8902279048e-01
2.8908660762e-01
2.8916865801e-01
2.8925099530e-01
2.8933349590e-01
2.8941603341e-01
2.8949730746e-01
2.8957836847e-01
2.8965909208e-01
2.8973935436e-01
2.8982370634e-01
2.8990725945e-01
2.8998987283e-01
2.9007140912e-01
2.9015307698e-01
2.9023335800e-01
2.9031212213e-01
2.9038924493e-01
2.9047398877e-01
2.9055634018e-01
2.9063614872e-01
2.9071327387e-01
2.9080225595e-01
2.9088696378e-01
2.9096720958e-01
2.9104282532e-01
2.9112973812e-01
2.9120909707e-01
2.9128070174e-01
2.9134439204e-01
2.9140707552e-01
2.9145924041e-01
2.9150082898e-01
2.9153184403e-01
2.9154892275e-01
2.9155948592e-01
2.9156361561e-01
2.9156141847e-01
2.9155468005e-01
2.9154356664e-01
2.9152818758e-01
2.9150866645e-01
2.9148850768e-01
2.9146544136e-01
2.9143957518e-01
2.9141102555e-01
2.9138283444e-01
2.9135262774e-01
2.9132051219e-01
2.9128660055e-01
2.9125173740e-01
2.9121538026e-01
2.9117765137e-01
2.9113867777e-01
2.9109911839e-01
2.9105860499e-01
2.9101727134e-01
2.9097525398e-01
2.9093776403e-01
2.9089994675e-01
2.9086189857e-01
2.9082371596e-01
2.9078989705e-01
2.9075611403e-01
2.9072243198e-01
2.9068891481e-01
2.9065647495e-01
2.9062430739e-01
2.9059246676e-01
2.9056100574e-01
2.9052743373e-01
2.9049442700e-01
2.9046204335e-01
2.9043033707e-01
2.9040261062e-01
2.9037549963e-01
2.9034903543e-01
2.9032324702e-01
2.9029649102e-01
2.9027056529e-01
2.9024549666e-01
2.9022130928e-01
2.9019450472e-01
2.9016893330e-01
2.9014462059e-01
2.9012158870e-01
2.9010064454e-01
2.9008091941e-01
2.9006242571e-01
2.9004517402e-01
2.9002878160e-01
2.9001371283e-01
2.8999997451e-01
2.8998757227e-01
2.8997512543e-01
2.8996440978e-01
2.8995542967e-01
2.8994818851e-01
2.8994207861e-01
2.8993821593e-01
2.8993660207e-01
2.8993723769e-01
2.8993953699e-01
2.8994345085e-01
2.8994897812e-01
2.8995611705e-01
2.8996395071e-01
2.8997309577e-01
2.8998354944e-01
2.8999530829e-01
2.9000836908e-01
2.9002272601e-01
2.9003837303e-01
2.9005530287e-01
2.9007338998e-01
2.9009272551e-01
2.9011329762e-01
2.9013509245e-01
2.9015559841e-01
2.9017705536e-01
2.9019944818e-01
2.9022275971e-01
2.9024544184e-01
2.9026889734e-01
2.9029310642e-01
2.9031804724e-01
2.9034669756e-01
2.9037619165e-01
2.9040648939e-01
2.9043754702e-01
2.9046700502e-01
2.9049703587e-01
2.9052759623e-01
2.9055864023e-01
2.9059098481e-01
2.9062373382e-01
2.9065682992e-01
2.9069021365e-01
2.9072868197e-01
2.9076735166e-01
2.9080612579e-01
2.9084490562e-01
2.9089179731e-01
2.9093837060e-01
2.9098444575e-01
2.9102984408e-01
2.9107123888e-01
2.9111175913e-01
2.9115126920e-01
2.9118963706e-01
2.9122876618e-01
2.9126633432e-01
2.9130220240e-01
2.9133623765e-01
2.9137253187e-01
2.9140612142e-01
2.9143684289e-01
2.9146454427e-01
2.9149420659e-01
2.9151887231e-01
2.9153832927e-01
2.9155238956e-01
2.9156215443e-01
2.9156286880e-01
2.9155431233e-01
2.9153631765e-01
2.9150930038e-01
2.9147297834e-01
2.9142733563e-01
2.9137240317e-01
2.9132169395e-01
2.9126512347e-01
2.9120277498e-01
2.9113475279e-01
2.9107359881e-01
2.9100864997e-01
2.9094000335e-01
2.9086776767e-01
2.9080022769e-01
2.9073000834e-01
2.9065721220e-01
2.9058194991e-01
2.9051155264e-01
2.9043931362e-01
2.9036533329e-01
2.9028971754e-01
2.9021132221e-01
2.9013147549e-01
2.9005030489e-01
2.8996794288e-01
2.8989136597e-01
2.8981400883e-01
2.8973598314e-01
2.8965740260e-01
2.8958253725e-01
2.8950737616e-01
2.8943201855e-01
2.8935656350e-01
2.8929259173e-01
2.8922868001e-01
2.8916488677e-01
2.8910126934e-01
2.8903742810e-01
2.8897387768e-01
2.8891067185e-01
2.8884786237e-01
2.8878340356e-01
2.8871947324e-01
2.8865612057e-01
2.8859339171e-01
2.8853586174e-01
2.8847893628e-01
2.8842264489e-01
2.8836701489e-01
2.8830685942e-01
2.8824755775e-01
2.8818913686e-01
2.8813162092e-01
2.8806173462e-01
2.8799330215e-01
2.8792635381e-01
2.8786091521e-01
2.8780522149e-01
2.8775069905e-01
2.8769735805e-01
2.8764520709e-01
2.8758971870e-01
2.8753566094e-01
2.8748304021e-01
2.8743186175e-01
2.8736697757e-01
2.8730458546e-01
2.8724469108e-01
2.8718729864e-01
2.8711232589e-01
2.8704211406e-01
2.8697666666e-01
2.8691598573e-01
2.8686290561e-01
2.8681410328e-01
2.8676957884e-01
2.8672933220e-01
2.8668953855e-01
2.8665505178e-01
2.8662587150e-01
2.8660199732e-01
2.8658342889e-01
2.8657016593e-01
2.8656220824e-01
2.8655955569e-01
