0.0000000000e+00
8.6198424660e-03
1.7239684932e-02
2.5859527398e-02
3.4479369864e-02
3.8992323145e-02
4.3505276427e-02
4.8018229709e-02
5.2531182990e-02
5.5384447463e-02
5.8237711936e-02
6.1090976409e-02
6.3944240881e-02
6.5951475561e-02
6.7958710241e-02
6.9965944920e-02
7.1973179600e-02
7.3486416880e-02
7.4999654161e-02
7.6512891441e-02
7.8026128721e-02
7.9231359924e-02
8.0436591127e-02
8.1641822329e-02
8.2847053532e-02
8.3859213796e-02
8.4871374061e-02
8.5883534326e-02
8.6895694591e-02
8.7809218526e-02
8.8722742462e-02
8.9636266398e-02
9.0549790334e-02
9.1406757046e-02
9.2263723758e-02
9.3120690471e-02
9.3977657183e-02
9.4661035492e-02
9.5344413800e-02
9.6027792108e-02
9.6711170417e-02
9.7267884606e-02
9.7824598796e-02
9.8381312985e-02
9.8938027174e-02
9.9435479783e-02
9.9932932391e-02
1.0043038500e-01
1.0092783761e-01
1.0147290770e-01
1.0201797778e-01
1.0256304787e-01
1.0310811796e-01
1.0358427396e-01
1.0406042997e-01
1.0453658597e-01
1.0501274197e-01
1.0543451166e-01
1.0585628134e-01
1.0627805103e-01
1.0669982072e-01
1.0714907603e-01
1.0759833134e-01
1.0804758664e-01
1.0849684195e-01
1.0893105450e-01
1.0936526705e-01
1.0979947960e-01
1.1023369214e-01
1.1067561330e-01
1.1111753447e-01
1.1155945563e-01
1.1200137679e-01
1.1249115335e-01
1.1298092991e-01
1.1347070648e-01
1.1396048304e-01
1.1459404572e-01
1.1522760839e-01
1.1586117106e-01
1.1649473373e-01
1.1707587815e-01
1.1765702257e-01
1.1823816699e-01
1.1881931141e-01
1.1943558371e-01
1.2005185602e-01
1.2066812832e-01
1.2128440062e-01
1.2200162013e-01
1.2271883964e-01
1.2343605915e-01
1.2415327866e-01
1.2511263323e-01
1.2607198779e-01
1.2703134236e-01
1.2799069693e-01
1.2919041767e-01
1.3039013840e-01
1.3158985914e-01
1.3278957988e-01
1.3393204986e-01
1.3507451984e-01
1.3621698982e-01
1.3735945980e-01
1.3859585013e-01
1.3983224047e-01
1.4106863081e-01
1.4230502115e-01
1.4372424379e-01
1.4514346644e-01
1.4656268908e-01
1.4798191173e-01
1.4969339601e-01
1.5140488030e-01
1.5311636459e-01
1.5482784888e-01
1.5703097334e-01
1.5923409779e-01
1.6143722225e-01
1.6364034671e-01
1.6654629952e-01
1.6945225234e-01
1.7235820515e-01
1.7526415797e-01
1.7882743561e-01
1.8239071325e-01
1.8595399090e-01
1.8951726854e-01
1.9240588160e-01
1.9529449466e-01
1.9818310772e-01
2.0107172078e-01
2.0376311556e-01
2.0645451034e-01
2.0914590513e-01
2.1183729991e-01
2.1421521853e-01
2.1659313716e-01
2.1897105578e-01
2.2134897440e-01
2.2368655748e-01
2.2602414056e-01
2.2836172363e-01
2.3069930671e-01
2.3288680765e-01
2.3507430859e-01
2.3726180953e-01
2.3944931047e-01
2.4164516244e-01
2.4384101442e-01
2.4603686639e-01
2.4823271837e-01
2.5047488422e-01
2.5271705008e-01
2.5495921593e-01
2.5720138178e-01
2.5944773038e-01
2.6169407898e-01
2.6394042758e-01
2.6618677618e-01
2.6861325456e-01
2.7103973294e-01
2.7346621131e-01
2.7589268969e-01
2.7878589023e-01
2.8167909078e-01
2.8457229133e-01
2.8746549187e-01
2.9042964779e-01
2.9339380371e-01
2.9635795963e-01
2.9932211555e-01
3.0296935101e-01
3.0661658648e-01
3.1026382194e-01
3.1391105740e-01
3.1687153606e-01
3.1983201472e-01
3.2279249338e-01
3.2575297204e-01
3.2804145647e-01
3.3032994090e-01
3.3261842533e-01
3.3490690976e-01
3.3676006789e-01
3.3861322603e-01
3.4046638416e-01
3.4231954230e-01
3.4387673133e-01
3.4543392036e-01
3.4699110940e-01
3.4854829843e-01
3.4989871212e-01
3.5124912581e-01
3.5259953950e-01
3.5394995318e-01
3.5515776637e-01
3.5636557955e-01
3.5757339274e-01
3.5878120592e-01
3.5992235164e-01
3.6106349736e-01
3.6220464308e-01
3.6334578880e-01
3.6447030861e-01
3.6559482842e-01
3.6671934823e-01
3.6784386804e-01
3.6884538236e-01
3.6984689668e-01
3.7084841100e-01
3.7184992532e-01
3.7261685987e-01
3.7338379443e-01
3.7415072898e-01
3.7491766353e-01
3.7556550844e-01
3.7621335335e-01
3.7686119825e-01
3.7750904316e-01
3.7809500653e-01
3.7868096990e-01
3.7926693327e-01
3.7985289664e-01
3.8042536221e-01
3.8099782778e-01
3.8157029335e-01
3.8214275892e-01
3.8269714671e-01
3.8325153450e-01
3.8380592229e-01
3.8436031008e-01
3.8485988862e-01
3.8535946715e-01
3.8585904568e-01
3.8635862421e-01
3.8679059281e-01
3.8722256140e-01
3.8765453000e-01
3.8808649859e-01
3.8852309963e-01
3.8895970067e-01
3.8939630170e-01
3.8983290274e-01
3.9027165379e-01
3.9071040484e-01
3.9114915589e-01
3.9158790694e-01
3.9201164203e-01
3.9243537712e-01
3.9285911221e-01
3.9328284729e-01
3.9375715183e-01
3.9423145636e-01
3.9470576090e-01
3.9518006543e-01
3.9570606737e-01
3.9623206930e-01
3.9675807124e-01
3.9728407317e-01
3.9778095076e-01
3.9827782835e-01
3.9877470594e-01
3.9927158354e-01
3.9985479977e-01
4.0043801600e-01
4.0102123223e-01
4.0160444846e-01
4.0236658945e-01
4.0312873043e-01
4.0389087141e-01
4.0465301239e-01
4.0555730303e-01
4.0646159367e-01
4.0736588432e-01
4.0827017496e-01
4.0926355763e-01
4.1025694030e-01
4.1125032296e-01
4.1224370563e-01
4.1346844614e-01
4.1469318666e-01
4.1591792717e-01
4.1714266768e-01
4.1887003300e-01
4.2059739831e-01
4.2232476363e-01
4.2405212895e-01
4.2703664396e-01
4.3002115897e-01
4.3300567398e-01
4.3599018900e-01
4.4307015983e-01
4.5015013065e-01
4.5723010148e-01
4.6431007231e-01
4.7556869572e-01
4.8682731912e-01
4.9808594253e-01
5.0934456594e-01
5.1685600359e-01
5.2436744124e-01
5.3187887889e-01
5.3939031654e-01
5.4346136399e-01
5.4753241144e-01
5.5160345889e-01
5.5567450634e-01
5.5830510408e-01
5.6093570182e-01
5.6356629956e-01
5.6619689730e-01
5.6807814571e-01
5.6995939412e-01
5.7184064253e-01
5.7372189094e-01
5.7514929553e-01
5.7657670011e-01
5.7800410470e-01
5.7943150928e-01
5.8058031295e-01
5.8172911662e-01
5.8287792029e-01
5.8402672397e-01
5.8500826749e-01
5.8598981101e-01
5.8697135454e-01
5.8795289806e-01
5.8892330824e-01
5.8989371842e-01
5.9086412860e-01
5.9183453878e-01
5.9263444033e-01
5.9343434188e-01
5.9423424342e-01
5.9503414497e-01
5.9565798530e-01
5.9628182562e-01
5.9690566595e-01
5.9752950627e-01
5.9805676463e-01
5.9858402298e-01
5.9911128134e-01
5.9963853969e-01
6.0014021047e-01
6.0064188124e-01
6.0114355201e-01
6.0164522279e-01
6.0213416950e-01
6.0262311622e-01
6.0311206294e-01
6.0360100966e-01
6.0407536694e-01
6.0454972423e-01
6.0502408151e-01
6.0549843880e-01
6.0593336041e-01
6.0636828203e-01
6.0680320364e-01
6.0723812526e-01
6.0770123852e-01
6.0816435179e-01
6.0862746506e-01
6.0909057832e-01
6.0953337134e-01
6.0997616436e-01
6.1041895738e-01
6.1086175039e-01
6.1134011658e-01
6.1181848277e-01
6.1229684896e-01
6.1277521515e-01
6.1330295288e-01
6.1383069060e-01
6.1435842832e-01
6.1488616604e-01
6.1545280506e-01
6.1601944408e-01
6.1658608309e-01
6.1715272211e-01
6.1773626527e-01
6.1831980843e-01
6.1890335159e-01
6.1948689475e-01
6.2012365759e-01
6.2076042043e-01
6.2139718327e-01
6.2203394610e-01
6.2280990985e-01
6.2358587360e-01
6.2436183735e-01
6.2513780110e-01
6.2609614006e-01
6.2705447902e-01
6.2801281798e-01
6.2897115694e-01
6.3009931957e-01
6.3122748220e-01
6.3235564483e-01
6.3348380746e-01
6.3465033742e-01
6.3581686739e-01
6.3698339736e-01
6.3814992732e-01
6.3941401155e-01
6.4067809578e-01
6.4194218001e-01
6.4320626423e-01
6.4466658591e-01
6.4612690758e-01
6.4758722926e-01
6.4904755093e-01
6.5082196995e-01
6.5259638897e-01
6.5437080799e-01
6.5614522701e-01
6.5849522334e-01
6.6084521968e-01
6.6319521601e-01
6.6554521234e-01
6.6870376811e-01
6.7186232388e-01
6.7502087965e-01
6.7817943541e-01
6.8133725636e-01
6.8449507730e-01
6.8765289824e-01
6.9081071918e-01
6.9376594371e-01
6.9672116824e-01
6.9967639277e-01
7.0263161729e-01
7.0527194755e-01
7.0791227780e-01
7.1055260806e-01
7.1319293831e-01
7.1552093833e-01
7.1784893834e-01
7.2017693836e-01
7.2250493838e-01
7.2481641151e-01
7.2712788465e-01
7.2943935779e-01
7.3175083093e-01
7.3391847403e-01
7.3608611713e-01
7.3825376023e-01
7.4042140333e-01
7.4259806583e-01
7.4477472833e-01
7.4695139084e-01
7.4912805334e-01
7.5140327657e-01
7.5367849980e-01
7.5595372303e-01
7.5822894627e-01
7.6047403085e-01
7.6271911544e-01
7.6496420003e-01
7.6720928461e-01
7.6970289581e-01
7.7219650700e-01
7.7469011819e-01
7.7718372939e-01
7.8033424591e-01
7.8348476243e-01
7.8663527896e-01
7.8978579548e-01
7.9287469542e-01
7.9596359537e-01
7.9905249532e-01
8.0214139526e-01
8.0574834753e-01
8.0935529980e-01
8.1296225207e-01
8.1656920434e-01
8.1936466747e-01
8.2216013061e-01
8.2495559375e-01
8.2775105688e-01
8.2993608994e-01
8.3212112301e-01
8.3430615607e-01
8.3649118913e-01
8.3827487625e-01
8.4005856337e-01
8.4184225049e-01
8.4362593761e-01
8.4513578420e-01
8.4664563080e-01
8.4815547739e-01
8.4966532399e-01
8.5098258068e-01
8.5229983737e-01
8.5361709405e-01
8.5493435074e-01
8.5612057696e-01
8.5730680318e-01
8.5849302940e-01
8.5967925562e-01
8.6082135762e-01
8.6196345963e-01
8.6310556163e-01
8.6424766363e-01
8.6533006107e-01
8.6641245850e-01
8.6749485594e-01
8.6857725337e-01
8.6955539226e-01
8.7053353115e-01
8.7151167004e-01
8.7248980893e-01
8.7322271160e-01
8.7395561427e-01
8.7468851694e-01
8.7542141961e-01
8.7605458653e-01
8.7668775345e-01
8.7732092037e-01
8.7795408729e-01
8.7853335950e-01
8.7911263171e-01
8.7969190392e-01
8.8027117613e-01
8.8084863096e-01
8.8142608580e-01
8.8200354063e-01
8.8258099547e-01
8.8311791004e-01
8.8365482460e-01
8.8419173917e-01
8.8472865374e-01
8.8524933680e-01
8.8577001985e-01
8.8629070291e-01
8.8681138596e-01
8.8724215420e-01
8.8767292244e-01
8.8810369069e-01
8.8853445893e-01
8.8898634336e-01
8.8943822780e-01
8.8989011223e-01
8.9034199667e-01
8.9076860709e-01
8.9119521751e-01
8.9162182793e-01
8.9204843835e-01
8.9250058066e-01
8.9295272297e-01
8.9340486528e-01
8.9385700759e-01
8.9434219713e-01
8.9482738667e-01
8.9531257621e-01
8.9579776575e-01
8.9629725672e-01
8.9679674769e-01
8.9729623867e-01
8.9779572964e-01
8.9830638181e-01
8.9881703398e-01
8.9932768615e-01
8.9983833832e-01
9.0046283284e-01
9.0108732735e-01
9.0171182186e-01
9.0233631638e-01
9.0316536886e-01
9.0399442135e-01
9.0482347383e-01
9.0565252632e-01
9.0656583983e-01
9.0747915334e-01
9.0839246686e-01
9.0930578037e-01
9.1033637136e-01
9.1136696236e-01
9.1239755335e-01
9.1342814435e-01
9.1473211256e-01
9.1603608078e-01
9.1734004899e-01
9.1864401720e-01
9.2051947664e-01
9.2239493608e-01
9.2427039552e-01
9.2614585496e-01
9.2943237107e-01
9.3271888718e-01
9.3600540329e-01
9.3929191941e-01
9.4683414849e-01
9.5437637757e-01
9.6191860665e-01
9.6946083573e-01
9.7709562680e-01
9.8473041787e-01
9.9236520893e-01
1.0000000000e+00
