2.8753349565e-01
2.8753532371e-01
2.8754080787e-01
2.8754994804e-01
2.8756274402e-01
2.8757807290e-01
2.8759661908e-01
2.8761838197e-01
2.8764336072e-01
2.8766554877e-01
2.8768977403e-01
2.8771603536e-01
2.8774433124e-01
2.8776917068e-01
2.8779538837e-01
2.8782298255e-01
2.8785195107e-01
2.8787957298e-01
2.8790833388e-01
2.8793823081e-01
2.8796926026e-01
2.8800315752e-01
2.8803830025e-01
2.8807468142e-01
2.8811229265e-01
2.8814807908e-01
2.8818489515e-01
2.8822273019e-01
2.8826157187e-01
2.8829986705e-01
2.8833906595e-01
2.8837915218e-01
2.8842010725e-01
2.8845761292e-01
2.8849578595e-01
2.8853460796e-01
2.8857405878e-01
2.8862316084e-01
2.8867312752e-01
2.8872391042e-01
2.8877545685e-01
2.8881931126e-01
2.8886362830e-01
2.8890836984e-01
2.8895349577e-01
2.8900130940e-01
2.8904945075e-01
2.8909786713e-01
2.8914650409e-01
2.8920173157e-01
2.8925708677e-01
2.8931248504e-01
2.8936784053e-01
2.8943281430e-01
2.8949746692e-01
2.8956165685e-01
2.8962524367e-01
2.8968568732e-01
2.8974532431e-01
2.8980403653e-01
2.8986170910e-01
2.8992055033e-01
2.8997802194e-01
2.9003400774e-01
2.9008839677e-01
2.9014798288e-01
2.9020523700e-01
2.9026002350e-01
2.9031221619e-01
2.9037192293e-01
2.9042744542e-01
2.9047861352e-01
2.9052527689e-01
2.9057339598e-01
2.9061516159e-01
2.9065043625e-01
2.9067911458e-01
2.9070161647e-01
2.9071704262e-01
2.9072538087e-01
2.9072665294e-01
2.9072224995e-01
2.9071287917e-01
2.9069861133e-01
2.9067953526e-01
2.9065952270e-01
2.9063616044e-01
2.9060953635e-01
2.9057974869e-01
2.9055063036e-01
2.9051917083e-01
2.9048546108e-01
2.9044959891e-01
2.9041454113e-01
2.9037781387e-01
2.9033951058e-01
2.9029972961e-01
2.9025812958e-01
2.9021523677e-01
2.9017116682e-01
2.9012603954e-01
2.9008329826e-01
2.9003985355e-01
2.8999580914e-01
2.8995127044e-01
2.8990979571e-01
2.8986807513e-01
2.8982619354e-01
2.8978423554e-01
2.8974756298e-01
2.8971095182e-01
2.8967445679e-01
2.8963813161e-01
2.8960232374e-01
2.8956678445e-01
2.8953156199e-01
2.8949670293e-01
2.8945947072e-01
2.8942276938e-01
2.8938664978e-01
2.8935115973e-01
2.8932031331e-01
2.8929002383e-01
2.8926031819e-01
2.8923122136e-01
2.8920043020e-01
2.8917040650e-01
2.8914117453e-01
2.8911275623e-01
2.8908228307e-01
2.8905285389e-01
2.8902448951e-01
2.8899720809e-01
2.8897084554e-01
2.8894561111e-01
2.8892151677e-01
2.8889857275e-01
2.8887666019e-01
2.8885592817e-01
2.8883638305e-01
2.8881803020e-01
2.8879841720e-01
2.8878039029e-01
2.8876395407e-01
2.8874911220e-01
2.8873218042e-01
2.8871796204e-01
2.8870646081e-01
2.8869767943e-01
2.8869102485e-01
2.8868785740e-01
2.8868817784e-01
2.8869198611e-01
2.8869709983e-01
2.8870415450e-01
2.8871314907e-01
2.8872408208e-01
2.8873481335e-01
2.8874692183e-01
2.8876040567e-01
2.8877526260e-01
2.8879019247e-01
2.8880628724e-01
2.8882354372e-01
2.8884195814e-01
2.8886215231e-01
2.8888356679e-01
2.8890619456e-01
2.8893002733e-01
2.8895348041e-01
2.8897797661e-01
2.8900350491e-01
2.8903005261e-01
2.8905558248e-01
2.8908196403e-01
2.8910918225e-01
2.8913722027e-01
2.8916442639e-01
2.8919232884e-01
2.8922090823e-01
2.8925014327e-01
2.8928349386e-01
2.8931759596e-01
2.8935241126e-01
2.8938789826e-01
2.8942107173e-01
2.8945473797e-01
2.8948885776e-01
2.8952338979e-01
2.8955964029e-01
2.8959623799e-01
2.8963313025e-01
2.8967026266e-01
2.8971292268e-01
2.8975573737e-01
2.8979861911e-01
2.8984147887e-01
2.8988971139e-01
2.8993767125e-01
2.8998522846e-01
2.9003225384e-01
2.9007852936e-01
2.9012402298e-01
2.9016861248e-01
2.9021217883e-01
2.9025606801e-01
2.9029861401e-01
2.9033969820e-01
2.9037920709e-01
2.9042191831e-01
2.9046232159e-01
2.9050027777e-01
2.9053565715e-01
2.9057465524e-01
2.9060955461e-01
2.9064018319e-01
2.9066638815e-01
2.9069101140e-01
2.9070935858e-01
2.9072128548e-01
2.9072667953e-01
2.9072528567e-01
2.9071672075e-01
2.9070096339e-01
2.9067802706e-01
2.9065324745e-01
2.9062348407e-01
2.9058880276e-01
2.9054928756e-01
2.9051180089e-01
2.9047093966e-01
2.9042678892e-01
2.9037944418e-01
2.9033464306e-01
2.9028747153e-01
2.9023801891e-01
2.9018638146e-01
2.9013687853e-01
2.9008568917e-01
2.9003290477e-01
2.8997862166e-01
2.8992297396e-01
2.8986603587e-01
2.8980791735e-01
2.8974873246e-01
2.8969161782e-01
2.8963375078e-01
2.8957523763e-01
2.8951618660e-01
2.8946284212e-01
2.8940923301e-01
2.8935543949e-01
2.8930154175e-01
2.8925335055e-01
2.8920519634e-01
2.8915713483e-01
2.8910922081e-01
2.8906235244e-01
2.8901572771e-01
2.8896939472e-01
2.8892339996e-01
2.8887323983e-01
2.8882359998e-01
2.8877453420e-01
2.8872609311e-01
2.8868459426e-01
2.8864363057e-01
2.8860322901e-01
2.8856341465e-01
2.8852106037e-01
2.8847944630e-01
2.8843859688e-01
2.8839853424e-01
2.8835431410e-01
2.8831114561e-01
2.8826905106e-01
2.8822804990e-01
2.8818878143e-01
2.8815060223e-01
2.8811352423e-01
2.8807755769e-01
2.8804212325e-01
2.8800785553e-01
2.8797476113e-01
2.8794284556e-01
2.8790727011e-01
2.8787329638e-01
2.8784092921e-01
2.8781017246e-01
2.8777275448e-01
2.8773804547e-01
2.8770604928e-01
2.8767676878e-01
2.8764674888e-01
2.8762025196e-01
2.8759727949e-01
2.8757783249e-01
2.8756014845e-01
2.8754693994e-01
2.8753820731e-01
2.8753395076e-01
2.8753399637e-01
2.8753786304e-01
2.8754555070e-01
2.8755705921e-01
2.8757080415e-01
2.8758769286e-01
2.8760772486e-01
2.8763089946e-01
2.8765236458e-01
2.8767596358e-01
2.8770169540e-01
2.8772955864e-01
2.8775428662e-01
2.8778047849e-01
2.8780813257e-01
2.8783724674e-01
2.8786465464e-01
2.8789323734e-01
2.8792299205e-01
2.8795391540e-01
2.8798754655e-01
2.8802244929e-01
2.8805861694e-01
2.8809604151e-01
2.8813200838e-01
2.8816904765e-01
2.8820714876e-01
2.8824629946e-01
2.8828461910e-01
2.8832386720e-01
2.8836402769e-01
2.8840508234e-01
2.8844316280e-01
2.8848194808e-01
2.8852141918e-01
2.8856155519e-01
2.8861180595e-01
2.8866298141e-01
2.8871503001e-01
2.8876789540e-01
2.8881185609e-01
2.8885628973e-01
2.8890115803e-01
2.8894642067e-01
2.8899418736e-01
2.8904228953e-01
2.8909067473e-01
2.8913928874e-01
2.8919374671e-01
2.8924834075e-01
2.8930298982e-01
2.8935761164e-01
2.8942403123e-01
2.8949013562e-01
2.8955577380e-01
2.8962079582e-01
2.8968104417e-01
2.8974050172e-01
2.8979905157e-01
2.8985658000e-01
2.8991526277e-01
2.8997259931e-01
2.9002847458e-01
2.9008277865e-01
2.9014193902e-01
2.9019883175e-01
2.9025332456e-01
2.9030529419e-01
2.9036734574e-01
2.9042495167e-01
2.9047792332e-01
2.9052609452e-01
2.9057445862e-01
2.9061636739e-01
2.9065168107e-01
2.9068029298e-01
2.9070241367e-01
2.9071750254e-01
2.9072554892e-01
2.9072657559e-01
2.9072197084e-01
2.9071238926e-01
2.9069790253e-01
2.9067860056e-01
2.9065847394e-01
2.9063501937e-01
2.9060832449e-01
2.9057848725e-01
2.9054934623e-01
2.9051788073e-01
2.9048418125e-01
2.9044834503e-01
2.9041333200e-01
2.9037666248e-01
2.9033842927e-01
2.9029872998e-01
2.9025665435e-01
2.9021326279e-01
2.9016867479e-01
2.9012301418e-01
2.9008053555e-01
2.9003737026e-01
2.8999361986e-01
2.8994938757e-01
2.8990731866e-01
2.8986500218e-01
2.8982252656e-01
2.8977997998e-01
2.8974347828e-01
2.8970704351e-01
2.8967072957e-01
2.8963458931e-01
2.8959882252e-01
2.8956332885e-01
2.8952815634e-01
2.8949335131e-01
2.8945647314e-01
2.8942012116e-01
2.8938434477e-01
2.8934919038e-01
2.8931837084e-01
2.8928811028e-01
2.8925843551e-01
2.8922937137e-01
2.8919854647e-01
2.8916849457e-01
2.8913924001e-01
2.8911080474e-01
2.8908042101e-01
2.8905108094e-01
2.8902280512e-01
2.8899561152e-01
2.8896930159e-01
2.8894412177e-01
2.8892008395e-01
2.8889719828e-01
2.8887530230e-01
2.8885459348e-01
2.8883507814e-01
2.8881676164e-01
2.8879712380e-01
2.8877909341e-01
2.8876267508e-01
2.8874787249e-01
2.8873111323e-01
2.8871707198e-01
2.8870575241e-01
2.8869715717e-01
2.8869073820e-01
2.8868778286e-01
2.8868829183e-01
2.8869226502e-01
2.8869749566e-01
2.8870465987e-01
2.8871375656e-01
2.8872478427e-01
2.8873560234e-01
2.8874779533e-01
2.8876136137e-01
2.8877629817e-01
2.8879135076e-01
2.8880757382e-01
2.8882496412e-01
2.8884351777e-01
2.8886371954e-01
2.8888513069e-01
2.8890774423e-01
2.8893155184e-01
2.8895504926e-01
2.8897958692e-01
2.8900515377e-01
2.8903173701e-01
2.8905727909e-01
2.8908366895e-01
2.8911089155e-01
2.8913893000e-01
2.8916648270e-01
2.8919474563e-01
2.8922369857e-01
2.8925331939e-01
2.8928807376e-01
2.8932363448e-01
2.8935995797e-01
2.8939699696e-01
2.8943010457e-01
2.8946368870e-01
2.8949771028e-01
2.8953212822e-01
2.8956864387e-01
2.8960549714e-01
2.8964263417e-01
2.8967999930e-01
2.8972304640e-01
2.8976622973e-01
2.8980945917e-01
2.8985264324e-01
2.8990570107e-01
2.8995837554e-01
2.9001049325e-01
2.9006188240e-01
2.9010726790e-01
2.9015180946e-01
2.9019539001e-01
2.9023789577e-01
2.9028143110e-01
2.9032352468e-01
2.9036405753e-01
2.9040291615e-01
2.9044480233e-01
2.9048425119e-01
2.9052112463e-01
2.9055529442e-01
2.9059291588e-01
2.9062620067e-01
2.9065497804e-01
2.9067909768e-01
2.9070150151e-01
2.9071697970e-01
2.9072538810e-01
2.9072661968e-01
2.9072099373e-01
2.9070867132e-01
2.9068965151e-01
2.9066396370e-01
2.9063625715e-01
2.9060361341e-01
2.9056610881e-01
2.9052383797e-01
2.9048503264e-01
2.9044306843e-01
2.9039803060e-01
2.9035001401e-01
2.9030466557e-01
2.9025710272e-01
2.9020741317e-01
2.9015569103e-01
2.9010561727e-01
2.9005394373e-01
2.9000076214e-01
2.8994616889e-01
2.8988602245e-01
2.8982449232e-01
2.8976171489e-01
2.8969783151e-01
2.8964286474e-01
2.8958729792e-01
2.8953122397e-01
2.8947473716e-01
2.8941864926e-01
2.8936234374e-01
2.8930591269e-01
2.8924944780e-01
2.8920258541e-01
2.8915581369e-01
2.8910918310e-01
2.8906274309e-01
2.8901539084e-01
2.8896833987e-01
2.8892163882e-01
2.8887533446e-01
2.8882865264e-01
2.8878247301e-01
2.8873683790e-01
2.8869178713e-01
2.8865047619e-01
2.8860972990e-01
2.8856957412e-01
2.8853003277e-01
2.8848781230e-01
2.8844636820e-01
2.8840572378e-01
2.8836590000e-01
2.8832002964e-01
2.8827535298e-01
2.8823189353e-01
2.8818967156e-01
2.8815180294e-01
2.8811501562e-01
2.8807931966e-01
2.8804472359e-01
2.8800986107e-01
2.8797620703e-01
2.8794376731e-01
2.8791254678e-01
2.8787706624e-01
2.8784331569e-01
2.8781129956e-01
2.8778102138e-01
2.8774394948e-01
2.8770987651e-01
2.8767880594e-01
2.8765074026e-01
2.8762327392e-01
2.8759946632e-01
2.8757931856e-01
2.8756283139e-01
2.8754999719e-01
2.8754082973e-01
2.8753532920e-01
2.8753349568e-01
