2.5403398231e-01
2.5419402330e-01
2.5467434786e-01
2.5547556121e-01
2.5659867293e-01
2.5734924496e-01
2.5819671985e-01
2.5914141672e-01
2.6018369130e-01
2.6090888188e-01
2.6167505048e-01
2.6248231743e-01
2.6333080952e-01
2.6396701034e-01
2.6462468212e-01
2.6530387836e-01
2.6600465431e-01
2.6655278135e-01
2.6711347993e-01
2.6768677652e-01
2.6827269813e-01
2.6874715912e-01
2.6922961856e-01
2.6972009081e-01
2.7021859046e-01
2.7064014167e-01
2.7106728626e-01
2.7150003304e-01
2.7193839094e-01
2.7232317621e-01
2.7271219598e-01
2.7310545629e-01
2.7350296317e-01
2.7387224718e-01
2.7424513198e-01
2.7462162233e-01
2.7500172299e-01
2.7539156434e-01
2.7578514139e-01
2.7618245891e-01
2.7658352145e-01
2.7690158971e-01
2.7722197906e-01
2.7754469114e-01
2.7786972726e-01
2.7813040129e-01
2.7839255186e-01
2.7865617891e-01
2.7892128200e-01
2.7915531687e-01
2.7939048864e-01
2.7962679605e-01
2.7986423738e-01
2.8009422892e-01
2.8032526987e-01
2.8055735708e-01
2.8079048666e-01
2.8104654480e-01
2.8130383567e-01
2.8156235017e-01
2.8182207732e-01
2.8204405271e-01
2.8226688748e-01
2.8249057080e-01
2.8271509029e-01
2.8292322405e-01
2.8313204691e-01
2.8334154498e-01
2.8355170286e-01
2.8376517328e-01
2.8397928347e-01
2.8419401219e-01
2.8440933632e-01
2.8464181545e-01
2.8487492208e-01
2.8510861987e-01
2.8534286991e-01
2.8556035915e-01
2.8577825213e-01
2.8599651235e-01
2.8621510176e-01
2.8645747199e-01
2.8670014167e-01
2.8694305341e-01
2.8718614832e-01
2.8744659759e-01
2.8770711275e-01
2.8796761778e-01
2.8822803612e-01
2.8855162879e-01
2.8887482176e-01
2.8919746953e-01
2.8951942895e-01
2.8981371477e-01
2.9010720011e-01
2.9039978316e-01
2.9069136554e-01
2.9100010030e-01
2.9130748856e-01
2.9161342659e-01
2.9191781597e-01
2.9224902423e-01
2.9257815225e-01
2.9290509329e-01
2.9322974824e-01
2.9362384163e-01
2.9401422075e-01
2.9440074798e-01
2.9478330054e-01
2.9523440795e-01
2.9567954240e-01
2.9611856826e-01
2.9655137253e-01
2.9707809402e-01
2.9759501680e-01
2.9810204359e-01
2.9859911091e-01
2.9906275029e-01
2.9951733610e-01
2.9996287858e-01
3.0039940364e-01
3.0085132165e-01
3.0129325772e-01
3.0172528446e-01
3.0214748469e-01
3.0260615117e-01
3.0305288360e-01
3.0348782640e-01
3.0391113062e-01
3.0438413240e-01
3.0484216726e-01
3.0528548289e-01
3.0571432922e-01
3.0620699340e-01
3.0667987474e-01
3.0713339208e-01
3.0756795833e-01
3.0808507722e-01
3.0857399630e-01
3.0903546290e-01
3.0947019768e-01
3.1001907734e-01
3.1052156506e-01
3.1097920150e-01
3.1139341864e-01
3.1196726627e-01
3.1243881489e-01
3.1281206471e-01
3.1309024753e-01
3.1325220800e-01
3.1334990964e-01
3.1338397007e-01
3.1335460544e-01
3.1326591729e-01
3.1311742576e-01
3.1290826106e-01
3.1263720957e-01
3.1238385331e-01
3.1209161052e-01
3.1175950288e-01
3.1138643473e-01
3.1106520539e-01
3.1071753380e-01
3.1034274914e-01
3.0994013930e-01
3.0958693771e-01
3.0921389086e-01
3.0882053981e-01
3.0840640856e-01
3.0803831532e-01
3.0765459422e-01
3.0725492828e-01
3.0683899379e-01
3.0646406794e-01
3.0607638762e-01
3.0567573128e-01
3.0526187593e-01
3.0488309023e-01
3.0449356190e-01
3.0409313575e-01
3.0368165854e-01
3.0329786485e-01
3.0290470318e-01
3.0250206705e-01
3.0208985456e-01
3.0169097844e-01
3.0128336943e-01
3.0086695860e-01
3.0044168509e-01
3.0000123035e-01
2.9955156301e-01
2.9909265511e-01
2.9862449483e-01
2.9820927780e-01
2.9778706683e-01
2.9735789375e-01
2.9692180616e-01
2.9652540231e-01
2.9612356375e-01
2.9571636468e-01
2.9530389461e-01
2.9497065741e-01
2.9463418571e-01
2.9429454968e-01
2.9395182777e-01
2.9364793755e-01
2.9334179302e-01
2.9303346504e-01
2.9272303041e-01
2.9243441338e-01
2.9214413877e-01
2.9185228125e-01
2.9155892013e-01
2.9127028092e-01
2.9098036362e-01
2.9068925557e-01
2.9039704819e-01
2.9007950234e-01
2.8976090526e-01
2.8944138759e-01
2.8912108415e-01
2.8886575022e-01
2.8861007754e-01
2.8835413811e-01
2.8809800458e-01
2.8785797215e-01
2.8761789351e-01
2.8737782846e-01
2.8713783629e-01
2.8691920921e-01
2.8670073504e-01
2.8648245660e-01
2.8626441571e-01
2.8602876699e-01
2.8579349393e-01
2.8555864441e-01
2.8532426414e-01
2.8510578667e-01
2.8488779014e-01
2.8467030615e-01
2.8445336440e-01
2.8424063287e-01
2.8402847673e-01
2.8381691862e-01
2.8360597942e-01
2.8337512165e-01
2.8314505586e-01
2.8291580266e-01
2.8268738046e-01
2.8238727889e-01
2.8208868484e-01
2.8179162565e-01
2.8149612405e-01
2.8125899372e-01
2.8102289650e-01
2.8078783926e-01
2.8055382773e-01
2.8030104687e-01
2.8004950823e-01
2.7979921578e-01
2.7955017262e-01
2.7924913465e-01
2.7894994916e-01
2.7865261824e-01
2.7835714309e-01
2.7799253162e-01
2.7763078694e-01
2.7727190808e-01
2.7691589333e-01
2.7651355535e-01
2.7611493235e-01
2.7572002009e-01
2.7532881404e-01
2.7491556421e-01
2.7450652087e-01
2.7410167806e-01
2.7370102980e-01
2.7323364553e-01
2.7277208377e-01
2.7231633476e-01
2.7186638887e-01
2.7130178447e-01
2.7074655608e-01
2.7020068456e-01
2.6966415105e-01
2.6892174065e-01
2.6819789477e-01
2.6749256344e-01
2.6680569799e-01
2.6568662567e-01
2.6461994891e-01
2.6360545736e-01
2.6264295095e-01
2.6071142318e-01
2.5902768094e-01
2.5759012389e-01
2.5639738573e-01
2.5489472101e-01
2.5413565423e-01
2.5411797048e-01
2.5484161845e-01
2.5545671505e-01
2.5624540128e-01
2.5720821310e-01
2.5834580478e-01
2.5910629313e-01
2.5992917115e-01
2.6081463698e-01
2.6176290384e-01
2.6244784311e-01
2.6316235117e-01
2.6390650851e-01
2.6468039899e-01
2.6527086076e-01
2.6587761163e-01
2.6650068888e-01
2.6714013076e-01
2.6765065995e-01
2.6817120304e-01
2.6870177950e-01
2.6924240919e-01
2.6968981818e-01
2.7014390992e-01
2.7060469566e-01
2.7107218680e-01
2.7147439664e-01
2.7188145618e-01
2.7229337265e-01
2.7271015339e-01
2.7308397528e-01
2.7346163649e-01
2.7384314226e-01
2.7422849786e-01
2.7460739259e-01
2.7498994658e-01
2.7537616467e-01
2.7576605161e-01
2.7610605019e-01
2.7644879677e-01
2.7679429408e-01
2.7714254464e-01
2.7743395753e-01
2.7772727327e-01
2.7802249264e-01
2.7831961612e-01
2.7856686213e-01
2.7881541112e-01
2.7906526252e-01
2.7931641541e-01
2.7954565130e-01
2.7977595826e-01
2.8000733442e-01
2.8023977741e-01
2.8047967746e-01
2.8072069627e-01
2.8096282891e-01
2.8120606940e-01
2.8143970081e-01
2.8167433116e-01
2.8190995161e-01
2.8214655176e-01
2.8236672155e-01
2.8258771169e-01
2.8280950958e-01
2.8303210101e-01
2.8323744310e-01
2.8344342863e-01
2.8365004228e-01
2.8385726722e-01
2.8408283613e-01
2.8430907762e-01
2.8453596365e-01
2.8476346381e-01
2.8498403684e-01
2.8520512189e-01
2.8542668517e-01
2.8564869095e-01
2.8586807037e-01
2.8608780585e-01
2.8630785798e-01
2.8652818590e-01
2.8679672237e-01
2.8706552653e-01
2.8733451787e-01
2.8760361417e-01
2.8787851209e-01
2.8815334266e-01
2.8842801578e-01
2.8870244147e-01
2.8900389480e-01
2.8930482297e-01
2.8960511044e-01
2.8990464423e-01
2.9019626580e-01
2.9048696491e-01
2.9077664585e-01
2.9106521658e-01
2.9137562139e-01
2.9168452160e-01
2.9199181683e-01
2.9229741232e-01
2.9264057318e-01
2.9298133022e-01
2.9331957259e-01
2.9365519819e-01
2.9408509884e-01
2.9451028800e-01
2.9493060556e-01
2.9534591178e-01
2.9581245969e-01
2.9627220666e-01
2.9672502917e-01
2.9717082814e-01
2.9766635910e-01
2.9815273084e-01
2.9862989031e-01
2.9909780924e-01
2.9955207681e-01
2.9999728759e-01
3.0043346865e-01
3.0086066042e-01
3.0131263313e-01
3.0175422982e-01
3.0218553980e-01
3.0260666152e-01
3.0306800599e-01
3.0351677070e-01
3.0395312252e-01
3.0437723389e-01
3.0485513097e-01
3.0531700530e-01
3.0576314095e-01
3.0619382257e-01
3.0669312607e-01
3.0717085346e-01
3.0762749032e-01
3.0806351276e-01
3.0858990697e-01
3.0908452467e-01
3.0954826198e-01
3.0998197674e-01
3.1054411313e-01
3.1105032464e-01
3.1150259311e-01
3.1190272624e-01
3.1232250816e-01
3.1266975131e-01
3.1294663885e-01
3.1315493886e-01
3.1329145471e-01
3.1336703271e-01
3.1338212840e-01
3.1333683304e-01
3.1323564541e-01
3.1307742966e-01
3.1286130629e-01
3.1258608568e-01
3.1232858563e-01
3.1203315243e-01
3.1169882848e-01
3.1132454587e-01
3.1100058908e-01
3.1065045237e-01
3.1027347188e-01
3.0986894382e-01
3.0951431162e-01
3.0914002814e-01
3.0874564088e-01
3.0833068089e-01
3.0796184802e-01
3.0757753024e-01
3.0717741546e-01
3.0676118515e-01
3.0638592296e-01
3.0599801596e-01
3.0559724624e-01
3.0518339469e-01
3.0480452237e-01
3.0441499530e-01
3.0401466118e-01
3.0360336981e-01
3.0321988739e-01
3.0282712240e-01
3.0242497098e-01
3.0201333397e-01
3.0161680786e-01
3.0121170908e-01
3.0079797204e-01
3.0037553913e-01
2.9986900441e-01
2.9935038614e-01
2.9881965105e-01
2.9827679557e-01
2.9786938490e-01
2.9745544643e-01
2.9703502015e-01
2.9660816117e-01
2.9621851732e-01
2.9582378538e-01
2.9542404404e-01
2.9501938657e-01
2.9469449778e-01
2.9436663731e-01
2.9403587462e-01
2.9370228674e-01
2.9340242241e-01
2.9310044364e-01
2.9279642171e-01
2.9249043348e-01
2.9220524117e-01
2.9191850186e-01
2.9163029008e-01
2.9134068469e-01
2.9105410564e-01
2.9076633850e-01
2.9047747084e-01
2.9018759403e-01
2.8989217311e-01
2.8959591193e-01
2.8929891692e-01
2.8900129743e-01
2.8874764128e-01
2.8849368395e-01
2.8823949623e-01
2.8798514939e-01
2.8775017754e-01
2.8751518718e-01
2.8728023422e-01
2.8704537403e-01
2.8682503647e-01
2.8660487318e-01
2.8638492760e-01
2.8616524206e-01
2.8591744564e-01
2.8567009051e-01
2.8542323123e-01
2.8517691962e-01
2.8496276558e-01
2.8474909516e-01
2.8453593708e-01
2.8432331827e-01
2.8410653624e-01
2.8389036884e-01
2.8367483893e-01
2.8345996746e-01
2.8322371554e-01
2.8298831122e-01
2.8275377513e-01
2.8252012557e-01
2.8224490973e-01
2.8197097989e-01
2.8169835568e-01
2.8142705361e-01
2.8119095492e-01
2.8095588504e-01
2.8072185043e-01
2.8048885649e-01
2.8023457690e-01
2.7998155867e-01
2.7972980560e-01
2.7947932067e-01
2.7916368082e-01
2.7885008480e-01
2.7853853468e-01
2.7822903158e-01
2.7784186413e-01
2.7745794834e-01
2.7707728260e-01
2.7669986454e-01
2.7630371491e-01
2.7591120027e-01
2.7552231636e-01
2.7513705868e-01
2.7472056003e-01
2.7430837249e-01
2.7390048984e-01
2.7349690588e-01
2.7302274196e-01
2.7255463313e-01
2.7209256909e-01
2.7163653965e-01
2.7106048389e-01
2.7049431683e-01
2.6993801783e-01
2.6939156662e-01
2.6862937372e-01
2.6788710631e-01
2.6716470933e-01
2.6646212921e-01
2.6531653793e-01
2.6422747097e-01
2.6319469631e-01
2.6221799393e-01
2.6029230038e-01
2.5862720750e-01
2.5722104817e-01
2.5607241451e-01
2.5517993075e-01
2.5454308022e-01
2.5416122491e-01
2.5403398228e-01
