4.0658195840e-03
4.1456139025e-03
4.3880583491e-03
4.8025175857e-03
5.4049876267e-03
6.1609858783e-03
7.1277915402e-03
8.3376649738e-03
9.8306680142e-03
1.1573533647e-02
1.3673421512e-02
1.6191915222e-02
1.9201564364e-02
2.2143183023e-02
2.5539946337e-02
2.9454957838e-02
3.3958723102e-02
3.7871214129e-02
4.2216602493e-02
4.7036237975e-02
5.2374001560e-02
5.7649868509e-02
6.3416202801e-02
6.9708896797e-02
7.6564474601e-02
8.4198434968e-02
9.2498838031e-02
1.0150337072e-01
1.1124763752e-01
1.2126335814e-01
1.3200683744e-01
1.4349836071e-01
1.5575280691e-01
1.6797382096e-01
1.8087763106e-01
1.9445907533e-01
2.0870615492e-01
2.2229792564e-01
2.3640997660e-01
2.5101697157e-01
2.6608849797e-01
2.8694755436e-01
3.0847935634e-01
3.3057465598e-01
3.5311485299e-01
3.7041996985e-01
3.8785313005e-01
4.0535848958e-01
4.2288083406e-01
4.4172352782e-01
4.6045855262e-01
4.7902466422e-01
4.9736477025e-01
5.1746411556e-01
5.3715287640e-01
5.5637386498e-01
5.7507791484e-01
5.9795619505e-01
6.1987381075e-01
6.4078239488e-01
6.6064987596e-01
6.7772981722e-01
6.9393706987e-01
7.0927449155e-01
7.2375096091e-01
7.3817622164e-01
7.5167057496e-01
7.6425922876e-01
7.7597023560e-01
7.8829116412e-01
7.9955636771e-01
8.0981270945e-01
8.1910671260e-01
8.2914556109e-01
8.3791433570e-01
8.4548439156e-01
8.5192064368e-01
8.5876254991e-01
8.6384908795e-01
8.6726679623e-01
8.6907692668e-01
8.6937473813e-01
8.6850966616e-01
8.6647474362e-01
8.6324876844e-01
8.5941092905e-01
8.5459710449e-01
8.4876672178e-01
8.4187153825e-01
8.3541756386e-01
8.2818419023e-01
8.2013525946e-01
8.1123231580e-01
8.0255957927e-01
7.9314943063e-01
7.8297220034e-01
7.7199829758e-01
7.6092177704e-01
7.4909143364e-01
7.3648574836e-01
7.2308542526e-01
7.0437474542e-01
6.8425641743e-01
6.6271850067e-01
6.3976729836e-01
6.2355627855e-01
6.0673394757e-01
5.8932152750e-01
5.7134675429e-01
5.5411029785e-01
5.3644891855e-01
5.1840229122e-01
5.0001590935e-01
4.8293491375e-01
4.6565567401e-01
4.4822528298e-01
4.3069416631e-01
4.1076470655e-01
3.9085578787e-01
3.7105127308e-01
3.5143619047e-01
3.3456182239e-01
3.1795067571e-01
3.0165562804e-01
2.8572679068e-01
2.6948515937e-01
2.5374522997e-01
2.3855006081e-01
2.2393662086e-01
2.0874166823e-01
1.9430117586e-01
1.8063675036e-01
1.6776144988e-01
1.5456628413e-01
1.4232113061e-01
1.3101398583e-01
1.2062549403e-01
1.1165527205e-01
1.0345359351e-01
9.5993616501e-02
8.9247158522e-02
8.2555187695e-02
7.6669273905e-02
7.1552208790e-02
6.7169216522e-02
6.2946217948e-02
5.9633564947e-02
5.7195677986e-02
5.5605508997e-02
5.4852042994e-02
5.4887511053e-02
5.5712311068e-02
5.7335529894e-02
5.9380083678e-02
6.2042534387e-02
6.5343304067e-02
6.9306863518e-02
7.3552670478e-02
7.8404904621e-02
8.3889682616e-02
9.0034555080e-02
9.6967710715e-02
1.0463857339e-01
1.1307638519e-01
1.2230882216e-01
1.3192340005e-01
1.4230946124e-01
1.5348167731e-01
1.6544955669e-01
1.7711698897e-01
1.8945279305e-01
2.0244880610e-01
2.1609089559e-01
2.2962909202e-01
2.4370893175e-01
2.5830222366e-01
2.7337565407e-01
2.9088274512e-01
3.0888913177e-01
3.2732732853e-01
3.4612485908e-01
3.6340221283e-01
3.8085363294e-01
3.9842023071e-01
4.1604336272e-01
4.3446292014e-01
4.5281762060e-01
4.7104681944e-01
4.8909350415e-01
5.0942074531e-01
5.2936939683e-01
5.4887619955e-01
5.6788626948e-01
5.8995225593e-01
6.1117342181e-01
6.3150056781e-01
6.5089883693e-01
6.6810280184e-01
6.8447388479e-01
7.0001051590e-01
7.1471739802e-01
7.2938544750e-01
7.4315297411e-01
7.5604118059e-01
7.6807448800e-01
7.8077487069e-01
7.9244256258e-01
8.0312062677e-01
8.1285233063e-01
8.2352227821e-01
8.3291716029e-01
8.4110689143e-01
8.4815552839e-01
8.5523756363e-01
8.6082063512e-01
8.6497460109e-01
8.6775166133e-01
8.6916966603e-01
8.6931477219e-01
8.6818471456e-01
8.6576008901e-01
8.6276837500e-01
8.5884646947e-01
8.5395772357e-01
8.4805801180e-01
8.4227033893e-01
8.3569557172e-01
8.2829614381e-01
8.2003163151e-01
8.1188381116e-01
8.0297976434e-01
7.9328673604e-01
7.8277156386e-01
7.7235551925e-01
7.6119215282e-01
7.4925742626e-01
7.3652893529e-01
7.2277374891e-01
7.0816172587e-01
6.9267914908e-01
6.7631744369e-01
6.6051152429e-01
6.4396529605e-01
6.2668845906e-01
6.0869759005e-01
5.9110038041e-01
5.7291687458e-01
5.5418144519e-01
5.3493604227e-01
5.1813499081e-01
5.0103389181e-01
4.8367261490e-01
4.6609511752e-01
4.4831315126e-01
4.3041383772e-01
4.1245193815e-01
3.9448470930e-01
3.7567583824e-01
3.5699596720e-01
3.3851479969e-01
3.2030097328e-01
3.0397138837e-01
2.8796775607e-01
2.7233494236e-01
2.5711410745e-01
2.4102616978e-01
2.2551373050e-01
2.1061127481e-01
1.9634602799e-01
1.8078577538e-01
1.6610922846e-01
1.5232333179e-01
1.3942442928e-01
1.2802266746e-01
1.1738576585e-01
1.0749062870e-01
9.8309832590e-02
8.9430029207e-02
8.1261259027e-02
7.3763618123e-02
6.6896251326e-02
5.9439278673e-02
5.2758739130e-02
4.6787138401e-02
4.1459972755e-02
3.5503363113e-02
3.0379875068e-02
2.5983778638e-02
2.2220446368e-02
1.8563493914e-02
1.5522977553e-02
1.3003765173e-02
1.0925285799e-02
9.1366542467e-03
7.6974637497e-03
6.5541571766e-03
5.6637939041e-03
4.8862833075e-03
4.3791984310e-03
4.1148521534e-03
4.0788105823e-03
4.2216303473e-03
4.5271315104e-03
5.0069007526e-03
5.6791052354e-03
6.5176222388e-03
7.5802539796e-03
8.9025737251e-03
1.0528472516e-02
1.2340625469e-02
1.4505213058e-02
1.7080806829e-02
2.0135822256e-02
2.3085971378e-02
2.6470591929e-02
3.0347011412e-02
3.4778879984e-02
3.8759861716e-02
4.3177586676e-02
4.8073279291e-02
5.3490603628e-02
5.8859783333e-02
6.4725174168e-02
7.1122626291e-02
7.8088526253e-02
8.5979896292e-02
9.4566830823e-02
1.0388834295e-01
1.1398099061e-01
1.2410241079e-01
1.3494434855e-01
1.4652523731e-01
1.5885804868e-01
1.7272843566e-01
1.8744639500e-01
2.0300070980e-01
2.1936929254e-01
2.3335021776e-01
2.4783034601e-01
2.6278046880e-01
2.7816651484e-01
2.9809255594e-01
3.1856162320e-01
3.3947942127e-01
3.6074548593e-01
3.7818692210e-01
3.9573230208e-01
4.1332527316e-01
4.3091046440e-01
4.5028809143e-01
4.6952118865e-01
4.8854480098e-01
5.0729894379e-01
5.2740159325e-01
5.4705507822e-01
5.6620467585e-01
5.8480396200e-01
6.0630686430e-01
6.2691405196e-01
6.4658856087e-01
6.6530649610e-01
6.8207193830e-01
6.9797339706e-01
7.1301533657e-01
7.2720784863e-01
7.4153876455e-01
7.5492763337e-01
7.6740117078e-01
7.7898879425e-01
7.9119975744e-01
8.0234034644e-01
8.1245920476e-01
8.2160436663e-01
8.3144699491e-01
8.4000697035e-01
8.4735668068e-01
8.5356152170e-01
8.6043687967e-01
8.6530848847e-01
8.6827397918e-01
8.6939673695e-01
8.6901048184e-01
8.6751429181e-01
8.6489409493e-01
8.6112297236e-01
8.5690446607e-01
8.5176306809e-01
8.4565900143e-01
8.3854608794e-01
8.3182133510e-01
8.2432908849e-01
8.1603407280e-01
8.0689908325e-01
7.9797617377e-01
7.8832053214e-01
7.7790359972e-01
7.6669713889e-01
7.5530747443e-01
7.4315995582e-01
7.3023430780e-01
7.1651277166e-01
6.9914556061e-01
6.8061642178e-01
6.6091910758e-01
6.4006017444e-01
6.2386152022e-01
6.0705129070e-01
5.8965058850e-01
5.7168701930e-01
5.5451720491e-01
5.3692442415e-01
5.1894781516e-01
5.0063225787e-01
4.8367009692e-01
4.6651032609e-01
4.4919897394e-01
4.3178533589e-01
4.1149252774e-01
3.9121789614e-01
3.7104992577e-01
3.5107838223e-01
3.3424880060e-01
3.1768219589e-01
3.0143102864e-01
2.8554500687e-01
2.6922230476e-01
2.5340749564e-01
2.3814422341e-01
2.2346990203e-01
2.0836426861e-01
1.9400693398e-01
1.8041901043e-01
1.6761322559e-01
1.5453262458e-01
1.4238651435e-01
1.3116319181e-01
1.2084383133e-01
1.1188003757e-01
1.0368106468e-01
9.6220349453e-02
8.9469977120e-02
8.2774424775e-02
7.6880571713e-02
7.1751528306e-02
6.7352772600e-02
6.3065071904e-02
5.9702679033e-02
5.7228977633e-02
5.5616126080e-02
5.4855542226e-02
5.4883207243e-02
5.5699432321e-02
5.7313202394e-02
5.9347793959e-02
6.1998904124e-02
6.5286839515e-02
6.9235945383e-02
7.3457763867e-02
7.8281926187e-02
8.3734282269e-02
8.9842111494e-02
9.6805283103e-02
1.0451590450e-01
1.1300385732e-01
1.2229742790e-01
1.3188765775e-01
1.4224570289e-01
1.5338615478e-01
1.6531849581e-01
1.7704460195e-01
1.8944652995e-01
2.0251599889e-01
2.1623862543e-01
2.2969930538e-01
2.4369496454e-01
2.5819791020e-01
2.7317544942e-01
2.9097973166e-01
3.0930012095e-01
3.2806553928e-01
3.4719960033e-01
3.6445466506e-01
3.8187955319e-01
3.9941572042e-01
4.1700491488e-01
4.3547376309e-01
4.5387395767e-01
4.7214453789e-01
4.9022825035e-01
5.1042499194e-01
5.3024399745e-01
5.4962343775e-01
5.6850967832e-01
5.9118146208e-01
6.1295528472e-01
6.3377868370e-01
6.5361514009e-01
6.7068652045e-01
6.8692473849e-01
7.0232926164e-01
7.1690566208e-01
7.3149887974e-01
7.4518720027e-01
7.5799263994e-01
7.6994033707e-01
7.8255341845e-01
7.9412952576e-01
8.0471248052e-01
8.1434616306e-01
8.2486003245e-01
8.3410404378e-01
8.4214774604e-01
8.4905465158e-01
8.5601903280e-01
8.6146489813e-01
8.6546183405e-01
8.6806098799e-01
8.6927193895e-01
8.6923346513e-01
8.6794094844e-01
8.6537323762e-01
8.6225908036e-01
8.5821704456e-01
8.5320983034e-01
8.4719280747e-01
8.4131877759e-01
8.3466112230e-01
8.2718246920e-01
8.1884270543e-01
8.1063025645e-01
8.0166528081e-01
7.9191547867e-01
7.8134822052e-01
7.7084738022e-01
7.5959841220e-01
7.4757759121e-01
7.3476289970e-01
7.2080621918e-01
7.0597975980e-01
6.9027022256e-01
6.7366973710e-01
6.5784293638e-01
6.4128655408e-01
6.2401113330e-01
6.0603404110e-01
5.8804856631e-01
5.6946284525e-01
5.5031437219e-01
5.3064879671e-01
5.1383089205e-01
4.9672481128e-01
4.7937101149e-01
4.6181393018e-01
4.4391134776e-01
4.2590363254e-01
4.0784704439e-01
3.8980021998e-01
3.7125418483e-01
3.5284997247e-01
3.3465454076e-01
3.1673358016e-01
3.0044338118e-01
2.8449037611e-01
2.6891889100e-01
2.5376939459e-01
2.3776568544e-01
2.2234748573e-01
2.0754797229e-01
1.9339298338e-01
1.7746517121e-01
1.6248753368e-01
1.4846486718e-01
1.3539012547e-01
1.2428268017e-01
1.1392886575e-01
1.0430417676e-01
9.5380168373e-02
8.6647470433e-02
7.8627180708e-02
7.1277729998e-02
6.4556845321e-02
5.7155457518e-02
5.0549758307e-02
4.4667602533e-02
3.9440447462e-02
3.3596503324e-02
2.8598755572e-02
2.4335525940e-02
2.0707610805e-02
1.7320184727e-02
1.4504736760e-02
1.2173280890e-02
1.0251474814e-02
8.5902162180e-03
7.2592867052e-03
6.2088024603e-03
5.3990585480e-03
4.7993238418e-03
4.3866825948e-03
4.1452761239e-03
4.0658192210e-03
