0.0000000000e+00
8.8808410850e-03
1.7761682170e-02
2.6642523255e-02
3.5523364340e-02
4.0142154055e-02
4.4760943770e-02
4.9379733486e-02
5.3998523201e-02
5.6924389255e-02
5.9850255310e-02
6.2776121364e-02
6.5701987418e-02
6.7745908573e-02
6.9789829727e-02
7.1833750882e-02
7.3877672036e-02
7.5416074899e-02
7.6954477762e-02
7.8492880624e-02
8.0031283487e-02
8.1266075187e-02
8.2500866887e-02
8.3735658587e-02
8.4970450287e-02
8.6039993887e-02
8.7109537488e-02
8.8179081089e-02
8.9248624690e-02
9.0449233798e-02
9.1649842906e-02
9.2850452014e-02
9.4051061123e-02
9.4835424699e-02
9.5619788276e-02
9.6404151853e-02
9.7188515430e-02
9.7796742463e-02
9.8404969497e-02
9.9013196531e-02
9.9621423565e-02
1.0020406363e-01
1.0078670369e-01
1.0136934375e-01
1.0195198381e-01
1.0260595151e-01
1.0325991922e-01
1.0391388692e-01
1.0456785462e-01
1.0506183554e-01
1.0555581646e-01
1.0604979738e-01
1.0654377830e-01
1.0704865348e-01
1.0755352867e-01
1.0805840385e-01
1.0856327904e-01
1.0910381510e-01
1.0964435117e-01
1.1018488723e-01
1.1072542330e-01
1.1124321126e-01
1.1176099923e-01
1.1227878720e-01
1.1279657516e-01
1.1339241741e-01
1.1398825966e-01
1.1458410191e-01
1.1517994417e-01
1.1581356986e-01
1.1644719555e-01
1.1708082124e-01
1.1771444693e-01
1.1838375891e-01
1.1905307088e-01
1.1972238286e-01
1.2039169484e-01
1.2114234362e-01
1.2189299239e-01
1.2264364116e-01
1.2339428994e-01
1.2433099793e-01
1.2526770592e-01
1.2620441390e-01
1.2714112189e-01
1.2838621390e-01
1.2963130591e-01
1.3087639792e-01
1.3212148993e-01
1.3350047209e-01
1.3487945425e-01
1.3625843641e-01
1.3763741857e-01
1.3902774481e-01
1.4041807105e-01
1.4180839728e-01
1.4319872352e-01
1.4480843539e-01
1.4641814726e-01
1.4802785914e-01
1.4963757101e-01
1.5161505729e-01
1.5359254358e-01
1.5557002986e-01
1.5754751614e-01
1.6011229600e-01
1.6267707586e-01
1.6524185572e-01
1.6780663557e-01
1.7075879353e-01
1.7371095149e-01
1.7666310945e-01
1.7961526741e-01
1.8241732112e-01
1.8521937483e-01
1.8802142854e-01
1.9082348225e-01
1.9323609690e-01
1.9564871155e-01
1.9806132620e-01
2.0047394084e-01
2.0243874626e-01
2.0440355168e-01
2.0636835711e-01
2.0833316253e-01
2.1006480218e-01
2.1179644184e-01
2.1352808149e-01
2.1525972115e-01
2.1688162124e-01
2.1850352134e-01
2.2012542143e-01
2.2174732152e-01
2.2323008105e-01
2.2471284057e-01
2.2619560009e-01
2.2767835962e-01
2.2902643180e-01
2.3037450398e-01
2.3172257617e-01
2.3307064835e-01
2.3436965335e-01
2.3566865835e-01
2.3696766335e-01
2.3826666835e-01
2.3958992302e-01
2.4091317768e-01
2.4223643234e-01
2.4355968700e-01
2.4480091248e-01
2.4604213796e-01
2.4728336345e-01
2.4852458893e-01
2.4976367042e-01
2.5100275190e-01
2.5224183338e-01
2.5348091487e-01
2.5499795206e-01
2.5651498926e-01
2.5803202645e-01
2.5954906364e-01
2.6090488405e-01
2.6226070446e-01
2.6361652486e-01
2.6497234527e-01
2.6655944232e-01
2.6814653938e-01
2.6973363643e-01
2.7132073348e-01
2.7303587017e-01
2.7475100687e-01
2.7646614356e-01
2.7818128025e-01
2.7992070791e-01
2.8166013557e-01
2.8339956323e-01
2.8513899089e-01
2.8725974898e-01
2.8938050706e-01
2.9150126515e-01
2.9362202324e-01
2.9632791108e-01
2.9903379893e-01
3.0173968678e-01
3.0444557463e-01
3.0751275042e-01
3.1057992621e-01
3.1364710201e-01
3.1671427780e-01
3.1975217239e-01
3.2279006698e-01
3.2582796157e-01
3.2886585616e-01
3.3109630417e-01
3.3332675217e-01
3.3555720018e-01
3.3778764819e-01
3.3961879022e-01
3.4144993226e-01
3.4328107429e-01
3.4511221632e-01
3.4667293117e-01
3.4823364601e-01
3.4979436085e-01
3.5135507570e-01
3.5273562086e-01
3.5411616603e-01
3.5549671120e-01
3.5687725637e-01
3.5818992974e-01
3.5950260312e-01
3.6081527649e-01
3.6212794987e-01
3.6344027495e-01
3.6475260004e-01
3.6606492512e-01
3.6737725021e-01
3.6843210541e-01
3.6948696062e-01
3.7054181582e-01
3.7159667103e-01
3.7240538836e-01
3.7321410569e-01
3.7402282302e-01
3.7483154035e-01
3.7553059225e-01
3.7622964416e-01
3.7692869606e-01
3.7762774797e-01
3.7829549184e-01
3.7896323571e-01
3.7963097958e-01
3.8029872345e-01
3.8099215677e-01
3.8168559008e-01
3.8237902339e-01
3.8307245670e-01
3.8362458146e-01
3.8417670621e-01
3.8472883096e-01
3.8528095571e-01
3.8578420556e-01
3.8628745541e-01
3.8679070525e-01
3.8729395510e-01
3.8778442962e-01
3.8827490414e-01
3.8876537865e-01
3.8925585317e-01
3.8975452365e-01
3.9025319413e-01
3.9075186460e-01
3.9125053508e-01
3.9174498840e-01
3.9223944172e-01
3.9273389504e-01
3.9322834835e-01
3.9378036948e-01
3.9433239060e-01
3.9488441172e-01
3.9543643284e-01
3.9601245405e-01
3.9658847525e-01
3.9716449646e-01
3.9774051767e-01
3.9835344005e-01
3.9896636244e-01
3.9957928482e-01
4.0019220721e-01
4.0099357468e-01
4.0179494216e-01
4.0259630963e-01
4.0339767711e-01
4.0441213744e-01
4.0542659776e-01
4.0644105809e-01
4.0745551842e-01
4.0857583184e-01
4.0969614527e-01
4.1081645869e-01
4.1193677212e-01
4.1335217918e-01
4.1476758625e-01
4.1618299332e-01
4.1759840038e-01
4.1975568262e-01
4.2191296485e-01
4.2407024709e-01
4.2622752932e-01
4.3062266656e-01
4.3501780380e-01
4.3941294104e-01
4.4380807828e-01
4.5310294574e-01
4.6239781321e-01
4.7169268067e-01
4.8098754813e-01
4.9266483303e-01
5.0434211793e-01
5.1601940284e-01
5.2769668774e-01
5.3321330972e-01
5.3872993171e-01
5.4424655370e-01
5.4976317569e-01
5.5305072196e-01
5.5633826824e-01
5.5962581452e-01
5.6291336079e-01
5.6516025825e-01
5.6740715570e-01
5.6965405316e-01
5.7190095062e-01
5.7355945080e-01
5.7521795099e-01
5.7687645117e-01
5.7853495135e-01
5.7984132798e-01
5.8114770460e-01
5.8245408122e-01
5.8376045784e-01
5.8486631022e-01
5.8597216260e-01
5.8707801498e-01
5.8818386737e-01
5.8918515904e-01
5.9018645072e-01
5.9118774240e-01
5.9218903408e-01
5.9304930513e-01
5.9390957618e-01
5.9476984722e-01
5.9563011827e-01
5.9630849534e-01
5.9698687241e-01
5.9766524948e-01
5.9834362655e-01
5.9891696238e-01
5.9949029821e-01
6.0006363405e-01
6.0063696988e-01
6.0120212130e-01
6.0176727273e-01
6.0233242415e-01
6.0289757558e-01
6.0343821262e-01
6.0397884966e-01
6.0451948669e-01
6.0506012373e-01
6.0555632807e-01
6.0605253242e-01
6.0654873676e-01
6.0704494110e-01
6.0753287385e-01
6.0802080660e-01
6.0850873935e-01
6.0899667209e-01
6.0949439799e-01
6.0999212389e-01
6.1048984979e-01
6.1098757569e-01
6.1149006288e-01
6.1199255007e-01
6.1249503726e-01
6.1299752445e-01
6.1356980330e-01
6.1414208216e-01
6.1471436102e-01
6.1528663988e-01
6.1596495524e-01
6.1664327061e-01
6.1732158597e-01
6.1799990134e-01
6.1866314429e-01
6.1932638724e-01
6.1998963019e-01
6.2065287314e-01
6.2139688386e-01
6.2214089458e-01
6.2288490529e-01
6.2362891601e-01
6.2463017193e-01
6.2563142784e-01
6.2663268376e-01
6.2763393968e-01
6.2883905106e-01
6.3004416245e-01
6.3124927383e-01
6.3245438521e-01
6.3374032594e-01
6.3502626666e-01
6.3631220738e-01
6.3759814811e-01
6.3897758324e-01
6.4035701837e-01
6.4173645349e-01
6.4311588862e-01
6.4471286780e-01
6.4630984698e-01
6.4790682615e-01
6.4950380533e-01
6.5146160922e-01
6.5341941311e-01
6.5537721699e-01
6.5733502088e-01
6.5990239390e-01
6.6246976692e-01
6.6503713994e-01
6.6760451296e-01
6.7050743951e-01
6.7341036607e-01
6.7631329262e-01
6.7921621918e-01
6.8218928097e-01
6.8516234276e-01
6.8813540455e-01
6.9110846635e-01
6.9353751876e-01
6.9596657118e-01
6.9839562359e-01
7.0082467601e-01
7.0277494492e-01
7.0472521383e-01
7.0667548274e-01
7.0862575166e-01
7.1032473744e-01
7.1202372321e-01
7.1372270899e-01
7.1542169477e-01
7.1714784074e-01
7.1887398672e-01
7.2060013269e-01
7.2232627866e-01
7.2384222409e-01
7.2535816952e-01
7.2687411494e-01
7.2839006037e-01
7.2972243153e-01
7.3105480269e-01
7.3238717385e-01
7.3371954501e-01
7.3510855387e-01
7.3649756272e-01
7.3788657158e-01
7.3927558044e-01
7.4054364778e-01
7.4181171513e-01
7.4307978248e-01
7.4434784982e-01
7.4563357019e-01
7.4691929056e-01
7.4820501092e-01
7.4949073129e-01
7.5075916991e-01
7.5202760854e-01
7.5329604717e-01
7.5456448579e-01
7.5586131573e-01
7.5715814566e-01
7.5845497559e-01
7.5975180552e-01
7.6105325909e-01
7.6235471265e-01
7.6365616622e-01
7.6495761978e-01
7.6636294949e-01
7.6776827920e-01
7.6917360890e-01
7.7057893861e-01
7.7221299823e-01
7.7384705784e-01
7.7548111746e-01
7.7711517707e-01
7.7882957345e-01
7.8054396982e-01
7.8225836620e-01
7.8397276258e-01
7.8598448543e-01
7.8799620828e-01
7.9000793113e-01
7.9201965398e-01
7.9458643569e-01
7.9715321741e-01
7.9971999912e-01
8.0228678083e-01
8.0515305426e-01
8.0801932769e-01
8.1088560111e-01
8.1375187454e-01
8.1662129633e-01
8.1949071811e-01
8.2236013990e-01
8.2522956169e-01
8.2763998288e-01
8.3005040406e-01
8.3246082525e-01
8.3487124644e-01
8.3682473952e-01
8.3877823260e-01
8.4073172568e-01
8.4268521876e-01
8.4432960238e-01
8.4597398599e-01
8.4761836960e-01
8.4926275321e-01
8.5069629191e-01
8.5212983061e-01
8.5356336931e-01
8.5499690800e-01
8.5631162504e-01
8.5762634208e-01
8.5894105912e-01
8.6025577616e-01
8.6153977250e-01
8.6282376884e-01
8.6410776518e-01
8.6539176152e-01
8.6656284750e-01
8.6773393347e-01
8.6890501945e-01
8.7007610542e-01
8.7096790096e-01
8.7185969649e-01
8.7275149203e-01
8.7364328757e-01
8.7437872766e-01
8.7511416776e-01
8.7584960786e-01
8.7658504796e-01
8.7724650601e-01
8.7790796405e-01
8.7856942210e-01
8.7923088015e-01
8.7998308260e-01
8.8073528505e-01
8.8148748750e-01
8.8223968995e-01
8.8283777070e-01
8.8343585144e-01
8.8403393219e-01
8.8463201293e-01
8.8514125347e-01
8.8565049401e-01
8.8615973454e-01
8.8666897508e-01
8.8716357205e-01
8.8765816902e-01
8.8815276598e-01
8.8864736295e-01
8.8914271345e-01
8.8963806394e-01
8.9013341444e-01
8.9062876493e-01
8.9112133334e-01
8.9161390175e-01
8.9210647016e-01
8.9259903857e-01
8.9313321037e-01
8.9366738218e-01
8.9420155398e-01
8.9473572578e-01
8.9529710514e-01
8.9585848451e-01
8.9641986388e-01
8.9698124324e-01
8.9756159348e-01
8.9814194371e-01
8.9872229395e-01
8.9930264418e-01
9.0006066662e-01
9.0081868905e-01
9.0157671148e-01
9.0233473392e-01
9.0349021317e-01
9.0464569243e-01
9.0580117169e-01
9.0695665094e-01
9.0805124801e-01
9.0914584508e-01
9.1024044214e-01
9.1133503921e-01
9.1266795339e-01
9.1400086757e-01
9.1533378176e-01
9.1666669594e-01
9.1857165338e-01
9.2047661083e-01
9.2238156827e-01
9.2428652571e-01
9.2763970315e-01
9.3099288058e-01
9.3434605801e-01
9.3769923544e-01
9.4546553895e-01
9.5323184246e-01
9.6099814596e-01
9.6876444947e-01
9.7657333710e-01
9.8438222474e-01
9.9219111237e-01
1.0000000000e+00
