0.0000000000e+00
1.9766547829e-03
3.9533095658e-03
5.9299643487e-03
7.9066191316e-03
9.8136410122e-03
1.1720662893e-02
1.3627684773e-02
1.5534706654e-02
1.7403722970e-02
1.9272739285e-02
2.1141755601e-02
2.3010771917e-02
2.4857999946e-02
2.6705227975e-02
2.8552456004e-02
3.0399684033e-02
3.2238155083e-02
3.4076626133e-02
3.5915097182e-02
3.7753568232e-02
3.9597783628e-02
4.1441999024e-02
4.3286214420e-02
4.5130429816e-02
4.7004101299e-02
4.8877772782e-02
5.0751444265e-02
5.2625115748e-02
5.4578510667e-02
5.6531905587e-02
5.8485300507e-02
6.0438695426e-02
6.2755156637e-02
6.5071617848e-02
6.7388079059e-02
6.9704540269e-02
7.1651720149e-02
7.3598900029e-02
7.5546079908e-02
7.7493259788e-02
7.9299129154e-02
8.1104998520e-02
8.2910867886e-02
8.4716737252e-02
8.6450145739e-02
8.8183554226e-02
8.9916962713e-02
9.1650371200e-02
9.3341397153e-02
9.5032423107e-02
9.6723449060e-02
9.8414475013e-02
1.0008745465e-01
1.0176043428e-01
1.0343341391e-01
1.0510639355e-01
1.0679642985e-01
1.0848646615e-01
1.1017650245e-01
1.1186653875e-01
1.1357098963e-01
1.1527544052e-01
1.1697989141e-01
1.1868434229e-01
1.2027952774e-01
1.2187471319e-01
1.2346989864e-01
1.2506508409e-01
1.2661039396e-01
1.2815570383e-01
1.2970101370e-01
1.3124632357e-01
1.3276294346e-01
1.3427956335e-01
1.3579618324e-01
1.3731280313e-01
1.3881619910e-01
1.4031959508e-01
1.4182299106e-01
1.4332638703e-01
1.4483753266e-01
1.4634867828e-01
1.4785982390e-01
1.4937096953e-01
1.5094903844e-01
1.5252710734e-01
1.5410517625e-01
1.5568324515e-01
1.5717997084e-01
1.5867669652e-01
1.6017342220e-01
1.6167014788e-01
1.6316010674e-01
1.6465006561e-01
1.6614002447e-01
1.6762998333e-01
1.6913396741e-01
1.7063795148e-01
1.7214193556e-01
1.7364591963e-01
1.7519062399e-01
1.7673532836e-01
1.7828003272e-01
1.7982473709e-01
1.8146970461e-01
1.8311467214e-01
1.8475963966e-01
1.8640460719e-01
1.8822222014e-01
1.9003983310e-01
1.9185744605e-01
1.9367505900e-01
1.9524916941e-01
1.9682327982e-01
1.9839739023e-01
1.9997150063e-01
2.0146420990e-01
2.0295691916e-01
2.0444962843e-01
2.0594233769e-01
2.0739058704e-01
2.0883883639e-01
2.1028708574e-01
2.1173533509e-01
2.1315775573e-01
2.1458017637e-01
2.1600259702e-01
2.1742501766e-01
2.1883436862e-01
2.2024371958e-01
2.2165307054e-01
2.2306242150e-01
2.2446958755e-01
2.2587675360e-01
2.2728391965e-01
2.2869108570e-01
2.3010766795e-01
2.3152425020e-01
2.3294083245e-01
2.3435741470e-01
2.3580010176e-01
2.3724278881e-01
2.3868547586e-01
2.4012816291e-01
2.4163251377e-01
2.4313686462e-01
2.4464121548e-01
2.4614556633e-01
2.4768920416e-01
2.4923284198e-01
2.5077647981e-01
2.5232011763e-01
2.5377471554e-01
2.5522931346e-01
2.5668391137e-01
2.5813850928e-01
2.5956070073e-01
2.6098289218e-01
2.6240508364e-01
2.6382727509e-01
2.6523589344e-01
2.6664451179e-01
2.6805313014e-01
2.6946174849e-01
2.7086899377e-01
2.7227623905e-01
2.7368348433e-01
2.7509072961e-01
2.7650755407e-01
2.7792437852e-01
2.7934120297e-01
2.8075802743e-01
2.8219660564e-01
2.8363518385e-01
2.8507376207e-01
2.8651234028e-01
2.8798981884e-01
2.8946729740e-01
2.9094477597e-01
2.9242225453e-01
2.9397228125e-01
2.9552230797e-01
2.9707233469e-01
2.9862236140e-01
3.0035287404e-01
3.0208338669e-01
3.0381389933e-01
3.0554441197e-01
3.0722566296e-01
3.0890691395e-01
3.1058816494e-01
3.1226941593e-01
3.1382803531e-01
3.1538665469e-01
3.1694527406e-01
3.1850389344e-01
3.2001527001e-01
3.2152664658e-01
3.2303802315e-01
3.2454939972e-01
3.2604117995e-01
3.2753296017e-01
3.2902474040e-01
3.3051652062e-01
3.3200879233e-01
3.3350106404e-01
3.3499333575e-01
3.3648560745e-01
3.3800861059e-01
3.3953161372e-01
3.4105461685e-01
3.4257761998e-01
3.4409053344e-01
3.4560344691e-01
3.4711636038e-01
3.4862927385e-01
3.5013208097e-01
3.5163488809e-01
3.5313769522e-01
3.5464050234e-01
3.5615127531e-01
3.5766204829e-01
3.5917282126e-01
3.6068359424e-01
3.6221807558e-01
3.6375255693e-01
3.6528703828e-01
3.6682151963e-01
3.6839888186e-01
3.6997624409e-01
3.7155360633e-01
3.7313096856e-01
3.7479299224e-01
3.7645501593e-01
3.7811703961e-01
3.7977906329e-01
3.8148119559e-01
3.8318332789e-01
3.8488546018e-01
3.8658759248e-01
3.8826103192e-01
3.8993447135e-01
3.9160791078e-01
3.9328135022e-01
3.9496672144e-01
3.9665209266e-01
3.9833746388e-01
4.0002283510e-01
4.0174557896e-01
4.0346832282e-01
4.0519106667e-01
4.0691381053e-01
4.0870367738e-01
4.1049354423e-01
4.1228341108e-01
4.1407327793e-01
4.1598976338e-01
4.1790624884e-01
4.1982273430e-01
4.2173921976e-01
4.2411617331e-01
4.2649312686e-01
4.2887008042e-01
4.3124703397e-01
4.3320058012e-01
4.3515412626e-01
4.3710767241e-01
4.3906121855e-01
4.4093673554e-01
4.4281225253e-01
4.4468776952e-01
4.4656328651e-01
4.4840908745e-01
4.5025488840e-01
4.5210068934e-01
4.5394649028e-01
4.5578476861e-01
4.5762304694e-01
4.5946132526e-01
4.6129960359e-01
4.6314508978e-01
4.6499057597e-01
4.6683606217e-01
4.6868154836e-01
4.7054734644e-01
4.7241314453e-01
4.7427894262e-01
4.7614474071e-01
4.7804717483e-01
4.7994960895e-01
4.8185204307e-01
4.8375447719e-01
4.8572826358e-01
4.8770204998e-01
4.8967583637e-01
4.9164962276e-01
4.9392131193e-01
4.9619300109e-01
4.9846469025e-01
5.0073637941e-01
5.0270492225e-01
5.0467346509e-01
5.0664200793e-01
5.0861055077e-01
5.1051340957e-01
5.1241626836e-01
5.1431912716e-01
5.1622198596e-01
5.1808858477e-01
5.1995518358e-01
5.2182178240e-01
5.2368838121e-01
5.2553441601e-01
5.2738045081e-01
5.2922648561e-01
5.3107252041e-01
5.3291105193e-01
5.3474958344e-01
5.3658811495e-01
5.3842664646e-01
5.4027235151e-01
5.4211805656e-01
5.4396376161e-01
5.4580946666e-01
5.4768701739e-01
5.4956456812e-01
5.5144211884e-01
5.5331966957e-01
5.5528620137e-01
5.5725273317e-01
5.5921926497e-01
5.6118579677e-01
5.6362813715e-01
5.6607047754e-01
5.6851281792e-01
5.7095515830e-01
5.7287039828e-01
5.7478563826e-01
5.7670087824e-01
5.7861611822e-01
5.8040931525e-01
5.8220251229e-01
5.8399570933e-01
5.8578890637e-01
5.8751481258e-01
5.8924071879e-01
5.9096662501e-01
5.9269253122e-01
5.9437985344e-01
5.9606717565e-01
5.9775449787e-01
5.9944182008e-01
6.0111593189e-01
6.0279004369e-01
6.0446415550e-01
6.0613826730e-01
6.0783323656e-01
6.0952820582e-01
6.1122317508e-01
6.1291814434e-01
6.1459973392e-01
6.1628132351e-01
6.1796291310e-01
6.1964450268e-01
6.2123108511e-01
6.2281766753e-01
6.2440424996e-01
6.2599083239e-01
6.2753118272e-01
6.2907153305e-01
6.3061188339e-01
6.3215223372e-01
6.3366627879e-01
6.3518032387e-01
6.3669436894e-01
6.3820841402e-01
6.3971166876e-01
6.4121492350e-01
6.4271817824e-01
6.4422143299e-01
6.4573399997e-01
6.4724656695e-01
6.4875913393e-01
6.5027170091e-01
6.5181471322e-01
6.5335772554e-01
6.5490073785e-01
6.5644375016e-01
6.5793868078e-01
6.5943361140e-01
6.6092854202e-01
6.6242347264e-01
6.6391441814e-01
6.6540536365e-01
6.6689630916e-01
6.6838725467e-01
6.6989523850e-01
6.7140322233e-01
6.7291120616e-01
6.7441918999e-01
6.7597395261e-01
6.7752871523e-01
6.7908347784e-01
6.8063824046e-01
6.8229955414e-01
6.8396086783e-01
6.8562218151e-01
6.8728349520e-01
6.8905378878e-01
6.9082408236e-01
6.9259437594e-01
6.9436466952e-01
6.9592747297e-01
6.9749027643e-01
6.9905307988e-01
7.0061588334e-01
7.0210283141e-01
7.0358977949e-01
7.0507672756e-01
7.0656367564e-01
7.0800857221e-01
7.0945346878e-01
7.1089836535e-01
7.1234326192e-01
7.1376382968e-01
7.1518439743e-01
7.1660496518e-01
7.1802553294e-01
7.1943423075e-01
7.2084292857e-01
7.2225162638e-01
7.2366032420e-01
7.2506799655e-01
7.2647566890e-01
7.2788334125e-01
7.2929101360e-01
7.3070959641e-01
7.3212817921e-01
7.3354676201e-01
7.3496534482e-01
7.3641288920e-01
7.3786043358e-01
7.3930797796e-01
7.4075552234e-01
7.4226963795e-01
7.4378375357e-01
7.4529786919e-01
7.4681198481e-01
7.4834006097e-01
7.4986813714e-01
7.5139621330e-01
7.5292428947e-01
7.5437441631e-01
7.5582454315e-01
7.5727467000e-01
7.5872479684e-01
7.6014502886e-01
7.6156526088e-01
7.6298549290e-01
7.6440572492e-01
7.6581376538e-01
7.6722180584e-01
7.6862984631e-01
7.7003788677e-01
7.7144568859e-01
7.7285349041e-01
7.7426129224e-01
7.7566909406e-01
7.7708756105e-01
7.7850602805e-01
7.7992449504e-01
7.8134296203e-01
7.8278466570e-01
7.8422636938e-01
7.8566807305e-01
7.8710977672e-01
7.8859297793e-01
7.9007617914e-01
7.9155938035e-01
7.9304258156e-01
7.9460561308e-01
7.9616864461e-01
7.9773167614e-01
7.9929470766e-01
8.0105537471e-01
8.0281604175e-01
8.0457670879e-01
8.0633737583e-01
8.0799971108e-01
8.0966204633e-01
8.1132438158e-01
8.1298671683e-01
8.1453794997e-01
8.1608918311e-01
8.1764041625e-01
8.1919164939e-01
8.2069926100e-01
8.2220687261e-01
8.2371448423e-01
8.2522209584e-01
8.2671267904e-01
8.2820326224e-01
8.2969384545e-01
8.3118442865e-01
8.3267781663e-01
8.3417120460e-01
8.3566459258e-01
8.3715798056e-01
8.3868882054e-01
8.4021966052e-01
8.4175050050e-01
8.4328134048e-01
8.4479226752e-01
8.4630319457e-01
8.4781412162e-01
8.4932504867e-01
8.5082760951e-01
8.5233017035e-01
8.5383273119e-01
8.5533529204e-01
8.5684780938e-01
8.5836032673e-01
8.5987284408e-01
8.6138536142e-01
8.6292342860e-01
8.6446149577e-01
8.6599956295e-01
8.6753763012e-01
8.6912130001e-01
8.7070496991e-01
8.7228863980e-01
8.7387230969e-01
8.7554948199e-01
8.7722665428e-01
8.7890382657e-01
8.8058099887e-01
8.8227812814e-01
8.8397525740e-01
8.8567238667e-01
8.8736951594e-01
8.8904199515e-01
8.9071447436e-01
8.9238695357e-01
8.9405943277e-01
8.9574752267e-01
8.9743561256e-01
8.9912370246e-01
9.0081179235e-01
9.0254021216e-01
9.0426863196e-01
9.0599705177e-01
9.0772547157e-01
9.0952525604e-01
9.1132504051e-01
9.1312482498e-01
9.1492460945e-01
9.1686878824e-01
9.1881296702e-01
9.2075714581e-01
9.2270132459e-01
9.2495362173e-01
9.2720591887e-01
9.2945821601e-01
9.3171051314e-01
9.3365631519e-01
9.3560211724e-01
9.3754791930e-01
9.3949372135e-01
9.4136651412e-01
9.4323930690e-01
9.4511209968e-01
9.4698489246e-01
9.4882960585e-01
9.5067431924e-01
9.5251903262e-01
9.5436374601e-01
9.5620216996e-01
9.5804059391e-01
9.5987901785e-01
9.6171744180e-01
9.6356378784e-01
9.6541013388e-01
9.6725647992e-01
9.6910282596e-01
9.7097029529e-01
9.7283776462e-01
9.7470523395e-01
9.7657270329e-01
9.7847799787e-01
9.8038329245e-01
9.8228858703e-01
9.8419388161e-01
9.8616902027e-01
9.8814415892e-01
9.9011929758e-01
9.9209443623e-01
9.9407082717e-01
9.9604721812e-01
9.9802360906e-01
1.0000000000e+00
