2.9945405463e-02
3.0295504835e-02
3.1353023438e-02
3.3139646837e-02
3.5691552905e-02
3.8144046663e-02
4.1084336914e-02
4.4543897323e-02
4.8558646931e-02
5.2498375184e-02
5.6909257546e-02
6.1821527757e-02
6.7267191089e-02
7.2921940440e-02
7.9109866255e-02
8.5860345665e-02
9.3202738695e-02
1.0242415964e-01
1.1251001002e-01
1.2349876240e-01
1.3542381850e-01
1.4607329729e-01
1.5739989229e-01
1.6940969278e-01
1.8210331058e-01
1.9419833591e-01
2.0684229151e-01
2.2002169237e-01
2.3371820391e-01
2.4806131968e-01
2.6287978405e-01
2.7813975100e-01
2.9380287186e-01
3.1059705955e-01
3.2773410482e-01
3.4515771450e-01
3.6280907984e-01
3.7992604588e-01
3.9714327506e-01
4.1440688560e-01
4.3166393555e-01
4.5113010185e-01
4.7045088971e-01
4.8955964586e-01
5.0839483030e-01
5.2810682968e-01
5.4738424610e-01
5.6617459863e-01
5.8443315660e-01
6.0404690598e-01
6.2291822994e-01
6.4101667467e-01
6.5832101813e-01
6.7489024905e-01
6.9063956659e-01
7.0556956904e-01
7.1968625945e-01
7.3359136222e-01
7.4663476194e-01
7.5883608781e-01
7.7021752130e-01
7.8215105431e-01
7.9309978254e-01
8.0310103028e-01
8.1219205500e-01
8.2177095559e-01
8.3019736782e-01
8.3752419516e-01
8.4379971137e-01
8.5025190321e-01
8.5518832412e-01
8.5866548644e-01
8.6072383753e-01
8.6138487804e-01
8.6088403940e-01
8.5921549807e-01
8.5636164546e-01
8.5300896542e-01
8.4876713040e-01
8.4360653678e-01
8.3749217236e-01
8.3137811766e-01
8.2448552611e-01
8.1678283918e-01
8.0823644558e-01
7.9990456194e-01
7.9085291681e-01
7.8105564698e-01
7.7048695897e-01
7.5978082428e-01
7.4834450966e-01
7.3615905639e-01
7.2320744574e-01
7.0840143705e-01
6.9267807013e-01
6.7602908285e-01
6.5845292648e-01
6.4252674940e-01
6.2592286346e-01
6.0865689037e-01
5.9075099334e-01
5.7431461378e-01
5.5742099509e-01
5.4010095010e-01
5.2239055091e-01
5.0584906323e-01
4.8905022659e-01
4.7203360388e-01
4.5484226900e-01
4.3657979722e-01
4.1823248062e-01
3.9986102832e-01
3.8152835513e-01
3.6411403223e-01
3.4685020564e-01
3.2979276702e-01
3.1299629336e-01
2.9704651185e-01
2.8143492583e-01
2.6620316856e-01
2.5138913091e-01
2.3619019298e-01
2.2153220610e-01
2.0744361003e-01
1.9394671068e-01
1.7643473898e-01
1.6008786845e-01
1.4491048969e-01
1.3088986517e-01
1.2039940454e-01
1.1062447762e-01
1.0154085465e-01
9.3121119328e-02
8.5028385210e-02
7.7587515822e-02
7.0762115017e-02
6.4515457823e-02
5.7705487939e-02
5.1620644271e-02
4.6201282614e-02
4.1390993106e-02
3.5690573690e-02
3.0913152801e-02
2.6950350119e-02
2.3708699556e-02
2.1028350461e-02
1.8965109187e-02
1.7462743545e-02
1.6479722672e-02
1.5989714091e-02
1.5973828390e-02
1.6431613098e-02
1.7375829118e-02
1.8704648569e-02
2.0502986250e-02
2.2812534396e-02
2.5685951771e-02
2.8371702943e-02
3.1478430890e-02
3.5046657276e-02
3.9121568401e-02
4.2960663830e-02
4.7221871571e-02
5.1939094219e-02
5.7148211468e-02
6.2397489291e-02
6.8123588294e-02
7.4357473573e-02
8.1130501826e-02
8.8998502644e-02
9.7555407292e-02
1.0683724407e-01
1.1687757505e-01
1.2667433644e-01
1.3714029594e-01
1.4829071431e-01
1.6013615772e-01
1.7221792159e-01
1.8494960746e-01
1.9832454372e-01
2.1232980241e-01
2.2541601361e-01
2.3897534380e-01
2.5298476965e-01
2.6741704507e-01
2.8509087666e-01
3.0325904668e-01
3.2185569140e-01
3.4080967573e-01
3.5751259144e-01
3.7437767736e-01
3.9135334103e-01
4.0838799431e-01
4.2609539615e-01
4.4375586744e-01
4.6131603580e-01
4.7872529386e-01
4.9821855574e-01
5.1739367635e-01
5.3619365232e-01
5.5456808338e-01
5.7525916102e-01
5.9526421067e-01
6.1453765011e-01
6.3304449527e-01
6.5049590406e-01
6.6716373025e-01
6.8303950173e-01
6.9812112614e-01
7.1276709740e-01
7.2659014944e-01
7.3960311196e-01
7.5182216409e-01
7.6461787637e-01
7.7646610295e-01
7.8739819498e-01
7.9744660408e-01
8.0829959230e-01
8.1800192482e-01
8.2660620836e-01
8.3416215060e-01
8.4175074523e-01
8.4802678402e-01
8.5304763922e-01
8.5686079817e-01
8.5965208033e-01
8.6112644884e-01
8.6130142031e-01
8.6017983624e-01
8.5821047133e-01
8.5528977444e-01
8.5139504287e-01
8.4649638299e-01
8.4148288835e-01
8.3568134784e-01
8.2906153427e-01
8.2159018068e-01
8.1420765870e-01
8.0609761297e-01
7.9723220216e-01
7.8758286551e-01
7.7806099806e-01
7.6783935194e-01
7.5689667730e-01
7.4521274987e-01
7.3278574988e-01
7.1958423265e-01
7.0559448705e-01
6.9080632394e-01
6.7561249408e-01
6.5965315938e-01
6.4293313348e-01
6.2546359463e-01
6.0940260151e-01
5.9278747141e-01
5.7564154853e-01
5.5799394168e-01
5.4176445657e-01
5.2518921804e-01
5.0830215726e-01
4.9114137704e-01
4.7464473646e-01
4.5797898115e-01
4.4118636143e-01
4.2431176201e-01
4.0357762976e-01
3.8288181473e-01
3.6231722207e-01
3.4197747641e-01
3.2601479549e-01
3.1029852864e-01
2.9487211268e-01
2.7977655026e-01
2.6323224974e-01
2.4720402107e-01
2.3173463584e-01
2.1686022794e-01
2.0214064553e-01
1.8811236604e-01
1.7479190020e-01
1.6218826348e-01
1.4960144188e-01
1.3781831762e-01
1.2682650424e-01
1.1660765717e-01
1.0740898034e-01
9.8891431540e-02
9.1027834394e-02
8.3789277473e-02
7.6324253111e-02
6.9575273827e-02
6.3498953955e-02
5.8053030352e-02
5.1569579387e-02
4.6087779099e-02
4.1521676684e-02
3.7795981452e-02
3.3354138020e-02
3.0779444045e-02
2.9945480128e-02
3.0810669950e-02
3.2078768004e-02
3.3932937379e-02
3.6402573061e-02
3.9526069148e-02
4.2510221278e-02
4.5966131116e-02
4.9925061834e-02
5.4421534685e-02
5.8889862527e-02
6.3838645853e-02
6.9297337582e-02
7.5296523457e-02
8.1750094841e-02
8.8786222422e-02
9.6434744971e-02
1.0472468330e-01
1.1409573342e-01
1.2422506077e-01
1.3513769426e-01
1.4685386142e-01
1.5772034736e-01
1.6921210365e-01
1.8132963860e-01
1.9406836893e-01
2.0646218391e-01
2.1937181949e-01
2.3278013532e-01
2.4666545663e-01
2.6189557286e-01
2.7759688064e-01
2.9372766194e-01
3.1024160908e-01
3.2693709287e-01
3.4390740579e-01
3.6109817308e-01
3.7845353552e-01
3.9560207376e-01
4.1280138729e-01
4.2999899744e-01
4.4714393668e-01
4.6705040626e-01
4.8674464409e-01
5.0615876053e-01
5.2523106592e-01
5.4511319040e-01
5.6448668728e-01
5.8330208039e-01
6.0151833742e-01
6.2041306610e-01
6.3854475018e-01
6.5589123602e-01
6.7243862756e-01
6.8818035815e-01
7.0311620146e-01
7.1725120600e-01
7.3059490478e-01
7.4409775192e-01
7.5671822819e-01
7.6847949081e-01
7.7940678995e-01
7.9092885397e-01
8.0143347860e-01
8.1096168633e-01
8.1955372284e-01
8.2854108373e-01
8.3633856048e-01
8.4300072969e-01
8.4857622164e-01
8.5418842649e-01
8.5816337434e-01
8.6055238598e-01
8.6138640267e-01
8.6091157654e-01
8.5938038476e-01
8.5677816740e-01
8.5308070628e-01
8.4901738628e-01
8.4409944308e-01
8.3829570333e-01
8.3157053934e-01
8.2492006549e-01
8.1750939878e-01
8.0930799287e-01
8.0028382129e-01
7.9148296443e-01
7.8197250516e-01
7.7172838383e-01
7.6072700397e-01
7.4943805325e-01
7.3741228764e-01
7.2463283553e-01
7.1108525624e-01
6.9520573890e-01
6.7836428300e-01
6.6055811730e-01
6.4179294679e-01
6.2613039937e-01
6.0987921735e-01
5.9305772588e-01
5.7568987234e-01
5.5900504946e-01
5.4189932584e-01
5.2440719628e-01
5.0656829234e-01
4.9021838648e-01
4.7365913780e-01
4.5693010341e-01
4.4007378829e-01
4.2127356125e-01
4.0243724774e-01
3.8363235262e-01
3.6492801007e-01
3.4815950070e-01
3.3158150628e-01
3.1524409069e-01
2.9919548894e-01
2.8348965511e-01
2.6816055229e-01
2.5324692494e-01
2.3878332840e-01
2.2371237864e-01
2.0923195248e-01
1.9536676228e-01
1.8213485133e-01
1.6589108615e-01
1.5074721991e-01
1.3669725753e-01
1.2372140242e-01
1.1386373661e-01
1.0468487257e-01
9.6159586560e-02
8.8260176243e-02
8.0405416287e-02
7.3206453232e-02
6.6624315683e-02
6.0620096030e-02
5.3949795738e-02
4.8032026039e-02
4.2800931269e-02
3.8194912764e-02
3.2857588744e-02
2.8434705186e-02
2.4816941039e-02
2.1911678706e-02
1.9634892750e-02
1.7937537777e-02
1.6772881250e-02
1.6108498616e-02
1.5925018003e-02
1.6203810083e-02
1.6952475603e-02
1.8191373440e-02
1.9771268753e-02
2.1818715620e-02
2.4378182627e-02
2.7504216084e-02
3.0384093398e-02
3.3685403733e-02
3.7447971005e-02
4.1715763068e-02
4.5764956469e-02
5.0243208493e-02
5.5183926696e-02
6.0622226736e-02
6.6215629668e-02
7.2311430441e-02
7.8941349091e-02
8.6137220962e-02
9.4316172957e-02
1.0318580907e-01
1.1277921287e-01
1.2312654437e-01
1.3328449365e-01
1.4411308756e-01
1.5562445066e-01
1.6782566708e-01
1.8004897398e-01
1.9289120785e-01
2.0634257967e-01
2.2038738718e-01
2.3425272504e-01
2.4860965045e-01
2.6342942087e-01
2.7867859539e-01
2.9654457009e-01
3.1485729906e-01
3.3354893374e-01
3.5254729988e-01
3.6944250977e-01
3.8646444901e-01
4.0356078962e-01
4.2067970446e-01
4.3877359254e-01
4.5677794301e-01
4.7463766379e-01
4.9230108313e-01
5.1240240775e-01
5.3211118119e-01
5.5136840461e-01
5.7012296343e-01
5.9220473504e-01
6.1341562457e-01
6.3370810989e-01
6.5304877773e-01
6.6952301000e-01
6.8521188568e-01
7.0011416572e-01
7.1423385875e-01
7.2830809599e-01
7.4153297123e-01
7.5392634409e-01
7.6550882098e-01
7.7768333947e-01
7.8888050163e-01
7.9913633711e-01
8.0848714286e-01
8.1867110977e-01
8.2763661376e-01
8.3544162125e-01
8.4213941615e-01
8.4862647894e-01
8.5373272862e-01
8.5751171213e-01
8.6000421568e-01
8.6121674613e-01
8.6126639675e-01
8.6015438907e-01
8.5787015988e-01
8.5489163217e-01
8.5097600689e-01
8.4609450245e-01
8.4021197622e-01
8.3447639993e-01
8.2798036247e-01
8.2069394729e-01
8.1258500454e-01
8.0461154561e-01
7.9592821711e-01
7.8650917399e-01
7.7632839142e-01
7.6609555508e-01
7.5515350354e-01
7.4348284125e-01
7.3106573745e-01
7.1698067751e-01
7.0201286291e-01
6.8615131198e-01
6.6939070454e-01
6.5424921742e-01
6.3844855253e-01
6.2199941653e-01
6.0491815240e-01
5.8700620082e-01
5.6850006430e-01
5.4943789658e-01
5.2986589127e-01
5.1370651282e-01
4.9728216854e-01
4.8062921748e-01
4.6378742647e-01
4.4657717458e-01
4.2926501475e-01
4.1190133620e-01
3.9453866531e-01
3.7649386064e-01
3.5857134710e-01
3.4083350020e-01
3.2334181652e-01
3.0763696095e-01
2.9223050714e-01
2.7716324782e-01
2.6247289881e-01
2.4700259574e-01
2.3205446360e-01
2.1766110301e-01
2.0384908838e-01
1.8921790952e-01
1.7534790984e-01
1.6224966239e-01
1.4992561893e-01
1.3839633112e-01
1.2762141655e-01
1.1758413522e-01
1.0826325183e-01
9.9548958386e-02
9.1512086663e-02
8.4122425370e-02
7.7348624279e-02
7.0243403509e-02
6.3869841717e-02
5.8180352847e-02
5.3129371224e-02
4.7305872523e-02
4.2451458653e-02
3.8484090054e-02
3.5333778377e-02
3.2942873479e-02
3.1266989053e-02
3.0274210542e-02
2.9945407694e-02
