3.5986319042e-07
5.0459511657e-07
1.0342838225e-06
2.3531615937e-06
5.5477213624e-06
9.8295439980e-06
1.7379045088e-05
3.0730396972e-05
5.4444178619e-05
8.1952158859e-05
1.2329902404e-04
1.8550157676e-04
2.7917521545e-04
3.8233613134e-04
5.2352984499e-04
7.1682066630e-04
9.8148799097e-04
1.2686848898e-03
1.6396867031e-03
2.1189069638e-03
2.7378214480e-03
3.4217656083e-03
4.2756144118e-03
5.3411690366e-03
6.6702565985e-03
8.4271573571e-03
1.0640684821e-02
1.3426226687e-02
1.6926221847e-02
2.0132246018e-02
2.3927617287e-02
2.8413346547e-02
3.3704655850e-02
3.8193848533e-02
4.3248031721e-02
4.8928943113e-02
5.5302388573e-02
6.1714633800e-02
6.8802192159e-02
7.6619438170e-02
8.5221032062e-02
9.9467971107e-02
1.1570562882e-01
1.3407481779e-01
1.5468030280e-01
1.6821443248e-01
1.8258421124e-01
1.9778080196e-01
2.1378485803e-01
2.3063393414e-01
2.4822393745e-01
2.6650130315e-01
2.8540181540e-01
3.0636767733e-01
3.2786718704e-01
3.4978883511e-01
3.7201535940e-01
3.9310065651e-01
4.1424932725e-01
4.3536363482e-01
4.5634984753e-01
4.8040109177e-01
5.0403605449e-01
5.2714308890e-01
5.4962559561e-01
5.7295230714e-01
5.9538707844e-01
6.1686859829e-01
6.3735334870e-01
6.5760559437e-01
6.7673191947e-01
6.9473200656e-01
7.1161759966e-01
7.2848989167e-01
7.4414572388e-01
7.5862949650e-01
7.7199139136e-01
7.8666635742e-01
7.9989289094e-01
8.1177157658e-01
8.2240256604e-01
8.3525058129e-01
8.4613975916e-01
8.5530066628e-01
8.6294426774e-01
8.7061960056e-01
8.7656266081e-01
8.8104926094e-01
8.8431231108e-01
8.8637499009e-01
8.8771184018e-01
8.8842102474e-01
8.8858149799e-01
8.8820198644e-01
8.8729970182e-01
8.8591220952e-01
8.8405737739e-01
8.8175241211e-01
8.7896666637e-01
8.7566284640e-01
8.7178489748e-01
8.6751383808e-01
8.6257858328e-01
8.5687983877e-01
8.5029934069e-01
8.4417550089e-01
8.3728600200e-01
8.2953551274e-01
8.2081912991e-01
8.1301516282e-01
8.0444604889e-01
7.9504464337e-01
7.8474119081e-01
7.7463277809e-01
7.6368218930e-01
7.5183716673e-01
7.3904704878e-01
7.2602234609e-01
7.1207052082e-01
6.9715992233e-01
6.8126576606e-01
6.6460249643e-01
6.4696066038e-01
6.2834775205e-01
6.0878601439e-01
5.9080342797e-01
5.7215395366e-01
5.5288917580e-01
5.3307399941e-01
5.1480948681e-01
4.9622913413e-01
4.7740937865e-01
4.5843517191e-01
4.3818338213e-01
4.1798175156e-01
3.9795645999e-01
3.7823769108e-01
3.6045957719e-01
3.4315517897e-01
3.2642325882e-01
3.1035784670e-01
2.9351160371e-01
2.7769044948e-01
2.6298866438e-01
2.4948714117e-01
2.3548606609e-01
2.2325444144e-01
2.1285377644e-01
2.0432799464e-01
1.9845192691e-01
1.9403405845e-01
1.9108255047e-01
1.8960208998e-01
1.8958903053e-01
1.9102599349e-01
1.9391096400e-01
1.9823941985e-01
2.0419320791e-01
2.1165435584e-01
2.2060266222e-01
2.3100932010e-01
2.4166281557e-01
2.5344315833e-01
2.6630318198e-01
2.8018588138e-01
2.9485695074e-01
3.1038808405e-01
3.2669561879e-01
3.4368788823e-01
3.6152723027e-01
3.7986199885e-01
3.9858103254e-01
4.1757213840e-01
4.3704413751e-01
4.5656904428e-01
4.7603906848e-01
4.9535353194e-01
5.1675860723e-01
5.3773433389e-01
5.5818012014e-01
5.7801159889e-01
6.0113875056e-01
6.2317126642e-01
6.4404730290e-01
6.6373164429e-01
6.8106313416e-01
6.9734549428e-01
7.1259591769e-01
7.2684125449e-01
7.4184269231e-01
7.5565165085e-01
7.6833305129e-01
7.7995552216e-01
7.9378821252e-01
8.0606109655e-01
8.1693004429e-01
8.2654304095e-01
8.3710294763e-01
8.4613051378e-01
8.5384760425e-01
8.6044626830e-01
8.6596361397e-01
8.7069793870e-01
8.7475290667e-01
8.7821057110e-01
8.8105538866e-01
8.8343418852e-01
8.8536946870e-01
8.8686729179e-01
8.8784910032e-01
8.8843235315e-01
8.8858354795e-01
8.8825558074e-01
8.8726757676e-01
8.8552062767e-01
8.8288396641e-01
8.7919769196e-01
8.7539278509e-01
8.7069170131e-01
8.6496647100e-01
8.5807278475e-01
8.5198899109e-01
8.4506948937e-01
8.3723235223e-01
8.2839026044e-01
8.1997839150e-01
8.1070714297e-01
8.0051479482e-01
7.8933847644e-01
7.7826403608e-01
7.6627587215e-01
7.5332820643e-01
7.3937760567e-01
7.2342655390e-01
7.0625854383e-01
6.8784043934e-01
6.6815012579e-01
6.5065304034e-01
6.3225925486e-01
6.1298254364e-01
5.9284770940e-01
5.7370573698e-01
5.5391461682e-01
5.3352280972e-01
5.1258933158e-01
4.9331998686e-01
4.7372591550e-01
4.5387242717e-01
4.3383109096e-01
4.1047585916e-01
3.8709983234e-01
3.6383598183e-01
3.4081967846e-01
3.2181669536e-01
3.0315913223e-01
2.8491992593e-01
2.6716681116e-01
2.4845926667e-01
2.3046975585e-01
2.1325554237e-01
1.9686158157e-01
1.7569076300e-01
1.5618088765e-01
1.3833835968e-01
1.2213463150e-01
1.1012454271e-01
9.9118967329e-02
8.9068996839e-02
7.9920691654e-02
7.0259540463e-02
6.1666310284e-02
5.4046815388e-02
4.7309259100e-02
3.9707782808e-02
3.3274892724e-02
2.7847084173e-02
2.3278621899e-02
1.8728128136e-02
1.5050702601e-02
1.2084684002e-02
9.6961527523e-03
7.5905143904e-03
5.9389974676e-03
4.6448099501e-03
3.6313070377e-03
2.6442996409e-03
1.9251338164e-03
1.4012332008e-03
1.0196061765e-03
6.3716764999e-04
3.9839119934e-04
2.4906810371e-04
1.5555440975e-04
7.0579398021e-05
3.2323508648e-05
1.4798660096e-05
6.6918227263e-06
1.9198940285e-06
6.5327266671e-07
3.7240440547e-07
7.2328270038e-07
1.4430391122e-06
2.9862670848e-06
6.2450045899e-06
1.3185785001e-05
2.1919705426e-05
3.6389527813e-05
6.0411632798e-05
1.0039705938e-04
1.4568978044e-04
2.1134943100e-04
3.0658963170e-04
4.4482628337e-04
5.9567869125e-04
7.9757470781e-04
1.0678132053e-03
1.4295548370e-03
1.8219338513e-03
2.3216420038e-03
2.9579239041e-03
3.7678982047e-03
4.6831982670e-03
5.8192029830e-03
7.2283849108e-03
8.9752470617e-03
1.1004581430e-02
1.3485161016e-02
1.6513701606e-02
2.0205740603e-02
2.3663171546e-02
2.7691903663e-02
3.2378850711e-02
3.7821324737e-02
4.2687979879e-02
4.8142120170e-02
5.4244035820e-02
6.1057281042e-02
6.8072083037e-02
7.5810393977e-02
8.4326817365e-02
9.3675250854e-02
1.0533321131e-01
1.1819486722e-01
1.3232051100e-01
1.4775730724e-01
1.6100082824e-01
1.7510037191e-01
1.9005212743e-01
2.0584168439e-01
2.2174217311e-01
2.3835623090e-01
2.5564099790e-01
2.7354398943e-01
2.9596381109e-01
3.1907469088e-01
3.4273825145e-01
3.6680648244e-01
3.8737208876e-01
4.0802392111e-01
4.2867009368e-01
4.4922190649e-01
4.7332272481e-01
4.9704463530e-01
5.2027239090e-01
5.4290543151e-01
5.6641571804e-01
5.8905896944e-01
6.1076898346e-01
6.3149762447e-01
6.5198805270e-01
6.7136345442e-01
6.8961971174e-01
7.0676522880e-01
7.2381370793e-01
7.3965864626e-01
7.5434114840e-01
7.6790845044e-01
7.8264575769e-01
7.9597391014e-01
8.0798640491e-01
8.1877695275e-01
8.3213418594e-01
8.4348006660e-01
8.5304822982e-01
8.6105334680e-01
8.6978714633e-01
8.7641072334e-01
8.8128778436e-01
8.8472090541e-01
8.8665807975e-01
8.8788230150e-01
8.8848935446e-01
8.8855584271e-01
8.8807144721e-01
8.8705627538e-01
8.8554561389e-01
8.8355397000e-01
8.8114264329e-01
8.7824528648e-01
8.7482052339e-01
8.7080818539e-01
8.6645162103e-01
8.6142911813e-01
8.5564161794e-01
8.4897190871e-01
8.4273066837e-01
8.3571506445e-01
8.2782979665e-01
8.1897029959e-01
8.1105074767e-01
8.0236268858e-01
7.9283989701e-01
7.8241378565e-01
7.7210200992e-01
7.6093422313e-01
7.4885831557e-01
7.3582408110e-01
7.2259935949e-01
7.0844337008e-01
6.9332621921e-01
6.7722526983e-01
6.6058985668e-01
6.4300656287e-01
6.2448549972e-01
6.0505109276e-01
5.8673722731e-01
5.6775341279e-01
5.4815586703e-01
5.2801482559e-01
5.0945836797e-01
4.9060102188e-01
4.7152435093e-01
4.5231857957e-01
4.3079579511e-01
4.0938114777e-01
3.8822840159e-01
3.6749499078e-01
3.5010825759e-01
3.3324717629e-01
3.1700593765e-01
3.0147320707e-01
2.8522042679e-01
2.7003313436e-01
2.5599755852e-01
2.4318666391e-01
2.3037816543e-01
2.1924296881e-01
2.0982993405e-01
2.0217371663e-01
1.9678478633e-01
1.9286100250e-01
1.9040925830e-01
1.8943329698e-01
1.8992770227e-01
1.9188251973e-01
1.9529490000e-01
2.0015919657e-01
2.0657259554e-01
2.1445759845e-01
2.2379200582e-01
2.3454473560e-01
2.4556450437e-01
2.5769109417e-01
2.7087437140e-01
2.8505431552e-01
3.0004701088e-01
3.1587459473e-01
3.3245017357e-01
3.4967923332e-01
3.6769434585e-01
3.8616718179e-01
4.0498607051e-01
4.2403905275e-01
4.4374575951e-01
4.6346797334e-01
4.8309687326e-01
5.0253158490e-01
5.2404926756e-01
5.4509024782e-01
5.6555630753e-01
5.8536617882e-01
6.0800034615e-01
6.2953376710e-01
6.4991418235e-01
6.6911413939e-01
6.8628631500e-01
7.0239312247e-01
7.1745567584e-01
7.3150437334e-01
7.4650694726e-01
7.6027555578e-01
7.7288198055e-01
7.8440125522e-01
7.9829160233e-01
8.1054132483e-01
8.2132489952e-01
8.3080630595e-01
8.4139304409e-01
8.5034306065e-01
8.5791053929e-01
8.6431115303e-01
8.6932398346e-01
8.7361452019e-01
8.7727373988e-01
8.8037113749e-01
8.8281287404e-01
8.8482746822e-01
8.8642504757e-01
8.8760075879e-01
8.8830147777e-01
8.8858581610e-01
8.8841153994e-01
8.8772236408e-01
8.8642176839e-01
8.8442373878e-01
8.8161586605e-01
8.7786391432e-01
8.7383527664e-01
8.6890744631e-01
8.6295546443e-01
8.5583916142e-01
8.4955730257e-01
8.4243871695e-01
8.3440358940e-01
8.2536717621e-01
8.1671725968e-01
8.0719985900e-01
7.9675423872e-01
7.8531881230e-01
7.7403661415e-01
7.6184373863e-01
7.4869654119e-01
7.3455400291e-01
7.1358553363e-01
6.9061685318e-01
6.6559603755e-01
6.3850633917e-01
6.2034058323e-01
6.0137755947e-01
5.8164545765e-01
5.6118344485e-01
5.4215649218e-01
5.2262386166e-01
5.0264015694e-01
4.8226850949e-01
4.6227619602e-01
4.4205978815e-01
4.2169699551e-01
4.0127073182e-01
3.7993478246e-01
3.5872718223e-01
3.3775130874e-01
3.1710925292e-01
2.9810940776e-01
2.7956837720e-01
2.6155700265e-01
2.4413868181e-01
2.2546260676e-01
2.0765630441e-01
1.9076720957e-01
1.7482763488e-01
1.5812783584e-01
1.4264459802e-01
1.2836352643e-01
1.1525415452e-01
1.0371251060e-01
9.3166437201e-02
8.3562423634e-02
7.4842926450e-02
6.5426923476e-02
5.7102611458e-02
4.9766404924e-02
4.3318649662e-02
3.6035218311e-02
2.9929186334e-02
2.4825226711e-02
2.0569180087e-02
1.6566083175e-02
1.3329375178e-02
1.0716793362e-02
8.6108190915e-03
6.7024753321e-03
5.2145412699e-03
4.0553212285e-03
3.1527209800e-03
2.2721502262e-03
1.6372331571e-03
1.1794857359e-03
8.4946403658e-04
5.2017919929e-04
3.1876940707e-04
1.9532483596e-04
1.1953564650e-04
5.2835391445e-05
2.3611373801e-05
1.0547928612e-05
4.6464457567e-06
2.0663561856e-06
9.5182408101e-07
4.8879704668e-07
3.6009043738e-07
