2.5250316224e-01
2.5270486458e-01
2.5331029372e-01
2.5432041693e-01
2.5573684813e-01
2.5663760102e-01
2.5764988773e-01
2.5877414820e-01
2.6001087103e-01
2.6085005219e-01
2.6173444286e-01
2.6266419634e-01
2.6363947377e-01
2.6435109175e-01
2.6508526846e-01
2.6584206654e-01
2.6662155058e-01
2.6722345756e-01
2.6783829203e-01
2.6846608373e-01
2.6910686305e-01
2.6962712131e-01
2.7015567253e-01
2.7069253296e-01
2.7123771908e-01
2.7170401551e-01
2.7217625633e-01
2.7265445180e-01
2.7313861232e-01
2.7359213932e-01
2.7405079549e-01
2.7451458917e-01
2.7498352865e-01
2.7540494252e-01
2.7583043915e-01
2.7626002390e-01
2.7669370178e-01
2.7704209022e-01
2.7739308062e-01
2.7774667442e-01
2.7810287247e-01
2.7839425119e-01
2.7868734927e-01
2.7898216564e-01
2.7927869852e-01
2.7955705888e-01
2.7983690965e-01
2.8011824673e-01
2.8040106478e-01
2.8071153476e-01
2.8102375078e-01
2.8133769854e-01
2.8165336015e-01
2.8191822114e-01
2.8218424623e-01
2.8245141729e-01
2.8271971323e-01
2.8296926433e-01
2.8321973794e-01
2.8347110906e-01
2.8372334969e-01
2.8408863658e-01
2.8445556118e-01
2.8482400298e-01
2.8519382667e-01
2.8546189493e-01
2.8573054590e-01
2.8599971486e-01
2.8626933383e-01
2.8658709839e-01
2.8690526742e-01
2.8722371652e-01
2.8754231808e-01
2.8788304839e-01
2.8822364383e-01
2.8856394349e-01
2.8890378719e-01
2.8926463917e-01
2.8962460901e-01
2.8998351476e-01
2.9034118044e-01
2.9071211399e-01
2.9108133716e-01
2.9144867703e-01
2.9181397057e-01
2.9223547210e-01
2.9265378503e-01
2.9306870566e-01
2.9348004851e-01
2.9399569281e-01
2.9450502718e-01
2.9500779101e-01
2.9550376210e-01
2.9608440855e-01
2.9665493420e-01
2.9721514176e-01
2.9776488500e-01
2.9835794152e-01
2.9893811025e-01
2.9950535881e-01
3.0005969643e-01
3.0062775651e-01
3.0118172524e-01
3.0172171757e-01
3.0224787252e-01
3.0283208364e-01
3.0339871319e-01
3.0394804211e-01
3.0448036667e-01
3.0509946384e-01
3.0569488504e-01
3.0626719086e-01
3.0681694597e-01
3.0748959283e-01
3.0812729150e-01
3.0873120515e-01
3.0930247479e-01
3.1005907630e-01
3.1075530486e-01
3.1139412618e-01
3.1197838640e-01
3.1258093983e-01
3.1312009167e-01
3.1359953731e-01
3.1402282720e-01
3.1431047287e-01
3.1456884471e-01
3.1479941320e-01
3.1500363619e-01
3.1518231897e-01
3.1533774741e-01
3.1547138351e-01
3.1558471532e-01
3.1567567708e-01
3.1575076433e-01
3.1581138899e-01
3.1585899973e-01
3.1588769794e-01
3.1591025809e-01
3.1592737129e-01
3.1593972970e-01
3.1594785708e-01
3.1595274793e-01
3.1595501277e-01
3.1595523801e-01
3.1595392997e-01
3.1595161388e-01
3.1594879164e-01
3.1594590246e-01
3.1594361778e-01
3.1594176027e-01
3.1594047772e-01
3.1593986736e-01
3.1593998810e-01
3.1594085839e-01
3.1594240974e-01
3.1594451585e-01
3.1594721590e-01
3.1595005022e-01
3.1595264825e-01
3.1595457870e-01
3.1595535497e-01
3.1595455576e-01
3.1595166171e-01
3.1594612715e-01
3.1593590256e-01
3.1592067708e-01
3.1589958732e-01
3.1587176716e-01
3.1582991565e-01
3.1577651582e-01
3.1571026703e-01
3.1562989932e-01
3.1552637534e-01
3.1540361929e-01
3.1526017049e-01
3.1509459721e-01
3.1484609665e-01
3.1455544712e-01
3.1421964367e-01
3.1383564707e-01
3.1345547998e-01
3.1303343477e-01
3.1256727046e-01
3.1205466621e-01
3.1161146080e-01
3.1113599180e-01
3.1062695472e-01
3.1008300214e-01
3.0962527527e-01
3.0914394014e-01
3.0863826359e-01
3.0810749630e-01
3.0764410491e-01
3.0716220115e-01
3.0666132649e-01
3.0614101864e-01
3.0567558769e-01
3.0519501164e-01
3.0469899313e-01
3.0418723840e-01
3.0371736625e-01
3.0323455194e-01
3.0273860408e-01
3.0222934078e-01
3.0173748458e-01
3.0123354186e-01
3.0071739791e-01
3.0018895605e-01
2.9963446521e-01
2.9906692223e-01
2.9848630908e-01
2.9789264868e-01
2.9740073599e-01
2.9690032061e-01
2.9639149582e-01
2.9587438654e-01
2.9545893038e-01
2.9503847105e-01
2.9461312249e-01
2.9418301683e-01
2.9381352014e-01
2.9344079565e-01
2.9306495991e-01
2.9268614135e-01
2.9233732529e-01
2.9198625050e-01
2.9163304282e-01
2.9127783713e-01
2.9092361190e-01
2.9056771098e-01
2.9021029180e-01
2.8985151970e-01
2.8952184721e-01
2.8919132203e-01
2.8886008576e-01
2.8852828336e-01
2.8821322917e-01
2.8789792572e-01
2.8758250072e-01
2.8726708157e-01
2.8699709389e-01
2.8672728130e-01
2.8645772036e-01
2.8618848572e-01
2.8589286310e-01
2.8559781494e-01
2.8530342911e-01
2.8500978851e-01
2.8474972410e-01
2.8449035916e-01
2.8423174065e-01
2.8397391190e-01
2.8368766599e-01
2.8340249887e-01
2.8311845472e-01
2.8283557260e-01
2.8249260907e-01
2.8215147315e-01
2.8181220895e-01
2.8147485273e-01
2.8118382106e-01
2.8089426250e-01
2.8060618986e-01
2.8031961348e-01
2.8000323989e-01
2.7968872922e-01
2.7937608812e-01
2.7906532148e-01
2.7866153024e-01
2.7826095884e-01
2.7786360964e-01
2.7746948314e-01
2.7697237273e-01
2.7648048021e-01
2.7599379984e-01
2.7551232476e-01
2.7500560299e-01
2.7450475912e-01
2.7400978320e-01
2.7352066513e-01
2.7293244991e-01
2.7235290246e-01
2.7178200456e-01
2.7121973818e-01
2.7044595399e-01
2.6968905222e-01
2.6894898565e-01
2.6822570812e-01
2.6703901488e-01
2.6590012915e-01
2.6480884703e-01
2.6376497317e-01
2.6151348435e-01
2.5951669962e-01
2.5777267412e-01
2.5627970917e-01
2.5413395913e-01
2.5287750602e-01
2.5250595211e-01
2.5301799751e-01
2.5366175453e-01
2.5456385780e-01
2.5572522610e-01
2.5714704231e-01
2.5805204635e-01
2.5903851415e-01
2.6010675712e-01
2.6125711249e-01
2.6205997224e-01
2.6289873412e-01
2.6377351306e-01
2.6468442888e-01
2.6536388275e-01
2.6606224584e-01
2.6677956790e-01
2.6751590006e-01
2.6808871876e-01
2.6867258911e-01
2.6926753519e-01
2.6987358151e-01
2.7037367229e-01
2.7088110609e-01
2.7139589666e-01
2.7191805797e-01
2.7237456418e-01
2.7283657825e-01
2.7330410943e-01
2.7377716704e-01
2.7429489537e-01
2.7481910751e-01
2.7534981512e-01
2.7588702954e-01
2.7628672442e-01
2.7668995639e-01
2.7709672901e-01
2.7750704523e-01
2.7781885997e-01
2.7813269216e-01
2.7844854172e-01
2.7876640795e-01
2.7904689897e-01
2.7932893889e-01
2.7961252522e-01
2.7989765454e-01
2.8020539208e-01
2.8051489439e-01
2.8082615181e-01
2.8113915196e-01
2.8141800794e-01
2.8169820744e-01
2.8197973443e-01
2.8226256980e-01
2.8251782116e-01
2.8277409172e-01
2.8303135961e-01
2.8328959991e-01
2.8355546022e-01
2.8382227982e-01
2.8409002051e-01
2.8435863997e-01
2.8462844707e-01
2.8489903746e-01
2.8517035579e-01
2.8544234249e-01
2.8571294876e-01
2.8598408514e-01
2.8625568231e-01
2.8652766787e-01
2.8683822043e-01
2.8714906518e-01
2.8746008396e-01
2.8777115634e-01
2.8820759126e-01
2.8864355297e-01
2.8907870512e-01
2.8951271705e-01
2.8986913803e-01
2.9022439297e-01
2.9057831446e-01
2.9093074215e-01
2.9131787794e-01
2.9170281318e-01
2.9208536602e-01
2.9246536712e-01
2.9291967978e-01
2.9336980931e-01
2.9381553052e-01
2.9425664270e-01
2.9483865413e-01
2.9541175688e-01
2.9597565191e-01
2.9653009813e-01
2.9720995481e-01
2.9787447026e-01
2.9852347041e-01
2.9915686299e-01
2.9972468077e-01
3.0027934437e-01
3.0082091189e-01
3.0134946982e-01
3.0192378197e-01
3.0248222881e-01
3.0302501456e-01
3.0355236222e-01
3.0415422712e-01
3.0473539745e-01
3.0529629496e-01
3.0583735092e-01
3.0648589044e-01
3.0710501637e-01
3.0769558000e-01
3.0825842465e-01
3.0896822974e-01
3.0963202601e-01
3.1025169481e-01
3.1082905861e-01
3.1148799352e-01
3.1208797513e-01
3.1263208309e-01
3.1312326910e-01
3.1353541477e-01
3.1390636803e-01
3.1423826998e-01
3.1453320968e-01
3.1475429136e-01
3.1495185537e-01
3.1512710784e-01
3.1528125839e-01
3.1540749581e-01
3.1551733167e-01
3.1561179916e-01
3.1569195388e-01
3.1575243558e-01
3.1580311244e-01
3.1584479497e-01
3.1587830951e-01
3.1590207887e-01
3.1592058041e-01
3.1593442628e-01
3.1594422701e-01
3.1595055836e-01
3.1595407114e-01
3.1595532814e-01
3.1595486686e-01
3.1595330405e-01
3.1595105026e-01
3.1594846395e-01
3.1594586069e-01
3.1594331451e-01
3.1594134358e-01
3.1594014550e-01
3.1593983487e-01
3.1594036955e-01
3.1594165454e-01
3.1594358269e-01
3.1594598510e-01
3.1594874924e-01
3.1595145810e-01
3.1595373000e-01
3.1595513047e-01
3.1595508325e-01
3.1595267466e-01
3.1594715523e-01
3.1593774223e-01
3.1591714674e-01
3.1588571172e-01
3.1584135447e-01
3.1578201623e-01
3.1571489751e-01
3.1563290043e-01
3.1553467302e-01
3.1541889768e-01
3.1526218351e-01
3.1507857757e-01
3.1486618690e-01
3.1462313417e-01
3.1430522048e-01
3.1394193114e-01
3.1353038128e-01
3.1306760800e-01
3.1264947052e-01
3.1219338833e-01
3.1169757286e-01
3.1116017038e-01
3.1070830179e-01
3.1022870702e-01
3.0972039904e-01
3.0918236296e-01
3.0871957412e-01
3.0823562706e-01
3.0772992789e-01
3.0720187301e-01
3.0673604039e-01
3.0625331027e-01
3.0575330432e-01
3.0523564418e-01
3.0476783689e-01
3.0428597071e-01
3.0378980050e-01
3.0327908757e-01
3.0280296904e-01
3.0231452730e-01
3.0181360901e-01
3.0130007353e-01
3.0073267994e-01
3.0015037159e-01
2.9955304908e-01
2.9894065189e-01
2.9843113422e-01
2.9791164171e-01
2.9738222286e-01
2.9684295918e-01
2.9638949711e-01
2.9592946770e-01
2.9546298266e-01
2.9499017819e-01
2.9460095750e-01
2.9420776301e-01
2.9381071039e-01
2.9340992978e-01
2.9305050905e-01
2.9268836765e-01
2.9232362873e-01
2.9195642598e-01
2.9161172405e-01
2.9126512876e-01
2.9091677410e-01
2.9056680207e-01
2.9019634785e-01
2.8982444764e-01
2.8945129410e-01
2.8907708736e-01
2.8876477853e-01
2.8845200448e-01
2.8813888907e-01
2.8782555724e-01
2.8754967759e-01
2.8727381259e-01
2.8699804666e-01
2.8672246306e-01
2.8645343856e-01
2.8618474028e-01
2.8591644004e-01
2.8564860701e-01
2.8537027997e-01
2.8509260207e-01
2.8481563995e-01
2.8453945578e-01
2.8428196161e-01
2.8402524141e-01
2.8376933494e-01
2.8351427845e-01
2.8323277244e-01
2.8295238933e-01
2.8267316415e-01
2.8239512752e-01
2.8207437621e-01
2.8175529212e-01
2.8143790433e-01
2.8112223670e-01
2.8083189183e-01
2.8054304666e-01
2.8025571117e-01
2.7996989334e-01
2.7963733149e-01
2.7930686432e-01
2.7897849728e-01
2.7865223409e-01
2.7822475957e-01
2.7780095805e-01
2.7738082990e-01
2.7696437382e-01
2.7647344760e-01
2.7598771465e-01
2.7550716814e-01
2.7503180053e-01
2.7451542281e-01
2.7400527754e-01
2.7350135366e-01
2.7300364005e-01
2.7238694489e-01
2.7178001843e-01
2.7118283904e-01
2.7059538537e-01
2.6976655407e-01
2.6895778206e-01
2.6816900922e-01
2.6740017693e-01
2.6609941498e-01
2.6485954884e-01
2.6368029476e-01
2.6256138288e-01
2.6022535640e-01
2.5820155639e-01
2.5648755452e-01
2.5508129420e-01
2.5395228423e-01
2.5314687461e-01
2.5266403899e-01
2.5250316209e-01
