6.3989167361e-04
6.6506503825e-04
7.4252677215e-04
8.7835446204e-04
1.0832374364e-03
1.3192643632e-03
1.6276329778e-03
2.0251827812e-03
2.5335909699e-03
3.0895819046e-03
3.7738132018e-03
4.6143388392e-03
5.6454481612e-03
6.8842746684e-03
8.3951052386e-03
1.0235886850e-02
1.2476355435e-02
1.4693281850e-02
1.7296811001e-02
2.0351100003e-02
2.3929727520e-02
2.7296743093e-02
3.1119650480e-02
3.5454665563e-02
4.0363268859e-02
4.4963898107e-02
5.0055527777e-02
5.5682431353e-02
6.1890905679e-02
6.8234027386e-02
7.5162027570e-02
8.2714710244e-02
9.0931548809e-02
1.0146920164e-01
1.1303231084e-01
1.2567331796e-01
1.3943612542e-01
1.5110344744e-01
1.6349924717e-01
1.7662722151e-01
1.9048402418e-01
2.0389739373e-01
2.1790630336e-01
2.3248976097e-01
2.4762058671e-01
2.6418106482e-01
2.8126994235e-01
2.9883405629e-01
3.1681435625e-01
3.3498203157e-01
3.5342956365e-01
3.7208852694e-01
3.9088922863e-01
4.0945945944e-01
4.2803376802e-01
4.4654865428e-01
4.6494340490e-01
4.8612516980e-01
5.0698357863e-01
5.2744374908e-01
5.4743958421e-01
5.6942621413e-01
5.9067727061e-01
6.1113811061e-01
6.3076735052e-01
6.4965401951e-01
6.6765042392e-01
6.8474793871e-01
7.0094652694e-01
7.1673424613e-01
7.3158660116e-01
7.4552391726e-01
7.5857092402e-01
7.7218762020e-01
7.8476179801e-01
7.9633904243e-01
8.0696617550e-01
8.1941261056e-01
8.3044075310e-01
8.4014770873e-01
8.4862506384e-01
8.5896311191e-01
8.6709602311e-01
8.7321994658e-01
8.7749188868e-01
8.8013186664e-01
8.8090494845e-01
8.7985253923e-01
8.7696635858e-01
8.7384535382e-01
8.6977500261e-01
8.6471041459e-01
8.5859541833e-01
8.5266575908e-01
8.4591997062e-01
8.3830894286e-01
8.2977904289e-01
8.2163225811e-01
8.1271847100e-01
8.0299692793e-01
7.9242585614e-01
7.8205568686e-01
7.7091882526e-01
7.5898468130e-01
7.4622412596e-01
7.3284391470e-01
7.1861575651e-01
7.0352083164e-01
6.8754522162e-01
6.7117509402e-01
6.5396561970e-01
6.3592383101e-01
6.1706562591e-01
5.9944516446e-01
5.8121276393e-01
5.6240290118e-01
5.4305850969e-01
5.2576680560e-01
5.0814689424e-01
4.9024420931e-01
4.7210931697e-01
4.5393385399e-01
4.3564288455e-01
4.1729877299e-01
3.9896695056e-01
3.7989881968e-01
3.6099682079e-01
3.4233979188e-01
3.2400535805e-01
3.0751897641e-01
2.9142314119e-01
2.7576933272e-01
2.6060466528e-01
2.4469108873e-01
2.2945509769e-01
2.1493583790e-01
2.0116433842e-01
1.8394224713e-01
1.6813366282e-01
1.5375074696e-01
1.4078714861e-01
1.3136812145e-01
1.2283880591e-01
1.1517961961e-01
1.0836894918e-01
1.0196364886e-01
9.6486315326e-02
9.1910526214e-02
8.8212299615e-02
8.4922869580e-02
8.2822802233e-02
8.1893925101e-02
8.2128004139e-02
8.3183090292e-02
8.5021362849e-02
8.7653431598e-02
9.1094000075e-02
9.5340459048e-02
1.0042770756e-01
1.0637932637e-01
1.1322038044e-01
1.2214919105e-01
1.3230716527e-01
1.4372711925e-01
1.5643506254e-01
1.6716733415e-01
1.7868375101e-01
1.9098102332e-01
2.0404954465e-01
2.1718222790e-01
2.3097734456e-01
2.4540791205e-01
2.6044049848e-01
2.7643816673e-01
2.9297739410e-01
3.1000258139e-01
3.2745281846e-01
3.4557913225e-01
3.6400552819e-01
3.8265748703e-01
4.0145955954e-01
4.2053799729e-01
4.3961703849e-01
4.5862362598e-01
4.7748848444e-01
4.9916573710e-01
5.2047114118e-01
5.4132239521e-01
5.6164806026e-01
5.8279682229e-01
6.0321066715e-01
6.2284219686e-01
6.4165652143e-01
6.6005405760e-01
6.7755572650e-01
6.9415697004e-01
7.0986152962e-01
7.2543397261e-01
7.4004442802e-01
7.5371762336e-01
7.6648249320e-01
7.8019611445e-01
7.9278367360e-01
8.0430030345e-01
8.1480162658e-01
8.2677195947e-01
8.3729898103e-01
8.4648465454e-01
8.5442262273e-01
8.6292486195e-01
8.6965820028e-01
8.7474583896e-01
8.7828025235e-01
8.8036345206e-01
8.8089055567e-01
8.7985777842e-01
8.7722516335e-01
8.7426657710e-01
8.7038227006e-01
8.6552048765e-01
8.5961925059e-01
8.5390582951e-01
8.4738736166e-01
8.4001367012e-01
8.3173048054e-01
8.2378315104e-01
8.1507168255e-01
8.0555513605e-01
7.9519161446e-01
7.8491691312e-01
7.7386328254e-01
7.6199909007e-01
7.4929407771e-01
7.3593996345e-01
7.2171975885e-01
7.0661309748e-01
6.9060433261e-01
6.7396494940e-01
6.5644010378e-01
6.3803498148e-01
6.1876389146e-01
6.0160440207e-01
5.8385084478e-01
5.6553221291e-01
5.4668473605e-01
5.2914574128e-01
5.1124501334e-01
4.9302634807e-01
4.7453880475e-01
4.5559172568e-01
4.3648548121e-01
4.1728557412e-01
3.9806108586e-01
3.7791126844e-01
3.5789886582e-01
3.3810937064e-01
3.1862699331e-01
3.0128720180e-01
2.8432463833e-01
2.6779262494e-01
2.5173957681e-01
2.3446715094e-01
2.1789279059e-01
2.0205667763e-01
1.8698879488e-01
1.7169611707e-01
1.5732296285e-01
1.4386969150e-01
1.3132609765e-01
1.1992256605e-01
1.0934483801e-01
9.9562148605e-02
9.0539415607e-02
8.1323818100e-02
7.2950299391e-02
6.5361445644e-02
5.8499622632e-02
5.0579960350e-02
4.3671082431e-02
3.7660179911e-02
3.2442649114e-02
2.6790296777e-02
2.2096184023e-02
1.8206753382e-02
1.4990105502e-02
1.2285006361e-02
1.0063352409e-02
8.2408867416e-03
6.7474324568e-03
5.3604132966e-03
4.2604915918e-03
3.3895691758e-03
2.7013438675e-03
2.0535337918e-03
1.5735592808e-03
1.2222996938e-03
9.7109490242e-04
7.7869999396e-04
6.7225517594e-04
6.3996410977e-04
6.7829523097e-04
7.6277668844e-04
9.0128392565e-04
1.1036107737e-03
1.3840777515e-03
1.6964599256e-03
2.0942527283e-03
2.5973654793e-03
3.2309184207e-03
3.9366749923e-03
4.8008632985e-03
5.8577067595e-03
7.1487831220e-03
8.7503870925e-03
1.0708555013e-02
1.3100052943e-02
1.6017102116e-02
1.8644732325e-02
2.1692689764e-02
2.5224133551e-02
2.9310275706e-02
3.3108976947e-02
3.7377279019e-02
4.2166860740e-02
4.7533318941e-02
5.2697665759e-02
5.8380737842e-02
6.4624847930e-02
7.1473509122e-02
7.8770230342e-02
8.6723879776e-02
9.5374687091e-02
1.0476131580e-01
1.1550158502e-01
1.2713912166e-01
1.3970569972e-01
1.5322521600e-01
1.6543011068e-01
1.7833135926e-01
1.9192489745e-01
2.0619963280e-01
2.2034220271e-01
2.3505799123e-01
2.5031853774e-01
2.6608927000e-01
2.8358863679e-01
3.0157484319e-01
3.1998433409e-01
3.3874842124e-01
3.5694493384e-01
3.7533336383e-01
3.9384723882e-01
4.1242020627e-01
4.3148391096e-01
4.5047280635e-01
4.6932190927e-01
4.8797025745e-01
5.0934901149e-01
5.3029947544e-01
5.5075137073e-01
5.7064442414e-01
5.9358521745e-01
6.1559111723e-01
6.3661240391e-01
6.5661576563e-01
6.7427264494e-01
6.9102948764e-01
7.0688918117e-01
7.2186144122e-01
7.3693105861e-01
7.5102507964e-01
7.6417270897e-01
7.7640657033e-01
7.8938569737e-01
8.0125931099e-01
8.1208382712e-01
8.2191549766e-01
8.3318642197e-01
8.4301914343e-01
8.5151845847e-01
8.5878048693e-01
8.6693044839e-01
8.7308119972e-01
8.7738904738e-01
8.7997115378e-01
8.8090016669e-01
8.8032951831e-01
8.7826158476e-01
8.7466551746e-01
8.7097314330e-01
8.6636717536e-01
8.6080002122e-01
8.5421443045e-01
8.4789548360e-01
8.4077851409e-01
8.3281598410e-01
8.2395664410e-01
8.1539888253e-01
8.0606974782e-01
7.9592959735e-01
7.8493821865e-01
7.7411358763e-01
7.6251419668e-01
7.5011120967e-01
7.3687771797e-01
7.2270928842e-01
7.0765573612e-01
6.9170105773e-01
6.7483530151e-01
6.5843738085e-01
6.4126355097e-01
6.2332576382e-01
6.0464436391e-01
5.8554177897e-01
5.6578436750e-01
5.4542073800e-01
5.2451045211e-01
5.0713020586e-01
4.8947810829e-01
4.7160277962e-01
4.5355741360e-01
4.3466727063e-01
4.1572415242e-01
3.9680030408e-01
3.7797040899e-01
3.5970053183e-01
3.4166505781e-01
3.2393419603e-01
3.0657581410e-01
2.9012295813e-01
2.7413788798e-01
2.5867070473e-01
2.4376600674e-01
2.2799060958e-01
2.1299285659e-01
1.9880647140e-01
1.8545591234e-01
1.7080770752e-01
1.5735426655e-01
1.4509348356e-01
1.3401217009e-01
1.2519930170e-01
1.1726809153e-01
1.1019718880e-01
1.0396401210e-01
9.8154062016e-02
9.3264515307e-02
8.9270084413e-02
8.6148604073e-02
8.3726554159e-02
8.2294805164e-02
8.1842816173e-02
8.2367202695e-02
8.3646573693e-02
8.5699102645e-02
8.8536350931e-02
9.2173738121e-02
9.6489919462e-02
1.0159843260e-01
1.0752102607e-01
1.1428057623e-01
1.2295438279e-01
1.3275847587e-01
1.4372142439e-01
1.5586596669e-01
1.6647051969e-01
1.7784731900e-01
1.8999353726e-01
2.0290027040e-01
2.1581308625e-01
2.2937504517e-01
2.4356078638e-01
2.5833879848e-01
2.7439738823e-01
2.9101343638e-01
3.0813064006e-01
3.2568709978e-01
3.4355872982e-01
3.6173115725e-01
3.8013272019e-01
3.9869071825e-01
4.1734009752e-01
4.3600204553e-01
4.5460770319e-01
4.7309151144e-01
4.9444463055e-01
5.1545788759e-01
5.3605103081e-01
5.5615384654e-01
5.7793365623e-01
5.9896000416e-01
6.1917923161e-01
6.3855154347e-01
6.5696304839e-01
6.7449337675e-01
6.9113651134e-01
7.0689473581e-01
7.2252367075e-01
7.3720188691e-01
7.5095257817e-01
7.6380325362e-01
7.7743262996e-01
7.8997505108e-01
8.0148176547e-01
8.1200475048e-01
8.2400281671e-01
8.3460683107e-01
8.4391279979e-01
8.5200959507e-01
8.6110545457e-01
8.6834049753e-01
8.7385114693e-01
8.7774123410e-01
8.8011343683e-01
8.8091045880e-01
8.8013471962e-01
8.7775176767e-01
8.7496540834e-01
8.7124929079e-01
8.6655267548e-01
8.6081427681e-01
8.5524939912e-01
8.4888243430e-01
8.4166344242e-01
8.3353823401e-01
8.2572285363e-01
8.1714415229e-01
8.0776078541e-01
7.9753031325e-01
7.8744340038e-01
7.7658625981e-01
7.6492709198e-01
7.5243530707e-01
7.3937740671e-01
7.2547023879e-01
7.1069281530e-01
6.9502847971e-01
6.7865554334e-01
6.6139957182e-01
6.4326343576e-01
6.2425872563e-01
6.0701878254e-01
5.8915746659e-01
5.7070299238e-01
5.5169115663e-01
5.3428439066e-01
5.1650501176e-01
4.9839511299e-01
4.8000206581e-01
4.6172477639e-01
4.4327943189e-01
4.2472414320e-01
4.0612041559e-01
3.8609456921e-01
3.6616978582e-01
3.4642964480e-01
3.2695715521e-01
3.0982550911e-01
2.9302849567e-01
2.7661816938e-01
2.6064245897e-01
2.4370637420e-01
2.2739159042e-01
2.1173883461e-01
1.9678018378e-01
1.8026141471e-01
1.6473802769e-01
1.5021762555e-01
1.3669448007e-01
1.2502229756e-01
1.1417222950e-01
1.0411673384e-01
9.4823542168e-02
8.5549240350e-02
7.7083138974e-02
6.9374206617e-02
6.2370669386e-02
5.4219441310e-02
4.7067211460e-02
4.0808490591e-02
3.5344476436e-02
2.9022832585e-02
2.3798704163e-02
1.9492888441e-02
1.5951561753e-02
1.3110447129e-02
1.0769887877e-02
8.8440098348e-03
7.2610012845e-03
5.7951030020e-03
4.6265772097e-03
3.6963746059e-03
2.9571563895e-03
2.2632340135e-03
1.7427534488e-03
1.3559707155e-03
1.0733042959e-03
8.7322125340e-04
7.4038236272e-04
6.6454847314e-04
6.3989166620e-04
