1.1485631047e-02
1.1661412813e-02
1.2193884766e-02
1.3098607603e-02
1.4401898061e-02
1.6020291152e-02
1.8062988718e-02
2.0580491900e-02
2.3633916458e-02
2.6496279521e-02
2.9786080490e-02
3.3550353070e-02
3.7841279246e-02
4.1812561914e-02
4.6214881746e-02
5.1085198779e-02
5.6462559558e-02
6.1844703481e-02
6.7714969519e-02
7.4106244449e-02
8.1051780407e-02
8.9001946517e-02
9.7641673488e-02
1.0700733154e-01
1.1713272068e-01
1.2717555723e-01
1.3791119773e-01
1.4935546190e-01
1.6151903480e-01
1.7390134164e-01
1.8695193888e-01
2.0066288172e-01
2.1501950266e-01
2.2844597303e-01
2.4235520768e-01
2.5672195004e-01
2.7151648226e-01
2.9015372142e-01
3.0931049544e-01
3.2890952730e-01
3.4886775754e-01
3.6584916352e-01
3.8296949234e-01
4.0017539017e-01
4.1741387838e-01
4.3551649650e-01
4.5353939190e-01
4.7142704460e-01
4.8912726268e-01
5.0886797346e-01
5.2824309245e-01
5.4719599733e-01
5.6567730294e-01
5.8676650598e-01
6.0708817076e-01
6.2659863424e-01
6.4526592062e-01
6.6240023091e-01
6.7872445065e-01
6.9423475834e-01
7.0893336500e-01
7.2338713237e-01
7.3698159409e-01
7.4973381037e-01
7.6166393492e-01
7.7422115192e-01
7.8578623638e-01
7.9639576849e-01
8.0608688825e-01
8.1667041824e-01
8.2601896987e-01
8.3419317396e-01
8.4124921109e-01
8.4807363507e-01
8.5354265302e-01
8.5771326221e-01
8.6063038955e-01
8.6235513105e-01
8.6281404739e-01
8.6201390878e-01
8.5994715514e-01
8.5719305212e-01
8.5349544484e-01
8.4882616357e-01
8.4315019579e-01
8.3747610797e-01
8.3100847531e-01
8.2371486135e-01
8.1556015567e-01
8.0753841814e-01
7.9877569871e-01
7.8924359334e-01
7.7891337431e-01
7.6860477716e-01
7.5756428479e-01
7.4577079797e-01
7.3320481433e-01
7.1970272727e-01
7.0537903835e-01
6.9022277593e-01
6.7422773627e-01
6.5862406156e-01
6.4230144316e-01
6.2527050055e-01
6.0754839997e-01
5.9059056082e-01
5.7308935218e-01
5.5507629851e-01
5.3658948872e-01
5.2007695228e-01
5.0327095343e-01
4.8620983222e-01
4.6893582632e-01
4.5163843425e-01
4.3422498480e-01
4.1674647437e-01
3.9925626450e-01
3.8039493734e-01
3.6165563088e-01
3.4310976853e-01
3.2482790812e-01
3.0892437644e-01
2.9332670754e-01
2.7807757315e-01
2.6321642896e-01
2.4760453202e-01
2.3252930428e-01
2.1802460712e-01
2.0411801467e-01
1.8945267253e-01
1.7556518910e-01
1.6246638655e-01
1.5015879176e-01
1.3855926463e-01
1.2774513676e-01
1.1769894679e-01
1.0839859429e-01
9.9768782397e-02
9.1838788705e-02
8.4577964719e-02
7.7954689090e-02
7.1089183059e-02
6.4975791839e-02
5.9568505596e-02
5.4823780400e-02
4.9572231578e-02
4.5295876403e-02
4.1926404083e-02
3.9407900895e-02
3.7530627055e-02
3.6646556765e-02
3.6735720585e-02
3.7800136498e-02
3.9243322007e-02
4.1260419142e-02
4.3876078104e-02
4.7121562089e-02
5.0377518388e-02
5.4134716490e-02
5.8422197926e-02
6.3271717703e-02
6.8276390345e-02
7.3817457273e-02
7.9924426536e-02
8.6627486583e-02
9.4195111626e-02
1.0246164728e-01
1.1145863563e-01
1.2121541440e-01
1.3108611592e-01
1.4166729726e-01
1.5297294144e-01
1.6501199592e-01
1.7684056581e-01
1.8930063271e-01
2.0238418000e-01
2.1607744561e-01
2.2954710318e-01
2.4352099269e-01
2.5797261262e-01
2.7287077384e-01
2.8996954265e-01
3.0752391609e-01
3.2547314746e-01
3.4375209943e-01
3.6078600697e-01
3.7798590044e-01
3.9529643159e-01
4.1266238676e-01
4.3069687260e-01
4.4867342550e-01
4.6653557883e-01
4.8423002157e-01
5.0418371660e-01
5.2378590263e-01
5.4297622196e-01
5.6170181415e-01
5.8222085636e-01
6.0203652660e-01
6.2110619746e-01
6.3939776292e-01
6.5685526512e-01
6.7350160916e-01
6.8933045849e-01
7.0434196099e-01
7.1902374701e-01
7.3284766319e-01
7.4582936246e-01
7.5798783593e-01
7.7079217137e-01
7.8260208840e-01
7.9345327271e-01
8.0338219350e-01
8.1416179582e-01
8.2371991425e-01
8.3211539112e-01
8.3940296448e-01
8.4651699136e-01
8.5228213454e-01
8.5675488067e-01
8.5997998815e-01
8.6204158552e-01
8.6281816847e-01
8.6231712527e-01
8.6053108802e-01
8.5802207090e-01
8.5456996549e-01
8.5014656647e-01
8.4471672591e-01
8.3925294637e-01
8.3299540263e-01
8.2591130458e-01
8.1796506908e-01
8.1012568082e-01
8.0154308689e-01
7.9218821013e-01
7.8203152291e-01
7.7192148954e-01
7.6108066775e-01
7.4948722891e-01
7.3712078508e-01
7.2397088049e-01
7.1001482802e-01
6.9524048106e-01
6.7964000510e-01
6.6404945384e-01
6.4771347884e-01
6.3064082955e-01
6.1284690625e-01
5.9628805513e-01
5.7918900742e-01
5.6157761403e-01
5.4348780308e-01
5.2694890149e-01
5.1009310104e-01
4.9295769970e-01
4.7558407039e-01
4.5833059283e-01
4.4093733956e-01
4.2345369154e-01
4.0593159951e-01
3.8667361773e-01
3.6750835679e-01
3.4851039729e-01
3.2975386479e-01
3.1372700419e-01
2.9798210493e-01
2.8256221300e-01
2.6750739626e-01
2.5168514891e-01
2.3637331256e-01
2.2160705407e-01
2.0741540135e-01
1.9212555014e-01
1.7761854444e-01
1.6390765804e-01
1.5099700464e-01
1.3906781003e-01
1.2789841986e-01
1.1747178509e-01
1.0776586397e-01
9.8605804083e-02
9.0133612862e-02
8.2316235440e-02
7.5119074451e-02
6.7493021378e-02
6.0599779258e-02
5.4384481173e-02
4.8793849209e-02
4.2401515149e-02
3.6866777393e-02
3.2094442246e-02
2.7998399441e-02
2.4061779370e-02
2.0802982817e-02
1.8137475697e-02
1.5994412504e-02
1.4134034817e-02
1.2798470701e-02
1.1940434270e-02
1.1529311897e-02
1.1533697650e-02
1.1906999054e-02
1.2660633075e-02
1.3817579683e-02
1.5245053131e-02
1.7068165054e-02
1.9331262029e-02
2.2088510691e-02
2.4778260196e-02
2.7889360196e-02
3.1469111891e-02
3.5570394060e-02
3.9409781158e-02
4.3684592268e-02
4.8433836722e-02
5.3698989237e-02
5.8906841731e-02
6.4599729943e-02
7.0811673966e-02
7.7577296256e-02
8.5293641659e-02
9.3694916837e-02
1.0281937154e-01
1.1270304598e-01
1.2261697902e-01
1.3324070152e-01
1.4459301070e-01
1.5668756241e-01
1.6892618141e-01
1.8184830912e-01
1.9544834624e-01
2.0971384851e-01
2.2324333753e-01
2.3728651737e-01
2.5181820192e-01
2.6680825601e-01
2.8582488615e-01
3.0540817971e-01
3.2547579691e-01
3.4593858010e-01
3.6296411035e-01
3.8013886409e-01
3.9740880111e-01
4.1472014191e-01
4.3283200798e-01
4.5087263225e-01
4.6878602368e-01
4.8651944351e-01
5.0603851834e-01
5.2521032929e-01
5.4397947128e-01
5.6229738483e-01
5.8395442394e-01
6.0481746105e-01
6.2483828974e-01
6.4398156736e-01
6.6110507660e-01
6.7742576833e-01
6.9293935639e-01
7.0764756452e-01
7.2211054058e-01
7.3572081697e-01
7.4849489204e-01
7.6045237966e-01
7.7297175130e-01
7.8451668172e-01
7.9512247095e-01
8.0482505095e-01
8.1587829001e-01
8.2560955944e-01
8.3408586232e-01
8.4136919997e-01
8.4821850233e-01
8.5369294164e-01
8.5785050716e-01
8.6073672607e-01
8.6240014887e-01
8.6280640309e-01
8.6196161522e-01
8.5985776459e-01
8.5706377171e-01
8.5332308850e-01
8.4860716406e-01
8.4288058363e-01
8.3718313330e-01
8.3069486199e-01
8.2338345844e-01
8.1521398215e-01
8.0718290311e-01
7.9841378459e-01
7.8887843684e-01
7.7854836816e-01
7.6824531426e-01
7.5721400725e-01
7.4543357789e-01
7.3288475240e-01
7.1921694187e-01
7.0470978678e-01
6.8935214909e-01
6.7313790650e-01
6.5760003670e-01
6.4135420467e-01
6.2441116220e-01
6.0678805958e-01
5.8956386141e-01
5.7178277500e-01
5.5347811122e-01
5.3469014122e-01
5.1821763054e-01
5.0145835524e-01
4.8445056265e-01
4.6723631046e-01
4.4993345446e-01
4.3251953281e-01
4.1504572598e-01
3.9756552066e-01
3.7886935256e-01
3.6029887607e-01
3.4192371918e-01
3.2381258677e-01
3.0792320830e-01
2.9234264491e-01
2.7711341060e-01
2.6227476668e-01
2.4665403544e-01
2.3157504443e-01
2.1707152194e-01
2.0317083413e-01
1.8856560325e-01
1.7473789564e-01
1.6169797370e-01
1.4944787722e-01
1.3788930697e-01
1.2711609044e-01
1.1711042871e-01
1.0784993686e-01
9.9242321703e-02
9.1336257145e-02
8.4100767551e-02
7.7503945552e-02
7.0644240071e-02
6.4543332094e-02
5.9154453645e-02
5.4433423507e-02
4.9247016524e-02
4.5032250612e-02
4.1721493159e-02
3.9259592726e-02
3.7450368904e-02
3.6625824287e-02
3.6767451435e-02
3.7878436218e-02
3.9355697459e-02
4.1406078465e-02
4.4054511201e-02
4.7332481982e-02
5.0619647502e-02
5.4409166413e-02
5.8730205527e-02
6.3614617888e-02
6.8670126208e-02
7.4266875366e-02
8.0434662080e-02
8.7203933885e-02
9.4791749528e-02
1.0307490499e-01
1.1208441329e-01
1.2184905313e-01
1.3175562170e-01
1.4237223097e-01
1.5371252038e-01
1.6578506095e-01
1.7763486642e-01
1.9011361953e-01
2.0321298686e-01
2.1691890973e-01
2.3057175169e-01
2.4473804980e-01
2.5939002889e-01
2.7449503739e-01
2.9232394162e-01
3.1063636277e-01
3.2936327137e-01
3.4843074078e-01
3.6541077322e-01
3.8254004276e-01
3.9976417220e-01
4.1702911315e-01
4.3514186466e-01
4.5318177894e-01
4.7109231558e-01
4.8882028777e-01
5.0885777923e-01
5.2852289299e-01
5.4775564528e-01
5.6650381351e-01
5.8889257269e-01
6.1040946911e-01
6.3100302546e-01
6.5063667171e-01
6.6742975750e-01
6.8342139950e-01
6.9860948939e-01
7.1299758395e-01
7.2731210561e-01
7.4076096430e-01
7.5336242649e-01
7.6513770395e-01
7.7751567681e-01
7.8889846470e-01
7.9932345165e-01
8.0882832116e-01
8.1916844892e-01
8.2827533955e-01
8.3620886020e-01
8.4302396478e-01
8.4972863484e-01
8.5499754998e-01
8.5888767309e-01
8.6144170059e-01
8.6266202322e-01
8.6269112316e-01
8.6152788937e-01
8.5915840689e-01
8.5609766546e-01
8.5207993007e-01
8.4707295987e-01
8.4103775074e-01
8.3518725472e-01
8.2856094106e-01
8.2112663283e-01
8.1284983994e-01
8.0471014327e-01
7.9584144343e-01
7.8621619708e-01
7.7580671864e-01
7.6534790711e-01
7.5415892891e-01
7.4221935902e-01
7.2951050001e-01
7.1497185982e-01
6.9950884491e-01
6.8311023857e-01
6.6577121373e-01
6.5032252961e-01
6.3420533381e-01
6.1743179079e-01
6.0002003943e-01
5.8222533600e-01
5.6386304789e-01
5.4497106446e-01
5.2559485678e-01
5.0917006948e-01
4.9248244685e-01
4.7557029109e-01
4.5847540355e-01
4.4081089726e-01
4.2305355731e-01
4.0525784634e-01
3.8748035432e-01
3.6946252108e-01
3.5158570219e-01
3.3391153395e-01
3.1650043124e-01
3.0060654480e-01
2.8503458221e-01
2.6982589066e-01
2.5501831913e-01
2.3943100222e-01
2.2439431689e-01
2.0993949422e-01
1.9609122644e-01
1.8056831896e-01
1.6593164002e-01
1.5218791719e-01
1.3933331627e-01
1.2824308830e-01
1.1788302062e-01
1.0823181536e-01
9.9264259205e-02
9.0618913036e-02
8.2650263268e-02
7.5322205099e-02
6.8597741148e-02
6.1345978575e-02
5.4831085880e-02
4.8993324734e-02
4.3775493344e-02
3.7781750501e-02
3.2648853205e-02
2.8275112618e-02
2.4570088904e-02
2.1164571556e-02
1.8384904226e-02
1.6154574873e-02
1.4410944886e-02
1.3103532177e-02
1.2196023185e-02
1.1661941810e-02
1.1485633788e-02
