3.2563675106e-10
1.1459296450e-10
6.7435845373e-10
1.9796421636e-09
1.7523581610e-08
5.0204095874e-08
1.3839257439e-07
3.7999600533e-07
1.0837470882e-06
2.0948102741e-06
4.0277950283e-06
7.7436684135e-06
1.4943879298e-05
2.3759889402e-05
3.7742798269e-05
5.9953731545e-05
9.5298043356e-05
1.3519106413e-04
1.9173951455e-04
2.7193319477e-04
3.8571577197e-04
5.0910722683e-04
6.7189633640e-04
8.8668115879e-04
1.1700886939e-03
1.4755482268e-03
1.8605219530e-03
2.3456477535e-03
2.9568710156e-03
3.6301356875e-03
4.4558080580e-03
5.4680224641e-03
6.7083542871e-03
8.3964264328e-03
1.0503631913e-02
1.3131128741e-02
1.6402735718e-02
1.9185270584e-02
2.2426558421e-02
2.6197412037e-02
3.0577771120e-02
3.4484323988e-02
3.8865005447e-02
4.3770575626e-02
4.9255373568e-02
5.4631105068e-02
6.0546037813e-02
6.7043301950e-02
7.4166955419e-02
8.2104986041e-02
9.0784064546e-02
1.0024901571e-01
1.1054196470e-01
1.2114784593e-01
1.3256746216e-01
1.4482313530e-01
1.5792998669e-01
1.7173779093e-01
1.8638198979e-01
2.0184931047e-01
2.1811544541e-01
2.3296127804e-01
2.4835913615e-01
2.6427121068e-01
2.8065345489e-01
3.0057933813e-01
3.2100219709e-01
3.4182295430e-01
3.6293713222e-01
3.8119409109e-01
3.9951949275e-01
4.1784608905e-01
4.3610849788e-01
4.5762109005e-01
4.7885678892e-01
4.9972584260e-01
5.2014785226e-01
5.4113099160e-01
5.6146787142e-01
5.8110057911e-01
5.9998319624e-01
6.1997436068e-01
6.3897173667e-01
6.5695710370e-01
6.7392446540e-01
6.8974146801e-01
7.0457596511e-01
7.1844788117e-01
7.3138280131e-01
7.4469356717e-01
7.5693066196e-01
7.6814355688e-01
7.7838396414e-01
7.8952188137e-01
7.9941393040e-01
8.0815194984e-01
8.1582521317e-01
8.2435367346e-01
8.3140319523e-01
8.3713822438e-01
8.4170934605e-01
8.4595401404e-01
8.4885790051e-01
8.5062186816e-01
8.5142016304e-01
8.5143051706e-01
8.5084960794e-01
8.4976573533e-01
8.4825527470e-01
8.4618422417e-01
8.4375291845e-01
8.4102471817e-01
8.3805327653e-01
8.3438736595e-01
8.3051638071e-01
8.2648803783e-01
8.2234151227e-01
8.1722852245e-01
8.1203510287e-01
8.0679677738e-01
8.0154121558e-01
7.9481048507e-01
7.8811962668e-01
7.8149229894e-01
7.7494453227e-01
7.6638562827e-01
7.5799755505e-01
7.4978398881e-01
7.4174199716e-01
7.3251591904e-01
7.2349823558e-01
7.1466868234e-01
7.0600604561e-01
6.9796198006e-01
6.9003473142e-01
6.8221532325e-01
6.7450195560e-01
6.6795411092e-01
6.6150218777e-01
6.5516594964e-01
6.4897380729e-01
6.4353101366e-01
6.3827126750e-01
6.3323527284e-01
6.2846922308e-01
6.2402713329e-01
6.1995908278e-01
6.1631990533e-01
6.1316343300e-01
6.1054198212e-01
6.0849787724e-01
6.0706761638e-01
6.0627769570e-01
6.0613627504e-01
6.0660413363e-01
6.0767299767e-01
6.0932432518e-01
6.1173406569e-01
6.1474672032e-01
6.1830843515e-01
6.2236005653e-01
6.2690952978e-01
6.3183603678e-01
6.3707878487e-01
6.4258202820e-01
6.4937117127e-01
6.5638910613e-01
6.6358323778e-01
6.7091585997e-01
6.7890659629e-01
6.8701484846e-01
6.9523854448e-01
7.0358518055e-01
7.1140636359e-01
7.1935876026e-01
7.2745811354e-01
7.3572021611e-01
7.4255930232e-01
7.4952193959e-01
7.5661289132e-01
7.6383441815e-01
7.6953458323e-01
7.7531063244e-01
7.8115799589e-01
7.8706931491e-01
7.9202017108e-01
7.9699918915e-01
8.0199509046e-01
8.0699325281e-01
8.1127829467e-01
8.1553643362e-01
8.1974941534e-01
8.2389490889e-01
8.2748142048e-01
8.3097151054e-01
8.3433832812e-01
8.3754999261e-01
8.4031004437e-01
8.4287644270e-01
8.4521002626e-01
8.4726517964e-01
8.4901274371e-01
8.5035397519e-01
8.5121373042e-01
8.5150478613e-01
8.5121396114e-01
8.5033324519e-01
8.4877502803e-01
8.4644046930e-01
8.4360692292e-01
8.3997666620e-01
8.3545251303e-01
8.2992795719e-01
8.2481445804e-01
8.1895270644e-01
8.1227892349e-01
8.0472606014e-01
7.9737890587e-01
7.8926444633e-01
7.8033395660e-01
7.7053818458e-01
7.6080439482e-01
7.5027251548e-01
7.3890689141e-01
7.2667370911e-01
7.1230219771e-01
6.9682540323e-01
6.8021449781e-01
6.6244929580e-01
6.4645025301e-01
6.2961312569e-01
6.1194719873e-01
5.9347066881e-01
5.7563970885e-01
5.5716677186e-01
5.3809143488e-01
5.1846243988e-01
5.0095411635e-01
4.8311396869e-01
4.6499181464e-01
4.4664261510e-01
4.2371618095e-01
4.0065590850e-01
3.7759116367e-01
3.5465609804e-01
3.3657593727e-01
3.1873226135e-01
3.0119099589e-01
2.8401496691e-01
2.6625631679e-01
2.4903852077e-01
2.3241756303e-01
2.1644100194e-01
1.9969623406e-01
1.8381194234e-01
1.6881318010e-01
1.5471245277e-01
1.4146730713e-01
1.2911735342e-01
1.1764386095e-01
1.0702050645e-01
9.6969715451e-02
8.7739551883e-02
7.9286322125e-02
7.1564025223e-02
6.3168003989e-02
5.5680896059e-02
4.9021871706e-02
4.3113093016e-02
3.6420712374e-02
3.0725345160e-02
2.5890795841e-02
2.1795715580e-02
1.7935843869e-02
1.4746907189e-02
1.2116376596e-02
9.9492045862e-03
7.9861963787e-03
6.4075156533e-03
5.1389318038e-03
4.1201660705e-03
3.1446899966e-03
2.3995871525e-03
1.8306339707e-03
1.3962761920e-03
9.6186695206e-04
6.6264975564e-04
4.5646081627e-04
3.1431346940e-04
1.7085777131e-04
9.3109813305e-05
5.0735952324e-05
2.7545975138e-05
7.0114676600e-06
2.0561672138e-06
5.8230743270e-07
1.7282721743e-07
-2.3253158987e-09
9.4449257783e-09
-1.2711007121e-09
7.0453005730e-09
1.4817199136e-09
2.5441480283e-09
8.0834396068e-09
5.2129550588e-08
1.3466392225e-07
3.3859299148e-07
8.5000170325e-07
2.1823355392e-06
4.0067682442e-06
7.3305272319e-06
1.3410709180e-05
2.4596165434e-05
3.7878411395e-05
5.8296498299e-05
8.9719205560e-05
1.3814185429e-04
1.9199932018e-04
2.6680613938e-04
3.7074570566e-04
5.1521497260e-04
6.7148849813e-04
8.7506760066e-04
1.1402805632e-03
1.4857881290e-03
1.8586090543e-03
2.3246659201e-03
2.9071735013e-03
3.6350553540e-03
4.4540530821e-03
5.4562802371e-03
6.6821778566e-03
8.1808138580e-03
9.9054306898e-03
1.1988169412e-02
1.4500989594e-02
1.7529143815e-02
2.0493814096e-02
2.3944812865e-02
2.7956449531e-02
3.2612350775e-02
3.6698773771e-02
4.1269927776e-02
4.6376037761e-02
5.2070585166e-02
5.7706268061e-02
6.3899481584e-02
7.0693402583e-02
7.8131820803e-02
8.8225258767e-02
9.9438547364e-02
1.1184600026e-01
1.2551359648e-01
1.3695522027e-01
1.4919801151e-01
1.6225334146e-01
1.7612450776e-01
1.8932514004e-01
2.0317318822e-01
2.1765046787e-01
2.3273160586e-01
2.4885801452e-01
2.6554662915e-01
2.8274650301e-01
3.0039991322e-01
3.1866020813e-01
3.3724874499e-01
3.5609101229e-01
3.7511025891e-01
3.9376362233e-01
4.1243994745e-01
4.3106941810e-01
4.4958492196e-01
4.7079404199e-01
4.9167409277e-01
5.1214267517e-01
5.3212688862e-01
5.5392874452e-01
5.7496508448e-01
5.9517668909e-01
6.1451878229e-01
6.3326931419e-01
6.5106757798e-01
6.6790466379e-01
6.8378153840e-01
6.9920393921e-01
7.1362747996e-01
7.2707686837e-01
7.3958195709e-01
7.5241851726e-01
7.6418020705e-01
7.7492036677e-01
7.8469394965e-01
7.9555414630e-01
8.0511869612e-01
8.1349012735e-01
8.2076717069e-01
8.2833904823e-01
8.3456686862e-01
8.3960026078e-01
8.4357581028e-01
8.4713311945e-01
8.4952809648e-01
8.5092933905e-01
8.5148371564e-01
8.5133395635e-01
8.5061046864e-01
8.4939974260e-01
8.4777648653e-01
8.4558819094e-01
8.4305085144e-01
8.4022677253e-01
8.3716861656e-01
8.3340156685e-01
8.2943809703e-01
8.2532514708e-01
8.2110114743e-01
8.1587999871e-01
8.1058617419e-01
8.0525458398e-01
7.9991226833e-01
7.9305772067e-01
7.8625186904e-01
7.7951739250e-01
7.7286935605e-01
7.6427331968e-01
7.5585292574e-01
7.4761000856e-01
7.3954016424e-01
7.3020001144e-01
7.2107074502e-01
7.1213049697e-01
7.0335702445e-01
6.9503833197e-01
6.8684158054e-01
6.7875952013e-01
6.7079441845e-01
6.6431263033e-01
6.5793638227e-01
6.5169005241e-01
6.4560698188e-01
6.4021095635e-01
6.3502771663e-01
6.3010312892e-01
6.2548817368e-01
6.2108399409e-01
6.1713623935e-01
6.1370792986e-01
6.1085866630e-01
6.0883483254e-01
6.0735490899e-01
6.0644325288e-01
6.0611526350e-01
6.0638631863e-01
6.0726241329e-01
6.0872820982e-01
6.1075869697e-01
6.1354402717e-01
6.1689661398e-01
6.2075938495e-01
6.2507182979e-01
6.2990951377e-01
6.3509328883e-01
6.4056350223e-01
6.4626680187e-01
6.5318421388e-01
6.6029950548e-01
6.6756845250e-01
6.7496106968e-01
6.8311107382e-01
6.9137904107e-01
6.9976840707e-01
7.0829102305e-01
7.1595669941e-01
7.2375449042e-01
7.3169898708e-01
7.3980417004e-01
7.4641599120e-01
7.5314362421e-01
7.5999017788e-01
7.6695628838e-01
7.7254000274e-01
7.7819354449e-01
7.8391149797e-01
7.8968562750e-01
7.9455014580e-01
7.9943655103e-01
8.0433277541e-01
8.0922333578e-01
8.1341809433e-01
8.1757857504e-01
8.2168571437e-01
8.2571630663e-01
8.2920785069e-01
8.3259345269e-01
8.3584516064e-01
8.3892988444e-01
8.4158552827e-01
8.4403146881e-01
8.4622621217e-01
8.4812149007e-01
8.4972994851e-01
8.5086941724e-01
8.5145127730e-01
8.5137232222e-01
8.5071567746e-01
8.4943776806e-01
8.4744919531e-01
8.4464954577e-01
8.4140834894e-01
8.3735927051e-01
8.3240812456e-01
8.2645231257e-01
8.2100513879e-01
8.1481428239e-01
8.0781953893e-01
7.9995799323e-01
7.9223085065e-01
7.8372837824e-01
7.7440358128e-01
7.6420931228e-01
7.5403235672e-01
7.4304599566e-01
7.3121643475e-01
7.1851215876e-01
7.0065267564e-01
6.8121710041e-01
6.6016992018e-01
6.3749639965e-01
6.2125029819e-01
6.0427649581e-01
5.8659378880e-01
5.6822913991e-01
5.5076447996e-01
5.3278791545e-01
5.1434148832e-01
4.9547446502e-01
4.7783149475e-01
4.5993058038e-01
4.4182543175e-01
4.2357407327e-01
4.0251386651e-01
3.8144105254e-01
3.6045760016e-01
3.3966697802e-01
3.2194399333e-01
3.0450629844e-01
2.8741561241e-01
2.7072981602e-01
2.5364462471e-01
2.3712329028e-01
2.2121338941e-01
2.0595422415e-01
1.8860139891e-01
1.7225925282e-01
1.5694729835e-01
1.4266940135e-01
1.3025837852e-01
1.1872268330e-01
1.0803680119e-01
9.8169029368e-02
8.8576485968e-02
7.9811819421e-02
7.1825016833e-02
6.4564693264e-02
5.6090639114e-02
4.8654746700e-02
4.2148768479e-02
3.6470733228e-02
2.9738607261e-02
2.4210302315e-02
1.9683905901e-02
1.5986596944e-02
1.3045607123e-02
1.0638563294e-02
8.6708746232e-03
7.0638804457e-03
5.5837687416e-03
4.4121930302e-03
3.4853853904e-03
2.7525327569e-03
2.0385065769e-03
1.5094737891e-03
1.1175480412e-03
8.2720225455e-04
5.3648433435e-04
3.4806023048e-04
2.2579559516e-04
1.4637965040e-04
6.8741532160e-05
3.2523177044e-05
1.5382817586e-05
7.2000537690e-06
1.1938835081e-06
3.2817487390e-07
6.9007591289e-08
4.1656385103e-08
6.1284413087e-09
1.7635623647e-09
3.7431980722e-10
5.5493378622e-10
