0.0000000000e+00
8.5742002120e-03
1.7148400424e-02
2.5722600636e-02
3.4296800848e-02
3.8768996527e-02
4.3241192206e-02
4.7713387885e-02
5.2185583565e-02
5.5009825310e-02
5.7834067056e-02
6.0658308801e-02
6.3482550546e-02
6.5464308830e-02
6.7446067113e-02
6.9427825396e-02
7.1409583680e-02
7.2901706494e-02
7.4393829308e-02
7.5885952123e-02
7.7378074937e-02
7.8567832245e-02
7.9757589553e-02
8.0947346861e-02
8.2137104169e-02
8.3140549860e-02
8.4143995550e-02
8.5147441241e-02
8.6150886931e-02
8.7079804775e-02
8.8008722619e-02
8.8937640462e-02
8.9866558306e-02
9.0692755196e-02
9.1518952086e-02
9.2345148976e-02
9.3171345866e-02
9.3829472957e-02
9.4487600048e-02
9.5145727139e-02
9.5803854231e-02
9.6338674280e-02
9.6873494329e-02
9.7408314378e-02
9.7943134427e-02
9.8442389324e-02
9.8941644220e-02
9.9440899117e-02
9.9940154013e-02
1.0048525123e-01
1.0103034845e-01
1.0157544567e-01
1.0212054289e-01
1.0257567568e-01
1.0303080848e-01
1.0348594128e-01
1.0394107408e-01
1.0436274147e-01
1.0478440885e-01
1.0520607624e-01
1.0562774362e-01
1.0623593532e-01
1.0684412701e-01
1.0745231870e-01
1.0806051039e-01
1.0850008427e-01
1.0893965815e-01
1.0937923202e-01
1.0981880590e-01
1.1033609156e-01
1.1085337722e-01
1.1137066288e-01
1.1188794854e-01
1.1244112774e-01
1.1299430694e-01
1.1354748614e-01
1.1410066534e-01
1.1468914432e-01
1.1527762331e-01
1.1586610229e-01
1.1645458127e-01
1.1706735863e-01
1.1768013599e-01
1.1829291335e-01
1.1890569070e-01
1.1961740380e-01
1.2032911690e-01
1.2104083000e-01
1.2175254310e-01
1.2265405783e-01
1.2355557257e-01
1.2445708731e-01
1.2535860205e-01
1.2643056384e-01
1.2750252563e-01
1.2857448742e-01
1.2964644921e-01
1.3082670315e-01
1.3200695709e-01
1.3318721103e-01
1.3436746497e-01
1.3560640424e-01
1.3684534352e-01
1.3808428280e-01
1.3932322207e-01
1.4073824401e-01
1.4215326595e-01
1.4356828789e-01
1.4498330983e-01
1.4668784827e-01
1.4839238672e-01
1.5009692516e-01
1.5180146361e-01
1.5398649463e-01
1.5617152565e-01
1.5835655666e-01
1.6054158768e-01
1.6364137986e-01
1.6674117204e-01
1.6984096422e-01
1.7294075640e-01
1.7647185985e-01
1.8000296330e-01
1.8353406675e-01
1.8706517020e-01
1.8976254197e-01
1.9245991373e-01
1.9515728549e-01
1.9785465725e-01
2.0054157421e-01
2.0322849117e-01
2.0591540813e-01
2.0860232508e-01
2.1117720443e-01
2.1375208378e-01
2.1632696312e-01
2.1890184247e-01
2.2088251620e-01
2.2286318992e-01
2.2484386365e-01
2.2682453737e-01
2.2875531038e-01
2.3068608340e-01
2.3261685641e-01
2.3454762943e-01
2.3652960775e-01
2.3851158608e-01
2.4049356441e-01
2.4247554273e-01
2.4420451646e-01
2.4593349018e-01
2.4766246391e-01
2.4939143763e-01
2.5117022126e-01
2.5294900489e-01
2.5472778852e-01
2.5650657214e-01
2.5843706760e-01
2.6036756306e-01
2.6229805853e-01
2.6422855399e-01
2.6610498851e-01
2.6798142303e-01
2.6985785755e-01
2.7173429207e-01
2.7386860430e-01
2.7600291653e-01
2.7813722877e-01
2.8027154100e-01
2.8274794298e-01
2.8522434497e-01
2.8770074695e-01
2.9017714893e-01
2.9283851067e-01
2.9549987242e-01
2.9816123416e-01
3.0082259590e-01
3.0425509648e-01
3.0768759705e-01
3.1112009762e-01
3.1455259820e-01
3.1757262330e-01
3.2059264840e-01
3.2361267351e-01
3.2663269861e-01
3.2903860175e-01
3.3144450489e-01
3.3385040803e-01
3.3625631117e-01
3.3816676032e-01
3.4007720947e-01
3.4198765862e-01
3.4389810777e-01
3.4549477024e-01
3.4709143270e-01
3.4868809517e-01
3.5028475763e-01
3.5166392231e-01
3.5304308700e-01
3.5442225168e-01
3.5580141637e-01
3.5703130498e-01
3.5826119359e-01
3.5949108220e-01
3.6072097081e-01
3.6187905639e-01
3.6303714197e-01
3.6419522755e-01
3.6535331313e-01
3.6654034319e-01
3.6772737324e-01
3.6891440330e-01
3.7010143336e-01
3.7106590215e-01
3.7203037093e-01
3.7299483971e-01
3.7395930850e-01
3.7472340720e-01
3.7548750591e-01
3.7625160461e-01
3.7701570332e-01
3.7766567621e-01
3.7831564910e-01
3.7896562199e-01
3.7961559488e-01
3.8020981649e-01
3.8080403810e-01
3.8139825970e-01
3.8199248131e-01
3.8258199707e-01
3.8317151283e-01
3.8376102860e-01
3.8435054436e-01
3.8489053623e-01
3.8543052811e-01
3.8597051999e-01
3.8651051187e-01
3.8702261366e-01
3.8753471544e-01
3.8804681723e-01
3.8855891901e-01
3.8899742291e-01
3.8943592681e-01
3.8987443071e-01
3.9031293461e-01
3.9079517078e-01
3.9127740694e-01
3.9175964311e-01
3.9224187927e-01
3.9267010331e-01
3.9309832734e-01
3.9352655138e-01
3.9395477541e-01
3.9443182190e-01
3.9490886839e-01
3.9538591488e-01
3.9586296137e-01
3.9644405829e-01
3.9702515521e-01
3.9760625213e-01
3.9818734905e-01
3.9869135268e-01
3.9919535631e-01
3.9969935994e-01
4.0020336357e-01
4.0076287139e-01
4.0132237920e-01
4.0188188702e-01
4.0244139483e-01
4.0317349215e-01
4.0390558947e-01
4.0463768678e-01
4.0536978410e-01
4.0630183504e-01
4.0723388598e-01
4.0816593692e-01
4.0909798786e-01
4.1008996460e-01
4.1108194134e-01
4.1207391808e-01
4.1306589481e-01
4.1427488291e-01
4.1548387100e-01
4.1669285909e-01
4.1790184718e-01
4.1959681877e-01
4.2129179036e-01
4.2298676195e-01
4.2468173354e-01
4.2755213726e-01
4.3042254099e-01
4.3329294471e-01
4.3616334844e-01
4.4285816594e-01
4.4955298344e-01
4.5624780094e-01
4.6294261844e-01
4.7563123003e-01
4.8831984161e-01
5.0100845320e-01
5.1369706479e-01
5.2054312464e-01
5.2738918448e-01
5.3423524432e-01
5.4108130417e-01
5.4489291328e-01
5.4870452240e-01
5.5251613151e-01
5.5632774063e-01
5.5883871829e-01
5.6134969595e-01
5.6386067361e-01
5.6637165127e-01
5.6818257470e-01
5.6999349814e-01
5.7180442157e-01
5.7361534501e-01
5.7499274255e-01
5.7637014009e-01
5.7774753763e-01
5.7912493518e-01
5.8024293327e-01
5.8136093137e-01
5.8247892947e-01
5.8359692757e-01
5.8456164431e-01
5.8552636104e-01
5.8649107777e-01
5.8745579451e-01
5.8849890610e-01
5.8954201769e-01
5.9058512928e-01
5.9162824087e-01
5.9239624240e-01
5.9316424393e-01
5.9393224547e-01
5.9470024700e-01
5.9527949007e-01
5.9585873313e-01
5.9643797620e-01
5.9701721927e-01
5.9752533051e-01
5.9803344176e-01
5.9854155301e-01
5.9904966425e-01
5.9959501421e-01
6.0014036418e-01
6.0068571414e-01
6.0123106410e-01
6.0171440701e-01
6.0219774992e-01
6.0268109284e-01
6.0316443575e-01
6.0359876420e-01
6.0403309265e-01
6.0446742110e-01
6.0490174954e-01
6.0534724447e-01
6.0579273939e-01
6.0623823432e-01
6.0668372925e-01
6.0712981096e-01
6.0757589268e-01
6.0802197440e-01
6.0846805612e-01
6.0891089243e-01
6.0935372875e-01
6.0979656506e-01
6.1023940137e-01
6.1074441567e-01
6.1124942997e-01
6.1175444427e-01
6.1225945857e-01
6.1296822634e-01
6.1367699412e-01
6.1438576189e-01
6.1509452966e-01
6.1567835749e-01
6.1626218531e-01
6.1684601314e-01
6.1742984096e-01
6.1807434327e-01
6.1871884557e-01
6.1936334787e-01
6.2000785018e-01
6.2078451499e-01
6.2156117980e-01
6.2233784462e-01
6.2311450943e-01
6.2415246132e-01
6.2519041322e-01
6.2622836511e-01
6.2726631700e-01
6.2856447063e-01
6.2986262425e-01
6.3116077787e-01
6.3245893149e-01
6.3365090064e-01
6.3484286978e-01
6.3603483892e-01
6.3722680806e-01
6.3855626248e-01
6.3988571690e-01
6.4121517132e-01
6.4254462574e-01
6.4411106830e-01
6.4567751085e-01
6.4724395341e-01
6.4881039596e-01
6.5076677030e-01
6.5272314463e-01
6.5467951897e-01
6.5663589330e-01
6.5924830869e-01
6.6186072408e-01
6.6447313947e-01
6.6708555485e-01
6.7032042302e-01
6.7355529119e-01
6.7679015936e-01
6.8002502753e-01
6.8303616164e-01
6.8604729575e-01
6.8905842986e-01
6.9206956397e-01
6.9460371718e-01
6.9713787039e-01
6.9967202360e-01
7.0220617681e-01
7.0457795162e-01
7.0694972643e-01
7.0932150124e-01
7.1169327605e-01
7.1381588846e-01
7.1593850086e-01
7.1806111327e-01
7.2018372567e-01
7.2208467259e-01
7.2398561952e-01
7.2588656644e-01
7.2778751337e-01
7.2967725438e-01
7.3156699539e-01
7.3345673640e-01
7.3534647741e-01
7.3713619534e-01
7.3892591327e-01
7.4071563120e-01
7.4250534913e-01
7.4445825634e-01
7.4641116356e-01
7.4836407077e-01
7.5031697798e-01
7.5213344751e-01
7.5394991703e-01
7.5576638655e-01
7.5758285607e-01
7.5947758268e-01
7.6137230928e-01
7.6326703588e-01
7.6516176248e-01
7.6725806830e-01
7.6935437412e-01
7.7145067995e-01
7.7354698577e-01
7.7640862288e-01
7.7927025999e-01
7.8213189710e-01
7.8499353422e-01
7.8754291294e-01
7.9009229166e-01
7.9264167039e-01
7.9519104911e-01
7.9812646967e-01
8.0106189023e-01
8.0399731079e-01
8.0693273134e-01
8.1028934029e-01
8.1364594924e-01
8.1700255819e-01
8.2035916714e-01
8.2310089526e-01
8.2584262338e-01
8.2858435151e-01
8.3132607963e-01
8.3347659572e-01
8.3562711182e-01
8.3777762792e-01
8.3992814401e-01
8.4168668450e-01
8.4344522499e-01
8.4520376547e-01
8.4696230596e-01
8.4845376946e-01
8.4994523297e-01
8.5143669647e-01
8.5292815997e-01
8.5423340114e-01
8.5553864231e-01
8.5684388348e-01
8.5814912465e-01
8.5933330246e-01
8.6051748026e-01
8.6170165807e-01
8.6288583588e-01
8.6416133032e-01
8.6543682477e-01
8.6671231921e-01
8.6798781366e-01
8.6902583447e-01
8.7006385529e-01
8.7110187611e-01
8.7213989693e-01
8.7299859751e-01
8.7385729808e-01
8.7471599865e-01
8.7557469923e-01
8.7627333174e-01
8.7697196425e-01
8.7767059677e-01
8.7836922928e-01
8.7899050934e-01
8.7961178939e-01
8.8023306944e-01
8.8085434950e-01
8.8143401586e-01
8.8201368223e-01
8.8259334859e-01
8.8317301495e-01
8.8378398025e-01
8.8439494554e-01
8.8500591084e-01
8.8561687613e-01
8.8612571151e-01
8.8663454690e-01
8.8714338228e-01
8.8765221766e-01
8.8810010344e-01
8.8854798921e-01
8.8899587499e-01
8.8944376076e-01
8.8988139992e-01
8.9031903908e-01
8.9075667823e-01
8.9119431739e-01
8.9165003154e-01
8.9210574570e-01
8.9256145986e-01
8.9301717401e-01
8.9344329450e-01
8.9386941498e-01
8.9429553546e-01
8.9472165594e-01
8.9519368923e-01
8.9566572252e-01
8.9613775580e-01
8.9660978909e-01
8.9715692450e-01
8.9770405990e-01
8.9825119531e-01
8.9879833071e-01
8.9930425733e-01
8.9981018395e-01
9.0031611056e-01
9.0082203718e-01
9.0141413176e-01
9.0200622635e-01
9.0259832093e-01
9.0319041551e-01
9.0397203984e-01
9.0475366417e-01
9.0553528850e-01
9.0631691284e-01
9.0724728351e-01
9.0817765419e-01
9.0910802486e-01
9.1003839554e-01
9.1106069878e-01
9.1208300201e-01
9.1310530525e-01
9.1412760848e-01
9.1541235283e-01
9.1669709717e-01
9.1798184151e-01
9.1926658585e-01
9.2111648638e-01
9.2296638692e-01
9.2481628745e-01
9.2666618799e-01
9.2991147484e-01
9.3315676170e-01
9.3640204856e-01
9.3964733542e-01
9.4707793370e-01
9.5450853199e-01
9.6193913028e-01
9.6936972856e-01
9.7702729642e-01
9.8468486428e-01
9.9234243214e-01
1.0000000000e+00
