0.0000000000e+00
5.9868462956e-03
1.1973692591e-02
1.7960538887e-02
2.3947385183e-02
2.8045841736e-02
3.2144298289e-02
3.6242754842e-02
4.0341211395e-02
4.3353205610e-02
4.6365199826e-02
4.9377194042e-02
5.2389188257e-02
5.4758894449e-02
5.7128600642e-02
5.9498306834e-02
6.1868013026e-02
6.3838866947e-02
6.5809720869e-02
6.7780574790e-02
6.9751428712e-02
7.1520351359e-02
7.3289274006e-02
7.5058196653e-02
7.6827119300e-02
7.8508704415e-02
8.0190289529e-02
8.1871874644e-02
8.3553459759e-02
8.4889108398e-02
8.6224757037e-02
8.7560405676e-02
8.8896054315e-02
8.9931314613e-02
9.0966574910e-02
9.2001835208e-02
9.3037095506e-02
9.3984983827e-02
9.4932872148e-02
9.5880760469e-02
9.6828648790e-02
9.7937692375e-02
9.9046735960e-02
1.0015577954e-01
1.0126482313e-01
1.0212866057e-01
1.0299249802e-01
1.0385633546e-01
1.0472017291e-01
1.0552409901e-01
1.0632802511e-01
1.0713195121e-01
1.0793587731e-01
1.0910501146e-01
1.1027414560e-01
1.1144327975e-01
1.1261241390e-01
1.1345214982e-01
1.1429188573e-01
1.1513162164e-01
1.1597135756e-01
1.1700090878e-01
1.1803046000e-01
1.1906001122e-01
1.2008956244e-01
1.2117148655e-01
1.2225341067e-01
1.2333533478e-01
1.2441725889e-01
1.2552838930e-01
1.2663951972e-01
1.2775065014e-01
1.2886178055e-01
1.3004838658e-01
1.3123499261e-01
1.3242159864e-01
1.3360820467e-01
1.3500911850e-01
1.3641003233e-01
1.3781094616e-01
1.3921185999e-01
1.4110464312e-01
1.4299742625e-01
1.4489020939e-01
1.4678299252e-01
1.4911998066e-01
1.5145696880e-01
1.5379395694e-01
1.5613094508e-01
1.5836794488e-01
1.6060494468e-01
1.6284194448e-01
1.6507894428e-01
1.6764517453e-01
1.7021140479e-01
1.7277763505e-01
1.7534386530e-01
1.7781726732e-01
1.8029066934e-01
1.8276407136e-01
1.8523747338e-01
1.8731863471e-01
1.8939979605e-01
1.9148095738e-01
1.9356211872e-01
1.9517250147e-01
1.9678288423e-01
1.9839326699e-01
2.0000364975e-01
2.0137846503e-01
2.0275328031e-01
2.0412809559e-01
2.0550291087e-01
2.0678557281e-01
2.0806823476e-01
2.0935089670e-01
2.1063355864e-01
2.1190308296e-01
2.1317260728e-01
2.1444213160e-01
2.1571165592e-01
2.1684921189e-01
2.1798676786e-01
2.1912432384e-01
2.2026187981e-01
2.2133421966e-01
2.2240655951e-01
2.2347889936e-01
2.2455123921e-01
2.2554027992e-01
2.2652932062e-01
2.2751836133e-01
2.2850740204e-01
2.2956159112e-01
2.3061578019e-01
2.3166996927e-01
2.3272415834e-01
2.3368042810e-01
2.3463669786e-01
2.3559296762e-01
2.3654923738e-01
2.3761063490e-01
2.3867203243e-01
2.3973342995e-01
2.4079482748e-01
2.4192940423e-01
2.4306398099e-01
2.4419855774e-01
2.4533313450e-01
2.4637530048e-01
2.4741746647e-01
2.4845963246e-01
2.4950179845e-01
2.5062108897e-01
2.5174037949e-01
2.5285967001e-01
2.5397896053e-01
2.5517887746e-01
2.5637879439e-01
2.5757871131e-01
2.5877862824e-01
2.5975605980e-01
2.6073349136e-01
2.6171092291e-01
2.6268835447e-01
2.6369698197e-01
2.6470560947e-01
2.6571423698e-01
2.6672286448e-01
2.6779488182e-01
2.6886689915e-01
2.6993891649e-01
2.7101093383e-01
2.7202267514e-01
2.7303441645e-01
2.7404615777e-01
2.7505789908e-01
2.7623506809e-01
2.7741223710e-01
2.7858940612e-01
2.7976657513e-01
2.8107208288e-01
2.8237759062e-01
2.8368309837e-01
2.8498860612e-01
2.8627753953e-01
2.8756647294e-01
2.8885540635e-01
2.9014433976e-01
2.9159310161e-01
2.9304186345e-01
2.9449062530e-01
2.9593938714e-01
2.9775028428e-01
2.9956118143e-01
3.0137207857e-01
3.0318297571e-01
3.0545282191e-01
3.0772266810e-01
3.0999251430e-01
3.1226236050e-01
3.1466962723e-01
3.1707689397e-01
3.1948416071e-01
3.2189142745e-01
3.2421876616e-01
3.2654610488e-01
3.2887344359e-01
3.3120078231e-01
3.3336841102e-01
3.3553603974e-01
3.3770366845e-01
3.3987129716e-01
3.4200960786e-01
3.4414791857e-01
3.4628622927e-01
3.4842453997e-01
3.5018319019e-01
3.5194184041e-01
3.5370049063e-01
3.5545914085e-01
3.5683221313e-01
3.5820528542e-01
3.5957835770e-01
3.6095142998e-01
3.6214856050e-01
3.6334569102e-01
3.6454282154e-01
3.6573995206e-01
3.6686213261e-01
3.6798431315e-01
3.6910649370e-01
3.7022867424e-01
3.7135092767e-01
3.7247318109e-01
3.7359543451e-01
3.7471768793e-01
3.7569679678e-01
3.7667590562e-01
3.7765501447e-01
3.7863412331e-01
3.7953521010e-01
3.8043629689e-01
3.8133738367e-01
3.8223847046e-01
3.8308403415e-01
3.8392959785e-01
3.8477516154e-01
3.8562072524e-01
3.8654862787e-01
3.8747653049e-01
3.8840443312e-01
3.8933233575e-01
3.9014457533e-01
3.9095681492e-01
3.9176905450e-01
3.9258129408e-01
3.9350277420e-01
3.9442425431e-01
3.9534573443e-01
3.9626721454e-01
3.9739337722e-01
3.9851953990e-01
3.9964570258e-01
4.0077186525e-01
4.0176439398e-01
4.0275692272e-01
4.0374945145e-01
4.0474198018e-01
4.0593198439e-01
4.0712198861e-01
4.0831199283e-01
4.0950199705e-01
4.1103074546e-01
4.1255949388e-01
4.1408824229e-01
4.1561699071e-01
4.1741945963e-01
4.1922192855e-01
4.2102439748e-01
4.2282686640e-01
4.2485825546e-01
4.2688964452e-01
4.2892103359e-01
4.3095242265e-01
4.3357759130e-01
4.3620275995e-01
4.3882792859e-01
4.4145309724e-01
4.4533015167e-01
4.4920720609e-01
4.5308426052e-01
4.5696131494e-01
4.6321245933e-01
4.6946360371e-01
4.7571474809e-01
4.8196589247e-01
4.8963899399e-01
4.9731209552e-01
5.0498519704e-01
5.1265829856e-01
5.1763153225e-01
5.2260476594e-01
5.2757799963e-01
5.3255123332e-01
5.3607020862e-01
5.3958918392e-01
5.4310815922e-01
5.4662713452e-01
5.4929211161e-01
5.5195708870e-01
5.5462206579e-01
5.5728704288e-01
5.5943915775e-01
5.6159127263e-01
5.6374338750e-01
5.6589550237e-01
5.6773685025e-01
5.6957819814e-01
5.7141954602e-01
5.7326089390e-01
5.7505088547e-01
5.7684087704e-01
5.7863086861e-01
5.8042086018e-01
5.8187009781e-01
5.8331933544e-01
5.8476857307e-01
5.8621781069e-01
5.8736451873e-01
5.8851122677e-01
5.8965793482e-01
5.9080464286e-01
5.9178447868e-01
5.9276431451e-01
5.9374415034e-01
5.9472398617e-01
5.9569087540e-01
5.9665776464e-01
5.9762465387e-01
5.9859154310e-01
5.9952415361e-01
6.0045676411e-01
6.0138937461e-01
6.0232198511e-01
6.0320158966e-01
6.0408119421e-01
6.0496079876e-01
6.0584040331e-01
6.0666458034e-01
6.0748875736e-01
6.0831293438e-01
6.0913711140e-01
6.0999288541e-01
6.1084865942e-01
6.1170443343e-01
6.1256020744e-01
6.1340971888e-01
6.1425923033e-01
6.1510874178e-01
6.1595825322e-01
6.1688918485e-01
6.1782011648e-01
6.1875104811e-01
6.1968197973e-01
6.2104682329e-01
6.2241166685e-01
6.2377651041e-01
6.2514135397e-01
6.2625484070e-01
6.2736832744e-01
6.2848181417e-01
6.2959530090e-01
6.3080239578e-01
6.3200949067e-01
6.3321658555e-01
6.3442368044e-01
6.3585857565e-01
6.3729347086e-01
6.3872836607e-01
6.4016326128e-01
6.4205510657e-01
6.4394695186e-01
6.4583879715e-01
6.4773064244e-01
6.4999474318e-01
6.5225884392e-01
6.5452294466e-01
6.5678704540e-01
6.5900368271e-01
6.6122032003e-01
6.6343695734e-01
6.6565359466e-01
6.6805546737e-01
6.7045734009e-01
6.7285921281e-01
6.7526108552e-01
6.7784323236e-01
6.8042537920e-01
6.8300752605e-01
6.8558967289e-01
6.8760261202e-01
6.8961555116e-01
6.9162849030e-01
6.9364142943e-01
6.9523185684e-01
6.9682228425e-01
6.9841271166e-01
7.0000313907e-01
7.0138091557e-01
7.0275869207e-01
7.0413646857e-01
7.0551424507e-01
7.0677741302e-01
7.0804058096e-01
7.0930374891e-01
7.1056691685e-01
7.1202345714e-01
7.1347999744e-01
7.1493653773e-01
7.1639307803e-01
7.1749880901e-01
7.1860453999e-01
7.1971027096e-01
7.2081600194e-01
7.2181223982e-01
7.2280847770e-01
7.2380471557e-01
7.2480095345e-01
7.2577594485e-01
7.2675093624e-01
7.2772592764e-01
7.2870091904e-01
7.2968408516e-01
7.3066725127e-01
7.3165041738e-01
7.3263358350e-01
7.3359906106e-01
7.3456453862e-01
7.3553001617e-01
7.3649549373e-01
7.3755786981e-01
7.3862024588e-01
7.3968262196e-01
7.4074499803e-01
7.4181417913e-01
7.4288336022e-01
7.4395254132e-01
7.4502172241e-01
7.4612165293e-01
7.4722158345e-01
7.4832151397e-01
7.4942144449e-01
7.5046851584e-01
7.5151558720e-01
7.5256265855e-01
7.5360972990e-01
7.5471739644e-01
7.5582506299e-01
7.5693272953e-01
7.5804039608e-01
7.5911797995e-01
7.6019556382e-01
7.6127314769e-01
7.6235073156e-01
7.6330676191e-01
7.6426279225e-01
7.6521882260e-01
7.6617485295e-01
7.6719309383e-01
7.6821133472e-01
7.6922957560e-01
7.7024781648e-01
7.7122505194e-01
7.7220228740e-01
7.7317952286e-01
7.7415675832e-01
7.7525635518e-01
7.7635595204e-01
7.7745554890e-01
7.7855514576e-01
7.8016477307e-01
7.8177440038e-01
7.8338402769e-01
7.8499365500e-01
7.8627168755e-01
7.8754972009e-01
7.8882775264e-01
7.9010578519e-01
7.9153664963e-01
7.9296751408e-01
7.9439837852e-01
7.9582924297e-01
7.9760992136e-01
7.9939059974e-01
8.0117127813e-01
8.0295195652e-01
8.0521090336e-01
8.0746985021e-01
8.0972879705e-01
8.1198774389e-01
8.1437467394e-01
8.1676160398e-01
8.1914853403e-01
8.2153546408e-01
8.2385308416e-01
8.2617070424e-01
8.2848832432e-01
8.3080594440e-01
8.3296430210e-01
8.3512265981e-01
8.3728101751e-01
8.3943937521e-01
8.4155862138e-01
8.4367786756e-01
8.4579711373e-01
8.4791635991e-01
8.4969857965e-01
8.5148079939e-01
8.5326301912e-01
8.5504523886e-01
8.5642634425e-01
8.5780744965e-01
8.5918855504e-01
8.6056966043e-01
8.6177587908e-01
8.6298209773e-01
8.6418831638e-01
8.6539453503e-01
8.6649759737e-01
8.6760065970e-01
8.6870372204e-01
8.6980678438e-01
8.7111584129e-01
8.7242489821e-01
8.7373395513e-01
8.7504301204e-01
8.7600672048e-01
8.7697042892e-01
8.7793413736e-01
8.7889784580e-01
8.7977291505e-01
8.8064798430e-01
8.8152305355e-01
8.8239812280e-01
8.8322757905e-01
8.8405703530e-01
8.8488649155e-01
8.8571594780e-01
8.8661418108e-01
8.8751241437e-01
8.8841064766e-01
8.8930888094e-01
8.9011783528e-01
8.9092678961e-01
8.9173574395e-01
8.9254469828e-01
8.9344374257e-01
8.9434278686e-01
8.9524183114e-01
8.9614087543e-01
8.9720733154e-01
8.9827378765e-01
8.9934024376e-01
9.0040669987e-01
9.0137590106e-01
9.0234510226e-01
9.0331430345e-01
9.0428350465e-01
9.0542468245e-01
9.0656586026e-01
9.0770703806e-01
9.0884821587e-01
9.1034676030e-01
9.1184530474e-01
9.1334384917e-01
9.1484239360e-01
9.1661884968e-01
9.1839530576e-01
9.2017176184e-01
9.2194821792e-01
9.2391792282e-01
9.2588762773e-01
9.2785733263e-01
9.2982703754e-01
9.3232401238e-01
9.3482098722e-01
9.3731796206e-01
9.3981493691e-01
9.4340019669e-01
9.4698545647e-01
9.5057071625e-01
9.5415597603e-01
9.5988647903e-01
9.6561698202e-01
9.7134748502e-01
9.7707798802e-01
9.8280849101e-01
9.8853899401e-01
9.9426949700e-01
1.0000000000e+00
