0.0000000000e+00
1.5389505958e-03
3.0779011916e-03
4.6168517873e-03
6.1558023831e-03
7.7018702121e-03
9.2479380412e-03
1.0794005870e-02
1.2340073699e-02
1.4014138496e-02
1.5688203293e-02
1.7362268090e-02
1.9036332887e-02
2.0820469099e-02
2.2604605311e-02
2.4388741523e-02
2.6172877735e-02
2.7775722948e-02
2.9378568161e-02
3.0981413375e-02
3.2584258588e-02
3.4100881611e-02
3.5617504633e-02
3.7134127656e-02
3.8650750679e-02
4.0159160695e-02
4.1667570711e-02
4.3175980727e-02
4.4684390743e-02
4.6069847705e-02
4.7455304667e-02
4.8840761628e-02
5.0226218590e-02
5.1570258279e-02
5.2914297968e-02
5.4258337657e-02
5.5602377345e-02
5.6950111002e-02
5.8297844658e-02
5.9645578314e-02
6.0993311971e-02
6.2350122150e-02
6.3706932329e-02
6.5063742508e-02
6.6420552688e-02
6.7839200123e-02
6.9257847559e-02
7.0676494994e-02
7.2095142430e-02
7.3784452593e-02
7.5473762756e-02
7.7163072920e-02
7.8852383083e-02
8.0320655188e-02
8.1788927293e-02
8.3257199398e-02
8.4725471504e-02
8.6100951702e-02
8.7476431900e-02
8.8851912098e-02
9.0227392296e-02
9.1573596863e-02
9.2919801430e-02
9.4266005998e-02
9.5612210565e-02
9.6960631456e-02
9.8309052346e-02
9.9657473237e-02
1.0100589413e-01
1.0238433115e-01
1.0376276816e-01
1.0514120518e-01
1.0651964220e-01
1.0796977372e-01
1.0941990523e-01
1.1087003675e-01
1.1232016826e-01
1.1388202819e-01
1.1544388811e-01
1.1700574804e-01
1.1856760796e-01
1.2011973246e-01
1.2167185696e-01
1.2322398146e-01
1.2477610596e-01
1.2631855200e-01
1.2786099803e-01
1.2940344407e-01
1.3094589010e-01
1.3253272272e-01
1.3411955533e-01
1.3570638795e-01
1.3729322056e-01
1.3898179862e-01
1.4067037667e-01
1.4235895472e-01
1.4404753277e-01
1.4599641467e-01
1.4794529657e-01
1.4989417846e-01
1.5184306036e-01
1.5371988352e-01
1.5559670668e-01
1.5747352984e-01
1.5935035300e-01
1.6111704149e-01
1.6288372998e-01
1.6465041847e-01
1.6641710696e-01
1.6815833653e-01
1.6989956609e-01
1.7164079566e-01
1.7338202523e-01
1.7512996587e-01
1.7687790651e-01
1.7862584715e-01
1.8037378778e-01
1.8214854081e-01
1.8392329384e-01
1.8569804687e-01
1.8747279990e-01
1.8929043754e-01
1.9110807518e-01
1.9292571282e-01
1.9474335046e-01
1.9661933118e-01
1.9849531190e-01
2.0037129261e-01
2.0224727333e-01
2.0419757921e-01
2.0614788510e-01
2.0809819098e-01
2.1004849686e-01
2.1209245031e-01
2.1413640376e-01
2.1618035721e-01
2.1822431066e-01
2.2038965717e-01
2.2255500368e-01
2.2472035019e-01
2.2688569670e-01
2.2923151409e-01
2.3157733147e-01
2.3392314885e-01
2.3626896624e-01
2.3886043648e-01
2.4145190672e-01
2.4404337696e-01
2.4663484720e-01
2.4917812729e-01
2.5172140738e-01
2.5426468747e-01
2.5680796757e-01
2.5910039260e-01
2.6139281763e-01
2.6368524267e-01
2.6597766770e-01
2.6811944753e-01
2.7026122735e-01
2.7240300717e-01
2.7454478699e-01
2.7657668284e-01
2.7860857870e-01
2.8064047455e-01
2.8267237040e-01
2.8461690978e-01
2.8656144916e-01
2.8850598854e-01
2.9045052791e-01
2.9232451843e-01
2.9419850895e-01
2.9607249946e-01
2.9794648998e-01
2.9976447477e-01
3.0158245956e-01
3.0340044436e-01
3.0521842915e-01
3.0699439284e-01
3.0877035654e-01
3.1054632023e-01
3.1232228393e-01
3.1407141595e-01
3.1582054798e-01
3.1756968001e-01
3.1931881203e-01
3.2106063529e-01
3.2280245855e-01
3.2454428181e-01
3.2628610507e-01
3.2805422981e-01
3.2982235456e-01
3.3159047930e-01
3.3335860404e-01
3.3525047587e-01
3.3714234770e-01
3.3903421952e-01
3.4092609135e-01
3.4283652749e-01
3.4474696363e-01
3.4665739977e-01
3.4856783591e-01
3.5027124389e-01
3.5197465186e-01
3.5367805983e-01
3.5538146781e-01
3.5697935156e-01
3.5857723530e-01
3.6017511905e-01
3.6177300280e-01
3.6332092185e-01
3.6486884091e-01
3.6641675996e-01
3.6796467901e-01
3.6951187174e-01
3.7105906448e-01
3.7260625721e-01
3.7415344994e-01
3.7572918289e-01
3.7730491584e-01
3.7888064879e-01
3.8045638173e-01
3.8193225701e-01
3.8340813230e-01
3.8488400758e-01
3.8635988286e-01
3.8775360508e-01
3.8914732731e-01
3.9054104954e-01
3.9193477176e-01
3.9328975573e-01
3.9464473970e-01
3.9599972366e-01
3.9735470763e-01
3.9869952328e-01
4.0004433894e-01
4.0138915459e-01
4.0273397025e-01
4.0409905836e-01
4.0546414647e-01
4.0682923458e-01
4.0819432268e-01
4.0963709304e-01
4.1107986340e-01
4.1252263376e-01
4.1396540412e-01
4.1579702284e-01
4.1762864156e-01
4.1946026027e-01
4.2129187899e-01
4.2272780121e-01
4.2416372343e-01
4.2559964565e-01
4.2703556787e-01
4.2839979067e-01
4.2976401346e-01
4.3112823626e-01
4.3249245906e-01
4.3384726244e-01
4.3520206583e-01
4.3655686921e-01
4.3791167260e-01
4.3925328080e-01
4.4059488900e-01
4.4193649720e-01
4.4327810540e-01
4.4465497786e-01
4.4603185033e-01
4.4740872279e-01
4.4878559525e-01
4.5026261487e-01
4.5173963449e-01
4.5321665411e-01
4.5469367374e-01
4.5620827453e-01
4.5772287533e-01
4.5923747613e-01
4.6075207693e-01
4.6236027580e-01
4.6396847467e-01
4.6557667354e-01
4.6718487242e-01
4.6902214329e-01
4.7085941416e-01
4.7269668503e-01
4.7453395590e-01
4.7619914930e-01
4.7786434269e-01
4.7952953608e-01
4.8119472947e-01
4.8274263948e-01
4.8429054948e-01
4.8583845948e-01
4.8738636949e-01
4.8892550074e-01
4.9046463200e-01
4.9200376326e-01
4.9354289452e-01
4.9523858389e-01
4.9693427326e-01
4.9862996263e-01
5.0032565200e-01
5.0186889476e-01
5.0341213751e-01
5.0495538027e-01
5.0649862303e-01
5.0804646374e-01
5.0959430446e-01
5.1114214517e-01
5.1268998588e-01
5.1438045303e-01
5.1607092018e-01
5.1776138733e-01
5.1945185448e-01
5.2120176042e-01
5.2295166636e-01
5.2470157230e-01
5.2645147824e-01
5.2805619845e-01
5.2966091867e-01
5.3126563889e-01
5.3287035911e-01
5.3438658519e-01
5.3590281127e-01
5.3741903734e-01
5.3893526342e-01
5.4042701536e-01
5.4191876729e-01
5.4341051923e-01
5.4490227116e-01
5.4628651447e-01
5.4767075778e-01
5.4905500108e-01
5.5043924439e-01
5.5178307826e-01
5.5312691213e-01
5.5447074600e-01
5.5581457986e-01
5.5716570571e-01
5.5851683155e-01
5.5986795740e-01
5.6121908324e-01
5.6257801437e-01
5.6393694551e-01
5.6529587664e-01
5.6665480778e-01
5.6807951518e-01
5.6950422258e-01
5.7092892997e-01
5.7235363737e-01
5.7411101967e-01
5.7586840196e-01
5.7762578425e-01
5.7938316654e-01
5.8083909240e-01
5.8229501827e-01
5.8375094413e-01
5.8520687000e-01
5.8657844173e-01
5.8795001346e-01
5.8932158520e-01
5.9069315693e-01
5.9203863683e-01
5.9338411674e-01
5.9472959665e-01
5.9607507655e-01
5.9742511648e-01
5.9877515640e-01
6.0012519633e-01
6.0147523625e-01
6.0285812610e-01
6.0424101594e-01
6.0562390579e-01
6.0700679564e-01
6.0846661900e-01
6.0992644237e-01
6.1138626573e-01
6.1284608909e-01
6.1441708759e-01
6.1598808608e-01
6.1755908457e-01
6.1913008306e-01
6.2067845407e-01
6.2222682508e-01
6.2377519609e-01
6.2532356710e-01
6.2686853355e-01
6.2841350000e-01
6.2995846644e-01
6.3150343289e-01
6.3309716108e-01
6.3469088926e-01
6.3628461745e-01
6.3787834563e-01
6.3958293223e-01
6.4128751883e-01
6.4299210543e-01
6.4469669203e-01
6.4668545925e-01
6.4867422648e-01
6.5066299371e-01
6.5265176094e-01
6.5451048231e-01
6.5636920369e-01
6.5822792506e-01
6.6008664644e-01
6.6184907744e-01
6.6361150844e-01
6.6537393944e-01
6.6713637044e-01
6.6887745727e-01
6.7061854410e-01
6.7235963093e-01
6.7410071776e-01
6.7585083780e-01
6.7760095785e-01
6.7935107789e-01
6.8110119793e-01
6.8287986935e-01
6.8465854077e-01
6.8643721218e-01
6.8821588360e-01
6.9003901503e-01
6.9186214645e-01
6.9368527787e-01
6.9550840930e-01
6.9739116619e-01
6.9927392309e-01
7.0115667998e-01
7.0303943688e-01
7.0499813658e-01
7.0695683629e-01
7.0891553599e-01
7.1087423570e-01
7.1292866272e-01
7.1498308974e-01
7.1703751675e-01
7.1909194377e-01
7.2127106078e-01
7.2345017779e-01
7.2562929481e-01
7.2780841182e-01
7.3017845000e-01
7.3254848818e-01
7.3491852636e-01
7.3728856454e-01
7.3991533562e-01
7.4254210669e-01
7.4516887777e-01
7.4779564885e-01
7.5029952980e-01
7.5280341076e-01
7.5530729172e-01
7.5781117267e-01
7.6008285742e-01
7.6235454217e-01
7.6462622692e-01
7.6689791167e-01
7.6902639071e-01
7.7115486976e-01
7.7328334880e-01
7.7541182784e-01
7.7743346897e-01
7.7945511009e-01
7.8147675122e-01
7.8349839234e-01
7.8543466941e-01
7.8737094648e-01
7.8930722354e-01
7.9124350061e-01
7.9311084940e-01
7.9497819819e-01
7.9684554698e-01
7.9871289577e-01
8.0052569277e-01
8.0233848977e-01
8.0415128676e-01
8.0596408376e-01
8.0773634127e-01
8.0950859878e-01
8.1128085629e-01
8.1305311380e-01
8.1480024322e-01
8.1654737264e-01
8.1829450207e-01
8.2004163149e-01
8.2178385164e-01
8.2352607180e-01
8.2526829195e-01
8.2701051211e-01
8.2878400684e-01
8.3055750157e-01
8.3233099631e-01
8.3410449104e-01
8.3602283051e-01
8.3794116998e-01
8.3985950945e-01
8.4177784892e-01
8.4366057198e-01
8.4554329504e-01
8.4742601810e-01
8.4930874116e-01
8.5099576133e-01
8.5268278149e-01
8.5436980166e-01
8.5605682183e-01
8.5764706687e-01
8.5923731192e-01
8.6082755696e-01
8.6241780201e-01
8.6396261781e-01
8.6550743361e-01
8.6705224941e-01
8.6859706522e-01
8.7014801432e-01
8.7169896342e-01
8.7324991252e-01
8.7480086163e-01
8.7636595688e-01
8.7793105213e-01
8.7949614738e-01
8.8106124263e-01
8.8252544276e-01
8.8398964289e-01
8.8545384303e-01
8.8691804316e-01
8.8830612182e-01
8.8969420047e-01
8.9108227913e-01
8.9247035778e-01
8.9382300927e-01
8.9517566076e-01
8.9652831225e-01
8.9788096374e-01
8.9922606815e-01
9.0057117255e-01
9.0191627695e-01
9.0326138136e-01
9.0463047404e-01
9.0599956671e-01
9.0736865939e-01
9.0873775207e-01
9.1019366327e-01
9.1164957447e-01
9.1310548567e-01
9.1456139687e-01
9.1628396569e-01
9.1800653452e-01
9.1972910335e-01
9.2145167217e-01
9.2288222189e-01
9.2431277160e-01
9.2574332131e-01
9.2717387102e-01
9.2853570448e-01
9.2989753793e-01
9.3125937139e-01
9.3262120484e-01
9.3398346664e-01
9.3534572843e-01
9.3670799023e-01
9.3807025202e-01
9.3941125848e-01
9.4075226493e-01
9.4209327138e-01
9.4343427784e-01
9.4481025321e-01
9.4618622859e-01
9.4756220397e-01
9.4893817934e-01
9.5043010758e-01
9.5192203581e-01
9.5341396404e-01
9.5490589227e-01
9.5641933770e-01
9.5793278313e-01
9.5944622855e-01
9.6095967398e-01
9.6256020598e-01
9.6416073798e-01
9.6576126997e-01
9.6736180197e-01
9.6924112181e-01
9.7112044166e-01
9.7299976150e-01
9.7487908134e-01
9.7653577141e-01
9.7819246148e-01
9.7984915155e-01
9.8150584162e-01
9.8305154224e-01
9.8459724285e-01
9.8614294347e-01
9.8768864409e-01
9.8922759276e-01
9.9076654143e-01
9.9230549010e-01
9.9384443878e-01
9.9538332908e-01
9.9692221939e-01
9.9846110969e-01
1.0000000000e+00
