0.0000000000e+00
9.4396214224e-03
1.8879242845e-02
2.8318864267e-02
3.7758485689e-02
4.2879713735e-02
4.8000941780e-02
5.3122169826e-02
5.8243397871e-02
6.1536989630e-02
6.4830581390e-02
6.8124173149e-02
7.1417764908e-02
7.3782454569e-02
7.6147144230e-02
7.8511833891e-02
8.0876523551e-02
8.2674345086e-02
8.4472166620e-02
8.6269988154e-02
8.8067809688e-02
8.9493860561e-02
9.0919911434e-02
9.2345962308e-02
9.3772013181e-02
9.4959252992e-02
9.6146492803e-02
9.7333732614e-02
9.8520972426e-02
9.9550579455e-02
1.0058018649e-01
1.0160979351e-01
1.0263940054e-01
1.0358901724e-01
1.0453863394e-01
1.0548825064e-01
1.0643786735e-01
1.0737729255e-01
1.0831671776e-01
1.0925614296e-01
1.1019556817e-01
1.1095886069e-01
1.1172215321e-01
1.1248544573e-01
1.1324873825e-01
1.1384974595e-01
1.1445075365e-01
1.1505176135e-01
1.1565276904e-01
1.1618141986e-01
1.1671007067e-01
1.1723872148e-01
1.1776737229e-01
1.1828101915e-01
1.1879466602e-01
1.1930831288e-01
1.1982195974e-01
1.2036270816e-01
1.2090345657e-01
1.2144420499e-01
1.2198495341e-01
1.2245917162e-01
1.2293338983e-01
1.2340760805e-01
1.2388182626e-01
1.2431925180e-01
1.2475667733e-01
1.2519410287e-01
1.2563152840e-01
1.2608489649e-01
1.2653826458e-01
1.2699163267e-01
1.2744500075e-01
1.2791350808e-01
1.2838201540e-01
1.2885052272e-01
1.2931903004e-01
1.2976406291e-01
1.3020909578e-01
1.3065412866e-01
1.3109916153e-01
1.3160765356e-01
1.3211614559e-01
1.3262463762e-01
1.3313312965e-01
1.3366920604e-01
1.3420528244e-01
1.3474135883e-01
1.3527743523e-01
1.3590189936e-01
1.3652636350e-01
1.3715082763e-01
1.3777529177e-01
1.3837299737e-01
1.3897070296e-01
1.3956840856e-01
1.4016611416e-01
1.4080113756e-01
1.4143616096e-01
1.4207118437e-01
1.4270620777e-01
1.4341300307e-01
1.4411979837e-01
1.4482659367e-01
1.4553338897e-01
1.4642995854e-01
1.4732652811e-01
1.4822309768e-01
1.4911966725e-01
1.5015613996e-01
1.5119261267e-01
1.5222908538e-01
1.5326555809e-01
1.5449127030e-01
1.5571698250e-01
1.5694269470e-01
1.5816840691e-01
1.5936554722e-01
1.6056268754e-01
1.6175982786e-01
1.6295696817e-01
1.6423771848e-01
1.6551846879e-01
1.6679921910e-01
1.6807996942e-01
1.6951327252e-01
1.7094657563e-01
1.7237987874e-01
1.7381318185e-01
1.7547152297e-01
1.7712986409e-01
1.7878820521e-01
1.8044654633e-01
1.8243673734e-01
1.8442692836e-01
1.8641711937e-01
1.8840731038e-01
1.9092214814e-01
1.9343698589e-01
1.9595182365e-01
1.9846666140e-01
2.0197197066e-01
2.0547727992e-01
2.0898258918e-01
2.1248789844e-01
2.1737593763e-01
2.2226397681e-01
2.2715201600e-01
2.3204005518e-01
2.3673973303e-01
2.4143941087e-01
2.4613908872e-01
2.5083876656e-01
2.5561604939e-01
2.6039333221e-01
2.6517061503e-01
2.6994789785e-01
2.7402512243e-01
2.7810234701e-01
2.8217957159e-01
2.8625679618e-01
2.8902898990e-01
2.9180118363e-01
2.9457337736e-01
2.9734557108e-01
2.9959664684e-01
3.0184772261e-01
3.0409879837e-01
3.0634987413e-01
3.0824022471e-01
3.1013057529e-01
3.1202092587e-01
3.1391127645e-01
3.1554020132e-01
3.1716912618e-01
3.1879805104e-01
3.2042697591e-01
3.2186289902e-01
3.2329882213e-01
3.2473474524e-01
3.2617066835e-01
3.2746607801e-01
3.2876148767e-01
3.3005689734e-01
3.3135230700e-01
3.3256114068e-01
3.3376997435e-01
3.3497880803e-01
3.3618764170e-01
3.3737279827e-01
3.3855795483e-01
3.3974311140e-01
3.4092826796e-01
3.4205900813e-01
3.4318974831e-01
3.4432048848e-01
3.4545122865e-01
3.4640775437e-01
3.4736428009e-01
3.4832080581e-01
3.4927733152e-01
3.5007244516e-01
3.5086755879e-01
3.5166267243e-01
3.5245778607e-01
3.5314211459e-01
3.5382644312e-01
3.5451077165e-01
3.5519510018e-01
3.5582056401e-01
3.5644602784e-01
3.5707149167e-01
3.5769695550e-01
3.5830438644e-01
3.5891181737e-01
3.5951924831e-01
3.6012667925e-01
3.6074135264e-01
3.6135602604e-01
3.6197069944e-01
3.6258537284e-01
3.6312929220e-01
3.6367321156e-01
3.6421713092e-01
3.6476105028e-01
3.6528140923e-01
3.6580176817e-01
3.6632212712e-01
3.6684248607e-01
3.6729024967e-01
3.6773801327e-01
3.6818577686e-01
3.6863354046e-01
3.6908991548e-01
3.6954629050e-01
3.7000266552e-01
3.7045904054e-01
3.7092068489e-01
3.7138232925e-01
3.7184397360e-01
3.7230561795e-01
3.7274321986e-01
3.7318082177e-01
3.7361842368e-01
3.7405602559e-01
3.7454263313e-01
3.7502924067e-01
3.7551584821e-01
3.7600245575e-01
3.7655178431e-01
3.7710111288e-01
3.7765044145e-01
3.7819977002e-01
3.7871036656e-01
3.7922096311e-01
3.7973155965e-01
3.8024215619e-01
3.8077663787e-01
3.8131111954e-01
3.8184560121e-01
3.8238008289e-01
3.8301186811e-01
3.8364365334e-01
3.8427543856e-01
3.8490722379e-01
3.8570817181e-01
3.8650911982e-01
3.8731006784e-01
3.8811101586e-01
3.8906904477e-01
3.9002707369e-01
3.9098510260e-01
3.9194313151e-01
3.9293620735e-01
3.9392928318e-01
3.9492235901e-01
3.9591543485e-01
3.9707020865e-01
3.9822498245e-01
3.9937975625e-01
4.0053453005e-01
4.0198233778e-01
4.0343014550e-01
4.0487795323e-01
4.0632576096e-01
4.0833049233e-01
4.1033522369e-01
4.1233995506e-01
4.1434468643e-01
4.1761416110e-01
4.2088363577e-01
4.2415311044e-01
4.2742258511e-01
4.3442495143e-01
4.4142731776e-01
4.4842968408e-01
4.5543205041e-01
4.7034174791e-01
4.8525144540e-01
5.0016114290e-01
5.1507084040e-01
5.2269530050e-01
5.3031976061e-01
5.3794422072e-01
5.4556868082e-01
5.4995522009e-01
5.5434175936e-01
5.5872829862e-01
5.6311483789e-01
5.6605083834e-01
5.6898683879e-01
5.7192283923e-01
5.7485883968e-01
5.7700342896e-01
5.7914801824e-01
5.8129260752e-01
5.8343719681e-01
5.8509613080e-01
5.8675506479e-01
5.8841399878e-01
5.9007293277e-01
5.9141086561e-01
5.9274879845e-01
5.9408673129e-01
5.9542466413e-01
5.9655280777e-01
5.9768095140e-01
5.9880909504e-01
5.9993723868e-01
6.0092772471e-01
6.0191821074e-01
6.0290869677e-01
6.0389918281e-01
6.0485348814e-01
6.0580779347e-01
6.0676209881e-01
6.0771640414e-01
6.0856513932e-01
6.0941387450e-01
6.1026260968e-01
6.1111134487e-01
6.1182829645e-01
6.1254524804e-01
6.1326219962e-01
6.1397915121e-01
6.1455117452e-01
6.1512319784e-01
6.1569522115e-01
6.1626724447e-01
6.1678428311e-01
6.1730132175e-01
6.1781836039e-01
6.1833539903e-01
6.1886123891e-01
6.1938707878e-01
6.1991291865e-01
6.2043875852e-01
6.2094824398e-01
6.2145772943e-01
6.2196721489e-01
6.2247670034e-01
6.2294718346e-01
6.2341766658e-01
6.2388814970e-01
6.2435863282e-01
6.2479268597e-01
6.2522673912e-01
6.2566079227e-01
6.2609484542e-01
6.2657220351e-01
6.2704956161e-01
6.2752691971e-01
6.2800427781e-01
6.2845813899e-01
6.2891200018e-01
6.2936586136e-01
6.2981972254e-01
6.3027006193e-01
6.3072040132e-01
6.3117074070e-01
6.3162108009e-01
6.3212814278e-01
6.3263520547e-01
6.3314226817e-01
6.3364933086e-01
6.3421239473e-01
6.3477545859e-01
6.3533852246e-01
6.3590158633e-01
6.3649713968e-01
6.3709269303e-01
6.3768824638e-01
6.3828379973e-01
6.3888392864e-01
6.3948405755e-01
6.4008418646e-01
6.4068431537e-01
6.4132733230e-01
6.4197034922e-01
6.4261336614e-01
6.4325638306e-01
6.4399007014e-01
6.4472375722e-01
6.4545744430e-01
6.4619113138e-01
6.4714922365e-01
6.4810731592e-01
6.4906540819e-01
6.5002350047e-01
6.5112962922e-01
6.5223575796e-01
6.5334188671e-01
6.5444801546e-01
6.5562514179e-01
6.5680226812e-01
6.5797939445e-01
6.5915652078e-01
6.6036739553e-01
6.6157827028e-01
6.6278914504e-01
6.6400001979e-01
6.6530986510e-01
6.6661971041e-01
6.6792955572e-01
6.6923940103e-01
6.7071603009e-01
6.7219265915e-01
6.7366928821e-01
6.7514591727e-01
6.7686769390e-01
6.7858947052e-01
6.8031124715e-01
6.8203302377e-01
6.8412082297e-01
6.8620862217e-01
6.8829642137e-01
6.9038422057e-01
6.9306587688e-01
6.9574753319e-01
6.9842918949e-01
7.0111084580e-01
7.0512429271e-01
7.0913773963e-01
7.1315118654e-01
7.1716463346e-01
7.2149069798e-01
7.2581676250e-01
7.3014282703e-01
7.3446889155e-01
7.3871488298e-01
7.4296087440e-01
7.4720686583e-01
7.5145285726e-01
7.5632372345e-01
7.6119458965e-01
7.6606545584e-01
7.7093632203e-01
7.7476265069e-01
7.7858897934e-01
7.8241530800e-01
7.8624163665e-01
7.8901260469e-01
7.9178357273e-01
7.9455454077e-01
7.9732550881e-01
7.9957643869e-01
8.0182736858e-01
8.0407829846e-01
8.0632922834e-01
8.0821965362e-01
8.1011007889e-01
8.1200050417e-01
8.1389092945e-01
8.1551998854e-01
8.1714904764e-01
8.1877810673e-01
8.2040716582e-01
8.2184318682e-01
8.2327920782e-01
8.2471522882e-01
8.2615124982e-01
8.2744658720e-01
8.2874192457e-01
8.3003726194e-01
8.3133259932e-01
8.3254083914e-01
8.3374907895e-01
8.3495731877e-01
8.3616555859e-01
8.3734581722e-01
8.3852607585e-01
8.3970633447e-01
8.4088659310e-01
8.4201123594e-01
8.4313587877e-01
8.4426052161e-01
8.4538516444e-01
8.4635717666e-01
8.4732918888e-01
8.4830120110e-01
8.4927321332e-01
8.5006602136e-01
8.5085882940e-01
8.5165163744e-01
8.5244444549e-01
8.5312878394e-01
8.5381312239e-01
8.5449746084e-01
8.5518179929e-01
8.5581056953e-01
8.5643933977e-01
8.5706811000e-01
8.5769688024e-01
8.5831308931e-01
8.5892929838e-01
8.5954550744e-01
8.6016171651e-01
8.6083089998e-01
8.6150008345e-01
8.6216926691e-01
8.6283845038e-01
8.6336684875e-01
8.6389524711e-01
8.6442364548e-01
8.6495204385e-01
8.6545996967e-01
8.6596789549e-01
8.6647582131e-01
8.6698374713e-01
8.6742858621e-01
8.6787342528e-01
8.6831826436e-01
8.6876310343e-01
8.6922577566e-01
8.6968844788e-01
8.7015112011e-01
8.7061379233e-01
8.7106770159e-01
8.7152161085e-01
8.7197552011e-01
8.7242942937e-01
8.7286601107e-01
8.7330259277e-01
8.7373917447e-01
8.7417575617e-01
8.7467152087e-01
8.7516728556e-01
8.7566305025e-01
8.7615881494e-01
8.7682365320e-01
8.7748849147e-01
8.7815332973e-01
8.7881816800e-01
8.7933038528e-01
8.7984260257e-01
8.8035481986e-01
8.8086703715e-01
8.8142596056e-01
8.8198488398e-01
8.8254380739e-01
8.8310273080e-01
8.8379795821e-01
8.8449318562e-01
8.8518841303e-01
8.8588364044e-01
8.8675628951e-01
8.8762893858e-01
8.8850158765e-01
8.8937423672e-01
8.9032537402e-01
8.9127651131e-01
8.9222764860e-01
8.9317878589e-01
8.9421173512e-01
8.9524468436e-01
8.9627763360e-01
8.9731058284e-01
8.9853824544e-01
8.9976590804e-01
9.0099357063e-01
9.0222123323e-01
9.0379825389e-01
9.0537527454e-01
9.0695229520e-01
9.0852931586e-01
9.1078634082e-01
9.1304336578e-01
9.1530039075e-01
9.1755741571e-01
9.2140981342e-01
9.2526221112e-01
9.2911460883e-01
9.3296700653e-01
9.4134383566e-01
9.4972066479e-01
9.5809749392e-01
9.6647432304e-01
9.7485574228e-01
9.8323716152e-01
9.9161858076e-01
1.0000000000e+00
