1.2331522097e-06
1.5923789034e-06
2.8506016412e-06
5.7199606246e-06
1.1903715130e-05
1.9732664230e-05
3.2699981189e-05
5.4208933372e-05
8.9971237586e-05
1.3054260046e-04
1.8935256067e-04
2.7464936004e-04
3.9844294767e-04
5.3390423083e-04
7.1532055518e-04
9.5831076848e-04
1.2838047119e-03
1.6370825987e-03
2.0872691363e-03
2.6608628405e-03
3.3915339288e-03
4.2158464677e-03
5.2391717638e-03
6.5089641191e-03
8.0836362301e-03
9.9282352812e-03
1.2187463997e-02
1.4951519697e-02
1.8328616953e-02
2.1532486289e-02
2.5278951217e-02
2.9653334532e-02
3.4751834000e-02
3.9269822053e-02
4.4342007347e-02
5.0027166090e-02
5.6387743920e-02
6.2859758736e-02
7.0005283706e-02
7.7877556950e-02
8.6529951116e-02
9.7714008732e-02
1.1011780882e-01
1.2381329913e-01
1.3886056436e-01
1.5154653462e-01
1.6509215511e-01
1.7950072862e-01
1.9476550586e-01
2.0972543288e-01
2.2538829144e-01
2.4172167284e-01
2.5868424475e-01
2.8437097811e-01
3.1109771057e-01
3.3865233774e-01
3.6680198480e-01
3.8725084651e-01
4.0778872843e-01
4.2832558755e-01
4.4877442299e-01
4.7360466402e-01
4.9803836207e-01
5.2195030157e-01
5.4523166602e-01
5.6891753333e-01
5.9171979699e-01
6.1357214994e-01
6.3442676554e-01
6.5477349548e-01
6.7401821389e-01
6.9215786452e-01
7.0920145191e-01
7.2621420432e-01
7.4203204662e-01
7.5669606046e-01
7.7025327116e-01
7.8490440402e-01
7.9817315321e-01
8.1015034834e-01
8.2092692088e-01
8.3373841178e-01
8.4473251467e-01
8.5410724954e-01
8.6204527153e-01
8.7010991845e-01
8.7651400114e-01
8.8149736133e-01
8.8526428840e-01
8.8788886739e-01
8.8967999144e-01
8.9073873298e-01
8.9114484793e-01
8.9088362206e-01
8.8990303470e-01
8.8823464390e-01
8.8588146218e-01
8.8294222666e-01
8.7929692208e-01
8.7487371973e-01
8.6957486139e-01
8.6434713121e-01
8.5832135339e-01
8.5139221680e-01
8.4343878681e-01
8.3649528123e-01
8.2878684470e-01
8.2023796250e-01
8.1076796171e-01
8.0189027012e-01
7.9222383615e-01
7.8171203606e-01
7.7029763732e-01
7.5878423181e-01
7.4639048452e-01
7.3307364370e-01
7.1879451865e-01
7.0368046763e-01
6.8756347003e-01
6.7042539026e-01
6.5225864446e-01
6.3511035089e-01
6.1715396966e-01
5.9841481339e-01
5.7893080271e-01
5.5992802675e-01
5.4036466241e-01
5.2030856140e-01
4.9984011506e-01
4.8067608360e-01
4.6132201408e-01
4.4186757334e-01
4.2240920486e-01
4.0177959643e-01
3.8138964433e-01
3.6136956952e-01
3.4184896573e-01
3.2467957104e-01
3.0811497167e-01
2.9223906456e-01
2.7712868913e-01
2.6133684096e-01
2.4665423950e-01
2.3314894083e-01
2.2087587718e-01
2.0916714372e-01
1.9895290886e-01
1.9025932530e-01
1.8310295947e-01
1.7789201942e-01
1.7398959134e-01
1.7139726087e-01
1.7011547973e-01
1.7019845456e-01
1.7179317003e-01
1.7489952701e-01
1.7951668089e-01
1.8614140429e-01
1.9449202070e-01
2.0455360851e-01
2.1630078258e-01
2.2708916346e-01
2.3894125557e-01
2.5181929866e-01
2.6567637724e-01
2.8094217955e-01
2.9711728928e-01
3.1411821333e-01
3.3185187657e-01
3.5138970756e-01
3.7151090480e-01
3.9208067232e-01
4.1296202476e-01
4.3283238257e-01
4.5274753647e-01
4.7260142844e-01
4.9229479628e-01
5.1488561298e-01
5.3700817080e-01
5.5855252206e-01
5.7942690126e-01
6.0170468291e-01
6.2299206124e-01
6.4323650538e-01
6.6240659670e-01
6.8026672938e-01
6.9706954942e-01
7.1282959845e-01
7.2757130219e-01
7.4296575922e-01
7.5716904898e-01
7.7024179873e-01
7.8224863201e-01
7.9585949315e-01
8.0803985727e-01
8.1891741979e-01
8.2861460932e-01
8.3927836310e-01
8.4847686250e-01
8.5639653409e-01
8.6320128938e-01
8.6935724237e-01
8.7456052265e-01
8.7892769710e-01
8.8255076422e-01
8.8541072351e-01
8.8768150892e-01
8.8938623060e-01
8.9052909332e-01
8.9107543574e-01
8.9109447057e-01
8.9054343468e-01
8.8936311866e-01
8.8750739192e-01
8.8487279086e-01
8.8134767096e-01
8.7679899154e-01
8.7218158471e-01
8.6666730147e-01
8.6014475791e-01
8.5249025228e-01
8.4563975942e-01
8.3794642196e-01
8.2933585081e-01
8.1972969882e-01
8.1047823199e-01
8.0035198563e-01
7.8929423931e-01
7.7724812948e-01
7.6500876904e-01
7.5180680253e-01
7.3760007540e-01
7.2235020628e-01
7.0602279816e-01
6.8859228375e-01
6.7004099194e-01
6.5036204545e-01
6.3227637528e-01
6.1335012609e-01
5.9360694022e-01
5.7308172560e-01
5.5354140317e-01
5.3342519926e-01
5.1278969764e-01
4.9170152272e-01
4.7156916519e-01
4.5117656807e-01
4.3060146786e-01
4.0992748996e-01
3.8723174069e-01
3.6464500063e-01
3.4229064242e-01
3.2029115507e-01
3.0141876682e-01
2.8298463820e-01
2.6505828547e-01
2.4770230638e-01
2.2877145905e-01
2.1071081524e-01
1.9357099459e-01
1.7738716493e-01
1.5893474678e-01
1.4194733549e-01
1.2640573104e-01
1.1226774216e-01
1.0092305245e-01
9.0571451216e-02
8.1157216504e-02
7.2621051559e-02
6.3458043278e-02
5.5363806056e-02
4.8235323977e-02
4.1973952884e-02
3.5054252664e-02
2.9232568190e-02
2.4347994243e-02
2.0258903802e-02
1.6293010742e-02
1.3091117574e-02
1.0510416153e-02
8.4331528792e-03
6.5759308966e-03
5.1253346734e-03
3.9932026397e-03
3.1101150954e-03
2.2508479232e-03
1.6286946539e-03
1.1782703648e-03
8.5217042181e-04
5.2787471392e-04
3.2719884846e-04
2.0279291305e-04
1.2554980856e-04
5.7837441243e-05
2.6879229275e-05
1.2506273311e-05
5.7923917979e-06
2.3777331434e-06
1.3137642407e-06
1.4734314451e-06
3.0737688115e-06
5.5233503414e-06
1.0101839648e-05
1.8592611834e-05
3.4377852349e-05
5.3107657744e-05
8.1996933789e-05
1.2660417843e-04
1.9557256858e-04
2.7182795965e-04
3.7774535023e-04
5.2490804254e-04
7.2944321450e-04
9.5139587116e-04
1.2407216948e-03
1.6178646452e-03
2.1094473008e-03
2.6466336716e-03
3.3200075084e-03
4.1638572367e-03
5.2209436549e-03
6.5032241098e-03
8.0972609870e-03
1.0077305302e-02
1.2534374456e-02
1.4948368941e-02
1.7817153867e-02
2.1222237733e-02
2.5257925363e-02
2.8968908567e-02
3.3202518066e-02
3.8025237319e-02
4.3509737296e-02
4.8779656363e-02
5.4642614884e-02
6.1153690950e-02
6.8370075563e-02
7.6239729254e-02
8.4910085679e-02
9.4437089626e-02
1.0487446409e-01
1.1585116293e-01
1.2776110124e-01
1.4063706352e-01
1.5450309976e-01
1.6850065032e-01
1.8339226683e-01
1.9916795749e-01
2.1580569984e-01
2.3214668991e-01
2.4917529967e-01
2.6684290590e-01
2.8509167406e-01
3.0458395184e-01
3.2454881695e-01
3.4489728995e-01
3.6553570554e-01
3.8621469834e-01
4.0698950977e-01
4.2776681857e-01
4.4845642563e-01
4.7092695278e-01
4.9308497642e-01
5.1483606231e-01
5.3609661704e-01
5.6623190207e-01
5.9497684367e-01
6.2219869123e-01
6.4781076657e-01
6.6748076293e-01
6.8604063970e-01
7.0349550650e-01
7.1986123022e-01
7.3640133283e-01
7.5173117675e-01
7.6589824319e-01
7.7895508725e-01
7.9310921214e-01
8.0587079572e-01
8.1733770529e-01
8.2760668894e-01
8.3947353642e-01
8.4962600590e-01
8.5825427622e-01
8.6553253389e-01
8.7268783204e-01
8.7837300895e-01
8.8279427823e-01
8.8612728244e-01
8.8847785196e-01
8.9004052077e-01
8.9090764974e-01
8.9115151561e-01
8.9077398675e-01
8.8977268800e-01
8.8817043987e-01
8.8596823951e-01
8.8290772473e-01
8.7907681427e-01
8.7439283108e-01
8.6874220966e-01
8.6357411396e-01
8.5764691416e-01
8.5086364899e-01
8.4311364087e-01
8.3622518696e-01
8.2858803303e-01
8.2012927686e-01
8.1077111837e-01
8.0187375727e-01
7.9218415135e-01
7.8164530764e-01
7.7019962286e-01
7.5886020766e-01
7.4666727512e-01
7.3357994969e-01
7.1956067517e-01
7.0219571234e-01
6.8350800354e-01
6.6347276885e-01
6.4208447249e-01
6.2495405359e-01
6.0707232441e-01
5.8846882715e-01
5.6918498480e-01
5.5127270503e-01
5.3290122448e-01
5.1412907489e-01
4.9502413660e-01
4.7607847452e-01
4.5696822617e-01
4.3778090319e-01
4.1861015504e-01
3.9939556245e-01
3.8040250496e-01
3.6173671252e-01
3.4350333522e-01
3.2611816383e-01
3.0934190770e-01
2.9326143843e-01
2.7795638521e-01
2.6209631549e-01
2.4734379475e-01
2.3376773057e-01
2.2142383037e-01
2.1028859800e-01
2.0047774807e-01
1.9201432950e-01
1.8491351619e-01
1.7903990603e-01
1.7462312458e-01
1.7166548710e-01
1.7016768162e-01
1.7009815985e-01
1.7135158489e-01
1.7392791841e-01
1.7782668776e-01
1.8338880332e-01
1.9042474613e-01
1.9892554893e-01
2.0887573705e-01
2.1992381676e-01
2.3228893158e-01
2.4592738363e-01
2.6078252381e-01
2.7492402595e-01
2.8990907418e-01
3.0567019793e-01
3.2213180464e-01
3.4034166768e-01
3.5914430381e-01
3.7842650867e-01
3.9807173846e-01
4.1715806486e-01
4.3636769846e-01
4.5560118576e-01
4.7476380602e-01
4.9613090446e-01
5.1718096270e-01
5.3781172452e-01
5.5793455954e-01
5.8632273896e-01
6.1328352239e-01
6.3869297052e-01
6.6247862955e-01
6.8018804115e-01
6.9685788979e-01
7.1250226351e-01
7.2714483163e-01
7.4238858670e-01
7.5646820839e-01
7.6944189041e-01
7.8137173446e-01
7.9485732579e-01
8.0695003924e-01
8.1777163017e-01
8.2743911880e-01
8.3821507073e-01
8.4751883395e-01
8.5553657429e-01
8.6243238429e-01
8.6865680329e-01
8.7392885472e-01
8.7836529907e-01
8.8205898312e-01
8.8500121833e-01
8.8735389695e-01
8.8914281447e-01
8.9037517234e-01
8.9101254754e-01
8.9113330565e-01
8.9069817482e-01
8.8965191635e-01
8.8796022014e-01
8.8552409710e-01
8.8223912955e-01
8.7798062835e-01
8.7353903470e-01
8.6820567413e-01
8.6186801364e-01
8.5440061605e-01
8.4774922277e-01
8.4026650806e-01
8.3187803479e-01
8.2250518312e-01
8.1344946550e-01
8.0352341040e-01
7.9266920971e-01
7.8082865445e-01
7.6908810727e-01
7.5643129120e-01
7.4281724271e-01
7.2820810712e-01
7.0953363435e-01
6.8936518559e-01
6.6767297694e-01
6.4444706807e-01
6.2637555071e-01
6.0749578686e-01
5.8783351926e-01
5.6742537546e-01
5.4828857779e-01
5.2862178729e-01
5.0847911749e-01
4.8792361824e-01
4.6812356128e-01
4.4808532512e-01
4.2788324970e-01
4.0759698506e-01
3.8563105767e-01
3.6377540194e-01
3.4214198575e-01
3.2084189913e-01
3.0203350078e-01
2.8365745258e-01
2.6578265011e-01
2.4847122438e-01
2.2995874351e-01
2.1227107477e-01
1.9545633149e-01
1.7954860906e-01
1.6188197039e-01
1.4552994324e-01
1.3048036376e-01
1.1670173791e-01
1.0524236408e-01
9.4749454970e-02
8.5172982275e-02
7.6458907875e-02
6.7227463102e-02
5.9020098683e-02
5.1744748836e-02
4.5312306300e-02
3.8004190173e-02
3.1826327289e-02
2.6618753375e-02
2.2239440707e-02
1.7950754301e-02
1.4474455345e-02
1.1661789476e-02
9.3893419692e-03
7.3789410726e-03
5.7961177968e-03
4.5509710655e-03
3.5720713526e-03
2.6267425551e-03
1.9311735505e-03
1.4194838516e-03
1.0430952733e-03
6.6996610324e-04
4.3046992804e-04
2.7655954476e-04
1.7754266528e-04
8.7304641409e-05
4.3170477189e-05
2.1353019236e-05
1.0501345862e-05
5.2194047402e-06
2.6936732614e-06
1.5606038691e-06
1.2334748124e-06
