0.0000000000e+00
3.2515814205e-03
6.5031628411e-03
9.7547442616e-03
1.3006325682e-02
1.5727863947e-02
1.8449402211e-02
2.1170940476e-02
2.3892478740e-02
2.6268916477e-02
2.8645354215e-02
3.1021791952e-02
3.3398229690e-02
3.5732799160e-02
3.8067368630e-02
4.0401938100e-02
4.2736507570e-02
4.4669801792e-02
4.6603096013e-02
4.8536390235e-02
5.0469684457e-02
5.2047432344e-02
5.3625180231e-02
5.5202928118e-02
5.6780676005e-02
5.8102012698e-02
5.9423349391e-02
6.0744686084e-02
6.2066022777e-02
6.3295848115e-02
6.4525673452e-02
6.5755498790e-02
6.6985324127e-02
6.8428058644e-02
6.9870793161e-02
7.1313527678e-02
7.2756262195e-02
7.3894078497e-02
7.5031894799e-02
7.6169711101e-02
7.7307527404e-02
7.8356669524e-02
7.9405811644e-02
8.0454953765e-02
8.1504095885e-02
8.2613639413e-02
8.3723182941e-02
8.4832726469e-02
8.5942269997e-02
8.7041923606e-02
8.8141577216e-02
8.9241230825e-02
9.0340884435e-02
9.1422932494e-02
9.2504980553e-02
9.3587028612e-02
9.4669076672e-02
9.5928425687e-02
9.7187774702e-02
9.8447123718e-02
9.9706472733e-02
1.0113094966e-01
1.0255542659e-01
1.0397990351e-01
1.0540438044e-01
1.0683803862e-01
1.0827169681e-01
1.0970535499e-01
1.1113901317e-01
1.1261907740e-01
1.1409914162e-01
1.1557920585e-01
1.1705927007e-01
1.1872026666e-01
1.2038126324e-01
1.2204225983e-01
1.2370325642e-01
1.2585780364e-01
1.2801235086e-01
1.3016689809e-01
1.3232144531e-01
1.3546546677e-01
1.3860948823e-01
1.4175350969e-01
1.4489753116e-01
1.4823766517e-01
1.5157779919e-01
1.5491793321e-01
1.5825806722e-01
1.6058366844e-01
1.6290926966e-01
1.6523487089e-01
1.6756047211e-01
1.6949335621e-01
1.7142624031e-01
1.7335912441e-01
1.7529200851e-01
1.7696059807e-01
1.7862918763e-01
1.8029777719e-01
1.8196636675e-01
1.8348148526e-01
1.8499660378e-01
1.8651172230e-01
1.8802684082e-01
1.8951674049e-01
1.9100664017e-01
1.9249653985e-01
1.9398643952e-01
1.9543377641e-01
1.9688111329e-01
1.9832845017e-01
1.9977578705e-01
2.0107630109e-01
2.0237681512e-01
2.0367732916e-01
2.0497784320e-01
2.0611366942e-01
2.0724949564e-01
2.0838532187e-01
2.0952114809e-01
2.1064855941e-01
2.1177597072e-01
2.1290338204e-01
2.1403079336e-01
2.1520881294e-01
2.1638683253e-01
2.1756485211e-01
2.1874287170e-01
2.1982454300e-01
2.2090621431e-01
2.2198788561e-01
2.2306955691e-01
2.2424786779e-01
2.2542617867e-01
2.2660448955e-01
2.2778280043e-01
2.2935979586e-01
2.3093679129e-01
2.3251378673e-01
2.3409078216e-01
2.3536030409e-01
2.3662982603e-01
2.3789934796e-01
2.3916886990e-01
2.4053461155e-01
2.4190035320e-01
2.4326609485e-01
2.4463183650e-01
2.4625925145e-01
2.4788666640e-01
2.4951408135e-01
2.5114149630e-01
2.5247067207e-01
2.5379984785e-01
2.5512902363e-01
2.5645819940e-01
2.5778141075e-01
2.5910462209e-01
2.6042783343e-01
2.6175104478e-01
2.6326147244e-01
2.6477190011e-01
2.6628232777e-01
2.6779275543e-01
2.6896195486e-01
2.7013115429e-01
2.7130035372e-01
2.7246955314e-01
2.7358179629e-01
2.7469403944e-01
2.7580628258e-01
2.7691852573e-01
2.7805900713e-01
2.7919948853e-01
2.8033996992e-01
2.8148045132e-01
2.8264101266e-01
2.8380157399e-01
2.8496213533e-01
2.8612269666e-01
2.8729563372e-01
2.8846857078e-01
2.8964150785e-01
2.9081444491e-01
2.9217864863e-01
2.9354285234e-01
2.9490705606e-01
2.9627125978e-01
2.9773452391e-01
2.9919778804e-01
3.0066105217e-01
3.0212431629e-01
3.0362294375e-01
3.0512157121e-01
3.0662019866e-01
3.0811882612e-01
3.0969613115e-01
3.1127343618e-01
3.1285074121e-01
3.1442804624e-01
3.1625798855e-01
3.1808793087e-01
3.1991787318e-01
3.2174781550e-01
3.2407411430e-01
3.2640041311e-01
3.2872671191e-01
3.3105301072e-01
3.3404216035e-01
3.3703130997e-01
3.4002045960e-01
3.4300960923e-01
3.4609349838e-01
3.4917738753e-01
3.5226127668e-01
3.5534516583e-01
3.5758596357e-01
3.5982676130e-01
3.6206755904e-01
3.6430835677e-01
3.6616052991e-01
3.6801270305e-01
3.6986487619e-01
3.7171704932e-01
3.7331997921e-01
3.7492290911e-01
3.7652583900e-01
3.7812876889e-01
3.7959737584e-01
3.8106598278e-01
3.8253458973e-01
3.8400319668e-01
3.8544875029e-01
3.8689430390e-01
3.8833985751e-01
3.8978541112e-01
3.9120754956e-01
3.9262968799e-01
3.9405182643e-01
3.9547396486e-01
3.9669088594e-01
3.9790780701e-01
3.9912472809e-01
4.0034164916e-01
4.0144686389e-01
4.0255207863e-01
4.0365729336e-01
4.0476250810e-01
4.0588211988e-01
4.0700173166e-01
4.0812134344e-01
4.0924095522e-01
4.1041749919e-01
4.1159404316e-01
4.1277058713e-01
4.1394713110e-01
4.1501445269e-01
4.1608177427e-01
4.1714909586e-01
4.1821641745e-01
4.1940579806e-01
4.2059517867e-01
4.2178455927e-01
4.2297393988e-01
4.2425028870e-01
4.2552663753e-01
4.2680298635e-01
4.2807933517e-01
4.2932727804e-01
4.3057522090e-01
4.3182316377e-01
4.3307110663e-01
4.3446326028e-01
4.3585541394e-01
4.3724756759e-01
4.3863972124e-01
4.4044780224e-01
4.4225588324e-01
4.4406396423e-01
4.4587204523e-01
4.4817739736e-01
4.5048274950e-01
4.5278810164e-01
4.5509345378e-01
4.5744593027e-01
4.5979840676e-01
4.6215088325e-01
4.6450335974e-01
4.6721171693e-01
4.6992007412e-01
4.7262843130e-01
4.7533678849e-01
4.7865831704e-01
4.8197984560e-01
4.8530137415e-01
4.8862290271e-01
4.9246970245e-01
4.9631650220e-01
5.0016330195e-01
5.0401010170e-01
5.0709805244e-01
5.1018600318e-01
5.1327395392e-01
5.1636190466e-01
5.1897186598e-01
5.2158182731e-01
5.2419178864e-01
5.2680174997e-01
5.2914541779e-01
5.3148908562e-01
5.3383275344e-01
5.3617642126e-01
5.3855518370e-01
5.4093394613e-01
5.4331270856e-01
5.4569147100e-01
5.4749440689e-01
5.4929734279e-01
5.5110027869e-01
5.5290321459e-01
5.5437376758e-01
5.5584432057e-01
5.5731487356e-01
5.5878542655e-01
5.6006014295e-01
5.6133485935e-01
5.6260957574e-01
5.6388429214e-01
5.6512632011e-01
5.6636834808e-01
5.6761037605e-01
5.6885240401e-01
5.7016272533e-01
5.7147304665e-01
5.7278336797e-01
5.7409368928e-01
5.7520330593e-01
5.7631292257e-01
5.7742253921e-01
5.7853215585e-01
5.7958391606e-01
5.8063567627e-01
5.8168743648e-01
5.8273919670e-01
5.8387131431e-01
5.8500343192e-01
5.8613554954e-01
5.8726766715e-01
5.8834958292e-01
5.8943149869e-01
5.9051341446e-01
5.9159533023e-01
5.9270624123e-01
5.9381715224e-01
5.9492806324e-01
5.9603897425e-01
5.9733204471e-01
5.9862511517e-01
5.9991818564e-01
6.0121125610e-01
6.0275449669e-01
6.0429773727e-01
6.0584097786e-01
6.0738421845e-01
6.0881808114e-01
6.1025194383e-01
6.1168580652e-01
6.1311966921e-01
6.1465543066e-01
6.1619119210e-01
6.1772695354e-01
6.1926271498e-01
6.2102802611e-01
6.2279333725e-01
6.2455864838e-01
6.2632395951e-01
6.2859376774e-01
6.3086357596e-01
6.3313338419e-01
6.3540319241e-01
6.3853640626e-01
6.4166962010e-01
6.4480283394e-01
6.4793604779e-01
6.5096083677e-01
6.5398562575e-01
6.5701041474e-01
6.6003520372e-01
6.6227960184e-01
6.6452399997e-01
6.6676839809e-01
6.6901279621e-01
6.7088456645e-01
6.7275633670e-01
6.7462810695e-01
6.7649987719e-01
6.7814270908e-01
6.7978554097e-01
6.8142837285e-01
6.8307120474e-01
6.8457272411e-01
6.8607424348e-01
6.8757576285e-01
6.8907728222e-01
6.9058709216e-01
6.9209690209e-01
6.9360671202e-01
6.9511652195e-01
6.9651172244e-01
6.9790692292e-01
6.9930212341e-01
7.0069732390e-01
7.0207182556e-01
7.0344632722e-01
7.0482082888e-01
7.0619533054e-01
7.0731445349e-01
7.0843357644e-01
7.0955269939e-01
7.1067182234e-01
7.1183597754e-01
7.1300013273e-01
7.1416428793e-01
7.1532844313e-01
7.1646812633e-01
7.1760780953e-01
7.1874749273e-01
7.1988717593e-01
7.2099486034e-01
7.2210254474e-01
7.2321022915e-01
7.2431791356e-01
7.2554239782e-01
7.2676688209e-01
7.2799136636e-01
7.2921585062e-01
7.3065975369e-01
7.3210365676e-01
7.3354755983e-01
7.3499146290e-01
7.3626509234e-01
7.3753872177e-01
7.3881235121e-01
7.4008598064e-01
7.4145963997e-01
7.4283329929e-01
7.4420695862e-01
7.4558061795e-01
7.4707216573e-01
7.4856371352e-01
7.5005526130e-01
7.5154680909e-01
7.5286517938e-01
7.5418354966e-01
7.5550191994e-01
7.5682029023e-01
7.5810062820e-01
7.5938096617e-01
7.6066130414e-01
7.6194164211e-01
7.6338830003e-01
7.6483495794e-01
7.6628161586e-01
7.6772827378e-01
7.6888855556e-01
7.7004883734e-01
7.7120911912e-01
7.7236940090e-01
7.7346844106e-01
7.7456748121e-01
7.7566652137e-01
7.7676556152e-01
7.7791571683e-01
7.7906587214e-01
7.8021602744e-01
7.8136618275e-01
7.8251268443e-01
7.8365918612e-01
7.8480568780e-01
7.8595218949e-01
7.8709915527e-01
7.8824612104e-01
7.8939308682e-01
7.9054005260e-01
7.9187972865e-01
7.9321940471e-01
7.9455908077e-01
7.9589875682e-01
7.9739364200e-01
7.9888852718e-01
8.0038341236e-01
8.0187829754e-01
8.0336599421e-01
8.0485369088e-01
8.0634138755e-01
8.0782908422e-01
8.0939373362e-01
8.1095838301e-01
8.1252303240e-01
8.1408768180e-01
8.1587659320e-01
8.1766550461e-01
8.1945441602e-01
8.2124332743e-01
8.2350939646e-01
8.2577546550e-01
8.2804153453e-01
8.3030760357e-01
8.3334509503e-01
8.3638258649e-01
8.3942007795e-01
8.4245756942e-01
8.4555728126e-01
8.4865699311e-01
8.5175670496e-01
8.5485641680e-01
8.5711380891e-01
8.5937120102e-01
8.6162859313e-01
8.6388598524e-01
8.6574705243e-01
8.6760811961e-01
8.6946918679e-01
8.7133025397e-01
8.7294233004e-01
8.7455440611e-01
8.7616648217e-01
8.7777855824e-01
8.7924620989e-01
8.8071386154e-01
8.8218151319e-01
8.8364916484e-01
8.8508537992e-01
8.8652159500e-01
8.8795781008e-01
8.8939402516e-01
8.9081422570e-01
8.9223442625e-01
8.9365462679e-01
8.9507482734e-01
8.9631151067e-01
8.9754819401e-01
8.9878487734e-01
9.0002156068e-01
9.0112551779e-01
9.0222947489e-01
9.0333343199e-01
9.0443738910e-01
9.0552091627e-01
9.0660444344e-01
9.0768797061e-01
9.0877149778e-01
9.0993899269e-01
9.1110648761e-01
9.1227398252e-01
9.1344147743e-01
9.1448620449e-01
9.1553093156e-01
9.1657565862e-01
9.1762038568e-01
9.1876381865e-01
9.1990725162e-01
9.2105068459e-01
9.2219411756e-01
9.2352604052e-01
9.2485796348e-01
9.2618988643e-01
9.2752180939e-01
9.2875779843e-01
9.2999378747e-01
9.3122977650e-01
9.3246576554e-01
9.3380857907e-01
9.3515139260e-01
9.3649420612e-01
9.3783701965e-01
9.3958647212e-01
9.4133592458e-01
9.4308537705e-01
9.4483482951e-01
9.4721540253e-01
9.4959597556e-01
9.5197654858e-01
9.5435712160e-01
9.5667792395e-01
9.5899872630e-01
9.6131952866e-01
9.6364033101e-01
9.6629368036e-01
9.6894702971e-01
9.7160037905e-01
9.7425372840e-01
9.7747201235e-01
9.8069029630e-01
9.8390858025e-01
9.8712686420e-01
9.9034514815e-01
9.9356343210e-01
9.9678171605e-01
1.0000000000e+00
