1.0305723206e-04
1.1096600979e-04
1.3586309456e-04
1.8156285658e-04
2.5512362674e-04
3.3887106285e-04
4.5400225953e-04
6.1119410913e-04
8.2504448360e-04
1.0563476472e-03
1.3531586883e-03
1.7338321191e-03
2.2218784141e-03
2.7514501277e-03
3.4069048058e-03
4.2179071546e-03
5.2209882390e-03
6.4118053231e-03
7.8716940642e-03
9.6602426483e-03
1.1849589832e-02
1.4066748117e-02
1.6690404719e-02
1.9791736137e-02
2.3452972113e-02
2.6893107660e-02
3.0818660699e-02
3.5292087623e-02
4.0381955134e-02
4.5145090189e-02
5.0433787527e-02
5.6296939678e-02
6.2785701517e-02
6.9466919800e-02
7.6785854659e-02
8.4786920770e-02
9.3513951653e-02
1.0396937635e-01
1.1540110124e-01
1.2785544528e-01
1.4137068114e-01
1.5361757468e-01
1.6664938445e-01
1.8046836761e-01
1.9506841251e-01
2.0912077030e-01
2.2379756177e-01
2.3907296118e-01
2.5491418079e-01
2.7303783890e-01
2.9174195800e-01
3.1095557469e-01
3.3060059355e-01
3.4925698953e-01
3.6814516198e-01
3.8719236477e-01
4.0632554927e-01
4.2609619511e-01
4.4580445367e-01
4.6537684372e-01
4.8474438378e-01
5.0623129901e-01
5.2729563188e-01
5.4786530797e-01
5.6787845062e-01
5.9391838431e-01
6.1875257508e-01
6.4231198468e-01
6.6455440973e-01
6.8239596196e-01
6.9927370063e-01
7.1519604914e-01
7.3017863620e-01
7.4556514718e-01
7.5988069503e-01
7.7316491463e-01
7.8546094429e-01
7.9860635042e-01
8.1054476685e-01
8.2135014423e-01
8.3109531293e-01
8.4253661408e-01
8.5238378980e-01
8.6078196703e-01
8.6786277287e-01
8.7510038356e-01
8.8062702343e-01
8.8460791012e-01
8.8717184942e-01
8.8848105802e-01
8.8817140238e-01
8.8627007180e-01
8.8274973490e-01
8.7915634282e-01
8.7462871379e-01
8.6910367679e-01
8.6250316572e-01
8.5634554164e-01
8.4937559489e-01
8.4153197972e-01
8.3274770157e-01
8.2452205999e-01
8.1552407667e-01
8.0570544288e-01
7.9501647296e-01
7.8455378859e-01
7.7330008113e-01
7.6121880871e-01
7.4827492840e-01
7.3476385132e-01
7.2037069290e-01
7.0507235403e-01
6.8885118144e-01
6.7221537906e-01
6.5469740044e-01
6.3630348440e-01
6.1705002978e-01
5.9884415086e-01
5.7998243151e-01
5.6050469792e-01
5.4046103318e-01
5.2278366104e-01
5.0477656988e-01
4.8649121567e-01
4.6798486887e-01
4.4890151818e-01
4.2972526161e-01
4.1053305232e-01
3.9140536865e-01
3.7256171531e-01
3.5394542308e-01
3.3563794235e-01
3.1771875388e-01
3.0081268048e-01
2.8440679898e-01
2.6856069772e-01
2.5332795985e-01
2.3732646223e-01
2.2217755965e-01
2.0792346997e-01
1.9459613452e-01
1.8050982058e-01
1.6768480065e-01
1.5612711371e-01
1.4583221293e-01
1.3764301099e-01
1.3045151504e-01
1.2424263969e-01
1.1900047904e-01
1.1441674059e-01
1.1091918652e-01
1.0849315608e-01
1.0712783979e-01
1.0680709693e-01
1.0743234649e-01
1.0900622560e-01
1.1153520777e-01
1.1495459816e-01
1.1931547356e-01
1.2463224548e-01
1.3092060411e-01
1.3876450312e-01
1.4776350184e-01
1.5793300587e-01
1.6928323842e-01
1.7990428273e-01
1.9138382326e-01
2.0371224906e-01
2.1687311303e-01
2.3011473171e-01
2.4405770683e-01
2.5866804566e-01
2.7390502194e-01
2.9320338865e-01
3.1326050460e-01
3.3396789988e-01
3.5520795612e-01
3.7320569554e-01
3.9141290146e-01
4.0975567850e-01
4.2816092903e-01
4.4918888245e-01
4.7010378775e-01
4.9081070125e-01
5.1122253393e-01
5.3258609496e-01
5.5344137694e-01
5.7371739324e-01
5.9335536045e-01
6.1484516040e-01
6.3539849994e-01
6.5498045212e-01
6.7357102501e-01
6.9078760910e-01
7.0705307573e-01
7.2237952519e-01
7.3678594920e-01
7.5178109771e-01
7.6570510278e-01
7.7860239540e-01
7.9052041824e-01
8.0435741686e-01
8.1678858142e-01
8.2791461576e-01
8.3783254297e-01
8.5029798785e-01
8.6065411438e-01
8.6912461543e-01
8.7589733033e-01
8.8088553178e-01
8.8458275317e-01
8.8705687555e-01
8.8834615957e-01
8.8847334130e-01
8.8747635227e-01
8.8530965676e-01
8.8190040818e-01
8.7827522335e-01
8.7375529866e-01
8.6826749150e-01
8.6172723483e-01
8.5565634690e-01
8.4879201721e-01
8.4107495113e-01
8.3244163128e-01
8.2413521164e-01
8.1503833545e-01
8.0510318918e-01
7.9428101670e-01
7.8366008617e-01
7.7223315267e-01
7.5996488921e-01
7.4682163438e-01
7.3251919278e-01
7.1724947405e-01
7.0098830810e-01
6.8371788170e-01
6.6721570837e-01
6.4987843515e-01
6.3171289062e-01
6.1273452341e-01
5.9350302116e-01
5.7355804025e-01
5.5294321981e-01
5.3171343458e-01
5.1386317354e-01
4.9568568185e-01
4.7722923424e-01
4.5854725100e-01
4.3829602959e-01
4.1792960887e-01
3.9753036040e-01
3.7718412154e-01
3.5838888803e-01
3.3978667046e-01
3.2144755280e-01
3.0343944500e-01
2.8547388793e-01
2.6798384420e-01
2.5102687807e-01
2.3465359470e-01
2.1746358981e-01
2.0106817046e-01
1.8550050661e-01
1.7078210917e-01
1.5577041808e-01
1.4177189599e-01
1.2877337567e-01
1.1675084035e-01
1.0602215766e-01
9.6139097175e-02
8.7061080660e-02
7.8744360788e-02
6.9967314593e-02
6.2085182257e-02
5.5025131465e-02
4.8716041673e-02
4.1502695779e-02
3.5308743632e-02
3.0003946256e-02
2.5470654362e-02
2.0856533413e-02
1.7060823423e-02
1.3944194721e-02
1.1389004766e-02
9.1752465842e-03
7.3881174793e-03
5.9466742999e-03
4.7848604533e-03
3.6729843952e-03
2.8188859933e-03
2.1630993404e-03
1.6597697531e-03
1.1658323567e-03
8.1972663768e-04
5.7749511059e-04
4.0841909332e-04
2.4993411505e-04
1.6078778040e-04
1.1596286793e-04
1.0309307794e-04
1.1201853412e-04
1.3799805632e-04
1.8499050872e-04
2.6021292725e-04
3.4565177504e-04
4.6293801140e-04
6.2289207015e-04
8.4029083501e-04
1.0754384496e-03
1.3770299965e-03
1.7636445555e-03
2.2590674132e-03
2.7970333978e-03
3.4627506509e-03
4.2862909377e-03
5.3046760698e-03
6.5282503497e-03
8.0313621004e-03
9.8765760887e-03
1.2139757406e-02
1.4393264716e-02
1.7056481963e-02
2.0200469024e-02
2.3907181471e-02
2.7381649179e-02
3.1341519632e-02
3.5848514319e-02
4.0970279726e-02
4.5783593932e-02
5.1125348155e-02
5.7044302667e-02
6.3591401466e-02
7.0357059647e-02
7.7767296113e-02
8.5866627717e-02
9.4698876126e-02
1.0518314063e-01
1.1663432796e-01
1.2909698593e-01
1.4260762641e-01
1.5485561507e-01
1.6787922415e-01
1.8167992839e-01
1.9625096960e-01
2.1033446322e-01
2.2503847067e-01
2.4033670866e-01
2.5619598608e-01
2.7451622621e-01
2.9342106735e-01
3.1283710089e-01
3.3268368327e-01
3.5133805253e-01
3.7021544133e-01
3.8924337478e-01
4.0834921533e-01
4.2821254295e-01
4.4800473487e-01
4.6765169706e-01
4.8708402058e-01
5.0853795606e-01
5.2956063930e-01
5.5008101205e-01
5.7003823753e-01
5.9577991990e-01
6.2032915379e-01
6.4362047885e-01
6.6561420492e-01
6.8335984303e-01
7.0014637120e-01
7.1598258149e-01
7.3088433005e-01
7.4627433382e-01
7.6058768045e-01
7.7386462888e-01
7.8614891989e-01
7.9928850449e-01
8.1121424337e-01
8.2200106270e-01
8.3172267214e-01
8.4311538903e-01
8.5291114485e-01
8.6125585104e-01
8.6828166541e-01
8.7545676253e-01
8.8091456198e-01
8.8482050646e-01
8.8730296850e-01
8.8850930413e-01
8.8809502727e-01
8.8608386994e-01
8.8244473377e-01
8.7879195882e-01
8.7421248930e-01
8.6864316514e-01
8.6200632613e-01
8.5581633183e-01
8.4881790417e-01
8.4095021694e-01
8.3214694118e-01
8.2388371065e-01
8.1484813485e-01
8.0499211207e-01
7.9426621914e-01
7.8377314586e-01
7.7249032392e-01
7.6038155978e-01
7.4741220099e-01
7.3380842712e-01
7.1931636648e-01
7.0391308483e-01
6.8758124216e-01
6.7100162658e-01
6.5355279925e-01
6.3524148454e-01
6.1608436226e-01
5.9764450122e-01
5.7853710523e-01
5.5880401007e-01
5.3849779477e-01
5.2087963265e-01
5.0294051084e-01
4.8473164620e-01
4.6630991608e-01
4.4688602503e-01
4.2737419942e-01
4.0785590866e-01
3.8841624512e-01
3.6988518003e-01
3.5158603302e-01
3.3359645852e-01
3.1599208172e-01
2.9879601731e-01
2.8212849799e-01
2.6605201845e-01
2.5062245864e-01
2.3474556624e-01
2.1973048737e-01
2.0561780046e-01
1.9243784184e-01
1.7908179064e-01
1.6688698242e-01
1.5585782276e-01
1.4598990215e-01
1.3778001513e-01
1.3056872967e-01
1.2434097158e-01
1.1908082342e-01
1.1439082586e-01
1.1083534441e-01
1.0839879935e-01
1.0706983303e-01
1.0682106999e-01
1.0751456378e-01
1.0915322414e-01
1.1174374988e-01
1.1525534387e-01
1.1972231066e-01
1.2515949509e-01
1.3158297509e-01
1.3925598340e-01
1.4801164456e-01
1.5786378016e-01
1.6882162020e-01
1.7948804604e-01
1.9102641979e-01
2.0342712843e-01
2.1667353548e-01
2.2980600353e-01
2.4363043126e-01
2.5811373174e-01
2.7321627300e-01
2.9414671157e-01
3.1596325774e-01
3.3852650762e-01
3.6168491261e-01
3.7987390309e-01
3.9824732859e-01
4.1673014938e-01
4.3524857993e-01
4.5705990508e-01
4.7870991002e-01
5.0009555668e-01
5.2112342638e-01
5.4258056397e-01
5.6347743091e-01
5.8374597110e-01
6.0333089576e-01
6.2424510601e-01
6.4421907288e-01
6.6322541597e-01
6.8125041806e-01
6.9818144871e-01
7.1415034855e-01
7.2917288341e-01
7.4327125643e-01
7.5804913174e-01
7.7173837905e-01
7.8438736989e-01
7.9604700760e-01
8.1033782952e-01
8.2304239141e-01
8.3428561121e-01
8.4418611177e-01
8.5642536898e-01
8.6635352756e-01
8.7422557431e-01
8.8024657794e-01
8.8406911988e-01
8.8670181222e-01
8.8818576490e-01
8.8853447974e-01
8.8781174035e-01
8.8603380405e-01
8.8314334107e-01
8.7905985897e-01
8.7491043432e-01
8.6988488472e-01
8.6391084436e-01
8.5690620272e-01
8.5042689636e-01
8.4316107760e-01
8.3505197164e-01
8.2603934265e-01
8.1728982426e-01
8.0774319398e-01
7.9735344989e-01
7.8607414784e-01
7.7486497932e-01
7.6282748981e-01
7.4992788450e-01
7.3613464601e-01
7.2101984997e-01
7.0490790515e-01
6.8777901638e-01
6.6962108146e-01
6.5278357860e-01
6.3515153943e-01
6.1673793685e-01
5.9756447917e-01
5.7852409978e-01
5.5885249620e-01
5.3859587355e-01
5.1781038354e-01
4.9942879292e-01
4.8074928244e-01
4.6182666768e-01
4.4272093125e-01
4.2026382488e-01
3.9775517293e-01
3.7531001488e-01
3.5304637956e-01
3.3483398955e-01
3.1689349972e-01
2.9928859484e-01
2.8207951975e-01
2.6362346976e-01
2.4578409471e-01
2.2861944534e-01
2.1217763332e-01
1.9536687384e-01
1.7946628150e-01
1.6449531921e-01
1.5046065317e-01
1.3733938359e-01
1.2513650375e-01
1.1382796226e-01
1.0338257384e-01
9.3345873414e-02
8.4165310734e-02
7.5790942296e-02
6.8171015430e-02
5.9721857140e-02
5.2246369621e-02
4.5650217887e-02
3.9843715406e-02
3.3293010753e-02
2.7781417577e-02
2.3155877491e-02
1.9282094438e-02
1.5773234537e-02
1.2892993175e-02
1.0532044800e-02
8.5989295526e-03
6.8393013259e-03
5.4375792477e-03
4.3217559751e-03
3.4340082536e-03
2.5779308739e-03
1.9351583905e-03
1.4527300403e-03
1.0908017407e-03
7.4700052646e-04
5.1310749110e-04
3.5458616687e-04
2.4810728349e-04
1.7818442413e-04
1.3452510781e-04
1.1065386315e-04
1.0305736102e-04
