2.5325812680e-01
2.5342597702e-01
2.5392975009e-01
2.5477011380e-01
2.5594818213e-01
2.5672915423e-01
2.5761028046e-01
2.5859190456e-01
2.5967440949e-01
2.6042409302e-01
2.6121579673e-01
2.6204964836e-01
2.6292578245e-01
2.6358097290e-01
2.6425808619e-01
2.6495717862e-01
2.6567830836e-01
2.6624135056e-01
2.6681719252e-01
2.6740586192e-01
2.6800738706e-01
2.6849368519e-01
2.6898810482e-01
2.6949066091e-01
2.7000136865e-01
2.7043278104e-01
2.7086986323e-01
2.7131262435e-01
2.7176107369e-01
2.7215459403e-01
2.7255240560e-01
2.7295451465e-01
2.7336092743e-01
2.7373958660e-01
2.7412191713e-01
2.7450792400e-01
2.7489761219e-01
2.7528674524e-01
2.7567949052e-01
2.7607585261e-01
2.7647583584e-01
2.7680349549e-01
2.7713355037e-01
2.7746600217e-01
2.7780085221e-01
2.7806619744e-01
2.7833303024e-01
2.7860135043e-01
2.7887115750e-01
2.7910971015e-01
2.7934941143e-01
2.7959025989e-01
2.7983225364e-01
2.8006847386e-01
2.8030577007e-01
2.8054413868e-01
2.8078357531e-01
2.8103679350e-01
2.8129118194e-01
2.8154673158e-01
2.8180343155e-01
2.8202948548e-01
2.8225640416e-01
2.8248417601e-01
2.8271278779e-01
2.8292439429e-01
2.8313668948e-01
2.8334965865e-01
2.8356328550e-01
2.8378537314e-01
2.8400812604e-01
2.8423152019e-01
2.8445552946e-01
2.8468763525e-01
2.8492033407e-01
2.8515358987e-01
2.8538736417e-01
2.8560986828e-01
2.8583276657e-01
2.8605602047e-01
2.8627958983e-01
2.8653537157e-01
2.8679144652e-01
2.8704774854e-01
2.8730420984e-01
2.8757467984e-01
2.8784516802e-01
2.8811559161e-01
2.8838586753e-01
2.8870040970e-01
2.8901450859e-01
2.8932803567e-01
2.8964086477e-01
2.8993952149e-01
2.9023732091e-01
2.9053416141e-01
2.9082994500e-01
2.9114293272e-01
2.9145451342e-01
2.9176458462e-01
2.9207304935e-01
2.9241437699e-01
2.9275348324e-01
2.9309025844e-01
2.9342460117e-01
2.9384506944e-01
2.9426130152e-01
2.9467314399e-01
2.9508046161e-01
2.9554554510e-01
2.9600426809e-01
2.9645650037e-01
2.9690213547e-01
2.9742050598e-01
2.9792942719e-01
2.9842882669e-01
2.9891866138e-01
2.9938782808e-01
2.9984785813e-01
3.0029877285e-01
3.0074060855e-01
3.0120330644e-01
3.0165574353e-01
3.0209800582e-01
3.0253018935e-01
3.0300202916e-01
3.0346153344e-01
3.0390886661e-01
3.0434419950e-01
3.0483313902e-01
3.0530652705e-01
3.0576464462e-01
3.0620777454e-01
3.0672019089e-01
3.0721191513e-01
3.0768342856e-01
3.0813520535e-01
3.0867857433e-01
3.0919208783e-01
3.0967663318e-01
3.1013306695e-01
3.1072391738e-01
3.1126387023e-01
3.1175491532e-01
3.1219890690e-01
3.1274269746e-01
3.1320249825e-01
3.1358195334e-01
3.1388414565e-01
3.1410417987e-01
3.1425683273e-01
3.1434331129e-01
3.1436430534e-01
3.1431870200e-01
3.1420522878e-01
3.1402295303e-01
3.1377039234e-01
3.1349774270e-01
3.1317086644e-01
3.1278792207e-01
3.1234679691e-01
3.1201243587e-01
3.1164926733e-01
3.1125641994e-01
3.1083296836e-01
3.1046592887e-01
3.1007751637e-01
3.0966715960e-01
3.0923426576e-01
3.0885288393e-01
3.0845480253e-01
3.0803963790e-01
3.0760699764e-01
3.0721986553e-01
3.0681919953e-01
3.0640473604e-01
3.0597620896e-01
3.0558657944e-01
3.0518562964e-01
3.0477317618e-01
3.0434903690e-01
3.0395622614e-01
3.0355362826e-01
3.0314111648e-01
3.0271856807e-01
3.0231510304e-01
3.0190270491e-01
3.0148128907e-01
3.0105077806e-01
3.0061980306e-01
3.0017996367e-01
2.9973121539e-01
2.9927352658e-01
2.9882850266e-01
2.9837532488e-01
2.9791400978e-01
2.9744459263e-01
2.9704121442e-01
2.9663212579e-01
2.9621738787e-01
2.9579707681e-01
2.9544351660e-01
2.9508623157e-01
2.9472529347e-01
2.9436078390e-01
2.9404427258e-01
2.9372524889e-01
2.9340378440e-01
2.9307995734e-01
2.9278199095e-01
2.9248219205e-01
2.9218063580e-01
2.9187740254e-01
2.9158138768e-01
2.9128395477e-01
2.9098519142e-01
2.9068518980e-01
2.9038044946e-01
2.9007464458e-01
2.8976788387e-01
2.8946027994e-01
2.8918747364e-01
2.8891418044e-01
2.8864048438e-01
2.8836647077e-01
2.8810410862e-01
2.8784161066e-01
2.8757905288e-01
2.8731651098e-01
2.8709066639e-01
2.8686493644e-01
2.8663936762e-01
2.8641400551e-01
2.8618456801e-01
2.8595543724e-01
2.8572665741e-01
2.8549827105e-01
2.8526768961e-01
2.8503759251e-01
2.8480801769e-01
2.8457900083e-01
2.8436245664e-01
2.8414647039e-01
2.8393106672e-01
2.8371626844e-01
2.8347815195e-01
2.8324083619e-01
2.8300434483e-01
2.8276869904e-01
2.8250371946e-01
2.8223986524e-01
2.8197715699e-01
2.8171561238e-01
2.8147356538e-01
2.8123254697e-01
2.8099256587e-01
2.8075362943e-01
2.8050464161e-01
2.8025681105e-01
2.8001014252e-01
2.7976463986e-01
2.7947595061e-01
2.7918889845e-01
2.7890348617e-01
2.7861971569e-01
2.7826232649e-01
2.7790757902e-01
2.7755547336e-01
2.7720600873e-01
2.7679147425e-01
2.7638071295e-01
2.7597372089e-01
2.7557049369e-01
2.7515648445e-01
2.7474651008e-01
2.7434056499e-01
2.7393864353e-01
2.7347633118e-01
2.7301944277e-01
2.7256796938e-01
2.7212190214e-01
2.7157026598e-01
2.7102709686e-01
2.7049237788e-01
2.6996609241e-01
2.6925125544e-01
2.6855251392e-01
2.6786982609e-01
2.6720315115e-01
2.6615013458e-01
2.6513943549e-01
2.6417089318e-01
2.6324435364e-01
2.6140058493e-01
2.5974747376e-01
2.5828381439e-01
2.5700853924e-01
2.5491667935e-01
2.5366793520e-01
2.5325817582e-01
2.5368604617e-01
2.5422889127e-01
2.5499157586e-01
2.5597475946e-01
2.5717929229e-01
2.5797299382e-01
2.5884052995e-01
2.5978214900e-01
2.6079812046e-01
2.6151981195e-01
2.6227503494e-01
2.6306388624e-01
2.6388646701e-01
2.6450869517e-01
2.6514901847e-01
2.6580748072e-01
2.6648412697e-01
2.6702004531e-01
2.6756689401e-01
2.6812469547e-01
2.6869347252e-01
2.6916020336e-01
2.6963410078e-01
2.7011517737e-01
2.7060344596e-01
2.7102075194e-01
2.7144318843e-01
2.7187076341e-01
2.7230348495e-01
2.7268765456e-01
2.7307580322e-01
2.7346793655e-01
2.7386406016e-01
2.7424949368e-01
2.7463864160e-01
2.7503150895e-01
2.7542810072e-01
2.7578395260e-01
2.7614275763e-01
2.7650451898e-01
2.7686923961e-01
2.7717963754e-01
2.7749215037e-01
2.7780677917e-01
2.7812352461e-01
2.7837775974e-01
2.7863334221e-01
2.7889027153e-01
2.7914854679e-01
2.7938315279e-01
2.7961885592e-01
2.7985565433e-01
2.8009354562e-01
2.8033660425e-01
2.8058078626e-01
2.8082608680e-01
2.8107249997e-01
2.8131230387e-01
2.8155313786e-01
2.8179499278e-01
2.8203785788e-01
2.8226301743e-01
2.8248901641e-01
2.8271584185e-01
2.8294347908e-01
2.8315419579e-01
2.8336557487e-01
2.8357760026e-01
2.8379025433e-01
2.8402482738e-01
2.8426010924e-01
2.8449606914e-01
2.8473267369e-01
2.8495819687e-01
2.8518423705e-01
2.8541075890e-01
2.8563772511e-01
2.8586333058e-01
2.8608929465e-01
2.8631557547e-01
2.8654212969e-01
2.8679749133e-01
2.8705307717e-01
2.8730881999e-01
2.8756465129e-01
2.8784875647e-01
2.8813278916e-01
2.8841665309e-01
2.8870025216e-01
2.8899982113e-01
2.8929887541e-01
2.8959730538e-01
2.8989500388e-01
2.9019414386e-01
2.9049233177e-01
2.9078946790e-01
2.9108545641e-01
2.9140121997e-01
2.9171545342e-01
2.9202805512e-01
2.9233892921e-01
2.9269141380e-01
2.9304140767e-01
2.9338879586e-01
2.9373347281e-01
2.9417933163e-01
2.9462021099e-01
2.9505594230e-01
2.9548637940e-01
2.9597657684e-01
2.9645939047e-01
2.9693469007e-01
2.9740237336e-01
2.9789162378e-01
2.9837209636e-01
2.9884375062e-01
2.9930656813e-01
2.9977343544e-01
3.0023097250e-01
3.0067921458e-01
3.0111821071e-01
3.0158274837e-01
3.0203662839e-01
3.0247995197e-01
3.0291282966e-01
3.0338844837e-01
3.0385112056e-01
3.0430103208e-01
3.0473837439e-01
3.0523271175e-01
3.0571054008e-01
3.0617217565e-01
3.0661793513e-01
3.0713761167e-01
3.0763496532e-01
3.0811054462e-01
3.0856488775e-01
3.0911815276e-01
3.0963833197e-01
3.1012646825e-01
3.1058356277e-01
3.1121174305e-01
3.1177554916e-01
3.1227776981e-01
3.1272095545e-01
3.1313519553e-01
3.1348608804e-01
3.1377585517e-01
3.1400636880e-01
3.1417646302e-01
3.1429202906e-01
3.1435381573e-01
3.1436222602e-01
3.1430619145e-01
3.1417949269e-01
3.1398104869e-01
3.1370918566e-01
3.1344268153e-01
3.1312814616e-01
3.1276402351e-01
3.1234854768e-01
3.1201449594e-01
3.1165166717e-01
3.1125919148e-01
3.1083614512e-01
3.1046931807e-01
3.1008112581e-01
3.0967099738e-01
3.0923834031e-01
3.0885712339e-01
3.0845920971e-01
3.0804421566e-01
3.0761174887e-01
3.0722475173e-01
3.0682422171e-01
3.0640989518e-01
3.0598150603e-01
3.0559200446e-01
3.0519118360e-01
3.0477886001e-01
3.0435485146e-01
3.0396220862e-01
3.0355978168e-01
3.0314744383e-01
3.0272507230e-01
3.0232195249e-01
3.0190990984e-01
3.0148885973e-01
3.0105872470e-01
3.0062971299e-01
3.0019191116e-01
2.9974527494e-01
2.9928977268e-01
2.9884746935e-01
2.9839709953e-01
2.9793867870e-01
2.9747224061e-01
2.9706268713e-01
2.9664723393e-01
2.9622594449e-01
2.9579889825e-01
2.9544638809e-01
2.9509017413e-01
2.9473032742e-01
2.9436692872e-01
2.9405046244e-01
2.9373148238e-01
2.9341006000e-01
2.9308627340e-01
2.9278676688e-01
2.9248540726e-01
2.9218227083e-01
2.9187743915e-01
2.9157713610e-01
2.9127537498e-01
2.9097224736e-01
2.9066784965e-01
2.9033596268e-01
2.9000283255e-01
2.8966860051e-01
2.8933341314e-01
2.8906816795e-01
2.8880249772e-01
2.8853648004e-01
2.8827019347e-01
2.8801404432e-01
2.8775779062e-01
2.8750150300e-01
2.8724525173e-01
2.8702091275e-01
2.8679670117e-01
2.8657266234e-01
2.8634884065e-01
2.8611632306e-01
2.8588413442e-01
2.8565232028e-01
2.8542092436e-01
2.8519435779e-01
2.8496827138e-01
2.8474270055e-01
2.8451767857e-01
2.8430179347e-01
2.8408647076e-01
2.8387173444e-01
2.8365760662e-01
2.8341521518e-01
2.8317366165e-01
2.8293297031e-01
2.8269316285e-01
2.8237299306e-01
2.8205448699e-01
2.8173767798e-01
2.8142259360e-01
2.8118103082e-01
2.8094051364e-01
2.8070104920e-01
2.8046264348e-01
2.8020371266e-01
2.7994605355e-01
2.7968967032e-01
2.7943456623e-01
2.7911903901e-01
2.7880549819e-01
2.7849394602e-01
2.7818438379e-01
2.7779863870e-01
2.7741602935e-01
2.7703655442e-01
2.7666021182e-01
2.7625358444e-01
2.7585067096e-01
2.7545146698e-01
2.7505596786e-01
2.7463064088e-01
2.7420967150e-01
2.7379305334e-01
2.7338077999e-01
2.7289643381e-01
2.7241820508e-01
2.7194608317e-01
2.7148005756e-01
2.7089034292e-01
2.7031064900e-01
2.6974095436e-01
2.6918123796e-01
2.6839749294e-01
2.6763408483e-01
2.6689095580e-01
2.6616804954e-01
2.6498071951e-01
2.6385188408e-01
2.6278129408e-01
2.6176871315e-01
2.5976606398e-01
2.5803456565e-01
2.5657241070e-01
2.5537807284e-01
2.5444986998e-01
2.5378755991e-01
2.5339045050e-01
2.5325812678e-01
