0.0000000000e+00
9.0702863896e-03
1.8140572779e-02
2.7210859169e-02
3.6281145558e-02
4.1589445078e-02
4.6897744597e-02
5.2206044117e-02
5.7514343636e-02
6.1103455996e-02
6.4692568355e-02
6.8281680715e-02
7.1870793075e-02
7.4518375860e-02
7.7165958645e-02
7.9813541431e-02
8.2461124216e-02
8.4519725433e-02
8.6578326649e-02
8.8636927865e-02
9.0695529082e-02
9.2354574617e-02
9.4013620152e-02
9.5672665687e-02
9.7331711222e-02
9.8728543656e-02
1.0012537609e-01
1.0152220852e-01
1.0291904096e-01
1.0413757560e-01
1.0535611025e-01
1.0657464489e-01
1.0779317954e-01
1.0891066589e-01
1.1002815225e-01
1.1114563861e-01
1.1226312496e-01
1.1351979785e-01
1.1477647073e-01
1.1603314362e-01
1.1728981651e-01
1.1817987619e-01
1.1906993588e-01
1.1995999557e-01
1.2085005525e-01
1.2158275644e-01
1.2231545764e-01
1.2304815883e-01
1.2378086002e-01
1.2441636715e-01
1.2505187428e-01
1.2568738141e-01
1.2632288854e-01
1.2692112976e-01
1.2751937098e-01
1.2811761220e-01
1.2871585342e-01
1.2942643542e-01
1.3013701743e-01
1.3084759944e-01
1.3155818145e-01
1.3215444106e-01
1.3275070067e-01
1.3334696028e-01
1.3394321990e-01
1.3449105877e-01
1.3503889765e-01
1.3558673653e-01
1.3613457540e-01
1.3664479345e-01
1.3715501151e-01
1.3766522956e-01
1.3817544761e-01
1.3885958919e-01
1.3954373077e-01
1.4022787235e-01
1.4091201394e-01
1.4143069009e-01
1.4194936625e-01
1.4246804241e-01
1.4298671857e-01
1.4352612829e-01
1.4406553801e-01
1.4460494774e-01
1.4514435746e-01
1.4575449379e-01
1.4636463012e-01
1.4697476645e-01
1.4758490278e-01
1.4826230784e-01
1.4893971290e-01
1.4961711796e-01
1.5029452303e-01
1.5100313103e-01
1.5171173903e-01
1.5242034703e-01
1.5312895504e-01
1.5383198724e-01
1.5453501943e-01
1.5523805163e-01
1.5594108383e-01
1.5669987162e-01
1.5745865941e-01
1.5821744720e-01
1.5897623498e-01
1.5982497114e-01
1.6067370729e-01
1.6152244344e-01
1.6237117960e-01
1.6344793811e-01
1.6452469662e-01
1.6560145514e-01
1.6667821365e-01
1.6790285386e-01
1.6912749407e-01
1.7035213428e-01
1.7157677449e-01
1.7307443024e-01
1.7457208599e-01
1.7606974174e-01
1.7756739749e-01
1.7896583745e-01
1.8036427741e-01
1.8176271737e-01
1.8316115733e-01
1.8464880593e-01
1.8613645454e-01
1.8762410314e-01
1.8911175175e-01
1.9075552168e-01
1.9239929161e-01
1.9404306154e-01
1.9568683147e-01
1.9755617199e-01
1.9942551251e-01
2.0129485303e-01
2.0316419356e-01
2.0535436815e-01
2.0754454274e-01
2.0973471734e-01
2.1192489193e-01
2.1459354947e-01
2.1726220702e-01
2.1993086456e-01
2.2259952210e-01
2.2600345718e-01
2.2940739227e-01
2.3281132735e-01
2.3621526243e-01
2.4045495632e-01
2.4469465020e-01
2.4893434409e-01
2.5317403797e-01
2.5645008640e-01
2.5972613483e-01
2.6300218325e-01
2.6627823168e-01
2.6896538267e-01
2.7165253366e-01
2.7433968465e-01
2.7702683563e-01
2.7929901918e-01
2.8157120273e-01
2.8384338628e-01
2.8611556983e-01
2.8808381183e-01
2.9005205382e-01
2.9202029582e-01
2.9398853781e-01
2.9572876125e-01
2.9746898468e-01
2.9920920811e-01
3.0094943155e-01
3.0251873736e-01
3.0408804317e-01
3.0565734897e-01
3.0722665478e-01
3.0867578401e-01
3.1012491323e-01
3.1157404246e-01
3.1302317168e-01
3.1445313901e-01
3.1588310633e-01
3.1731307366e-01
3.1874304099e-01
3.2037090487e-01
3.2199876875e-01
3.2362663264e-01
3.2525449652e-01
3.2644398147e-01
3.2763346642e-01
3.2882295137e-01
3.3001243632e-01
3.3106682088e-01
3.3212120544e-01
3.3317559000e-01
3.3422997456e-01
3.3508030605e-01
3.3593063755e-01
3.3678096904e-01
3.3763130053e-01
3.3839543968e-01
3.3915957884e-01
3.3992371799e-01
3.4068785715e-01
3.4140180013e-01
3.4211574310e-01
3.4282968608e-01
3.4354362906e-01
3.4429456503e-01
3.4504550099e-01
3.4579643695e-01
3.4654737292e-01
3.4731590687e-01
3.4808444083e-01
3.4885297478e-01
3.4962150874e-01
3.5024094034e-01
3.5086037195e-01
3.5147980356e-01
3.5209923517e-01
3.5267620561e-01
3.5325317605e-01
3.5383014649e-01
3.5440711693e-01
3.5493361869e-01
3.5546012044e-01
3.5598662220e-01
3.5651312395e-01
3.5705653192e-01
3.5759993989e-01
3.5814334785e-01
3.5868675582e-01
3.5922162931e-01
3.5975650280e-01
3.6029137628e-01
3.6082624977e-01
3.6134784972e-01
3.6186944967e-01
3.6239104963e-01
3.6291264958e-01
3.6347883140e-01
3.6404501323e-01
3.6461119505e-01
3.6517737688e-01
3.6578261674e-01
3.6638785660e-01
3.6699309646e-01
3.6759833632e-01
3.6821706658e-01
3.6883579684e-01
3.6945452710e-01
3.7007325736e-01
3.7069480687e-01
3.7131635639e-01
3.7193790590e-01
3.7255945542e-01
3.7329229539e-01
3.7402513536e-01
3.7475797533e-01
3.7549081531e-01
3.7643678244e-01
3.7738274957e-01
3.7832871670e-01
3.7927468383e-01
3.8037490969e-01
3.8147513554e-01
3.8257536139e-01
3.8367558724e-01
3.8481579517e-01
3.8595600310e-01
3.8709621103e-01
3.8823641896e-01
3.8950187192e-01
3.9076732487e-01
3.9203277783e-01
3.9329823078e-01
3.9480868983e-01
3.9631914887e-01
3.9782960791e-01
3.9934006696e-01
4.0127762031e-01
4.0321517367e-01
4.0515272703e-01
4.0709028039e-01
4.0984869597e-01
4.1260711155e-01
4.1536552713e-01
4.1812394271e-01
4.2280687198e-01
4.2748980125e-01
4.3217273052e-01
4.3685565979e-01
4.4609751518e-01
4.5533937057e-01
4.6458122596e-01
4.7382308135e-01
4.8624210692e-01
4.9866113249e-01
5.1108015806e-01
5.2349918363e-01
5.3009712501e-01
5.3669506638e-01
5.4329300776e-01
5.4989094913e-01
5.5408290227e-01
5.5827485541e-01
5.6246680854e-01
5.6665876168e-01
5.6964560384e-01
5.7263244601e-01
5.7561928818e-01
5.7860613035e-01
5.8087030237e-01
5.8313447439e-01
5.8539864641e-01
5.8766281843e-01
5.8946526929e-01
5.9126772016e-01
5.9307017103e-01
5.9487262190e-01
5.9636518707e-01
5.9785775223e-01
5.9935031740e-01
6.0084288257e-01
6.0212735810e-01
6.0341183364e-01
6.0469630917e-01
6.0598078470e-01
6.0713808765e-01
6.0829539060e-01
6.0945269355e-01
6.1060999650e-01
6.1170869472e-01
6.1280739295e-01
6.1390609117e-01
6.1500478940e-01
6.1601912708e-01
6.1703346476e-01
6.1804780244e-01
6.1906214012e-01
6.1990140552e-01
6.2074067092e-01
6.2157993631e-01
6.2241920171e-01
6.2309781002e-01
6.2377641833e-01
6.2445502664e-01
6.2513363495e-01
6.2574831786e-01
6.2636300077e-01
6.2697768368e-01
6.2759236659e-01
6.2821177467e-01
6.2883118274e-01
6.2945059081e-01
6.3006999888e-01
6.3073678692e-01
6.3140357497e-01
6.3207036301e-01
6.3273715105e-01
6.3328745405e-01
6.3383775706e-01
6.3438806006e-01
6.3493836306e-01
6.3545985698e-01
6.3598135089e-01
6.3650284480e-01
6.3702433871e-01
6.3755310020e-01
6.3808186168e-01
6.3861062317e-01
6.3913938466e-01
6.3973846440e-01
6.4033754414e-01
6.4093662388e-01
6.4153570362e-01
6.4205290611e-01
6.4257010859e-01
6.4308731108e-01
6.4360451356e-01
6.4416510019e-01
6.4472568683e-01
6.4528627346e-01
6.4584686010e-01
6.4646334771e-01
6.4707983533e-01
6.4769632295e-01
6.4831281057e-01
6.4903895108e-01
6.4976509159e-01
6.5049123210e-01
6.5121737261e-01
6.5191620301e-01
6.5261503340e-01
6.5331386380e-01
6.5401269420e-01
6.5472838929e-01
6.5544408438e-01
6.5615977947e-01
6.5687547456e-01
6.5765648548e-01
6.5843749640e-01
6.5921850732e-01
6.5999951824e-01
6.6090218721e-01
6.6180485617e-01
6.6270752514e-01
6.6361019410e-01
6.6475795130e-01
6.6590570850e-01
6.6705346570e-01
6.6820122291e-01
6.6948816677e-01
6.7077511064e-01
6.7206205451e-01
6.7334899838e-01
6.7477708458e-01
6.7620517078e-01
6.7763325698e-01
6.7906134318e-01
6.8047737405e-01
6.8189340493e-01
6.8330943580e-01
6.8472546668e-01
6.8625023932e-01
6.8777501197e-01
6.8929978461e-01
6.9082455726e-01
6.9252408204e-01
6.9422360682e-01
6.9592313160e-01
6.9762265638e-01
6.9957229423e-01
7.0152193209e-01
7.0347156994e-01
7.0542120780e-01
7.0773030787e-01
7.1003940794e-01
7.1234850801e-01
7.1465760808e-01
7.1750451625e-01
7.2035142443e-01
7.2319833260e-01
7.2604524078e-01
7.2964271822e-01
7.3324019567e-01
7.3683767311e-01
7.4043515056e-01
7.4437533247e-01
7.4831551439e-01
7.5225569631e-01
7.5619587823e-01
7.5932987332e-01
7.6246386842e-01
7.6559786351e-01
7.6873185861e-01
7.7132001447e-01
7.7390817033e-01
7.7649632619e-01
7.7908448205e-01
7.8128488245e-01
7.8348528285e-01
7.8568568326e-01
7.8788608366e-01
7.8980068412e-01
7.9171528457e-01
7.9362988503e-01
7.9554448549e-01
7.9724426513e-01
7.9894404478e-01
8.0064382443e-01
8.0234360407e-01
8.0388332214e-01
8.0542304020e-01
8.0696275827e-01
8.0850247633e-01
8.0993466579e-01
8.1136685526e-01
8.1279904472e-01
8.1423123419e-01
8.1563398285e-01
8.1703673151e-01
8.1843948018e-01
8.1984222884e-01
8.2127360471e-01
8.2270498057e-01
8.2413635644e-01
8.2556773231e-01
8.2673835283e-01
8.2790897336e-01
8.2907959389e-01
8.3025021441e-01
8.3126652860e-01
8.3228284279e-01
8.3329915697e-01
8.3431547116e-01
8.3516144250e-01
8.3600741385e-01
8.3685338520e-01
8.3769935654e-01
8.3846154308e-01
8.3922372961e-01
8.3998591614e-01
8.4074810267e-01
8.4145928215e-01
8.4217046163e-01
8.4288164110e-01
8.4359282058e-01
8.4429825298e-01
8.4500368537e-01
8.4570911776e-01
8.4641455016e-01
8.4714820406e-01
8.4788185797e-01
8.4861551188e-01
8.4934916579e-01
8.4995918456e-01
8.5056920334e-01
8.5117922212e-01
8.5178924089e-01
8.5236564897e-01
8.5294205705e-01
8.5351846513e-01
8.5409487321e-01
8.5461628333e-01
8.5513769346e-01
8.5565910358e-01
8.5618051370e-01
8.5672607573e-01
8.5727163776e-01
8.5781719978e-01
8.5836276181e-01
8.5890116053e-01
8.5943955925e-01
8.5997795796e-01
8.6051635668e-01
8.6102531980e-01
8.6153428292e-01
8.6204324603e-01
8.6255220915e-01
8.6310295089e-01
8.6365369263e-01
8.6420443437e-01
8.6475517611e-01
8.6536101020e-01
8.6596684430e-01
8.6657267839e-01
8.6717851249e-01
8.6779461118e-01
8.6841070987e-01
8.6902680857e-01
8.6964290726e-01
8.7025047300e-01
8.7085803874e-01
8.7146560447e-01
8.7207317021e-01
8.7275127770e-01
8.7342938518e-01
8.7410749266e-01
8.7478560014e-01
8.7567380976e-01
8.7656201937e-01
8.7745022899e-01
8.7833843860e-01
8.7962749397e-01
8.8091654934e-01
8.8220560471e-01
8.8349466008e-01
8.8461851700e-01
8.8574237391e-01
8.8686623083e-01
8.8799008774e-01
8.8923741486e-01
8.9048474197e-01
8.9173206909e-01
8.9297939620e-01
8.9446114650e-01
8.9594289679e-01
8.9742464709e-01
8.9890639738e-01
9.0078846989e-01
9.0267054239e-01
9.0455261490e-01
9.0643468740e-01
9.0905527399e-01
9.1167586057e-01
9.1429644716e-01
9.1691703374e-01
9.2112824056e-01
9.2533944738e-01
9.2955065420e-01
9.3376186102e-01
9.4201537750e-01
9.5026889398e-01
9.5852241046e-01
9.6677592693e-01
9.7508194520e-01
9.8338796347e-01
9.9169398173e-01
1.0000000000e+00
