9.5745326786e-10
4.8938944367e-10
2.5080284393e-09
8.2203430500e-09
6.2411436545e-08
1.6967549710e-07
4.4624207131e-07
1.1706280274e-06
3.1616410814e-06
5.9784126266e-06
1.1254316627e-05
2.1184456341e-05
4.0003606960e-05
6.2351291248e-05
9.7112465154e-05
1.5124884923e-04
2.3568302766e-04
3.2923510252e-04
4.5982450455e-04
6.4217064224e-04
8.9686630831e-04
1.1750427982e-03
1.5392540623e-03
2.0160775982e-03
2.6402498633e-03
3.3409139222e-03
4.2264553314e-03
5.3451905461e-03
6.7577421908e-03
8.5213821478e-03
1.0739045779e-02
1.3524279583e-02
1.7016923552e-02
2.0228527740e-02
2.4028020506e-02
2.8515594668e-02
3.3805396438e-02
3.8468960142e-02
4.3739511449e-02
4.9685335979e-02
5.6379229567e-02
6.3366934744e-02
7.1137268445e-02
7.9755969475e-02
8.9288585241e-02
1.0044279492e-01
1.1276294158e-01
1.2631168026e-01
1.4113997850e-01
1.5477843289e-01
1.6937864453e-01
1.8493964401e-01
2.0144720179e-01
2.1800286954e-01
2.3535201237e-01
2.5344486730e-01
2.7221964689e-01
2.9399413738e-01
3.1641613306e-01
3.3935545193e-01
3.6267305132e-01
3.8436710324e-01
4.0614632644e-01
4.2789937680e-01
4.4951917416e-01
4.7464927363e-01
4.9930531677e-01
5.2335471234e-01
5.4668367367e-01
5.7589200225e-01
6.0355334537e-01
6.2955767461e-01
6.5384064765e-01
6.7362118500e-01
6.9207344267e-01
7.0921680675e-01
7.2508314448e-01
7.4184910585e-01
7.5704818712e-01
7.7076424764e-01
7.8308632100e-01
7.9708305134e-01
8.0910503638e-01
8.1934345495e-01
8.2798064409e-01
8.3661784402e-01
8.4340104930e-01
8.4858761805e-01
8.5240591778e-01
8.5521107100e-01
8.5688513578e-01
8.5761376516e-01
8.5755567957e-01
8.5676669823e-01
8.5536285403e-01
8.5346363797e-01
8.5116869327e-01
8.4809853710e-01
8.4470929482e-01
8.4108818704e-01
8.3730522760e-01
8.3245374495e-01
8.2752152666e-01
8.2257211190e-01
8.1765253963e-01
8.1122527187e-01
8.0496127535e-01
7.9888758881e-01
7.9300974374e-01
7.8803394894e-01
7.8317587003e-01
7.7840275600e-01
7.7366880338e-01
7.6898477299e-01
7.6420608466e-01
7.5923968425e-01
7.5397060488e-01
7.4945337046e-01
7.4457029380e-01
7.3922443138e-01
7.3330541355e-01
7.2811948870e-01
7.2242654779e-01
7.1615327828e-01
7.0922200924e-01
7.0234020391e-01
6.9479677888e-01
6.8653155173e-01
6.7748663601e-01
6.6444281850e-01
6.4988714653e-01
6.3375906848e-01
6.1605140984e-01
6.0403571824e-01
5.9144399126e-01
5.7832800262e-01
5.6475806375e-01
5.5140258611e-01
5.3780975777e-01
5.2409426170e-01
5.1038729850e-01
4.9690555182e-01
4.8373363758e-01
4.7103700222e-01
4.5898629410e-01
4.4812359668e-01
4.3817482019e-01
4.2928352369e-01
4.2158189830e-01
4.1499365081e-01
4.0991228860e-01
4.0642299931e-01
4.0458484077e-01
4.0441305142e-01
4.0584635389e-01
4.0886149644e-01
4.1340985082e-01
4.1948941695e-01
4.2696167451e-01
4.3570771760e-01
4.4559142791e-01
4.5623527414e-01
4.6767805635e-01
4.7976614031e-01
4.9234548786e-01
5.0588085971e-01
5.1962450382e-01
5.3342343794e-01
5.4713920460e-01
5.6200836787e-01
5.7649053623e-01
5.9047360959e-01
6.0387083243e-01
6.1803222882e-01
6.3133320431e-01
6.4374631623e-01
6.5526788238e-01
6.6661336182e-01
6.7699631659e-01
6.8646778987e-01
6.9508821720e-01
7.0492723995e-01
7.1363834039e-01
7.2136201580e-01
7.2823347956e-01
7.3568285064e-01
7.4225202383e-01
7.4812734855e-01
7.5347004860e-01
7.5890320847e-01
7.6400916681e-01
7.6891324803e-01
7.7371640601e-01
7.7866472689e-01
7.8365885017e-01
7.8874987903e-01
7.9397350644e-01
7.9861328489e-01
8.0337484157e-01
8.0825697242e-01
8.1325054563e-01
8.1745286246e-01
8.2170396892e-01
8.2598264392e-01
8.3026069747e-01
8.3390400112e-01
8.3749098506e-01
8.4098560154e-01
8.4434348646e-01
8.4718490978e-01
8.4982703276e-01
8.5221361475e-01
8.5427739257e-01
8.5586635058e-01
8.5701010359e-01
8.5761223637e-01
8.5755917590e-01
8.5681523335e-01
8.5527995426e-01
8.5281308683e-01
8.4925356677e-01
8.4523534388e-01
8.4016972115e-01
8.3391619723e-01
8.2632025680e-01
8.1939829984e-01
8.1148363175e-01
8.0248764879e-01
7.9231803902e-01
7.8214302012e-01
7.7088245891e-01
7.5846741982e-01
7.4483057149e-01
7.3105961735e-01
7.1613930099e-01
7.0002847413e-01
6.8269367148e-01
6.6414379709e-01
6.4433928145e-01
6.2328433892e-01
6.0100131929e-01
5.7977153335e-01
5.5761659965e-01
5.3460354876e-01
5.1081824611e-01
4.9052997306e-01
4.6985126148e-01
4.4886193546e-01
4.2765006231e-01
4.0155274447e-01
3.7545156157e-01
3.4953987450e-01
3.2401291324e-01
3.0406070299e-01
2.8456688613e-01
2.6561669216e-01
2.4728694365e-01
2.2744808620e-01
2.0856179633e-01
1.9068812270e-01
1.7386805303e-01
1.5394132270e-01
1.3577615724e-01
1.1933970650e-01
1.0456735225e-01
9.3019168527e-02
8.2590773536e-02
7.3207999137e-02
6.4793580951e-02
5.5559961989e-02
4.7556785201e-02
4.0643710146e-02
3.4689633476e-02
2.8290365534e-02
2.3036687776e-02
1.8735478011e-02
1.5221901705e-02
1.1962358402e-02
9.3928314758e-03
7.3702383953e-03
5.7799426404e-03
4.2938684480e-03
3.1885974331e-03
2.3670127781e-03
1.7565156543e-03
1.1375200021e-03
7.3681210064e-04
4.7717753466e-04
3.0880129674e-04
1.3838234295e-04
6.2633784500e-05
2.8335166854e-05
1.2641916170e-05
1.5640312883e-06
4.9325328776e-07
7.9090664534e-08
1.0515116472e-07
2.7388627687e-09
4.9126311718e-09
1.2716420945e-11
9.9552739674e-09
2.5407950352e-08
8.1678623630e-08
2.6366575344e-07
9.4271123345e-07
1.9872828745e-06
4.1492496393e-06
8.6610658810e-06
1.8203903861e-05
3.0092430975e-05
4.9677508409e-05
8.2006841994e-05
1.3550753797e-04
1.9587704941e-04
2.8305458637e-04
4.0901176378e-04
5.9110544342e-04
7.8981958520e-04
1.0551669003e-03
1.4095069862e-03
1.8826857261e-03
2.4082734823e-03
3.0799382899e-03
3.9380321479e-03
5.0338597704e-03
6.3148763158e-03
7.9185875199e-03
9.9246344568e-03
1.2431292238e-02
1.5037866636e-02
1.8178599954e-02
2.1957387968e-02
2.6495678271e-02
3.0567459034e-02
3.5236901407e-02
4.0582471985e-02
4.6689851718e-02
5.2676411614e-02
5.9370077081e-02
6.6837870595e-02
7.5148681928e-02
8.4556626682e-02
9.4984909945e-02
1.0650274264e-01
1.1917330851e-01
1.3188804738e-01
1.4565650984e-01
1.6050025691e-01
1.7642724834e-01
1.9169162849e-01
2.0781077917e-01
2.2475458606e-01
2.4248032807e-01
2.6271571639e-01
2.8373255289e-01
3.0542639786e-01
3.2767985654e-01
3.4917873925e-01
3.7095187380e-01
3.9288298625e-01
4.1485621266e-01
4.3887006904e-01
4.6265719761e-01
4.8608688691e-01
5.0904119702e-01
5.3705555876e-01
5.6398459352e-01
5.8969382763e-01
6.1408446824e-01
6.3608763701e-01
6.5679558583e-01
6.7619669189e-01
6.9429701831e-01
7.1233958395e-01
7.2894192553e-01
7.4415633140e-01
7.5804371250e-01
7.7327706790e-01
7.8676550228e-01
7.9863961494e-01
8.0902945370e-01
8.2029100370e-01
8.2960727089e-01
8.3720827564e-01
8.4330481564e-01
8.4873209959e-01
8.5266198898e-01
8.5532427860e-01
8.5691824668e-01
8.5763264416e-01
8.5751058235e-01
8.5670090772e-01
8.5532917493e-01
8.5324562162e-01
8.5070884636e-01
8.4782141607e-01
8.4466726518e-01
8.4062299254e-01
8.3638712298e-01
8.3203419001e-01
8.2762214513e-01
8.2200585029e-01
8.1643310349e-01
8.1095103444e-01
8.0559016549e-01
8.0014444045e-01
7.9485516174e-01
7.8971614660e-01
7.8470907221e-01
7.7950903097e-01
7.7436903291e-01
7.6921544914e-01
7.6395127130e-01
7.5939263539e-01
7.5458285149e-01
7.4941518805e-01
7.4376291886e-01
7.3895279590e-01
7.3368333183e-01
7.2786666815e-01
7.2140635298e-01
7.1553597705e-01
7.0909768305e-01
7.0202749493e-01
6.9426035254e-01
6.8622919595e-01
6.7746665315e-01
6.6792459788e-01
6.5756164391e-01
6.4723561506e-01
6.3616712336e-01
6.2435357552e-01
6.1180769156e-01
5.9969819987e-01
5.8703919794e-01
5.7388706193e-01
5.6031649279e-01
5.4735797477e-01
5.3420898820e-01
5.2097655508e-01
5.0778168583e-01
4.9463279163e-01
4.8180702608e-01
4.6946046060e-01
4.5775336623e-01
4.4675331666e-01
4.3672882161e-01
4.2783174721e-01
4.2020091241e-01
4.1398486170e-01
4.0924387298e-01
4.0605502779e-01
4.0447063037e-01
4.0451794871e-01
4.0619909690e-01
4.0948630069e-01
4.1432558803e-01
4.2063201399e-01
4.2830746394e-01
4.3723065853e-01
4.4726382969e-01
4.5803075412e-01
4.6956960156e-01
4.8172712395e-01
4.9435029218e-01
5.0811563233e-01
5.2206842838e-01
5.3605171533e-01
5.4992428662e-01
5.6499542989e-01
5.7963967793e-01
5.9374454946e-01
6.0722446064e-01
6.2096331649e-01
6.3386244983e-01
6.4590083089e-01
6.5707875831e-01
6.6814066258e-01
6.7827003894e-01
6.8751753334e-01
6.9594221873e-01
7.0568975280e-01
7.1431953085e-01
7.2197206115e-01
7.2878221886e-01
7.3688207632e-01
7.4394933694e-01
7.5022732356e-01
7.5592249388e-01
7.6118722635e-01
7.6618390140e-01
7.7102623133e-01
7.7580524432e-01
7.8092569816e-01
7.8612169906e-01
7.9144125890e-01
7.9691581031e-01
8.0148640544e-01
8.0617162530e-01
8.1096621486e-01
8.1585748356e-01
8.1998663326e-01
8.2415089550e-01
8.2832699209e-01
8.3248458813e-01
8.3602625359e-01
8.3949433957e-01
8.4285057908e-01
8.4604814316e-01
8.4873349409e-01
8.5119615383e-01
8.5337697684e-01
8.5520548777e-01
8.5672257848e-01
8.5756220710e-01
8.5755730551e-01
8.5650664983e-01
8.5482850004e-01
8.5225386978e-01
8.4863449481e-01
8.4380195943e-01
8.3900590075e-01
8.3323211964e-01
8.2636790018e-01
8.1829154135e-01
8.1057774335e-01
8.0186143018e-01
7.9206100547e-01
7.8109265159e-01
7.7026219993e-01
7.5837620277e-01
7.4537608776e-01
7.3120604448e-01
7.1537385407e-01
6.9820322525e-01
6.7965521278e-01
6.5970377853e-01
6.4128686569e-01
6.2181557027e-01
6.0130883939e-01
5.7980080415e-01
5.5965173776e-01
5.3878439281e-01
5.1726177330e-01
4.9516027062e-01
4.7445581878e-01
4.5341896273e-01
4.3213741460e-01
4.1070648621e-01
3.8805555290e-01
3.6547628806e-01
3.4309594800e-01
3.2104147812e-01
3.0083660527e-01
2.8111982948e-01
2.6197913524e-01
2.4349324008e-01
2.2374130226e-01
2.0496367173e-01
1.8721743155e-01
1.7054031596e-01
1.5375090845e-01
1.3823183124e-01
1.2396421592e-01
1.1091209974e-01
9.9101902895e-02
8.8383079824e-02
7.8690356288e-02
6.9954321795e-02
6.0263600648e-02
5.1819385620e-02
4.4487255277e-02
3.8140020946e-02
3.0211489279e-02
2.3880327052e-02
1.8844180053e-02
1.4850108455e-02
1.1707015413e-02
9.2217215260e-03
7.2593234225e-03
5.7114651005e-03
4.2676881473e-03
3.1876456005e-03
2.3801435800e-03
1.7766183584e-03
1.1740349190e-03
7.7592995505e-04
5.1273485969e-04
3.3861026704e-04
1.6329010415e-04
7.9230898580e-05
3.8434324361e-05
1.8480525862e-05
3.2675457795e-06
8.8859223206e-07
1.9608263439e-07
1.0052116963e-07
1.7681195012e-08
4.8362141187e-09
1.1537479816e-09
1.0986443352e-09
