2.5508936244e-01
2.5523794649e-01
2.5568387167e-01
2.5642765748e-01
2.5747017045e-01
2.5817539874e-01
2.5897260041e-01
2.5986205947e-01
2.6084409277e-01
2.6153241318e-01
2.6226011825e-01
2.6302731755e-01
2.6383412664e-01
2.6444289410e-01
2.6507252551e-01
2.6572307053e-01
2.6639458049e-01
2.6692121362e-01
2.6746011322e-01
2.6801130406e-01
2.6857481147e-01
2.6903259107e-01
2.6949821819e-01
2.6997170640e-01
2.7045306950e-01
2.7086057607e-01
2.7127357856e-01
2.7169208533e-01
2.7211610485e-01
2.7248818105e-01
2.7286441284e-01
2.7324480595e-01
2.7362936613e-01
2.7398423925e-01
2.7434259764e-01
2.7470444575e-01
2.7506978802e-01
2.7546713886e-01
2.7586855257e-01
2.7627403451e-01
2.7668358982e-01
2.7698978164e-01
2.7729821573e-01
2.7760889371e-01
2.7792181693e-01
2.7817737484e-01
2.7843441197e-01
2.7869292839e-01
2.7895292388e-01
2.7918072898e-01
2.7940965646e-01
2.7963970533e-01
2.7987087421e-01
2.8009136514e-01
2.8031286183e-01
2.8053536176e-01
2.8075886185e-01
2.8102561711e-01
2.8129377020e-01
2.8156331148e-01
2.8183422915e-01
2.8205111244e-01
2.8226885237e-01
2.8248743912e-01
2.8270686142e-01
2.8291013709e-01
2.8311410246e-01
2.8331874483e-01
2.8352405007e-01
2.8372650631e-01
2.8392957172e-01
2.8413322840e-01
2.8433745687e-01
2.8457337558e-01
2.8480998981e-01
2.8504726160e-01
2.8528515002e-01
2.8549522849e-01
2.8570571990e-01
2.8591659082e-01
2.8612780629e-01
2.8635256595e-01
2.8657762808e-01
2.8680294579e-01
2.8702847080e-01
2.8727519841e-01
2.8752204871e-01
2.8776895470e-01
2.8801584860e-01
2.8836822217e-01
2.8872023303e-01
2.8907168348e-01
2.8942237848e-01
2.8970421175e-01
2.8998533330e-01
2.9026564833e-01
2.9054506498e-01
2.9083646583e-01
2.9112668744e-01
2.9141563625e-01
2.9170322304e-01
2.9201680819e-01
2.9232854953e-01
2.9263834820e-01
2.9294611178e-01
2.9330943153e-01
2.9366961709e-01
2.9402654724e-01
2.9438011234e-01
2.9481309273e-01
2.9524059866e-01
2.9566248801e-01
2.9607863987e-01
2.9661242947e-01
2.9713611585e-01
2.9764956413e-01
2.9815267926e-01
2.9859772300e-01
2.9903428170e-01
2.9946234956e-01
2.9988193594e-01
3.0031482365e-01
3.0073836321e-01
3.0115260634e-01
3.0155761487e-01
3.0199418704e-01
3.0241969022e-01
3.0283423740e-01
3.0323794837e-01
3.0368511720e-01
3.0411855796e-01
3.0453846689e-01
3.0494504322e-01
3.0540694675e-01
3.0585097286e-01
3.0627744793e-01
3.0668669491e-01
3.0716655412e-01
3.0762144616e-01
3.0805193162e-01
3.0845855241e-01
3.0896743872e-01
3.0943551563e-01
3.0986390673e-01
3.1025365885e-01
3.1076931896e-01
3.1120265141e-01
3.1155618021e-01
3.1183199712e-01
3.1203988797e-01
3.1216519088e-01
3.1220874896e-01
3.1217085648e-01
3.1206850581e-01
3.1190096713e-01
3.1166735266e-01
3.1136643487e-01
3.1112013069e-01
3.1084078912e-01
3.1052774046e-01
3.1018024286e-01
3.0987452222e-01
3.0954543453e-01
3.0919249192e-01
3.0881517813e-01
3.0848013948e-01
3.0812730312e-01
3.0775632281e-01
3.0736684033e-01
3.0701709775e-01
3.0665318004e-01
3.0627484155e-01
3.0588183225e-01
3.0552435814e-01
3.0515519805e-01
3.0477417748e-01
3.0438112171e-01
3.0401823538e-01
3.0364540441e-01
3.0326250615e-01
3.0286942057e-01
3.0249895635e-01
3.0211969644e-01
3.0173155800e-01
3.0133446330e-01
3.0094056153e-01
3.0053810281e-01
3.0012703651e-01
2.9970732130e-01
2.9923923894e-01
2.9876079143e-01
2.9827197767e-01
2.9777282126e-01
2.9738307687e-01
2.9698731698e-01
2.9658559080e-01
2.9617796170e-01
2.9581700665e-01
2.9545166782e-01
2.9508201937e-01
2.9470814715e-01
2.9439788359e-01
2.9408489636e-01
2.9376925324e-01
2.9345102876e-01
2.9316308551e-01
2.9287318985e-01
2.9258141086e-01
2.9228782267e-01
2.9201238963e-01
2.9173551958e-01
2.9145728492e-01
2.9117776201e-01
2.9089942287e-01
2.9061997825e-01
2.9033951377e-01
2.9005811851e-01
2.8977447694e-01
2.8949008545e-01
2.8920504364e-01
2.8891945354e-01
2.8867524879e-01
2.8843078583e-01
2.8818613093e-01
2.8794135066e-01
2.8771425885e-01
2.8748716957e-01
2.8726013546e-01
2.8703320859e-01
2.8681994687e-01
2.8660686722e-01
2.8639401056e-01
2.8618141673e-01
2.8595312947e-01
2.8572523719e-01
2.8549778422e-01
2.8527081285e-01
2.8506154051e-01
2.8485274346e-01
2.8464444977e-01
2.8443668578e-01
2.8423064003e-01
2.8402516475e-01
2.8382028066e-01
2.8361600679e-01
2.8338336060e-01
2.8315155739e-01
2.8292061817e-01
2.8269056161e-01
2.8239058915e-01
2.8209219083e-01
2.8179539323e-01
2.8150021826e-01
2.8127124480e-01
2.8104327542e-01
2.8081631601e-01
2.8059037152e-01
2.8034406410e-01
2.8009898348e-01
2.7985513310e-01
2.7961251568e-01
2.7931963795e-01
2.7902858297e-01
2.7873935246e-01
2.7845194738e-01
2.7810022216e-01
2.7775127028e-01
2.7740509065e-01
2.7706168161e-01
2.7667353728e-01
2.7628898784e-01
2.7590802928e-01
2.7553065735e-01
2.7513343168e-01
2.7474024851e-01
2.7435110236e-01
2.7396598768e-01
2.7351881357e-01
2.7307718408e-01
2.7264109035e-01
2.7221052359e-01
2.7167431556e-01
2.7114690233e-01
2.7062826685e-01
2.7011839236e-01
2.6941966742e-01
2.6873801698e-01
2.6807339785e-01
2.6742576792e-01
2.6638713969e-01
2.6539512105e-01
2.6444953843e-01
2.6355022639e-01
2.6175479307e-01
2.6017563181e-01
2.5881143780e-01
2.5766108386e-01
2.5609084344e-01
2.5524819064e-01
2.5513073089e-01
2.5573813067e-01
2.5629484923e-01
2.5702317396e-01
2.5792359253e-01
2.5899670786e-01
2.5971823734e-01
2.6050145832e-01
2.6134655681e-01
2.6225373358e-01
2.6290967980e-01
2.6359480605e-01
2.6430918836e-01
2.6505290604e-01
2.6562261184e-01
2.6620848495e-01
2.6681056103e-01
2.6742887672e-01
2.6792338776e-01
2.6842785710e-01
2.6894230350e-01
2.6946674607e-01
2.6990055907e-01
2.7034100461e-01
2.7078809350e-01
2.7124183673e-01
2.7163205120e-01
2.7202707105e-01
2.7242690325e-01
2.7283155487e-01
2.7319386155e-01
2.7355995689e-01
2.7392984591e-01
2.7430353366e-01
2.7466082555e-01
2.7502153117e-01
2.7538565482e-01
2.7575320072e-01
2.7609647675e-01
2.7644269191e-01
2.7679184930e-01
2.7714395179e-01
2.7744941609e-01
2.7775706622e-01
2.7806690333e-01
2.7837892821e-01
2.7862024429e-01
2.7886285294e-01
2.7910675375e-01
2.7935194602e-01
2.7957360864e-01
2.7979631425e-01
2.8002006133e-01
2.8024484795e-01
2.8046947138e-01
2.8069511792e-01
2.8092178389e-01
2.8114946480e-01
2.8138324829e-01
2.8161807984e-01
2.8185395129e-01
2.8209085297e-01
2.8230241742e-01
2.8251477876e-01
2.8272792648e-01
2.8294184868e-01
2.8314061582e-01
2.8334002363e-01
2.8354005889e-01
2.8374070702e-01
2.8395107955e-01
2.8416208420e-01
2.8437369911e-01
2.8458590053e-01
2.8480220204e-01
2.8501905414e-01
2.8523642573e-01
2.8545428370e-01
2.8566547902e-01
2.8587706323e-01
2.8608900127e-01
2.8630125656e-01
2.8653995511e-01
2.8677895020e-01
2.8701818442e-01
2.8725759885e-01
2.8751311710e-01
2.8776869761e-01
2.8802426524e-01
2.8827974433e-01
2.8857556822e-01
2.8887105380e-01
2.8916608451e-01
2.8946054547e-01
2.8974560084e-01
2.9002991318e-01
2.9031338477e-01
2.9059592097e-01
2.9089110905e-01
2.9118506694e-01
2.9147769801e-01
2.9176891032e-01
2.9208662307e-01
2.9240241515e-01
2.9271618491e-01
2.9302783751e-01
2.9340202233e-01
2.9377283487e-01
2.9414014541e-01
2.9450383721e-01
2.9493416280e-01
2.9535900022e-01
2.9577821457e-01
2.9619169139e-01
2.9669648559e-01
2.9719215903e-01
2.9767860133e-01
2.9815573393e-01
2.9860956938e-01
2.9905457526e-01
2.9949074601e-01
2.9991809243e-01
3.0035231567e-01
3.0077710234e-01
3.0119250596e-01
3.0159859015e-01
3.0203602039e-01
3.0246229487e-01
3.0287752885e-01
3.0328184431e-01
3.0372978744e-01
3.0416389004e-01
3.0458435159e-01
3.0499137442e-01
3.0545412530e-01
3.0589882475e-01
3.0632580459e-01
3.0673539292e-01
3.0721674960e-01
3.0767276994e-01
3.0810402707e-01
3.0851107456e-01
3.0901737269e-01
3.0948272319e-01
3.0990825237e-01
3.1029500850e-01
3.1085761199e-01
3.1131852382e-01
3.1168109360e-01
3.1194800019e-01
3.1211522007e-01
3.1219846458e-01
3.1219830805e-01
3.1211474948e-01
3.1198766842e-01
3.1180642217e-01
3.1157022076e-01
3.1127804356e-01
3.1102404425e-01
3.1073788102e-01
3.1041889317e-01
3.1006635288e-01
3.0975683688e-01
3.0942450397e-01
3.0906887888e-01
3.0868945989e-01
3.0835247084e-01
3.0799804549e-01
3.0762584740e-01
3.0723552899e-01
3.0688480708e-01
3.0652016326e-01
3.0614135910e-01
3.0574815221e-01
3.0539020141e-01
3.0502074969e-01
3.0463962792e-01
3.0424666702e-01
3.0388351885e-01
3.0351056521e-01
3.0312768766e-01
3.0273477056e-01
3.0236416460e-01
3.0198487549e-01
3.0159682402e-01
3.0119993634e-01
3.0080810621e-01
3.0040791422e-01
2.9999931435e-01
2.9958226989e-01
2.9914128928e-01
2.9869120316e-01
2.9823201389e-01
2.9776374331e-01
2.9737153874e-01
2.9697324875e-01
2.9656892387e-01
2.9615862918e-01
2.9580279603e-01
2.9544271005e-01
2.9507844252e-01
2.9471007573e-01
2.9440066373e-01
2.9408854204e-01
2.9377377783e-01
2.9345644497e-01
2.9316829157e-01
2.9287818122e-01
2.9258618308e-01
2.9229237138e-01
2.9201821654e-01
2.9174263623e-01
2.9146570178e-01
2.9118748841e-01
2.9090925117e-01
2.9062990598e-01
2.9034953828e-01
2.9006823699e-01
2.8978883611e-01
2.8950870256e-01
2.8922793144e-01
2.8894662013e-01
2.8870136752e-01
2.8845584730e-01
2.8821012656e-01
2.8796427275e-01
2.8773873409e-01
2.8751319230e-01
2.8728769900e-01
2.8706230528e-01
2.8685137488e-01
2.8664061658e-01
2.8643007010e-01
2.8621977416e-01
2.8591422836e-01
2.8560940369e-01
2.8530540481e-01
2.8500232942e-01
2.8479766842e-01
2.8459349854e-01
2.8438984419e-01
2.8418672817e-01
2.8396791370e-01
2.8374977680e-01
2.8353233991e-01
2.8331562341e-01
2.8308588890e-01
2.8285701029e-01
2.8262900518e-01
2.8240188909e-01
2.8215383629e-01
2.8190688474e-01
2.8166104774e-01
2.8141633655e-01
2.8118838374e-01
2.8096143151e-01
2.8073548533e-01
2.8051054980e-01
2.8026197141e-01
2.8001464792e-01
2.7976858260e-01
2.7952377802e-01
2.7919979278e-01
2.7887804895e-01
2.7855854838e-01
2.7824129190e-01
2.7784814686e-01
2.7745850221e-01
2.7707235576e-01
2.7668970456e-01
2.7630929065e-01
2.7593238790e-01
2.7555899221e-01
2.7518909933e-01
2.7478531312e-01
2.7438577408e-01
2.7399047624e-01
2.7359941366e-01
2.7313924289e-01
2.7268505957e-01
2.7223685380e-01
2.7179461581e-01
2.7123644628e-01
2.7068804666e-01
2.7014939722e-01
2.6962047856e-01
2.6888657839e-01
2.6817218175e-01
2.6747723684e-01
2.6680169325e-01
2.6570914180e-01
2.6467110797e-01
2.6368737877e-01
2.6275775237e-01
2.6095519305e-01
2.5939612684e-01
2.5807909896e-01
2.5700288047e-01
2.5616512858e-01
2.5556729420e-01
2.5520881740e-01
2.5508936241e-01
