0.0000000000e+00
2.0449553679e-03
4.0899107358e-03
6.1348661037e-03
8.1798214716e-03
9.8097747773e-03
1.1439728083e-02
1.3069681389e-02
1.4699634694e-02
1.6134490412e-02
1.7569346130e-02
1.9004201848e-02
2.0439057566e-02
2.1826277437e-02
2.3213497309e-02
2.4600717180e-02
2.5987937052e-02
2.7493971397e-02
2.9000005743e-02
3.0506040088e-02
3.2012074433e-02
3.3288695212e-02
3.4565315990e-02
3.5841936769e-02
3.7118557547e-02
3.8303417110e-02
3.9488276674e-02
4.0673136237e-02
4.1857995801e-02
4.3085119888e-02
4.4312243975e-02
4.5539368062e-02
4.6766492149e-02
4.8043597694e-02
4.9320703239e-02
5.0597808783e-02
5.1874914328e-02
5.3079062428e-02
5.4283210528e-02
5.5487358627e-02
5.6691506727e-02
5.8124166152e-02
5.9556825576e-02
6.0989485001e-02
6.2422144426e-02
6.3899514635e-02
6.5376884845e-02
6.6854255054e-02
6.8331625264e-02
7.0029969292e-02
7.1728313320e-02
7.3426657347e-02
7.5125001375e-02
7.6745039921e-02
7.8365078467e-02
7.9985117012e-02
8.1605155558e-02
8.3362607214e-02
8.5120058869e-02
8.6877510525e-02
8.8634962181e-02
9.0649837077e-02
9.2664711973e-02
9.4679586868e-02
9.6694461764e-02
9.9103993725e-02
1.0151352568e-01
1.0392305765e-01
1.0633258961e-01
1.0934117619e-01
1.1234976278e-01
1.1535834936e-01
1.1836693595e-01
1.2084805547e-01
1.2332917500e-01
1.2581029452e-01
1.2829141405e-01
1.3043448961e-01
1.3257756517e-01
1.3472064073e-01
1.3686371629e-01
1.3871402439e-01
1.4056433249e-01
1.4241464059e-01
1.4426494870e-01
1.4592707215e-01
1.4758919560e-01
1.4925131905e-01
1.5091344251e-01
1.5251133457e-01
1.5410922663e-01
1.5570711870e-01
1.5730501076e-01
1.5903777796e-01
1.6077054517e-01
1.6250331237e-01
1.6423607958e-01
1.6566124643e-01
1.6708641328e-01
1.6851158014e-01
1.6993674699e-01
1.7123733143e-01
1.7253791587e-01
1.7383850031e-01
1.7513908475e-01
1.7633078489e-01
1.7752248502e-01
1.7871418515e-01
1.7990588528e-01
1.8131195805e-01
1.8271803082e-01
1.8412410358e-01
1.8553017635e-01
1.8671155135e-01
1.8789292635e-01
1.8907430134e-01
1.9025567634e-01
1.9146990243e-01
1.9268412852e-01
1.9389835461e-01
1.9511258070e-01
1.9644789929e-01
1.9778321787e-01
1.9911853646e-01
2.0045385505e-01
2.0197673693e-01
2.0349961882e-01
2.0502250070e-01
2.0654538259e-01
2.0792176826e-01
2.0929815394e-01
2.1067453961e-01
2.1205092528e-01
2.1355541623e-01
2.1505990718e-01
2.1656439813e-01
2.1806888908e-01
2.2013194262e-01
2.2219499617e-01
2.2425804971e-01
2.2632110326e-01
2.2896984437e-01
2.3161858548e-01
2.3426732660e-01
2.3691606771e-01
2.3953223156e-01
2.4214839540e-01
2.4476455925e-01
2.4738072309e-01
2.4985292479e-01
2.5232512649e-01
2.5479732818e-01
2.5726952988e-01
2.5962491798e-01
2.6198030609e-01
2.6433569419e-01
2.6669108230e-01
2.6860368547e-01
2.7051628863e-01
2.7242889180e-01
2.7434149497e-01
2.7589769589e-01
2.7745389680e-01
2.7901009772e-01
2.8056629863e-01
2.8196230873e-01
2.8335831882e-01
2.8475432891e-01
2.8615033900e-01
2.8757777508e-01
2.8900521116e-01
2.9043264723e-01
2.9186008331e-01
2.9322471152e-01
2.9458933973e-01
2.9595396794e-01
2.9731859614e-01
2.9858721144e-01
2.9985582674e-01
3.0112444204e-01
3.0239305734e-01
3.0355742038e-01
3.0472178342e-01
3.0588614646e-01
3.0705050950e-01
3.0834933591e-01
3.0964816231e-01
3.1094698872e-01
3.1224581513e-01
3.1345756937e-01
3.1466932362e-01
3.1588107787e-01
3.1709283211e-01
3.1831261566e-01
3.1953239922e-01
3.2075218277e-01
3.2197196632e-01
3.2336974821e-01
3.2476753010e-01
3.2616531199e-01
3.2756309388e-01
3.2913208099e-01
3.3070106809e-01
3.3227005520e-01
3.3383904231e-01
3.3545021287e-01
3.3706138343e-01
3.3867255399e-01
3.4028372455e-01
3.4191706918e-01
3.4355041381e-01
3.4518375844e-01
3.4681710307e-01
3.4863525751e-01
3.5045341195e-01
3.5227156639e-01
3.5408972083e-01
3.5621985651e-01
3.5834999218e-01
3.6048012785e-01
3.6261026352e-01
3.6513352308e-01
3.6765678263e-01
3.7018004219e-01
3.7270330175e-01
3.7551358737e-01
3.7832387300e-01
3.8113415863e-01
3.8394444426e-01
3.8637254050e-01
3.8880063674e-01
3.9122873298e-01
3.9365682922e-01
3.9572586504e-01
3.9779490085e-01
3.9986393667e-01
4.0193297248e-01
4.0376072529e-01
4.0558847809e-01
4.0741623090e-01
4.0924398371e-01
4.1089450597e-01
4.1254502823e-01
4.1419555049e-01
4.1584607275e-01
4.1747234090e-01
4.1909860905e-01
4.2072487720e-01
4.2235114535e-01
4.2396090859e-01
4.2557067183e-01
4.2718043507e-01
4.2879019831e-01
4.3021392834e-01
4.3163765837e-01
4.3306138841e-01
4.3448511844e-01
4.3576301631e-01
4.3704091417e-01
4.3831881204e-01
4.3959670991e-01
4.4079589077e-01
4.4199507163e-01
4.4319425249e-01
4.4439343335e-01
4.4590835459e-01
4.4742327583e-01
4.4893819706e-01
4.5045311830e-01
4.5162122443e-01
4.5278933056e-01
4.5395743669e-01
4.5512554282e-01
4.5642850847e-01
4.5773147413e-01
4.5903443978e-01
4.6033740544e-01
4.6169413851e-01
4.6305087158e-01
4.6440760465e-01
4.6576433772e-01
4.6720546620e-01
4.6864659468e-01
4.7008772316e-01
4.7152885164e-01
4.7292472291e-01
4.7432059417e-01
4.7571646544e-01
4.7711233670e-01
4.7868129185e-01
4.8025024701e-01
4.8181920216e-01
4.8338815731e-01
4.8542541018e-01
4.8746266305e-01
4.8949991591e-01
4.9153716878e-01
4.9421201427e-01
4.9688685977e-01
4.9956170526e-01
5.0223655076e-01
5.0414131626e-01
5.0604608177e-01
5.0795084727e-01
5.0985561277e-01
5.1142448715e-01
5.1299336152e-01
5.1456223590e-01
5.1613111027e-01
5.1753975535e-01
5.1894840043e-01
5.2035704550e-01
5.2176569058e-01
5.2317864218e-01
5.2459159379e-01
5.2600454540e-01
5.2741749700e-01
5.2881930515e-01
5.3022111329e-01
5.3162292144e-01
5.3302472959e-01
5.3428700576e-01
5.3554928194e-01
5.3681155811e-01
5.3807383429e-01
5.3924578635e-01
5.4041773841e-01
5.4158969046e-01
5.4276164252e-01
5.4403230893e-01
5.4530297534e-01
5.4657364176e-01
5.4784430817e-01
5.4907622296e-01
5.5030813774e-01
5.5154005253e-01
5.5277196732e-01
5.5398839935e-01
5.5520483139e-01
5.5642126342e-01
5.5763769546e-01
5.5907296811e-01
5.6050824077e-01
5.6194351342e-01
5.6337878607e-01
5.6491101554e-01
5.6644324501e-01
5.6797547448e-01
5.6950770395e-01
5.7114803417e-01
5.7278836439e-01
5.7442869460e-01
5.7606902482e-01
5.7769856014e-01
5.7932809546e-01
5.8095763078e-01
5.8258716610e-01
5.8438824817e-01
5.8618933024e-01
5.8799041230e-01
5.8979149437e-01
5.9187246147e-01
5.9395342857e-01
5.9603439567e-01
5.9811536278e-01
6.0058882666e-01
6.0306229054e-01
6.0553575442e-01
6.0800921830e-01
6.1099468778e-01
6.1398015727e-01
6.1696562675e-01
6.1995109623e-01
6.2237625193e-01
6.2480140763e-01
6.2722656332e-01
6.2965171902e-01
6.3173133074e-01
6.3381094245e-01
6.3589055417e-01
6.3797016588e-01
6.3980230044e-01
6.4163443500e-01
6.4346656955e-01
6.4529870411e-01
6.4694192337e-01
6.4858514263e-01
6.5022836190e-01
6.5187158116e-01
6.5347308601e-01
6.5507459087e-01
6.5667609572e-01
6.5827760057e-01
6.5995310722e-01
6.6162861387e-01
6.6330412052e-01
6.6497962717e-01
6.6638230594e-01
6.6778498471e-01
6.6918766348e-01
6.7059034226e-01
6.7187447104e-01
6.7315859983e-01
6.7444272862e-01
6.7572685740e-01
6.7691302546e-01
6.7809919352e-01
6.7928536158e-01
6.8047152964e-01
6.8193408958e-01
6.8339664953e-01
6.8485920948e-01
6.8632176943e-01
6.8749441083e-01
6.8866705224e-01
6.8983969365e-01
6.9101233505e-01
6.9227915278e-01
6.9354597051e-01
6.9481278824e-01
6.9607960597e-01
6.9741309572e-01
6.9874658546e-01
7.0008007521e-01
7.0141356496e-01
7.0288156919e-01
7.0434957342e-01
7.0581757765e-01
7.0728558187e-01
7.0866743289e-01
7.1004928390e-01
7.1143113491e-01
7.1281298592e-01
7.1435826858e-01
7.1590355124e-01
7.1744883389e-01
7.1899411655e-01
7.2111778496e-01
7.2324145336e-01
7.2536512177e-01
7.2748879017e-01
7.3028111299e-01
7.3307343581e-01
7.3586575864e-01
7.3865808146e-01
7.4117136533e-01
7.4368464921e-01
7.4619793308e-01
7.4871121696e-01
7.5117019978e-01
7.5362918260e-01
7.5608816543e-01
7.5854714825e-01
7.6094875746e-01
7.6335036666e-01
7.6575197587e-01
7.6815358508e-01
7.7002003956e-01
7.7188649404e-01
7.7375294852e-01
7.7561940300e-01
7.7713331557e-01
7.7864722814e-01
7.8016114071e-01
7.8167505328e-01
7.8307041737e-01
7.8446578145e-01
7.8586114554e-01
7.8725650962e-01
7.8865657939e-01
7.9005664916e-01
7.9145671893e-01
7.9285678869e-01
7.9421703338e-01
7.9557727807e-01
7.9693752276e-01
7.9829776745e-01
7.9952867289e-01
8.0075957832e-01
8.0199048376e-01
8.0322138919e-01
8.0440910562e-01
8.0559682204e-01
8.0678453846e-01
8.0797225489e-01
8.0927700153e-01
8.1058174817e-01
8.1188649481e-01
8.1319124146e-01
8.1439306163e-01
8.1559488180e-01
8.1679670197e-01
8.1799852214e-01
8.1923392445e-01
8.2046932676e-01
8.2170472907e-01
8.2294013138e-01
8.2436419432e-01
8.2578825726e-01
8.2721232020e-01
8.2863638314e-01
8.3028071766e-01
8.3192505218e-01
8.3356938670e-01
8.3521372123e-01
8.3681531182e-01
8.3841690241e-01
8.4001849300e-01
8.4162008359e-01
8.4327154039e-01
8.4492299718e-01
8.4657445398e-01
8.4822591077e-01
8.5007917537e-01
8.5193243997e-01
8.5378570456e-01
8.5563896916e-01
8.5790159488e-01
8.6016422061e-01
8.6242684634e-01
8.6468947207e-01
8.6732603293e-01
8.6996259378e-01
8.7259915463e-01
8.7523571549e-01
8.7798782316e-01
8.8073993084e-01
8.8349203851e-01
8.8624414619e-01
8.8859239540e-01
8.9094064461e-01
8.9328889383e-01
8.9563714304e-01
8.9763549900e-01
8.9963385495e-01
9.0163221090e-01
9.0363056686e-01
9.0540517816e-01
9.0717978947e-01
9.0895440078e-01
9.1072901209e-01
9.1235322781e-01
9.1397744354e-01
9.1560165927e-01
9.1722587499e-01
9.1887602410e-01
9.2052617320e-01
9.2217632231e-01
9.2382647142e-01
9.2537280283e-01
9.2691913425e-01
9.2846546567e-01
9.3001179709e-01
9.3143540797e-01
9.3285901885e-01
9.3428262973e-01
9.3570624061e-01
9.3694774881e-01
9.3818925702e-01
9.3943076522e-01
9.4067227342e-01
9.4187587445e-01
9.4307947548e-01
9.4428307651e-01
9.4548667753e-01
9.4686149015e-01
9.4823630276e-01
9.4961111537e-01
9.5098592798e-01
9.5215230700e-01
9.5331868602e-01
9.5448506504e-01
9.5565144406e-01
9.5693338150e-01
9.5821531893e-01
9.5949725636e-01
9.6077919379e-01
9.6214718114e-01
9.6351516849e-01
9.6488315584e-01
9.6625114319e-01
9.6768240263e-01
9.6911366207e-01
9.7054492151e-01
9.7197618095e-01
9.7337939828e-01
9.7478261562e-01
9.7618583296e-01
9.7758905029e-01
9.7917322746e-01
9.8075740463e-01
9.8234158180e-01
9.8392575897e-01
9.8593503910e-01
9.8794431923e-01
9.8995359935e-01
9.9196287948e-01
9.9397215961e-01
9.9598143974e-01
9.9799071987e-01
1.0000000000e+00
