2.4169311228e-01
2.4175672702e-01
2.4194754493e-01
2.4226548694e-01
2.4271042089e-01
2.4328509952e-01
2.4398751676e-01
2.4481737322e-01
2.4577431237e-01
2.4695329299e-01
2.4828017665e-01
2.4975427346e-01
2.5137480684e-01
2.5326211193e-01
2.5531359574e-01
2.5752797221e-01
2.5990382863e-01
2.6217470024e-01
2.6457344716e-01
2.6709876785e-01
2.6974926861e-01
2.7237110672e-01
2.7510234862e-01
2.7794157630e-01
2.8088729224e-01
2.8392111876e-01
2.8705709028e-01
2.9029349442e-01
2.9362853848e-01
2.9677704040e-01
3.0000566632e-01
3.0331284810e-01
3.0669696117e-01
3.1005183499e-01
3.1347594416e-01
3.1696765701e-01
3.2052529486e-01
3.2415717429e-01
3.2785182362e-01
3.3160741544e-01
3.3542208032e-01
3.3932017318e-01
3.4327421357e-01
3.4728217607e-01
3.5134200005e-01
3.5564003974e-01
3.5999005786e-01
3.6438959257e-01
3.6883615213e-01
3.7418891056e-01
3.7960048230e-01
3.8506653580e-01
3.9058271065e-01
3.9541443077e-01
4.0027782125e-01
4.0516999710e-01
4.1008807603e-01
4.1471628736e-01
4.1936235233e-01
4.2402392789e-01
4.2869868585e-01
4.3328448955e-01
4.3787856020e-01
4.4247877246e-01
4.4708302487e-01
4.5169682593e-01
4.5631054103e-01
4.6092214383e-01
4.6552964069e-01
4.7023341736e-01
4.7492880227e-01
4.7961378332e-01
4.8428639162e-01
4.8918656193e-01
4.9406872462e-01
4.9893075276e-01
5.0377057899e-01
5.0895616527e-01
5.1411124315e-01
5.1923347049e-01
5.2432059060e-01
5.2933907588e-01
5.3431870109e-01
5.3925750544e-01
5.4415361273e-01
5.4897511964e-01
5.5375101424e-01
5.5847970121e-01
5.6315966555e-01
5.6792194624e-01
5.7262966417e-01
5.7728142871e-01
5.8187593379e-01
5.8670077712e-01
5.9145802552e-01
5.9614640658e-01
6.0076474608e-01
6.0600655366e-01
6.1115212081e-01
6.1620009796e-01
6.2114928595e-01
6.2582111701e-01
6.3039952809e-01
6.3488380893e-01
6.3927335573e-01
6.4331830775e-01
6.4727852971e-01
6.5115375004e-01
6.5494376377e-01
6.5859564924e-01
6.6216454790e-01
6.6565043113e-01
6.6905331867e-01
6.7238591091e-01
6.7563503963e-01
6.7880085124e-01
6.8188352787e-01
6.8492865449e-01
6.8788855386e-01
6.9076351011e-01
6.9355383266e-01
6.9632420063e-01
6.9900652121e-01
7.0160119021e-01
7.0410861890e-01
7.0660549574e-01
7.0901037102e-01
7.1132373017e-01
7.1354606411e-01
7.1576046979e-01
7.1787758339e-01
7.1989795696e-01
7.2182213698e-01
7.2373606428e-01
7.2554553696e-01
7.2725114621e-01
7.2885346467e-01
7.3043888551e-01
7.3190962822e-01
7.3326628735e-01
7.3450942230e-01
7.3572865991e-01
7.3681588434e-01
7.3777164858e-01
7.3859644531e-01
7.3935587208e-01
7.3995647735e-01
7.4039865046e-01
7.4068267999e-01
7.4080784853e-01
7.4078095934e-01
7.4060199535e-01
7.4027084340e-01
7.3984177148e-01
7.3928866557e-01
7.3861124535e-01
7.3780917015e-01
7.3694681372e-01
7.3597492781e-01
7.3489309925e-01
7.3370087438e-01
7.3246732375e-01
7.3113351984e-01
7.2969898364e-01
7.2816320998e-01
7.2659817243e-01
7.2493944760e-01
7.2318653623e-01
7.2133892469e-01
7.1946824486e-01
7.1750864355e-01
7.1545963472e-01
7.1332072806e-01
7.1115937043e-01
7.0891249517e-01
7.0657965572e-01
7.0416041042e-01
7.0171323432e-01
6.9918278999e-01
6.9656869305e-01
6.9387057305e-01
6.9113074390e-01
6.8830874766e-01
6.8540428503e-01
6.8241708015e-01
6.7935988496e-01
6.7622017163e-01
6.7299775388e-01
6.6969248003e-01
6.6625243729e-01
6.6272682371e-01
6.5911561052e-01
6.5541881976e-01
6.5136861535e-01
6.4722069131e-01
6.4297529779e-01
6.3863277264e-01
6.3414950862e-01
6.2956818316e-01
6.2488945224e-01
6.2011408726e-01
6.1577544327e-01
6.1136140036e-01
6.0687276121e-01
6.0231041617e-01
5.9796457710e-01
5.9355562905e-01
5.8908453285e-01
5.8455232706e-01
5.8010462158e-01
5.7560170750e-01
5.7104474890e-01
5.6643498538e-01
5.6177593257e-01
5.5706683280e-01
5.5230915879e-01
5.4750446388e-01
5.4256450058e-01
5.3757927659e-01
5.3255069617e-01
5.2748075322e-01
5.2269643876e-01
5.1787944921e-01
5.1303163733e-01
5.0815492442e-01
5.0352492755e-01
4.9887266151e-01
4.9419990939e-01
4.8950850616e-01
4.8493140989e-01
4.8034024530e-01
4.7573683364e-01
4.7112303814e-01
4.6653547683e-01
4.6194146181e-01
4.5734292873e-01
4.5274184783e-01
4.4807086117e-01
4.4340144091e-01
4.3873574494e-01
4.3407595929e-01
4.2915987665e-01
4.2425550667e-01
4.1936551392e-01
4.1449258472e-01
4.0833515694e-01
4.0221515567e-01
3.9613816944e-01
3.9010979744e-01
3.8542140172e-01
3.8076901526e-01
3.7615531821e-01
3.7158297668e-01
3.6727966669e-01
3.6301832898e-01
3.5880119558e-01
3.5463047491e-01
3.5053663934e-01
3.4649283903e-01
3.4250115200e-01
3.3856362309e-01
3.3471978738e-01
3.3093294567e-01
3.2720497474e-01
3.2353771149e-01
3.1983905911e-01
3.1620813216e-01
3.1264677470e-01
3.0915677999e-01
3.0549425886e-01
3.0191794401e-01
2.9842984550e-01
2.9503190095e-01
2.9164307539e-01
2.8835293985e-01
2.8516334234e-01
2.8207604906e-01
2.7891183308e-01
2.7586677108e-01
2.7294267756e-01
2.7014126617e-01
2.6709302517e-01
2.6420925952e-01
2.6149205779e-01
2.5894335008e-01
2.5678040296e-01
2.5475854185e-01
2.5287888443e-01
2.5114245307e-01
2.4965758784e-01
2.4829796507e-01
2.4706419693e-01
2.4595683213e-01
2.4498155956e-01
2.4413216170e-01
2.4340900076e-01
2.4281238266e-01
2.4230188084e-01
2.4194553640e-01
2.4174352920e-01
2.4169596087e-01
2.4178692700e-01
2.4200579424e-01
2.4235247133e-01
2.4282681326e-01
2.4343060406e-01
2.4416236461e-01
2.4502178177e-01
2.4600848477e-01
2.4723101987e-01
2.4860422386e-01
2.5012736664e-01
2.5179962732e-01
2.5368678624e-01
2.5573163051e-01
2.5793292263e-01
2.6028930716e-01
2.6258525262e-01
2.6500915102e-01
2.6755968017e-01
2.7023542490e-01
2.7287730018e-01
2.7562826104e-01
2.7848687569e-01
2.8145163275e-01
2.8447057564e-01
2.8758912838e-01
2.9080562138e-01
2.9411830810e-01
2.9727670774e-01
3.0051485000e-01
3.0383116206e-01
3.0722401490e-01
3.1058944839e-01
3.1402384092e-01
3.1752555403e-01
3.2109290253e-01
3.2474403068e-01
3.2845795419e-01
3.3223282488e-01
3.3606675238e-01
3.3998044606e-01
3.4394992360e-01
3.4797314394e-01
3.5204803098e-01
3.5637333147e-01
3.6075063704e-01
3.6517744871e-01
3.6965123771e-01
3.7523059053e-01
3.8087268834e-01
3.8657264692e-01
3.9232555072e-01
3.9712819352e-01
4.0196097463e-01
4.0682108163e-01
4.1170570616e-01
4.1632723844e-01
4.2096571274e-01
4.2561881070e-01
4.3028422965e-01
4.3487066305e-01
4.3946461851e-01
4.4406398211e-01
4.4866666453e-01
4.5328620639e-01
4.5790495880e-01
4.6252089923e-01
4.6713203863e-01
4.7184835926e-01
4.7655553295e-01
4.8125154294e-01
4.8593441676e-01
4.9086142901e-01
4.9576944697e-01
5.0065632164e-01
5.0551996569e-01
5.1072573869e-01
5.1589982383e-01
5.2103986758e-01
5.2614360414e-01
5.3113618306e-01
5.3608937747e-01
5.4100127092e-01
5.4587003066e-01
5.5068335108e-01
5.5545033003e-01
5.6016939332e-01
5.6483904728e-01
5.6960281354e-01
5.7431103307e-01
5.7896232786e-01
5.8355540535e-01
5.8840217364e-01
5.9317958620e-01
5.9788637087e-01
6.0252135633e-01
6.0783688577e-01
6.1305168065e-01
6.1816436574e-01
6.2317372626e-01
6.2776117232e-01
6.3225668513e-01
6.3665961853e-01
6.4096942655e-01
6.4496954252e-01
6.4888521607e-01
6.5271620537e-01
6.5646233298e-01
6.6007965192e-01
6.6361397980e-01
6.6706530841e-01
6.7043367641e-01
6.7373599630e-01
6.7695470044e-01
6.8008995101e-01
6.8314194473e-01
6.8615865866e-01
6.8908988299e-01
6.9193591461e-01
6.9469707463e-01
6.9743953148e-01
7.0009356986e-01
7.0265959600e-01
7.0513803054e-01
7.0760604574e-01
7.0998159393e-01
7.1226516842e-01
7.1445726695e-01
7.1664123817e-01
7.1872730715e-01
7.2071603109e-01
7.2260796042e-01
7.2448893850e-01
7.2626463520e-01
7.2793564340e-01
7.2950253599e-01
7.3105135581e-01
7.3248428350e-01
7.3380191063e-01
7.3500479171e-01
7.3618339637e-01
7.3722748272e-01
7.3813759592e-01
7.3891421727e-01
7.3961950053e-01
7.4016178093e-01
7.4054142069e-01
7.4075867494e-01
7.4081473304e-01
7.4072341257e-01
7.4048465745e-01
7.4009832149e-01
7.3961992961e-01
7.3901962736e-01
7.3829711690e-01
7.3745204278e-01
7.3654865896e-01
7.3553693405e-01
7.3441644561e-01
7.3318673240e-01
7.3191715205e-01
7.3054813112e-01
7.2907918677e-01
7.2750981137e-01
7.2591205331e-01
7.2422119611e-01
7.2243674066e-01
7.2055817452e-01
7.1865684709e-01
7.1666702550e-01
7.1458822683e-01
7.1241996484e-01
7.1022900243e-01
7.0795282337e-01
7.0559098664e-01
7.0314305708e-01
7.0066623421e-01
6.9810632880e-01
6.9546296434e-01
6.9273577918e-01
6.8996487958e-01
6.8711187381e-01
6.8417647297e-01
6.8115841262e-01
6.7806628511e-01
6.7489152041e-01
6.7163394613e-01
6.6829342582e-01
6.6480764646e-01
6.6123575775e-01
6.5757775147e-01
6.5383367236e-01
6.4968702122e-01
6.4543999169e-01
6.4109288183e-01
6.3664608497e-01
6.3218539771e-01
6.2762973447e-01
6.2297976917e-01
6.1823628708e-01
6.1390717051e-01
6.0950442321e-01
6.0502886030e-01
6.0048138261e-01
5.9612981123e-01
5.9171612118e-01
5.8724129114e-01
5.8270637690e-01
5.7824455539e-01
5.7372821798e-01
5.6915855262e-01
5.6453682283e-01
5.5984571906e-01
5.5510492374e-01
5.5031595374e-01
5.4548040774e-01
5.4055525155e-01
5.3558619215e-01
5.3057513066e-01
5.2552405560e-01
5.2076421265e-01
5.1597293423e-01
5.1115205618e-01
5.0630348054e-01
5.0168318435e-01
4.9704149390e-01
4.9238019104e-01
4.8770110828e-01
4.8312613723e-01
4.7853785547e-01
4.7393809142e-01
4.6932871467e-01
4.6473741332e-01
4.6014040949e-01
4.5553965384e-01
4.5093713094e-01
4.4625279640e-01
4.4157087898e-01
4.3689356698e-01
4.3222307624e-01
4.2726640967e-01
4.2232271402e-01
4.1739473651e-01
4.1248524539e-01
4.0670424901e-01
4.0095766762e-01
3.9525015311e-01
3.8958636357e-01
3.8491930331e-01
3.8028826999e-01
3.7569591253e-01
3.7114486558e-01
3.6685320183e-01
3.6260358604e-01
3.5839823635e-01
3.5423934717e-01
3.5012780176e-01
3.4606705667e-01
3.4205922106e-01
3.3810636992e-01
3.3427088029e-01
3.3049255635e-01
3.2677326778e-01
3.2311484424e-01
3.1942616230e-01
3.1580532777e-01
3.1225417545e-01
3.0877448939e-01
3.0508433623e-01
3.0148237455e-01
2.9797066710e-01
2.9455120108e-01
2.9117862624e-01
2.8790485296e-01
2.8473171366e-01
2.8166095925e-01
2.7852674929e-01
2.7551078890e-01
2.7261485458e-01
2.6984062398e-01
2.6674064244e-01
2.6381301959e-01
2.6105996835e-01
2.5848352877e-01
2.5636026461e-01
2.5437688067e-01
2.5253445864e-01
2.5083398737e-01
2.4937623653e-01
2.4804349785e-01
2.4683636815e-01
2.4575538155e-01
2.4480490392e-01
2.4398034670e-01
2.4328206084e-01
2.4271034123e-01
2.4226544211e-01
2.4194752500e-01
2.4175672204e-01
2.4169311228e-01
