2.7200912214e-01
2.7206389626e-01
2.7222824067e-01
2.7250222158e-01
2.7288594931e-01
2.7318765568e-01
2.7353400022e-01
2.7392503951e-01
2.7436083747e-01
2.7469542950e-01
2.7505238386e-01
2.7543172960e-01
2.7583349760e-01
2.7614911229e-01
2.7647733739e-01
2.7681818788e-01
2.7717167932e-01
2.7746514888e-01
2.7776681345e-01
2.7807668194e-01
2.7839476345e-01
2.7867194054e-01
2.7895507875e-01
2.7924418404e-01
2.7953926244e-01
2.7985743532e-01
2.8018228627e-01
2.8051382233e-01
2.8085205027e-01
2.8110378525e-01
2.8135910876e-01
2.8161802255e-01
2.8188052778e-01
2.8208801611e-01
2.8229769446e-01
2.8250956194e-01
2.8272361695e-01
2.8291163368e-01
2.8310130205e-01
2.8329261881e-01
2.8348557966e-01
2.8369309729e-01
2.8390246849e-01
2.8411368213e-01
2.8432672409e-01
2.8451819838e-01
2.8471109687e-01
2.8490540117e-01
2.8510108937e-01
2.8527727625e-01
2.8545452819e-01
2.8563282050e-01
2.8581212511e-01
2.8599978825e-01
2.8618847343e-01
2.8637813568e-01
2.8656872510e-01
2.8675617919e-01
2.8694441329e-01
2.8713336659e-01
2.8732297386e-01
2.8751759089e-01
2.8771274105e-01
2.8790834158e-01
2.8810430618e-01
2.8832637334e-01
2.8854865848e-01
2.8877102491e-01
2.8899333367e-01
2.8927464775e-01
2.8955535869e-01
2.8983518337e-01
2.9011384343e-01
2.9036574954e-01
2.9061627340e-01
2.9086522511e-01
2.9111242263e-01
2.9138665645e-01
2.9165824827e-01
2.9192698259e-01
2.9219265833e-01
2.9251540660e-01
2.9283291367e-01
2.9314489193e-01
2.9345108393e-01
2.9382980015e-01
2.9419848879e-01
2.9455680853e-01
2.9490447378e-01
2.9529358699e-01
2.9566779520e-01
2.9602687275e-01
2.9637065247e-01
2.9670136806e-01
2.9701636575e-01
2.9731560553e-01
2.9759907867e-01
2.9789852148e-01
2.9817818058e-01
2.9843814601e-01
2.9867853531e-01
2.9890029865e-01
2.9910264779e-01
2.9928577524e-01
2.9944989916e-01
2.9960106591e-01
2.9973215256e-01
2.9984351824e-01
2.9993557331e-01
2.9999519447e-01
3.0004321430e-01
3.0007993149e-01
3.0010568127e-01
3.0011839692e-01
3.0012486014e-01
3.0012528749e-01
3.0011991556e-01
3.0011070021e-01
3.0009745701e-01
3.0008038485e-01
3.0005969691e-01
3.0003717579e-01
3.0001186656e-01
2.9998398174e-01
2.9995374539e-01
2.9991956390e-01
2.9988331711e-01
2.9984530616e-01
2.9980584299e-01
2.9977256985e-01
2.9973871492e-01
2.9970446168e-01
2.9966999470e-01
2.9963877378e-01
2.9960766481e-01
2.9957680190e-01
2.9954631667e-01
2.9951490112e-01
2.9948418493e-01
2.9945430534e-01
2.9942539296e-01
2.9939913773e-01
2.9937394811e-01
2.9934991423e-01
2.9932711936e-01
2.9930323710e-01
2.9928108864e-01
2.9926075924e-01
2.9924232381e-01
2.9922325128e-01
2.9920694620e-01
2.9919348037e-01
2.9918291057e-01
2.9917578965e-01
2.9917117296e-01
2.9916907560e-01
2.9916950434e-01
2.9917272898e-01
2.9917879551e-01
2.9918768135e-01
2.9919935257e-01
2.9921092355e-01
2.9922429176e-01
2.9923941950e-01
2.9925626245e-01
2.9927432008e-01
2.9929391047e-01
2.9931497196e-01
2.9933743563e-01
2.9936095062e-01
2.9938568085e-01
2.9941153830e-01
2.9943842802e-01
2.9946759553e-01
2.9949766032e-01
2.9952849141e-01
2.9955995170e-01
2.9959479893e-01
2.9963003412e-01
2.9966546225e-01
2.9970088508e-01
2.9973967893e-01
2.9977795543e-01
2.9981544856e-01
2.9985189603e-01
2.9988912988e-01
2.9992460009e-01
2.9995801926e-01
2.9998911163e-01
3.0002041784e-01
3.0004823277e-01
3.0007224142e-01
3.0009214906e-01
3.0011129869e-01
3.0012266001e-01
3.0012574573e-01
3.0012011638e-01
3.0009905209e-01
3.0006174651e-01
3.0000752895e-01
2.9993581775e-01
2.9984382382e-01
2.9973252232e-01
2.9960150283e-01
2.9945040609e-01
2.9929044674e-01
2.9911237884e-01
2.9891599841e-01
2.9870112486e-01
2.9848640623e-01
2.9825571230e-01
2.9800895162e-01
2.9774605049e-01
2.9747251127e-01
2.9718336779e-01
2.9687861377e-01
2.9655827099e-01
2.9625582594e-01
2.9594079439e-01
2.9561327323e-01
2.9527339400e-01
2.9497607901e-01
2.9467015561e-01
2.9435577991e-01
2.9403313764e-01
2.9376396221e-01
2.9348956637e-01
2.9321010380e-01
2.9292574671e-01
2.9267824839e-01
2.9242742740e-01
2.9217342855e-01
2.9191640877e-01
2.9167400943e-01
2.9142927467e-01
2.9118236159e-01
2.9093343676e-01
2.9069354926e-01
2.9045214280e-01
2.9020938607e-01
2.8996545414e-01
2.8972950065e-01
2.8949279008e-01
2.8925549148e-01
2.8901777606e-01
2.8880955409e-01
2.8860126026e-01
2.8839300906e-01
2.8818491344e-01
2.8798422964e-01
2.8778389122e-01
2.8758399203e-01
2.8738462218e-01
2.8719192062e-01
2.8699987146e-01
2.8680854436e-01
2.8661800429e-01
2.8642803700e-01
2.8623897481e-01
2.8605086826e-01
2.8586376299e-01
2.8565639583e-01
2.8545037407e-01
2.8524574130e-01
2.8504253507e-01
2.8483766510e-01
2.8463432768e-01
2.8443254656e-01
2.8423234141e-01
2.8402510693e-01
2.8381962127e-01
2.8361589638e-01
2.8341394169e-01
2.8316639671e-01
2.8292158619e-01
2.8267951754e-01
2.8244019580e-01
2.8213367993e-01
2.8183180030e-01
2.8153455797e-01
2.8124195210e-01
2.8091045016e-01
2.8058510016e-01
2.8026589675e-01
2.7995283406e-01
2.7959898578e-01
2.7925330654e-01
2.7891578665e-01
2.7858641648e-01
2.7814910107e-01
2.7772699010e-01
2.7732006057e-01
2.7692829029e-01
2.7633200617e-01
2.7577451676e-01
2.7525574380e-01
2.7477561448e-01
2.7398641696e-01
2.7332982613e-01
2.7280552419e-01
2.7241325739e-01
2.7212322034e-01
2.7201071467e-01
2.7207566698e-01
2.7231811964e-01
2.7255629743e-01
2.7286215251e-01
2.7323576083e-01
2.7367721515e-01
2.7401064520e-01
2.7437455531e-01
2.7476898595e-01
2.7519398100e-01
2.7552230991e-01
2.7586685104e-01
2.7622762466e-01
2.7660465199e-01
2.7690927966e-01
2.7722377254e-01
2.7754814180e-01
2.7788239900e-01
2.7816722677e-01
2.7845887562e-01
2.7875735266e-01
2.7906266512e-01
2.7936987143e-01
2.7968371464e-01
2.8000420187e-01
2.8033134020e-01
2.8062310303e-01
2.8091996973e-01
2.8122194433e-01
2.8152903020e-01
2.8175308727e-01
2.8197979085e-01
2.8220914084e-01
2.8244113646e-01
2.8263553695e-01
2.8283175415e-01
2.8302978566e-01
2.8322962815e-01
2.8344769491e-01
2.8366786520e-01
2.8389012897e-01
2.8411447313e-01
2.8432493610e-01
2.8453716647e-01
2.8475114325e-01
2.8496684069e-01
2.8514469657e-01
2.8532366493e-01
2.8550372247e-01
2.8568484252e-01
2.8590768526e-01
2.8613200727e-01
2.8635773566e-01
2.8658478777e-01
2.8680027185e-01
2.8701676677e-01
2.8723417829e-01
2.8745240453e-01
2.8766718340e-01
2.8788253233e-01
2.8809833683e-01
2.8831447778e-01
2.8856209573e-01
2.8880980408e-01
2.8905741053e-01
2.8930472114e-01
2.8955703656e-01
2.8980863426e-01
2.9005931179e-01
2.9030887117e-01
2.9056992078e-01
2.9082930499e-01
2.9108681710e-01
2.9134226019e-01
2.9162840882e-01
2.9191141979e-01
2.9219105750e-01
2.9246710402e-01
2.9283019149e-01
2.9318607231e-01
2.9353436561e-01
2.9387473853e-01
2.9436945884e-01
2.9484494434e-01
2.9530056715e-01
2.9573585037e-01
2.9609428747e-01
2.9643720721e-01
2.9676449882e-01
2.9707609352e-01
2.9738960964e-01
2.9768540299e-01
2.9796350282e-01
2.9822396603e-01
2.9848226319e-01
2.9872074013e-01
2.9893954663e-01
2.9913885702e-01
2.9935176823e-01
2.9953750592e-01
2.9969652002e-01
2.9982933186e-01
2.9991544313e-01
2.9998618443e-01
3.0004193517e-01
3.0008312703e-01
3.0010410908e-01
3.0011794923e-01
3.0012487578e-01
3.0012513956e-01
3.0012032310e-01
3.0011106652e-01
3.0009756872e-01
3.0008004377e-01
3.0006064027e-01
3.0003823566e-01
3.0001303060e-01
2.9998523744e-01
2.9995220655e-01
2.9991666529e-01
2.9987893543e-01
2.9983935262e-01
2.9980542046e-01
2.9977065900e-01
2.9973527470e-01
2.9969947649e-01
2.9966793531e-01
2.9963637892e-01
2.9960494750e-01
2.9957377938e-01
2.9954249789e-01
2.9951176789e-01
2.9948172362e-01
2.9945249388e-01
2.9942525768e-01
2.9939899204e-01
2.9937379382e-01
2.9934975327e-01
2.9932419786e-01
2.9930032075e-01
2.9927821895e-01
2.9925797851e-01
2.9923612416e-01
2.9921720674e-01
2.9920131944e-01
2.9918853686e-01
2.9918019298e-01
2.9917413676e-01
2.9917038662e-01
2.9916895377e-01
2.9916985895e-01
2.9917312035e-01
2.9917872808e-01
2.9918666489e-01
2.9919612183e-01
2.9920754799e-01
2.9922091036e-01
2.9923616891e-01
2.9925169817e-01
2.9926872346e-01
2.9928719717e-01
2.9930706565e-01
2.9933193954e-01
2.9935852524e-01
2.9938670424e-01
2.9941634607e-01
2.9944358644e-01
2.9947174921e-01
2.9950072339e-01
2.9953039220e-01
2.9956393003e-01
2.9959799855e-01
2.9963242012e-01
2.9966701296e-01
2.9971504113e-01
2.9976254303e-01
2.9980901996e-01
2.9985397995e-01
2.9989001713e-01
2.9992438981e-01
2.9995683615e-01
2.9998710461e-01
3.0001773925e-01
3.0004511123e-01
3.0006893043e-01
3.0008892472e-01
3.0010893073e-01
3.0012139037e-01
3.0012582450e-01
3.0012180030e-01
3.0010464562e-01
3.0007342461e-01
3.0002757068e-01
2.9996658794e-01
2.9988635282e-01
2.9978874000e-01
2.9967337071e-01
2.9953991206e-01
2.9937554653e-01
2.9918951978e-01
2.9898154687e-01
2.9875137799e-01
2.9854110065e-01
2.9831495154e-01
2.9807283574e-01
2.9781467552e-01
2.9755378953e-01
2.9727825872e-01
2.9698807032e-01
2.9668323503e-01
2.9637411918e-01
2.9605136646e-01
2.9571507293e-01
2.9536537318e-01
2.9505357339e-01
2.9473210538e-01
2.9440114639e-01
2.9406090992e-01
2.9379496299e-01
2.9352388202e-01
2.9324781413e-01
2.9296692407e-01
2.9271908288e-01
2.9246787179e-01
2.9221343524e-01
2.9195592993e-01
2.9171863973e-01
2.9147907701e-01
2.9123738816e-01
2.9099372837e-01
2.9069245066e-01
2.9038877475e-01
2.9008303734e-01
2.8977559057e-01
2.8955699493e-01
2.8933785779e-01
2.8911831384e-01
2.8889849883e-01
2.8870165573e-01
2.8850480156e-01
2.8830803244e-01
2.8811144295e-01
2.8792077576e-01
2.8773044786e-01
2.8754053899e-01
2.8735112573e-01
2.8715561157e-01
2.8696078370e-01
2.8676671403e-01
2.8657346948e-01
2.8639015248e-01
2.8620768984e-01
2.8602612630e-01
2.8584550237e-01
2.8564187626e-01
2.8543955192e-01
2.8523857032e-01
2.8503896684e-01
2.8482598339e-01
2.8461465875e-01
2.8440501927e-01
2.8419708660e-01
2.8399363063e-01
2.8379186682e-01
2.8359180613e-01
2.8339345727e-01
2.8315224242e-01
2.8291362847e-01
2.8267762217e-01
2.8244422815e-01
2.8213692258e-01
2.8183427548e-01
2.8153628793e-01
2.8124295910e-01
2.8092352958e-01
2.8060980773e-01
2.8030178882e-01
2.7999946761e-01
2.7965389140e-01
2.7931605685e-01
2.7898595499e-01
2.7866357692e-01
2.7824789677e-01
2.7784576849e-01
2.7745717261e-01
2.7708209024e-01
2.7652776536e-01
2.7600575146e-01
2.7551598753e-01
2.7505841636e-01
2.7434271931e-01
2.7372295364e-01
2.7319890262e-01
2.7277038302e-01
2.7243724396e-01
2.7219937066e-01
2.7205667994e-01
2.7200912191e-01
