3.1392071321e-01
3.1392071322e-01
3.1392071323e-01
3.1392071324e-01
3.1392071327e-01
3.1392071329e-01
3.1392071333e-01
3.1392071337e-01
3.1392071342e-01
3.1392071347e-01
3.1392071353e-01
3.1392071359e-01
3.1392071367e-01
3.1392071374e-01
3.1392071382e-01
3.1392071391e-01
3.1392071400e-01
3.1392071410e-01
3.1392071421e-01
3.1392071431e-01
3.1392071443e-01
3.1392071455e-01
3.1392071468e-01
3.1392071481e-01
3.1392071494e-01
3.1392071509e-01
3.1392071524e-01
3.1392071539e-01
3.1392071555e-01
3.1392071571e-01
3.1392071588e-01
3.1392071606e-01
3.1392071624e-01
3.1392071643e-01
3.1392071663e-01
3.1392071682e-01
3.1392071703e-01
3.1392071724e-01
3.1392071746e-01
3.1392071769e-01
3.1392071792e-01
3.1392071816e-01
3.1392071841e-01
3.1392071866e-01
3.1392071891e-01
3.1392071919e-01
3.1392071947e-01
3.1392071976e-01
3.1392072005e-01
3.1392072037e-01
3.1392072070e-01
3.1392072103e-01
3.1392072137e-01
3.1392072171e-01
3.1392072204e-01
3.1392072239e-01
3.1392072273e-01
3.1392072306e-01
3.1392072340e-01
3.1392072373e-01
3.1392072407e-01
3.1392072441e-01
3.1392072475e-01
3.1392072509e-01
3.1392072543e-01
3.1392072577e-01
3.1392072612e-01
3.1392072647e-01
3.1392072682e-01
3.1392072717e-01
3.1392072753e-01
3.1392072789e-01
3.1392072825e-01
3.1392072860e-01
3.1392072895e-01
3.1392072930e-01
3.1392072965e-01
3.1392073000e-01
3.1392073035e-01
3.1392073069e-01
3.1392073104e-01
3.1392073138e-01
3.1392073173e-01
3.1392073207e-01
3.1392073241e-01
3.1392073275e-01
3.1392073309e-01
3.1392073343e-01
3.1392073377e-01
3.1392073411e-01
3.1392073444e-01
3.1392073477e-01
3.1392073511e-01
3.1392073544e-01
3.1392073577e-01
3.1392073610e-01
3.1392073642e-01
3.1392073675e-01
3.1392073707e-01
3.1392073740e-01
3.1392073771e-01
3.1392073803e-01
3.1392073835e-01
3.1392073866e-01
3.1392073897e-01
3.1392073928e-01
3.1392073959e-01
3.1392073989e-01
3.1392074019e-01
3.1392074050e-01
3.1392074079e-01
3.1392074108e-01
3.1392074137e-01
3.1392074166e-01
3.1392074194e-01
3.1392074222e-01
3.1392074249e-01
3.1392074277e-01
3.1392074304e-01
3.1392074330e-01
3.1392074355e-01
3.1392074381e-01
3.1392074406e-01
3.1392074430e-01
3.1392074454e-01
3.1392074478e-01
3.1392074501e-01
3.1392074523e-01
3.1392074544e-01
3.1392074566e-01
3.1392074586e-01
3.1392074606e-01
3.1392074625e-01
3.1392074643e-01
3.1392074661e-01
3.1392074678e-01
3.1392074693e-01
3.1392074709e-01
3.1392074723e-01
3.1392074736e-01
3.1392074748e-01
3.1392074759e-01
3.1392074770e-01
3.1392074779e-01
3.1392074786e-01
3.1392074793e-01
3.1392074799e-01
3.1392074803e-01
3.1392074805e-01
3.1392074807e-01
3.1392074806e-01
3.1392074805e-01
3.1392074801e-01
3.1392074797e-01
3.1392074792e-01
3.1392074785e-01
3.1392074777e-01
3.1392074769e-01
3.1392074759e-01
3.1392074748e-01
3.1392074736e-01
3.1392074724e-01
3.1392074711e-01
3.1392074696e-01
3.1392074681e-01
3.1392074665e-01
3.1392074649e-01
3.1392074631e-01
3.1392074613e-01
3.1392074594e-01
3.1392074575e-01
3.1392074555e-01
3.1392074534e-01
3.1392074513e-01
3.1392074492e-01
3.1392074469e-01
3.1392074446e-01
3.1392074423e-01
3.1392074399e-01
3.1392074375e-01
3.1392074350e-01
3.1392074325e-01
3.1392074299e-01
3.1392074273e-01
3.1392074246e-01
3.1392074219e-01
3.1392074192e-01
3.1392074164e-01
3.1392074136e-01
3.1392074108e-01
3.1392074079e-01
3.1392074050e-01
3.1392074020e-01
3.1392073991e-01
3.1392073961e-01
3.1392073931e-01
3.1392073900e-01
3.1392073870e-01
3.1392073839e-01
3.1392073807e-01
3.1392073776e-01
3.1392073744e-01
3.1392073712e-01
3.1392073680e-01
3.1392073648e-01
3.1392073616e-01
3.1392073583e-01
3.1392073550e-01
3.1392073517e-01
3.1392073484e-01
3.1392073451e-01
3.1392073417e-01
3.1392073383e-01
3.1392073350e-01
3.1392073316e-01
3.1392073282e-01
3.1392073248e-01
3.1392073213e-01
3.1392073179e-01
3.1392073144e-01
3.1392073109e-01
3.1392073074e-01
3.1392073039e-01
3.1392073003e-01
3.1392072968e-01
3.1392072932e-01
3.1392072896e-01
3.1392072860e-01
3.1392072824e-01
3.1392072788e-01
3.1392072753e-01
3.1392072718e-01
3.1392072683e-01
3.1392072647e-01
3.1392072613e-01
3.1392072578e-01
3.1392072543e-01
3.1392072509e-01
3.1392072474e-01
3.1392072439e-01
3.1392072405e-01
3.1392072369e-01
3.1392072334e-01
3.1392072298e-01
3.1392072264e-01
3.1392072228e-01
3.1392072193e-01
3.1392072159e-01
3.1392072125e-01
3.1392072094e-01
3.1392072063e-01
3.1392072033e-01
3.1392072004e-01
3.1392071976e-01
3.1392071949e-01
3.1392071922e-01
3.1392071896e-01
3.1392071871e-01
3.1392071846e-01
3.1392071822e-01
3.1392071799e-01
3.1392071776e-01
3.1392071754e-01
3.1392071732e-01
3.1392071711e-01
3.1392071691e-01
3.1392071671e-01
3.1392071652e-01
3.1392071633e-01
3.1392071615e-01
3.1392071597e-01
3.1392071580e-01
3.1392071563e-01
3.1392071547e-01
3.1392071531e-01
3.1392071516e-01
3.1392071502e-01
3.1392071488e-01
3.1392071475e-01
3.1392071462e-01
3.1392071449e-01
3.1392071438e-01
3.1392071426e-01
3.1392071416e-01
3.1392071405e-01
3.1392071396e-01
3.1392071387e-01
3.1392071378e-01
3.1392071370e-01
3.1392071363e-01
3.1392071356e-01
3.1392071350e-01
3.1392071344e-01
3.1392071339e-01
3.1392071334e-01
3.1392071331e-01
3.1392071327e-01
3.1392071325e-01
3.1392071323e-01
3.1392071321e-01
3.1392071321e-01
3.1392071322e-01
3.1392071323e-01
3.1392071325e-01
3.1392071327e-01
3.1392071330e-01
3.1392071334e-01
3.1392071338e-01
3.1392071343e-01
3.1392071349e-01
3.1392071355e-01
3.1392071361e-01
3.1392071368e-01
3.1392071376e-01
3.1392071384e-01
3.1392071393e-01
3.1392071403e-01
3.1392071413e-01
3.1392071423e-01
3.1392071434e-01
3.1392071446e-01
3.1392071458e-01
3.1392071471e-01
3.1392071484e-01
3.1392071498e-01
3.1392071512e-01
3.1392071527e-01
3.1392071543e-01
3.1392071559e-01
3.1392071576e-01
3.1392071593e-01
3.1392071611e-01
3.1392071629e-01
3.1392071648e-01
3.1392071668e-01
3.1392071688e-01
3.1392071708e-01
3.1392071730e-01
3.1392071752e-01
3.1392071775e-01
3.1392071798e-01
3.1392071822e-01
3.1392071847e-01
3.1392071872e-01
3.1392071898e-01
3.1392071926e-01
3.1392071955e-01
3.1392071984e-01
3.1392072013e-01
3.1392072046e-01
3.1392072079e-01
3.1392072112e-01
3.1392072147e-01
3.1392072180e-01
3.1392072214e-01
3.1392072248e-01
3.1392072282e-01
3.1392072315e-01
3.1392072349e-01
3.1392072382e-01
3.1392072416e-01
3.1392072450e-01
3.1392072484e-01
3.1392072518e-01
3.1392072552e-01
3.1392072586e-01
3.1392072621e-01
3.1392072656e-01
3.1392072691e-01
3.1392072726e-01
3.1392072762e-01
3.1392072798e-01
3.1392072833e-01
3.1392072868e-01
3.1392072904e-01
3.1392072939e-01
3.1392072974e-01
3.1392073009e-01
3.1392073043e-01
3.1392073078e-01
3.1392073113e-01
3.1392073147e-01
3.1392073181e-01
3.1392073216e-01
3.1392073250e-01
3.1392073284e-01
3.1392073318e-01
3.1392073352e-01
3.1392073385e-01
3.1392073419e-01
3.1392073452e-01
3.1392073486e-01
3.1392073519e-01
3.1392073552e-01
3.1392073585e-01
3.1392073618e-01
3.1392073650e-01
3.1392073683e-01
3.1392073715e-01
3.1392073748e-01
3.1392073779e-01
3.1392073811e-01
3.1392073843e-01
3.1392073874e-01
3.1392073905e-01
3.1392073936e-01
3.1392073967e-01
3.1392073997e-01
3.1392074027e-01
3.1392074057e-01
3.1392074086e-01
3.1392074116e-01
3.1392074144e-01
3.1392074173e-01
3.1392074201e-01
3.1392074229e-01
3.1392074256e-01
3.1392074283e-01
3.1392074310e-01
3.1392074336e-01
3.1392074362e-01
3.1392074387e-01
3.1392074412e-01
3.1392074436e-01
3.1392074460e-01
3.1392074484e-01
3.1392074506e-01
3.1392074528e-01
3.1392074549e-01
3.1392074571e-01
3.1392074591e-01
3.1392074611e-01
3.1392074629e-01
3.1392074648e-01
3.1392074665e-01
3.1392074682e-01
3.1392074697e-01
3.1392074712e-01
3.1392074726e-01
3.1392074739e-01
3.1392074751e-01
3.1392074762e-01
3.1392074772e-01
3.1392074781e-01
3.1392074788e-01
3.1392074795e-01
3.1392074800e-01
3.1392074804e-01
3.1392074806e-01
3.1392074807e-01
3.1392074806e-01
3.1392074804e-01
3.1392074800e-01
3.1392074796e-01
3.1392074790e-01
3.1392074783e-01
3.1392074775e-01
3.1392074766e-01
3.1392074756e-01
3.1392074745e-01
3.1392074733e-01
3.1392074720e-01
3.1392074707e-01
3.1392074692e-01
3.1392074677e-01
3.1392074661e-01
3.1392074644e-01
3.1392074626e-01
3.1392074608e-01
3.1392074589e-01
3.1392074570e-01
3.1392074550e-01
3.1392074529e-01
3.1392074508e-01
3.1392074486e-01
3.1392074463e-01
3.1392074440e-01
3.1392074417e-01
3.1392074393e-01
3.1392074368e-01
3.1392074343e-01
3.1392074318e-01
3.1392074292e-01
3.1392074266e-01
3.1392074239e-01
3.1392074212e-01
3.1392074185e-01
3.1392074157e-01
3.1392074128e-01
3.1392074100e-01
3.1392074071e-01
3.1392074042e-01
3.1392074013e-01
3.1392073983e-01
3.1392073953e-01
3.1392073923e-01
3.1392073892e-01
3.1392073861e-01
3.1392073830e-01
3.1392073799e-01
3.1392073767e-01
3.1392073736e-01
3.1392073704e-01
3.1392073672e-01
3.1392073639e-01
3.1392073607e-01
3.1392073574e-01
3.1392073541e-01
3.1392073508e-01
3.1392073475e-01
3.1392073442e-01
3.1392073408e-01
3.1392073374e-01
3.1392073341e-01
3.1392073307e-01
3.1392073273e-01
3.1392073238e-01
3.1392073204e-01
3.1392073169e-01
3.1392073135e-01
3.1392073100e-01
3.1392073065e-01
3.1392073029e-01
3.1392072994e-01
3.1392072959e-01
3.1392072922e-01
3.1392072886e-01
3.1392072850e-01
3.1392072814e-01
3.1392072778e-01
3.1392072743e-01
3.1392072708e-01
3.1392072673e-01
3.1392072638e-01
3.1392072603e-01
3.1392072568e-01
3.1392072534e-01
3.1392072499e-01
3.1392072464e-01
3.1392072429e-01
3.1392072395e-01
3.1392072359e-01
3.1392072323e-01
3.1392072288e-01
3.1392072253e-01
3.1392072218e-01
3.1392072183e-01
3.1392072149e-01
3.1392072115e-01
3.1392072085e-01
3.1392072055e-01
3.1392072025e-01
3.1392071995e-01
3.1392071968e-01
3.1392071941e-01
3.1392071915e-01
3.1392071889e-01
3.1392071864e-01
3.1392071839e-01
3.1392071816e-01
3.1392071792e-01
3.1392071770e-01
3.1392071748e-01
3.1392071726e-01
3.1392071705e-01
3.1392071685e-01
3.1392071665e-01
3.1392071646e-01
3.1392071627e-01
3.1392071609e-01
3.1392071592e-01
3.1392071575e-01
3.1392071558e-01
3.1392071542e-01
3.1392071527e-01
3.1392071512e-01
3.1392071498e-01
3.1392071484e-01
3.1392071471e-01
3.1392071458e-01
3.1392071446e-01
3.1392071434e-01
3.1392071423e-01
3.1392071413e-01
3.1392071403e-01
3.1392071393e-01
3.1392071384e-01
3.1392071376e-01
3.1392071368e-01
3.1392071361e-01
3.1392071354e-01
3.1392071348e-01
3.1392071343e-01
3.1392071338e-01
3.1392071333e-01
3.1392071330e-01
3.1392071327e-01
3.1392071324e-01
3.1392071323e-01
3.1392071322e-01
3.1392071321e-01
