2.6091388846e-01
2.6101528228e-01
2.6131954253e-01
2.6182690569e-01
2.6253776612e-01
2.6304840175e-01
2.6362905870e-01
2.6427989153e-01
2.6500107350e-01
2.6552864701e-01
2.6608853254e-01
2.6668079821e-01
2.6730551610e-01
2.6778719555e-01
2.6828660731e-01
2.6880378445e-01
2.6933876123e-01
2.6976705015e-01
2.7020613869e-01
2.7065604444e-01
2.7111678542e-01
2.7149599810e-01
2.7188226997e-01
2.7227561108e-01
2.7267603164e-01
2.7301866265e-01
2.7336632581e-01
2.7371902754e-01
2.7407677430e-01
2.7439298204e-01
2.7471303848e-01
2.7503694810e-01
2.7536471540e-01
2.7566869720e-01
2.7597593072e-01
2.7628641949e-01
2.7660016703e-01
2.7695689009e-01
2.7731774360e-01
2.7768273236e-01
2.7805186096e-01
2.7831580924e-01
2.7858183776e-01
2.7884994770e-01
2.7912014004e-01
2.7934412681e-01
2.7956952542e-01
2.7979633585e-01
2.8002455780e-01
2.8022364834e-01
2.8042379966e-01
2.8062501085e-01
2.8082728067e-01
2.8101865535e-01
2.8121096503e-01
2.8140420757e-01
2.8159838041e-01
2.8183022038e-01
2.8206336198e-01
2.8229779733e-01
2.8253351681e-01
2.8273229488e-01
2.8293196095e-01
2.8313250564e-01
2.8333391821e-01
2.8351972906e-01
2.8370625136e-01
2.8389347300e-01
2.8408138041e-01
2.8425698754e-01
2.8443316309e-01
2.8460989242e-01
2.8478715958e-01
2.8502566739e-01
2.8526506540e-01
2.8550530352e-01
2.8574632711e-01
2.8592954451e-01
2.8611315201e-01
2.8629712074e-01
2.8648142050e-01
2.8667340473e-01
2.8686567613e-01
2.8705819664e-01
2.8725092707e-01
2.8746913037e-01
2.8768749113e-01
2.8790594861e-01
2.8812444114e-01
2.8836698828e-01
2.8860941601e-01
2.8885163844e-01
2.8909356997e-01
2.8934624185e-01
2.8959840646e-01
2.8984996948e-01
2.9010083859e-01
2.9034895926e-01
2.9059622301e-01
2.9084254726e-01
2.9108785239e-01
2.9135138032e-01
2.9161353982e-01
2.9187424321e-01
2.9213340731e-01
2.9242137270e-01
2.9270721039e-01
2.9299082384e-01
2.9327212328e-01
2.9362553719e-01
2.9397493846e-01
2.9432018790e-01
2.9466116126e-01
2.9504362709e-01
2.9542027823e-01
2.9579099342e-01
2.9615566998e-01
2.9659331395e-01
2.9702167375e-01
2.9744065361e-01
2.9785018433e-01
2.9822401314e-01
2.9858954185e-01
2.9894676230e-01
2.9929567792e-01
2.9965775035e-01
3.0001046692e-01
3.0035386371e-01
3.0068798461e-01
3.0104644354e-01
3.0139371468e-01
3.0172987962e-01
3.0205502479e-01
3.0241151154e-01
3.0275399936e-01
3.0308262679e-01
3.0339753340e-01
3.0374921940e-01
3.0408248359e-01
3.0439754325e-01
3.0469460981e-01
3.0503255272e-01
3.0534443791e-01
3.0563059811e-01
3.0589134409e-01
3.0618750243e-01
3.0644331732e-01
3.0665926003e-01
3.0683573259e-01
3.0700083221e-01
3.0710569319e-01
3.0715062448e-01
3.0713575886e-01
3.0708329611e-01
3.0699501466e-01
3.0687075927e-01
3.0671031230e-01
3.0655149512e-01
3.0636795653e-01
3.0615948440e-01
3.0592583990e-01
3.0570843934e-01
3.0547267736e-01
3.0521836724e-01
3.0494531038e-01
3.0469346461e-01
3.0442725199e-01
3.0414652450e-01
3.0385112938e-01
3.0357761273e-01
3.0329239701e-01
3.0299537040e-01
3.0268642035e-01
3.0239749638e-01
3.0209870260e-01
3.0178995833e-01
3.0147118487e-01
3.0116785053e-01
3.0085584237e-01
3.0053510683e-01
3.0020559468e-01
2.9987179334e-01
2.9952936668e-01
2.9917828557e-01
2.9881852933e-01
2.9839841319e-01
2.9796704315e-01
2.9752444467e-01
2.9707067023e-01
2.9673207588e-01
2.9638760299e-01
2.9603730794e-01
2.9568125987e-01
2.9536090792e-01
2.9503616875e-01
2.9470712081e-01
2.9437385372e-01
2.9410207856e-01
2.9382768435e-01
2.9355073608e-01
2.9327130472e-01
2.9301814258e-01
2.9276309790e-01
2.9250623547e-01
2.9224762451e-01
2.9200448678e-01
2.9175995082e-01
2.9151408395e-01
2.9126695699e-01
2.9100574707e-01
2.9074331598e-01
2.9047975841e-01
2.9021517299e-01
2.8994342965e-01
2.8967083039e-01
2.8939749203e-01
2.8912353429e-01
2.8890235907e-01
2.8868092566e-01
2.8845929941e-01
2.8823754597e-01
2.8803093674e-01
2.8782432705e-01
2.8761776938e-01
2.8741131564e-01
2.8722305482e-01
2.8703496125e-01
2.8684707222e-01
2.8665942409e-01
2.8646604051e-01
2.8627298864e-01
2.8608030453e-01
2.8588802268e-01
2.8569918548e-01
2.8551079960e-01
2.8532289313e-01
2.8513549245e-01
2.8495325308e-01
2.8477153957e-01
2.8459037173e-01
2.8440976789e-01
2.8421438555e-01
2.8401970726e-01
2.8382575083e-01
2.8363253227e-01
2.8342681672e-01
2.8322197627e-01
2.8301802459e-01
2.8281497365e-01
2.8260833868e-01
2.8240266545e-01
2.8219796214e-01
2.8199423575e-01
2.8179057063e-01
2.8158790232e-01
2.8138623502e-01
2.8118557219e-01
2.8095027421e-01
2.8071638023e-01
2.8048389307e-01
2.8025281484e-01
2.7995661912e-01
2.7966277552e-01
2.7937128505e-01
2.7908214791e-01
2.7874882089e-01
2.7841867526e-01
2.7809170897e-01
2.7776791951e-01
2.7743571268e-01
2.7710691138e-01
2.7678151208e-01
2.7645951114e-01
2.7610611463e-01
2.7575689439e-01
2.7541184531e-01
2.7507096229e-01
2.7466952738e-01
2.7427401208e-01
2.7388440791e-01
2.7350070651e-01
2.7301713961e-01
2.7254325485e-01
2.7207903543e-01
2.7162446491e-01
2.7099392633e-01
2.7038286626e-01
2.6979124077e-01
2.6921900735e-01
2.6829182427e-01
2.6742022193e-01
2.6660401975e-01
2.6584304866e-01
2.6450271129e-01
2.6337580216e-01
2.6246141192e-01
2.6175880272e-01
2.6114718585e-01
2.6091609757e-01
2.6106520110e-01
2.6159471374e-01
2.6203101157e-01
2.6257506965e-01
2.6322711173e-01
2.6398740597e-01
2.6452683126e-01
2.6511016850e-01
2.6573751452e-01
2.6640897347e-01
2.6691437456e-01
2.6744227001e-01
2.6799270432e-01
2.6856572387e-01
2.6901517967e-01
2.6947766328e-01
2.6995319710e-01
2.7044180416e-01
2.7084013393e-01
2.7124677587e-01
2.7166174248e-01
2.7208504648e-01
2.7244189387e-01
2.7280447469e-01
2.7317279656e-01
2.7354686723e-01
2.7387339437e-01
2.7420418997e-01
2.7453925918e-01
2.7487860718e-01
2.7518802589e-01
2.7550092619e-01
2.7581731200e-01
2.7613718721e-01
2.7644409663e-01
2.7675415788e-01
2.7706737427e-01
2.7738374906e-01
2.7767863857e-01
2.7797622520e-01
2.7827651121e-01
2.7857949866e-01
2.7883223478e-01
2.7908682236e-01
2.7934326200e-01
2.7960155400e-01
2.7981175664e-01
2.8002317006e-01
2.8023579376e-01
2.8044962695e-01
2.8064435990e-01
2.8084008312e-01
2.8103679511e-01
2.8123449399e-01
2.8143470854e-01
2.8163591988e-01
2.8183812443e-01
2.8204131785e-01
2.8226115326e-01
2.8248212086e-01
2.8270421139e-01
2.8292741387e-01
2.8311245227e-01
2.8329823091e-01
2.8348474028e-01
2.8367196966e-01
2.8385005091e-01
2.8402875654e-01
2.8420807392e-01
2.8438798913e-01
2.8457100637e-01
2.8475460513e-01
2.8493876647e-01
2.8512346988e-01
2.8533336340e-01
2.8554388960e-01
2.8575501112e-01
2.8596668795e-01
2.8614984856e-01
2.8633336246e-01
2.8651719943e-01
2.8670132804e-01
2.8690119324e-01
2.8710131976e-01
2.8730166334e-01
2.8750217858e-01
2.8772283173e-01
2.8794357348e-01
2.8816434010e-01
2.8838506723e-01
2.8864491591e-01
2.8890451422e-01
2.8916375687e-01
2.8942253953e-01
2.8967105912e-01
2.8991896746e-01
2.9016617663e-01
2.9041260097e-01
2.9066407190e-01
2.9091454618e-01
2.9116394071e-01
2.9141217572e-01
2.9168165244e-01
2.9194956310e-01
2.9221581833e-01
2.9248033381e-01
2.9278378183e-01
2.9308468595e-01
2.9338294061e-01
2.9367844861e-01
2.9405008548e-01
2.9441697320e-01
2.9477896562e-01
2.9513593442e-01
2.9553008032e-01
2.9591763574e-01
2.9629848798e-01
2.9667254428e-01
2.9707957941e-01
2.9747807577e-01
2.9786797582e-01
2.9824924100e-01
2.9861874028e-01
2.9897972093e-01
2.9933218745e-01
2.9967615475e-01
3.0003706070e-01
3.0038817927e-01
3.0072955836e-01
3.0106125290e-01
3.0141962387e-01
3.0176612940e-01
3.0210086537e-01
3.0242393166e-01
3.0278030297e-01
3.0312160956e-01
3.0344800974e-01
3.0375966137e-01
3.0410990967e-01
3.0443994298e-01
3.0475000818e-01
3.0504034313e-01
3.0537147773e-01
3.0567336896e-01
3.0594639064e-01
3.0619088615e-01
3.0645952413e-01
3.0668365978e-01
3.0686375952e-01
3.0700020132e-01
3.0709988511e-01
3.0714779450e-01
3.0714405174e-01
3.0708864728e-01
3.0700760177e-01
3.0689365504e-01
3.0674662431e-01
3.0656627495e-01
3.0639201559e-01
3.0619465181e-01
3.0597397355e-01
3.0572974823e-01
3.0550340338e-01
3.0525968657e-01
3.0499841891e-01
3.0471941158e-01
3.0446205611e-01
3.0419098430e-01
3.0390605612e-01
3.0360712783e-01
3.0332988940e-01
3.0304139649e-01
3.0274154427e-01
3.0243022783e-01
3.0213824389e-01
3.0183669115e-01
3.0152549496e-01
3.0120458314e-01
3.0089730061e-01
3.0058150017e-01
3.0025713365e-01
2.9992415775e-01
2.9958964479e-01
2.9924680799e-01
2.9889562625e-01
2.9853608737e-01
2.9816059439e-01
2.9777640845e-01
2.9738355545e-01
2.9698207859e-01
2.9664737183e-01
2.9630698390e-01
2.9596097133e-01
2.9560940294e-01
2.9529973462e-01
2.9498600318e-01
2.9466828051e-01
2.9434664825e-01
2.9407600862e-01
2.9380278261e-01
2.9352703475e-01
2.9324883547e-01
2.9299615292e-01
2.9274160283e-01
2.9248524988e-01
2.9222716313e-01
2.9198484922e-01
2.9174115314e-01
2.9149614168e-01
2.9124988512e-01
2.9100446115e-01
2.9075795988e-01
2.9051045974e-01
2.9026204222e-01
2.9000280412e-01
2.8974276317e-01
2.8948202033e-01
2.8922067906e-01
2.8900299916e-01
2.8878504017e-01
2.8856686431e-01
2.8834853418e-01
2.8814214840e-01
2.8793573379e-01
2.8772934291e-01
2.8752302785e-01
2.8733650657e-01
2.8715012688e-01
2.8696392549e-01
2.8677793830e-01
2.8658360339e-01
2.8638958001e-01
2.8619590553e-01
2.8600261583e-01
2.8581227472e-01
2.8562237305e-01
2.8543294046e-01
2.8524400489e-01
2.8506587958e-01
2.8488824256e-01
2.8471111315e-01
2.8453450926e-01
2.8434401989e-01
2.8415418454e-01
2.8396502076e-01
2.8377654444e-01
2.8357002538e-01
2.8336437249e-01
2.8315960080e-01
2.8295572346e-01
2.8274932089e-01
2.8254386556e-01
2.8233936648e-01
2.8213583137e-01
2.8193606562e-01
2.8173724900e-01
2.8153938598e-01
2.8134248028e-01
2.8112384703e-01
2.8090641364e-01
2.8069018287e-01
2.8047515688e-01
2.8019533327e-01
2.7991758194e-01
2.7964190445e-01
2.7936830156e-01
2.7897491310e-01
2.7858589319e-01
2.7820123909e-01
2.7782094708e-01
2.7749294720e-01
2.7716825645e-01
2.7684687148e-01
2.7652878882e-01
2.7617962283e-01
2.7583451536e-01
2.7549346154e-01
2.7515645645e-01
2.7476136938e-01
2.7437198092e-01
2.7398828305e-01
2.7361026785e-01
2.7313830555e-01
2.7267548289e-01
2.7222178440e-01
2.7177719490e-01
2.7117329490e-01
2.7058698711e-01
2.7001823349e-01
2.6946699715e-01
2.6861777947e-01
2.6781356340e-01
2.6705421422e-01
2.6633960470e-01
2.6506836384e-01
2.6396770507e-01
2.6303692004e-01
2.6227540975e-01
2.6167945311e-01
2.6125404703e-01
2.6099891424e-01
2.6091388844e-01
