6.1979963578e-01
6.1978410056e-01
6.1973749653e-01
6.1965982868e-01
6.1955110531e-01
6.1941678921e-01
6.1925359160e-01
6.1906152919e-01
6.1884062194e-01
6.1859615135e-01
6.1832402170e-01
6.1802426151e-01
6.1769690287e-01
6.1734627770e-01
6.1696876697e-01
6.1656441287e-01
6.1613326174e-01
6.1567759797e-01
6.1519549530e-01
6.1468701299e-01
6.1415221533e-01
6.1358937785e-01
6.1300020620e-01
6.1238478225e-01
6.1174319417e-01
6.1106466181e-01
6.1035932739e-01
6.0962730546e-01
6.0886871878e-01
6.0804971239e-01
6.0720213458e-01
6.0632615581e-01
6.0542195830e-01
6.0431339775e-01
6.0316577563e-01
6.0197946644e-01
6.0075487278e-01
5.9969619842e-01
5.9861105100e-01
5.9749971990e-01
5.9636251109e-01
5.9528498429e-01
5.9418574853e-01
5.9306508874e-01
5.9192330375e-01
5.9080775286e-01
5.8967331618e-01
5.8852029620e-01
5.8734900854e-01
5.8618907051e-01
5.8501237822e-01
5.8381926233e-01
5.8261006639e-01
5.8139830088e-01
5.8017150398e-01
5.7893004687e-01
5.7767431393e-01
5.7639168863e-01
5.7509532477e-01
5.7378566057e-01
5.7246314859e-01
5.7111681849e-01
5.6975838971e-01
5.6838837158e-01
5.6700728867e-01
5.6570519624e-01
5.6439433967e-01
5.6307518544e-01
5.6174821182e-01
5.6045573357e-01
5.5915683289e-01
5.5785197592e-01
5.5654163893e-01
5.5525077104e-01
5.5395556226e-01
5.5265649087e-01
5.5135404413e-01
5.5006011079e-01
5.4876384002e-01
5.4746573186e-01
5.4616629446e-01
5.4485934017e-01
5.4355209620e-01
5.4224510208e-01
5.4093890475e-01
5.3957631129e-01
5.3821583002e-01
5.3685810768e-01
5.3550379843e-01
5.3422305258e-01
5.3294654139e-01
5.3167483943e-01
5.3040852595e-01
5.2915386826e-01
5.2790570817e-01
5.2666462859e-01
5.2543121545e-01
5.2419456586e-01
5.2296693511e-01
5.2174893268e-01
5.2054116940e-01
5.1931200733e-01
5.1809495496e-01
5.1689067540e-01
5.1569983106e-01
5.1444720598e-01
5.1321136262e-01
5.1199309373e-01
5.1079318794e-01
5.0948964591e-01
5.0821052959e-01
5.0695687776e-01
5.0572971770e-01
5.0468914752e-01
5.0366985765e-01
5.0267248940e-01
5.0169767454e-01
5.0079466834e-01
4.9991302337e-01
4.9905325127e-01
4.9821585380e-01
4.9742524797e-01
4.9665660538e-01
4.9591035491e-01
4.9518691490e-01
4.9449897520e-01
4.9383380806e-01
4.9319177790e-01
4.9257323789e-01
4.9198388447e-01
4.9141824749e-01
4.9087663572e-01
4.9035934580e-01
4.8986740658e-01
4.8940026745e-01
4.8895818575e-01
4.8854140564e-01
4.8814762632e-01
4.8777994369e-01
4.8743856501e-01
4.8712368307e-01
4.8683041636e-01
4.8656498916e-01
4.8632755776e-01
4.8611826217e-01
4.8593011949e-01
4.8577282436e-01
4.8564647796e-01
4.8555116164e-01
4.8548567654e-01
4.8545297242e-01
4.8545307148e-01
4.8548597365e-01
4.8554697766e-01
4.8563705323e-01
4.8575614610e-01
4.8590418458e-01
4.8607682509e-01
4.8627695157e-01
4.8650444919e-01
4.8675918752e-01
4.8703820342e-01
4.8734364306e-01
4.8767533546e-01
4.8803309529e-01
4.8841633653e-01
4.8882518237e-01
4.8925940626e-01
4.8971876815e-01
4.9020639568e-01
4.9071897601e-01
4.9125622428e-01
4.9181784282e-01
4.9241269979e-01
4.9303202379e-01
4.9367546473e-01
4.9434266022e-01
4.9505223080e-01
4.9578604503e-01
4.9654367247e-01
4.9732467073e-01
4.9816864249e-01
4.9903729989e-01
4.9993009321e-01
5.0084646065e-01
5.0189667778e-01
5.0297474998e-01
5.0407984788e-01
5.0521112746e-01
5.0633446437e-01
5.0748090659e-01
5.0864964654e-01
5.0983986760e-01
5.1096174238e-01
5.1210070746e-01
5.1325609567e-01
5.1442723590e-01
5.1557728360e-01
5.1674089141e-01
5.1791744025e-01
5.1910630981e-01
5.2029124033e-01
5.2148697166e-01
5.2269290670e-01
5.2390844913e-01
5.2513340869e-01
5.2636679242e-01
5.2760800843e-01
5.2885646736e-01
5.3013749614e-01
5.3142483866e-01
5.3271787928e-01
5.3401600684e-01
5.3530997207e-01
5.3660776965e-01
5.3790881601e-01
5.3921253341e-01
5.4050962164e-01
5.4180822754e-01
5.4310780390e-01
5.4440781042e-01
5.4571460301e-01
5.4702075730e-01
5.4832574689e-01
5.4962905337e-01
5.5095056455e-01
5.5226928728e-01
5.5358470489e-01
5.5489631001e-01
5.5624007013e-01
5.5757874515e-01
5.5891181547e-01
5.6023877243e-01
5.6162978861e-01
5.6301289633e-01
5.6438754050e-01
5.6575317985e-01
5.6714189098e-01
5.6852005285e-01
5.6988712926e-01
5.7124259922e-01
5.7256341498e-01
5.7387205691e-01
5.7516807256e-01
5.7645102342e-01
5.7772948674e-01
5.7899384768e-01
5.8024370027e-01
5.8147865228e-01
5.8272519496e-01
5.8395538331e-01
5.8516884166e-01
5.8636520844e-01
5.8758971271e-01
5.8879501796e-01
5.8998076526e-01
5.9114661083e-01
5.9237249419e-01
5.9357479805e-01
5.9475315535e-01
5.9590721699e-01
5.9730431227e-01
5.9866292867e-01
5.9998250761e-01
6.0126252726e-01
6.0228457610e-01
6.0327932146e-01
6.0424652494e-01
6.0518596226e-01
6.0606155583e-01
6.0691118760e-01
6.0773469293e-01
6.0853191733e-01
6.0929071003e-01
6.1002377842e-01
6.1073100144e-01
6.1141226595e-01
6.1206484908e-01
6.1269148286e-01
6.1329207668e-01
6.1386654636e-01
6.1441691183e-01
6.1494079591e-01
6.1543813086e-01
6.1590885420e-01
6.1635764725e-01
6.1677912642e-01
6.1717324182e-01
6.1753994799e-01
6.1788559009e-01
6.1820265361e-01
6.1849110308e-01
6.1875090691e-01
6.1899014771e-01
6.1919849665e-01
6.1937593044e-01
6.1952242952e-01
6.1965272860e-01
6.1974201078e-01
6.1979026341e-01
6.1979747971e-01
6.1977054455e-01
6.1971279650e-01
6.1962424167e-01
6.1950488950e-01
6.1936025868e-01
6.1918687805e-01
6.1898476538e-01
6.1875394168e-01
6.1849964437e-01
6.1821776953e-01
6.1790834685e-01
6.1757140960e-01
6.1721115903e-01
6.1682407258e-01
6.1641019386e-01
6.1596957066e-01
6.1550420859e-01
6.1501242699e-01
6.1449428695e-01
6.1394985468e-01
6.1337692394e-01
6.1277764577e-01
6.1215210449e-01
6.1150039087e-01
6.1081067968e-01
6.1009409634e-01
6.0935075906e-01
6.0858079451e-01
6.0774593729e-01
6.0688218432e-01
6.0598971385e-01
6.0506871637e-01
6.0388547237e-01
6.0265895972e-01
6.0138963050e-01
6.0007797222e-01
5.9902012049e-01
5.9793683039e-01
5.9682838695e-01
5.9569509109e-01
5.9461176492e-01
5.9350720448e-01
5.9238169703e-01
5.9123554357e-01
5.9011319561e-01
5.8897230763e-01
5.8781318611e-01
5.8663615057e-01
5.8546843012e-01
5.8428422938e-01
5.8308388465e-01
5.8186774517e-01
5.8064587452e-01
5.7940917908e-01
5.7815803888e-01
5.7689284729e-01
5.7559799407e-01
5.7428959068e-01
5.7296808807e-01
5.7163395180e-01
5.7029833573e-01
5.6895124077e-01
5.6759316475e-01
5.6622461999e-01
5.6492427135e-01
5.6361552671e-01
5.6229885194e-01
5.6097472437e-01
5.5968251393e-01
5.5838419697e-01
5.5708024113e-01
5.5577112401e-01
5.5447980583e-01
5.5318444430e-01
5.5188552060e-01
5.5058352479e-01
5.4928826103e-01
5.4799095707e-01
5.4669211768e-01
5.4539225556e-01
5.4408383538e-01
5.4277544475e-01
5.4146762916e-01
5.4016094135e-01
5.3882969497e-01
5.3750080624e-01
5.3617488354e-01
5.3485254181e-01
5.3357540707e-01
5.3230278681e-01
5.3103525593e-01
5.2977339378e-01
5.2852112211e-01
5.2727565175e-01
5.2603756835e-01
5.2480746040e-01
5.2357201104e-01
5.2234593851e-01
5.2112985791e-01
5.1992438548e-01
5.1869327790e-01
5.1747477897e-01
5.1626956453e-01
5.1507830940e-01
5.1382160316e-01
5.1258242221e-01
5.1136158112e-01
5.1015988974e-01
5.0890134861e-01
5.0766643013e-01
5.0645608948e-01
5.0527127092e-01
5.0424727599e-01
5.0324453028e-01
5.0226365746e-01
5.0130527169e-01
5.0041483216e-01
4.9954580768e-01
4.9869869988e-01
4.9787400046e-01
4.9709454746e-01
4.9633713954e-01
4.9560219822e-01
4.9489013439e-01
4.9421275080e-01
4.9355823670e-01
4.9292695039e-01
4.9231923875e-01
4.9174021519e-01
4.9118501886e-01
4.9065395299e-01
4.9014730856e-01
4.8966570582e-01
4.8920903214e-01
4.8877753954e-01
4.8837146677e-01
4.8798819121e-01
4.8763117617e-01
4.8730062363e-01
4.8699672097e-01
4.8671426447e-01
4.8645990408e-01
4.8623379068e-01
4.8603605858e-01
4.8585972966e-01
4.8571469589e-01
4.8560105182e-01
4.8551887158e-01
4.8546788847e-01
4.8544904059e-01
4.8546234048e-01
4.8550777931e-01
4.8558059457e-01
4.8568228283e-01
4.8581278322e-01
4.8597201769e-01
4.8615572961e-01
4.8636680664e-01
4.8660512806e-01
4.8687055768e-01
4.8716031993e-01
4.8747641590e-01
4.8781866893e-01
4.8818688807e-01
4.8858079936e-01
4.8900024423e-01
4.8944499029e-01
4.8991479175e-01
4.9041323052e-01
4.9093656466e-01
4.9148450300e-01
4.9205674167e-01
4.9266292923e-01
4.9329354802e-01
4.9394824054e-01
4.9462663708e-01
4.9534889552e-01
4.9609541016e-01
4.9686574053e-01
4.9765943422e-01
4.9852061914e-01
4.9940667876e-01
5.0031704423e-01
5.0125113445e-01
5.0233100844e-01
5.0343937004e-01
5.0457533921e-01
5.0573802078e-01
5.0685946505e-01
5.0800313531e-01
5.0916824685e-01
5.1035400671e-01
5.1147843503e-01
5.1261949156e-01
5.1377651673e-01
5.1494884740e-01
5.1610224515e-01
5.1726885695e-01
5.1844806770e-01
5.1963926132e-01
5.2082817719e-01
5.2202760813e-01
5.2323695876e-01
5.2445563471e-01
5.2568536038e-01
5.2692325678e-01
5.2816873177e-01
5.2942119598e-01
5.3071171094e-01
5.3200832645e-01
5.3331041931e-01
5.3461737110e-01
5.3591148803e-01
5.3720915659e-01
5.3850979812e-01
5.3981283999e-01
5.4111048652e-01
5.4240939621e-01
5.4370902527e-01
5.4500883693e-01
5.4631691004e-01
5.4762409912e-01
5.4892987965e-01
5.5023373519e-01
5.5155711780e-01
5.5287745917e-01
5.5419424328e-01
5.5550696354e-01
5.5685383437e-01
5.5819533811e-01
5.5953095398e-01
5.6086017236e-01
5.6226034077e-01
5.6365219688e-01
5.6503517683e-01
5.6640873108e-01
5.6778848802e-01
5.6915750616e-01
5.7051526105e-01
5.7186124327e-01
5.7317567679e-01
5.7447773780e-01
5.7576698115e-01
5.7704297549e-01
5.7831701995e-01
5.7957672608e-01
5.8082169240e-01
5.8205153112e-01
5.8329468699e-01
5.8452120438e-01
5.8573071054e-01
5.8692284687e-01
5.8814537365e-01
5.8934831958e-01
5.9053132687e-01
5.9169405308e-01
5.9292689879e-01
5.9413530310e-01
5.9531889161e-01
5.9647730867e-01
5.9778739987e-01
5.9906276149e-01
6.0030292867e-01
6.0150746577e-01
6.0251908712e-01
6.0350356456e-01
6.0446066580e-01
6.0539017230e-01
6.0625854979e-01
6.0710100231e-01
6.0791736828e-01
6.0870749611e-01
6.0945998806e-01
6.1018675774e-01
6.1088768615e-01
6.1156266207e-01
6.1220941365e-01
6.1283019062e-01
6.1342490385e-01
6.1399347050e-01
6.1453809397e-01
6.1505619551e-01
6.1554770851e-01
6.1601257157e-01
6.1645558626e-01
6.1687122639e-01
6.1725944296e-01
6.1762019138e-01
6.1795989639e-01
6.1827092842e-01
6.1855325273e-01
6.1880683846e-01
6.1903935293e-01
6.1924092766e-01
6.1941154016e-01
6.1955117165e-01
6.1965986599e-01
6.1973751312e-01
6.1978410470e-01
6.1979963578e-01
