0.0000000000e+00
9.0610465197e-03
1.8122093039e-02
2.7183139559e-02
3.6244186079e-02
4.1057913859e-02
4.5871641640e-02
5.0685369421e-02
5.5499097201e-02
5.8557155797e-02
6.1615214393e-02
6.4673272988e-02
6.7731331584e-02
6.9903035181e-02
7.2074738778e-02
7.4246442375e-02
7.6418145972e-02
7.8061788788e-02
7.9705431604e-02
8.1349074420e-02
8.2992717236e-02
8.4293079868e-02
8.5593442500e-02
8.6893805132e-02
8.8194167764e-02
8.9278107574e-02
9.0362047384e-02
9.1445987194e-02
9.2529927004e-02
9.3475962453e-02
9.4421997903e-02
9.5368033352e-02
9.6314068801e-02
9.7230978310e-02
9.8147887819e-02
9.9064797328e-02
9.9981706836e-02
1.0076740660e-01
1.0155310637e-01
1.0233880614e-01
1.0312450591e-01
1.0377145913e-01
1.0441841236e-01
1.0506536558e-01
1.0571231881e-01
1.0624469875e-01
1.0677707870e-01
1.0730945865e-01
1.0784183859e-01
1.0833050784e-01
1.0881917708e-01
1.0930784633e-01
1.0979651558e-01
1.1039503194e-01
1.1099354831e-01
1.1159206467e-01
1.1219058104e-01
1.1266290543e-01
1.1313522982e-01
1.1360755421e-01
1.1407987861e-01
1.1450053069e-01
1.1492118278e-01
1.1534183487e-01
1.1576248696e-01
1.1619397069e-01
1.1662545443e-01
1.1705693817e-01
1.1748842191e-01
1.1793039192e-01
1.1837236194e-01
1.1881433195e-01
1.1925630196e-01
1.1968338606e-01
1.2011047015e-01
1.2053755424e-01
1.2096463833e-01
1.2149486956e-01
1.2202510079e-01
1.2255533201e-01
1.2308556324e-01
1.2362162762e-01
1.2415769201e-01
1.2469375639e-01
1.2522982077e-01
1.2580405227e-01
1.2637828376e-01
1.2695251525e-01
1.2752674674e-01
1.2810021501e-01
1.2867368329e-01
1.2924715157e-01
1.2982061984e-01
1.3044532675e-01
1.3107003365e-01
1.3169474056e-01
1.3231944747e-01
1.3305033394e-01
1.3378122042e-01
1.3451210690e-01
1.3524299338e-01
1.3620968507e-01
1.3717637675e-01
1.3814306844e-01
1.3910976012e-01
1.4029591358e-01
1.4148206704e-01
1.4266822050e-01
1.4385437396e-01
1.4498242567e-01
1.4611047737e-01
1.4723852907e-01
1.4836658078e-01
1.4956369530e-01
1.5076080982e-01
1.5195792434e-01
1.5315503886e-01
1.5449637846e-01
1.5583771806e-01
1.5717905765e-01
1.5852039725e-01
1.6008282880e-01
1.6164526034e-01
1.6320769188e-01
1.6477012343e-01
1.6667414597e-01
1.6857816850e-01
1.7048219104e-01
1.7238621358e-01
1.7486476779e-01
1.7734332200e-01
1.7982187620e-01
1.8230043041e-01
1.8562619945e-01
1.8895196849e-01
1.9227773753e-01
1.9560350657e-01
1.9911796276e-01
2.0263241894e-01
2.0614687513e-01
2.0966133132e-01
2.1288455673e-01
2.1610778214e-01
2.1933100755e-01
2.2255423296e-01
2.2593985519e-01
2.2932547743e-01
2.3271109966e-01
2.3609672190e-01
2.3938695064e-01
2.4267717938e-01
2.4596740812e-01
2.4925763687e-01
2.5244574726e-01
2.5563385765e-01
2.5882196805e-01
2.6201007844e-01
2.6529387805e-01
2.6857767766e-01
2.7186147727e-01
2.7514527688e-01
2.7895660506e-01
2.8276793324e-01
2.8657926142e-01
2.9039058959e-01
2.9377741723e-01
2.9716424486e-01
3.0055107249e-01
3.0393790013e-01
3.0663782582e-01
3.0933775151e-01
3.1203767720e-01
3.1473760289e-01
3.1686438849e-01
3.1899117409e-01
3.2111795970e-01
3.2324474530e-01
3.2501257564e-01
3.2678040599e-01
3.2854823633e-01
3.3031606668e-01
3.3183184321e-01
3.3334761975e-01
3.3486339628e-01
3.3637917282e-01
3.3771238435e-01
3.3904559588e-01
3.4037880741e-01
3.4171201894e-01
3.4291597930e-01
3.4411993965e-01
3.4532390001e-01
3.4652786037e-01
3.4766952062e-01
3.4881118088e-01
3.4995284114e-01
3.5109450140e-01
3.5235219700e-01
3.5360989261e-01
3.5486758821e-01
3.5612528382e-01
3.5710603522e-01
3.5808678662e-01
3.5906753802e-01
3.6004828942e-01
3.6086275950e-01
3.6167722958e-01
3.6249169967e-01
3.6330616975e-01
3.6398179343e-01
3.6465741711e-01
3.6533304079e-01
3.6600866448e-01
3.6662044801e-01
3.6723223154e-01
3.6784401508e-01
3.6845579861e-01
3.6902004240e-01
3.6958428619e-01
3.7014852998e-01
3.7071277377e-01
3.7132302632e-01
3.7193327886e-01
3.7254353141e-01
3.7315378396e-01
3.7366461623e-01
3.7417544850e-01
3.7468628077e-01
3.7519711304e-01
3.7569203685e-01
3.7618696066e-01
3.7668188447e-01
3.7717680828e-01
3.7759736280e-01
3.7801791733e-01
3.7843847185e-01
3.7885902638e-01
3.7931006220e-01
3.7976109802e-01
3.8021213383e-01
3.8066316965e-01
3.8109185452e-01
3.8152053938e-01
3.8194922425e-01
3.8237790912e-01
3.8279908993e-01
3.8322027075e-01
3.8364145156e-01
3.8406263238e-01
3.8452734929e-01
3.8499206620e-01
3.8545678311e-01
3.8592150001e-01
3.8646128473e-01
3.8700106946e-01
3.8754085418e-01
3.8808063890e-01
3.8857113703e-01
3.8906163516e-01
3.8955213328e-01
3.9004263141e-01
3.9058678733e-01
3.9113094325e-01
3.9167509916e-01
3.9221925508e-01
3.9291859268e-01
3.9361793028e-01
3.9431726788e-01
3.9501660548e-01
3.9599856769e-01
3.9698052990e-01
3.9796249211e-01
3.9894445432e-01
3.9987428909e-01
4.0080412386e-01
4.0173395863e-01
4.0266379341e-01
4.0373537716e-01
4.0480696092e-01
4.0587854468e-01
4.0695012844e-01
4.0830359710e-01
4.0965706575e-01
4.1101053441e-01
4.1236400306e-01
4.1427949221e-01
4.1619498135e-01
4.1811047050e-01
4.2002595964e-01
4.2333970477e-01
4.2665344989e-01
4.2996719501e-01
4.3328094013e-01
4.4134894360e-01
4.4941694707e-01
4.5748495054e-01
4.6555295401e-01
4.7714561598e-01
4.8873827795e-01
5.0033093991e-01
5.1192360188e-01
5.1956908956e-01
5.2721457725e-01
5.3486006493e-01
5.4250555261e-01
5.4674644081e-01
5.5098732902e-01
5.5522821722e-01
5.5946910542e-01
5.6226279019e-01
5.6505647496e-01
5.6785015973e-01
5.7064384450e-01
5.7264204318e-01
5.7464024187e-01
5.7663844055e-01
5.7863663924e-01
5.8016015059e-01
5.8168366194e-01
5.8320717329e-01
5.8473068465e-01
5.8595901504e-01
5.8718734543e-01
5.8841567582e-01
5.8964400621e-01
5.9068055134e-01
5.9171709648e-01
5.9275364161e-01
5.9379018675e-01
5.9472138364e-01
5.9565258054e-01
5.9658377743e-01
5.9751497433e-01
5.9838815005e-01
5.9926132577e-01
6.0013450149e-01
6.0100767721e-01
6.0178622623e-01
6.0256477525e-01
6.0334332427e-01
6.0412187328e-01
6.0473497682e-01
6.0534808035e-01
6.0596118388e-01
6.0657428742e-01
6.0708778290e-01
6.0760127838e-01
6.0811477386e-01
6.0862826934e-01
6.0912910050e-01
6.0962993166e-01
6.1013076282e-01
6.1063159398e-01
6.1112158303e-01
6.1161157207e-01
6.1210156111e-01
6.1259155015e-01
6.1306210312e-01
6.1353265610e-01
6.1400320907e-01
6.1447376205e-01
6.1490717460e-01
6.1534058715e-01
6.1577399970e-01
6.1620741224e-01
6.1668157940e-01
6.1715574656e-01
6.1762991372e-01
6.1810408088e-01
6.1855303564e-01
6.1900199041e-01
6.1945094517e-01
6.1989989994e-01
6.2033954061e-01
6.2077918129e-01
6.2121882196e-01
6.2165846264e-01
6.2214114602e-01
6.2262382941e-01
6.2310651279e-01
6.2358919617e-01
6.2420145337e-01
6.2481371057e-01
6.2542596776e-01
6.2603822496e-01
6.2661657948e-01
6.2719493401e-01
6.2777328853e-01
6.2835164306e-01
6.2894540214e-01
6.2953916123e-01
6.3013292031e-01
6.3072667939e-01
6.3138335851e-01
6.3204003762e-01
6.3269671674e-01
6.3335339585e-01
6.3416797304e-01
6.3498255022e-01
6.3579712740e-01
6.3661170458e-01
6.3759518932e-01
6.3857867405e-01
6.3956215878e-01
6.4054564352e-01
6.4168250090e-01
6.4281935829e-01
6.4395621567e-01
6.4509307306e-01
6.4624652261e-01
6.4739997217e-01
6.4855342172e-01
6.4970687128e-01
6.5094282063e-01
6.5217876999e-01
6.5341471934e-01
6.5465066870e-01
6.5605004445e-01
6.5744942020e-01
6.5884879596e-01
6.6024817171e-01
6.6189748301e-01
6.6354679432e-01
6.6519610562e-01
6.6684541693e-01
6.6888648571e-01
6.7092755449e-01
6.7296862327e-01
6.7500969205e-01
6.7775020014e-01
6.8049070823e-01
6.8323121632e-01
6.8597172441e-01
6.8926391581e-01
6.9255610721e-01
6.9584829861e-01
6.9914049001e-01
7.0244151698e-01
7.0574254396e-01
7.0904357094e-01
7.1234459792e-01
7.1579899773e-01
7.1925339754e-01
7.2270779735e-01
7.2616219716e-01
7.2931397454e-01
7.3246575193e-01
7.3561752931e-01
7.3876930669e-01
7.4186385258e-01
7.4495839847e-01
7.4805294436e-01
7.5114749025e-01
7.5483857400e-01
7.5852965775e-01
7.6222074150e-01
7.6591182525e-01
7.6922611593e-01
7.7254040661e-01
7.7585469729e-01
7.7916898797e-01
7.8255155111e-01
7.8593411426e-01
7.8931667741e-01
7.9269924056e-01
7.9601623304e-01
7.9933322552e-01
8.0265021800e-01
8.0596721048e-01
8.0855711350e-01
8.1114701651e-01
8.1373691953e-01
8.1632682255e-01
8.1838887844e-01
8.2045093433e-01
8.2251299023e-01
8.2457504612e-01
8.2629604219e-01
8.2801703825e-01
8.2973803432e-01
8.3145903039e-01
8.3294006410e-01
8.3442109781e-01
8.3590213152e-01
8.3738316523e-01
8.3869051254e-01
8.3999785985e-01
8.4130520716e-01
8.4261255447e-01
8.4379842648e-01
8.4498429849e-01
8.4617017050e-01
8.4735604252e-01
8.4848732275e-01
8.4961860299e-01
8.5074988323e-01
8.5188116347e-01
8.5302371749e-01
8.5416627151e-01
8.5530882553e-01
8.5645137955e-01
8.5742847601e-01
8.5840557247e-01
8.5938266892e-01
8.6035976538e-01
8.6115741281e-01
8.6195506023e-01
8.6275270766e-01
8.6355035509e-01
8.6421832212e-01
8.6488628914e-01
8.6555425617e-01
8.6622222320e-01
8.6683075213e-01
8.6743928107e-01
8.6804781000e-01
8.6865633894e-01
8.6922005153e-01
8.6978376413e-01
8.7034747673e-01
8.7091118933e-01
8.7162351413e-01
8.7233583892e-01
8.7304816372e-01
8.7376048851e-01
8.7425711414e-01
8.7475373977e-01
8.7525036540e-01
8.7574699103e-01
8.7621050914e-01
8.7667402725e-01
8.7713754536e-01
8.7760106347e-01
8.7802663604e-01
8.7845220861e-01
8.7887778117e-01
8.7930335374e-01
8.7979914666e-01
8.8029493957e-01
8.8079073249e-01
8.8128652540e-01
8.8170405810e-01
8.8212159081e-01
8.8253912351e-01
8.8295665621e-01
8.8340666289e-01
8.8385666956e-01
8.8430667624e-01
8.8475668292e-01
8.8523472726e-01
8.8571277160e-01
8.8619081595e-01
8.8666886029e-01
8.8717744505e-01
8.8768602981e-01
8.8819461457e-01
8.8870319933e-01
8.8920131770e-01
8.8969943608e-01
8.9019755445e-01
8.9069567282e-01
8.9126863897e-01
8.9184160511e-01
8.9241457125e-01
8.9298753740e-01
8.9372801901e-01
8.9446850062e-01
8.9520898223e-01
8.9594946384e-01
8.9690224330e-01
8.9785502277e-01
8.9880780223e-01
8.9976058170e-01
9.0070950348e-01
9.0165842526e-01
9.0260734704e-01
9.0355626882e-01
9.0467151630e-01
9.0578676378e-01
9.0690201126e-01
9.0801725874e-01
9.0944706497e-01
9.1087687120e-01
9.1230667743e-01
9.1373648366e-01
9.1579608336e-01
9.1785568306e-01
9.1991528276e-01
9.2197488246e-01
9.2555270690e-01
9.2913053133e-01
9.3270835576e-01
9.3628618020e-01
9.4424429726e-01
9.5220241432e-01
9.6016053139e-01
9.6811864845e-01
9.7608898634e-01
9.8405932423e-01
9.9202966211e-01
1.0000000000e+00
