2.8864496703e-01
2.8864622237e-01
2.8864998817e-01
2.8865626381e-01
2.8866504818e-01
2.8867384549e-01
2.8868423442e-01
2.8869621350e-01
2.8870978086e-01
2.8872303690e-01
2.8873751997e-01
2.8875322765e-01
2.8877015706e-01
2.8878768270e-01
2.8880634328e-01
2.8882613431e-01
2.8884705048e-01
2.8887102460e-01
2.8889630794e-01
2.8892288918e-01
2.8895075491e-01
2.8897537012e-01
2.8900088591e-01
2.8902728961e-01
2.8905456683e-01
2.8908065089e-01
2.8910745894e-01
2.8913497485e-01
2.8916318081e-01
2.8919309934e-01
2.8922371307e-01
2.8925499583e-01
2.8928691919e-01
2.8932078991e-01
2.8935528371e-01
2.8939036041e-01
2.8942597713e-01
2.8946001293e-01
2.8949444814e-01
2.8952924063e-01
2.8956434651e-01
2.8960645951e-01
2.8964887215e-01
2.8969150248e-01
2.8973426638e-01
2.8977841390e-01
2.8982251662e-01
2.8986647813e-01
2.8991020163e-01
2.8996004539e-01
2.9000930073e-01
2.9005782346e-01
2.9010547199e-01
2.9014998191e-01
2.9019345363e-01
2.9023577397e-01
2.9027683370e-01
2.9031982860e-01
2.9036108833e-01
2.9040049122e-01
2.9043792220e-01
2.9047827011e-01
2.9051573178e-01
2.9055016678e-01
2.9058144642e-01
2.9061454697e-01
2.9064278957e-01
2.9066601853e-01
2.9068410068e-01
2.9069928625e-01
2.9070610678e-01
2.9070444417e-01
2.9069423073e-01
2.9067936020e-01
2.9065867671e-01
2.9063221882e-01
2.9060004850e-01
2.9056772846e-01
2.9053127977e-01
2.9049078588e-01
2.9044634425e-01
2.9040488362e-01
2.9036064390e-01
2.9031371402e-01
2.9026419125e-01
2.9021758132e-01
2.9016904677e-01
2.9011867562e-01
2.9006656140e-01
2.9001490985e-01
2.8996183145e-01
2.8990742328e-01
2.8985178671e-01
2.8979018824e-01
2.8972740883e-01
2.8966359273e-01
2.8959888835e-01
2.8954511160e-01
2.8949092267e-01
2.8943640839e-01
2.8938165615e-01
2.8933155666e-01
2.8928139829e-01
2.8923124695e-01
2.8918116782e-01
2.8913539948e-01
2.8908979411e-01
2.8904439904e-01
2.8899926034e-01
2.8894639223e-01
2.8889401366e-01
2.8884219178e-01
2.8879099012e-01
2.8874849404e-01
2.8870651123e-01
2.8866507290e-01
2.8862420819e-01
2.8858283339e-01
2.8854212033e-01
2.8850209399e-01
2.8846277715e-01
2.8842038314e-01
2.8837889703e-01
2.8833834089e-01
2.8829873430e-01
2.8825474531e-01
2.8821203585e-01
2.8817062490e-01
2.8813052859e-01
2.8809543181e-01
2.8806142856e-01
2.8802852611e-01
2.8799673061e-01
2.8796324818e-01
2.8793110021e-01
2.8790029140e-01
2.8787082559e-01
2.8783260937e-01
2.8779693080e-01
2.8776379472e-01
2.8773320480e-01
2.8769766783e-01
2.8766633633e-01
2.8763921302e-01
2.8761629974e-01
2.8759780208e-01
2.8758341336e-01
2.8757313406e-01
2.8756696443e-01
2.8756491110e-01
2.8756652776e-01
2.8757181438e-01
2.8758077085e-01
2.8759271778e-01
2.8760799548e-01
2.8762660351e-01
2.8764854121e-01
2.8766880380e-01
2.8769126047e-01
2.8771591023e-01
2.8774275173e-01
2.8776620743e-01
2.8779111177e-01
2.8781746321e-01
2.8784525984e-01
2.8787142293e-01
2.8789874502e-01
2.8792722359e-01
2.8795685560e-01
2.8798834358e-01
2.8802102908e-01
2.8805490655e-01
2.8808996936e-01
2.8812459041e-01
2.8816027952e-01
2.8819702723e-01
2.8823482252e-01
2.8827088706e-01
2.8830783417e-01
2.8834565046e-01
2.8838432075e-01
2.8842055022e-01
2.8845746997e-01
2.8849506367e-01
2.8853331332e-01
2.8857672986e-01
2.8862090796e-01
2.8866581466e-01
2.8871141406e-01
2.8875454685e-01
2.8879821477e-01
2.8884238161e-01
2.8888700900e-01
2.8893235620e-01
2.8897808562e-01
2.8902415193e-01
2.8907050798e-01
2.8912392191e-01
2.8917757648e-01
2.8923139385e-01
2.8928529441e-01
2.8934579557e-01
2.8940618361e-01
2.8946634187e-01
2.8952615362e-01
2.8958709079e-01
2.8964741537e-01
2.8970700471e-01
2.8976573860e-01
2.8982428741e-01
2.8988171798e-01
2.8993791573e-01
2.8999277039e-01
2.9005212328e-01
2.9010954233e-01
2.9016489637e-01
2.9021806204e-01
2.9027741182e-01
2.9033342776e-01
2.9038595292e-01
2.9043484513e-01
2.9048788569e-01
2.9053546416e-01
2.9057742191e-01
2.9061362719e-01
2.9064705170e-01
2.9067310207e-01
2.9069170867e-01
2.9070284007e-01
2.9070644223e-01
2.9070449534e-01
2.9069704761e-01
2.9068416872e-01
2.9066897652e-01
2.9064997606e-01
2.9062724860e-01
2.9060088756e-01
2.9057466225e-01
2.9054576492e-01
2.9051428449e-01
2.9048031777e-01
2.9044759529e-01
2.9041301339e-01
2.9037666014e-01
2.9033862883e-01
2.9029961100e-01
2.9025915877e-01
2.9021737581e-01
2.9017437024e-01
2.9013070730e-01
2.9008606915e-01
2.9004057180e-01
2.8999433416e-01
2.8995292035e-01
2.8991110770e-01
2.8986898227e-01
2.8982663062e-01
2.8978849571e-01
2.8975031087e-01
2.8971213814e-01
2.8967403887e-01
2.8963840709e-01
2.8960294217e-01
2.8956769195e-01
2.8953270300e-01
2.8948894511e-01
2.8944576340e-01
2.8940324065e-01
2.8936145478e-01
2.8932978432e-01
2.8929862655e-01
2.8926801073e-01
2.8923796422e-01
2.8920515153e-01
2.8917311121e-01
2.8914187285e-01
2.8911146327e-01
2.8908070561e-01
2.8905089712e-01
2.8902205944e-01
2.8899421170e-01
2.8896573460e-01
2.8893841078e-01
2.8891225531e-01
2.8888728111e-01
2.8886422782e-01
2.8884230164e-01
2.8882150984e-01
2.8880185858e-01
2.8878113848e-01
2.8876187198e-01
2.8874406416e-01
2.8872771916e-01
2.8870868389e-01
2.8869212642e-01
2.8867805118e-01
2.8866646147e-01
2.8865502261e-01
2.8864787631e-01
2.8864502471e-01
2.8864646861e-01
2.8865011517e-01
2.8865593923e-01
2.8866393990e-01
2.8867411588e-01
2.8868412988e-01
2.8869561710e-01
2.8870857590e-01
2.8872300419e-01
2.8873720886e-01
2.8875259387e-01
2.8876915650e-01
2.8878689347e-01
2.8880586047e-01
2.8882600039e-01
2.8884730761e-01
2.8886977550e-01
2.8889320548e-01
2.8891776121e-01
2.8894343218e-01
2.8897020611e-01
2.8899524707e-01
2.8902115893e-01
2.8904792819e-01
2.8907553959e-01
2.8910191417e-01
2.8912898465e-01
2.8915673412e-01
2.8918514400e-01
2.8921666934e-01
2.8924891865e-01
2.8928186087e-01
2.8931546229e-01
2.8934863390e-01
2.8938235527e-01
2.8941658839e-01
2.8945129300e-01
2.8948598253e-01
2.8952104736e-01
2.8955644267e-01
2.8959212188e-01
2.8963451930e-01
2.8967716323e-01
2.8971996979e-01
2.8976285319e-01
2.8980861988e-01
2.8985426743e-01
2.8989968793e-01
2.8994477341e-01
2.8999254648e-01
2.9003968183e-01
2.9008605097e-01
2.9013152804e-01
2.9017570128e-01
2.9021875625e-01
2.9026058010e-01
2.9030106420e-01
2.9034412619e-01
2.9038529039e-01
2.9042443007e-01
2.9046142589e-01
2.9050135518e-01
2.9053811346e-01
2.9057155408e-01
2.9060154371e-01
2.9063253566e-01
2.9065830463e-01
2.9067869761e-01
2.9069358623e-01
2.9070407871e-01
2.9070626407e-01
2.9070005385e-01
2.9068540816e-01
2.9066730611e-01
2.9064367036e-01
2.9061455009e-01
2.9058001601e-01
2.9054616038e-01
2.9050846294e-01
2.9046700745e-01
2.9042189025e-01
2.9037919462e-01
2.9033382450e-01
2.9028587094e-01
2.9023543306e-01
2.9018817060e-01
2.9013907892e-01
2.9008824631e-01
2.9003576629e-01
2.8998312742e-01
2.8992911342e-01
2.8987382465e-01
2.8981736567e-01
2.8975716327e-01
2.8969592740e-01
2.8963379048e-01
2.8957088831e-01
2.8951774092e-01
2.8946423673e-01
2.8941045883e-01
2.8935649066e-01
2.8930698797e-01
2.8925745943e-01
2.8920796817e-01
2.8915857652e-01
2.8911309430e-01
2.8906779659e-01
2.8902272949e-01
2.8897793780e-01
2.8892315234e-01
2.8886892914e-01
2.8881534192e-01
2.8876246002e-01
2.8872061404e-01
2.8867929437e-01
2.8863853021e-01
2.8859834874e-01
2.8855562406e-01
2.8851363806e-01
2.8847241736e-01
2.8843198615e-01
2.8839030385e-01
2.8834954314e-01
2.8830972418e-01
2.8827086475e-01
2.8822921361e-01
2.8818876227e-01
2.8814952622e-01
2.8811151865e-01
2.8807687414e-01
2.8804333597e-01
2.8801091087e-01
2.8797960452e-01
2.8794592647e-01
2.8791365898e-01
2.8788280662e-01
2.8785337312e-01
2.8781524326e-01
2.8777980497e-01
2.8774706287e-01
2.8771702038e-01
2.8768163125e-01
2.8765091752e-01
2.8762488179e-01
2.8760352572e-01
2.8758830622e-01
2.8757687913e-01
2.8756924477e-01
2.8756540330e-01
2.8756531575e-01
2.8756885904e-01
2.8757603311e-01
2.8758683779e-01
2.8760089467e-01
2.8761841410e-01
2.8763939547e-01
2.8766383790e-01
2.8768522308e-01
2.8770869707e-01
2.8773425872e-01
2.8776190650e-01
2.8778586303e-01
2.8781118941e-01
2.8783788396e-01
2.8786594462e-01
2.8789301561e-01
2.8792124257e-01
2.8795062258e-01
2.8798115216e-01
2.8801293587e-01
2.8804586768e-01
2.8807994162e-01
2.8811515058e-01
2.8815043717e-01
2.8818677829e-01
2.8822416345e-01
2.8826258052e-01
2.8829822243e-01
2.8833468602e-01
2.8837195790e-01
2.8841002299e-01
2.8844748866e-01
2.8848566031e-01
2.8852451931e-01
2.8856404515e-01
2.8860820751e-01
2.8865311493e-01
2.8869873187e-01
2.8874501973e-01
2.8878821389e-01
2.8883190715e-01
2.8887606254e-01
2.8892064102e-01
2.8896686298e-01
2.8901344205e-01
2.8906032970e-01
2.8910747564e-01
2.8916207406e-01
2.8921686496e-01
2.8927176464e-01
2.8932668784e-01
2.8939002263e-01
2.8945313939e-01
2.8951590371e-01
2.8957818166e-01
2.8963824663e-01
2.8969760343e-01
2.8975613357e-01
2.8981372141e-01
2.8987199656e-01
2.8992903110e-01
2.8998471029e-01
2.9003892415e-01
2.9009788813e-01
2.9015473399e-01
2.9020932946e-01
2.9026155075e-01
2.9032192127e-01
2.9037838934e-01
2.9043078140e-01
2.9047894249e-01
2.9052954442e-01
2.9057403080e-01
2.9061224801e-01
2.9064407375e-01
2.9067037771e-01
2.9068954885e-01
2.9070155300e-01
2.9070639090e-01
2.9070487866e-01
2.9069821665e-01
2.9068646590e-01
2.9066970650e-01
2.9065157335e-01
2.9062995717e-01
2.9060494109e-01
2.9057661900e-01
2.9054878084e-01
2.9051849881e-01
2.9048586072e-01
2.9045096139e-01
2.9041712451e-01
2.9038156211e-01
2.9034436247e-01
2.9030561880e-01
2.9026477617e-01
2.9022254859e-01
2.9017904841e-01
2.9013439246e-01
2.9009160446e-01
2.9004801032e-01
2.9000371512e-01
2.8995882608e-01
2.8991706832e-01
2.8987498559e-01
2.8983266438e-01
2.8979019133e-01
2.8975309488e-01
2.8971600562e-01
2.8967897987e-01
2.8964207311e-01
2.8960645832e-01
2.8957105508e-01
2.8953591062e-01
2.8950107069e-01
2.8946170394e-01
2.8942285514e-01
2.8938458406e-01
2.8934694709e-01
2.8931555283e-01
2.8928468326e-01
2.8925436664e-01
2.8922462931e-01
2.8919264306e-01
2.8916141588e-01
2.8913097494e-01
2.8910134484e-01
2.8907064510e-01
2.8904091798e-01
2.8901218477e-01
2.8898446421e-01
2.8895656330e-01
2.8892980510e-01
2.8890420365e-01
2.8887977099e-01
2.8885696160e-01
2.8883529373e-01
2.8881477439e-01
2.8879540949e-01
2.8877494084e-01
2.8875595586e-01
2.8873845946e-01
2.8872245562e-01
2.8870430933e-01
2.8868857446e-01
2.8867525498e-01
2.8866435382e-01
2.8865587316e-01
2.8864981454e-01
2.8864617897e-01
2.8864496706e-01
