0.0000000000e+00
8.5776851625e-03
1.7155370325e-02
2.5733055487e-02
3.4310740650e-02
3.9538624026e-02
4.4766507402e-02
4.9994390778e-02
5.5222274154e-02
5.8854276130e-02
6.2486278105e-02
6.6118280081e-02
6.9750282056e-02
7.2466030929e-02
7.5181779802e-02
7.7897528674e-02
8.0613277547e-02
8.2746206991e-02
8.4879136434e-02
8.7012065878e-02
8.9144995322e-02
9.0884870994e-02
9.2624746665e-02
9.4364622337e-02
9.6104498008e-02
9.7580441126e-02
9.9056384244e-02
1.0053232736e-01
1.0200827048e-01
1.0330490160e-01
1.0460153271e-01
1.0589816383e-01
1.0719479495e-01
1.0839456972e-01
1.0959434450e-01
1.1079411927e-01
1.1199389404e-01
1.1334104968e-01
1.1468820531e-01
1.1603536094e-01
1.1738251658e-01
1.1833052267e-01
1.1927852876e-01
1.2022653485e-01
1.2117454095e-01
1.2196331124e-01
1.2275208154e-01
1.2354085183e-01
1.2432962213e-01
1.2501439750e-01
1.2569917287e-01
1.2638394824e-01
1.2706872361e-01
1.2771216504e-01
1.2835560647e-01
1.2899904790e-01
1.2964248933e-01
1.3033109190e-01
1.3101969448e-01
1.3170829706e-01
1.3239689963e-01
1.3302678655e-01
1.3365667347e-01
1.3428656039e-01
1.3491644731e-01
1.3550398911e-01
1.3609153092e-01
1.3667907272e-01
1.3726661453e-01
1.3780820936e-01
1.3834980419e-01
1.3889139903e-01
1.3943299386e-01
1.4001472226e-01
1.4059645066e-01
1.4117817906e-01
1.4175990746e-01
1.4234577622e-01
1.4293164498e-01
1.4351751374e-01
1.4410338250e-01
1.4466013597e-01
1.4521688944e-01
1.4577364291e-01
1.4633039638e-01
1.4695935824e-01
1.4758832010e-01
1.4821728196e-01
1.4884624382e-01
1.4951166453e-01
1.5017708525e-01
1.5084250596e-01
1.5150792668e-01
1.5236853972e-01
1.5322915277e-01
1.5408976581e-01
1.5495037886e-01
1.5571311216e-01
1.5647584545e-01
1.5723857875e-01
1.5800131205e-01
1.5878233854e-01
1.5956336503e-01
1.6034439151e-01
1.6112541800e-01
1.6197419129e-01
1.6282296457e-01
1.6367173786e-01
1.6452051115e-01
1.6550868488e-01
1.6649685862e-01
1.6748503236e-01
1.6847320609e-01
1.6972100023e-01
1.7096879436e-01
1.7221658850e-01
1.7346438264e-01
1.7491963800e-01
1.7637489335e-01
1.7783014871e-01
1.7928540407e-01
1.8078188005e-01
1.8227835604e-01
1.8377483202e-01
1.8527130800e-01
1.8679922971e-01
1.8832715142e-01
1.8985507313e-01
1.9138299484e-01
1.9302266909e-01
1.9466234335e-01
1.9630201760e-01
1.9794169185e-01
1.9976314495e-01
2.0158459804e-01
2.0340605113e-01
2.0522750422e-01
2.0730714048e-01
2.0938677673e-01
2.1146641298e-01
2.1354604924e-01
2.1599002401e-01
2.1843399878e-01
2.2087797355e-01
2.2332194832e-01
2.2628599893e-01
2.2925004954e-01
2.3221410015e-01
2.3517815076e-01
2.3886442742e-01
2.4255070408e-01
2.4623698074e-01
2.4992325740e-01
2.5303611552e-01
2.5614897364e-01
2.5926183176e-01
2.6237468988e-01
2.6498298431e-01
2.6759127874e-01
2.7019957317e-01
2.7280786760e-01
2.7505360202e-01
2.7729933643e-01
2.7954507084e-01
2.8179080526e-01
2.8376337959e-01
2.8573595391e-01
2.8770852824e-01
2.8968110257e-01
2.9144665055e-01
2.9321219852e-01
2.9497774650e-01
2.9674329448e-01
2.9835504006e-01
2.9996678564e-01
3.0157853122e-01
3.0319027680e-01
3.0470324387e-01
3.0621621093e-01
3.0772917800e-01
3.0924214507e-01
3.1077976753e-01
3.1231738999e-01
3.1385501245e-01
3.1539263491e-01
3.1678816870e-01
3.1818370249e-01
3.1957923629e-01
3.2097477008e-01
3.2235156127e-01
3.2372835247e-01
3.2510514366e-01
3.2648193485e-01
3.2750884955e-01
3.2853576424e-01
3.2956267893e-01
3.3058959362e-01
3.3147199860e-01
3.3235440357e-01
3.3323680855e-01
3.3411921352e-01
3.3493173922e-01
3.3574426492e-01
3.3655679061e-01
3.3736931631e-01
3.3812104552e-01
3.3887277472e-01
3.3962450392e-01
3.4037623312e-01
3.4113916628e-01
3.4190209944e-01
3.4266503260e-01
3.4342796576e-01
3.4416497227e-01
3.4490197878e-01
3.4563898530e-01
3.4637599181e-01
3.4703254013e-01
3.4768908845e-01
3.4834563676e-01
3.4900218508e-01
3.4960577501e-01
3.5020936493e-01
3.5081295485e-01
3.5141654477e-01
3.5197122554e-01
3.5252590631e-01
3.5308058708e-01
3.5363526785e-01
3.5424000136e-01
3.5484473487e-01
3.5544946837e-01
3.5605420188e-01
3.5663091059e-01
3.5720761929e-01
3.5778432799e-01
3.5836103670e-01
3.5890625856e-01
3.5945148042e-01
3.5999670228e-01
3.6054192415e-01
3.6112374421e-01
3.6170556427e-01
3.6228738434e-01
3.6286920440e-01
3.6352086972e-01
3.6417253503e-01
3.6482420034e-01
3.6547586565e-01
3.6613364027e-01
3.6679141488e-01
3.6744918950e-01
3.6810696411e-01
3.6875597601e-01
3.6940498791e-01
3.7005399981e-01
3.7070301171e-01
3.7141334226e-01
3.7212367281e-01
3.7283400337e-01
3.7354433392e-01
3.7454335583e-01
3.7554237775e-01
3.7654139966e-01
3.7754042157e-01
3.7870590808e-01
3.7987139460e-01
3.8103688111e-01
3.8220236762e-01
3.8339456652e-01
3.8458676542e-01
3.8577896432e-01
3.8697116322e-01
3.8825310386e-01
3.8953504450e-01
3.9081698513e-01
3.9209892577e-01
3.9358136412e-01
3.9506380247e-01
3.9654624081e-01
3.9802867916e-01
3.9984910600e-01
4.0166953283e-01
4.0348995967e-01
4.0531038650e-01
4.0773021444e-01
4.1015004238e-01
4.1256987032e-01
4.1498969826e-01
4.1858787965e-01
4.2218606104e-01
4.2578424243e-01
4.2938242381e-01
4.3590946792e-01
4.4243651202e-01
4.4896355613e-01
4.5549060023e-01
4.6930375036e-01
4.8311690048e-01
4.9693005061e-01
5.1074320073e-01
5.1819687278e-01
5.2565054483e-01
5.3310421688e-01
5.4055788892e-01
5.4527567980e-01
5.4999347068e-01
5.5471126156e-01
5.5942905244e-01
5.6279000389e-01
5.6615095533e-01
5.6951190678e-01
5.7287285822e-01
5.7541142257e-01
5.7794998693e-01
5.8048855128e-01
5.8302711564e-01
5.8504127414e-01
5.8705543264e-01
5.8906959115e-01
5.9108374965e-01
5.9274543442e-01
5.9440711920e-01
5.9606880397e-01
5.9773048874e-01
5.9915271571e-01
6.0057494268e-01
6.0199716965e-01
6.0341939662e-01
6.0468207315e-01
6.0594474967e-01
6.0720742620e-01
6.0847010272e-01
6.0966160603e-01
6.1085310933e-01
6.1204461264e-01
6.1323611594e-01
6.1440857612e-01
6.1558103629e-01
6.1675349647e-01
6.1792595664e-01
6.1886929578e-01
6.1981263492e-01
6.2075597407e-01
6.2169931321e-01
6.2246464080e-01
6.2322996839e-01
6.2399529598e-01
6.2476062357e-01
6.2543404955e-01
6.2610747553e-01
6.2678090151e-01
6.2745432749e-01
6.2809471195e-01
6.2873509640e-01
6.2937548085e-01
6.3001586531e-01
6.3078250225e-01
6.3154913919e-01
6.3231577614e-01
6.3308241308e-01
6.3370696084e-01
6.3433150859e-01
6.3495605634e-01
6.3558060410e-01
6.3617785380e-01
6.3677510349e-01
6.3737235319e-01
6.3796960289e-01
6.3851046487e-01
6.3905132686e-01
6.3959218885e-01
6.4013305083e-01
6.4076029940e-01
6.4138754797e-01
6.4201479654e-01
6.4264204511e-01
6.4320581618e-01
6.4376958724e-01
6.4433335830e-01
6.4489712936e-01
6.4546202356e-01
6.4602691776e-01
6.4659181196e-01
6.4715670615e-01
6.4785137446e-01
6.4854604277e-01
6.4924071107e-01
6.4993537938e-01
6.5063072786e-01
6.5132607634e-01
6.5202142482e-01
6.5271677330e-01
6.5351366901e-01
6.5431056472e-01
6.5510746043e-01
6.5590435614e-01
6.5665101009e-01
6.5739766404e-01
6.5814431799e-01
6.5889097194e-01
6.5969507539e-01
6.6049917884e-01
6.6130328229e-01
6.6210738574e-01
6.6298322709e-01
6.6385906843e-01
6.6473490978e-01
6.6561075113e-01
6.6665748635e-01
6.6770422156e-01
6.6875095677e-01
6.6979769199e-01
6.7107469336e-01
6.7235169474e-01
6.7362869611e-01
6.7490569748e-01
6.7646627238e-01
6.7802684727e-01
6.7958742216e-01
6.8114799706e-01
6.8264205695e-01
6.8413611684e-01
6.8563017672e-01
6.8712423661e-01
6.8867236491e-01
6.9022049322e-01
6.9176862152e-01
6.9331674982e-01
6.9500171395e-01
6.9668667808e-01
6.9837164221e-01
7.0005660635e-01
7.0194538129e-01
7.0383415624e-01
7.0572293118e-01
7.0761170613e-01
7.0978720907e-01
7.1196271202e-01
7.1413821496e-01
7.1631371790e-01
7.1889514813e-01
7.2147657835e-01
7.2405800858e-01
7.2663943880e-01
7.2978285210e-01
7.3292626540e-01
7.3606967870e-01
7.3921309200e-01
7.4281345693e-01
7.4641382186e-01
7.5001418680e-01
7.5361455173e-01
7.5655534289e-01
7.5949613406e-01
7.6243692523e-01
7.6537771639e-01
7.6787365254e-01
7.7036958869e-01
7.7286552484e-01
7.7536146099e-01
7.7752376129e-01
7.7968606159e-01
7.8184836189e-01
7.8401066218e-01
7.8592072242e-01
7.8783078265e-01
7.8974084289e-01
7.9165090312e-01
7.9336995174e-01
7.9508900036e-01
7.9680804898e-01
7.9852709760e-01
8.0010693007e-01
8.0168676254e-01
8.0326659501e-01
8.0484642748e-01
8.0635055682e-01
8.0785468617e-01
8.0935881552e-01
8.1086294486e-01
8.1241821042e-01
8.1397347598e-01
8.1552874154e-01
8.1708400710e-01
8.1843109730e-01
8.1977818750e-01
8.2112527770e-01
8.2247236791e-01
8.2371583181e-01
8.2495929571e-01
8.2620275961e-01
8.2744622351e-01
8.2843164334e-01
8.2941706317e-01
8.3040248300e-01
8.3138790283e-01
8.3225154254e-01
8.3311518226e-01
8.3397882197e-01
8.3484246168e-01
8.3564533865e-01
8.3644821561e-01
8.3725109258e-01
8.3805396954e-01
8.3880354273e-01
8.3955311592e-01
8.4030268911e-01
8.4105226230e-01
8.4182354430e-01
8.4259482630e-01
8.4336610830e-01
8.4413739030e-01
8.4484900515e-01
8.4556062000e-01
8.4627223485e-01
8.4698384970e-01
8.4763329047e-01
8.4828273124e-01
8.4893217202e-01
8.4958161279e-01
8.5016932515e-01
8.5075703751e-01
8.5134474988e-01
8.5193246224e-01
8.5249031234e-01
8.5304816245e-01
8.5360601256e-01
8.5416386267e-01
8.5480139562e-01
8.5543892858e-01
8.5607646153e-01
8.5671399448e-01
8.5727165798e-01
8.5782932147e-01
8.5838698496e-01
8.5894464846e-01
8.5949553133e-01
8.6004641421e-01
8.6059729709e-01
8.6114817997e-01
8.6174035193e-01
8.6233252389e-01
8.6292469585e-01
8.6351686781e-01
8.6423024446e-01
8.6494362112e-01
8.6565699777e-01
8.6637037442e-01
8.6701580950e-01
8.6766124458e-01
8.6830667966e-01
8.6895211475e-01
8.6960988230e-01
8.7026764986e-01
8.7092541741e-01
8.7158318496e-01
8.7232622579e-01
8.7306926661e-01
8.7381230743e-01
8.7455534826e-01
8.7549715175e-01
8.7643895525e-01
8.7738075875e-01
8.7832256225e-01
8.7972990673e-01
8.8113725121e-01
8.8254459569e-01
8.8395194017e-01
8.8516747808e-01
8.8638301598e-01
8.8759855388e-01
8.8881409179e-01
8.9015737708e-01
8.9150066237e-01
8.9284394766e-01
8.9418723294e-01
8.9577483770e-01
8.9736244245e-01
8.9895004720e-01
9.0053765196e-01
9.0253665208e-01
9.0453565220e-01
9.0653465232e-01
9.0853365244e-01
9.1127428495e-01
9.1401491746e-01
9.1675554997e-01
9.1949618248e-01
9.2376221347e-01
9.2802824446e-01
9.3229427545e-01
9.3656030644e-01
9.4444052623e-01
9.5232074603e-01
9.6020096582e-01
9.6808118561e-01
9.7606088921e-01
9.8404059281e-01
9.9202029640e-01
1.0000000000e+00
