1.0737068235e-03
1.1079119346e-03
1.2126679789e-03
1.3946199192e-03
1.6653318710e-03
1.9807688850e-03
2.3884268370e-03
2.9071500640e-03
3.5608561870e-03
4.2916384269e-03
5.1838131451e-03
6.2703462051e-03
7.5911103403e-03
9.2736925660e-03
1.1330408599e-02
1.3840893505e-02
1.6900674540e-02
1.9646094226e-02
2.2826715273e-02
2.6506983713e-02
3.0759365205e-02
3.4555533619e-02
3.8798020225e-02
4.3533263074e-02
4.8810952860e-02
5.3965826318e-02
5.9623188413e-02
6.5822564790e-02
7.2604482765e-02
8.0011925526e-02
8.8084376239e-02
9.6862019142e-02
1.0638331579e-01
1.1640603361e-01
1.2719779326e-01
1.3878350084e-01
1.5118231251e-01
1.6346215269e-01
1.7646058006e-01
1.9017441807e-01
2.0459308830e-01
2.1844721144e-01
2.3286049001e-01
2.4780660728e-01
2.6325347031e-01
2.8555777733e-01
3.0864327466e-01
3.3237541861e-01
3.5660737186e-01
3.7446938554e-01
3.9245304651e-01
4.1049745529e-01
4.2854266488e-01
4.4839399366e-01
4.6810069766e-01
4.8759283366e-01
5.0680590152e-01
5.2737062529e-01
5.4746680651e-01
5.6703640867e-01
5.8603050093e-01
6.0857687361e-01
6.3013245554e-01
6.5065737200e-01
6.7012749374e-01
6.8690962594e-01
7.0281151574e-01
7.1784063282e-01
7.3201011157e-01
7.4672427625e-01
7.6043488111e-01
7.7317526414e-01
7.8498163583e-01
7.9739631192e-01
8.0869598093e-01
8.1893909267e-01
8.2818308058e-01
8.3850428293e-01
8.4742905346e-01
8.5505404324e-01
8.6146636597e-01
8.6863680606e-01
8.7369701607e-01
8.7678389682e-01
8.7798871346e-01
8.7762863962e-01
8.7609398565e-01
8.7336860371e-01
8.6941789492e-01
8.6520917593e-01
8.6009579373e-01
8.5403090086e-01
8.4695975941e-01
8.4032286876e-01
8.3291979758e-01
8.2470892323e-01
8.1564601340e-01
8.0678875330e-01
7.9717989148e-01
7.8678470320e-01
7.7556843930e-01
7.6436382901e-01
7.5239207642e-01
7.3962829112e-01
7.2604991328e-01
7.0608061954e-01
6.8450745430e-01
6.6131256604e-01
6.3650295190e-01
6.1985782361e-01
6.0258807204e-01
5.8471779281e-01
5.6627839031e-01
5.4875127019e-01
5.3080801776e-01
5.1249207687e-01
4.9385308113e-01
4.7520313985e-01
4.5635211772e-01
4.3736412985e-01
4.1830771172e-01
3.9547001073e-01
3.7276729840e-01
3.5033132167e-01
3.2829320823e-01
3.1145404035e-01
2.9499252042e-01
2.7896261442e-01
2.6341392546e-01
2.4711813695e-01
2.3149265620e-01
2.1657894956e-01
2.0241007074e-01
1.8821264721e-01
1.7490165577e-01
1.6248722051e-01
1.5097097788e-01
1.4015924500e-01
1.3026047842e-01
1.2125694107e-01
1.1312708145e-01
1.0568328229e-01
9.9102724166e-02
9.3357978852e-02
8.8422442091e-02
8.3919187175e-02
8.0326079908e-02
7.7618540764e-02
7.5777227285e-02
7.4783517085e-02
7.4650232228e-02
7.5376355660e-02
7.6967437863e-02
7.9146212964e-02
8.2046830934e-02
8.5685985001e-02
9.0083686415e-02
9.5471554998e-02
1.0172829916e-01
1.0888345719e-01
1.1696701876e-01
1.2635797117e-01
1.3680798588e-01
1.4834224506e-01
1.6097917781e-01
1.7218324029e-01
1.8413682117e-01
1.9683394463e-01
2.1026222218e-01
2.2375315111e-01
2.3787046523e-01
2.5258485978e-01
2.6786086519e-01
2.8421247653e-01
3.0106863430e-01
3.1837151061e-01
3.3605848099e-01
3.5418903839e-01
3.7257100074e-01
3.9113233297e-01
4.0980071637e-01
4.2939321199e-01
4.4894494511e-01
4.6837981627e-01
4.8762632577e-01
5.0908205471e-01
5.3012617934e-01
5.5068286668e-01
5.7068695616e-01
5.9109676621e-01
6.1078201096e-01
6.2970320168e-01
6.4783180186e-01
6.6588022271e-01
6.8303495804e-01
6.9929403213e-01
7.1466313568e-01
7.2986475454e-01
7.4411772178e-01
7.5744709760e-01
7.6988167503e-01
7.8328538423e-01
7.9556944416e-01
8.0678790717e-01
8.1699496979e-01
8.2836646898e-01
8.3835197364e-01
8.4704322379e-01
8.5452401679e-01
8.6223843213e-01
8.6832410031e-01
8.7287866945e-01
8.7597465736e-01
8.7767006666e-01
8.7794336786e-01
8.7678896302e-01
8.7417386723e-01
8.7114549968e-01
8.6718670531e-01
8.6224985596e-01
8.5627795819e-01
8.5046310086e-01
8.4384059820e-01
8.3636339971e-01
8.2798072894e-01
8.1992497904e-01
8.1110850337e-01
8.0149296687e-01
7.9103929473e-01
7.8063530345e-01
7.6945651206e-01
7.5747345722e-01
7.4465820256e-01
7.3088568123e-01
7.1621996713e-01
7.0064217430e-01
6.8413871634e-01
6.6735237847e-01
6.4970018777e-01
6.3119062980e-01
6.1184134239e-01
5.9477226659e-01
5.7714121672e-01
5.5897824799e-01
5.4032024066e-01
5.2283162305e-01
5.0500360762e-01
4.8688048668e-01
4.6851152802e-01
4.4788580174e-01
4.2710380555e-01
4.0625135386e-01
3.8541858984e-01
3.6510595725e-01
3.4499045385e-01
3.2515998429e-01
3.0569994357e-01
2.8830349960e-01
2.7134229789e-01
2.5486887048e-01
2.3892984486e-01
2.2202268049e-01
2.0585776552e-01
1.9046843051e-01
1.7587751065e-01
1.6176209657e-01
1.4850218738e-01
1.3609161460e-01
1.2451588543e-01
1.1365925498e-01
1.0360236161e-01
9.4312308432e-02
8.5752671573e-02
7.6954024976e-02
6.8971860644e-02
6.1748123679e-02
5.5225128137e-02
4.7931094397e-02
4.1548665277e-02
3.5977360948e-02
3.1124249893e-02
2.6070228117e-02
2.1815932082e-02
1.8241808716e-02
1.5244088532e-02
1.2533006501e-02
1.0301184805e-02
8.4664509296e-03
6.9602097370e-03
5.5817490416e-03
4.4834331053e-03
3.6109477229e-03
2.9208626971e-03
2.2965774236e-03
1.8338390351e-03
1.5002274737e-03
1.2723432552e-03
1.1294485615e-03
1.0746794134e-03
1.1037473580e-03
1.2189384327e-03
1.3881594510e-03
1.6332284021e-03
1.9674761410e-03
2.4090706208e-03
2.9037284845e-03
3.5197944856e-03
4.2827360388e-03
5.2239525994e-03
6.2955696205e-03
7.5930678974e-03
9.1617739522e-03
1.1055920019e-02
1.3142406056e-02
1.5618446479e-02
1.8553262576e-02
2.2027164992e-02
2.5328127641e-02
2.9107154748e-02
3.3427656758e-02
3.8359607542e-02
4.2749613820e-02
4.7612012015e-02
5.2990202530e-02
5.8929771404e-02
6.5035009144e-02
7.1712763972e-02
7.9003526602e-02
8.6947778649e-02
9.5876682358e-02
1.0558656341e-01
1.1611651712e-01
1.2750140772e-01
1.3863039760e-01
1.5050884088e-01
1.6314779014e-01
1.7655149768e-01
1.8982380706e-01
2.0375731339e-01
2.1833553638e-01
2.3353482492e-01
2.4888702519e-01
2.6476275463e-01
2.8112098976e-01
2.9791511553e-01
3.1731203186e-01
3.3711711861e-01
3.5724503957e-01
3.7760716925e-01
3.9607204104e-01
4.1458803209e-01
4.3309078108e-01
4.5151807939e-01
4.7244305281e-01
4.9310851782e-01
5.1343865211e-01
5.3336544382e-01
5.5420757134e-01
5.7445477671e-01
5.9405487573e-01
6.1296605013e-01
6.3326361971e-01
6.5262792082e-01
6.7103988552e-01
6.8849144669e-01
7.0467846203e-01
7.1995158936e-01
7.3432563963e-01
7.4782033911e-01
7.6193876304e-01
7.7501846569e-01
7.8710011376e-01
7.9822631020e-01
8.1019871103e-01
8.2097013052e-01
8.3061059245e-01
8.3918736612e-01
8.4885109062e-01
8.5695248037e-01
8.6360532421e-01
8.6890793285e-01
8.7378301556e-01
8.7677912880e-01
8.7798080919e-01
8.7743112427e-01
8.7579393919e-01
8.7308142209e-01
8.6926226877e-01
8.6429035916e-01
8.5908363684e-01
8.5294505227e-01
8.4582104042e-01
8.3765102081e-01
8.3025818881e-01
8.2210418102e-01
8.1314894010e-01
8.0335072036e-01
7.9373445588e-01
7.8336247041e-01
7.7220284798e-01
7.6022441205e-01
7.4763898523e-01
7.3420942869e-01
7.1991255198e-01
7.0472904436e-01
6.8737605956e-01
6.6896887158e-01
6.4950775842e-01
6.2900518469e-01
6.1224424393e-01
5.9488065759e-01
5.7694087028e-01
5.5845857035e-01
5.4100998475e-01
5.2317527095e-01
5.0499846715e-01
4.8652941054e-01
4.6804030103e-01
4.4937859666e-01
4.3060759746e-01
4.1179453507e-01
3.9064274360e-01
3.6963083450e-01
3.4886392190e-01
3.2844632948e-01
3.1172096217e-01
2.9536708077e-01
2.7943760125e-01
2.6398121379e-01
2.4777422639e-01
2.3222644207e-01
2.1737883672e-01
2.0326420699e-01
1.8896661804e-01
1.7556093792e-01
1.6305788400e-01
1.5145951009e-01
1.4063579311e-01
1.3072086031e-01
1.2169732747e-01
1.1354397210e-01
1.0606823378e-01
9.9453733982e-02
9.3673193755e-02
8.8700096140e-02
8.4152281038e-02
8.0513114022e-02
7.7757855153e-02
7.5866929435e-02
7.4819394324e-02
7.4633996354e-02
7.5309315959e-02
7.6850526106e-02
7.8984818075e-02
8.1841117771e-02
8.5435929575e-02
8.9789114565e-02
9.4970959158e-02
1.0097309059e-01
1.0782262784e-01
1.1554721921e-01
1.2488860032e-01
1.3531067674e-01
1.4684037524e-01
1.5949784232e-01
1.7046447968e-01
1.8216356933e-01
1.9459025281e-01
2.0773364594e-01
2.2100873631e-01
2.3490684661e-01
2.4940050007e-01
2.6445619665e-01
2.8068794365e-01
2.9743548748e-01
3.1464220163e-01
3.3224647072e-01
3.5014035223e-01
3.6829639642e-01
3.8664483715e-01
4.0511536514e-01
4.2387089552e-01
4.4260936256e-01
4.6126291202e-01
4.7976730196e-01
5.0092383826e-01
5.2171553855e-01
5.4206711680e-01
5.6191307773e-01
5.8300144474e-01
6.0335717265e-01
6.2293364308e-01
6.4169645134e-01
6.5985567701e-01
6.7714180918e-01
6.9355007584e-01
7.0908351259e-01
7.2441726134e-01
7.3882041771e-01
7.5231540717e-01
7.6492860902e-01
7.7834603540e-01
7.9068970842e-01
8.0200868624e-01
8.1235262174e-01
8.2394790264e-01
8.3419868384e-01
8.4319174146e-01
8.5100729067e-01
8.5934607663e-01
8.6603233617e-01
8.7117155600e-01
8.7484501872e-01
8.7722973253e-01
8.7801045179e-01
8.7719110546e-01
8.7474107740e-01
8.7190908790e-01
8.6814983079e-01
8.6341732864e-01
8.5765608065e-01
8.5201939335e-01
8.4558014306e-01
8.3829173236e-01
8.3010369001e-01
8.2219239627e-01
8.1351932161e-01
8.0404555127e-01
7.9373127490e-01
7.8354294671e-01
7.7258957983e-01
7.6084150116e-01
7.4827037643e-01
7.3510860749e-01
7.2110660498e-01
7.0624562711e-01
6.9051135166e-01
6.7414692533e-01
6.5692379835e-01
6.3884705185e-01
6.1993026654e-01
6.0277508598e-01
5.8502121789e-01
5.6669753016e-01
5.4784014862e-01
5.3052699821e-01
5.1285727449e-01
4.9487293312e-01
4.7662095977e-01
4.5849905846e-01
4.4022257864e-01
4.2184846739e-01
4.0343680980e-01
3.8342613896e-01
3.6352797975e-01
3.4382582851e-01
3.2440238666e-01
3.0752776933e-01
2.9098684722e-01
2.7482925585e-01
2.5910061556e-01
2.4248289761e-01
2.2647024736e-01
2.1110090232e-01
1.9640497638e-01
1.8055509693e-01
1.6562186578e-01
1.5161242370e-01
1.3852252900e-01
1.2686188739e-01
1.1600766835e-01
1.0593416813e-01
9.6610977877e-02
8.7524905065e-02
7.9197433983e-02
7.1583381722e-02
6.4636682909e-02
5.6979795832e-02
5.0169704423e-02
4.4126872892e-02
3.8775865130e-02
3.2814132782e-02
2.7737848685e-02
2.3425011956e-02
1.9767641322e-02
1.6346204881e-02
1.3509514141e-02
1.1161150242e-02
9.2196656871e-03
7.4836990412e-03
6.0779788342e-03
4.9417656040e-03
4.0255232062e-03
3.1745128152e-03
2.5211527681e-03
2.0250461846e-03
1.6554283659e-03
1.3894232331e-03
1.2104722944e-03
1.1073794001e-03
1.0737067837e-03
