2.6864657459e-01
2.6872229597e-01
2.6894950279e-01
2.6932832313e-01
2.6985897056e-01
2.7025558185e-01
2.7070841334e-01
2.7121755924e-01
2.7178312547e-01
2.7220436497e-01
2.7265232241e-01
2.7312704174e-01
2.7362856958e-01
2.7401682274e-01
2.7441979168e-01
2.7483749803e-01
2.7526996424e-01
2.7562237312e-01
2.7598403594e-01
2.7635496481e-01
2.7673517217e-01
2.7706129173e-01
2.7739395756e-01
2.7773317748e-01
2.7807895937e-01
2.7841370250e-01
2.7875438773e-01
2.7910102194e-01
2.7945361191e-01
2.7974971628e-01
2.8004990219e-01
2.8035417286e-01
2.8066253097e-01
2.8090913903e-01
2.8115830225e-01
2.8141002064e-01
2.8166429348e-01
2.8188024046e-01
2.8209799346e-01
2.8231755002e-01
2.8253890671e-01
2.8275835521e-01
2.8297953448e-01
2.8320243697e-01
2.8342705300e-01
2.8364393834e-01
2.8386237348e-01
2.8408234216e-01
2.8430382469e-01
2.8450970231e-01
2.8471682900e-01
2.8492517896e-01
2.8513472234e-01
2.8533713761e-01
2.8554058832e-01
2.8574503555e-01
2.8595043586e-01
2.8616579998e-01
2.8638208971e-01
2.8659923904e-01
2.8681717636e-01
2.8703016208e-01
2.8724374650e-01
2.8745784939e-01
2.8767238659e-01
2.8791938339e-01
2.8816670003e-01
2.8841419451e-01
2.8866172178e-01
2.8899301546e-01
2.8932374892e-01
2.8965356892e-01
2.8998212774e-01
2.9026436060e-01
2.9054519124e-01
2.9082441681e-01
2.9110184306e-01
2.9141068613e-01
2.9171678593e-01
2.9201991199e-01
2.9231984997e-01
2.9268811576e-01
2.9305079820e-01
2.9340758648e-01
2.9375820452e-01
2.9418982577e-01
2.9461089899e-01
2.9502107646e-01
2.9542007175e-01
2.9586260806e-01
2.9628993038e-01
2.9670183641e-01
2.9709818328e-01
2.9748793200e-01
2.9786120576e-01
2.9821798831e-01
2.9855829508e-01
2.9892131413e-01
2.9926364765e-01
2.9958541419e-01
2.9988675500e-01
3.0018902407e-01
3.0046794630e-01
3.0072376348e-01
3.0095673705e-01
3.0116265825e-01
3.0134730614e-01
3.0151098982e-01
3.0165404809e-01
3.0176433884e-01
3.0185887644e-01
3.0193798674e-01
3.0200203453e-01
3.0204462449e-01
3.0207707646e-01
3.0209969607e-01
3.0211282341e-01
3.0211672734e-01
3.0211517006e-01
3.0210837305e-01
3.0209657662e-01
3.0208178537e-01
3.0206331013e-01
3.0204137392e-01
3.0201621461e-01
3.0198752221e-01
3.0195602906e-01
3.0192203448e-01
3.0188585279e-01
3.0185312339e-01
3.0181922802e-01
3.0178439095e-01
3.0174884120e-01
3.0171431617e-01
3.0167955651e-01
3.0164476882e-01
3.0161015845e-01
3.0157931374e-01
3.0154892236e-01
3.0151912562e-01
3.0149006022e-01
3.0146060041e-01
3.0143222598e-01
3.0140507139e-01
3.0137926218e-01
3.0135479067e-01
3.0133190419e-01
3.0131070068e-01
3.0129126798e-01
3.0126833411e-01
3.0124881412e-01
3.0123283514e-01
3.0122049726e-01
3.0121299936e-01
3.0120815759e-01
3.0120599182e-01
3.0120651082e-01
3.0120978488e-01
3.0121581366e-01
3.0122457151e-01
3.0123602042e-01
3.0124786460e-01
3.0126158749e-01
3.0127714219e-01
3.0129447388e-01
3.0131509971e-01
3.0133763129e-01
3.0136196634e-01
3.0138799061e-01
3.0141326472e-01
3.0143975028e-01
3.0146733303e-01
3.0149589122e-01
3.0153151523e-01
3.0156813604e-01
3.0160550362e-01
3.0164335911e-01
3.0168364422e-01
3.0172385907e-01
3.0176368292e-01
3.0180279610e-01
3.0184082487e-01
3.0187752200e-01
3.0191258771e-01
3.0194573219e-01
3.0197886175e-01
3.0200912674e-01
3.0203621560e-01
3.0205983454e-01
3.0208359977e-01
3.0210129704e-01
3.0211249716e-01
3.0211680803e-01
3.0211182484e-01
3.0209456934e-01
3.0206446564e-01
3.0202100500e-01
3.0195522919e-01
3.0187124107e-01
3.0176853925e-01
3.0164668150e-01
3.0149644690e-01
3.0132390891e-01
3.0112869149e-01
3.0091045236e-01
3.0068985034e-01
3.0044940523e-01
3.0018890756e-01
2.9990816258e-01
2.9963918848e-01
2.9935368691e-01
2.9905155151e-01
2.9873269003e-01
2.9841130412e-01
2.9807443375e-01
2.9772205052e-01
2.9735415102e-01
2.9700088129e-01
2.9663446612e-01
2.9625498442e-01
2.9586255154e-01
2.9550608261e-01
2.9513981500e-01
2.9476392202e-01
2.9437861519e-01
2.9407306404e-01
2.9376212665e-01
2.9344596050e-01
2.9312474324e-01
2.9284065223e-01
2.9255301704e-01
2.9226199761e-01
2.9196776811e-01
2.9169781931e-01
2.9142552848e-01
2.9115105792e-01
2.9087457991e-01
2.9058299190e-01
2.9028962102e-01
2.8999469787e-01
2.8969846240e-01
2.8944756446e-01
2.8919606077e-01
2.8894410635e-01
2.8869185763e-01
2.8847360403e-01
2.8825534863e-01
2.8803719134e-01
2.8781923052e-01
2.8760070408e-01
2.8738256714e-01
2.8716491080e-01
2.8694782228e-01
2.8673699228e-01
2.8652685187e-01
2.8631746871e-01
2.8610890563e-01
2.8589354752e-01
2.8567919267e-01
2.8546589440e-01
2.8525370053e-01
2.8502361373e-01
2.8479493881e-01
2.8456771738e-01
2.8434198500e-01
2.8411488472e-01
2.8388936919e-01
2.8366546017e-01
2.8344317551e-01
2.8321037806e-01
2.8297941934e-01
2.8275031012e-01
2.8252305881e-01
2.8220076233e-01
2.8188230470e-01
2.8156769436e-01
2.8125693611e-01
2.8084077055e-01
2.8043172412e-01
2.8002979324e-01
2.7963497187e-01
2.7926071365e-01
2.7889306114e-01
2.7853200652e-01
2.7817754178e-01
2.7774288626e-01
2.7731853893e-01
2.7690448425e-01
2.7650070698e-01
2.7593564157e-01
2.7539194019e-01
2.7486956079e-01
2.7436846293e-01
2.7351798895e-01
2.7273646750e-01
2.7202370156e-01
2.7137951145e-01
2.7012999876e-01
2.6925995503e-01
2.6876815797e-01
2.6865391672e-01
2.6876912056e-01
2.6902417259e-01
2.6941920552e-01
2.6995442489e-01
2.7035478229e-01
2.7080871048e-01
2.7131629943e-01
2.7187764969e-01
2.7229765647e-01
2.7274350299e-01
2.7321523156e-01
2.7371288694e-01
2.7409933983e-01
2.7450014301e-01
2.7491531747e-01
2.7534488495e-01
2.7569587509e-01
2.7605594683e-01
2.7642511202e-01
2.7680338279e-01
2.7712820240e-01
2.7745946419e-01
2.7779717580e-01
2.7814134496e-01
2.7849402581e-01
2.7885325498e-01
2.7921904043e-01
2.7959138991e-01
2.7988597386e-01
2.8018454815e-01
2.8048711567e-01
2.8079367877e-01
2.8103557072e-01
2.8127989479e-01
2.8152665069e-01
2.8177583736e-01
2.8199103272e-01
2.8220800512e-01
2.8242675169e-01
2.8264726851e-01
2.8288284346e-01
2.8312039172e-01
2.8335990258e-01
2.8360136222e-01
2.8381688154e-01
2.8403390158e-01
2.8425240408e-01
2.8447236710e-01
2.8467033483e-01
2.8486942840e-01
2.8506962253e-01
2.8527088835e-01
2.8548356928e-01
2.8569735494e-01
2.8591219679e-01
2.8612804073e-01
2.8633677017e-01
2.8654631481e-01
2.8675661123e-01
2.8696759130e-01
2.8719001279e-01
2.8741301965e-01
2.8763651757e-01
2.8786040809e-01
2.8811025672e-01
2.8836032029e-01
2.8861044975e-01
2.8886049379e-01
2.8915145519e-01
2.8944185273e-01
2.8973144774e-01
2.9002000561e-01
2.9030531809e-01
2.9058916499e-01
2.9087133766e-01
2.9115163654e-01
2.9146242731e-01
2.9177039172e-01
2.9207529677e-01
2.9237692607e-01
2.9276821595e-01
2.9315308701e-01
2.9353117412e-01
2.9390215606e-01
2.9434549130e-01
2.9477736388e-01
2.9519741435e-01
2.9560535054e-01
2.9603088668e-01
2.9644187773e-01
2.9683815811e-01
2.9721961268e-01
2.9760827036e-01
2.9798009521e-01
2.9833508165e-01
2.9867325513e-01
2.9903861680e-01
2.9938226910e-01
2.9970434882e-01
3.0000501623e-01
3.0029106879e-01
3.0055504235e-01
3.0079716668e-01
3.0101768934e-01
3.0126134013e-01
3.0147279762e-01
3.0165267878e-01
3.0180168107e-01
3.0189282513e-01
3.0196774672e-01
3.0202686481e-01
3.0207065374e-01
3.0209297772e-01
3.0210786612e-01
3.0211556534e-01
3.0211634605e-01
3.0211175831e-01
3.0210254192e-01
3.0208891438e-01
3.0207110999e-01
3.0205105586e-01
3.0202783239e-01
3.0200166879e-01
3.0197280791e-01
3.0193922732e-01
3.0190318232e-01
3.0186501943e-01
3.0182509959e-01
3.0179130358e-01
3.0175678785e-01
3.0172176693e-01
3.0168645742e-01
3.0165486830e-01
3.0162337639e-01
3.0159213408e-01
3.0156129128e-01
3.0152755971e-01
3.0149470300e-01
3.0146290916e-01
3.0143235654e-01
3.0140648196e-01
3.0138181981e-01
3.0135847080e-01
3.0133652766e-01
3.0131301955e-01
3.0129162098e-01
3.0127243487e-01
3.0125555018e-01
3.0124082591e-01
3.0122862238e-01
3.0121899246e-01
3.0121197672e-01
3.0120757301e-01
3.0120588514e-01
3.0120692005e-01
3.0121067349e-01
3.0121691036e-01
3.0122567485e-01
3.0123693160e-01
3.0125063400e-01
3.0126473686e-01
3.0128065701e-01
3.0129833809e-01
3.0131771546e-01
3.0134111447e-01
3.0136639935e-01
3.0139344416e-01
3.0142210976e-01
3.0144926775e-01
3.0147750341e-01
3.0150668852e-01
3.0153668790e-01
3.0157050001e-01
3.0160493184e-01
3.0163978093e-01
3.0167484017e-01
3.0172816200e-01
3.0178073566e-01
3.0183181886e-01
3.0188068429e-01
3.0191641399e-01
3.0195009483e-01
3.0198142922e-01
3.0201013316e-01
3.0203929420e-01
3.0206431375e-01
3.0208484134e-01
3.0210055135e-01
3.0211356466e-01
3.0211663529e-01
3.0210916492e-01
3.0209062026e-01
3.0204510236e-01
3.0197577708e-01
3.0188167648e-01
3.0176197277e-01
3.0163683486e-01
3.0149148179e-01
3.0132554612e-01
3.0113869534e-01
3.0092969242e-01
3.0069900601e-01
3.0044637333e-01
3.0017155042e-01
2.9991412372e-01
2.9963957879e-01
2.9934778934e-01
2.9903864222e-01
2.9873608446e-01
2.9841842424e-01
2.9808561375e-01
2.9773762497e-01
2.9735792401e-01
2.9696168563e-01
2.9654897942e-01
2.9611992459e-01
2.9574662689e-01
2.9536203815e-01
2.9496634283e-01
2.9455977170e-01
2.9425280480e-01
2.9394019752e-01
2.9362210324e-01
2.9329869595e-01
2.9301788849e-01
2.9273347031e-01
2.9244559108e-01
2.9215441421e-01
2.9188598150e-01
2.9161509601e-01
2.9134191337e-01
2.9106659929e-01
2.9076988644e-01
2.9047116259e-01
2.9017066711e-01
2.8986865026e-01
2.8962057966e-01
2.8937181090e-01
2.8912249324e-01
2.8887277790e-01
2.8864521256e-01
2.8841755893e-01
2.8818993136e-01
2.8796244278e-01
2.8775055449e-01
2.8753897120e-01
2.8732777792e-01
2.8711705659e-01
2.8689067139e-01
2.8666501771e-01
2.8644018264e-01
2.8621624715e-01
2.8601287938e-01
2.8581037372e-01
2.8560877753e-01
2.8540813371e-01
2.8518539300e-01
2.8496393387e-01
2.8474379784e-01
2.8452502084e-01
2.8428069432e-01
2.8403816148e-01
2.8379745271e-01
2.8355859282e-01
2.8332939117e-01
2.8310195154e-01
2.8287628548e-01
2.8265240206e-01
2.8237929587e-01
2.8210891052e-01
2.8184125280e-01
2.8157632722e-01
2.8122534677e-01
2.8087928746e-01
2.8053814949e-01
2.8020193106e-01
2.7983572627e-01
2.7947553239e-01
2.7912134329e-01
2.7877315236e-01
2.7836947632e-01
2.7797415271e-01
2.7758717004e-01
2.7720851692e-01
2.7670818975e-01
2.7622314018e-01
2.7575334153e-01
2.7529876788e-01
2.7459927635e-01
2.7393903318e-01
2.7331794401e-01
2.7273592008e-01
2.7177578620e-01
2.7094456467e-01
2.7024186121e-01
2.6966734250e-01
2.6922059746e-01
2.6890164524e-01
2.6871033446e-01
2.6864657428e-01
