2.8783629831e-01
2.8783681887e-01
2.8783838054e-01
2.8784098332e-01
2.8784462719e-01
2.8784921114e-01
2.8785479606e-01
2.8786138192e-01
2.8786896869e-01
2.8787857741e-01
2.8788942293e-01
2.8790150513e-01
2.8791482388e-01
2.8792673285e-01
2.8793948189e-01
2.8795307083e-01
2.8796749950e-01
2.8798145550e-01
2.8799611596e-01
2.8801148065e-01
2.8802754929e-01
2.8804169391e-01
2.8805634198e-01
2.8807149324e-01
2.8808714741e-01
2.8810163805e-01
2.8811653396e-01
2.8813183483e-01
2.8814754031e-01
2.8816254396e-01
2.8817789849e-01
2.8819360350e-01
2.8820965857e-01
2.8822531074e-01
2.8824128100e-01
2.8825756886e-01
2.8827417377e-01
2.8829076764e-01
2.8830766530e-01
2.8832486607e-01
2.8834236919e-01
2.8836076314e-01
2.8837947776e-01
2.8839851195e-01
2.8841786454e-01
2.8844027529e-01
2.8846309471e-01
2.8848632050e-01
2.8850995016e-01
2.8853012792e-01
2.8855058744e-01
2.8857132680e-01
2.8859234395e-01
2.8861224585e-01
2.8863238673e-01
2.8865276451e-01
2.8867337698e-01
2.8869466155e-01
2.8871618562e-01
2.8873794632e-01
2.8875994064e-01
2.8878013930e-01
2.8880052590e-01
2.8882109777e-01
2.8884185210e-01
2.8886254809e-01
2.8888341654e-01
2.8890445434e-01
2.8892565821e-01
2.8894854790e-01
2.8897161979e-01
2.8899486931e-01
2.8901829170e-01
2.8904593390e-01
2.8907379808e-01
2.8910187561e-01
2.8913015747e-01
2.8915399937e-01
2.8917797240e-01
2.8920207072e-01
2.8922628830e-01
2.8924989230e-01
2.8927359695e-01
2.8929739635e-01
2.8932128444e-01
2.8934580132e-01
2.8937039780e-01
2.8939506702e-01
2.8941980202e-01
2.8944677896e-01
2.8947381613e-01
2.8950090414e-01
2.8952803350e-01
2.8955731897e-01
2.8958662915e-01
2.8961595177e-01
2.8964527443e-01
2.8967487085e-01
2.8970444171e-01
2.8973397408e-01
2.8976345499e-01
2.8979630847e-01
2.8982906346e-01
2.8986170191e-01
2.8989420584e-01
2.8992933688e-01
2.8996426531e-01
2.8999896856e-01
2.9003342426e-01
2.9006497337e-01
2.9009627582e-01
2.9012731469e-01
2.9015807329e-01
2.9018850758e-01
2.9021862962e-01
2.9024842357e-01
2.9027787390e-01
2.9030787380e-01
2.9033747556e-01
2.9036666318e-01
2.9039542102e-01
2.9042538018e-01
2.9045482292e-01
2.9048373210e-01
2.9051209103e-01
2.9054150467e-01
2.9057026451e-01
2.9059835256e-01
2.9062575148e-01
2.9065450363e-01
2.9068241490e-01
2.9070946595e-01
2.9073563825e-01
2.9076408780e-01
2.9079137224e-01
2.9081746867e-01
2.9084235547e-01
2.9086818478e-01
2.9089251556e-01
2.9091532456e-01
2.9093659025e-01
2.9095925849e-01
2.9097980325e-01
2.9099819940e-01
2.9101442470e-01
2.9103154203e-01
2.9104524202e-01
2.9105549973e-01
2.9106229663e-01
2.9106550158e-01
2.9106569566e-01
2.9106287855e-01
2.9105705464e-01
2.9104968971e-01
2.9104013767e-01
2.9102840950e-01
2.9101451877e-01
2.9100042850e-01
2.9098466869e-01
2.9096725393e-01
2.9094820052e-01
2.9092924298e-01
2.9090892949e-01
2.9088727662e-01
2.9086430222e-01
2.9084252485e-01
2.9081970872e-01
2.9079586956e-01
2.9077102402e-01
2.9074728055e-01
2.9072271368e-01
2.9069733847e-01
2.9067117062e-01
2.9064558055e-01
2.9061930397e-01
2.9059235610e-01
2.9056475272e-01
2.9053824535e-01
2.9051118819e-01
2.9048359569e-01
2.9045548274e-01
2.9042811382e-01
2.9040029637e-01
2.9037204456e-01
2.9034337291e-01
2.9031483722e-01
2.9028592580e-01
2.9025665336e-01
2.9022703492e-01
2.9019623625e-01
2.9016510497e-01
2.9013365839e-01
2.9010191409e-01
2.9006758943e-01
2.9003296582e-01
2.8999806595e-01
2.8996291276e-01
2.8993231375e-01
2.8990155772e-01
2.8987065999e-01
2.8983963595e-01
2.8981071196e-01
2.8978170477e-01
2.8975262686e-01
2.8972349076e-01
2.8969336710e-01
2.8966320849e-01
2.8963302860e-01
2.8960284109e-01
2.8957636626e-01
2.8954990509e-01
2.8952346659e-01
2.8949705971e-01
2.8947234945e-01
2.8944768195e-01
2.8942306433e-01
2.8939850361e-01
2.8937434236e-01
2.8935024976e-01
2.8932623227e-01
2.8930229622e-01
2.8927723591e-01
2.8925227949e-01
2.8922743386e-01
2.8920270578e-01
2.8917403152e-01
2.8914553614e-01
2.8911722943e-01
2.8908912087e-01
2.8906574663e-01
2.8904252284e-01
2.8901945450e-01
2.8899654639e-01
2.8897487573e-01
2.8895335857e-01
2.8893199864e-01
2.8891079950e-01
2.8888932679e-01
2.8886802873e-01
2.8884690868e-01
2.8882596983e-01
2.8880352410e-01
2.8878129769e-01
2.8875929409e-01
2.8873751659e-01
2.8871579511e-01
2.8869430956e-01
2.8867306278e-01
2.8865205743e-01
2.8862971136e-01
2.8860765105e-01
2.8858587924e-01
2.8856439843e-01
2.8853987431e-01
2.8851574746e-01
2.8849202099e-01
2.8846869770e-01
2.8844892284e-01
2.8842945086e-01
2.8841028314e-01
2.8839142097e-01
2.8837302402e-01
2.8835492957e-01
2.8833713859e-01
2.8831965196e-01
2.8830192238e-01
2.8828451873e-01
2.8826744177e-01
2.8825069216e-01
2.8823322267e-01
2.8821612549e-01
2.8819940122e-01
2.8818305041e-01
2.8816542801e-01
2.8814826226e-01
2.8813155368e-01
2.8811530273e-01
2.8809668079e-01
2.8807869968e-01
2.8806135992e-01
2.8804466195e-01
2.8802694575e-01
2.8801001519e-01
2.8799387063e-01
2.8797851240e-01
2.8795844840e-01
2.8793990833e-01
2.8792289264e-01
2.8790740170e-01
2.8789591514e-01
2.8788543969e-01
2.8787597542e-01
2.8786752242e-01
2.8785979671e-01
2.8785316716e-01
2.8784763378e-01
2.8784319663e-01
2.8783959833e-01
2.8783731181e-01
2.8783633706e-01
2.8783667410e-01
2.8783807147e-01
2.8784050155e-01
2.8784396434e-01
2.8784845981e-01
2.8785405925e-01
2.8786071581e-01
2.8786842945e-01
2.8787720013e-01
2.8788751304e-01
2.8789898395e-01
2.8791161276e-01
2.8792539930e-01
2.8793780875e-01
2.8795102651e-01
2.8796505241e-01
2.8797988626e-01
2.8799398042e-01
2.8800873347e-01
2.8802414516e-01
2.8804021521e-01
2.8805449336e-01
2.8806925340e-01
2.8808449507e-01
2.8810021804e-01
2.8811486695e-01
2.8812990975e-01
2.8814534612e-01
2.8816117569e-01
2.8817633005e-01
2.8819182736e-01
2.8820766720e-01
2.8822384913e-01
2.8823968887e-01
2.8825584228e-01
2.8827230883e-01
2.8828908791e-01
2.8830601171e-01
2.8832324070e-01
2.8834077413e-01
2.8835861119e-01
2.8837771221e-01
2.8839714746e-01
2.8841691567e-01
2.8843701549e-01
2.8845900527e-01
2.8848137500e-01
2.8850412244e-01
2.8852724516e-01
2.8854729140e-01
2.8856760772e-01
2.8858819218e-01
2.8860904271e-01
2.8862895845e-01
2.8864910709e-01
2.8866948649e-01
2.8869009438e-01
2.8871099002e-01
2.8873211048e-01
2.8875345300e-01
2.8877501469e-01
2.8879513055e-01
2.8881542835e-01
2.8883590541e-01
2.8885655890e-01
2.8887744722e-01
2.8889850692e-01
2.8891973473e-01
2.8894112726e-01
2.8896463663e-01
2.8898833281e-01
2.8901221076e-01
2.8903626529e-01
2.8906239183e-01
2.8908871023e-01
2.8911521313e-01
2.8914189287e-01
2.8916573406e-01
2.8918970283e-01
2.8921379330e-01
2.8923799941e-01
2.8926169329e-01
2.8928548521e-01
2.8930936918e-01
2.8933333904e-01
2.8935808583e-01
2.8938290998e-01
2.8940780443e-01
2.8943276198e-01
2.8946034053e-01
2.8948797698e-01
2.8951566128e-01
2.8954338325e-01
2.8957239981e-01
2.8960143441e-01
2.8963047508e-01
2.8965950976e-01
2.8968936069e-01
2.8971917916e-01
2.8974895186e-01
2.8977866546e-01
2.8981232870e-01
2.8984587896e-01
2.8987929678e-01
2.8991256277e-01
2.8994675240e-01
2.8998073830e-01
2.9001449956e-01
2.9004801551e-01
2.9007938960e-01
2.9011051023e-01
2.9014136072e-01
2.9017192460e-01
2.9020229414e-01
2.9023234258e-01
2.9026205410e-01
2.9029141318e-01
2.9032139288e-01
2.9035096281e-01
2.9038010688e-01
2.9040880939e-01
2.9043882011e-01
2.9046829659e-01
2.9049722141e-01
2.9052557766e-01
2.9055489981e-01
2.9058355034e-01
2.9061151116e-01
2.9063876485e-01
2.9066746143e-01
2.9069528858e-01
2.9072222667e-01
2.9074825695e-01
2.9077693894e-01
2.9080438043e-01
2.9083055730e-01
2.9085544682e-01
2.9088091057e-01
2.9090481600e-01
2.9092713971e-01
2.9094786008e-01
2.9097004988e-01
2.9098998722e-01
2.9100764655e-01
2.9102300547e-01
2.9103902576e-01
2.9105134597e-01
2.9105994201e-01
2.9106479717e-01
2.9106596888e-01
2.9106426101e-01
2.9105967610e-01
2.9105222097e-01
2.9104357226e-01
2.9103283998e-01
2.9102003597e-01
2.9100517443e-01
2.9099018925e-01
2.9097359239e-01
2.9095539888e-01
2.9093562534e-01
2.9091618938e-01
2.9089546431e-01
2.9087346645e-01
2.9085021330e-01
2.9082811107e-01
2.9080501151e-01
2.9078093020e-01
2.9075588356e-01
2.9073185961e-01
2.9070703807e-01
2.9068143395e-01
2.9065506289e-01
2.9062940443e-01
2.9060308757e-01
2.9057612721e-01
2.9054853884e-01
2.9052193145e-01
2.9049479248e-01
2.9046713626e-01
2.9043897753e-01
2.9041146153e-01
2.9038350943e-01
2.9035513543e-01
2.9032635405e-01
2.9029759488e-01
2.9026846882e-01
2.9023899075e-01
2.9020917588e-01
2.9017777979e-01
2.9014605295e-01
2.9011401355e-01
2.9008168004e-01
2.9004837096e-01
2.9001479492e-01
2.8998097247e-01
2.8994692440e-01
2.8991666612e-01
2.8988626272e-01
2.8985572890e-01
2.8982507949e-01
2.8979618137e-01
2.8976720667e-01
2.8973816780e-01
2.8970907718e-01
2.8967944709e-01
2.8964978934e-01
2.8962011689e-01
2.8959044269e-01
2.8956421355e-01
2.8953800190e-01
2.8951181648e-01
2.8948566595e-01
2.8946106724e-01
2.8943651420e-01
2.8941201384e-01
2.8938757307e-01
2.8936339762e-01
2.8933929403e-01
2.8931526873e-01
2.8929132805e-01
2.8926598585e-01
2.8924075349e-01
2.8921563807e-01
2.8919064653e-01
2.8916327175e-01
2.8913606422e-01
2.8910903242e-01
2.8908218457e-01
2.8905907403e-01
2.8903611253e-01
2.8901330487e-01
2.8899065569e-01
2.8896907032e-01
2.8894763885e-01
2.8892636493e-01
2.8890525207e-01
2.8888379755e-01
2.8886251901e-01
2.8884141977e-01
2.8882050299e-01
2.8879840077e-01
2.8877651299e-01
2.8875484295e-01
2.8873339379e-01
2.8871154627e-01
2.8868993901e-01
2.8866857488e-01
2.8864745656e-01
2.8862495257e-01
2.8860274057e-01
2.8858082331e-01
2.8855920336e-01
2.8853562353e-01
2.8851241379e-01
2.8848957689e-01
2.8846711531e-01
2.8844742809e-01
2.8842804190e-01
2.8840895810e-01
2.8839017794e-01
2.8837182233e-01
2.8835376859e-01
2.8833601768e-01
2.8831857046e-01
2.8830087411e-01
2.8828350324e-01
2.8826645858e-01
2.8824974081e-01
2.8823232166e-01
2.8821527355e-01
2.8819859707e-01
2.8818229276e-01
2.8816471358e-01
2.8814758982e-01
2.8813092199e-01
2.8811471055e-01
2.8809540041e-01
2.8807678178e-01
2.8805885524e-01
2.8804162129e-01
2.8802371941e-01
2.8800663259e-01
2.8799036122e-01
2.8797490562e-01
2.8795685847e-01
2.8794006872e-01
2.8792453671e-01
2.8791026272e-01
2.8789859096e-01
2.8788792064e-01
2.8787825184e-01
2.8786958465e-01
2.8786178332e-01
2.8785502208e-01
2.8784930098e-01
2.8784462004e-01
2.8784097929e-01
2.8783837875e-01
2.8783681842e-01
2.8783629831e-01
