2.3145015667e-10
1.0750881032e-10
5.6907703375e-10
1.8194052036e-09
1.4359238562e-08
4.0201705818e-08
1.0854045462e-07
2.9209853883e-07
8.1309283921e-07
1.5564318603e-06
2.9647535293e-06
5.6468791527e-06
1.0793231591e-05
1.7115619881e-05
2.7117783049e-05
4.2964476871e-05
6.8115305462e-05
9.6796061485e-05
1.3752140755e-04
1.9537695115e-04
2.7761173805e-04
3.6594896454e-04
4.8234849811e-04
6.3574287316e-04
8.3791203370e-04
1.0545194554e-03
1.3269985676e-03
1.6697399169e-03
2.1008197831e-03
2.5651331505e-03
3.1316383279e-03
3.8226699804e-03
4.6653574748e-03
5.6273892313e-03
6.7860999036e-03
8.1810019107e-03
9.8592107148e-03
1.1691793980e-02
1.3859130629e-02
1.6420059928e-02
1.9442798417e-02
2.2389957643e-02
2.5769351866e-02
2.9639679509e-02
3.4066060680e-02
3.7999552227e-02
4.2362299664e-02
4.7195049140e-02
5.2540916108e-02
5.7821367438e-02
6.3587093637e-02
6.9873078855e-02
7.6714796816e-02
8.4329556145e-02
9.2601188282e-02
1.0156581478e-01
1.1125731225e-01
1.2120646633e-01
1.3186786449e-01
1.4325995332e-01
1.5539572688e-01
1.6747000399e-01
1.8020516927e-01
1.9359462960e-01
2.0762510076e-01
2.2098722636e-01
2.3484680203e-01
2.4917805529e-01
2.6395034615e-01
2.8196086459e-01
3.0047368223e-01
3.1941550469e-01
3.3870729680e-01
3.5574789188e-01
3.7293440550e-01
3.9020953280e-01
4.0751625704e-01
4.2531564951e-01
4.4303005333e-01
4.6060316081e-01
4.7798203385e-01
4.9707517482e-01
5.1580386768e-01
5.3411315601e-01
5.5195514227e-01
5.7285082402e-01
5.9294496657e-01
6.1219272864e-01
6.3056217213e-01
6.4723478346e-01
6.6308247393e-01
6.7810409232e-01
6.9230501042e-01
7.0619958543e-01
7.1923800328e-01
7.3144214681e-01
7.4283738202e-01
7.5448530147e-01
7.6522633291e-01
7.7510252967e-01
7.8415703940e-01
7.9399006546e-01
8.0277948363e-01
8.1059848528e-01
8.1751805531e-01
8.2505257571e-01
8.3139903422e-01
8.3667711796e-01
8.4099742134e-01
8.4523845812e-01
8.4829915220e-01
8.5034202758e-01
8.5151000730e-01
8.5192192313e-01
8.5176325581e-01
8.5111347855e-01
8.5004210053e-01
8.4852042312e-01
8.4665828042e-01
8.4450926055e-01
8.4211959157e-01
8.3920015796e-01
8.3607561788e-01
8.3278665165e-01
8.2936760407e-01
8.2526023369e-01
8.2105358470e-01
8.1677897699e-01
8.1246207982e-01
8.0719500374e-01
8.0192655101e-01
7.9668060002e-01
7.9147594361e-01
7.8489114565e-01
7.7842217002e-01
7.7208724176e-01
7.6590034640e-01
7.5809312485e-01
7.5057462181e-01
7.4336201187e-01
7.3647143747e-01
7.2931720958e-01
7.2259153520e-01
7.1631970639e-01
7.1052937553e-01
7.0512295450e-01
7.0028817978e-01
6.9605954045e-01
6.9247081057e-01
6.8952085657e-01
6.8728861493e-01
6.8579721444e-01
6.8506281922e-01
6.8511399920e-01
6.8600336535e-01
6.8772009992e-01
6.9024401479e-01
6.9330864729e-01
6.9702578832e-01
7.0136401412e-01
7.0629010821e-01
7.1140688872e-01
7.1698284188e-01
7.2299245141e-01
7.2941199292e-01
7.3507139548e-01
7.4098985618e-01
7.4715641004e-01
7.5356042485e-01
7.5887649775e-01
7.6433328041e-01
7.6992405800e-01
7.7564095233e-01
7.8045905665e-01
7.8535036034e-01
7.9030671225e-01
7.9531800273e-01
7.9962557907e-01
8.0395442816e-01
8.0829285495e-01
8.1262661194e-01
8.1639883277e-01
8.2014038621e-01
8.2383468650e-01
8.2746200125e-01
8.3063485254e-01
8.3371544361e-01
8.3668062316e-01
8.3950337037e-01
8.4195795742e-01
8.4423535659e-01
8.4630240840e-01
8.4812094698e-01
8.4965649395e-01
8.5084426384e-01
8.5162515138e-01
8.5193137526e-01
8.5173955637e-01
8.5104212291e-01
8.4976810957e-01
8.4783794702e-01
8.4545322873e-01
8.4238628623e-01
8.3855698537e-01
8.3387764109e-01
8.2948048495e-01
8.2443221320e-01
8.1867787525e-01
8.1215948030e-01
8.0588253120e-01
7.9895247441e-01
7.9132763589e-01
7.8296543493e-01
7.7466049057e-01
7.6567364280e-01
7.5597237983e-01
7.4552491265e-01
7.3474541619e-01
7.2322183236e-01
7.1093066156e-01
6.9785117498e-01
6.8321544129e-01
6.6767241949e-01
6.5121360731e-01
6.3383817455e-01
6.1845519415e-01
6.0243450463e-01
5.8579252089e-01
5.6855204287e-01
5.5240153622e-01
5.3580927320e-01
5.1880791306e-01
5.0143541950e-01
4.8511642306e-01
4.6855633287e-01
4.5179677098e-01
4.3488276049e-01
4.1263400204e-01
3.9031797140e-01
3.6805396276e-01
3.4596424015e-01
3.2967705207e-01
3.1360499668e-01
2.9779634258e-01
2.8229705338e-01
2.6529575574e-01
2.4879549721e-01
2.3284545959e-01
2.1748767242e-01
2.0217780815e-01
1.8757578068e-01
1.7370233211e-01
1.6056948756e-01
1.4759788091e-01
1.3544021002e-01
1.2408407911e-01
1.1351025644e-01
1.0387766053e-01
9.4945480811e-02
8.6682862248e-02
7.9056677345e-02
7.1103055780e-02
6.3877601290e-02
5.7328037198e-02
5.1402860256e-02
4.4649112398e-02
3.8736910158e-02
3.3573024232e-02
2.9071512321e-02
2.4167835343e-02
2.0070163882e-02
1.6652648901e-02
1.3806929947e-02
1.1379609998e-02
9.3741139425e-03
7.7186884107e-03
6.3532627885e-03
5.0886435875e-03
4.0745488618e-03
3.2617412563e-03
2.6105074324e-03
1.9752748535e-03
1.4944121353e-03
1.1304492104e-03
8.5498102639e-04
5.7944979922e-04
3.9278009365e-04
2.6622609914e-04
1.8037343134e-04
9.4740372155e-05
4.9928833293e-05
2.6310075224e-05
1.3798153136e-05
3.2312699551e-06
9.1380253653e-07
2.4438396977e-07
7.5920086270e-08
1.9898494124e-09
3.3289413027e-09
-1.2495357288e-10
2.0806347798e-09
5.9909067709e-10
1.5525161863e-09
5.3075109720e-09
3.3204445396e-08
8.6220824543e-08
2.1772688524e-07
5.4887720364e-07
1.4159285052e-06
2.6109000410e-06
4.7968076655e-06
8.8122960666e-06
1.6231733631e-05
2.5110629521e-05
3.8820663089e-05
6.0015333833e-05
9.2826586051e-05
1.2946260247e-04
1.8052513261e-04
2.5172128781e-04
3.5102977369e-04
4.5837734869e-04
5.9849708448e-04
7.8140831072e-04
1.0201944467e-03
1.2758288600e-03
1.5953601990e-03
1.9947226085e-03
2.4937940206e-03
3.0354450373e-03
3.6941728138e-03
4.4950660907e-03
5.4684746298e-03
6.8250633811e-03
8.5145372302e-03
1.0616775085e-02
1.3229744048e-02
1.5589110955e-02
1.8359600111e-02
2.1609179743e-02
2.5415598472e-02
2.8729082433e-02
3.2456697404e-02
3.6645253240e-02
4.1345464348e-02
4.5823611564e-02
5.0754410256e-02
5.6176203028e-02
6.2128880695e-02
6.8255919311e-02
7.4925048456e-02
8.2171354460e-02
9.0029536367e-02
9.8979016730e-02
1.0867773823e-01
1.1915942900e-01
1.3045340928e-01
1.4144570038e-01
1.5314184427e-01
1.6554899204e-01
1.7866789027e-01
1.9107534711e-01
2.0404407479e-01
2.1755879929e-01
2.3159880301e-01
2.4637149253e-01
2.6162599814e-01
2.7732376448e-01
2.9342124826e-01
3.1024381839e-01
3.2737867467e-01
3.4476730298e-01
3.6234895326e-01
3.7968447671e-01
3.9708702137e-01
4.1449884494e-01
4.3186361951e-01
4.5181392841e-01
4.7154969146e-01
4.9099768687e-01
5.1009133618e-01
5.3009092083e-01
5.4955183400e-01
5.6842025643e-01
5.8665196164e-01
6.0539368122e-01
6.2333644701e-01
6.4045864086e-01
6.5674789330e-01
6.7233882269e-01
6.8708028603e-01
7.0098160471e-01
7.1405739056e-01
7.2705526700e-01
7.3917146269e-01
7.5043635521e-01
7.6088286776e-01
7.7182654637e-01
7.8180702792e-01
7.9087802020e-01
7.9909321858e-01
8.0856656776e-01
8.1680011701e-01
8.2390160354e-01
8.2997301488e-01
8.3590523312e-01
8.4069639099e-01
8.4447632048e-01
8.4736267340e-01
8.4957297043e-01
8.5100409808e-01
8.5175757640e-01
8.5192312308e-01
8.5156076988e-01
8.5073196681e-01
8.4950342834e-01
8.4793332111e-01
8.4589388922e-01
8.4356570117e-01
8.4099730284e-01
8.3823029372e-01
8.3488820605e-01
8.3137952709e-01
8.2774143844e-01
8.2400504620e-01
8.1950518822e-01
8.1493959937e-01
8.1033684957e-01
8.0572005896e-01
8.0002823282e-01
7.9437111094e-01
7.8877036597e-01
7.8324280389e-01
7.7612784034e-01
7.6918350465e-01
7.6242705016e-01
7.5587208370e-01
7.4698773865e-01
7.3855561593e-01
7.3060392251e-01
7.2316250110e-01
7.1616048421e-01
7.0975698125e-01
7.0399342736e-01
6.9891338896e-01
6.9505636118e-01
6.9178776814e-01
6.8913423067e-01
6.8711895450e-01
6.8575859349e-01
6.8507098388e-01
6.8506290105e-01
6.8573444145e-01
6.8732390687e-01
6.8977088649e-01
6.9304610777e-01
6.9711298275e-01
7.0149328747e-01
7.0646776545e-01
7.1200224667e-01
7.1806347716e-01
7.2389204958e-01
7.3009450819e-01
7.3665191759e-01
7.4354682800e-01
7.4905167863e-01
7.5473811923e-01
7.6059870831e-01
7.6662534735e-01
7.7164874373e-01
7.7677021018e-01
7.8198260251e-01
7.8727712076e-01
7.9179683844e-01
7.9635907652e-01
8.0095385448e-01
8.0556889512e-01
8.0956786074e-01
8.1355889857e-01
8.1752773365e-01
8.2145722270e-01
8.2489032952e-01
8.2825950841e-01
8.3154478728e-01
8.3472268622e-01
8.3749860987e-01
8.4013863606e-01
8.4261473182e-01
8.4489446989e-01
8.4684859926e-01
8.4855361690e-01
8.4996686247e-01
8.5103948820e-01
8.5174544924e-01
8.5192190762e-01
8.5147929056e-01
8.5031486106e-01
8.4878837825e-01
8.4665974665e-01
8.4385454025e-01
8.4029066840e-01
8.3662921240e-01
8.3230543109e-01
8.2725620476e-01
8.2141405070e-01
8.1589666359e-01
8.0973706474e-01
8.0288993167e-01
7.9530836087e-01
7.8777431014e-01
7.7956296242e-01
7.7063765731e-01
7.6096182913e-01
7.5125522911e-01
7.4083972767e-01
7.2968845932e-01
7.1777638814e-01
7.0462759182e-01
6.9061868331e-01
6.7573268426e-01
6.5995816381e-01
6.4509989831e-01
6.2952935806e-01
6.1325412761e-01
5.9628824598e-01
5.7897256804e-01
5.6103842006e-01
5.4252110568e-01
5.2346420444e-01
5.0730852239e-01
4.9085246655e-01
4.7413426126e-01
4.5719605305e-01
4.3986691496e-01
4.2241041106e-01
4.0488076500e-01
3.8733468886e-01
3.6933974797e-01
3.5145413561e-01
3.3374269411e-01
3.1626935241e-01
3.0029138770e-01
2.8462041220e-01
2.6930094569e-01
2.5437395178e-01
2.3860418213e-01
2.2338535460e-01
2.0875221050e-01
1.9473246935e-01
1.7944994324e-01
1.6501928492e-01
1.5144906912e-01
1.3873752984e-01
1.2745854460e-01
1.1692686011e-01
1.0712105530e-01
9.8015323572e-02
8.9199885819e-02
8.1083261181e-02
7.3627039979e-02
6.6791716648e-02
5.9403616556e-02
5.2773446821e-02
4.6836351021e-02
4.1530125974e-02
3.5619186411e-02
3.0515996595e-02
2.6119288329e-02
2.2337939427e-02
1.8546997732e-02
1.5386993571e-02
1.2756800525e-02
1.0570234086e-02
8.6690305838e-03
7.1068369219e-03
5.8241392329e-03
4.7715482013e-03
3.7690782873e-03
2.9765150449e-03
2.3501329205e-03
1.8552185921e-03
1.3698008084e-03
1.0113161314e-03
7.4656318406e-04
5.5101789716e-04
3.5656366141e-04
2.3082604486e-04
1.4941955559e-04
9.6657130404e-05
4.5442659073e-05
2.1523575546e-05
1.0191495684e-05
4.7758609547e-06
8.1229630652e-07
2.2214330076e-07
4.7628831952e-08
2.6920939780e-08
4.5801399824e-09
1.2592160516e-09
2.9427714509e-10
3.0348478174e-10
