2.9427914179e-01
2.9427922686e-01
2.9427948206e-01
2.9427990736e-01
2.9428050267e-01
2.9428125154e-01
2.9428216372e-01
2.9428323905e-01
2.9428447735e-01
2.9428589091e-01
2.9428746974e-01
2.9428921359e-01
2.9429112213e-01
2.9429330895e-01
2.9429567751e-01
2.9429822734e-01
2.9430095795e-01
2.9430450787e-01
2.9430832131e-01
2.9431239711e-01
2.9431673403e-01
2.9432056192e-01
2.9432457076e-01
2.9432875966e-01
2.9433312766e-01
2.9433750701e-01
2.9434205090e-01
2.9434675831e-01
2.9435162820e-01
2.9435634182e-01
2.9436119638e-01
2.9436619088e-01
2.9437132426e-01
2.9437663380e-01
2.9438208193e-01
2.9438766745e-01
2.9439338909e-01
2.9439893260e-01
2.9440459587e-01
2.9441037770e-01
2.9441627685e-01
2.9442211582e-01
2.9442806296e-01
2.9443411702e-01
2.9444027668e-01
2.9444657415e-01
2.9445297560e-01
2.9445947958e-01
2.9446608462e-01
2.9447303240e-01
2.9448008525e-01
2.9448724138e-01
2.9449449895e-01
2.9450245625e-01
2.9451052743e-01
2.9451870996e-01
2.9452700126e-01
2.9453602192e-01
2.9454516157e-01
2.9455441677e-01
2.9456378397e-01
2.9457206921e-01
2.9458043497e-01
2.9458887875e-01
2.9459739797e-01
2.9460569196e-01
2.9461405147e-01
2.9462247408e-01
2.9463095733e-01
2.9463946244e-01
2.9464802272e-01
2.9465663567e-01
2.9466529873e-01
2.9467417642e-01
2.9468310072e-01
2.9469206884e-01
2.9470107799e-01
2.9471056601e-01
2.9472009271e-01
2.9472965477e-01
2.9473924882e-01
2.9474989940e-01
2.9476058043e-01
2.9477128728e-01
2.9478201530e-01
2.9479260371e-01
2.9480320365e-01
2.9481381063e-01
2.9482442012e-01
2.9483504027e-01
2.9484565388e-01
2.9485625643e-01
2.9486684337e-01
2.9487785751e-01
2.9488884467e-01
2.9489979976e-01
2.9491071769e-01
2.9492268210e-01
2.9493458870e-01
2.9494643084e-01
2.9495820191e-01
2.9497149758e-01
2.9498468323e-01
2.9499774941e-01
2.9501068678e-01
2.9502210028e-01
2.9503339771e-01
2.9504457274e-01
2.9505561911e-01
2.9506620869e-01
2.9507666578e-01
2.9508698493e-01
2.9509716078e-01
2.9510718900e-01
2.9511706345e-01
2.9512677905e-01
2.9513633083e-01
2.9514585302e-01
2.9515519645e-01
2.9516435625e-01
2.9517332768e-01
2.9518232860e-01
2.9519112162e-01
2.9519970200e-01
2.9520806512e-01
2.9521648541e-01
2.9522466350e-01
2.9523259476e-01
2.9524027470e-01
2.9524801692e-01
2.9525547598e-01
2.9526264736e-01
2.9526952670e-01
2.9527645338e-01
2.9528304674e-01
2.9528930239e-01
2.9529521619e-01
2.9530114503e-01
2.9530667576e-01
2.9531180426e-01
2.9531652670e-01
2.9532121175e-01
2.9532540516e-01
2.9532910325e-01
2.9533230275e-01
2.9533521738e-01
2.9533753407e-01
2.9533925043e-01
2.9534036468e-01
2.9534087125e-01
2.9534079858e-01
2.9534014675e-01
2.9533891641e-01
2.9533727986e-01
2.9533515877e-01
2.9533255492e-01
2.9532947049e-01
2.9532618547e-01
2.9532249236e-01
2.9531839381e-01
2.9531389281e-01
2.9530928572e-01
2.9530432709e-01
2.9529902013e-01
2.9529336831e-01
2.9528766828e-01
2.9528166216e-01
2.9527535353e-01
2.9526874615e-01
2.9526212513e-01
2.9525523607e-01
2.9524808280e-01
2.9524066932e-01
2.9523325406e-01
2.9522560309e-01
2.9521772047e-01
2.9520961038e-01
2.9520148677e-01
2.9519315510e-01
2.9518461963e-01
2.9517588474e-01
2.9516709363e-01
2.9515811795e-01
2.9514896223e-01
2.9513963111e-01
2.9513014430e-01
2.9512049219e-01
2.9511067968e-01
2.9510071181e-01
2.9509027526e-01
2.9507968468e-01
2.9506894591e-01
2.9505806489e-01
2.9504470009e-01
2.9503114632e-01
2.9501741473e-01
2.9500351664e-01
2.9499175846e-01
2.9497989846e-01
2.9496794359e-01
2.9495590086e-01
2.9494513623e-01
2.9493431288e-01
2.9492343584e-01
2.9491251021e-01
2.9490199737e-01
2.9489144909e-01
2.9488086991e-01
2.9487026439e-01
2.9485965823e-01
2.9484903495e-01
2.9483839909e-01
2.9482775522e-01
2.9481700543e-01
2.9480625683e-01
2.9479551412e-01
2.9478478198e-01
2.9477489821e-01
2.9476503106e-01
2.9475518416e-01
2.9474536115e-01
2.9473611214e-01
2.9472689066e-01
2.9471769969e-01
2.9470854222e-01
2.9469963967e-01
2.9469077457e-01
2.9468194964e-01
2.9467316755e-01
2.9466443635e-01
2.9465575321e-01
2.9464712075e-01
2.9463854151e-01
2.9462972792e-01
2.9462097674e-01
2.9461229072e-01
2.9460367254e-01
2.9459385206e-01
2.9458412873e-01
2.9457450643e-01
2.9456498897e-01
2.9455612114e-01
2.9454735274e-01
2.9453868679e-01
2.9453012618e-01
2.9452235212e-01
2.9451467167e-01
2.9450708696e-01
2.9449960006e-01
2.9449249019e-01
2.9448547452e-01
2.9447855476e-01
2.9447173257e-01
2.9446508233e-01
2.9445853068e-01
2.9445207912e-01
2.9444572910e-01
2.9443934063e-01
2.9443306134e-01
2.9442689265e-01
2.9442083594e-01
2.9441449975e-01
2.9440829409e-01
2.9440222046e-01
2.9439628032e-01
2.9439052101e-01
2.9438489577e-01
2.9437940588e-01
2.9437405256e-01
2.9436854291e-01
2.9436318854e-01
2.9435799072e-01
2.9435295068e-01
2.9434783616e-01
2.9434289769e-01
2.9433813648e-01
2.9433355368e-01
2.9432859580e-01
2.9432386816e-01
2.9431937215e-01
2.9431510908e-01
2.9431153158e-01
2.9430813824e-01
2.9430492981e-01
2.9430190695e-01
2.9429923769e-01
2.9429673316e-01
2.9429439380e-01
2.9429222005e-01
2.9429023709e-01
2.9428841622e-01
2.9428675773e-01
2.9428526192e-01
2.9428390683e-01
2.9428272073e-01
2.9428170384e-01
2.9428085633e-01
2.9428012896e-01
2.9427960103e-01
2.9427927265e-01
2.9427914389e-01
2.9427920379e-01
2.9427943750e-01
2.9427984500e-01
2.9428042621e-01
2.9428115771e-01
2.9428205319e-01
2.9428311250e-01
2.9428433546e-01
2.9428573335e-01
2.9428729703e-01
2.9428902620e-01
2.9429092059e-01
2.9429308616e-01
2.9429543294e-01
2.9429796046e-01
2.9430066821e-01
2.9430466946e-01
2.9430900645e-01
2.9431367752e-01
2.9431868083e-01
2.9432255026e-01
2.9432659558e-01
2.9433081590e-01
2.9433521027e-01
2.9433959157e-01
2.9434413143e-01
2.9434882884e-01
2.9435368279e-01
2.9435845362e-01
2.9436336467e-01
2.9436841492e-01
2.9437360330e-01
2.9437905695e-01
2.9438465296e-01
2.9439039004e-01
2.9439626683e-01
2.9440183697e-01
2.9440752475e-01
2.9441332897e-01
2.9441924838e-01
2.9442513640e-01
2.9443113172e-01
2.9443723307e-01
2.9444343912e-01
2.9444980783e-01
2.9445628040e-01
2.9446285535e-01
2.9446953115e-01
2.9447657128e-01
2.9448371676e-01
2.9449096574e-01
2.9449831634e-01
2.9450640940e-01
2.9451461738e-01
2.9452293763e-01
2.9453136746e-01
2.9454020721e-01
2.9454915832e-01
2.9455821756e-01
2.9456738164e-01
2.9457564866e-01
2.9458399413e-01
2.9459241554e-01
2.9460091038e-01
2.9460921535e-01
2.9461758457e-01
2.9462601560e-01
2.9463450601e-01
2.9464304001e-01
2.9465162821e-01
2.9466026808e-01
2.9466895705e-01
2.9467788381e-01
2.9468685633e-01
2.9469587178e-01
2.9470492731e-01
2.9471451254e-01
2.9472413571e-01
2.9473379339e-01
2.9474348214e-01
2.9475422674e-01
2.9476500036e-01
2.9477579825e-01
2.9478661564e-01
2.9479718428e-01
2.9480776245e-01
2.9481834569e-01
2.9482892953e-01
2.9483957887e-01
2.9485021969e-01
2.9486084741e-01
2.9487145747e-01
2.9488254019e-01
2.9489359334e-01
2.9490461171e-01
2.9491559013e-01
2.9492769372e-01
2.9493973505e-01
2.9495170719e-01
2.9496360330e-01
2.9497662923e-01
2.9498954534e-01
2.9500234267e-01
2.9501501241e-01
2.9502629488e-01
2.9503746078e-01
2.9504850392e-01
2.9505941822e-01
2.9506994693e-01
2.9508034157e-01
2.9509059672e-01
2.9510070709e-01
2.9511068695e-01
2.9512051107e-01
2.9513017440e-01
2.9513967201e-01
2.9514914780e-01
2.9515844251e-01
2.9516755130e-01
2.9517646945e-01
2.9518542086e-01
2.9519416166e-01
2.9520268712e-01
2.9521099263e-01
2.9521935667e-01
2.9522747529e-01
2.9523534388e-01
2.9524295796e-01
2.9525063367e-01
2.9525802236e-01
2.9526511950e-01
2.9527192077e-01
2.9527876688e-01
2.9528527486e-01
2.9529144035e-01
2.9529725923e-01
2.9530308904e-01
2.9530851433e-01
2.9531353099e-01
2.9531813524e-01
2.9532269149e-01
2.9532674696e-01
2.9533029803e-01
2.9533334152e-01
2.9533608642e-01
2.9533821776e-01
2.9533973329e-01
2.9534063142e-01
2.9534091179e-01
2.9534061077e-01
2.9533972864e-01
2.9533826629e-01
2.9533643809e-01
2.9533413467e-01
2.9533135793e-01
2.9532811015e-01
2.9532467652e-01
2.9532084185e-01
2.9531660886e-01
2.9531198059e-01
2.9530725198e-01
2.9530217712e-01
2.9529675928e-01
2.9529100194e-01
2.9528520073e-01
2.9527909778e-01
2.9527269669e-01
2.9526600125e-01
2.9525929431e-01
2.9525232300e-01
2.9524509116e-01
2.9523760282e-01
2.9523011265e-01
2.9522238991e-01
2.9521443866e-01
2.9520626311e-01
2.9519807154e-01
2.9518967459e-01
2.9518107654e-01
2.9517228179e-01
2.9516342466e-01
2.9515438524e-01
2.9514516809e-01
2.9513577786e-01
2.9512621811e-01
2.9511649487e-01
2.9510661313e-01
2.9509657797e-01
2.9508605085e-01
2.9507537120e-01
2.9506454496e-01
2.9505357815e-01
2.9503933223e-01
2.9502487881e-01
2.9501023128e-01
2.9499540326e-01
2.9498414187e-01
2.9497279221e-01
2.9496136031e-01
2.9494985226e-01
2.9493917098e-01
2.9492843495e-01
2.9491764908e-01
2.9490681830e-01
2.9489634406e-01
2.9488583718e-01
2.9487530213e-01
2.9486474339e-01
2.9485414049e-01
2.9484352286e-01
2.9483289505e-01
2.9482226160e-01
2.9481150113e-01
2.9480074425e-01
2.9478999569e-01
2.9477926013e-01
2.9476953848e-01
2.9475983485e-01
2.9475015271e-01
2.9474049551e-01
2.9473131827e-01
2.9472216975e-01
2.9471305288e-01
2.9470397057e-01
2.9469511268e-01
2.9468629341e-01
2.9467751542e-01
2.9466878136e-01
2.9466007594e-01
2.9465141988e-01
2.9464281574e-01
2.9463426610e-01
2.9462544001e-01
2.9461667831e-01
2.9460798373e-01
2.9459935901e-01
2.9458930087e-01
2.9457934746e-01
2.9456950299e-01
2.9455977156e-01
2.9455110865e-01
2.9454254353e-01
2.9453407901e-01
2.9452571784e-01
2.9451806569e-01
2.9451050665e-01
2.9450304274e-01
2.9449567597e-01
2.9448864522e-01
2.9448170887e-01
2.9447486858e-01
2.9446812598e-01
2.9446153274e-01
2.9445503879e-01
2.9444864559e-01
2.9444235458e-01
2.9443599645e-01
2.9442974920e-01
2.9442361425e-01
2.9441759298e-01
2.9441128384e-01
2.9440510768e-01
2.9439906601e-01
2.9439316029e-01
2.9438749086e-01
2.9438195534e-01
2.9437655497e-01
2.9437129092e-01
2.9436582483e-01
2.9436051663e-01
2.9435536759e-01
2.9435037893e-01
2.9434532064e-01
2.9434044127e-01
2.9433574203e-01
2.9433122406e-01
2.9432632249e-01
2.9432165678e-01
2.9431722832e-01
2.9431303839e-01
2.9430964133e-01
2.9430642073e-01
2.9430337727e-01
2.9430051155e-01
2.9429794033e-01
2.9429553233e-01
2.9429328797e-01
2.9429120766e-01
2.9428930732e-01
2.9428756894e-01
2.9428599281e-01
2.9428457920e-01
2.9428330570e-01
2.9428220155e-01
2.9428126696e-01
2.9428050207e-01
2.9427990702e-01
2.9427948191e-01
2.9427922682e-01
2.9427914179e-01
