1.5496215984e-04
1.5995004890e-04
1.7523003888e-04
2.0178521700e-04
2.4132918219e-04
2.8650455357e-04
3.4470646185e-04
4.1858170503e-04
5.1149127155e-04
6.0975276885e-04
7.2845873016e-04
8.7158342029e-04
1.0439165633e-03
1.2238201794e-03
1.4352679936e-03
1.6836870233e-03
1.9754447096e-03
2.2798578004e-03
2.6312829831e-03
3.0369039238e-03
3.5049912639e-03
3.9974921413e-03
4.5589383553e-03
5.1988608107e-03
5.9280766262e-03
6.7184227996e-03
7.6132470671e-03
8.6260897176e-03
9.7721698996e-03
1.1160373481e-02
1.2742810714e-02
1.4545751976e-02
1.6598741277e-02
1.8489319627e-02
2.0589870171e-02
2.2922418226e-02
2.5510983897e-02
2.7926192195e-02
3.0561425234e-02
3.3435005424e-02
3.6566435374e-02
3.9513376938e-02
4.2684988346e-02
4.6096228377e-02
4.9762683221e-02
5.3279211935e-02
5.7025795491e-02
6.1014757422e-02
6.5258676729e-02
6.9499736327e-02
7.3989002569e-02
7.8737284609e-02
8.3755356510e-02
8.9056142531e-02
9.4648093282e-02
1.0054137329e-01
1.0674573259e-01
1.1361718806e-01
1.2085292645e-01
1.2846190340e-01
1.3645191438e-01
1.4433343458e-01
1.5256303323e-01
1.6114352038e-01
1.7007623034e-01
1.7881959931e-01
1.8787416967e-01
1.9723689817e-01
2.0690325539e-01
2.1617165623e-01
2.2569195955e-01
2.3545687484e-01
2.4545793965e-01
2.5539928397e-01
2.6554493353e-01
2.7588407827e-01
2.8640500558e-01
2.9997363895e-01
3.1378649085e-01
3.2781462321e-01
3.4202771324e-01
3.5483293029e-01
3.6773749642e-01
3.8071839183e-01
3.9375252333e-01
4.0546546749e-01
4.1718634052e-01
4.2889905272e-01
4.4058788584e-01
4.5290019766e-01
4.6515138247e-01
4.7732479213e-01
4.8940458584e-01
5.0244517717e-01
5.1533865658e-01
5.2806820914e-01
5.4061838255e-01
5.5377089281e-01
5.6668873175e-01
5.7935836244e-01
5.9176795421e-01
6.0677118716e-01
6.2134353456e-01
6.3547251464e-01
6.4914892513e-01
6.6115359483e-01
6.7277843975e-01
6.8402252668e-01
6.9488646499e-01
7.0516852176e-01
7.1509028483e-01
7.2465579936e-01
7.3387000043e-01
7.4325981629e-01
7.5226895470e-01
7.6090573828e-01
7.6917907820e-01
7.7760399367e-01
7.8563888514e-01
7.9329592875e-01
8.0058755136e-01
8.0825952830e-01
8.1551506835e-01
8.2237137267e-01
8.2884551180e-01
8.3620509602e-01
8.4305729907e-01
8.4943072477e-01
8.5535305394e-01
8.6150468896e-01
8.6715624657e-01
8.7234212910e-01
8.7709488126e-01
8.8244484298e-01
8.8722771203e-01
8.9149398734e-01
8.9528991512e-01
8.9847284974e-01
9.0130796581e-01
9.0382433690e-01
9.0604822386e-01
9.0796672792e-01
9.0964676518e-01
9.1110593160e-01
9.1235969215e-01
9.1347137778e-01
9.1438398799e-01
9.1510853492e-01
9.1565382209e-01
9.1602989967e-01
9.1623399148e-01
9.1626866877e-01
9.1613436809e-01
9.1584791614e-01
9.1540347892e-01
9.1479600548e-01
9.1401862300e-01
9.1308002744e-01
9.1195856320e-01
9.1064222828e-01
9.0911707146e-01
9.0693889617e-01
9.0438893197e-01
9.0142821691e-01
8.9801235821e-01
8.9516427257e-01
8.9201756860e-01
8.8854793121e-01
8.8472907450e-01
8.8080069556e-01
8.7651444720e-01
8.7184355576e-01
8.6675957140e-01
8.6220452023e-01
8.5732604515e-01
8.5210526600e-01
8.4652255187e-01
8.4128073622e-01
8.3572699648e-01
8.2984655946e-01
8.2362432608e-01
8.1758692671e-01
8.1123530367e-01
8.0455723505e-01
7.9754045447e-01
7.9062148599e-01
7.8338199196e-01
7.7581200059e-01
7.6790175073e-01
7.6007466391e-01
7.5192506091e-01
7.4344554901e-01
7.3462920000e-01
7.2549177084e-01
7.1600705766e-01
7.0617012537e-01
6.9597689993e-01
6.8259989581e-01
6.6864689873e-01
6.5411747047e-01
6.3901484443e-01
6.2777552474e-01
6.1624622215e-01
6.0443247540e-01
5.9234123471e-01
5.8065114898e-01
5.6872854817e-01
5.5658318352e-01
5.4422615283e-01
5.3254979786e-01
5.2071213186e-01
5.0872534581e-01
4.9660267811e-01
4.8521239191e-01
4.7372907563e-01
4.6216573534e-01
4.5053606348e-01
4.3841992999e-01
4.2626453230e-01
4.1408712111e-01
4.0190545429e-01
3.8882981039e-01
3.7579318335e-01
3.6281872357e-01
3.4992962426e-01
3.3832970483e-01
3.2683600618e-01
3.1546515243e-01
3.0423330041e-01
2.9345153277e-01
2.8282988972e-01
2.7238139089e-01
2.6211826974e-01
2.5157586893e-01
2.4126148238e-01
2.3118594289e-01
2.2135886885e-01
2.1121625390e-01
2.0137101840e-01
1.9183000029e-01
1.8259846131e-01
1.7291774720e-01
1.6360996787e-01
1.5467595585e-01
1.4611470628e-01
1.3784716583e-01
1.2995237245e-01
1.2242450788e-01
1.1525648247e-01
1.0868674959e-01
1.0243490396e-01
9.6492127885e-02
9.0849050203e-02
8.5218718724e-02
7.9898105490e-02
7.4875085258e-02
7.0137370468e-02
6.5144156884e-02
6.0477410876e-02
5.6119919626e-02
5.2054773009e-02
4.7617233348e-02
4.3536573575e-02
3.9787695438e-02
3.6346645795e-02
3.2627226476e-02
2.9274411987e-02
2.6254852550e-02
2.3537667775e-02
2.0619154613e-02
1.8054542138e-02
1.5802800486e-02
1.3827202447e-02
1.2196046176e-02
1.0754861944e-02
9.4820782843e-03
8.3584479538e-03
7.2988313946e-03
6.3725886775e-03
5.5631750555e-03
4.8560415471e-03
4.1716459797e-03
3.5834234622e-03
3.0779772156e-03
2.6437525526e-03
2.2188169934e-03
1.8623261796e-03
1.5633448145e-03
1.3126837280e-03
1.0668731864e-03
8.6787000579e-04
7.0695660555e-04
5.7708008715e-04
4.5218342591e-04
3.5710909342e-04
2.8557909360e-04
2.3287465787e-04
1.9077722280e-04
1.6569175884e-04
1.5537162956e-04
1.5889940890e-04
1.7230169388e-04
1.9599215706e-04
2.3138603201e-04
2.8060158596e-04
3.3513412158e-04
4.0394070521e-04
4.8995175679e-04
5.9683125766e-04
7.0940074138e-04
8.4446329033e-04
1.0062930542e-03
1.2000081462e-03
1.4020096883e-03
1.6384397300e-03
1.9150751304e-03
2.2386646485e-03
2.5765634209e-03
2.9654950181e-03
3.4130864758e-03
3.9280903684e-03
4.4718902120e-03
5.0906188225e-03
5.7944599444e-03
6.5949437649e-03
7.4762832994e-03
8.4742705002e-03
9.6040070363e-03
1.0882454085e-02
1.2288004103e-02
1.3872101119e-02
1.5656600622e-02
1.7665803697e-02
1.9619556428e-02
2.1783676524e-02
2.4179478268e-02
2.6830119660e-02
2.9309493130e-02
3.2008900978e-02
3.4946102575e-02
3.8139944690e-02
4.1151606206e-02
4.4387675835e-02
4.7862654920e-02
5.1591612618e-02
5.5191303775e-02
5.9022786505e-02
6.3098159839e-02
6.7429740345e-02
7.1781017200e-02
7.6384123860e-02
8.1249737341e-02
8.6388460902e-02
9.1891026932e-02
9.7696039950e-02
1.0381376862e-01
1.1025398670e-01
1.1716954410e-01
1.2443953863e-01
1.3207189545e-01
1.4007338740e-01
1.4790785741e-01
1.5607430629e-01
1.6457476762e-01
1.7340989591e-01
1.8214507459e-01
1.9118172442e-01
2.0051641771e-01
2.1014430651e-01
2.1950474196e-01
2.2911476641e-01
2.3896666767e-01
2.4905156612e-01
2.5910536366e-01
2.6936106516e-01
2.7980739762e-01
2.9043219525e-01
3.0305901219e-01
3.1588980813e-01
3.2890137212e-01
3.4206950958e-01
3.5460441134e-01
3.6723491509e-01
3.7993942775e-01
3.9269628216e-01
4.0441126692e-01
4.1613564918e-01
4.2785329538e-01
4.3954843618e-01
4.5185431789e-01
4.6410062976e-01
4.7627070158e-01
4.8834866208e-01
5.0135625483e-01
5.1421919449e-01
5.2692072234e-01
5.3944542192e-01
5.5260088526e-01
5.6552358538e-01
5.7819988263e-01
5.9061783889e-01
6.0546742544e-01
6.1989807116e-01
6.3389744783e-01
6.4745636968e-01
6.5956093016e-01
6.7128287671e-01
6.8262104580e-01
6.9357586228e-01
7.0389791876e-01
7.1385961655e-01
7.2346487432e-01
7.3271851388e-01
7.4212721019e-01
7.5115650132e-01
7.5981455594e-01
7.6811013887e-01
7.7656582933e-01
7.8463171206e-01
7.9231984383e-01
7.9964254321e-01
8.0733738246e-01
8.1461677950e-01
8.2149775300e-01
8.2799720539e-01
8.3534335090e-01
8.4218875219e-01
8.4856127045e-01
8.5448789395e-01
8.6068630572e-01
8.6638364009e-01
8.7161415703e-01
8.7641029186e-01
8.8175497751e-01
8.8654254782e-01
8.9082184930e-01
8.9463770585e-01
8.9789323767e-01
9.0079452145e-01
9.0337125137e-01
9.0565027373e-01
9.0761589867e-01
9.0933965923e-01
9.1083954674e-01
9.1213140644e-01
9.1327770488e-01
9.1422397320e-01
9.1498153496e-01
9.1555952080e-01
9.1597030323e-01
9.1620782785e-01
9.1627509489e-01
9.1617295428e-01
9.1591668651e-01
9.1550235818e-01
9.1492523131e-01
9.1417873409e-01
9.1327417542e-01
9.1218889195e-01
9.1091125230e-01
9.0942769264e-01
9.0721356265e-01
9.0460223251e-01
9.0155051048e-01
8.9800889285e-01
8.9516095168e-01
8.9201446848e-01
8.8854513866e-01
8.8472668811e-01
8.8079470748e-01
8.7650422902e-01
8.7182840967e-01
8.6673872462e-01
8.6218618396e-01
8.5731069613e-01
8.5209342631e-01
8.4651479159e-01
8.4127134659e-01
8.3571581738e-01
8.2983342054e-01
8.2360904660e-01
8.1756930938e-01
8.1121515776e-01
8.0453436049e-01
7.9751464204e-01
7.9059234453e-01
7.8334928761e-01
7.7577549125e-01
7.6786118666e-01
7.6003352216e-01
7.5188339179e-01
7.4340340807e-01
7.3458664816e-01
7.2542272304e-01
7.1590961773e-01
7.0604236469e-01
6.9581686786e-01
6.8270283235e-01
6.6903534470e-01
6.5481393310e-01
6.4004150422e-01
6.2882349587e-01
6.1731476640e-01
6.0552073729e-01
5.9344823677e-01
5.8175383375e-01
5.6982499996e-01
5.5767143069e-01
5.4530417674e-01
5.3362530413e-01
5.2178355645e-01
5.0979108516e-01
4.9766109655e-01
4.8627916784e-01
4.7480301605e-01
4.6324558442e-01
4.5162050666e-01
4.3953536038e-01
4.2740957171e-01
4.1526022642e-01
4.0310492184e-01
3.8990761226e-01
3.7674809754e-01
3.6365015589e-01
3.5063762395e-01
3.3900097998e-01
3.2747014059e-01
3.1606188634e-01
3.0479253204e-01
2.9400908291e-01
2.8338487587e-01
2.7293294698e-01
2.6266555195e-01
2.5209337210e-01
2.4174943967e-01
2.3164470320e-01
2.2178889014e-01
2.1164693644e-01
2.0180126636e-01
1.9225876067e-01
1.8302473079e-01
1.7333558987e-01
1.6401870580e-01
1.5507499348e-01
1.4650353037e-01
1.3822083764e-01
1.3031093525e-01
1.2276807239e-01
1.1558522028e-01
1.0900294812e-01
1.0273866640e-01
9.6783600959e-02
9.1128419336e-02
8.5488752946e-02
8.0158730248e-02
7.5126275879e-02
7.0379147387e-02
6.5379011178e-02
6.0705000324e-02
5.6339983127e-02
5.2267123089e-02
4.7819738477e-02
4.3729258370e-02
3.9970656862e-02
3.6520041693e-02
3.2800502661e-02
2.9445764298e-02
2.6422824780e-02
2.3701107488e-02
2.0758439305e-02
1.8173017130e-02
1.5903388809e-02
1.3912448949e-02
1.2272284496e-02
1.0823002582e-02
9.5429478650e-03
8.4127952189e-03
7.3475847456e-03
6.4162814600e-03
5.6022972946e-03
4.8910419553e-03
4.2028426110e-03
3.6111874917e-03
3.1026514531e-03
2.6656518473e-03
2.2381502039e-03
1.8793470801e-03
1.5782916018e-03
1.3257772067e-03
1.0785104634e-03
8.7812173026e-04
7.1591479558e-04
5.8484638348e-04
4.6060234666e-04
3.6538107624e-04
2.9317619025e-04
2.3943698578e-04
2.0079317192e-04
1.7481113477e-04
1.5984849141e-04
1.5496216496e-04
