4.1937560108e-01
4.1940826031e-01
4.1950621228e-01
4.1966937998e-01
4.1989763513e-01
4.2017890818e-01
4.2052021306e-01
4.2092130122e-01
4.2138188081e-01
4.2188857233e-01
4.2245128968e-01
4.2306964401e-01
4.2374320869e-01
4.2445935138e-01
4.2522801345e-01
4.2604868421e-01
4.2692081952e-01
4.2783529184e-01
4.2879914521e-01
4.2981175648e-01
4.3087247279e-01
4.3197954062e-01
4.3313323346e-01
4.3433281568e-01
4.3557752498e-01
4.3687914964e-01
4.3822513099e-01
4.3961460722e-01
4.4104669249e-01
4.4255940382e-01
4.4411500911e-01
4.4571247917e-01
4.4735076273e-01
4.4914676056e-01
4.5098687421e-01
4.5286974365e-01
4.5479398675e-01
4.5699053456e-01
4.5923497047e-01
4.6152528740e-01
4.6385945594e-01
4.6595902878e-01
4.6808988050e-01
4.7025057490e-01
4.7243966953e-01
4.7451974384e-01
4.7662238185e-01
4.7874638233e-01
4.8089054433e-01
4.8299970810e-01
4.8512579324e-01
4.8726769317e-01
4.8942430565e-01
4.9157701101e-01
4.9374204904e-01
4.9591836221e-01
4.9810490077e-01
5.0031400969e-01
5.0253136439e-01
5.0475592483e-01
5.0698666217e-01
5.0927964422e-01
5.1157697004e-01
5.1387757160e-01
5.1618039633e-01
5.1852540527e-01
5.2087056864e-01
5.2321483024e-01
5.2555715307e-01
5.2792737725e-01
5.3029353015e-01
5.3265459690e-01
5.3500958497e-01
5.3746166562e-01
5.3990497960e-01
5.4233847668e-01
5.4476113473e-01
5.4722801763e-01
5.4968147573e-01
5.5212050656e-01
5.5454413923e-01
5.5691575608e-01
5.5927064966e-01
5.6160798154e-01
5.6392694282e-01
5.6624232462e-01
5.6853752934e-01
5.7081182094e-01
5.7306449277e-01
5.7535414094e-01
5.7761958259e-01
5.7986014707e-01
5.8207519454e-01
5.8437179061e-01
5.8663894022e-01
5.8887600917e-01
5.9108239775e-01
5.9346996316e-01
5.9581912316e-01
5.9812921918e-01
6.0039963743e-01
6.0279165021e-01
6.0513664828e-01
6.0743403298e-01
6.0968325666e-01
6.1171645025e-01
6.1370781795e-01
6.1565703493e-01
6.1756380720e-01
6.1936636410e-01
6.2112880008e-01
6.2285092403e-01
6.2453256681e-01
6.2616018469e-01
6.2774771608e-01
6.2929505297e-01
6.3080210407e-01
6.3227449328e-01
6.3370614079e-01
6.3509699867e-01
6.3644703179e-01
6.3777197192e-01
6.3905504614e-01
6.4029625196e-01
6.4149559627e-01
6.4267441586e-01
6.4380982865e-01
6.4490186628e-01
6.4595056670e-01
6.4698008871e-01
6.4796421908e-01
6.4890301366e-01
6.4979653161e-01
6.5066971209e-01
6.5149497908e-01
6.5227240286e-01
6.5300205393e-01
6.5370800477e-01
6.5436278168e-01
6.5496645891e-01
6.5551910773e-01
6.5604280088e-01
6.5651077521e-01
6.5692309733e-01
6.5727982739e-01
6.5760252473e-01
6.5786058380e-01
6.5805405092e-01
6.5818296125e-01
6.5824639978e-01
6.5824893166e-01
6.5819055731e-01
6.5807126659e-01
6.5790234628e-01
6.5767887668e-01
6.5740082379e-01
6.5706814586e-01
6.5669767819e-01
6.5627685987e-01
6.5580563603e-01
6.5528394678e-01
6.5473157780e-01
6.5413192341e-01
6.5348491899e-01
6.5279049762e-01
6.5207001514e-01
6.5130460547e-01
6.5049420433e-01
6.4963874780e-01
6.4875951148e-01
6.4783716273e-01
6.4687164700e-01
6.4586291280e-01
6.4483020840e-01
6.4375573884e-01
6.4263946854e-01
6.4148136779e-01
6.4029602341e-01
6.3906980659e-01
6.3780271060e-01
6.3649473772e-01
6.3515157375e-01
6.3376790551e-01
6.3234376721e-01
6.3087920562e-01
6.2936235884e-01
6.2780459214e-01
6.2620599829e-01
6.2456668728e-01
6.2283111220e-01
6.2105241055e-01
6.1923076902e-01
6.1736639923e-01
6.1516968988e-01
6.1291718686e-01
6.1060934941e-01
6.0824669128e-01
6.0615409221e-01
6.0402111277e-01
6.0184819761e-01
5.9963582849e-01
5.9756231049e-01
5.9545615746e-01
5.9331783644e-01
5.9114784516e-01
5.8904505646e-01
5.8691431894e-01
5.8475614997e-01
5.8257109535e-01
5.8041815617e-01
5.7824082805e-01
5.7603969599e-01
5.7381537266e-01
5.7158960346e-01
5.6934235403e-01
5.6707430299e-01
5.6478615720e-01
5.6243479360e-01
5.6006413969e-01
5.5767503556e-01
5.5526835282e-01
5.5289178263e-01
5.5050005452e-01
5.4809407977e-01
5.4567479909e-01
5.4335459150e-01
5.4102401780e-01
5.3868397000e-01
5.3633536405e-01
5.3401177934e-01
5.3168170895e-01
5.2934609830e-01
5.2700591430e-01
5.2469068427e-01
5.2237292795e-01
5.2005363687e-01
5.1773382132e-01
5.1548189022e-01
5.1323139166e-01
5.1098329814e-01
5.0873859676e-01
5.0651807183e-01
5.0430285047e-01
5.0209393256e-01
4.9989232947e-01
4.9768764393e-01
4.9549243128e-01
4.9330774953e-01
4.9113466535e-01
4.8892570840e-01
4.8673115763e-01
4.8455217582e-01
4.8238993127e-01
4.8012159095e-01
4.7787469556e-01
4.7565064100e-01
4.7345082434e-01
4.7089610125e-01
4.6837911797e-01
4.6590213667e-01
4.6346740857e-01
4.6137805761e-01
4.5932409562e-01
4.5730698725e-01
4.5532818276e-01
4.5350756598e-01
4.5172310582e-01
4.4997595709e-01
4.4826725790e-01
4.4664405557e-01
4.4505926192e-01
4.4351387011e-01
4.4200885385e-01
4.4056182677e-01
4.3915607938e-01
4.3779248974e-01
4.3647191333e-01
4.3519598995e-01
4.3396466146e-01
4.3277870861e-01
4.3163888609e-01
4.3053740281e-01
4.2948424427e-01
4.2848009792e-01
4.2752562110e-01
4.2660770726e-01
4.2574229741e-01
4.2492998034e-01
4.2417130995e-01
4.2345056300e-01
4.2278712998e-01
4.2218148793e-01
4.2163407303e-01
4.2112736277e-01
4.2068434354e-01
4.2030536116e-01
4.1999071175e-01
4.1970875744e-01
4.1951246755e-01
4.1940204524e-01
4.1937760486e-01
4.1942620723e-01
4.1953971406e-01
4.1971803660e-01
4.1996103548e-01
4.2025649190e-01
4.2061171889e-01
4.2102645869e-01
4.2150041061e-01
4.2202017399e-01
4.2259574134e-01
4.2322671605e-01
4.2391266392e-01
4.2464107296e-01
4.2542180251e-01
4.2625433486e-01
4.2713811914e-01
4.2806435354e-01
4.2903979234e-01
4.3006380568e-01
4.3113573418e-01
4.3225443636e-01
4.3341961240e-01
4.3463051954e-01
4.3588638857e-01
4.3720014518e-01
4.3855814459e-01
4.3995951638e-01
4.4140336621e-01
4.4293014549e-01
4.4449978028e-01
4.4611122838e-01
4.4776342560e-01
4.4957504889e-01
4.5143072348e-01
4.5332907211e-01
4.5526869560e-01
4.5749172405e-01
4.5976286799e-01
4.6208007170e-01
4.6444125727e-01
4.6651961054e-01
4.6862799454e-01
4.7076503151e-01
4.7292933821e-01
4.7500792187e-01
4.7710864212e-01
4.7923030956e-01
4.8137173531e-01
4.8348158846e-01
4.8560805956e-01
4.8775004804e-01
4.8990645789e-01
4.9206070529e-01
4.9422703319e-01
4.9640438766e-01
4.9859172274e-01
5.0080294858e-01
5.0302219111e-01
5.0524841242e-01
5.0748058596e-01
5.0977585407e-01
5.1207523833e-01
5.1437767225e-01
5.1668210499e-01
5.1903212677e-01
5.2138207287e-01
5.2373088460e-01
5.2607752280e-01
5.2844679704e-01
5.3081177601e-01
5.3317144989e-01
5.3552483128e-01
5.3797789215e-01
5.4042194238e-01
5.4285593415e-01
5.4527884794e-01
5.4775587454e-01
5.5021911522e-01
5.5266755866e-01
5.5510022575e-01
5.5746291442e-01
5.5980875587e-01
5.6213692389e-01
5.6444662150e-01
5.6675819673e-01
5.6904941610e-01
5.7131954958e-01
5.7356789647e-01
5.7585530822e-01
5.7811829857e-01
5.8035620109e-01
5.8256838022e-01
5.8486402942e-01
5.8712995450e-01
5.8936552446e-01
5.9157014287e-01
5.9395622822e-01
5.9630356429e-01
5.9861149674e-01
6.0087941616e-01
6.0329794779e-01
6.0566788924e-01
6.0798862620e-01
6.1025959799e-01
6.1226635961e-01
6.1423181675e-01
6.1615565996e-01
6.1803760940e-01
6.1982694889e-01
6.2157624159e-01
6.2328530305e-01
6.2495397030e-01
6.2657111735e-01
6.2814815848e-01
6.2968499011e-01
6.3118152509e-01
6.3264441330e-01
6.3406649621e-01
6.3544772919e-01
6.3678808015e-01
6.3810378290e-01
6.3937752664e-01
6.4060931136e-01
6.4179914627e-01
6.4296861426e-01
6.4409455579e-01
6.4517700435e-01
6.4621599957e-01
6.4723578023e-01
6.4821002096e-01
6.4913877886e-01
6.5002211413e-01
6.5088490827e-01
6.5169960635e-01
6.5246627923e-01
6.5318499777e-01
6.5387970514e-01
6.5452300065e-01
6.5511495841e-01
6.5565564934e-01
6.5616730248e-01
6.5662280557e-01
6.5702222440e-01
6.5736561806e-01
6.5767168086e-01
6.5791342374e-01
6.5809089003e-01
6.5820411191e-01
6.5825263806e-01
6.5824032020e-01
6.5816715617e-01
6.5803313328e-01
6.5785092488e-01
6.5761452374e-01
6.5732389423e-01
6.5697899318e-01
6.5659674290e-01
6.5616436928e-01
6.5568181653e-01
6.5514902404e-01
6.5458592404e-01
6.5397571473e-01
6.5331833128e-01
6.5261370666e-01
6.5188326395e-01
6.5110803533e-01
6.5028795688e-01
6.4942296522e-01
6.4853430660e-01
6.4760264950e-01
6.4662794028e-01
6.4561012857e-01
6.4456828529e-01
6.4348476472e-01
6.4235953278e-01
6.4119256145e-01
6.3999803634e-01
6.3876269736e-01
6.3748653990e-01
6.3616956856e-01
6.3481664310e-01
6.3342323003e-01
6.3198936656e-01
6.3051510263e-01
6.2898650727e-01
6.2741691694e-01
6.2580642887e-01
6.2415515783e-01
6.2239461046e-01
6.2059026429e-01
6.1874231698e-01
6.1685099238e-01
6.1467199277e-01
6.1243882827e-01
6.1015195036e-01
6.0781186267e-01
6.0571829611e-01
6.0358472302e-01
6.0141159071e-01
5.9919938333e-01
5.9712321960e-01
5.9501464973e-01
5.9287414421e-01
5.9070220410e-01
5.8859599681e-01
5.8646201554e-01
5.8430078171e-01
5.8211284514e-01
5.7995536742e-01
5.7777363952e-01
5.7556825172e-01
5.7333982204e-01
5.7110610895e-01
5.6885099730e-01
5.6657517480e-01
5.6427935766e-01
5.6192931189e-01
5.5956024257e-01
5.5717299055e-01
5.5476842790e-01
5.5239292788e-01
5.5000251241e-01
5.4759809393e-01
5.4518061406e-01
5.4285913205e-01
5.4052748071e-01
5.3818655600e-01
5.3583727772e-01
5.3351398600e-01
5.3118441848e-01
5.2884952304e-01
5.2651026892e-01
5.2419691511e-01
5.2188124973e-01
5.1956426510e-01
5.1724697214e-01
5.1499606916e-01
5.1274680617e-01
5.1050015782e-01
5.0825711321e-01
5.0603687339e-01
5.0382215700e-01
5.0161396752e-01
4.9941331982e-01
4.9720787201e-01
4.9501215125e-01
4.9282722146e-01
4.9065415507e-01
4.8844078977e-01
4.8624218573e-01
4.8405951890e-01
4.8189397056e-01
4.7958169315e-01
4.7729214229e-01
4.7502680641e-01
4.7278717478e-01
4.7020702932e-01
4.6766630934e-01
4.6516736944e-01
4.6271255150e-01
4.6065125788e-01
4.5862533134e-01
4.5663619898e-01
4.5468527336e-01
4.5288282574e-01
4.5111670921e-01
4.4938806219e-01
4.4769800610e-01
4.4609030707e-01
4.4452125363e-01
4.4299182817e-01
4.4150299331e-01
4.4007066347e-01
4.3867989029e-01
4.3733154322e-01
4.3602646882e-01
4.3476529855e-01
4.3354903590e-01
4.3237845375e-01
4.3125429854e-01
4.3016817998e-01
4.2913073608e-01
4.2814264625e-01
4.2720455939e-01
4.2630303175e-01
4.2545440526e-01
4.2465925984e-01
4.2391814000e-01
4.2321517754e-01
4.2257000304e-01
4.2198308312e-01
4.2145484293e-01
4.2096908345e-01
4.2054731911e-01
4.2018988016e-01
4.1989704680e-01
4.1966904874e-01
4.1950606497e-01
4.1940822346e-01
4.1937560108e-01
