1.7705105814e-08
3.1452634359e-08
9.1240164049e-08
2.8032265281e-07
9.3686369294e-07
1.9359920960e-06
3.9671764547e-06
8.1278500197e-06
1.6753048447e-05
2.7512506714e-05
4.5124748058e-05
7.4009683076e-05
1.2149542626e-04
1.7527791765e-04
2.5279355678e-04
3.6457463944e-04
5.2586246443e-04
7.0245845690e-04
9.3821838264e-04
1.2529852220e-03
1.6732484675e-03
2.1324472469e-03
2.7171721099e-03
3.4615641525e-03
4.4089140972e-03
5.5470393122e-03
6.9763493699e-03
8.7700546520e-03
1.1018951111e-02
1.3301515812e-02
1.6047562540e-02
1.9347072191e-02
2.3305542908e-02
2.6980473698e-02
3.1212211473e-02
3.6077440129e-02
4.1660761937e-02
4.6983116443e-02
5.2938561029e-02
5.9589646512e-02
6.7001632854e-02
7.5098384190e-02
8.4060689267e-02
9.3952271324e-02
1.0483428268e-01
1.1624650436e-01
1.2866461869e-01
1.4212423587e-01
1.5665054554e-01
1.7102522712e-01
1.8631937076e-01
2.0251944119e-01
2.1959884711e-01
2.3679922826e-01
2.5472650218e-01
2.7332158516e-01
2.9251484995e-01
3.1310142510e-01
3.3415448768e-01
3.5556831812e-01
3.7723288274e-01
3.9847160781e-01
4.1973946610e-01
4.4093691204e-01
4.6196911730e-01
4.8582337494e-01
5.0922022601e-01
5.3205202131e-01
5.5422642731e-01
5.8276194452e-01
6.0984082384e-01
6.3536630364e-01
6.5928185744e-01
6.7860695944e-01
6.9672050685e-01
7.1363909213e-01
7.2939001005e-01
7.4571417616e-01
7.6067414517e-01
7.7433666827e-01
7.8677300326e-01
8.0063979922e-01
8.1286714664e-01
8.2359559220e-01
8.3296096213e-01
8.4299841226e-01
8.5132455052e-01
8.5815701367e-01
8.6369187021e-01
8.6865712908e-01
8.7238135608e-01
8.7506289403e-01
8.7687159929e-01
8.7796999455e-01
8.7843473198e-01
8.7837533407e-01
8.7788254356e-01
8.7690262307e-01
8.7555246053e-01
8.7389667497e-01
8.7198246436e-01
8.6966448489e-01
8.6710378413e-01
8.6430383482e-01
8.6125071558e-01
8.5799172830e-01
8.5441529153e-01
8.5045810012e-01
8.4603783853e-01
8.4163075683e-01
8.3668750537e-01
8.3110413598e-01
8.2475939971e-01
8.1871728128e-01
8.1194046276e-01
8.0432394775e-01
7.9575244592e-01
7.8824027787e-01
7.7999147653e-01
7.7093762603e-01
7.6100805335e-01
7.5119288637e-01
7.4054575041e-01
7.2901424901e-01
7.1654850742e-01
7.0283680288e-01
6.8806528147e-01
6.7220124415e-01
6.5522411469e-01
6.3967436646e-01
6.2329906196e-01
6.0611832897e-01
5.8816637361e-01
5.7028315517e-01
5.5179605827e-01
5.3277951093e-01
5.1332399293e-01
4.9551795219e-01
4.7753113345e-01
4.5946193342e-01
4.4141724840e-01
4.2270393832e-01
4.0427862652e-01
3.8628121456e-01
3.6885232497e-01
3.5204480369e-01
3.3608734362e-01
3.2110732751e-01
3.0722203743e-01
2.9065628696e-01
2.7641683521e-01
2.6467424741e-01
2.5555967281e-01
2.5000206720e-01
2.4640628811e-01
2.4479618467e-01
2.4518213023e-01
2.4761536586e-01
2.5208963679e-01
2.5857388304e-01
2.6702084242e-01
2.7572110872e-01
2.8574857067e-01
2.9704048635e-01
3.0952264008e-01
3.2423017518e-01
3.4010157866e-01
3.5700100042e-01
3.7478128039e-01
3.9174867591e-01
4.0920279379e-01
4.2701815941e-01
4.4507059744e-01
4.6702781214e-01
4.8895409682e-01
5.1066539151e-01
5.3199767511e-01
5.5399619145e-01
5.7527250284e-01
5.9571586325e-01
6.1524292775e-01
6.3376801861e-01
6.5128695257e-01
6.6778401958e-01
6.8326005958e-01
6.9875638125e-01
7.1312484565e-01
7.2640830499e-01
7.3865767997e-01
7.5231418875e-01
7.6461869491e-01
7.7568328226e-01
7.8561941062e-01
7.9675316060e-01
8.0645797365e-01
8.1492523889e-01
8.2232836739e-01
8.2960954097e-01
8.3592370957e-01
8.4143849532e-01
8.4629560500e-01
8.5084945185e-01
8.5491249706e-01
8.5857458845e-01
8.6190366430e-01
8.6470450222e-01
8.6728850276e-01
8.6966546193e-01
8.7183209691e-01
8.7358183722e-01
8.7512770021e-01
8.7643793225e-01
8.7746973512e-01
8.7814654971e-01
8.7845668257e-01
8.7832617610e-01
8.7766574925e-01
8.7649425105e-01
8.7468207553e-01
8.7211400059e-01
8.6865651243e-01
8.6475021143e-01
8.5991449249e-01
8.5401525812e-01
8.4690315456e-01
8.4043861004e-01
8.3305941813e-01
8.2467605416e-01
8.1519382245e-01
8.0595020348e-01
7.9572733184e-01
7.8445584049e-01
7.7206604003e-01
7.5978166858e-01
7.4646726556e-01
7.3207579780e-01
7.1656456001e-01
6.9907427324e-01
6.8028173159e-01
6.6016649418e-01
6.3872363375e-01
6.1959931858e-01
5.9955888324e-01
5.7863579930e-01
5.5687777612e-01
5.3743702938e-01
5.1746950775e-01
4.9703531118e-01
4.7620390701e-01
4.5496990143e-01
4.3350296466e-01
4.1189879037e-01
3.9025921701e-01
3.6924854567e-01
3.4840567270e-01
3.2783088087e-01
3.0762223333e-01
2.8715221340e-01
2.6727386325e-01
2.4807427834e-01
2.2962892325e-01
2.1044720180e-01
1.9229867779e-01
1.7522578898e-01
1.5925186507e-01
1.4419734160e-01
1.3026466248e-01
1.1742848453e-01
1.0565168244e-01
9.4321122221e-02
8.4055807120e-02
7.4787837636e-02
6.6446345415e-02
5.5968083216e-02
4.7036710011e-02
3.9455996296e-02
3.3044434110e-02
2.5912768264e-02
2.0280829859e-02
1.5848764297e-02
1.2370229599e-02
9.7306539335e-03
7.6491991313e-03
6.0097390276e-03
4.7195367953e-03
3.4853104151e-03
2.5730428055e-03
1.8990149078e-03
1.4011207311e-03
9.0276903010e-04
5.8184228016e-04
3.7495067565e-04
2.4144110427e-04
1.0881034581e-04
4.9513174104e-05
2.2520310403e-05
1.0106391722e-05
1.3162681496e-06
4.0183620178e-07
6.9600253431e-08
9.1072681556e-08
6.3893164490e-08
1.2649219080e-07
3.5628573038e-07
1.1258773810e-06
2.2842340890e-06
4.6017769921e-06
9.2700695529e-06
1.8774765530e-05
3.0576114462e-05
4.9737511497e-05
8.0904990317e-05
1.3171373647e-04
1.8913856911e-04
2.7152348232e-04
3.8977642228e-04
5.5960591212e-04
7.4547196190e-04
9.9292298664e-04
1.3223821269e-03
1.7610333161e-03
2.2398540164e-03
2.8483362468e-03
3.6214007167e-03
4.6032265395e-03
5.8574798214e-03
7.4502223513e-03
9.4711090914e-03
1.2032387370e-02
1.4490063121e-02
1.7438939945e-02
2.0972472602e-02
2.5199706803e-02
2.9058974815e-02
3.3484376758e-02
3.8550774910e-02
4.4340205105e-02
4.9936432375e-02
5.6187005259e-02
6.3154474654e-02
7.0903626137e-02
8.0040740136e-02
9.0208331265e-02
1.0148262421e-01
1.1393478493e-01
1.2600091767e-01
1.3907745243e-01
1.5319102855e-01
1.6835664119e-01
1.8281477254e-01
1.9810639102e-01
2.1421105063e-01
2.3109696050e-01
2.4964120729e-01
2.6893667499e-01
2.8890643285e-01
3.0946197198e-01
3.2971692971e-01
3.5032942335e-01
3.7120096663e-01
3.9223105577e-01
4.1439687683e-01
4.3651295634e-01
4.5847062366e-01
4.8016820734e-01
5.0392862042e-01
5.2713577207e-01
5.4969087273e-01
5.7151131167e-01
5.9591545041e-01
6.1915375031e-01
6.4117252525e-01
6.6194094653e-01
6.8131783066e-01
6.9945670027e-01
7.1637655530e-01
7.3210721056e-01
7.4832697346e-01
7.6317239838e-01
7.7671275008e-01
7.8902152712e-01
8.0345923008e-01
8.1607114970e-01
8.2702601527e-01
8.3648572738e-01
8.4623860804e-01
8.5424341890e-01
8.6073280575e-01
8.6591470752e-01
8.7024382086e-01
8.7347012796e-01
8.7576714347e-01
8.7728367479e-01
8.7818065671e-01
8.7846824854e-01
8.7825293871e-01
8.7762249460e-01
8.7648677782e-01
8.7498667418e-01
8.7318507298e-01
8.7112641285e-01
8.6877939373e-01
8.6620515137e-01
8.6340135473e-01
8.6035006036e-01
8.5617454744e-01
8.5146718645e-01
8.4608614112e-01
8.3984201732e-01
8.3450500356e-01
8.2843863598e-01
8.2150188309e-01
8.1353213567e-01
8.0705543362e-01
7.9987199969e-01
7.9189930861e-01
7.8304914231e-01
7.7472598628e-01
7.6563429799e-01
7.5571218361e-01
7.4489730622e-01
7.3400090868e-01
7.2223377536e-01
7.0955144059e-01
6.9591418048e-01
6.8022588022e-01
6.6337666025e-01
6.4535243479e-01
6.2615818558e-01
6.0955834395e-01
5.9221848134e-01
5.7418167749e-01
5.5550629559e-01
5.3835492279e-01
5.2081863777e-01
5.0297318405e-01
4.8490509911e-01
4.6462036257e-01
4.4432742412e-01
4.2418591038e-01
4.0436424245e-01
3.8722462665e-01
3.7059322118e-01
3.5458951583e-01
3.3932903406e-01
3.2275430079e-01
3.0747548673e-01
2.9363181678e-01
2.8134423518e-01
2.7055559306e-01
2.6156649172e-01
2.5444526362e-01
2.4924295249e-01
2.4597172968e-01
2.4471677637e-01
2.4548632137e-01
2.4827531921e-01
2.5290255130e-01
2.5938933142e-01
2.6769152605e-01
2.7774937290e-01
2.8804131701e-01
2.9958050356e-01
3.1229045241e-01
3.2608329381e-01
3.4253619669e-01
3.6005139816e-01
3.7846766300e-01
3.9761503006e-01
4.1539195759e-01
4.3349305482e-01
4.5179129672e-01
4.7016427681e-01
4.9034722505e-01
5.1033807612e-01
5.3000912008e-01
5.4924860467e-01
5.7751015685e-01
6.0429282247e-01
6.2941836801e-01
6.5278292406e-01
6.6957400270e-01
6.8529536723e-01
6.9996414859e-01
7.1360915071e-01
7.2795967938e-01
7.4109626992e-01
7.5309210033e-01
7.6402448719e-01
7.7720123048e-01
7.8878481778e-01
7.9895851742e-01
8.0789458709e-01
8.1863553467e-01
8.2764401694e-01
8.3525208040e-01
8.4173814530e-01
8.4663424648e-01
8.5098099107e-01
8.5487815228e-01
8.5840503505e-01
8.6163534095e-01
8.6459730014e-01
8.6731850004e-01
8.6981050964e-01
8.7178985402e-01
8.7357952576e-01
8.7515644813e-01
8.7648664048e-01
8.7746060700e-01
8.7813557251e-01
8.7845313187e-01
8.7834205915e-01
8.7767529512e-01
8.7633024282e-01
8.7416694038e-01
8.7101943145e-01
8.6746905702e-01
8.6295141739e-01
8.5731442285e-01
8.5038672202e-01
8.4433279533e-01
8.3738710639e-01
8.2945925679e-01
8.2045308026e-01
8.1181388359e-01
8.0224471292e-01
7.9167765731e-01
7.8004386072e-01
7.6843855610e-01
7.5583623449e-01
7.4218761325e-01
7.2744672548e-01
7.1041975070e-01
6.9205316977e-01
6.7231649952e-01
6.5119405110e-01
6.3288108203e-01
6.1365373304e-01
5.9353571980e-01
5.7256355202e-01
5.5276939001e-01
5.3235800976e-01
5.1138944221e-01
4.8993483388e-01
4.6956483550e-01
4.4891865063e-01
4.2807855114e-01
4.0713314829e-01
3.8455925041e-01
3.6209383574e-01
3.3986045966e-01
3.1798165796e-01
2.9843919569e-01
2.7937515053e-01
2.6086739537e-01
2.4298547448e-01
2.2384194842e-01
2.0562015575e-01
1.8837090295e-01
1.7212802960e-01
1.5508791290e-01
1.3934351208e-01
1.2487575285e-01
1.1164786665e-01
9.9987624546e-02
8.9383533669e-02
7.9773896889e-02
7.1093088788e-02
6.1583744995e-02
5.3253534748e-02
4.5980528047e-02
3.9648817084e-02
3.2447476079e-02
2.6509559160e-02
2.1628546190e-02
1.7626326563e-02
1.4040843206e-02
1.1174796441e-02
8.8874226637e-03
7.0641015332e-03
5.3824714647e-03
4.0993405489e-03
3.1209481383e-03
2.3752741862e-03
1.6394904984e-03
1.1315610885e-03
7.8084636814e-04
5.3861099669e-04
2.9607954985e-04
1.6311994054e-04
8.9858196856e-05
4.9336142798e-05
1.6377966986e-05
5.7089161946e-06
1.9781477649e-06
6.5722064692e-07
2.1838553283e-07
7.6987472080e-08
2.9216292879e-08
1.7477795537e-08
