0.0000000000e+00
3.8600174728e-03
7.7200349456e-03
1.1580052418e-02
1.5440069891e-02
1.8688252672e-02
2.1936435452e-02
2.5184618232e-02
2.8432801013e-02
3.1224997463e-02
3.4017193914e-02
3.6809390365e-02
3.9601586815e-02
4.2053085713e-02
4.4504584610e-02
4.6956083507e-02
4.9407582404e-02
5.1604820242e-02
5.3802058081e-02
5.5999295920e-02
5.8196533758e-02
6.0212416742e-02
6.2228299725e-02
6.4244182709e-02
6.6260065692e-02
6.8183721315e-02
7.0107376939e-02
7.2031032562e-02
7.3954688185e-02
7.6006019096e-02
7.8057350007e-02
8.0108680918e-02
8.2160011829e-02
8.3839942803e-02
8.5519873778e-02
8.7199804753e-02
8.8879735728e-02
9.0304396363e-02
9.1729056999e-02
9.3153717635e-02
9.4578378270e-02
9.5816528445e-02
9.7054678620e-02
9.8292828795e-02
9.9530978970e-02
1.0064077408e-01
1.0175056920e-01
1.0286036431e-01
1.0397015942e-01
1.0501525609e-01
1.0606035275e-01
1.0710544941e-01
1.0815054608e-01
1.0919607650e-01
1.1024160692e-01
1.1128713734e-01
1.1233266776e-01
1.1343234490e-01
1.1453202205e-01
1.1563169919e-01
1.1673137633e-01
1.1776734763e-01
1.1880331893e-01
1.1983929023e-01
1.2087526153e-01
1.2185189197e-01
1.2282852241e-01
1.2380515285e-01
1.2478178329e-01
1.2569116111e-01
1.2660053893e-01
1.2750991676e-01
1.2841929458e-01
1.2930348346e-01
1.3018767235e-01
1.3107186123e-01
1.3195605011e-01
1.3307609399e-01
1.3419613786e-01
1.3531618174e-01
1.3643622562e-01
1.3743504077e-01
1.3843385593e-01
1.3943267108e-01
1.4043148623e-01
1.4132703621e-01
1.4222258619e-01
1.4311813617e-01
1.4401368615e-01
1.4496028889e-01
1.4590689164e-01
1.4685349438e-01
1.4780009712e-01
1.4883171904e-01
1.4986334095e-01
1.5089496287e-01
1.5192658479e-01
1.5302522931e-01
1.5412387384e-01
1.5522251837e-01
1.5632116290e-01
1.5768270862e-01
1.5904425434e-01
1.6040580006e-01
1.6176734578e-01
1.6300193066e-01
1.6423651554e-01
1.6547110043e-01
1.6670568531e-01
1.6791585276e-01
1.6912602021e-01
1.7033618766e-01
1.7154635511e-01
1.7282912545e-01
1.7411189579e-01
1.7539466613e-01
1.7667743647e-01
1.7804406754e-01
1.7941069861e-01
1.8077732968e-01
1.8214396075e-01
1.8365907766e-01
1.8517419457e-01
1.8668931148e-01
1.8820442839e-01
1.9004102000e-01
1.9187761162e-01
1.9371420323e-01
1.9555079484e-01
1.9761522882e-01
1.9967966280e-01
2.0174409677e-01
2.0380853075e-01
2.0637464215e-01
2.0894075355e-01
2.1150686495e-01
2.1407297634e-01
2.1648988634e-01
2.1890679633e-01
2.2132370633e-01
2.2374061633e-01
2.2610936044e-01
2.2847810456e-01
2.3084684867e-01
2.3321559279e-01
2.3570682744e-01
2.3819806209e-01
2.4068929675e-01
2.4318053140e-01
2.4570120144e-01
2.4822187149e-01
2.5074254153e-01
2.5326321158e-01
2.5566333040e-01
2.5806344921e-01
2.6046356803e-01
2.6286368685e-01
2.6522384658e-01
2.6758400632e-01
2.6994416605e-01
2.7230432578e-01
2.7519758712e-01
2.7809084846e-01
2.8098410980e-01
2.8387737113e-01
2.8601701585e-01
2.8815666056e-01
2.9029630528e-01
2.9243594999e-01
2.9444474859e-01
2.9645354718e-01
2.9846234577e-01
3.0047114437e-01
3.0213847723e-01
3.0380581010e-01
3.0547314296e-01
3.0714047583e-01
3.0861140701e-01
3.1008233820e-01
3.1155326938e-01
3.1302420057e-01
3.1437698857e-01
3.1572977658e-01
3.1708256458e-01
3.1843535259e-01
3.1970758616e-01
3.2097981973e-01
3.2225205331e-01
3.2352428688e-01
3.2473117844e-01
3.2593807000e-01
3.2714496156e-01
3.2835185311e-01
3.2955588182e-01
3.3075991053e-01
3.3196393923e-01
3.3316796794e-01
3.3468744188e-01
3.3620691582e-01
3.3772638976e-01
3.3924586370e-01
3.4034127401e-01
3.4143668433e-01
3.4253209464e-01
3.4362750495e-01
3.4466411052e-01
3.4570071609e-01
3.4673732166e-01
3.4777392722e-01
3.4873840261e-01
3.4970287800e-01
3.5066735338e-01
3.5163182877e-01
3.5252932067e-01
3.5342681256e-01
3.5432430446e-01
3.5522179636e-01
3.5615260586e-01
3.5708341537e-01
3.5801422487e-01
3.5894503437e-01
3.5994537784e-01
3.6094572131e-01
3.6194606478e-01
3.6294640825e-01
3.6385392885e-01
3.6476144945e-01
3.6566897005e-01
3.6657649065e-01
3.6745962586e-01
3.6834276107e-01
3.6922589629e-01
3.7010903150e-01
3.7103437841e-01
3.7195972533e-01
3.7288507224e-01
3.7381041915e-01
3.7479192464e-01
3.7577343014e-01
3.7675493563e-01
3.7773644112e-01
3.7880349184e-01
3.7987054257e-01
3.8093759329e-01
3.8200464402e-01
3.8308186983e-01
3.8415909563e-01
3.8523632144e-01
3.8631354725e-01
3.8735081646e-01
3.8838808568e-01
3.8942535489e-01
3.9046262410e-01
3.9155513089e-01
3.9264763767e-01
3.9374014446e-01
3.9483265124e-01
3.9605891002e-01
3.9728516880e-01
3.9851142758e-01
3.9973768636e-01
4.0118269929e-01
4.0262771221e-01
4.0407272514e-01
4.0551773807e-01
4.0723450768e-01
4.0895127729e-01
4.1066804690e-01
4.1238481651e-01
4.1445790407e-01
4.1653099163e-01
4.1860407919e-01
4.2067716675e-01
4.2262152836e-01
4.2456588996e-01
4.2651025156e-01
4.2845461317e-01
4.3054168915e-01
4.3262876514e-01
4.3471584113e-01
4.3680291712e-01
4.3913355876e-01
4.4146420041e-01
4.4379484206e-01
4.4612548371e-01
4.4881113076e-01
4.5149677781e-01
4.5418242487e-01
4.5686807192e-01
4.6006249648e-01
4.6325692103e-01
4.6645134559e-01
4.6964577015e-01
4.7355408081e-01
4.7746239146e-01
4.8137070212e-01
4.8527901278e-01
4.8981721267e-01
4.9435541256e-01
4.9889361245e-01
5.0343181234e-01
5.0715112764e-01
5.1087044295e-01
5.1458975825e-01
5.1830907356e-01
5.2145350087e-01
5.2459792818e-01
5.2774235549e-01
5.3088678280e-01
5.3360271659e-01
5.3631865038e-01
5.3903458417e-01
5.4175051796e-01
5.4414422410e-01
5.4653793024e-01
5.4893163638e-01
5.5132534252e-01
5.5347997063e-01
5.5563459874e-01
5.5778922685e-01
5.5994385496e-01
5.6193251580e-01
5.6392117663e-01
5.6590983746e-01
5.6789849829e-01
5.6982795471e-01
5.7175741114e-01
5.7368686756e-01
5.7561632399e-01
5.7749471201e-01
5.7937310003e-01
5.8125148805e-01
5.8312987607e-01
5.8476571997e-01
5.8640156386e-01
5.8803740775e-01
5.8967325165e-01
5.9106764552e-01
5.9246203939e-01
5.9385643327e-01
5.9525082714e-01
5.9646736795e-01
5.9768390877e-01
5.9890044958e-01
6.0011699040e-01
6.0121590045e-01
6.0231481051e-01
6.0341372056e-01
6.0451263061e-01
6.0555371088e-01
6.0659479115e-01
6.0763587142e-01
6.0867695169e-01
6.0973303793e-01
6.1078912417e-01
6.1184521041e-01
6.1290129665e-01
6.1397923593e-01
6.1505717521e-01
6.1613511448e-01
6.1721305376e-01
6.1822273098e-01
6.1923240820e-01
6.2024208543e-01
6.2125176265e-01
6.2221448296e-01
6.2317720328e-01
6.2413992359e-01
6.2510264390e-01
6.2601225148e-01
6.2692185905e-01
6.2783146662e-01
6.2874107419e-01
6.2962848801e-01
6.3051590183e-01
6.3140331565e-01
6.3229072947e-01
6.3332792219e-01
6.3436511492e-01
6.3540230764e-01
6.3643950036e-01
6.3741728911e-01
6.3839507785e-01
6.3937286660e-01
6.4035065534e-01
6.4124647729e-01
6.4214229923e-01
6.4303812117e-01
6.4393394312e-01
6.4487971439e-01
6.4582548567e-01
6.4677125694e-01
6.4771702822e-01
6.4874514791e-01
6.4977326760e-01
6.5080138730e-01
6.5182950699e-01
6.5292671504e-01
6.5402392310e-01
6.5512113115e-01
6.5621833921e-01
6.5756284113e-01
6.5890734306e-01
6.6025184498e-01
6.6159634690e-01
6.6283586813e-01
6.6407538935e-01
6.6531491058e-01
6.6655443180e-01
6.6776397093e-01
6.6897351006e-01
6.7018304918e-01
6.7139258831e-01
6.7267157339e-01
6.7395055846e-01
6.7522954354e-01
6.7650852861e-01
6.7787214467e-01
6.7923576072e-01
6.8059937678e-01
6.8196299283e-01
6.8347245579e-01
6.8498191874e-01
6.8649138169e-01
6.8800084465e-01
6.8981910133e-01
6.9163735801e-01
6.9345561469e-01
6.9527387138e-01
6.9733033708e-01
6.9938680277e-01
7.0144326847e-01
7.0349973417e-01
7.0602726846e-01
7.0855480275e-01
7.1108233704e-01
7.1360987133e-01
7.1602866243e-01
7.1844745352e-01
7.2086624462e-01
7.2328503571e-01
7.2565256459e-01
7.2802009348e-01
7.3038762236e-01
7.3275515125e-01
7.3523790198e-01
7.3772065272e-01
7.4020340346e-01
7.4268615419e-01
7.4521062906e-01
7.4773510393e-01
7.5025957880e-01
7.5278405367e-01
7.5519071065e-01
7.5759736763e-01
7.6000402462e-01
7.6241068160e-01
7.6477048041e-01
7.6713027923e-01
7.6949007804e-01
7.7184987686e-01
7.7485743530e-01
7.7786499374e-01
7.8087255219e-01
7.8388011063e-01
7.8601938937e-01
7.8815866811e-01
7.9029794685e-01
7.9243722560e-01
7.9444768013e-01
7.9645813467e-01
7.9846858920e-01
8.0047904374e-01
8.0214496231e-01
8.0381088088e-01
8.0547679946e-01
8.0714271803e-01
8.0861396678e-01
8.1008521553e-01
8.1155646428e-01
8.1302771303e-01
8.1438083692e-01
8.1573396081e-01
8.1708708469e-01
8.1844020858e-01
8.1971282403e-01
8.2098543948e-01
8.2225805492e-01
8.2353067037e-01
8.2473739454e-01
8.2594411871e-01
8.2715084288e-01
8.2835756705e-01
8.2956481012e-01
8.3077205319e-01
8.3197929626e-01
8.3318653933e-01
8.3467599369e-01
8.3616544806e-01
8.3765490242e-01
8.3914435678e-01
8.4024032573e-01
8.4133629468e-01
8.4243226363e-01
8.4352823258e-01
8.4456721709e-01
8.4560620160e-01
8.4664518611e-01
8.4768417063e-01
8.4865013348e-01
8.4961609634e-01
8.5058205920e-01
8.5154802206e-01
8.5244558997e-01
8.5334315789e-01
8.5424072580e-01
8.5513829372e-01
8.5606705973e-01
8.5699582575e-01
8.5792459177e-01
8.5885335779e-01
8.5986283243e-01
8.6087230708e-01
8.6188178173e-01
8.6289125638e-01
8.6380119689e-01
8.6471113739e-01
8.6562107790e-01
8.6653101841e-01
8.6741364272e-01
8.6829626703e-01
8.6917889134e-01
8.7006151565e-01
8.7098849184e-01
8.7191546803e-01
8.7284244422e-01
8.7376942041e-01
8.7474965968e-01
8.7572989896e-01
8.7671013824e-01
8.7769037752e-01
8.7875657285e-01
8.7982276818e-01
8.8088896351e-01
8.8195515884e-01
8.8303210686e-01
8.8410905488e-01
8.8518600291e-01
8.8626295093e-01
8.8729970654e-01
8.8833646214e-01
8.8937321775e-01
8.9040997336e-01
8.9150130703e-01
8.9259264070e-01
8.9368397437e-01
8.9477530804e-01
8.9599934630e-01
8.9722338455e-01
8.9844742281e-01
8.9967146107e-01
9.0111406185e-01
9.0255666263e-01
9.0399926342e-01
9.0544186420e-01
9.0715045930e-01
9.0885905439e-01
9.1056764948e-01
9.1227624458e-01
9.1435264951e-01
9.1642905444e-01
9.1850545936e-01
9.2058186429e-01
9.2252508951e-01
9.2446831474e-01
9.2641153996e-01
9.2835476518e-01
9.3043924793e-01
9.3252373068e-01
9.3460821343e-01
9.3669269618e-01
9.3901928644e-01
9.4134587669e-01
9.4367246695e-01
9.4599905721e-01
9.4867814305e-01
9.5135722889e-01
9.5403631473e-01
9.5671540057e-01
9.5989506636e-01
9.6307473214e-01
9.6625439793e-01
9.6943406372e-01
9.7325480576e-01
9.7707554779e-01
9.8089628983e-01
9.8471703186e-01
9.8853777390e-01
9.9235851593e-01
9.9617925797e-01
1.0000000000e+00
