3.1350969167e-01
3.1350971420e-01
3.1350978178e-01
3.1350989438e-01
3.1351005196e-01
3.1351024754e-01
3.1351048525e-01
3.1351076500e-01
3.1351108669e-01
3.1351144464e-01
3.1351184310e-01
3.1351228193e-01
3.1351276097e-01
3.1351327711e-01
3.1351383269e-01
3.1351442752e-01
3.1351506142e-01
3.1351573524e-01
3.1351644781e-01
3.1351719888e-01
3.1351798820e-01
3.1351882251e-01
3.1351969515e-01
3.1352060583e-01
3.1352155424e-01
3.1352255597e-01
3.1352359594e-01
3.1352467379e-01
3.1352578914e-01
3.1352697235e-01
3.1352819422e-01
3.1352945427e-01
3.1353075206e-01
3.1353214965e-01
3.1353358745e-01
3.1353506488e-01
3.1353658134e-01
3.1353830198e-01
3.1354006871e-01
3.1354188065e-01
3.1354373692e-01
3.1354564998e-01
3.1354760611e-01
3.1354960435e-01
3.1355164368e-01
3.1355357572e-01
3.1355554159e-01
3.1355754045e-01
3.1355957145e-01
3.1356155537e-01
3.1356356747e-01
3.1356560695e-01
3.1356767300e-01
3.1356973092e-01
3.1357181300e-01
3.1357391843e-01
3.1357604643e-01
3.1357819082e-01
3.1358035604e-01
3.1358254129e-01
3.1358474574e-01
3.1358700226e-01
3.1358927683e-01
3.1359156858e-01
3.1359387662e-01
3.1359619353e-01
3.1359852487e-01
3.1360086974e-01
3.1360322724e-01
3.1360556076e-01
3.1360790481e-01
3.1361025851e-01
3.1361262099e-01
3.1361498805e-01
3.1361736214e-01
3.1361974238e-01
3.1362212789e-01
3.1362453310e-01
3.1362694189e-01
3.1362935335e-01
3.1363176661e-01
3.1363421354e-01
3.1363666046e-01
3.1363910646e-01
3.1364155061e-01
3.1364404606e-01
3.1364653762e-01
3.1364902434e-01
3.1365150522e-01
3.1365406156e-01
3.1365660958e-01
3.1365914820e-01
3.1366167637e-01
3.1366432807e-01
3.1366696578e-01
3.1366958827e-01
3.1367219435e-01
3.1367485587e-01
3.1367749747e-01
3.1368011787e-01
3.1368271582e-01
3.1368526356e-01
3.1368778687e-01
3.1369028455e-01
3.1369275544e-01
3.1369522594e-01
3.1369766665e-01
3.1370007641e-01
3.1370245406e-01
3.1370487846e-01
3.1370726604e-01
3.1370961561e-01
3.1371192595e-01
3.1371435136e-01
3.1371672918e-01
3.1371905804e-01
3.1372133658e-01
3.1372387956e-01
3.1372635306e-01
3.1372875521e-01
3.1373108421e-01
3.1373316903e-01
3.1373518860e-01
3.1373714163e-01
3.1373902686e-01
3.1374071852e-01
3.1374234956e-01
3.1374391906e-01
3.1374542617e-01
3.1374683934e-01
3.1374819126e-01
3.1374948121e-01
3.1375070853e-01
3.1375186640e-01
3.1375296106e-01
3.1375399197e-01
3.1375495857e-01
3.1375586659e-01
3.1375670840e-01
3.1375748356e-01
3.1375819168e-01
3.1375884650e-01
3.1375943035e-01
3.1375994293e-01
3.1376038395e-01
3.1376077582e-01
3.1376108547e-01
3.1376131271e-01
3.1376145741e-01
3.1376151875e-01
3.1376150276e-01
3.1376140948e-01
3.1376123894e-01
3.1376100282e-01
3.1376069580e-01
3.1376031807e-01
3.1375986982e-01
3.1375936088e-01
3.1375878434e-01
3.1375814050e-01
3.1375742971e-01
3.1375665559e-01
3.1375581583e-01
3.1375491084e-01
3.1375394110e-01
3.1375289771e-01
3.1375178949e-01
3.1375061701e-01
3.1374938090e-01
3.1374804346e-01
3.1374664010e-01
3.1374517161e-01
3.1374363882e-01
3.1374193036e-01
3.1374015052e-01
3.1373830043e-01
3.1373638129e-01
3.1373434927e-01
3.1373224774e-01
3.1373007812e-01
3.1372784187e-01
3.1372578070e-01
3.1372366828e-01
3.1372150575e-01
3.1371929429e-01
3.1371714537e-01
3.1371495430e-01
3.1371272217e-01
3.1371045009e-01
3.1370820011e-01
3.1370591438e-01
3.1370359397e-01
3.1370124000e-01
3.1369887330e-01
3.1369647579e-01
3.1369404859e-01
3.1369159283e-01
3.1368906985e-01
3.1368651981e-01
3.1368394395e-01
3.1368134353e-01
3.1367882724e-01
3.1367629065e-01
3.1367373490e-01
3.1367116113e-01
3.1366869212e-01
3.1366620881e-01
3.1366371222e-01
3.1366120339e-01
3.1365876064e-01
3.1365630830e-01
3.1365384732e-01
3.1365137866e-01
3.1364895220e-01
3.1364652018e-01
3.1364408353e-01
3.1364164316e-01
3.1363923126e-01
3.1363681751e-01
3.1363440281e-01
3.1363198803e-01
3.1362958952e-01
3.1362719269e-01
3.1362479841e-01
3.1362240757e-01
3.1362001826e-01
3.1361763413e-01
3.1361525607e-01
3.1361288496e-01
3.1361048608e-01
3.1360809616e-01
3.1360571612e-01
3.1360334686e-01
3.1360098353e-01
3.1359863284e-01
3.1359629571e-01
3.1359397303e-01
3.1359169757e-01
3.1358943789e-01
3.1358719483e-01
3.1358496923e-01
3.1358275839e-01
3.1358056675e-01
3.1357839512e-01
3.1357624435e-01
3.1357408200e-01
3.1357194285e-01
3.1356982772e-01
3.1356773745e-01
3.1356558998e-01
3.1356347122e-01
3.1356138207e-01
3.1355932342e-01
3.1355711109e-01
3.1355493731e-01
3.1355280320e-01
3.1355070983e-01
3.1354874472e-01
3.1354681887e-01
3.1354493318e-01
3.1354308853e-01
3.1354142616e-01
3.1353980003e-01
3.1353821078e-01
3.1353665905e-01
3.1353520500e-01
3.1353378665e-01
3.1353240452e-01
3.1353105913e-01
3.1352978356e-01
3.1352854381e-01
3.1352734032e-01
3.1352617351e-01
3.1352506156e-01
3.1352398591e-01
3.1352294693e-01
3.1352194496e-01
3.1352098870e-01
3.1352006947e-01
3.1351918757e-01
3.1351834330e-01
3.1351753873e-01
3.1351677217e-01
3.1351604388e-01
3.1351535410e-01
3.1351470011e-01
3.1351408544e-01
3.1351351031e-01
3.1351297490e-01
3.1351247279e-01
3.1351201188e-01
3.1351159233e-01
3.1351121430e-01
3.1351086767e-01
3.1351056556e-01
3.1351030809e-01
3.1351009534e-01
3.1350991037e-01
3.1350978161e-01
3.1350970912e-01
3.1350969295e-01
3.1350972621e-01
3.1350980454e-01
3.1350992792e-01
3.1351009629e-01
3.1351030207e-01
3.1351054988e-01
3.1351083963e-01
3.1351117122e-01
3.1351153896e-01
3.1351194713e-01
3.1351239559e-01
3.1351288418e-01
3.1351340995e-01
3.1351397511e-01
3.1351457946e-01
3.1351522282e-01
3.1351590630e-01
3.1351662848e-01
3.1351738911e-01
3.1351818795e-01
3.1351903214e-01
3.1351991463e-01
3.1352083513e-01
3.1352179331e-01
3.1352280538e-01
3.1352385569e-01
3.1352494385e-01
3.1352606950e-01
3.1352726426e-01
3.1352849770e-01
3.1352976937e-01
3.1353107878e-01
3.1353249321e-01
3.1353394811e-01
3.1353544290e-01
3.1353697696e-01
3.1353873759e-01
3.1354054563e-01
3.1354240016e-01
3.1354430023e-01
3.1354620817e-01
3.1354815811e-01
3.1355014910e-01
3.1355218018e-01
3.1355411577e-01
3.1355608475e-01
3.1355808629e-01
3.1356011955e-01
3.1356210881e-01
3.1356412596e-01
3.1356617020e-01
3.1356824073e-01
3.1357030476e-01
3.1357239271e-01
3.1357450380e-01
3.1357663721e-01
3.1357878885e-01
3.1358096112e-01
3.1358315321e-01
3.1358536430e-01
3.1358763386e-01
3.1358992137e-01
3.1359222591e-01
3.1359454661e-01
3.1359686187e-01
3.1359919124e-01
3.1360153381e-01
3.1360388870e-01
3.1360622499e-01
3.1360857156e-01
3.1361092753e-01
3.1361329203e-01
3.1361566191e-01
3.1361803857e-01
3.1362042113e-01
3.1362280873e-01
3.1362521723e-01
3.1362762905e-01
3.1363004330e-01
3.1363245910e-01
3.1363490987e-01
3.1363736038e-01
3.1363980969e-01
3.1364225688e-01
3.1364475632e-01
3.1364725158e-01
3.1364974169e-01
3.1365222566e-01
3.1365478665e-01
3.1365733896e-01
3.1365988151e-01
3.1366241326e-01
3.1366508026e-01
3.1366773271e-01
3.1367036937e-01
3.1367298901e-01
3.1367563762e-01
3.1367826605e-01
3.1368087302e-01
3.1368345729e-01
3.1368599913e-01
3.1368851618e-01
3.1369100723e-01
3.1369347113e-01
3.1369593781e-01
3.1369837425e-01
3.1370077928e-01
3.1370315174e-01
3.1370557235e-01
3.1370795560e-01
3.1371030026e-01
3.1371260513e-01
3.1371502497e-01
3.1371739653e-01
3.1371971842e-01
3.1372198930e-01
3.1372448308e-01
3.1372690869e-01
3.1372926435e-01
3.1373154834e-01
3.1373360103e-01
3.1373558933e-01
3.1373751201e-01
3.1373936784e-01
3.1374104481e-01
3.1374266117e-01
3.1374421603e-01
3.1374570854e-01
3.1374710892e-01
3.1374844798e-01
3.1374972502e-01
3.1375093937e-01
3.1375208501e-01
3.1375316734e-01
3.1375418579e-01
3.1375513984e-01
3.1375603564e-01
3.1375686505e-01
3.1375762766e-01
3.1375832304e-01
3.1375896533e-01
3.1375953634e-01
3.1376003576e-01
3.1376046331e-01
3.1376084250e-01
3.1376113813e-01
3.1376135001e-01
3.1376147801e-01
3.1376152188e-01
3.1376148893e-01
3.1376137919e-01
3.1376119273e-01
3.1376094128e-01
3.1376061918e-01
3.1376022661e-01
3.1375976377e-01
3.1375924025e-01
3.1375864927e-01
3.1375799114e-01
3.1375726620e-01
3.1375647760e-01
3.1375562341e-01
3.1375470409e-01
3.1375372011e-01
3.1375266158e-01
3.1375153821e-01
3.1375035061e-01
3.1374909939e-01
3.1374774414e-01
3.1374632281e-01
3.1374483620e-01
3.1374328514e-01
3.1374155583e-01
3.1373975492e-01
3.1373788357e-01
3.1373594299e-01
3.1373391540e-01
3.1373181990e-01
3.1372965789e-01
3.1372743079e-01
3.1372536598e-01
3.1372325047e-01
3.1372108540e-01
3.1371887195e-01
3.1371671812e-01
3.1371452250e-01
3.1371228615e-01
3.1371001021e-01
3.1370775483e-01
3.1370546397e-01
3.1370313871e-01
3.1370078014e-01
3.1369840617e-01
3.1369600157e-01
3.1369356748e-01
3.1369110502e-01
3.1368857412e-01
3.1368601634e-01
3.1368343294e-01
3.1368082518e-01
3.1367831584e-01
3.1367578661e-01
3.1367323861e-01
3.1367067298e-01
3.1366820746e-01
3.1366572792e-01
3.1366323537e-01
3.1366073083e-01
3.1365828887e-01
3.1365583753e-01
3.1365337775e-01
3.1365091048e-01
3.1364848424e-01
3.1364605264e-01
3.1364361658e-01
3.1364117698e-01
3.1363876541e-01
3.1363635216e-01
3.1363393813e-01
3.1363152420e-01
3.1362912590e-01
3.1362672945e-01
3.1362433573e-01
3.1362194560e-01
3.1361955598e-01
3.1361717171e-01
3.1361479370e-01
3.1361242280e-01
3.1361001991e-01
3.1360762621e-01
3.1360524260e-01
3.1360287001e-01
3.1360051514e-01
3.1359817304e-01
3.1359584459e-01
3.1359353069e-01
3.1359125778e-01
3.1358900081e-01
3.1358676064e-01
3.1358453810e-01
3.1358232937e-01
3.1358014002e-01
3.1357797088e-01
3.1357582278e-01
3.1357366263e-01
3.1357152587e-01
3.1356941337e-01
3.1356732593e-01
3.1356518613e-01
3.1356307515e-01
3.1356099389e-01
3.1355894323e-01
3.1355669455e-01
3.1355448618e-01
3.1355231927e-01
3.1355019498e-01
3.1354825647e-01
3.1354635677e-01
3.1354449677e-01
3.1354267731e-01
3.1354102890e-01
3.1353941666e-01
3.1353784122e-01
3.1353630322e-01
3.1353486047e-01
3.1353345341e-01
3.1353208257e-01
3.1353074844e-01
3.1352948298e-01
3.1352825337e-01
3.1352706003e-01
3.1352590338e-01
3.1352480093e-01
3.1352373482e-01
3.1352270539e-01
3.1352171301e-01
3.1352076587e-01
3.1351985580e-01
3.1351898312e-01
3.1351814811e-01
3.1351735253e-01
3.1351659503e-01
3.1351587586e-01
3.1351519526e-01
3.1351455027e-01
3.1351394470e-01
3.1351337874e-01
3.1351285261e-01
3.1351235970e-01
3.1351190813e-01
3.1351149804e-01
3.1351112959e-01
3.1351079317e-01
3.1351050135e-01
3.1351025422e-01
3.1351005189e-01
3.1350989434e-01
3.1350978176e-01
3.1350971419e-01
3.1350969167e-01
