1.200000  0.533333  0.284665  0.882811  0.301094
1.206958  0.533173  0.284494  0.883245  0.301113
1.213955  0.533118  0.284441  0.882847  0.301223
1.220993  0.533071  0.284394  0.882402  0.301340
1.228072  0.533024  0.284350  0.881951  0.301460
1.235192  0.532978  0.284305  0.881498  0.301580
1.242353  0.532932  0.284261  0.881046  0.301702
1.249555  0.532886  0.284218  0.880594  0.301825
1.256800  0.532841  0.284174  0.880145  0.301949
1.264086  0.532795  0.284131  0.879700  0.302075
1.271416  0.532750  0.284088  0.879254  0.302202
1.278787  0.532705  0.284046  0.878808  0.302330
1.286201  0.532660  0.284004  0.878363  0.302459
1.293659  0.532616  0.283962  0.877924  0.302589
1.301159  0.532572  0.283921  0.877484  0.302721
1.308703  0.532528  0.283880  0.877045  0.302854
1.316291  0.532485  0.283840  0.876605  0.302988
1.323923  0.532442  0.283801  0.876172  0.303124
1.331599  0.532399  0.283762  0.875739  0.303261
1.339318  0.532358  0.283723  0.875306  0.303399
1.347084  0.532316  0.283685  0.874872  0.303538
1.354894  0.532275  0.283648  0.874446  0.303679
1.362750  0.532235  0.283612  0.874020  0.303821
1.370650  0.532195  0.283576  0.873592  0.303964
1.378597  0.532155  0.283541  0.873167  0.304109
1.386590  0.532117  0.283507  0.872747  0.304255
1.394629  0.532079  0.283474  0.872325  0.304403
1.402714  0.532041  0.283441  0.871901  0.304551
1.410847  0.532005  0.283410  0.871487  0.304701
1.419026  0.531970  0.283379  0.871073  0.304853
1.427253  0.531935  0.283350  0.870657  0.305005
1.435528  0.531901  0.283321  0.870244  0.305159
1.443850  0.531867  0.283294  0.869839  0.305315
1.452221  0.531835  0.283268  0.869433  0.305471
1.460641  0.531804  0.283243  0.869024  0.305629
1.469109  0.531774  0.283219  0.868626  0.305788
1.477626  0.531746  0.283196  0.868230  0.305949
1.486192  0.531718  0.283175  0.867831  0.306110
1.494808  0.531691  0.283155  0.867432  0.306274
1.503474  0.531666  0.283136  0.867045  0.306438
1.512191  0.531641  0.283119  0.866657  0.306604
1.520958  0.531618  0.283104  0.866268  0.306770
1.529775  0.531597  0.283089  0.865885  0.306938
1.538644  0.531576  0.283077  0.865511  0.307108
1.547564  0.531558  0.283066  0.865133  0.307278
1.556536  0.531540  0.283057  0.864754  0.307450
1.565560  0.531525  0.283050  0.864387  0.307623
1.574637  0.531511  0.283044  0.864024  0.307797
1.583766  0.531499  0.283041  0.863658  0.307972
1.592948  0.531489  0.283040  0.863290  0.308148
1.602183  0.531481  0.283041  0.862937  0.308326
1.611471  0.531474  0.283044  0.862588  0.308504
1.620814  0.531469  0.283049  0.862238  0.308684
1.630210  0.531466  0.283056  0.861886  0.308864
1.639662  0.531466  0.283066  0.861548  0.309045
1.649167  0.531467  0.283077  0.861216  0.309227
1.658729  0.531471  0.283092  0.860883  0.309411
1.668345  0.531477  0.283109  0.860551  0.309594
1.678017  0.531485  0.283128  0.860221  0.309779
1.687745  0.531497  0.283151  0.859909  0.309964
1.697530  0.531511  0.283176  0.859598  0.310150
1.707372  0.531527  0.283204  0.859288  0.310337
1.717270  0.531546  0.283235  0.858979  0.310524
1.727226  0.531568  0.283269  0.858672  0.310712
1.737239  0.531592  0.283306  0.858385  0.310900
1.747311  0.531619  0.283345  0.858102  0.311088
1.757441  0.531650  0.283388  0.857823  0.311276
1.767630  0.531683  0.283435  0.857547  0.311464
1.777878  0.531720  0.283485  0.857272  0.311653
1.788185  0.531760  0.283538  0.856999  0.311842
1.798552  0.531802  0.283595  0.856734  0.312030
1.808979  0.531849  0.283655  0.856488  0.312217
1.819466  0.531897  0.283718  0.856247  0.312405
1.830015  0.531950  0.283785  0.856012  0.312591
1.840624  0.532007  0.283856  0.855782  0.312777
1.851295  0.532067  0.283930  0.855559  0.312962
1.862028  0.532130  0.284009  0.855341  0.313146
1.872823  0.532197  0.284091  0.855128  0.313329
1.883681  0.532269  0.284178  0.854921  0.313511
1.894601  0.532345  0.284268  0.854724  0.313691
1.905585  0.532424  0.284363  0.854533  0.313870
1.916633  0.532506  0.284461  0.854351  0.314046
1.927745  0.532591  0.284562  0.854180  0.314220
1.938921  0.532682  0.284669  0.854016  0.314393
1.950162  0.532777  0.284779  0.853859  0.314562
1.961468  0.532875  0.284893  0.853713  0.314729
1.972839  0.532977  0.285011  0.853575  0.314892
1.984277  0.533082  0.285133  0.853446  0.315052
1.995781  0.533191  0.285259  0.853325  0.315209
2.007351  0.533305  0.285388  0.853212  0.315362
2.018989  0.533422  0.285522  0.853107  0.315511
2.030694  0.533543  0.285659  0.853010  0.315655
2.042467  0.533667  0.285799  0.852918  0.315795
2.054308  0.533794  0.285943  0.852834  0.315929
2.066218  0.533926  0.286091  0.852755  0.316059
2.078197  0.534061  0.286242  0.852692  0.316182
2.090245  0.534198  0.286396  0.852646  0.316300
2.102364  0.534338  0.286553  0.852606  0.316411
2.114552  0.534482  0.286712  0.852572  0.316515
2.126811  0.534629  0.286874  0.852541  0.316613
2.139141  0.534778  0.287039  0.852511  0.316702
2.151543  0.534930  0.287206  0.852492  0.316784
2.164016  0.535083  0.287374  0.852502  0.316857
2.176562  0.535239  0.287545  0.852510  0.316922
2.189181  0.535399  0.287718  0.852521  0.316977
2.201873  0.535558  0.287892  0.852523  0.317022
2.214638  0.535719  0.288066  0.852551  0.317057
2.227477  0.535880  0.288241  0.852596  0.317080
2.240391  0.536041  0.288416  0.852637  0.317090
2.253380  0.536204  0.288591  0.852674  0.317088
2.266444  0.536369  0.288767  0.852729  0.317070
2.279583  0.536532  0.288941  0.852808  0.317036
2.292799  0.536692  0.289113  0.852880  0.316982
2.306092  0.536851  0.289283  0.852953  0.316905
2.319461  0.537008  0.289449  0.853067  0.316798
2.332908  0.537161  0.289610  0.853215  0.316649
2.346433  0.537302  0.289759  0.853399  0.316420
2.360037  0.537427  0.289883  0.853739  0.316047
2.373719  0.537331  0.289767  0.855299  0.315017
2.387480  0.531054  0.282615  0.898624  0.302686
2.401322  0.531951  0.283271  0.898309  0.300953
2.415243  0.532759  0.284076  0.891108  0.301066
2.429246  0.532993  0.284318  0.886836  0.301217
2.443329  0.533034  0.284357  0.884455  0.301346
2.457494  0.533011  0.284336  0.883003  0.301470
2.471742  0.532971  0.284299  0.882020  0.301592
2.486072  0.532927  0.284257  0.881303  0.301714
2.500485  0.532882  0.284213  0.880710  0.301837
2.514981  0.532836  0.284170  0.880177  0.301962
2.529562  0.532791  0.284127  0.879693  0.302087
2.544227  0.532746  0.284084  0.879224  0.302214
2.558977  0.532701  0.284042  0.878762  0.302342
2.573812  0.532657  0.284000  0.878322  0.302472
2.588734  0.532612  0.283959  0.877865  0.302602
2.603742  0.532568  0.283918  0.877430  0.302734
2.618837  0.532524  0.283877  0.876993  0.302867
2.634020  0.532481  0.283837  0.876539  0.303002
2.649291  0.532439  0.283797  0.876121  0.303137
2.664650  0.532396  0.283758  0.875681  0.303274
2.680098  0.532354  0.283720  0.875243  0.303413
2.695636  0.532313  0.283682  0.874822  0.303552
2.711264  0.532272  0.283645  0.874380  0.303693
2.726983  0.532231  0.283609  0.873959  0.303835
2.742792  0.532191  0.283573  0.873538  0.303979
2.758693  0.532152  0.283538  0.873094  0.304124
2.774687  0.532114  0.283504  0.872689  0.304270
2.790773  0.532076  0.283471  0.872268  0.304417
2.806953  0.532039  0.283439  0.871832  0.304566
2.823226  0.532002  0.283407  0.871436  0.304716
2.839594  0.531966  0.283377  0.871014  0.304868
2.856056  0.531932  0.283347  0.870594  0.305020
2.872614  0.531898  0.283319  0.870199  0.305174
2.889268  0.531865  0.283292  0.869776  0.305330
2.906019  0.531833  0.283266  0.869374  0.305486
2.922866  0.531802  0.283241  0.868979  0.305645
2.939812  0.531772  0.283217  0.868555  0.305804
2.956855  0.531743  0.283194  0.868174  0.305964
2.973997  0.531715  0.283173  0.867780  0.306126
2.991239  0.531689  0.283153  0.867358  0.306289
3.008581  0.531663  0.283135  0.866997  0.306454
3.026023  0.531639  0.283117  0.866603  0.306620
3.043566  0.531616  0.283102  0.866203  0.306787
3.061211  0.531595  0.283088  0.865843  0.306955
3.078959  0.531575  0.283076  0.865447  0.307124
3.096809  0.531556  0.283065  0.865073  0.307295
3.114763  0.531540  0.283057  0.864712  0.307467
3.132820  0.531524  0.283050  0.864311  0.307640
3.150983  0.531510  0.283045  0.863969  0.307814
3.169251  0.531499  0.283042  0.863604  0.307989
3.187624  0.531488  0.283041  0.863216  0.308166
3.206105  0.531480  0.283041  0.862893  0.308343
3.224692  0.531473  0.283044  0.862525  0.308521
3.243387  0.531469  0.283049  0.862176  0.308701
3.262191  0.531466  0.283057  0.861848  0.308881
3.281103  0.531466  0.283067  0.861469  0.309063
3.300125  0.531468  0.283079  0.861167  0.309245
3.319258  0.531472  0.283094  0.860826  0.309428
3.338501  0.531479  0.283111  0.860482  0.309612
3.357856  0.531488  0.283131  0.860185  0.309797
3.377323  0.531499  0.283154  0.859830  0.309983
3.396903  0.531513  0.283179  0.859547  0.310169
3.416596  0.531529  0.283207  0.859233  0.310355
3.436404  0.531548  0.283238  0.858912  0.310542
3.456327  0.531570  0.283272  0.858641  0.310730
3.476365  0.531595  0.283310  0.858300  0.310918
3.496519  0.531623  0.283350  0.858057  0.311106
3.516790  0.531653  0.283393  0.857757  0.311294
3.537178  0.531687  0.283440  0.857484  0.311483
3.557685  0.531724  0.283490  0.857225  0.311671
3.578311  0.531764  0.283543  0.856925  0.311860
3.599056  0.531807  0.283600  0.856708  0.312048
3.619921  0.531853  0.283661  0.856401  0.312235
3.640908  0.531903  0.283725  0.856210  0.312423
3.662016  0.531957  0.283792  0.855937  0.312609
3.683246  0.532014  0.283864  0.855733  0.312795
3.704600  0.532074  0.283939  0.855494  0.312980
3.726077  0.532138  0.284018  0.855282  0.313165
3.747679  0.532206  0.284101  0.855075  0.313347
3.769406  0.532277  0.284187  0.854859  0.313529
3.791259  0.532353  0.284278  0.854682  0.313709
3.813239  0.532432  0.284372  0.854469  0.313887
3.835346  0.532515  0.284471  0.854317  0.314063
3.857582  0.532601  0.284574  0.854113  0.314237
3.879946  0.532692  0.284680  0.853981  0.314409
3.902440  0.532787  0.284790  0.853795  0.314578
3.925064  0.532885  0.284905  0.853677  0.314745
3.947820  0.532987  0.285023  0.853514  0.314908
3.970707  0.533093  0.285146  0.853402  0.315068
3.993727  0.533203  0.285272  0.853270  0.315224
4.016881  0.533317  0.285402  0.853156  0.315377
4.040169  0.533434  0.285536  0.853063  0.315525
4.063591  0.533556  0.285673  0.852937  0.315669
4.087150  0.533680  0.285814  0.852889  0.315808
4.110845  0.533809  0.285959  0.852739  0.315942
4.134678  0.533940  0.286107  0.852743  0.316071
4.158649  0.534075  0.286258  0.852618  0.316194
4.182758  0.534214  0.286412  0.852619  0.316311
4.207008  0.534355  0.286569  0.852558  0.316421
4.231398  0.534499  0.286729  0.852509  0.316525
4.255929  0.534646  0.286891  0.852516  0.316622
4.280603  0.534795  0.287056  0.852405  0.316711
4.305420  0.534947  0.287223  0.852484  0.316792
4.330380  0.535101  0.287393  0.852444  0.316864
4.355486  0.535257  0.287563  0.852452  0.316928
4.380736  0.535415  0.287736  0.852494  0.316982
4.406134  0.535575  0.287909  0.852415  0.317026
4.431678  0.535735  0.288083  0.852536  0.317059
4.457371  0.535896  0.288258  0.852549  0.317081
4.483212  0.536057  0.288433  0.852565  0.317091
4.509204  0.536220  0.288608  0.852668  0.317087
4.535346  0.536382  0.288782  0.852659  0.317068
4.561639  0.536544  0.288955  0.852767  0.317032
4.588086  0.536705  0.289127  0.852863  0.316976
4.614685  0.536865  0.289297  0.852848  0.316896
4.641439  0.537021  0.289463  0.853056  0.316785
4.668347  0.537172  0.289623  0.853186  0.316628
4.695412  0.537318  0.289773  0.853305  0.316400
4.722634  0.537437  0.289892  0.853763  0.316006
4.750013  0.537248  0.289679  0.855782  0.314764
4.777551  0.530980  0.282488  0.900067  0.302269
4.805249  0.532046  0.283365  0.897591  0.300954
4.833107  0.532791  0.284108  0.890589  0.301083
4.861127  0.533004  0.284324  0.886590  0.301230
4.889309  0.533032  0.284356  0.884261  0.301359
4.917655  0.533006  0.284333  0.882835  0.301482
4.946165  0.532968  0.284295  0.881934  0.301605
4.974840  0.532924  0.284253  0.881179  0.301725
5.003682  0.532878  0.284210  0.880606  0.301849
5.032691  0.532833  0.284166  0.880103  0.301974
5.061868  0.532787  0.284124  0.879608  0.302100
5.091214  0.532742  0.284081  0.879111  0.302227
5.120730  0.532697  0.284039  0.878666  0.302355
5.150417  0.532653  0.283997  0.878230  0.302485
5.180277  0.532608  0.283955  0.877798  0.302616
5.210309  0.532564  0.283914  0.877348  0.302747
5.240516  0.532521  0.283874  0.876906  0.302881
5.270898  0.532478  0.283834  0.876475  0.303015
5.301456  0.532435  0.283794  0.876024  0.303151
5.332191  0.532393  0.283755  0.875602  0.303288
5.363104  0.532351  0.283717  0.875169  0.303427
5.394197  0.532309  0.283680  0.874722  0.303566
5.425470  0.532268  0.283643  0.874310  0.303707
5.456927  0.532228  0.283606  0.873875  0.303850
5.488567  0.532188  0.283571  0.873443  0.303993
5.520388  0.532149  0.283536  0.873031  0.304138
5.552394  0.532111  0.283502  0.872596  0.304285
5.584589  0.532073  0.283469  0.872180  0.304432
5.616968  0.532036  0.283437  0.871768  0.304581
5.649533  0.532000  0.283405  0.871333  0.304731
5.682289  0.531964  0.283375  0.870935  0.304883
5.715236  0.531929  0.283345  0.870521  0.305036
5.748373  0.531895  0.283317  0.870088  0.305190
5.781699  0.531863  0.283290  0.869703  0.305345
5.815223  0.531830  0.283264  0.869290  0.305502
5.848940  0.531799  0.283239  0.868874  0.305660
5.882850  0.531770  0.283215  0.868492  0.305820
5.916955  0.531742  0.283193  0.868081  0.305981
5.951259  0.531714  0.283172  0.867684  0.306143
5.985762  0.531687  0.283152  0.867301  0.306306
6.020464  0.531662  0.283134  0.866887  0.306471
6.055368  0.531638  0.283117  0.866515  0.306636
6.090475  0.531615  0.283102  0.866134  0.306803
6.125784  0.531594  0.283088  0.865720  0.306971
6.161303  0.531573  0.283076  0.865371  0.307141
6.197026  0.531554  0.283066  0.864986  0.307312
6.232955  0.531538  0.283057  0.864597  0.307484
6.269091  0.531524  0.283050  0.864251  0.307657
6.305436  0.531510  0.283046  0.863864  0.307831
6.341991  0.531499  0.283043  0.863507  0.308007
6.378759  0.531489  0.283042  0.863158  0.308183
6.415740  0.531480  0.283043  0.862765  0.308361
6.452939  0.531473  0.283046  0.862446  0.308539
6.490352  0.531469  0.283052  0.862089  0.308719
6.527981  0.531467  0.283059  0.861729  0.308900
6.565827  0.531468  0.283070  0.861415  0.309081
6.603892  0.531470  0.283082  0.861048  0.309264
6.642178  0.531474  0.283097  0.860736  0.309447
6.680686  0.531481  0.283114  0.860411  0.309631
6.719418  0.531490  0.283135  0.860057  0.309816
6.758373  0.531502  0.283158  0.859775  0.310001
6.797555  0.531516  0.283183  0.859432  0.310187
6.836964  0.531532  0.283212  0.859142  0.310374
6.876601  0.531552  0.283243  0.858840  0.310561
6.916468  0.531574  0.283277  0.858513  0.310748
6.956567  0.531599  0.283315  0.858256  0.310936
6.996897  0.531627  0.283356  0.857925  0.311125
7.037462  0.531658  0.283399  0.857681  0.311313
7.078262  0.531692  0.283446  0.857390  0.311501
7.119298  0.531729  0.283497  0.857118  0.311690
7.160572  0.531769  0.283550  0.856869  0.311878
7.202085  0.531813  0.283608  0.856572  0.312066
7.243839  0.531860  0.283669  0.856364  0.312254
7.285836  0.531910  0.283733  0.856062  0.312441
7.328075  0.531964  0.283801  0.855879  0.312628
7.370560  0.532021  0.283873  0.855610  0.312814
7.413290  0.532082  0.283948  0.855417  0.312999
7.456269  0.532146  0.284028  0.855181  0.313182
7.499497  0.532214  0.284111  0.854983  0.313365
7.542975  0.532286  0.284198  0.854775  0.313546
7.586705  0.532362  0.284289  0.854578  0.313726
7.630689  0.532441  0.284384  0.854397  0.313904
7.674928  0.532525  0.284483  0.854206  0.314080
7.719423  0.532612  0.284586  0.854046  0.314254
7.764177  0.532703  0.284692  0.853870  0.314426
7.809189  0.532798  0.284803  0.853726  0.314594
7.854463  0.532896  0.284918  0.853570  0.314760
7.899999  0.532998  0.285037  0.853434  0.314923
7.945799  0.533104  0.285159  0.853306  0.315083
7.991865  0.533216  0.285286  0.853173  0.315239
8.038198  0.533330  0.285416  0.853081  0.315391
8.084799  0.533448  0.285551  0.852937  0.315539
8.131671  0.533569  0.285689  0.852885  0.315682
8.178814  0.533695  0.285830  0.852724  0.315821
8.226230  0.533823  0.285974  0.852722  0.315954
8.273922  0.533955  0.286123  0.852590  0.316083
8.321890  0.534091  0.286275  0.852581  0.316205
8.370136  0.534230  0.286429  0.852508  0.316322
8.418661  0.534370  0.286586  0.852456  0.316431
8.467468  0.534515  0.286746  0.852452  0.316534
8.516558  0.534662  0.286909  0.852343  0.316630
8.565933  0.534811  0.287074  0.852405  0.316718
8.615594  0.534963  0.287242  0.852347  0.316799
8.665543  0.535118  0.287411  0.852364  0.316870
8.715781  0.535274  0.287582  0.852387  0.316933
8.766311  0.535431  0.287754  0.852315  0.316986
8.817133  0.535590  0.287927  0.852420  0.317029
8.868250  0.535751  0.288101  0.852412  0.317061
8.919664  0.535913  0.288276  0.852441  0.317082
8.971376  0.536075  0.288451  0.852523  0.317090
9.023387  0.536237  0.288626  0.852487  0.317085
9.075700  0.536399  0.288801  0.852614  0.317064
9.128316  0.536561  0.288974  0.852680  0.317026
9.181237  0.536722  0.289145  0.852685  0.316969
9.234466  0.536882  0.289316  0.852859  0.316887
9.288002  0.537037  0.289481  0.852937  0.316771
9.341849  0.537188  0.289640  0.853047  0.316609
9.396008  0.537329  0.289786  0.853329  0.316359
9.450482  0.537443  0.289897  0.853709  0.315936
9.505271  0.536993  0.289421  0.856862  0.314173
9.560377  0.530968  0.282420  0.901327  0.301830
9.615803  0.532164  0.283481  0.896639  0.300958
9.671551  0.532831  0.284147  0.889978  0.301103
9.727622  0.533011  0.284333  0.886187  0.301247
9.784017  0.533032  0.284356  0.883995  0.301377
9.840740  0.533006  0.284332  0.882654  0.301500
9.897792  0.532964  0.284293  0.881680  0.301621
9.955174  0.532920  0.284251  0.881020  0.301744
10.012889  0.532875  0.284208  0.880422  0.301867
10.070938  0.532830  0.284165  0.879860  0.301992
10.129325  0.532785  0.284122  0.879400  0.302118
10.188049  0.532740  0.284079  0.878953  0.302245
10.247114  0.532695  0.284037  0.878496  0.302373
10.306522  0.532651  0.283995  0.878024  0.302503
10.366274  0.532606  0.283954  0.877593  0.302633
10.426372  0.532563  0.283913  0.877143  0.302766
10.486819  0.532519  0.283872  0.876709  0.302899
10.547616  0.532476  0.283833  0.876273  0.303034
10.608765  0.532433  0.283793  0.875818  0.303170
10.670270  0.532391  0.283754  0.875397  0.303307
10.732130  0.532349  0.283716  0.874960  0.303445
10.794350  0.532308  0.283679  0.874516  0.303585
10.856930  0.532267  0.283642  0.874099  0.303727
10.919873  0.532227  0.283606  0.873660  0.303869
10.983181  0.532187  0.283571  0.873232  0.304013
11.046855  0.532148  0.283536  0.872814  0.304158
11.110899  0.532110  0.283502  0.872374  0.304304
11.175315  0.532073  0.283469  0.871963  0.304452
11.240103  0.532036  0.283437  0.871545  0.304601
11.305268  0.531999  0.283406  0.871103  0.304751
11.370810  0.531964  0.283376  0.870709  0.304903
11.436732  0.531929  0.283347  0.870291  0.305056
11.503037  0.531896  0.283318  0.869864  0.305211
11.569726  0.531863  0.283291  0.869473  0.305366
11.636801  0.531832  0.283266  0.869054  0.305523
11.704265  0.531801  0.283241  0.868644  0.305682
11.772120  0.531771  0.283218  0.868254  0.305841
11.840369  0.531743  0.283195  0.867834  0.306002
11.909013  0.531715  0.283175  0.867448  0.306164
11.978056  0.531689  0.283155  0.867058  0.306328
12.047498  0.531664  0.283137  0.866636  0.306492
12.117344  0.531640  0.283120  0.866274  0.306658
12.187594  0.531617  0.283105  0.865884  0.306825
12.258251  0.531596  0.283092  0.865478  0.306994
12.329318  0.531577  0.283080  0.865123  0.307164
12.400797  0.531559  0.283070  0.864731  0.307334
12.472691  0.531542  0.283062  0.864350  0.307507
12.545001  0.531527  0.283055  0.863993  0.307680
12.617730  0.531514  0.283051  0.863597  0.307854
12.690882  0.531503  0.283048  0.863249  0.308029
12.764457  0.531493  0.283048  0.862889  0.308206
12.838459  0.531485  0.283049  0.862501  0.308383
12.912889  0.531479  0.283053  0.862180  0.308562
12.987752  0.531475  0.283058  0.861813  0.308742
13.063048  0.531473  0.283067  0.861469  0.308922
13.138783  0.531473  0.283077  0.861141  0.309104
13.214959  0.531475  0.283090  0.860760  0.309286
13.291575  0.531481  0.283105  0.860466  0.309470
13.368633  0.531488  0.283123  0.860129  0.309654
13.446138  0.531497  0.283144  0.859794  0.309839
13.524092  0.531509  0.283167  0.859499  0.310025
13.602498  0.531524  0.283193  0.859144  0.310211
13.681358  0.531541  0.283222  0.858865  0.310398
13.760676  0.531561  0.283254  0.858549  0.310585
13.840454  0.531583  0.283288  0.858233  0.310773
13.920698  0.531608  0.283326  0.857961  0.310961
14.001404  0.531637  0.283367  0.857620  0.311149
14.082577  0.531668  0.283411  0.857387  0.311337
14.164220  0.531703  0.283459  0.857077  0.311525
14.246337  0.531740  0.283510  0.856816  0.311713
14.328930  0.531781  0.283564  0.856543  0.311901
14.412002  0.531825  0.283622  0.856281  0.312088
14.495558  0.531871  0.283683  0.856049  0.312275
14.579597  0.531922  0.283748  0.855764  0.312462
14.664122  0.531977  0.283816  0.855564  0.312649
14.749137  0.532035  0.283888  0.855260  0.312835
14.834646  0.532095  0.283964  0.855110  0.313020
14.920651  0.532160  0.284044  0.854849  0.313205
15.007153  0.532229  0.284128  0.854699  0.313388
15.094157  0.532302  0.284215  0.854458  0.313570
15.181666  0.532377  0.284307  0.854275  0.313750
15.269683  0.532457  0.284402  0.854070  0.313927
15.358209  0.532541  0.284501  0.853925  0.314101
15.447248  0.532629  0.284605  0.853749  0.314274
15.536804  0.532720  0.284712  0.853567  0.314443
15.626879  0.532815  0.284823  0.853391  0.314611
15.717477  0.532914  0.284938  0.853252  0.314777
15.808599  0.533017  0.285057  0.853111  0.314940
15.900250  0.533124  0.285180  0.852992  0.315100
15.992432  0.533235  0.285307  0.852814  0.315258
16.085148  0.533349  0.285438  0.852704  0.315410
16.178402  0.533467  0.285572  0.852551  0.315558
16.272196  0.533589  0.285710  0.852539  0.315700
16.366535  0.533714  0.285851  0.852338  0.315836
16.461420  0.533842  0.285996  0.852288  0.315967
16.556855  0.533975  0.286145  0.852259  0.316094
16.652844  0.534113  0.286297  0.852198  0.316216
16.749388  0.534250  0.286452  0.852116  0.316331
16.846492  0.534391  0.286608  0.851966  0.316442
16.944160  0.534534  0.286768  0.852085  0.316546
17.042394  0.534682  0.286931  0.852038  0.316641
17.141197  0.534832  0.287096  0.851994  0.316728
17.240573  0.534984  0.287263  0.851991  0.316805
17.340525  0.535137  0.287432  0.851973  0.316875
17.441057  0.535293  0.287602  0.852109  0.316937
17.542171  0.535452  0.287775  0.851934  0.316988
17.643871  0.535609  0.287947  0.852056  0.317031
17.746161  0.535767  0.288119  0.852207  0.317063
17.849045  0.535930  0.288294  0.852166  0.317083
17.952524  0.536092  0.288470  0.852149  0.317088
