1.200000  0.533333  0.284665  0.882811  0.301094
1.206962  0.533287  0.284656  0.882725  0.301253
1.213961  0.533199  0.284619  0.882527  0.301392
1.221000  0.533088  0.284555  0.882257  0.301503
1.228079  0.532978  0.284471  0.881958  0.301593
1.235198  0.532881  0.284378  0.881667  0.301675
1.242359  0.532801  0.284285  0.881394  0.301760
1.249562  0.532727  0.284196  0.881125  0.301849
1.256806  0.532661  0.284118  0.880871  0.301950
1.264093  0.532593  0.284042  0.880615  0.302056
1.271421  0.532519  0.283973  0.880350  0.302167
1.278792  0.532440  0.283901  0.880085  0.302278
1.286206  0.532352  0.283826  0.879810  0.302385
1.293663  0.532263  0.283746  0.879534  0.302489
1.301163  0.532174  0.283662  0.879270  0.302589
1.308706  0.532087  0.283576  0.879012  0.302690
1.316294  0.532006  0.283490  0.878767  0.302792
1.323926  0.531922  0.283407  0.878524  0.302898
1.331604  0.531837  0.283324  0.878281  0.303006
1.339326  0.531754  0.283242  0.878046  0.303115
1.347092  0.531671  0.283159  0.877821  0.303226
1.354902  0.531589  0.283077  0.877600  0.303338
1.362757  0.531508  0.282995  0.877389  0.303452
1.370661  0.531422  0.282911  0.877172  0.303565
1.378610  0.531336  0.282828  0.876955  0.303680
1.386604  0.531248  0.282744  0.876751  0.303795
1.394644  0.531160  0.282660  0.876546  0.303911
1.402730  0.531071  0.282576  0.876347  0.304029
1.410863  0.530982  0.282491  0.876155  0.304147
1.419044  0.530892  0.282405  0.875959  0.304265
1.427272  0.530801  0.282318  0.875778  0.304383
1.435547  0.530709  0.282231  0.875594  0.304502
1.443869  0.530617  0.282143  0.875417  0.304622
1.452242  0.530525  0.282055  0.875247  0.304743
1.460663  0.530432  0.281966  0.875075  0.304865
1.469132  0.530339  0.281877  0.874918  0.304987
1.477649  0.530246  0.281788  0.874757  0.305110
1.486216  0.530152  0.281698  0.874609  0.305234
1.494835  0.530058  0.281608  0.874460  0.305359
1.503502  0.529963  0.281518  0.874318  0.305485
1.512219  0.529868  0.281428  0.874184  0.305612
1.520986  0.529773  0.281337  0.874049  0.305740
1.529806  0.529676  0.281246  0.873927  0.305868
1.538676  0.529579  0.281155  0.873799  0.305997
1.547598  0.529482  0.281063  0.873691  0.306127
1.556570  0.529384  0.280971  0.873575  0.306258
1.565595  0.529286  0.280879  0.873478  0.306389
1.574672  0.529187  0.280787  0.873375  0.306522
1.583802  0.529088  0.280694  0.873287  0.306654
1.592984  0.528988  0.280601  0.873198  0.306788
1.602220  0.528888  0.280507  0.873119  0.306922
1.611509  0.528787  0.280413  0.873044  0.307057
1.620852  0.528686  0.280319  0.872975  0.307192
1.630249  0.528585  0.280225  0.872915  0.307328
1.639701  0.528483  0.280131  0.872857  0.307465
1.649207  0.528380  0.280036  0.872811  0.307602
1.658769  0.528278  0.279941  0.872764  0.307741
1.668386  0.528174  0.279846  0.872732  0.307879
1.678058  0.528071  0.279750  0.872696  0.308019
1.687786  0.527967  0.279655  0.872679  0.308159
1.697571  0.527862  0.279559  0.872656  0.308299
1.707413  0.527758  0.279463  0.872654  0.308440
1.717312  0.527652  0.279367  0.872643  0.308582
1.727268  0.527547  0.279270  0.872655  0.308724
1.737282  0.527441  0.279174  0.872658  0.308867
1.747353  0.527334  0.279077  0.872685  0.309010
1.757484  0.527227  0.278981  0.872702  0.309154
1.767673  0.527120  0.278884  0.872743  0.309298
1.777921  0.527013  0.278787  0.872775  0.309442
1.788228  0.526905  0.278690  0.872831  0.309587
1.798596  0.526797  0.278592  0.872878  0.309732
1.809023  0.526688  0.278495  0.872949  0.309878
1.819511  0.526580  0.278398  0.873011  0.310024
1.830059  0.526471  0.278300  0.873097  0.310170
1.840669  0.526361  0.278203  0.873176  0.310317
1.851341  0.526251  0.278105  0.873277  0.310463
1.862074  0.526142  0.278008  0.873372  0.310610
1.872869  0.526032  0.277910  0.873488  0.310757
1.883727  0.525921  0.277813  0.873600  0.310905
1.894648  0.525811  0.277715  0.873730  0.311052
1.905632  0.525700  0.277618  0.873861  0.311200
1.916681  0.525588  0.277521  0.874006  0.311347
1.927793  0.525477  0.277423  0.874154  0.311495
1.938969  0.525365  0.277326  0.874313  0.311643
1.950211  0.525253  0.277229  0.874480  0.311791
1.961517  0.525141  0.277132  0.874653  0.311938
1.972889  0.525030  0.277034  0.874837  0.312086
1.984327  0.524918  0.276937  0.875023  0.312234
1.995831  0.524806  0.276841  0.875227  0.312381
2.007402  0.524693  0.276744  0.875429  0.312528
2.019041  0.524580  0.276647  0.875655  0.312675
2.030746  0.524467  0.276551  0.875872  0.312822
2.042520  0.524353  0.276454  0.876118  0.312968
2.054361  0.524240  0.276358  0.876349  0.313115
2.066272  0.524127  0.276262  0.876615  0.313260
2.078251  0.524014  0.276166  0.876860  0.313406
2.090299  0.523901  0.276070  0.877147  0.313551
2.102418  0.523787  0.275975  0.877407  0.313695
2.114607  0.523674  0.275880  0.877717  0.313839
2.126867  0.523560  0.275785  0.877994  0.313982
2.139198  0.523446  0.275690  0.878324  0.314124
2.151600  0.523332  0.275596  0.878620  0.314266
2.164074  0.523219  0.275502  0.878965  0.314407
2.176620  0.523105  0.275408  0.879280  0.314548
2.189239  0.522992  0.275314  0.879637  0.314687
2.201931  0.522879  0.275221  0.879970  0.314826
2.214697  0.522766  0.275128  0.880343  0.314963
2.227537  0.522652  0.275036  0.880700  0.315100
2.240451  0.522538  0.274943  0.881089  0.315235
2.253441  0.522424  0.274851  0.881465  0.315369
2.266505  0.522310  0.274760  0.881867  0.315502
2.279646  0.522197  0.274669  0.882260  0.315634
2.292862  0.522083  0.274578  0.882673  0.315764
2.306155  0.521970  0.274488  0.883082  0.315894
2.319524  0.521857  0.274398  0.883504  0.316021
2.332972  0.521744  0.274308  0.883934  0.316148
2.346497  0.521631  0.274219  0.884375  0.316272
2.360101  0.521519  0.274130  0.884827  0.316395
2.373784  0.521406  0.274042  0.885281  0.316516
2.387546  0.521294  0.273954  0.885751  0.316636
2.401388  0.521182  0.273866  0.886218  0.316754
2.415310  0.521070  0.273779  0.886704  0.316869
2.429313  0.520958  0.273692  0.887185  0.316983
2.443397  0.520846  0.273606  0.887694  0.317095
2.457562  0.520735  0.273520  0.888192  0.317204
2.471810  0.520623  0.273435  0.888717  0.317312
2.486140  0.520512  0.273350  0.889228  0.317417
2.500554  0.520401  0.273266  0.889768  0.317520
2.515051  0.520290  0.273182  0.890288  0.317621
2.529632  0.520179  0.273098  0.890844  0.317719
2.544297  0.520068  0.273015  0.891382  0.317814
2.559048  0.519958  0.272933  0.891956  0.317907
2.573884  0.519848  0.272850  0.892506  0.317997
2.588806  0.519738  0.272769  0.893093  0.318084
2.603815  0.519628  0.272687  0.893652  0.318168
2.618911  0.519518  0.272607  0.894246  0.318250
2.634094  0.519409  0.272526  0.894813  0.318328
2.649365  0.519300  0.272446  0.895424  0.318403
2.664725  0.519192  0.272367  0.896007  0.318475
2.680173  0.519083  0.272288  0.896628  0.318544
2.695712  0.518976  0.272209  0.897221  0.318609
2.711340  0.518868  0.272131  0.897849  0.318671
2.727059  0.518761  0.272054  0.898455  0.318730
2.742869  0.518654  0.271977  0.899095  0.318785
2.758771  0.518548  0.271900  0.899715  0.318836
2.774765  0.518441  0.271824  0.900363  0.318884
2.790852  0.518335  0.271749  0.900994  0.318927
2.807031  0.518229  0.271674  0.901644  0.318967
2.823305  0.518124  0.271599  0.902290  0.319003
2.839673  0.518019  0.271525  0.902949  0.319034
2.856137  0.517914  0.271451  0.903607  0.319061
2.872695  0.517810  0.271378  0.904267  0.319084
2.889349  0.517706  0.271305  0.904935  0.319102
2.906100  0.517602  0.271233  0.905592  0.319116
2.922949  0.517498  0.271160  0.906274  0.319125
2.939894  0.517394  0.271088  0.906933  0.319130
2.956938  0.517290  0.271016  0.907624  0.319129
2.974081  0.517186  0.270945  0.908275  0.319124
2.991324  0.517081  0.270873  0.908970  0.319113
3.008666  0.516977  0.270802  0.909612  0.319098
3.026108  0.516873  0.270731  0.910321  0.319077
3.043652  0.516769  0.270660  0.910959  0.319050
3.061298  0.516666  0.270589  0.911677  0.319018
3.079046  0.516562  0.270519  0.912305  0.318981
3.096896  0.516459  0.270449  0.913034  0.318938
3.114851  0.516356  0.270379  0.913656  0.318889
3.132909  0.516254  0.270309  0.914397  0.318835
3.151072  0.516151  0.270239  0.915024  0.318774
3.169340  0.516048  0.270170  0.915757  0.318708
3.187714  0.515946  0.270101  0.916393  0.318635
3.206195  0.515843  0.270032  0.917114  0.318556
3.224783  0.515740  0.269963  0.917756  0.318470
3.243479  0.515636  0.269894  0.918460  0.318378
3.262283  0.515532  0.269825  0.919105  0.318278
3.281196  0.515428  0.269756  0.919795  0.318174
3.300219  0.515324  0.269686  0.920444  0.318071
3.319352  0.515219  0.269617  0.921112  0.317970
3.338596  0.515113  0.269547  0.921760  0.317870
3.357951  0.515008  0.269477  0.922410  0.317773
3.377419  0.514904  0.269406  0.923067  0.317677
3.396999  0.514799  0.269335  0.923698  0.317582
3.416693  0.514696  0.269263  0.924364  0.317490
3.436502  0.514593  0.269190  0.924988  0.317399
3.456425  0.514492  0.269117  0.925682  0.317310
3.476463  0.514392  0.269043  0.926306  0.317223
3.496618  0.514290  0.268968  0.927030  0.317137
3.516890  0.514185  0.268893  0.927630  0.317053
3.537279  0.514078  0.268818  0.928366  0.316971
3.557786  0.513967  0.268743  0.928953  0.316892
3.578412  0.513854  0.268664  0.929688  0.316811
3.599158  0.513738  0.268583  0.930288  0.316731
3.620024  0.513619  0.268499  0.930998  0.316650
3.641011  0.513497  0.268412  0.931600  0.316568
3.662120  0.513371  0.268321  0.932291  0.316485
3.683351  0.513242  0.268226  0.932911  0.316402
3.704705  0.513110  0.268126  0.933587  0.316316
3.726183  0.512973  0.268022  0.934223  0.316229
3.747786  0.512824  0.267911  0.934882  0.316137
3.769514  0.512667  0.267792  0.935531  0.316042
3.791367  0.512503  0.267666  0.936175  0.315942
3.813348  0.512330  0.267531  0.936840  0.315839
3.835455  0.512142  0.267385  0.937485  0.315727
3.857691  0.511946  0.267227  0.938190  0.315608
3.880056  0.511736  0.267057  0.938847  0.315483
3.902551  0.511515  0.266875  0.939596  0.315353
3.925176  0.511299  0.266680  0.940274  0.315218
3.947932  0.511093  0.266485  0.941059  0.315096
3.970820  0.510916  0.266296  0.941723  0.314995
3.993841  0.510784  0.266129  0.942485  0.314937
4.016995  0.510708  0.266001  0.943034  0.314939
4.040284  0.510684  0.265922  0.943638  0.315010
4.063707  0.510685  0.265892  0.943936  0.315146
4.087266  0.510674  0.265893  0.944282  0.315320
4.110962  0.510631  0.265898  0.944319  0.315495
4.134795  0.510556  0.265890  0.944521  0.315650
4.158767  0.510461  0.265862  0.944509  0.315777
4.182877  0.510356  0.265817  0.944750  0.315881
4.207127  0.510249  0.265759  0.944835  0.315968
4.231518  0.510142  0.265695  0.945179  0.316044
4.256050  0.510034  0.265627  0.945365  0.316113
4.280725  0.509925  0.265556  0.945787  0.316176
4.305542  0.509813  0.265482  0.946034  0.316235
4.330503  0.509700  0.265405  0.946505  0.316289
4.355609  0.509586  0.265327  0.946782  0.316340
4.380861  0.509471  0.265247  0.947283  0.316389
4.406259  0.509356  0.265165  0.947570  0.316436
4.431804  0.509241  0.265084  0.948089  0.316483
4.457498  0.509125  0.265002  0.948369  0.316531
4.483340  0.509010  0.264919  0.948901  0.316578
4.509332  0.508895  0.264837  0.949170  0.316626
4.535475  0.508780  0.264755  0.949704  0.316675
4.561769  0.508665  0.264673  0.949977  0.316725
4.588216  0.508550  0.264592  0.950493  0.316776
4.614816  0.508436  0.264511  0.950773  0.316828
4.641570  0.508322  0.264430  0.951265  0.316881
4.668480  0.508208  0.264350  0.951557  0.316935
4.695545  0.508094  0.264270  0.952022  0.316990
4.722767  0.507980  0.264191  0.952329  0.317046
4.750148  0.507867  0.264112  0.952762  0.317103
4.777687  0.507755  0.264034  0.953092  0.317161
4.805385  0.507642  0.263957  0.953489  0.317218
4.833244  0.507530  0.263880  0.953845  0.317278
4.861265  0.507418  0.263803  0.954202  0.317337
4.889448  0.507306  0.263727  0.954592  0.317397
4.917795  0.507194  0.263652  0.954901  0.317456
4.946305  0.507083  0.263577  0.955331  0.317516
4.974981  0.506972  0.263503  0.955587  0.317576
5.003824  0.506861  0.263430  0.956065  0.317636
5.032833  0.506750  0.263357  0.956258  0.317696
5.062011  0.506640  0.263284  0.956791  0.317755
5.091358  0.506529  0.263212  0.957019  0.317814
5.120875  0.506419  0.263141  0.957509  0.317873
5.150563  0.506310  0.263070  0.957791  0.317930
5.180424  0.506200  0.262999  0.958216  0.317988
5.210457  0.506091  0.262929  0.958561  0.318044
5.240665  0.505982  0.262860  0.958910  0.318099
5.271047  0.505873  0.262791  0.959325  0.318153
5.301606  0.505764  0.262722  0.959588  0.318207
5.332342  0.505655  0.262655  0.960082  0.318259
5.363256  0.505547  0.262587  0.960258  0.318310
5.394350  0.505439  0.262520  0.960827  0.318359
5.425623  0.505331  0.262454  0.961081  0.318407
5.457078  0.505223  0.262388  0.961556  0.318453
5.488716  0.505115  0.262322  0.961897  0.318498
5.520536  0.505007  0.262257  0.962262  0.318540
5.552542  0.504900  0.262192  0.962699  0.318581
5.584732  0.504793  0.262128  0.962938  0.318619
5.617110  0.504685  0.262064  0.963485  0.318656
5.649675  0.504579  0.262000  0.963695  0.318690
5.682429  0.504472  0.261937  0.964249  0.318723
5.715373  0.504365  0.261875  0.964564  0.318752
5.748507  0.504259  0.261813  0.964972  0.318781
5.781834  0.504152  0.261751  0.965403  0.318805
5.815354  0.504046  0.261690  0.965649  0.318828
5.849069  0.503939  0.261629  0.966211  0.318847
5.882979  0.503832  0.261568  0.966420  0.318864
5.917085  0.503726  0.261507  0.966982  0.318878
5.951389  0.503619  0.261447  0.967324  0.318889
5.985892  0.503514  0.261387  0.967705  0.318897
6.020596  0.503408  0.261328  0.968193  0.318902
6.055500  0.503303  0.261268  0.968365  0.318905
6.090607  0.503198  0.261210  0.969012  0.318904
6.125917  0.503093  0.261151  0.969285  0.318900
6.161432  0.502988  0.261093  0.969767  0.318894
6.197152  0.502884  0.261035  0.970201  0.318884
6.233080  0.502779  0.260977  0.970450  0.318870
6.269217  0.502675  0.260920  0.971063  0.318854
6.305562  0.502570  0.260863  0.971294  0.318835
6.342119  0.502465  0.260805  0.971854  0.318813
6.378887  0.502359  0.260748  0.972254  0.318787
6.415868  0.502252  0.260691  0.972534  0.318759
6.453064  0.502146  0.260634  0.973123  0.318728
6.490476  0.502040  0.260577  0.973322  0.318694
6.528104  0.501933  0.260519  0.973894  0.318658
6.565951  0.501827  0.260462  0.974290  0.318619
6.604017  0.501721  0.260404  0.974554  0.318579
6.642304  0.501616  0.260347  0.975173  0.318536
6.680812  0.501510  0.260290  0.975388  0.318493
6.719544  0.501404  0.260233  0.975940  0.318448
6.758501  0.501297  0.260176  0.976375  0.318401
6.797683  0.501190  0.260118  0.976562  0.318354
6.837092  0.501083  0.260061  0.977243  0.318305
6.876730  0.500975  0.260003  0.977506  0.318255
6.916598  0.500867  0.259944  0.977974  0.318204
6.956697  0.500758  0.259885  0.978484  0.318153
6.997028  0.500649  0.259825  0.978578  0.318101
7.037593  0.500539  0.259766  0.979300  0.318049
7.078394  0.500428  0.259705  0.979640  0.317997
7.119431  0.500317  0.259644  0.979923  0.317945
7.160705  0.500205  0.259582  0.980544  0.317893
7.202219  0.500092  0.259519  0.980729  0.317841
7.243974  0.499978  0.259456  0.981255  0.317788
7.285971  0.499862  0.259391  0.981727  0.317736
7.328211  0.499745  0.259324  0.981769  0.317684
7.370696  0.499626  0.259256  0.982518  0.317631
7.413428  0.499505  0.259186  0.982851  0.317579
7.456407  0.499381  0.259114  0.983065  0.317527
7.499636  0.499256  0.259040  0.983734  0.317475
7.543115  0.499127  0.258963  0.983945  0.317422
7.586846  0.498995  0.258883  0.984361  0.317368
7.630830  0.498859  0.258799  0.984907  0.317314
7.675070  0.498718  0.258711  0.985001  0.317258
7.719566  0.498572  0.258618  0.985599  0.317200
7.764320  0.498419  0.258519  0.986048  0.317140
7.809334  0.498258  0.258413  0.986052  0.317079
7.854608  0.498088  0.258299  0.986836  0.317013
7.900145  0.497908  0.258176  0.987208  0.316943
7.945946  0.497718  0.258042  0.987289  0.316867
7.992013  0.497516  0.257896  0.988086  0.316787
8.038346  0.497302  0.257739  0.988403  0.316703
8.084948  0.497082  0.257568  0.988631  0.316617
8.131821  0.496858  0.257390  0.989387  0.316534
8.178965  0.496642  0.257206  0.989651  0.316458
8.226382  0.496449  0.257027  0.989964  0.316402
8.274075  0.496298  0.256866  0.990630  0.316380
8.322043  0.496202  0.256741  0.990750  0.316412
8.370290  0.496159  0.256662  0.990976  0.316502
8.418817  0.496142  0.256634  0.991382  0.316655
8.467625  0.496116  0.256638  0.991190  0.316838
8.516716  0.496060  0.256646  0.991184  0.317023
8.566091  0.495973  0.256643  0.991379  0.317187
8.615753  0.495866  0.256621  0.991091  0.317326
8.665703  0.495748  0.256583  0.991124  0.317445
8.715942  0.495627  0.256531  0.991440  0.317544
8.766473  0.495506  0.256473  0.991298  0.317632
8.817296  0.495386  0.256411  0.991423  0.317714
8.868414  0.495264  0.256346  0.991885  0.317787
8.919829  0.495140  0.256278  0.991857  0.317854
8.971541  0.495014  0.256209  0.991945  0.317917
9.023554  0.494886  0.256137  0.992516  0.317973
9.075868  0.494758  0.256063  0.992575  0.318026
9.128485  0.494630  0.255989  0.992527  0.318076
9.181407  0.494502  0.255914  0.993207  0.318121
9.234636  0.494373  0.255838  0.993355  0.318168
9.288174  0.494245  0.255763  0.993082  0.318210
9.342022  0.494116  0.255687  0.993885  0.318253
9.396182  0.493988  0.255612  0.994138  0.318294
9.450656  0.493859  0.255536  0.993890  0.318333
9.505446  0.493731  0.255461  0.994509  0.318374
9.560554  0.493603  0.255387  0.994894  0.318412
9.615981  0.493476  0.255313  0.994760  0.318450
9.671730  0.493348  0.255239  0.995047  0.318488
9.727801  0.493221  0.255166  0.995599  0.318523
9.784198  0.493094  0.255093  0.995612  0.318561
9.840922  0.492968  0.255021  0.995470  0.318595
9.897974  0.492841  0.254949  0.996229  0.318629
9.955358  0.492715  0.254878  0.996425  0.318662
10.013074  0.492590  0.254808  0.996110  0.318692
10.071124  0.492464  0.254738  0.996752  0.318725
10.129512  0.492339  0.254668  0.997174  0.318753
10.188237  0.492214  0.254600  0.997058  0.318780
10.247303  0.492089  0.254531  0.997127  0.318807
10.306712  0.491964  0.254464  0.997823  0.318830
10.366465  0.491840  0.254396  0.997951  0.318854
10.426564  0.491716  0.254330  0.997566  0.318875
10.487012  0.491592  0.254263  0.998327  0.318893
10.547811  0.491469  0.254198  0.998751  0.318911
10.608961  0.491345  0.254132  0.998628  0.318924
10.670467  0.491222  0.254068  0.998623  0.318939
10.732328  0.491099  0.254003  0.999397  0.318948
10.794549  0.490976  0.253939  0.999587  0.318957
10.857130  0.490853  0.253876  0.999248  0.318963
10.920074  0.490730  0.253813  0.999809  0.318965
10.983383  0.490608  0.253750  1.000377  0.318967
11.047059  0.490485  0.253687  1.000376  0.318964
11.111104  0.490363  0.253626  0.999894  0.318962
11.175521  0.490241  0.253564  1.000910  0.318954
11.240311  0.490119  0.253503  1.001308  0.318947
11.305476  0.489997  0.253443  1.001144  0.318935
11.371020  0.489875  0.253382  1.001038  0.318923
11.436943  0.489753  0.253322  1.001910  0.318906
11.503248  0.489631  0.253262  1.002171  0.318888
11.569938  0.489509  0.253202  1.001883  0.318867
11.637015  0.489387  0.253143  1.002071  0.318845
11.704480  0.489266  0.253084  1.002859  0.318819
11.772337  0.489144  0.253025  1.003043  0.318794
11.840587  0.489023  0.252967  1.002678  0.318763
11.909232  0.488901  0.252908  1.003063  0.318735
11.978276  0.488779  0.252850  1.003806  0.318702
12.047720  0.488657  0.252792  1.003941  0.318670
12.117566  0.488536  0.252734  1.003527  0.318634
12.187818  0.488414  0.252677  1.003992  0.318598
12.258476  0.488293  0.252619  1.004734  0.318561
12.329545  0.488171  0.252561  1.004861  0.318521
12.401025  0.488049  0.252504  1.004435  0.318484
12.472920  0.487927  0.252447  1.004831  0.318442
12.545231  0.487805  0.252389  1.005635  0.318403
12.617962  0.487682  0.252332  1.005809  0.318360
12.691114  0.487559  0.252274  1.005416  0.318319
12.764691  0.487436  0.252216  1.005552  0.318277
12.838694  0.487313  0.252158  1.006453  0.318234
12.913126  0.487189  0.252100  1.006734  0.318192
12.987990  0.487065  0.252042  1.006433  0.318148
13.063288  0.486941  0.251984  1.006143  0.318108
13.139022  0.486816  0.251925  1.007199  0.318063
13.215195  0.486690  0.251865  1.007634  0.318023
13.291810  0.486564  0.251805  1.007468  0.317977
13.368869  0.486436  0.251744  1.006750  0.317938
13.446375  0.486308  0.251682  1.007821  0.317892
13.524330  0.486178  0.251619  1.008456  0.317853
13.602737  0.486048  0.251556  1.008483  0.317899
13.681599  0.485915  0.251490  1.007953  0.317968
13.760917  0.485781  0.251424  1.008233  0.318035
13.840696  0.485645  0.251355  1.009151  0.318100
13.920937  0.485506  0.251284  1.009436  0.318163
14.001644  0.485364  0.251211  1.009126  0.318223
14.082818  0.485218  0.251134  1.008396  0.318280
14.164463  0.485068  0.251054  1.009693  0.318335
14.246581  0.484914  0.250969  1.010298  0.318387
14.329176  0.484755  0.250880  1.010282  0.318438
14.412249  0.484591  0.250785  1.009715  0.318489
14.495804  0.484419  0.250684  1.009898  0.318537
14.579843  0.484242  0.250577  1.010963  0.318581
14.664369  0.484059  0.250463  1.011354  0.318623
14.749386  0.483873  0.250342  1.011144  0.318661
14.834895  0.483691  0.250219  1.010388  0.318697
14.920900  0.483521  0.250096  1.011236  0.318730
15.007404  0.483374  0.249984  1.012128  0.318761
15.094409  0.483257  0.249891  1.012303  0.318791
15.181918  0.483170  0.249824  1.011807  0.318822
15.269935  0.483099  0.249786  1.010685  0.318852
15.358463  0.483028  0.249766  1.011641  0.318879
15.447503  0.482942  0.249752  1.012107  0.318899
15.537060  0.482838  0.249733  1.011884  0.318910
15.627136  0.482721  0.249704  1.011081  0.318913
15.717734  0.482596  0.249664  1.009788  0.318910
15.808857  0.482470  0.249617  1.010894  0.318902
15.900509  0.482343  0.249566  1.011515  0.318893
15.992692  0.482218  0.249512  1.011508  0.318884
16.085409  0.482092  0.249458  1.010927  0.318872
16.178664  0.481965  0.249402  1.009829  0.318857
16.272459  0.481835  0.249345  1.010805  0.318838
16.366799  0.481705  0.249285  1.011670  0.318813
16.461685  0.481574  0.249225  1.011870  0.318787
16.557121  0.481444  0.249164  1.011466  0.318757
16.653111  0.481315  0.249104  1.010516  0.318721
16.749657  0.481185  0.249043  1.010780  0.318712
16.846763  0.481053  0.248981  1.011918  0.318743
16.944432  0.480920  0.248919  1.012357  0.318767
17.042667  0.480789  0.248856  1.012171  0.318791
17.141471  0.480659  0.248793  1.011422  0.318817
17.240849  0.480531  0.248732  1.010383  0.318841
17.340802  0.480403  0.248672  1.011927  0.318863
17.441335  0.480274  0.248612  1.012717  0.318885
17.542451  0.480142  0.248552  1.012838  0.318907
17.644153  0.480010  0.248490  1.012368  0.318921
17.746445  0.479878  0.248428  1.011371  0.318930
17.849330  0.479748  0.248366  1.011412  0.318941
17.952811  0.479621  0.248305  1.012747  0.318960
