1.200000  0.533333  0.284665  0.882811  0.301094
1.206958  0.533232  0.284572  0.882748  0.301177
1.213968  0.533150  0.284488  0.882564  0.301264
1.221015  0.533073  0.284410  0.882333  0.301357
1.228104  0.533003  0.284339  0.882058  0.301457
1.235232  0.532936  0.284272  0.881749  0.301561
1.242399  0.532873  0.284209  0.881422  0.301668
1.249604  0.532812  0.284149  0.881076  0.301779
1.256849  0.532753  0.284091  0.880715  0.301893
1.264136  0.532696  0.284036  0.880340  0.302009
1.271465  0.532640  0.283982  0.879960  0.302128
1.278836  0.532586  0.283929  0.879576  0.302249
1.286250  0.532532  0.283877  0.879184  0.302371
1.293707  0.532479  0.283826  0.878787  0.302495
1.301207  0.532427  0.283776  0.878395  0.302621
1.308751  0.532375  0.283727  0.878002  0.302748
1.316338  0.532324  0.283678  0.877606  0.302877
1.323970  0.532272  0.283630  0.877210  0.303007
1.331646  0.532221  0.283582  0.876822  0.303138
1.339366  0.532171  0.283534  0.876432  0.303270
1.347131  0.532121  0.283487  0.876040  0.303404
1.354941  0.532071  0.283441  0.875655  0.303538
1.362796  0.532021  0.283394  0.875273  0.303675
1.370697  0.531972  0.283349  0.874889  0.303812
1.378643  0.531923  0.283304  0.874506  0.303950
1.386636  0.531874  0.283259  0.874133  0.304090
1.394675  0.531826  0.283215  0.873757  0.304231
1.402761  0.531779  0.283172  0.873379  0.304373
1.410893  0.531731  0.283129  0.873014  0.304516
1.419073  0.531684  0.283087  0.872648  0.304661
1.427300  0.531638  0.283045  0.872280  0.304807
1.435575  0.531592  0.283004  0.871922  0.304953
1.443898  0.531547  0.282964  0.871566  0.305102
1.452269  0.531503  0.282924  0.871209  0.305251
1.460688  0.531458  0.282885  0.870858  0.305401
1.469157  0.531415  0.282847  0.870515  0.305552
1.477674  0.531372  0.282810  0.870169  0.305705
1.486241  0.531329  0.282773  0.869827  0.305859
1.494858  0.531288  0.282737  0.869497  0.306014
1.503524  0.531248  0.282702  0.869164  0.306170
1.512241  0.531207  0.282668  0.868831  0.306327
1.521008  0.531168  0.282636  0.868512  0.306485
1.529826  0.531129  0.282604  0.868190  0.306644
1.538695  0.531091  0.282573  0.867866  0.306804
1.547616  0.531055  0.282543  0.867560  0.306965
1.556588  0.531019  0.282515  0.867251  0.307128
1.565612  0.530984  0.282488  0.866939  0.307291
1.574689  0.530950  0.282461  0.866645  0.307455
1.583819  0.530917  0.282437  0.866351  0.307621
1.593001  0.530885  0.282413  0.866054  0.307787
1.602236  0.530854  0.282391  0.865770  0.307954
1.611525  0.530825  0.282370  0.865493  0.308123
1.620868  0.530798  0.282351  0.865212  0.308292
1.630265  0.530772  0.282333  0.864938  0.308462
1.639716  0.530747  0.282317  0.864679  0.308633
1.649222  0.530723  0.282302  0.864418  0.308804
1.658784  0.530700  0.282289  0.864152  0.308977
1.668401  0.530679  0.282278  0.863912  0.309150
1.678073  0.530660  0.282268  0.863670  0.309324
1.687802  0.530642  0.282260  0.863426  0.309498
1.697587  0.530625  0.282254  0.863195  0.309673
1.707428  0.530610  0.282249  0.862978  0.309849
1.717327  0.530597  0.282246  0.862759  0.310024
1.727283  0.530585  0.282245  0.862538  0.310201
1.737297  0.530576  0.282247  0.862341  0.310378
1.747369  0.530568  0.282250  0.862147  0.310555
1.757500  0.530562  0.282255  0.861951  0.310732
1.767689  0.530557  0.282263  0.861756  0.310910
1.777937  0.530555  0.282272  0.861590  0.311088
1.788245  0.530555  0.282284  0.861422  0.311265
1.798612  0.530557  0.282298  0.861255  0.311443
1.809039  0.530561  0.282315  0.861089  0.311621
1.819527  0.530567  0.282334  0.860950  0.311798
1.830076  0.530575  0.282355  0.860815  0.311976
1.840686  0.530585  0.282378  0.860681  0.312153
1.851357  0.530598  0.282404  0.860550  0.312329
1.862090  0.530612  0.282432  0.860431  0.312505
1.872886  0.530629  0.282463  0.860332  0.312680
1.883744  0.530649  0.282496  0.860235  0.312855
1.894665  0.530670  0.282532  0.860142  0.313028
1.905649  0.530694  0.282571  0.860052  0.313201
1.916697  0.530721  0.282612  0.859972  0.313372
1.927809  0.530750  0.282656  0.859916  0.313543
1.938986  0.530782  0.282703  0.859867  0.313712
1.950227  0.530818  0.282752  0.859823  0.313880
1.961533  0.530858  0.282805  0.859786  0.314046
1.972905  0.530902  0.282861  0.859754  0.314211
1.984343  0.530945  0.282921  0.859721  0.314374
1.995847  0.530992  0.282983  0.859711  0.314535
2.007418  0.531042  0.283048  0.859711  0.314693
2.019056  0.531095  0.283116  0.859720  0.314850
2.030762  0.531151  0.283187  0.859735  0.315003
2.042535  0.531209  0.283260  0.859758  0.315154
2.054376  0.531269  0.283337  0.859788  0.315302
2.066287  0.531333  0.283417  0.859824  0.315447
2.078266  0.531399  0.283499  0.859867  0.315588
2.090315  0.531469  0.283584  0.859918  0.315726
2.102433  0.531541  0.283672  0.859978  0.315860
2.114622  0.531616  0.283763  0.860046  0.315990
2.126882  0.531692  0.283857  0.860130  0.316116
2.139212  0.531771  0.283953  0.860218  0.316238
2.151614  0.531856  0.284052  0.860322  0.316355
2.164088  0.531947  0.284154  0.860443  0.316468
2.176634  0.532039  0.284259  0.860568  0.316575
2.189253  0.532132  0.284367  0.860700  0.316677
2.201946  0.532228  0.284477  0.860837  0.316774
2.214711  0.532325  0.284590  0.860979  0.316864
2.227551  0.532424  0.284705  0.861121  0.316948
2.240465  0.532525  0.284822  0.861265  0.317025
2.253454  0.532629  0.284941  0.861417  0.317095
2.266519  0.532735  0.285061  0.861573  0.317159
2.279659  0.532843  0.285184  0.861732  0.317215
2.292875  0.532951  0.285309  0.861905  0.317262
2.306168  0.533060  0.285435  0.862082  0.317302
2.319538  0.533173  0.285562  0.862270  0.317333
2.332985  0.533291  0.285691  0.862467  0.317355
2.346511  0.533412  0.285821  0.862673  0.317367
2.360115  0.533532  0.285953  0.862881  0.317369
2.373798  0.533651  0.286085  0.863088  0.317361
2.387560  0.533772  0.286218  0.863297  0.317339
2.401401  0.533894  0.286351  0.863505  0.317305
2.415324  0.534015  0.286483  0.863712  0.317257
2.429326  0.534134  0.286615  0.863919  0.317193
2.443410  0.534252  0.286746  0.864124  0.317112
2.457576  0.534372  0.286875  0.864362  0.317010
2.471824  0.534493  0.287000  0.864622  0.316886
2.486154  0.534606  0.287122  0.864893  0.316730
2.500568  0.534713  0.287237  0.865178  0.316539
2.515065  0.534810  0.287342  0.865491  0.316321
2.529646  0.534896  0.287430  0.865855  0.316077
2.544311  0.534955  0.287491  0.866313  0.315784
2.559062  0.534959  0.287497  0.866973  0.315404
2.573898  0.534830  0.287374  0.868095  0.314819
2.588820  0.534287  0.286867  0.870491  0.313671
2.603829  0.533011  0.285470  0.876515  0.311382
2.618924  0.532320  0.284618  0.881331  0.310001
2.634107  0.531537  0.283697  0.885795  0.308621
2.649379  0.530898  0.282922  0.889953  0.307454
2.664738  0.530417  0.282323  0.893302  0.306527
2.680187  0.530080  0.281886  0.895785  0.305816
2.695726  0.529862  0.281587  0.897462  0.305288
2.711354  0.529739  0.281399  0.898440  0.304909
2.727073  0.529688  0.281296  0.898835  0.304650
2.742883  0.529690  0.281256  0.898794  0.304486
2.758785  0.529729  0.281262  0.898394  0.304395
2.774779  0.529792  0.281300  0.897714  0.304364
2.790866  0.529869  0.281359  0.896827  0.304376
2.807046  0.529955  0.281430  0.895789  0.304425
2.823320  0.530043  0.281507  0.894655  0.304499
2.839688  0.530131  0.281586  0.893475  0.304596
2.856151  0.530214  0.281665  0.892238  0.304709
2.872709  0.530290  0.281739  0.890951  0.304834
2.889364  0.530362  0.281808  0.889727  0.304969
2.906115  0.530426  0.281871  0.888452  0.305111
2.922963  0.530481  0.281929  0.887251  0.305259
2.939909  0.530530  0.281980  0.886033  0.305412
2.956953  0.530572  0.282025  0.884846  0.305569
2.974096  0.530609  0.282064  0.883727  0.305728
2.991338  0.530639  0.282098  0.882631  0.305890
3.008680  0.530663  0.282126  0.881561  0.306054
3.026123  0.530682  0.282150  0.880524  0.306219
3.043667  0.530696  0.282169  0.879528  0.306385
3.061312  0.530705  0.282184  0.878573  0.306553
3.079060  0.530711  0.282196  0.877655  0.306721
3.096911  0.530713  0.282205  0.876773  0.306889
3.114865  0.530712  0.282211  0.875918  0.307059
3.132924  0.530710  0.282215  0.875090  0.307230
3.151087  0.530705  0.282217  0.874283  0.307401
3.169355  0.530697  0.282217  0.873548  0.307572
3.187730  0.530688  0.282216  0.872843  0.307744
3.206210  0.530678  0.282214  0.872140  0.307917
3.224798  0.530667  0.282212  0.871440  0.308090
3.243494  0.530656  0.282209  0.870840  0.308264
3.262298  0.530646  0.282206  0.870232  0.308437
3.281211  0.530636  0.282203  0.869623  0.308613
3.300234  0.530625  0.282200  0.869106  0.308788
3.319367  0.530613  0.282198  0.868545  0.308964
3.338611  0.530601  0.282197  0.868035  0.309140
3.357967  0.530586  0.282195  0.867527  0.309316
3.377434  0.530573  0.282194  0.867018  0.309492
3.397015  0.530564  0.282194  0.866588  0.309669
3.416709  0.530556  0.282195  0.866116  0.309847
3.436518  0.530550  0.282198  0.865752  0.310025
3.456441  0.530544  0.282203  0.865314  0.310203
3.476479  0.530537  0.282208  0.864989  0.310380
3.496634  0.530532  0.282215  0.864568  0.310559
3.516906  0.530529  0.282224  0.864273  0.310738
3.537295  0.530528  0.282235  0.863887  0.310916
3.557802  0.530529  0.282248  0.863621  0.311095
3.578429  0.530532  0.282262  0.863284  0.311274
3.599175  0.530537  0.282279  0.863045  0.311453
3.620041  0.530545  0.282298  0.862752  0.311631
3.641028  0.530553  0.282319  0.862531  0.311809
3.662137  0.530561  0.282342  0.862273  0.311987
3.683368  0.530570  0.282366  0.862046  0.312164
3.704722  0.530584  0.282393  0.861836  0.312341
3.726200  0.530602  0.282423  0.861622  0.312517
3.747803  0.530622  0.282455  0.861469  0.312693
3.769531  0.530644  0.282491  0.861252  0.312868
3.791385  0.530668  0.282528  0.861150  0.313043
3.813365  0.530694  0.282569  0.860939  0.313216
3.835473  0.530722  0.282611  0.860873  0.313388
3.857709  0.530754  0.282657  0.860708  0.313558
3.880074  0.530787  0.282705  0.860637  0.313728
3.902569  0.530823  0.282756  0.860519  0.313895
3.925194  0.530861  0.282809  0.860441  0.314061
3.947950  0.530903  0.282866  0.860371  0.314226
3.970838  0.530947  0.282925  0.860287  0.314388
3.993859  0.530994  0.282987  0.860269  0.314549
4.017014  0.531044  0.283052  0.860184  0.314707
4.040302  0.531098  0.283120  0.860217  0.314863
4.063726  0.531153  0.283191  0.860124  0.315016
4.087285  0.531211  0.283264  0.860198  0.315167
4.110981  0.531272  0.283341  0.860121  0.315314
4.134815  0.531336  0.283420  0.860213  0.315459
4.158786  0.531402  0.283503  0.860175  0.315600
4.182897  0.531471  0.283588  0.860273  0.315737
4.207147  0.531543  0.283676  0.860269  0.315871
4.231538  0.531619  0.283766  0.860375  0.316001
4.256070  0.531697  0.283860  0.860399  0.316127
4.280745  0.531779  0.283957  0.860514  0.316248
4.305562  0.531864  0.284056  0.860561  0.316365
4.330524  0.531951  0.284159  0.860691  0.316477
4.355630  0.532041  0.284264  0.860756  0.316584
4.380882  0.532134  0.284372  0.860906  0.316685
4.406280  0.532229  0.284482  0.860982  0.316781
4.431825  0.532326  0.284594  0.861152  0.316871
4.457518  0.532425  0.284709  0.861233  0.316954
4.483361  0.532528  0.284826  0.861432  0.317031
4.509353  0.532632  0.284946  0.861508  0.317101
4.535496  0.532738  0.285067  0.861738  0.317164
4.561791  0.532845  0.285190  0.861800  0.317219
4.588237  0.532954  0.285314  0.862058  0.317266
4.614838  0.533067  0.285441  0.862122  0.317305
4.641592  0.533183  0.285568  0.862409  0.317335
4.668502  0.533301  0.285698  0.862519  0.317357
4.695567  0.533418  0.285828  0.862777  0.317368
4.722790  0.533535  0.285960  0.862927  0.317369
4.750170  0.533655  0.286092  0.863147  0.317359
4.777709  0.533777  0.286225  0.863353  0.317337
4.805408  0.533899  0.286357  0.863529  0.317301
4.833267  0.534019  0.286490  0.863787  0.317252
4.861288  0.534138  0.286622  0.863905  0.317187
4.889471  0.534259  0.286752  0.864227  0.317104
4.917818  0.534381  0.286881  0.864356  0.317001
4.946329  0.534497  0.287006  0.864695  0.316873
4.975005  0.534608  0.287127  0.864903  0.316716
5.003848  0.534711  0.287241  0.865197  0.316519
5.032857  0.534809  0.287343  0.865536  0.316296
5.062035  0.534899  0.287432  0.865839  0.316055
5.091382  0.534957  0.287493  0.866398  0.315767
5.120899  0.534959  0.287495  0.866956  0.315382
5.150588  0.534807  0.287357  0.868207  0.314773
5.180448  0.534218  0.286805  0.870722  0.313562
5.210482  0.532969  0.285396  0.876906  0.311269
5.240689  0.532266  0.284556  0.881602  0.309916
5.271072  0.531491  0.283643  0.886078  0.308549
5.301631  0.530863  0.282880  0.890158  0.307400
5.332367  0.530392  0.282292  0.893436  0.306489
5.363282  0.530063  0.281864  0.895865  0.305790
5.394375  0.529851  0.281573  0.897503  0.305274
5.425649  0.529733  0.281390  0.898454  0.304903
5.457104  0.529685  0.281290  0.898833  0.304650
5.488742  0.529689  0.281254  0.898758  0.304490
5.520563  0.529728  0.281261  0.898329  0.304404
5.552568  0.529792  0.281300  0.897634  0.304374
5.584759  0.529870  0.281359  0.896747  0.304389
5.617136  0.529955  0.281430  0.895719  0.304440
5.649702  0.530043  0.281507  0.894593  0.304516
5.682456  0.530129  0.281585  0.893390  0.304613
5.715400  0.530212  0.281663  0.892124  0.304726
5.748535  0.530288  0.281737  0.890792  0.304851
5.781862  0.530358  0.281805  0.889593  0.304985
5.815382  0.530423  0.281869  0.888401  0.305127
5.849096  0.530479  0.281926  0.887144  0.305277
5.883006  0.530527  0.281977  0.885871  0.305431
5.917113  0.530570  0.282022  0.884795  0.305586
5.951418  0.530606  0.282061  0.883606  0.305746
5.985921  0.530636  0.282095  0.882517  0.305909
6.020624  0.530659  0.282123  0.881479  0.306071
6.055529  0.530677  0.282146  0.880383  0.306237
6.090635  0.530692  0.282165  0.879462  0.306403
6.125946  0.530701  0.282181  0.878431  0.306571
6.161461  0.530706  0.282193  0.877578  0.306740
6.197182  0.530708  0.282201  0.876651  0.306906
6.233110  0.530708  0.282207  0.875805  0.307079
6.269246  0.530705  0.282211  0.875021  0.307249
6.305592  0.530699  0.282213  0.874107  0.307417
6.342149  0.530692  0.282214  0.873496  0.307591
6.378917  0.530684  0.282213  0.872718  0.307764
6.415899  0.530674  0.282211  0.872004  0.307935
6.453095  0.530664  0.282209  0.871424  0.308107
6.490507  0.530654  0.282206  0.870707  0.308283
6.528135  0.530641  0.282203  0.870098  0.308457
6.565982  0.530624  0.282199  0.869584  0.308631
6.604048  0.530606  0.282195  0.868945  0.308804
6.642335  0.530596  0.282191  0.868332  0.308977
6.680844  0.530591  0.282189  0.867960  0.309155
6.719576  0.530583  0.282188  0.867469  0.309333
6.758533  0.530572  0.282190  0.866871  0.309512
6.797715  0.530562  0.282191  0.866513  0.309689
6.837125  0.530551  0.282192  0.866129  0.309865
6.876763  0.530543  0.282195  0.865652  0.310042
6.916631  0.530538  0.282200  0.865086  0.310219
6.956730  0.530534  0.282206  0.864863  0.310397
6.997061  0.530530  0.282214  0.864560  0.310576
7.037627  0.530528  0.282223  0.864163  0.310756
7.078427  0.530526  0.282234  0.863672  0.310935
7.119464  0.530526  0.282246  0.863521  0.311113
7.160739  0.530529  0.282261  0.863288  0.311292
7.202254  0.530535  0.282278  0.862959  0.311471
7.244008  0.530543  0.282297  0.862539  0.311650
7.286005  0.530553  0.282319  0.862380  0.311829
7.328246  0.530563  0.282343  0.862237  0.312007
7.370731  0.530574  0.282368  0.861992  0.312184
7.413463  0.530587  0.282396  0.861651  0.312360
7.456443  0.530603  0.282426  0.861418  0.312536
7.499671  0.530622  0.282458  0.861376  0.312711
7.543150  0.530643  0.282493  0.861230  0.312886
7.586882  0.530666  0.282530  0.860985  0.313059
7.630867  0.530693  0.282570  0.860644  0.313232
7.675106  0.530721  0.282613  0.860717  0.313403
7.719603  0.530751  0.282658  0.860681  0.313573
7.764357  0.530784  0.282705  0.860537  0.313742
7.809371  0.530820  0.282756  0.860279  0.313909
7.854646  0.530859  0.282809  0.860241  0.314075
7.900183  0.530902  0.282866  0.860319  0.314239
7.945984  0.530948  0.282925  0.860270  0.314401
7.992051  0.530995  0.282987  0.860092  0.314562
8.038385  0.531045  0.283053  0.859934  0.314720
8.084987  0.531097  0.283121  0.860113  0.314876
8.131860  0.531152  0.283192  0.860152  0.315029
8.179004  0.531211  0.283266  0.860048  0.315179
8.226422  0.531274  0.283343  0.859805  0.315327
8.274114  0.531339  0.283423  0.860068  0.315471
8.322083  0.531406  0.283505  0.860191  0.315612
8.370331  0.531475  0.283591  0.860152  0.315749
8.418857  0.531545  0.283680  0.859952  0.315883
8.467666  0.531620  0.283771  0.860168  0.316012
8.516757  0.531698  0.283865  0.860370  0.316137
8.566133  0.531782  0.283962  0.860399  0.316258
8.615795  0.531868  0.284061  0.860254  0.316375
8.665745  0.531956  0.284164  0.860498  0.316486
8.715984  0.532046  0.284269  0.860761  0.316592
8.766515  0.532135  0.284377  0.860812  0.316693
8.817339  0.532230  0.284487  0.860668  0.316788
8.868457  0.532327  0.284599  0.860969  0.316877
8.919872  0.532428  0.284714  0.861249  0.316960
8.971585  0.532532  0.284830  0.861301  0.317036
9.023597  0.532637  0.284950  0.861225  0.317106
9.075911  0.532744  0.285071  0.861560  0.317168
9.128529  0.532853  0.285195  0.861849  0.317223
9.181451  0.532964  0.285320  0.861881  0.317270
9.234681  0.533077  0.285447  0.861934  0.317308
9.288218  0.533192  0.285575  0.862299  0.317338
9.342067  0.533309  0.285705  0.862541  0.317358
9.396227  0.533428  0.285836  0.862525  0.317368
9.450702  0.533548  0.285968  0.862691  0.317368
9.505492  0.533668  0.286100  0.863108  0.317357
9.560600  0.533784  0.286233  0.863266  0.317334
9.616027  0.533905  0.286363  0.863375  0.317297
9.671776  0.534026  0.286495  0.863574  0.317248
9.727848  0.534146  0.286626  0.863960  0.317182
9.784245  0.534265  0.286756  0.864024  0.317098
9.840969  0.534384  0.286884  0.864277  0.316994
9.898022  0.534500  0.287008  0.864596  0.316865
9.955406  0.534610  0.287128  0.864874  0.316706
10.013122  0.534707  0.287241  0.865064  0.316511
10.071173  0.534799  0.287341  0.865287  0.316291
10.129560  0.534892  0.287425  0.865863  0.316043
10.188286  0.534939  0.287475  0.866243  0.315732
10.247353  0.534933  0.287472  0.867009  0.315340
10.306762  0.534769  0.287315  0.868262  0.314713
10.366515  0.534095  0.286690  0.871071  0.313414
10.426615  0.532918  0.285298  0.877536  0.311150
10.487063  0.532182  0.284460  0.881912  0.309818
10.547861  0.531420  0.283561  0.886278  0.308470
10.609012  0.530808  0.282816  0.890261  0.307342
10.670518  0.530351  0.282244  0.893514  0.306449
10.732380  0.530032  0.281829  0.895827  0.305763
10.794601  0.529827  0.281546  0.897402  0.305260
10.857183  0.529714  0.281368  0.898290  0.304898
10.920127  0.529669  0.281273  0.898696  0.304648
10.983436  0.529673  0.281238  0.898595  0.304491
11.047112  0.529714  0.281247  0.898195  0.304413
11.111158  0.529777  0.281286  0.897484  0.304387
11.175575  0.529856  0.281345  0.896597  0.304396
11.240365  0.529940  0.281416  0.895532  0.304454
11.305531  0.530027  0.281493  0.894372  0.304528
11.371074  0.530113  0.281571  0.893229  0.304627
11.436998  0.530196  0.281648  0.892046  0.304739
11.503304  0.530274  0.281723  0.890817  0.304868
11.569994  0.530345  0.281792  0.889536  0.304997
11.637071  0.530406  0.281855  0.888194  0.305147
11.704537  0.530464  0.281912  0.887072  0.305290
11.772394  0.530513  0.281964  0.885892  0.305445
11.840644  0.530555  0.282009  0.884605  0.305606
11.909290  0.530590  0.282048  0.883577  0.305760
11.978334  0.530620  0.282081  0.882442  0.305920
12.047778  0.530645  0.282110  0.881366  0.306090
12.117625  0.530664  0.282134  0.880374  0.306255
12.187876  0.530678  0.282153  0.879333  0.306416
12.258535  0.530687  0.282169  0.878416  0.306583
12.329604  0.530693  0.282181  0.877451  0.306756
12.401085  0.530696  0.282190  0.876587  0.306927
12.472980  0.530696  0.282197  0.875759  0.307096
12.545292  0.530692  0.282201  0.874852  0.307262
12.618023  0.530688  0.282203  0.874167  0.307432
12.691176  0.530682  0.282204  0.873306  0.307603
12.764753  0.530674  0.282204  0.872652  0.307779
12.838756  0.530665  0.282203  0.871988  0.307954
12.913189  0.530654  0.282201  0.871179  0.308128
12.988053  0.530643  0.282198  0.870659  0.308301
13.063351  0.530632  0.282196  0.870052  0.308474
13.139085  0.530621  0.282193  0.869323  0.308646
13.215259  0.530610  0.282190  0.868880  0.308820
13.291874  0.530600  0.282189  0.868382  0.308996
13.368933  0.530588  0.282187  0.867768  0.309171
13.446440  0.530575  0.282186  0.867259  0.309347
13.524395  0.530564  0.282186  0.866869  0.309526
13.602803  0.530554  0.282186  0.866374  0.309704
13.681665  0.530546  0.282188  0.865785  0.309883
13.760984  0.530540  0.282191  0.865503  0.310062
13.840763  0.530533  0.282196  0.865167  0.310240
13.921005  0.530527  0.282202  0.864734  0.310418
14.001711  0.530521  0.282209  0.864209  0.310596
14.082886  0.530519  0.282218  0.864009  0.310774
14.164531  0.530520  0.282228  0.863735  0.310953
14.246650  0.530521  0.282241  0.863364  0.311131
14.329245  0.530524  0.282256  0.862904  0.311309
14.412318  0.530529  0.282273  0.862766  0.311487
14.495874  0.530536  0.282292  0.862570  0.311665
14.579913  0.530544  0.282313  0.862287  0.311842
14.664440  0.530554  0.282336  0.861909  0.312019
14.749457  0.530566  0.282361  0.861721  0.312195
14.834967  0.530580  0.282389  0.861618  0.312371
14.920972  0.530596  0.282419  0.861412  0.312547
15.007476  0.530614  0.282451  0.861109  0.312722
15.094482  0.530636  0.282486  0.860871  0.312896
15.181992  0.530659  0.282523  0.860867  0.313070
15.270009  0.530685  0.282562  0.860768  0.313242
15.358537  0.530712  0.282605  0.860573  0.313412
15.447578  0.530743  0.282650  0.860270  0.313583
15.537135  0.530776  0.282697  0.860282  0.313752
15.627211  0.530812  0.282748  0.860291  0.313920
15.717810  0.530851  0.282801  0.860181  0.314086
15.808933  0.530892  0.282857  0.859954  0.314251
15.900585  0.530936  0.282916  0.859900  0.314413
15.992769  0.530983  0.282978  0.859991  0.314574
16.085487  0.531032  0.283042  0.859966  0.314731
16.178742  0.531084  0.283109  0.859819  0.314885
16.272538  0.531139  0.283180  0.859651  0.315037
16.366878  0.531197  0.283253  0.859868  0.315186
16.461764  0.531257  0.283329  0.859930  0.315331
16.557201  0.531320  0.283407  0.859849  0.315474
16.653191  0.531386  0.283489  0.859630  0.315614
16.749738  0.531454  0.283573  0.859922  0.315751
16.846844  0.531525  0.283660  0.860043  0.315885
16.944514  0.531600  0.283750  0.860030  0.316015
17.042749  0.531677  0.283842  0.859855  0.316140
17.141554  0.531757  0.283937  0.860159  0.316261
17.240932  0.531840  0.284035  0.860368  0.316377
17.340886  0.531926  0.284136  0.860383  0.316487
17.441420  0.532013  0.284240  0.860207  0.316590
17.542536  0.532104  0.284345  0.860570  0.316692
17.644239  0.532197  0.284453  0.860815  0.316787
17.746531  0.532292  0.284564  0.860881  0.316875
17.849416  0.532389  0.284676  0.860728  0.316956
17.952898  0.532489  0.284791  0.861081  0.317033
